Date,Market,Product,Up_price,Mid_price,Low_price,Avg_price,Avg_price_diff,Volume,Volume_diff,Month,Week_day,Year,Rest_day
2000-01-02,台北一,SE6 青蔥 粉蔥 ,30.0,23.0,15.0,26.0,,19594.0,,1,7,2000,0
2000-01-03,台北一,SE6 青蔥 粉蔥 ,35.0,25.0,15.0,26.0,0.0,18924.0,-3.42,1,1,2000,0
2000-01-04,台北一,SE6 青蔥 粉蔥 ,30.0,22.0,14.0,23.5,-9.62,18776.0,-0.78,1,2,2000,0
2000-01-05,台北一,SE6 青蔥 粉蔥 ,25.0,20.0,12.0,19.5,-17.02,20576.0,9.59,1,3,2000,0
2000-01-06,台北一,SE6 青蔥 粉蔥 ,25.0,18.0,10.0,17.8,-8.72,23340.0,13.43,1,4,2000,0
2000-01-07,台北一,SE6 青蔥 粉蔥 ,21.0,15.0,8.0,14.4,-19.1,22008.0,-5.71,1,5,2000,0
2000-01-08,台北一,SE6 青蔥 粉蔥 ,25.0,18.0,10.0,18.7,29.86,26058.0,18.4,1,6,2000,0
2000-01-09,台北一,SE6 青蔥 粉蔥 ,,,,,,,,1,7,2000,1
2000-01-10,台北一,SE6 青蔥 粉蔥 ,28.0,20.0,12.0,20.3,8.56,21710.0,-16.69,1,1,2000,0
2000-01-11,台北一,SE6 青蔥 粉蔥 ,28.0,20.0,10.0,17.4,-14.29,21194.0,-2.38,1,2,2000,0
2000-01-12,台北一,SE6 青蔥 粉蔥 ,22.0,16.0,10.0,11.1,-36.21,26322.0,24.2,1,3,2000,0
2000-01-13,台北一,SE6 青蔥 粉蔥 ,20.0,13.0,6.0,12.3,10.81,22757.0,-13.54,1,4,2000,0
2000-01-14,台北一,SE6 青蔥 粉蔥 ,20.0,13.0,6.0,14.1,14.63,22976.0,0.96,1,5,2000,0
2000-01-15,台北一,SE6 青蔥 粉蔥 ,25.0,17.0,8.0,17.9,26.95,29824.0,29.81,1,6,2000,0
2000-01-16,台北一,SE6 青蔥 粉蔥 ,,,,,,,,1,7,2000,1
2000-01-17,台北一,SE6 青蔥 粉蔥 ,25.0,18.0,8.0,14.6,-18.44,30494.0,2.25,1,1,2000,0
2000-01-18,台北一,SE6 青蔥 粉蔥 ,20.0,14.0,7.0,12.9,-11.64,27550.0,-9.65,1,2,2000,0
2000-01-19,台北一,SE6 青蔥 粉蔥 ,15.0,10.0,5.0,11.9,-7.75,29797.0,8.16,1,3,2000,0
2000-01-20,台北一,SE6 青蔥 粉蔥 ,18.0,12.0,6.0,12.4,4.2,26487.0,-11.11,1,4,2000,0
2000-01-21,台北一,SE6 青蔥 粉蔥 ,20.0,13.0,6.0,15.0,20.97,28862.0,8.97,1,5,2000,0
2000-01-22,台北一,SE6 青蔥 粉蔥 ,22.0,15.0,8.0,15.6,4.0,32720.0,13.37,1,6,2000,0
2000-01-23,台北一,SE6 青蔥 粉蔥 ,,,,,,,,1,7,2000,1
2000-01-24,台北一,SE6 青蔥 粉蔥 ,20.0,14.0,8.0,12.6,-19.23,28941.0,-11.55,1,1,2000,0
2000-01-25,台北一,SE6 青蔥 粉蔥 ,17.0,12.0,6.0,10.5,-16.67,28077.0,-2.99,1,2,2000,0
2000-01-26,台北一,SE6 青蔥 粉蔥 ,15.0,10.0,5.0,9.5,-9.52,25821.0,-8.04,1,3,2000,0
2000-01-27,台北一,SE6 青蔥 粉蔥 ,20.0,13.0,6.0,13.6,43.16,23013.0,-10.87,1,4,2000,0
2000-01-28,台北一,SE6 青蔥 粉蔥 ,20.0,14.0,8.0,14.9,9.56,25276.0,9.83,1,5,2000,0
2000-01-29,台北一,SE6 青蔥 粉蔥 ,24.0,16.0,8.0,16.5,10.74,29581.0,17.03,1,6,2000,0
2000-01-30,台北一,SE6 青蔥 粉蔥 ,23.0,16.0,8.0,15.4,-6.67,35961.0,21.57,1,7,2000,0
2000-01-31,台北一,SE6 青蔥 粉蔥 ,22.0,15.0,8.0,14.5,-5.84,32043.0,-10.9,1,1,2000,0
2000-02-01,台北一,SE6 青蔥 粉蔥 ,24.0,17.0,10.0,15.4,6.21,42729.0,33.35,2,2,2000,0
2000-02-02,台北一,SE6 青蔥 粉蔥 ,25.0,18.0,10.0,14.1,-8.44,56889.0,33.14,2,3,2000,0
2000-02-03,台北一,SE6 青蔥 粉蔥 ,25.0,15.0,5.0,11.0,-21.99,77599.0,36.4,2,4,2000,0
2000-02-04,台北一,SE6 青蔥 粉蔥 ,15.0,10.0,5.0,8.4,-23.64,41743.0,-46.21,2,5,2000,0
2000-02-05,台北一,SE6 青蔥 粉蔥 ,,,,,,,,2,6,2000,1
2000-02-06,台北一,SE6 青蔥 粉蔥 ,,,,,,,,2,7,2000,1
2000-02-07,台北一,SE6 青蔥 粉蔥 ,,,,,,,,2,1,2000,1
2000-02-08,台北一,SE6 青蔥 粉蔥 ,,,,,,,,2,2,2000,1
2000-02-09,台北一,SE6 青蔥 粉蔥 ,,,,,,,,2,3,2000,1
2000-02-10,台北一,SE6 青蔥 粉蔥 ,30.0,22.0,12.0,23.6,180.95,19310.0,-53.74,2,4,2000,0
2000-02-11,台北一,SE6 青蔥 粉蔥 ,35.0,25.0,15.0,26.7,13.14,21255.0,10.07,2,5,2000,0
2000-02-12,台北一,SE6 青蔥 粉蔥 ,30.0,20.0,10.0,18.5,-30.71,30661.0,44.25,2,6,2000,0
2000-02-13,台北一,SE6 青蔥 粉蔥 ,30.0,20.0,8.0,19.6,5.95,32226.0,5.1,2,7,2000,0
2000-02-14,台北一,SE6 青蔥 粉蔥 ,,,,,,,,2,1,2000,1
2000-02-15,台北一,SE6 青蔥 粉蔥 ,20.0,14.0,8.0,15.4,-21.43,36471.0,13.17,2,2,2000,0
2000-02-16,台北一,SE6 青蔥 粉蔥 ,18.0,12.0,6.0,8.7,-43.51,35002.0,-4.03,2,3,2000,0
2000-02-17,台北一,SE6 青蔥 粉蔥 ,13.0,9.0,4.0,8.5,-2.3,28910.0,-17.4,2,4,2000,0
2000-02-18,台北一,SE6 青蔥 粉蔥 ,12.0,8.0,4.0,9.1,7.06,28768.0,-0.49,2,5,2000,0
2000-02-19,台北一,SE6 青蔥 粉蔥 ,25.0,18.0,8.0,15.6,71.43,34467.0,19.81,2,6,2000,0
2000-02-20,台北一,SE6 青蔥 粉蔥 ,,,,,,,,2,7,2000,1
2000-02-21,台北一,SE6 青蔥 粉蔥 ,,,,,,,,2,1,2000,1
2000-02-22,台北一,SE6 青蔥 粉蔥 ,30.0,20.0,10.0,21.5,37.82,27453.0,-20.35,2,2,2000,0
2000-02-23,台北一,SE6 青蔥 粉蔥 ,32.0,22.0,10.0,21.0,-2.33,25164.0,-8.34,2,3,2000,0
2000-02-24,台北一,SE6 青蔥 粉蔥 ,30.0,20.0,10.0,18.1,-13.81,28094.0,11.64,2,4,2000,0
2000-02-25,台北一,SE6 青蔥 粉蔥 ,24.0,15.0,6.0,12.7,-29.83,27515.0,-2.06,2,5,2000,0
2000-02-26,台北一,SE6 青蔥 粉蔥 ,24.0,16.0,8.0,14.4,13.39,27168.0,-1.26,2,6,2000,0
2000-02-27,台北一,SE6 青蔥 粉蔥 ,30.0,20.0,10.0,19.5,35.42,24978.0,-8.06,2,7,2000,0
2000-02-28,台北一,SE6 青蔥 粉蔥 ,35.0,27.0,18.0,26.7,36.92,31339.0,25.47,2,1,2000,0
2000-02-29,台北一,SE6 青蔥 粉蔥 ,,,,,,,,2,2,2000,1
2000-03-01,台北一,SE6 青蔥 粉蔥 ,30.0,22.0,12.0,21.4,-19.85,37829.0,20.71,3,3,2000,0
2000-03-02,台北一,SE6 青蔥 粉蔥 ,30.0,20.0,10.0,17.0,-20.56,11682.0,-69.12,3,4,2000,0
2000-03-03,台北一,SE6 青蔥 粉蔥 ,28.0,18.0,8.0,16.9,-0.59,32683.0,179.77,3,5,2000,0
2000-03-04,台北一,SE6 青蔥 粉蔥 ,25.0,17.0,8.0,16.8,-0.59,33478.0,2.43,3,6,2000,0
2000-03-05,台北一,SE6 青蔥 粉蔥 ,30.0,20.0,8.0,17.3,2.98,34032.0,1.65,3,7,2000,0
2000-03-06,台北一,SE6 青蔥 粉蔥 ,25.0,18.0,8.0,16.4,-5.2,33042.0,-2.91,3,1,2000,0
2000-03-07,台北一,SE6 青蔥 粉蔥 ,30.0,20.0,10.0,18.9,15.24,37955.0,14.87,3,2,2000,0
2000-03-08,台北一,SE6 青蔥 粉蔥 ,,,,,,,,3,3,2000,1
2000-03-09,台北一,SE6 青蔥 粉蔥 ,25.0,18.0,10.0,19.0,0.53,32721.0,-13.79,3,4,2000,0
2000-03-10,台北一,SE6 青蔥 粉蔥 ,25.0,18.0,10.0,19.8,4.21,28498.0,-12.91,3,5,2000,0
2000-03-11,台北一,SE6 青蔥 粉蔥 ,28.0,22.0,12.0,20.0,1.01,31754.0,11.43,3,6,2000,0
2000-03-12,台北一,SE6 青蔥 粉蔥 ,26.0,20.0,12.0,18.4,-8.0,32763.0,3.18,3,7,2000,0
2000-03-13,台北一,SE6 青蔥 粉蔥 ,25.0,18.0,10.0,19.0,3.26,27978.0,-14.6,3,1,2000,0
2000-03-14,台北一,SE6 青蔥 粉蔥 ,26.0,19.0,12.0,20.3,6.84,33667.0,20.33,3,2,2000,0
2000-03-15,台北一,SE6 青蔥 粉蔥 ,,,,,,,,3,3,2000,1
2000-03-16,台北一,SE6 青蔥 粉蔥 ,28.0,20.0,12.0,19.7,-2.96,31135.0,-7.52,3,4,2000,0
2000-03-17,台北一,SE6 青蔥 粉蔥 ,25.0,17.0,7.0,18.2,-7.61,31193.0,0.19,3,5,2000,0
2000-03-18,台北一,SE6 青蔥 粉蔥 ,25.0,18.0,10.0,19.0,4.4,29524.0,-5.35,3,6,2000,0
2000-03-19,台北一,SE6 青蔥 粉蔥 ,26.0,19.0,12.0,19.1,0.53,31044.0,5.15,3,7,2000,0
2000-03-20,台北一,SE6 青蔥 粉蔥 ,28.0,20.0,12.0,20.8,8.9,27534.0,-11.31,3,1,2000,0
2000-03-21,台北一,SE6 青蔥 粉蔥 ,30.0,22.0,14.0,22.7,9.13,33697.0,22.38,3,2,2000,0
2000-03-22,台北一,SE6 青蔥 粉蔥 ,,,,,,,,3,3,2000,1
2000-03-23,台北一,SE6 青蔥 粉蔥 ,25.0,18.0,10.0,20.2,-11.01,35444.0,5.18,3,4,2000,0
2000-03-24,台北一,SE6 青蔥 粉蔥 ,25.0,18.0,10.0,18.9,-6.44,29242.0,-17.5,3,5,2000,0
2000-03-25,台北一,SE6 青蔥 粉蔥 ,25.0,18.0,10.0,20.0,5.82,31192.0,6.67,3,6,2000,0
2000-03-26,台北一,SE6 青蔥 粉蔥 ,30.0,20.0,10.0,21.2,6.0,31227.0,0.11,3,7,2000,0
2000-03-27,台北一,SE6 青蔥 粉蔥 ,32.0,24.0,15.0,23.1,8.96,26805.0,-14.16,3,1,2000,0
2000-03-28,台北一,SE6 青蔥 粉蔥 ,28.0,20.0,12.0,20.6,-10.82,28972.0,8.08,3,2,2000,0
2000-03-29,台北一,SE6 青蔥 粉蔥 ,25.0,19.0,12.0,19.8,-3.88,36475.0,25.9,3,3,2000,0
2000-03-30,台北一,SE6 青蔥 粉蔥 ,,,,,,,,3,4,2000,1
2000-03-31,台北一,SE6 青蔥 粉蔥 ,25.0,18.0,10.0,19.6,-1.01,31763.0,-12.92,3,5,2000,0
2000-04-01,台北一,SE6 青蔥 粉蔥 ,25.0,18.0,10.0,19.5,-0.51,31990.0,0.71,4,6,2000,0
2000-04-02,台北一,SE6 青蔥 粉蔥 ,28.0,20.0,10.0,19.0,-2.56,32797.0,2.52,4,7,2000,0
2000-04-03,台北一,SE6 青蔥 粉蔥 ,30.0,22.0,12.0,22.4,17.89,34325.0,4.66,4,1,2000,0
2000-04-04,台北一,SE6 青蔥 粉蔥 ,,,,,,,,4,2,2000,1
2000-04-05,台北一,SE6 青蔥 粉蔥 ,,,,,,,,4,3,2000,1
2000-04-06,台北一,SE6 青蔥 粉蔥 ,28.0,20.0,12.0,21.3,-4.91,31785.0,-7.4,4,4,2000,0
2000-04-07,台北一,SE6 青蔥 粉蔥 ,25.0,18.0,10.0,19.1,-10.33,29873.0,-6.02,4,5,2000,0
2000-04-08,台北一,SE6 青蔥 粉蔥 ,25.0,18.0,10.0,17.4,-8.9,29122.0,-2.51,4,6,2000,0
2000-04-09,台北一,SE6 青蔥 粉蔥 ,25.0,18.0,10.0,17.6,1.15,26450.0,-9.18,4,7,2000,0
2000-04-10,台北一,SE6 青蔥 粉蔥 ,25.0,18.0,10.0,17.1,-2.84,26744.0,1.11,4,1,2000,0
2000-04-11,台北一,SE6 青蔥 粉蔥 ,25.0,18.0,10.0,17.8,4.09,22387.0,-16.29,4,2,2000,0
2000-04-12,台北一,SE6 青蔥 粉蔥 ,25.0,18.0,10.0,18.5,3.93,23871.0,6.63,4,3,2000,0
2000-04-13,台北一,SE6 青蔥 粉蔥 ,28.0,20.0,12.0,20.4,10.27,27046.0,13.3,4,4,2000,0
2000-04-14,台北一,SE6 青蔥 粉蔥 ,,,,,,,,4,5,2000,1
2000-04-15,台北一,SE6 青蔥 粉蔥 ,25.0,18.0,10.0,20.7,1.47,26060.0,-3.65,4,6,2000,0
2000-04-16,台北一,SE6 青蔥 粉蔥 ,28.0,21.0,13.0,23.0,11.11,23764.0,-8.81,4,7,2000,0
2000-04-17,台北一,SE6 青蔥 粉蔥 ,30.0,23.0,15.0,22.4,-2.61,25991.0,9.37,4,1,2000,0
2000-04-18,台北一,SE6 青蔥 粉蔥 ,30.0,23.0,15.0,24.1,7.59,23589.0,-9.24,4,2,2000,0
2000-04-19,台北一,SE6 青蔥 粉蔥 ,28.0,21.0,13.0,21.8,-9.54,29630.0,25.61,4,3,2000,0
2000-04-20,台北一,SE6 青蔥 粉蔥 ,30.0,20.0,10.0,20.0,-8.26,35382.0,19.41,4,4,2000,0
2000-04-21,台北一,SE6 青蔥 粉蔥 ,,,,,,,,4,5,2000,1
2000-04-22,台北一,SE6 青蔥 粉蔥 ,28.0,20.0,12.0,19.6,-2.0,31635.0,-10.59,4,6,2000,0
2000-04-23,台北一,SE6 青蔥 粉蔥 ,28.0,20.0,12.0,17.2,-12.24,29003.0,-8.32,4,7,2000,0
2000-04-24,台北一,SE6 青蔥 粉蔥 ,25.0,18.0,10.0,16.3,-5.23,24616.0,-15.13,4,1,2000,0
2000-04-25,台北一,SE6 青蔥 粉蔥 ,22.0,16.0,8.0,14.3,-12.27,22855.0,-7.15,4,2,2000,0
2000-04-26,台北一,SE6 青蔥 粉蔥 ,22.0,15.0,8.0,15.9,11.19,22253.0,-2.63,4,3,2000,0
2000-04-27,台北一,SE6 青蔥 粉蔥 ,23.0,17.0,10.0,16.8,5.66,23773.0,6.83,4,4,2000,0
2000-04-28,台北一,SE6 青蔥 粉蔥 ,30.0,23.0,13.0,22.1,31.55,22413.0,-5.72,4,5,2000,0
2000-04-29,台北一,SE6 青蔥 粉蔥 ,,,,,,,,4,6,2000,1
2000-04-30,台北一,SE6 青蔥 粉蔥 ,30.0,23.0,13.0,21.0,-4.98,26904.0,20.04,4,7,2000,0
2000-05-01,台北一,SE6 青蔥 粉蔥 ,27.0,20.0,10.0,18.9,-10.0,26580.0,-1.2,5,1,2000,0
2000-05-02,台北一,SE6 青蔥 粉蔥 ,27.0,20.0,10.0,19.0,0.53,24480.0,-7.9,5,2,2000,0
2000-05-03,台北一,SE6 青蔥 粉蔥 ,27.0,21.0,13.0,21.1,11.05,23373.0,-4.52,5,3,2000,0
2000-05-04,台北一,SE6 青蔥 粉蔥 ,30.0,23.0,15.0,23.2,9.95,23985.0,2.62,5,4,2000,0
2000-05-05,台北一,SE6 青蔥 粉蔥 ,30.0,21.0,12.0,21.1,-9.05,30066.0,25.35,5,5,2000,0
2000-05-06,台北一,SE6 青蔥 粉蔥 ,,,,,,,,5,6,2000,1
2000-05-07,台北一,SE6 青蔥 粉蔥 ,25.0,18.0,10.0,21.0,-0.47,27334.0,-9.09,5,7,2000,0
2000-05-08,台北一,SE6 青蔥 粉蔥 ,27.0,20.0,10.0,21.4,1.9,25000.0,-8.54,5,1,2000,0
2000-05-09,台北一,SE6 青蔥 粉蔥 ,27.0,21.0,14.0,20.8,-2.8,24110.0,-3.56,5,2,2000,0
2000-05-10,台北一,SE6 青蔥 粉蔥 ,28.0,22.0,15.0,21.8,4.81,23629.0,-2.0,5,3,2000,0
2000-05-11,台北一,SE6 青蔥 粉蔥 ,30.0,23.0,15.0,21.1,-3.21,26422.0,11.82,5,4,2000,0
2000-05-12,台北一,SE6 青蔥 粉蔥 ,33.0,25.0,18.0,22.9,8.53,29264.0,10.76,5,5,2000,0
2000-05-13,台北一,SE6 青蔥 粉蔥 ,,,,,,,,5,6,2000,1
2000-05-14,台北一,SE6 青蔥 粉蔥 ,30.0,23.0,15.0,22.1,-3.49,20273.0,-30.72,5,7,2000,0
2000-05-15,台北一,SE6 青蔥 粉蔥 ,27.0,20.0,13.0,20.0,-9.5,22226.0,9.63,5,1,2000,0
2000-05-16,台北一,SE6 青蔥 粉蔥 ,25.0,18.0,10.0,16.8,-16.0,23945.0,7.73,5,2,2000,0
2000-05-17,台北一,SE6 青蔥 粉蔥 ,23.0,17.0,10.0,16.0,-4.76,23790.0,-0.65,5,3,2000,0
2000-05-18,台北一,SE6 青蔥 粉蔥 ,25.0,19.0,12.0,17.4,8.75,21184.0,-10.95,5,4,2000,0
2000-05-19,台北一,SE6 青蔥 粉蔥 ,32.0,24.0,15.0,21.5,23.56,22516.0,6.29,5,5,2000,0
2000-05-20,台北一,SE6 青蔥 粉蔥 ,,,,,,,,5,6,2000,1
2000-05-21,台北一,SE6 青蔥 粉蔥 ,30.0,23.0,15.0,22.6,5.12,22483.0,-0.15,5,7,2000,0
2000-05-22,台北一,SE6 青蔥 粉蔥 ,28.0,21.0,13.0,21.2,-6.19,22171.0,-1.39,5,1,2000,0
2000-05-23,台北一,SE6 青蔥 粉蔥 ,28.0,22.0,15.0,20.5,-3.3,21723.0,-2.02,5,2,2000,0
2000-05-24,台北一,SE6 青蔥 粉蔥 ,27.0,20.0,12.0,20.4,-0.49,19811.0,-8.8,5,3,2000,0
2000-05-25,台北一,SE6 青蔥 粉蔥 ,25.0,18.0,10.0,19.0,-6.86,17599.0,-11.17,5,4,2000,0
2000-05-26,台北一,SE6 青蔥 粉蔥 ,25.0,20.0,14.0,20.2,6.32,18433.0,4.74,5,5,2000,0
2000-05-27,台北一,SE6 青蔥 粉蔥 ,27.0,22.0,15.0,21.9,8.42,22535.0,22.25,5,6,2000,0
2000-05-28,台北一,SE6 青蔥 粉蔥 ,,,,,,,,5,7,2000,1
2000-05-29,台北一,SE6 青蔥 粉蔥 ,30.0,23.0,15.0,21.5,-1.83,21094.0,-6.39,5,1,2000,0
2000-05-30,台北一,SE6 青蔥 粉蔥 ,28.0,20.0,10.0,19.2,-10.7,19310.0,-8.46,5,2,2000,0
2000-05-31,台北一,SE6 青蔥 粉蔥 ,25.0,18.0,10.0,16.8,-12.5,18607.0,-3.64,5,3,2000,0
2000-06-01,台北一,SE6 青蔥 粉蔥 ,22.0,18.0,13.0,16.5,-1.79,16984.0,-8.72,6,4,2000,0
2000-06-02,台北一,SE6 青蔥 粉蔥 ,22.0,17.0,12.0,15.9,-3.64,16516.0,-2.76,6,5,2000,0
2000-06-03,台北一,SE6 青蔥 粉蔥 ,22.0,16.0,10.0,16.0,0.63,17724.0,7.31,6,6,2000,0
2000-06-04,台北一,SE6 青蔥 粉蔥 ,20.0,15.0,10.0,15.8,-1.25,15374.0,-13.26,6,7,2000,0
2000-06-05,台北一,SE6 青蔥 粉蔥 ,20.0,15.0,10.0,15.7,-0.63,16401.0,6.68,6,1,2000,0
2000-06-06,台北一,SE6 青蔥 粉蔥 ,36.0,26.0,15.0,22.0,40.13,15570.0,-5.07,6,2,2000,0
2000-06-07,台北一,SE6 青蔥 粉蔥 ,,,,,,,,6,3,2000,1
2000-06-08,台北一,SE6 青蔥 粉蔥 ,,,,,,,,6,4,2000,1
2000-06-09,台北一,SE6 青蔥 粉蔥 ,28.0,20.0,12.0,21.6,-1.82,15368.0,-1.3,6,5,2000,0
2000-06-10,台北一,SE6 青蔥 粉蔥 ,28.0,22.0,15.0,22.9,6.02,13467.0,-12.37,6,6,2000,0
2000-06-11,台北一,SE6 青蔥 粉蔥 ,28.0,23.0,18.0,21.8,-4.8,13123.0,-2.55,6,7,2000,0
2000-06-12,台北一,SE6 青蔥 粉蔥 ,25.0,20.0,15.0,19.4,-11.01,13491.0,2.8,6,1,2000,0
2000-06-13,台北一,SE6 青蔥 粉蔥 ,23.0,18.0,12.0,16.9,-12.89,12826.0,-4.93,6,2,2000,0
2000-06-14,台北一,SE6 青蔥 粉蔥 ,25.0,19.0,12.0,21.0,24.26,5039.0,-60.71,6,3,2000,0
2000-06-15,台北一,SE6 青蔥 粉蔥 ,28.0,22.0,15.0,24.4,16.19,8485.0,68.39,6,4,2000,0
2000-06-16,台北一,SE6 青蔥 粉蔥 ,32.0,25.0,18.0,24.7,1.23,11131.0,31.18,6,5,2000,0
2000-06-17,台北一,SE6 青蔥 粉蔥 ,28.0,22.0,16.0,22.9,-7.29,14511.0,30.37,6,6,2000,0
2000-06-18,台北一,SE6 青蔥 粉蔥 ,,,,,,,,6,7,2000,1
2000-06-19,台北一,SE6 青蔥 粉蔥 ,22.5,18.2,9.9,17.4,-24.02,15607.0,7.55,6,1,2000,0
2000-06-20,台北一,SE6 青蔥 粉蔥 ,25.0,18.0,8.0,16.6,-4.6,14598.0,-6.47,6,2,2000,0
2000-06-21,台北一,SE6 青蔥 粉蔥 ,20.0,13.0,6.0,15.8,-4.82,14430.0,-1.15,6,3,2000,0
2000-06-22,台北一,SE6 青蔥 粉蔥 ,20.0,15.0,8.0,16.2,2.53,12479.0,-13.52,6,4,2000,0
2000-06-23,台北一,SE6 青蔥 粉蔥 ,25.0,18.0,10.0,16.6,2.47,11441.0,-8.32,6,5,2000,0
2000-06-24,台北一,SE6 青蔥 粉蔥 ,36.0,26.0,16.0,24.0,44.58,10276.0,-10.18,6,6,2000,0
2000-06-25,台北一,SE6 青蔥 粉蔥 ,36.0,28.0,20.0,27.4,14.17,13902.0,35.29,6,7,2000,0
2000-06-26,台北一,SE6 青蔥 粉蔥 ,,,,,,,,6,1,2000,1
2000-06-27,台北一,SE6 青蔥 粉蔥 ,30.0,25.0,18.0,21.7,-20.8,13747.0,-1.11,6,2,2000,0
2000-06-28,台北一,SE6 青蔥 粉蔥 ,22.0,16.0,10.0,17.6,-18.89,12622.0,-8.18,6,3,2000,0
2000-06-29,台北一,SE6 青蔥 粉蔥 ,23.0,17.0,10.0,15.7,-10.8,12445.0,-1.4,6,4,2000,0
2000-06-30,台北一,SE6 青蔥 粉蔥 ,22.0,16.0,10.0,19.8,26.11,8146.0,-34.54,6,5,2000,0
2000-07-01,台北一,SE6 青蔥 粉蔥 ,26.0,20.0,12.0,16.2,-18.18,11314.0,38.89,7,6,2000,0
2000-07-02,台北一,SE6 青蔥 粉蔥 ,22.0,16.0,10.0,14.9,-8.02,12928.0,14.27,7,7,2000,0
2000-07-03,台北一,SE6 青蔥 粉蔥 ,20.0,15.0,10.0,14.6,-2.01,15233.0,17.83,7,1,2000,0
2000-07-04,台北一,SE6 青蔥 粉蔥 ,,,,,,,,7,2,2000,1
2000-07-05,台北一,SE6 青蔥 粉蔥 ,20.0,15.0,10.0,15.5,6.16,11899.0,-21.89,7,3,2000,0
2000-07-06,台北一,SE6 青蔥 粉蔥 ,22.0,16.0,10.0,15.4,-0.65,10860.0,-8.73,7,4,2000,0
2000-07-07,台北一,SE6 青蔥 粉蔥 ,20.0,15.0,10.0,15.3,-0.65,10900.0,0.37,7,5,2000,0
2000-07-08,台北一,SE6 青蔥 粉蔥 ,20.0,15.0,10.0,16.0,4.58,8310.0,-23.76,7,6,2000,0
2000-07-09,台北一,SE6 青蔥 粉蔥 ,22.0,17.0,12.0,18.4,15.0,9397.0,13.08,7,7,2000,0
2000-07-10,台北一,SE6 青蔥 粉蔥 ,25.0,20.0,15.0,21.7,17.93,8837.0,-5.96,7,1,2000,0
2000-07-11,台北一,SE6 青蔥 粉蔥 ,,,,,,,,7,2,2000,1
2000-07-12,台北一,SE6 青蔥 粉蔥 ,18.5,14.6,8.9,14.3,-34.1,11630.0,31.61,7,3,2000,0
2000-07-13,台北一,SE6 青蔥 粉蔥 ,16.0,12.8,7.0,12.3,-13.99,12028.0,3.42,7,4,2000,0
2000-07-14,台北一,SE6 青蔥 粉蔥 ,20.0,14.0,8.0,12.8,4.07,12903.0,7.27,7,5,2000,0
2000-07-15,台北一,SE6 青蔥 粉蔥 ,20.0,13.0,6.0,13.1,2.34,10422.0,-19.23,7,6,2000,0
2000-07-16,台北一,SE6 青蔥 粉蔥 ,20.0,15.0,10.0,16.1,22.9,9549.0,-8.38,7,7,2000,0
2000-07-17,台北一,SE6 青蔥 粉蔥 ,30.0,20.0,10.0,23.8,47.83,11212.0,17.42,7,1,2000,0
2000-07-18,台北一,SE6 青蔥 粉蔥 ,,,,,,,,7,2,2000,1
2000-07-19,台北一,SE6 青蔥 粉蔥 ,28.0,21.0,14.0,22.9,-3.78,10668.0,-4.85,7,3,2000,0
2000-07-20,台北一,SE6 青蔥 粉蔥 ,32.0,24.0,15.0,24.3,6.11,9961.0,-6.63,7,4,2000,0
2000-07-21,台北一,SE6 青蔥 粉蔥 ,35.0,25.0,15.0,21.1,-13.17,10829.0,8.71,7,5,2000,0
2000-07-22,台北一,SE6 青蔥 粉蔥 ,32.0,23.0,15.0,19.3,-8.53,10903.0,0.68,7,6,2000,0
2000-07-23,台北一,SE6 青蔥 粉蔥 ,25.0,20.0,13.0,17.2,-10.88,11115.0,1.94,7,7,2000,0
2000-07-24,台北一,SE6 青蔥 粉蔥 ,26.0,20.0,12.0,20.6,19.77,11120.0,0.04,7,1,2000,0
2000-07-25,台北一,SE6 青蔥 粉蔥 ,32.0,24.0,16.0,24.2,17.48,12626.0,13.54,7,2,2000,0
2000-07-26,台北一,SE6 青蔥 粉蔥 ,,,,,,,,7,3,2000,1
2000-07-27,台北一,SE6 青蔥 粉蔥 ,28.0,22.0,14.0,21.0,-13.22,12188.0,-3.47,7,4,2000,0
2000-07-28,台北一,SE6 青蔥 粉蔥 ,28.0,20.0,12.0,18.5,-11.9,13687.0,12.3,7,5,2000,0
2000-07-29,台北一,SE6 青蔥 粉蔥 ,28.0,20.0,12.0,17.9,-3.24,13409.0,-2.03,7,6,2000,0
2000-07-30,台北一,SE6 青蔥 粉蔥 ,30.0,20.0,10.0,19.6,9.5,12735.0,-5.03,7,7,2000,0
2000-07-31,台北一,SE6 青蔥 粉蔥 ,25.0,18.0,10.0,18.0,-8.16,14635.0,14.92,7,1,2000,0
2000-08-01,台北一,SE6 青蔥 粉蔥 ,23.0,15.0,7.0,15.4,-14.44,14630.0,-0.03,8,2,2000,0
2000-08-02,台北一,SE6 青蔥 粉蔥 ,,,,,,,,8,3,2000,1
2000-08-03,台北一,SE6 青蔥 粉蔥 ,25.0,18.0,8.0,15.3,-0.65,13473.0,-7.91,8,4,2000,0
2000-08-04,台北一,SE6 青蔥 粉蔥 ,22.0,15.0,8.0,14.5,-5.23,11851.0,-12.04,8,5,2000,0
2000-08-05,台北一,SE6 青蔥 粉蔥 ,25.0,18.0,8.0,16.7,15.17,10210.0,-13.85,8,6,2000,0
2000-08-06,台北一,SE6 青蔥 粉蔥 ,25.0,18.0,10.0,18.6,11.38,10348.0,1.35,8,7,2000,0
2000-08-07,台北一,SE6 青蔥 粉蔥 ,30.0,20.0,10.0,19.4,4.3,11415.0,10.31,8,1,2000,0
2000-08-08,台北一,SE6 青蔥 粉蔥 ,32.0,22.0,12.0,22.8,17.53,11225.0,-1.66,8,2,2000,0
2000-08-09,台北一,SE6 青蔥 粉蔥 ,,,,,,,,8,3,2000,1
2000-08-10,台北一,SE6 青蔥 粉蔥 ,30.0,20.0,10.0,18.2,-20.18,13073.0,16.46,8,4,2000,0
2000-08-11,台北一,SE6 青蔥 粉蔥 ,25.0,16.0,7.0,15.7,-13.74,13200.0,0.97,8,5,2000,0
2000-08-12,台北一,SE6 青蔥 粉蔥 ,30.0,20.0,10.0,14.5,-7.64,12748.0,-3.42,8,6,2000,0
2000-08-13,台北一,SE6 青蔥 粉蔥 ,22.0,16.0,10.0,17.3,19.31,14142.0,10.94,8,7,2000,0
2000-08-14,台北一,SE6 青蔥 粉蔥 ,25.0,18.0,10.0,19.3,11.56,14115.0,-0.19,8,1,2000,0
2000-08-15,台北一,SE6 青蔥 粉蔥 ,,,,,,,,8,2,2000,1
2000-08-16,台北一,SE6 青蔥 粉蔥 ,,,,,,,,8,3,2000,1
2000-08-17,台北一,SE6 青蔥 粉蔥 ,25.0,18.0,10.0,18.4,-4.66,12009.0,-14.92,8,4,2000,0
2000-08-18,台北一,SE6 青蔥 粉蔥 ,25.0,20.0,15.0,17.4,-5.43,11790.0,-1.82,8,5,2000,0
2000-08-19,台北一,SE6 青蔥 粉蔥 ,25.0,18.0,10.0,14.2,-18.39,12452.0,5.61,8,6,2000,0
2000-08-20,台北一,SE6 青蔥 粉蔥 ,20.0,14.0,8.0,13.7,-3.52,11961.0,-3.94,8,7,2000,0
2000-08-21,台北一,SE6 青蔥 粉蔥 ,20.0,14.0,8.0,15.4,12.41,10133.0,-15.28,8,1,2000,0
2000-08-22,台北一,SE6 青蔥 粉蔥 ,30.0,23.0,15.0,22.3,44.81,9740.0,-3.88,8,2,2000,0
2000-08-23,台北一,SE6 青蔥 粉蔥 ,35.0,25.0,15.0,21.0,-5.83,10500.0,7.8,8,3,2000,0
2000-08-24,台北一,SE6 青蔥 粉蔥 ,,,,,,,,8,4,2000,1
2000-08-25,台北一,SE6 青蔥 粉蔥 ,45.0,35.0,25.0,38.8,84.76,6050.0,-42.38,8,5,2000,0
2000-08-26,台北一,SE6 青蔥 粉蔥 ,35.0,25.0,15.0,17.8,-54.12,14095.0,132.98,8,6,2000,0
2000-08-27,台北一,SE6 青蔥 粉蔥 ,20.0,13.0,6.0,13.2,-25.84,12437.0,-11.76,8,7,2000,0
2000-08-28,台北一,SE6 青蔥 粉蔥 ,22.0,14.0,6.0,14.1,6.82,8435.0,-32.18,8,1,2000,0
2000-08-29,台北一,SE6 青蔥 粉蔥 ,55.0,40.0,25.0,38.7,174.47,3860.0,-54.24,8,2,2000,0
2000-08-30,台北一,SE6 青蔥 粉蔥 ,45.0,30.0,15.0,31.6,-18.35,6750.0,74.87,8,3,2000,0
2000-08-31,台北一,SE6 青蔥 粉蔥 ,,,,,,,,8,4,2000,1
2000-09-01,台北一,SE6 青蔥 粉蔥 ,35.0,25.0,15.0,21.6,-31.65,7360.0,9.04,9,5,2000,0
2000-09-02,台北一,SE6 青蔥 粉蔥 ,32.0,22.0,10.0,17.0,-21.3,2214.0,-69.92,9,6,2000,0
2000-09-03,台北一,SE6 青蔥 粉蔥 ,30.0,20.0,10.0,22.7,33.53,8916.0,302.71,9,7,2000,0
2000-09-04,台北一,SE6 青蔥 粉蔥 ,35.0,26.0,15.0,28.4,25.11,6225.0,-30.18,9,1,2000,0
2000-09-05,台北一,SE6 青蔥 粉蔥 ,40.0,30.0,20.0,34.1,20.07,5728.0,-7.98,9,2,2000,0
2000-09-06,台北一,SE6 青蔥 粉蔥 ,40.0,30.0,20.0,34.4,0.88,6945.0,21.25,9,3,2000,0
2000-09-07,台北一,SE6 青蔥 粉蔥 ,,,,,,,,9,4,2000,1
2000-09-08,台北一,SE6 青蔥 粉蔥 ,40.0,30.0,20.0,27.0,-21.51,2258.0,-67.49,9,5,2000,0
2000-09-09,台北一,SE6 青蔥 粉蔥 ,45.0,35.0,25.0,35.6,31.85,6007.0,166.03,9,6,2000,0
2000-09-10,台北一,SE6 青蔥 粉蔥 ,55.0,40.0,20.0,37.9,6.46,6942.0,15.57,9,7,2000,0
2000-09-11,台北一,SE6 青蔥 粉蔥 ,40.0,30.0,20.0,25.5,-32.72,9172.0,32.12,9,1,2000,0
2000-09-12,台北一,SE6 青蔥 粉蔥 ,35.0,25.0,15.0,19.8,-22.35,7754.0,-15.46,9,2,2000,0
2000-09-13,台北一,SE6 青蔥 粉蔥 ,,,,,,,,9,3,2000,1
2000-09-14,台北一,SE6 青蔥 粉蔥 ,,,,,,,,9,4,2000,1
2000-09-15,台北一,SE6 青蔥 粉蔥 ,35.0,25.0,15.0,23.0,16.16,4798.0,-38.12,9,5,2000,0
2000-09-16,台北一,SE6 青蔥 粉蔥 ,30.0,23.0,15.0,25.4,10.43,6194.0,29.1,9,6,2000,0
2000-09-17,台北一,SE6 青蔥 粉蔥 ,35.0,25.0,15.0,23.5,-7.48,4039.0,-34.79,9,7,2000,0
2000-09-18,台北一,SE6 青蔥 粉蔥 ,35.0,25.0,15.0,22.2,-5.53,4409.0,9.16,9,1,2000,0
2000-09-19,台北一,SE6 青蔥 粉蔥 ,30.0,22.0,12.0,19.9,-10.36,5140.0,16.58,9,2,2000,0
2000-09-20,台北一,SE6 青蔥 粉蔥 ,30.0,20.0,10.0,21.7,9.05,5236.0,1.87,9,3,2000,0
2000-09-21,台北一,SE6 青蔥 粉蔥 ,30.0,20.0,10.0,17.7,-18.43,8298.0,58.48,9,4,2000,0
2000-09-22,台北一,SE6 青蔥 粉蔥 ,,,,,,,,9,5,2000,1
2000-09-23,台北一,SE6 青蔥 粉蔥 ,28.0,20.0,10.0,18.9,6.78,8030.0,-3.23,9,6,2000,0
2000-09-24,台北一,SE6 青蔥 粉蔥 ,30.0,20.0,10.0,18.7,-1.06,7575.0,-5.67,9,7,2000,0
2000-09-25,台北一,SE6 青蔥 粉蔥 ,28.0,20.0,10.0,20.4,9.09,7460.0,-1.52,9,1,2000,0
2000-09-26,台北一,SE6 青蔥 粉蔥 ,30.0,22.0,12.0,21.6,5.88,7190.0,-3.62,9,2,2000,0
2000-09-27,台北一,SE6 青蔥 粉蔥 ,30.0,22.0,12.0,19.1,-11.57,7810.0,8.62,9,3,2000,0
2000-09-28,台北一,SE6 青蔥 粉蔥 ,30.0,20.0,10.0,20.1,5.24,8159.0,4.47,9,4,2000,0
2000-09-29,台北一,SE6 青蔥 粉蔥 ,30.0,20.0,10.0,21.8,8.46,10239.0,25.49,9,5,2000,0
2000-09-30,台北一,SE6 青蔥 粉蔥 ,,,,,,,,9,6,2000,1
2000-10-01,台北一,SE6 青蔥 粉蔥 ,30.0,22.0,12.0,21.7,-0.46,5173.0,-49.48,10,7,2000,0
2000-10-02,台北一,SE6 青蔥 粉蔥 ,30.0,22.0,12.0,22.4,3.23,8288.0,60.22,10,1,2000,0
2000-10-03,台北一,SE6 青蔥 粉蔥 ,30.0,22.0,12.0,19.7,-12.05,9975.0,20.35,10,2,2000,0
2000-10-04,台北一,SE6 青蔥 粉蔥 ,30.0,20.0,10.0,17.9,-9.14,10326.0,3.52,10,3,2000,0
2000-10-05,台北一,SE6 青蔥 粉蔥 ,28.0,18.0,8.0,18.7,4.47,10943.0,5.98,10,4,2000,0
2000-10-06,台北一,SE6 青蔥 粉蔥 ,30.0,20.0,10.0,18.6,-0.53,11099.0,1.43,10,5,2000,0
2000-10-07,台北一,SE6 青蔥 粉蔥 ,,,,,,,,10,6,2000,1
2000-10-08,台北一,SE6 青蔥 粉蔥 ,30.0,20.0,10.0,19.4,4.3,10027.0,-9.66,10,7,2000,0
2000-10-09,台北一,SE6 青蔥 粉蔥 ,30.0,20.0,10.0,19.2,-1.03,8842.0,-11.82,10,1,2000,0
2000-10-10,台北一,SE6 青蔥 粉蔥 ,30.0,20.0,10.0,13.1,-31.77,3500.0,-60.42,10,2,2000,0
2000-10-11,台北一,SE6 青蔥 粉蔥 ,30.0,20.0,10.0,14.3,9.16,4125.0,17.86,10,3,2000,0
2000-10-12,台北一,SE6 青蔥 粉蔥 ,25.0,18.0,8.0,15.8,10.49,8637.0,109.38,10,4,2000,0
2000-10-13,台北一,SE6 青蔥 粉蔥 ,30.0,20.0,10.0,18.3,15.82,9773.0,13.15,10,5,2000,0
2000-10-14,台北一,SE6 青蔥 粉蔥 ,,,,,,,,10,6,2000,1
2000-10-15,台北一,SE6 青蔥 粉蔥 ,28.0,18.0,8.0,18.8,2.73,8930.0,-8.63,10,7,2000,0
2000-10-16,台北一,SE6 青蔥 粉蔥 ,32.0,22.0,10.0,21.8,15.96,8032.0,-10.06,10,1,2000,0
2000-10-17,台北一,SE6 青蔥 粉蔥 ,30.0,22.0,12.0,20.8,-4.59,8727.0,8.65,10,2,2000,0
2000-10-18,台北一,SE6 青蔥 粉蔥 ,25.0,18.0,8.0,14.7,-29.33,6443.0,-26.17,10,3,2000,0
2000-10-19,台北一,SE6 青蔥 粉蔥 ,24.0,16.0,8.0,19.7,34.01,11530.0,78.95,10,4,2000,0
2000-10-20,台北一,SE6 青蔥 粉蔥 ,30.0,20.0,8.0,18.8,-4.57,10366.0,-10.1,10,5,2000,0
2000-10-21,台北一,SE6 青蔥 粉蔥 ,30.0,20.0,10.0,22.2,18.09,11335.0,9.35,10,6,2000,0
2000-10-22,台北一,SE6 青蔥 粉蔥 ,,,,,,,,10,7,2000,1
2000-10-23,台北一,SE6 青蔥 粉蔥 ,35.0,25.0,15.0,25.1,13.06,12234.0,7.93,10,1,2000,0
2000-10-24,台北一,SE6 青蔥 粉蔥 ,35.0,25.0,15.0,26.1,3.98,14015.0,14.56,10,2,2000,0
2000-10-25,台北一,SE6 青蔥 粉蔥 ,36.0,26.0,16.0,24.1,-7.66,7440.0,-46.91,10,3,2000,0
2000-10-26,台北一,SE6 青蔥 粉蔥 ,36.0,26.0,15.0,23.6,-2.07,15235.0,104.77,10,4,2000,0
2000-10-27,台北一,SE6 青蔥 粉蔥 ,35.0,25.0,15.0,21.4,-9.32,16573.0,8.78,10,5,2000,0
2000-10-28,台北一,SE6 青蔥 粉蔥 ,32.0,22.0,12.0,20.2,-5.61,14787.0,-10.78,10,6,2000,0
2000-10-29,台北一,SE6 青蔥 粉蔥 ,,,,,,,,10,7,2000,1
2000-10-30,台北一,SE6 青蔥 粉蔥 ,35.0,23.0,10.0,21.9,8.42,16521.0,11.73,10,1,2000,0
2000-10-31,台北一,SE6 青蔥 粉蔥 ,32.0,22.0,12.0,18.9,-13.7,13980.0,-15.38,10,2,2000,0
2000-11-01,台北一,SE6 青蔥 粉蔥 ,30.0,20.0,10.0,13.1,-30.69,7303.0,-47.76,11,3,2000,0
2000-11-02,台北一,SE6 青蔥 粉蔥 ,45.0,35.0,25.0,38.3,192.37,5565.0,-23.8,11,4,2000,0
2000-11-03,台北一,SE6 青蔥 粉蔥 ,50.0,35.0,20.0,37.7,-1.57,9167.0,64.73,11,5,2000,0
2000-11-04,台北一,SE6 青蔥 粉蔥 ,60.0,43.0,25.0,38.6,2.39,14803.0,61.48,11,6,2000,0
2000-11-05,台北一,SE6 青蔥 粉蔥 ,,,,,,,,11,7,2000,1
2000-11-06,台北一,SE6 青蔥 粉蔥 ,50.0,35.0,20.0,25.6,-33.68,17826.0,20.42,11,1,2000,0
2000-11-07,台北一,SE6 青蔥 粉蔥 ,35.0,25.0,12.0,22.0,-14.06,15400.0,-13.61,11,2,2000,0
2000-11-08,台北一,SE6 青蔥 粉蔥 ,30.0,20.0,10.0,14.8,-32.73,6180.0,-59.87,11,3,2000,0
2000-11-09,台北一,SE6 青蔥 粉蔥 ,28.0,18.0,8.0,15.7,6.08,5780.0,-6.47,11,4,2000,0
2000-11-10,台北一,SE6 青蔥 粉蔥 ,45.0,30.0,15.0,32.5,107.01,11611.0,100.88,11,5,2000,0
2000-11-11,台北一,SE6 青蔥 粉蔥 ,100.0,75.0,50.0,62.7,92.92,14361.0,23.68,11,6,2000,0
2000-11-12,台北一,SE6 青蔥 粉蔥 ,,,,,,,,11,7,2000,1
2000-11-13,台北一,SE6 青蔥 粉蔥 ,60.0,40.0,20.0,40.6,-35.25,19612.0,36.56,11,1,2000,0
2000-11-14,台北一,SE6 青蔥 粉蔥 ,50.0,35.0,20.0,37.9,-6.65,14575.0,-25.68,11,2,2000,0
2000-11-15,台北一,SE6 青蔥 粉蔥 ,55.0,40.0,25.0,39.6,4.49,12865.0,-11.73,11,3,2000,0
2000-11-16,台北一,SE6 青蔥 粉蔥 ,55.0,40.0,25.0,38.9,-1.77,13231.0,2.84,11,4,2000,0
2000-11-17,台北一,SE6 青蔥 粉蔥 ,60.0,45.0,30.0,40.8,4.88,12229.0,-7.57,11,5,2000,0
2000-11-18,台北一,SE6 青蔥 粉蔥 ,65.0,50.0,35.0,49.6,21.57,12271.0,0.34,11,6,2000,0
2000-11-19,台北一,SE6 青蔥 粉蔥 ,75.0,55.0,35.0,56.0,12.9,17240.0,40.49,11,7,2000,0
2000-11-20,台北一,SE6 青蔥 粉蔥 ,,,,,,,,11,1,2000,1
2000-11-21,台北一,SE6 青蔥 粉蔥 ,60.0,45.0,30.0,46.3,-17.32,14978.0,-13.12,11,2,2000,0
2000-11-22,台北一,SE6 青蔥 粉蔥 ,65.0,45.0,25.0,46.0,-0.65,15202.0,1.5,11,3,2000,0
2000-11-23,台北一,SE6 青蔥 粉蔥 ,70.0,50.0,30.0,52.5,14.13,12198.0,-19.76,11,4,2000,0
2000-11-24,台北一,SE6 青蔥 粉蔥 ,70.0,55.0,35.0,54.6,4.0,11018.0,-9.67,11,5,2000,0
2000-11-25,台北一,SE6 青蔥 粉蔥 ,70.0,55.0,40.0,58.5,7.14,12674.0,15.03,11,6,2000,0
2000-11-26,台北一,SE6 青蔥 粉蔥 ,70.0,55.0,40.0,55.6,-4.96,13754.0,8.52,11,7,2000,0
2000-11-27,台北一,SE6 青蔥 粉蔥 ,70.0,55.0,40.0,54.1,-2.7,14648.0,6.5,11,1,2000,0
2000-11-28,台北一,SE6 青蔥 粉蔥 ,,,,,,,,11,2,2000,1
2000-11-29,台北一,SE6 青蔥 粉蔥 ,75.0,60.0,45.0,60.7,12.2,13261.0,-9.47,11,3,2000,0
2000-11-30,台北一,SE6 青蔥 粉蔥 ,75.0,60.0,45.0,63.5,4.61,12626.0,-4.79,11,4,2000,0
2000-12-01,台北一,SE6 青蔥 粉蔥 ,70.0,60.0,45.0,58.0,-8.66,10605.0,-16.01,12,5,2000,0
2000-12-02,台北一,SE6 青蔥 粉蔥 ,75.0,65.0,50.0,60.2,3.79,14568.0,37.37,12,6,2000,0
2000-12-03,台北一,SE6 青蔥 粉蔥 ,75.0,63.0,50.0,59.2,-1.66,9046.0,-37.9,12,7,2000,0
2000-12-04,台北一,SE6 青蔥 粉蔥 ,70.0,60.0,50.0,59.3,0.17,8886.0,-1.77,12,1,2000,0
2000-12-05,台北一,SE6 青蔥 粉蔥 ,,,,,,,,12,2,2000,1
2000-12-06,台北一,SE6 青蔥 粉蔥 ,75.0,65.0,50.0,60.7,2.36,9116.0,2.59,12,3,2000,0
2000-12-07,台北一,SE6 青蔥 粉蔥 ,70.0,60.0,50.0,58.6,-3.46,7383.0,-19.01,12,4,2000,0
2000-12-08,台北一,SE6 青蔥 粉蔥 ,70.0,60.0,50.0,58.7,0.17,9676.0,31.06,12,5,2000,0
2000-12-09,台北一,SE6 青蔥 粉蔥 ,70.0,60.0,50.0,57.7,-1.7,8506.0,-12.09,12,6,2000,0
2000-12-10,台北一,SE6 青蔥 粉蔥 ,70.0,60.0,45.0,57.4,-0.52,8043.0,-5.44,12,7,2000,0
2000-12-11,台北一,SE6 青蔥 粉蔥 ,70.0,58.0,45.0,56.6,-1.39,9139.0,13.63,12,1,2000,0
2000-12-12,台北一,SE6 青蔥 粉蔥 ,,,,,,,,12,2,2000,1
2000-12-13,台北一,SE6 青蔥 粉蔥 ,70.0,57.0,45.0,57.3,1.24,7265.0,-20.51,12,3,2000,0
2000-12-14,台北一,SE6 青蔥 粉蔥 ,70.0,55.0,40.0,54.5,-4.89,8133.0,11.95,12,4,2000,0
2000-12-15,台北一,SE6 青蔥 粉蔥 ,75.0,65.0,50.0,60.7,11.38,7275.0,-10.55,12,5,2000,0
2000-12-16,台北一,SE6 青蔥 粉蔥 ,70.0,60.0,45.0,55.5,-8.57,9376.0,28.88,12,6,2000,0
2000-12-17,台北一,SE6 青蔥 粉蔥 ,70.0,55.0,40.0,52.8,-4.86,11646.0,24.21,12,7,2000,0
2000-12-18,台北一,SE6 青蔥 粉蔥 ,65.0,50.0,35.0,51.3,-2.84,7836.0,-32.72,12,1,2000,0
2000-12-19,台北一,SE6 青蔥 粉蔥 ,65.0,50.0,35.0,45.7,-10.92,8689.0,10.89,12,2,2000,0
2000-12-20,台北一,SE6 青蔥 粉蔥 ,,,,,,,,12,3,2000,1
2000-12-21,台北一,SE6 青蔥 粉蔥 ,60.0,47.0,35.0,47.1,3.06,5725.0,-34.11,12,4,2000,0
2000-12-22,台北一,SE6 青蔥 粉蔥 ,65.0,50.0,35.0,49.8,5.73,8037.0,40.38,12,5,2000,0
2000-12-23,台北一,SE6 青蔥 粉蔥 ,70.0,55.0,40.0,51.5,3.41,8015.0,-0.27,12,6,2000,0
2000-12-24,台北一,SE6 青蔥 粉蔥 ,65.0,52.0,35.0,49.5,-3.88,8015.0,0.0,12,7,2000,0
2000-12-25,台北一,SE6 青蔥 粉蔥 ,60.0,45.0,30.0,46.2,-6.67,6837.0,-14.7,12,1,2000,0
2000-12-26,台北一,SE6 青蔥 粉蔥 ,65.0,47.0,25.0,46.1,-0.22,7617.0,11.41,12,2,2000,0
2000-12-27,台北一,SE6 青蔥 粉蔥 ,60.0,45.0,25.0,45.5,-1.3,9046.0,18.76,12,3,2000,0
2000-12-28,台北一,SE6 青蔥 粉蔥 ,,,,,,,,12,4,2000,1
2000-12-29,台北一,SE6 青蔥 粉蔥 ,60.0,45.0,30.0,43.0,-5.49,9645.0,6.62,12,5,2000,0
2000-12-30,台北一,SE6 青蔥 粉蔥 ,50.0,40.0,30.0,38.0,-11.63,9250.0,-4.1,12,6,2000,0
2000-12-31,台北一,SE6 青蔥 粉蔥 ,50.0,40.0,25.0,35.4,-6.84,10793.0,16.68,12,7,2000,0
2001-01-01,台北一,SE6 青蔥 粉蔥 ,50.0,37.0,20.0,36.5,3.11,12202.0,13.05,1,1,2001,0
2001-01-02,台北一,SE6 青蔥 粉蔥 ,55.0,40.0,25.0,37.9,3.84,9262.0,-24.09,1,2,2001,0
2001-01-03,台北一,SE6 青蔥 粉蔥 ,55.0,40.0,25.0,40.9,7.92,12601.0,36.05,1,3,2001,0
2001-01-04,台北一,SE6 青蔥 粉蔥 ,,,,,,,,1,4,2001,1
2001-01-05,台北一,SE6 青蔥 粉蔥 ,55.0,40.0,25.0,41.5,1.47,10411.0,-17.38,1,5,2001,0
2001-01-06,台北一,SE6 青蔥 粉蔥 ,55.0,40.0,20.0,40.8,-1.69,9585.0,-7.93,1,6,2001,0
2001-01-07,台北一,SE6 青蔥 粉蔥 ,55.0,40.0,25.0,37.1,-9.07,7180.0,-25.09,1,7,2001,0
2001-01-08,台北一,SE6 青蔥 粉蔥 ,50.0,37.0,22.0,36.8,-0.81,13212.0,84.01,1,1,2001,0
2001-01-09,台北一,SE6 青蔥 粉蔥 ,45.0,33.0,20.0,29.6,-19.57,9407.0,-28.8,1,2,2001,0
2001-01-10,台北一,SE6 青蔥 粉蔥 ,40.0,28.0,15.0,25.3,-14.53,10671.0,13.44,1,3,2001,0
2001-01-11,台北一,SE6 青蔥 粉蔥 ,,,,,,,,1,4,2001,1
2001-01-12,台北一,SE6 青蔥 粉蔥 ,40.0,28.0,15.0,27.1,7.11,12376.0,15.98,1,5,2001,0
2001-01-13,台北一,SE6 青蔥 粉蔥 ,42.0,30.0,18.0,30.1,11.07,22889.0,84.95,1,6,2001,0
2001-01-14,台北一,SE6 青蔥 粉蔥 ,35.0,27.0,20.0,27.1,-9.97,12151.0,-46.91,1,7,2001,0
2001-01-15,台北一,SE6 青蔥 粉蔥 ,35.0,27.0,18.0,24.7,-8.86,14011.0,15.31,1,1,2001,0
2001-01-16,台北一,SE6 青蔥 粉蔥 ,35.0,25.0,15.0,21.9,-11.34,13468.0,-3.88,1,2,2001,0
2001-01-17,台北一,SE6 青蔥 粉蔥 ,35.0,27.0,20.0,22.1,0.91,14138.0,4.97,1,3,2001,0
2001-01-18,台北一,SE6 青蔥 粉蔥 ,35.0,27.0,20.0,21.0,-4.98,15030.0,6.31,1,4,2001,0
2001-01-19,台北一,SE6 青蔥 粉蔥 ,35.0,27.0,20.0,24.9,18.57,14680.0,-2.33,1,5,2001,0
2001-01-20,台北一,SE6 青蔥 粉蔥 ,45.0,33.0,20.0,30.2,21.29,15451.0,5.25,1,6,2001,0
2001-01-21,台北一,SE6 青蔥 粉蔥 ,45.0,35.0,25.0,28.6,-5.3,25601.0,65.69,1,7,2001,0
2001-01-22,台北一,SE6 青蔥 粉蔥 ,40.0,27.0,15.0,25.0,-12.59,32834.0,28.25,1,1,2001,0
2001-01-23,台北一,SE6 青蔥 粉蔥 ,65.0,45.0,25.0,45.9,83.6,17430.0,-46.91,1,2,2001,0
2001-01-24,台北一,SE6 青蔥 粉蔥 ,,,,,,,,1,3,2001,1
2001-01-25,台北一,SE6 青蔥 粉蔥 ,,,,,,,,1,4,2001,1
2001-01-26,台北一,SE6 青蔥 粉蔥 ,,,,,,,,1,5,2001,1
2001-01-27,台北一,SE6 青蔥 粉蔥 ,,,,,,,,1,6,2001,1
2001-01-28,台北一,SE6 青蔥 粉蔥 ,,,,,,,,1,7,2001,1
2001-01-29,台北一,SE6 青蔥 粉蔥 ,45.0,35.0,25.0,38.5,-16.12,6104.0,-64.98,1,1,2001,0
2001-01-30,台北一,SE6 青蔥 粉蔥 ,50.0,40.0,30.0,40.1,4.16,5307.0,-13.06,1,2,2001,0
2001-01-31,台北一,SE6 青蔥 粉蔥 ,35.0,25.0,15.0,25.1,-37.41,30999.0,484.12,1,3,2001,0
2001-02-01,台北一,SE6 青蔥 粉蔥 ,33.0,23.0,12.0,23.5,-6.37,26672.0,-13.96,2,4,2001,0
2001-02-02,台北一,SE6 青蔥 粉蔥 ,,,,,,,,2,5,2001,1
2001-02-03,台北一,SE6 青蔥 粉蔥 ,35.0,25.0,15.0,25.6,8.94,23525.0,-11.8,2,6,2001,0
2001-02-04,台北一,SE6 青蔥 粉蔥 ,32.0,24.0,15.0,24.1,-5.86,27065.0,15.05,2,7,2001,0
2001-02-05,台北一,SE6 青蔥 粉蔥 ,30.0,22.0,12.0,22.4,-7.05,32076.0,18.51,2,1,2001,0
2001-02-06,台北一,SE6 青蔥 粉蔥 ,30.0,20.0,10.0,16.1,-28.12,14754.0,-54.0,2,2,2001,0
2001-02-07,台北一,SE6 青蔥 粉蔥 ,25.0,18.0,10.0,18.1,12.42,28321.0,91.95,2,3,2001,0
2001-02-08,台北一,SE6 青蔥 粉蔥 ,,,,,,,,2,4,2001,1
2001-02-09,台北一,SE6 青蔥 粉蔥 ,,,,,,,,2,5,2001,1
2001-02-10,台北一,SE6 青蔥 粉蔥 ,35.0,25.0,15.0,21.3,17.68,25723.0,-9.17,2,6,2001,0
2001-02-11,台北一,SE6 青蔥 粉蔥 ,40.0,28.0,15.0,27.4,28.64,21304.0,-17.18,2,7,2001,0
2001-02-12,台北一,SE6 青蔥 粉蔥 ,40.0,30.0,15.0,29.4,7.3,19376.0,-9.05,2,1,2001,0
2001-02-13,台北一,SE6 青蔥 粉蔥 ,35.0,26.0,15.0,25.3,-13.95,20508.0,5.84,2,2,2001,0
2001-02-14,台北一,SE6 青蔥 粉蔥 ,28.0,22.0,15.0,19.8,-21.74,19608.0,-4.39,2,3,2001,0
2001-02-15,台北一,SE6 青蔥 粉蔥 ,30.0,20.0,10.0,20.0,1.01,20027.0,2.14,2,4,2001,0
2001-02-16,台北一,SE6 青蔥 粉蔥 ,40.0,30.0,18.0,29.8,49.0,21812.0,8.91,2,5,2001,0
2001-02-17,台北一,SE6 青蔥 粉蔥 ,,,,,,,,2,6,2001,1
2001-02-18,台北一,SE6 青蔥 粉蔥 ,40.0,30.0,18.0,29.3,-1.68,22548.0,3.37,2,7,2001,0
2001-02-19,台北一,SE6 青蔥 粉蔥 ,35.0,25.0,15.0,25.2,-13.99,20272.0,-10.09,2,1,2001,0
2001-02-20,台北一,SE6 青蔥 粉蔥 ,35.0,25.0,15.0,24.5,-2.78,13813.0,-31.86,2,2,2001,0
2001-02-21,台北一,SE6 青蔥 粉蔥 ,30.0,22.0,12.0,22.2,-9.39,20787.0,50.49,2,3,2001,0
2001-02-22,台北一,SE6 青蔥 粉蔥 ,30.0,20.0,10.0,18.3,-17.57,16461.0,-20.81,2,4,2001,0
2001-02-23,台北一,SE6 青蔥 粉蔥 ,30.0,20.0,10.0,20.4,11.48,7209.0,-56.21,2,5,2001,0
2001-02-24,台北一,SE6 青蔥 粉蔥 ,30.0,20.0,10.0,20.2,-0.98,19736.0,173.77,2,6,2001,0
2001-02-25,台北一,SE6 青蔥 粉蔥 ,,,,,,,,2,7,2001,1
2001-02-26,台北一,SE6 青蔥 粉蔥 ,30.0,21.0,12.0,21.3,5.45,23130.0,17.2,2,1,2001,0
2001-02-27,台北一,SE6 青蔥 粉蔥 ,30.0,22.0,12.0,18.1,-15.02,19933.0,-13.82,2,2,2001,0
2001-02-28,台北一,SE6 青蔥 粉蔥 ,25.0,18.0,10.0,15.0,-17.13,19276.0,-3.3,2,3,2001,0
2001-03-01,台北一,SE6 青蔥 粉蔥 ,25.0,16.0,7.0,15.0,0.0,19674.0,2.06,3,4,2001,0
2001-03-02,台北一,SE6 青蔥 粉蔥 ,25.0,16.0,7.0,14.5,-3.33,18780.0,-4.54,3,5,2001,0
2001-03-03,台北一,SE6 青蔥 粉蔥 ,25.0,18.0,8.0,18.4,26.9,19363.0,3.1,3,6,2001,0
2001-03-04,台北一,SE6 青蔥 粉蔥 ,,,,,,,,3,7,2001,1
2001-03-05,台北一,SE6 青蔥 粉蔥 ,25.0,18.0,10.0,17.2,-6.52,18633.0,-3.77,3,1,2001,0
2001-03-06,台北一,SE6 青蔥 粉蔥 ,22.0,16.0,10.0,15.1,-12.21,19328.0,3.73,3,2,2001,0
2001-03-07,台北一,SE6 青蔥 粉蔥 ,20.0,14.0,8.0,13.1,-13.25,19050.0,-1.44,3,3,2001,0
2001-03-08,台北一,SE6 青蔥 粉蔥 ,18.0,13.0,8.0,12.1,-7.63,19229.0,0.94,3,4,2001,0
2001-03-09,台北一,SE6 青蔥 粉蔥 ,20.0,15.0,8.0,13.8,14.05,17496.0,-9.01,3,5,2001,0
2001-03-10,台北一,SE6 青蔥 粉蔥 ,30.0,20.0,10.0,19.3,39.86,22691.0,29.69,3,6,2001,0
2001-03-11,台北一,SE6 青蔥 粉蔥 ,,,,,,,,3,7,2001,1
2001-03-12,台北一,SE6 青蔥 粉蔥 ,22.0,16.0,10.0,15.3,-20.73,24706.0,8.88,3,1,2001,0
2001-03-13,台北一,SE6 青蔥 粉蔥 ,22.0,16.0,10.0,14.2,-7.19,21644.0,-12.39,3,2,2001,0
2001-03-14,台北一,SE6 青蔥 粉蔥 ,20.0,14.0,8.0,13.6,-4.23,20967.0,-3.13,3,3,2001,0
2001-03-15,台北一,SE6 青蔥 粉蔥 ,20.0,14.0,8.0,13.5,-0.74,19014.0,-9.31,3,4,2001,0
2001-03-16,台北一,SE6 青蔥 粉蔥 ,20.0,13.0,8.0,12.1,-10.37,19341.0,1.72,3,5,2001,0
2001-03-17,台北一,SE6 青蔥 粉蔥 ,18.0,13.0,8.0,12.3,1.65,21479.0,11.05,3,6,2001,0
2001-03-18,台北一,SE6 青蔥 粉蔥 ,18.0,13.0,8.0,12.3,0.0,25493.0,18.69,3,7,2001,0
2001-03-19,台北一,SE6 青蔥 粉蔥 ,,,,,,,,3,1,2001,1
2001-03-20,台北一,SE6 青蔥 粉蔥 ,18.0,13.0,8.0,12.1,-1.63,21980.0,-13.78,3,2,2001,0
2001-03-21,台北一,SE6 青蔥 粉蔥 ,16.0,11.0,6.0,10.3,-14.88,24034.0,9.34,3,3,2001,0
2001-03-22,台北一,SE6 青蔥 粉蔥 ,16.0,11.0,6.0,10.0,-2.91,20548.0,-14.5,3,4,2001,0
2001-03-23,台北一,SE6 青蔥 粉蔥 ,16.0,11.0,6.0,10.2,2.0,20803.0,1.24,3,5,2001,0
2001-03-24,台北一,SE6 青蔥 粉蔥 ,15.0,11.0,6.0,10.4,1.96,20615.0,-0.9,3,6,2001,0
2001-03-25,台北一,SE6 青蔥 粉蔥 ,16.0,11.0,6.0,10.9,4.81,20085.0,-2.57,3,7,2001,0
2001-03-26,台北一,SE6 青蔥 粉蔥 ,18.0,12.0,6.0,11.1,1.83,18540.0,-7.69,3,1,2001,0
2001-03-27,台北一,SE6 青蔥 粉蔥 ,,,,,,,,3,2,2001,1
2001-03-28,台北一,SE6 青蔥 粉蔥 ,15.0,11.0,7.0,11.1,0.0,17473.0,-5.76,3,3,2001,0
2001-03-29,台北一,SE6 青蔥 粉蔥 ,16.0,11.0,6.0,11.2,0.9,17702.0,1.31,3,4,2001,0
2001-03-30,台北一,SE6 青蔥 粉蔥 ,18.0,13.0,8.0,11.6,3.57,29923.0,69.04,3,5,2001,0
2001-03-31,台北一,SE6 青蔥 粉蔥 ,20.0,13.0,6.0,12.4,6.9,31540.0,5.4,3,6,2001,0
2001-04-01,台北一,SE6 青蔥 粉蔥 ,20.0,15.0,8.0,14.9,20.16,32390.0,2.69,4,7,2001,0
2001-04-02,台北一,SE6 青蔥 粉蔥 ,18.0,13.0,8.0,12.0,-19.46,35671.0,10.13,4,1,2001,0
2001-04-03,台北一,SE6 青蔥 粉蔥 ,20.0,14.0,8.0,12.2,1.67,33700.0,-5.53,4,2,2001,0
2001-04-04,台北一,SE6 青蔥 粉蔥 ,18.0,13.0,7.0,12.5,2.46,42175.0,25.15,4,3,2001,0
2001-04-05,台北一,SE6 青蔥 粉蔥 ,,,,,,,,4,4,2001,1
2001-04-06,台北一,SE6 青蔥 粉蔥 ,,,,,,,,4,5,2001,1
2001-04-07,台北一,SE6 青蔥 粉蔥 ,20.0,13.0,6.0,12.8,2.4,35020.0,-16.97,4,6,2001,0
2001-04-08,台北一,SE6 青蔥 粉蔥 ,18.0,13.0,8.0,13.1,2.34,33787.0,-3.52,4,7,2001,0
2001-04-09,台北一,SE6 青蔥 粉蔥 ,18.0,13.0,8.0,13.1,0.0,38786.0,14.8,4,1,2001,0
2001-04-10,台北一,SE6 青蔥 粉蔥 ,,,,,,,,4,2,2001,1
2001-04-11,台北一,SE6 青蔥 粉蔥 ,16.0,11.0,6.0,11.6,-11.45,35918.0,-7.39,4,3,2001,0
2001-04-12,台北一,SE6 青蔥 粉蔥 ,16.0,11.0,6.0,10.8,-6.9,32630.0,-9.15,4,4,2001,0
2001-04-13,台北一,SE6 青蔥 粉蔥 ,16.0,11.0,6.0,11.0,1.85,32648.0,0.06,4,5,2001,0
2001-04-14,台北一,SE6 青蔥 粉蔥 ,17.0,12.0,7.0,11.1,0.91,35834.0,9.76,4,6,2001,0
2001-04-15,台北一,SE6 青蔥 粉蔥 ,16.0,11.0,6.0,10.5,-5.41,38503.0,7.45,4,7,2001,0
2001-04-16,台北一,SE6 青蔥 粉蔥 ,15.0,10.0,5.0,9.8,-6.67,38111.0,-1.02,4,1,2001,0
2001-04-17,台北一,SE6 青蔥 粉蔥 ,15.0,10.0,5.0,10.2,4.08,35362.0,-7.21,4,2,2001,0
2001-04-18,台北一,SE6 青蔥 粉蔥 ,,,,,,,,4,3,2001,1
2001-04-19,台北一,SE6 青蔥 粉蔥 ,18.0,12.0,6.0,10.8,5.88,33135.0,-6.3,4,4,2001,0
2001-04-20,台北一,SE6 青蔥 粉蔥 ,15.0,10.0,5.0,9.5,-12.04,33752.0,1.86,4,5,2001,0
2001-04-21,台北一,SE6 青蔥 粉蔥 ,13.0,9.0,5.0,9.3,-2.11,31919.0,-5.43,4,6,2001,0
2001-04-22,台北一,SE6 青蔥 粉蔥 ,13.0,9.0,5.0,8.7,-6.45,35155.0,10.14,4,7,2001,0
2001-04-23,台北一,SE6 青蔥 粉蔥 ,15.0,10.0,5.0,9.2,5.75,29548.0,-15.95,4,1,2001,0
2001-04-24,台北一,SE6 青蔥 粉蔥 ,16.0,11.0,6.0,11.1,20.65,31914.0,8.01,4,2,2001,0
2001-04-25,台北一,SE6 青蔥 粉蔥 ,,,,,,,,4,3,2001,1
2001-04-26,台北一,SE6 青蔥 粉蔥 ,18.0,12.0,5.0,11.0,-0.9,28323.0,-11.25,4,4,2001,0
2001-04-27,台北一,SE6 青蔥 粉蔥 ,13.0,9.0,5.0,9.9,-10.0,29589.0,4.47,4,5,2001,0
2001-04-28,台北一,SE6 青蔥 粉蔥 ,13.0,9.0,5.0,9.7,-2.02,30042.0,1.53,4,6,2001,0
2001-04-29,台北一,SE6 青蔥 粉蔥 ,15.0,10.0,5.0,9.9,2.06,31142.0,3.66,4,7,2001,0
2001-04-30,台北一,SE6 青蔥 粉蔥 ,15.0,10.0,5.0,8.9,-10.1,28826.0,-7.44,4,1,2001,0
2001-05-01,台北一,SE6 青蔥 粉蔥 ,16.0,11.0,6.0,10.0,12.36,29035.0,0.73,5,2,2001,0
2001-05-02,台北一,SE6 青蔥 粉蔥 ,,,,,,,,5,3,2001,1
2001-05-03,台北一,SE6 青蔥 粉蔥 ,14.0,10.0,5.0,10.2,2.0,27723.0,-4.52,5,4,2001,0
2001-05-04,台北一,SE6 青蔥 粉蔥 ,13.0,9.0,5.0,9.3,-8.82,27473.0,-0.9,5,5,2001,0
2001-05-05,台北一,SE6 青蔥 粉蔥 ,15.0,10.0,5.0,9.3,0.0,25350.0,-7.73,5,6,2001,0
2001-05-06,台北一,SE6 青蔥 粉蔥 ,15.0,10.0,5.0,8.8,-5.38,24055.0,-5.11,5,7,2001,0
2001-05-07,台北一,SE6 青蔥 粉蔥 ,15.0,10.0,5.0,10.0,13.64,23946.0,-0.45,5,1,2001,0
2001-05-08,台北一,SE6 青蔥 粉蔥 ,18.0,12.0,6.0,11.5,15.0,24315.0,1.54,5,2,2001,0
2001-05-09,台北一,SE6 青蔥 粉蔥 ,,,,,,,,5,3,2001,1
2001-05-10,台北一,SE6 青蔥 粉蔥 ,14.0,10.0,5.0,10.6,-7.83,23507.0,-3.32,5,4,2001,0
2001-05-11,台北一,SE6 青蔥 粉蔥 ,15.0,11.0,6.0,10.5,-0.94,21713.0,-7.63,5,5,2001,0
2001-05-12,台北一,SE6 青蔥 粉蔥 ,18.0,13.0,7.0,13.6,29.52,24702.0,13.77,5,6,2001,0
2001-05-13,台北一,SE6 青蔥 粉蔥 ,18.0,13.0,8.0,13.1,-3.68,23996.0,-2.86,5,7,2001,0
2001-05-14,台北一,SE6 青蔥 粉蔥 ,18.0,13.0,8.0,11.6,-11.45,19494.0,-18.76,5,1,2001,0
2001-05-15,台北一,SE6 青蔥 粉蔥 ,14.0,10.0,5.0,9.9,-14.66,20834.0,6.87,5,2,2001,0
2001-05-16,台北一,SE6 青蔥 粉蔥 ,16.0,11.0,5.0,11.7,18.18,25446.0,22.14,5,3,2001,0
2001-05-17,台北一,SE6 青蔥 粉蔥 ,,,,,,,,5,4,2001,1
2001-05-18,台北一,SE6 青蔥 粉蔥 ,18.0,12.0,5.0,13.0,11.11,24664.0,-3.07,5,5,2001,0
2001-05-19,台北一,SE6 青蔥 粉蔥 ,25.0,18.0,10.0,16.4,26.15,25831.0,4.73,5,6,2001,0
2001-05-20,台北一,SE6 青蔥 粉蔥 ,25.0,20.0,15.0,17.3,5.49,23973.0,-7.19,5,7,2001,0
2001-05-21,台北一,SE6 青蔥 粉蔥 ,25.0,18.0,10.0,16.6,-4.05,24049.0,0.32,5,1,2001,0
2001-05-22,台北一,SE6 青蔥 粉蔥 ,22.0,14.0,6.0,12.8,-22.89,29623.0,23.18,5,2,2001,0
2001-05-23,台北一,SE6 青蔥 粉蔥 ,20.0,14.0,8.0,12.0,-6.25,31218.0,5.38,5,3,2001,0
2001-05-24,台北一,SE6 青蔥 粉蔥 ,18.0,12.0,5.0,12.6,5.0,34275.0,9.79,5,4,2001,0
2001-05-25,台北一,SE6 青蔥 粉蔥 ,,,,,,,,5,5,2001,1
2001-05-26,台北一,SE6 青蔥 粉蔥 ,20.0,13.0,5.0,13.5,7.14,32531.0,-5.09,5,6,2001,0
2001-05-27,台北一,SE6 青蔥 粉蔥 ,20.0,13.0,6.0,12.6,-6.67,31846.0,-2.11,5,7,2001,0
2001-05-28,台北一,SE6 青蔥 粉蔥 ,18.0,12.0,6.0,12.3,-2.38,28392.0,-10.85,5,1,2001,0
2001-05-29,台北一,SE6 青蔥 粉蔥 ,18.0,12.0,6.0,12.4,0.81,28003.0,-1.37,5,2,2001,0
2001-05-30,台北一,SE6 青蔥 粉蔥 ,18.0,12.0,6.0,11.5,-7.26,28969.0,3.45,5,3,2001,0
2001-05-31,台北一,SE6 青蔥 粉蔥 ,16.0,11.0,6.0,12.6,9.57,29927.0,3.31,5,4,2001,0
2001-06-01,台北一,SE6 青蔥 粉蔥 ,,,,,,,,6,5,2001,1
2001-06-02,台北一,SE6 青蔥 粉蔥 ,18.0,12.0,6.0,12.1,-3.97,30183.0,0.86,6,6,2001,0
2001-06-03,台北一,SE6 青蔥 粉蔥 ,18.0,12.0,6.0,13.4,10.74,29803.0,-1.26,6,7,2001,0
2001-06-04,台北一,SE6 青蔥 粉蔥 ,16.0,11.0,6.0,11.3,-15.67,25494.0,-14.46,6,1,2001,0
2001-06-05,台北一,SE6 青蔥 粉蔥 ,18.0,12.0,6.0,9.9,-12.39,26718.0,4.8,6,2,2001,0
2001-06-06,台北一,SE6 青蔥 粉蔥 ,17.0,12.0,7.0,11.4,15.15,24743.0,-7.39,6,3,2001,0
2001-06-07,台北一,SE6 青蔥 粉蔥 ,16.0,11.0,6.0,10.5,-7.89,24748.0,0.02,6,4,2001,0
2001-06-08,台北一,SE6 青蔥 粉蔥 ,,,,,,,,6,5,2001,1
2001-06-09,台北一,SE6 青蔥 粉蔥 ,16.0,11.0,6.0,11.4,8.57,22595.0,-8.7,6,6,2001,0
2001-06-10,台北一,SE6 青蔥 粉蔥 ,18.0,14.0,10.0,13.9,21.93,21591.0,-4.44,6,7,2001,0
2001-06-11,台北一,SE6 青蔥 粉蔥 ,20.0,15.0,10.0,14.8,6.47,19998.0,-7.38,6,1,2001,0
2001-06-12,台北一,SE6 青蔥 粉蔥 ,18.0,13.0,8.0,14.8,0.0,18164.0,-9.17,6,2,2001,0
2001-06-13,台北一,SE6 青蔥 粉蔥 ,20.0,14.0,8.0,14.5,-2.03,16506.0,-9.13,6,3,2001,0
2001-06-14,台北一,SE6 青蔥 粉蔥 ,18.0,13.0,8.0,14.2,-2.07,15843.0,-4.02,6,4,2001,0
2001-06-15,台北一,SE6 青蔥 粉蔥 ,36.0,28.0,20.0,26.1,83.8,12381.0,-21.85,6,5,2001,0
2001-06-16,台北一,SE6 青蔥 粉蔥 ,,,,,,,,6,6,2001,1
2001-06-17,台北一,SE6 青蔥 粉蔥 ,30.0,22.0,12.0,19.9,-23.75,20898.0,68.79,6,7,2001,0
2001-06-18,台北一,SE6 青蔥 粉蔥 ,18.0,13.0,8.0,15.3,-23.12,18912.0,-9.5,6,1,2001,0
2001-06-19,台北一,SE6 青蔥 粉蔥 ,20.0,14.0,8.0,13.6,-11.11,19810.0,4.75,6,2,2001,0
2001-06-20,台北一,SE6 青蔥 粉蔥 ,18.0,13.0,8.0,13.7,0.74,17698.0,-10.66,6,3,2001,0
2001-06-21,台北一,SE6 青蔥 粉蔥 ,20.0,15.0,10.0,15.6,13.87,13393.0,-24.32,6,4,2001,0
2001-06-22,台北一,SE6 青蔥 粉蔥 ,20.0,16.0,10.0,15.6,0.0,16252.0,21.35,6,5,2001,0
2001-06-23,台北一,SE6 青蔥 粉蔥 ,30.0,20.0,10.0,20.3,30.13,15594.0,-4.05,6,6,2001,0
2001-06-24,台北一,SE6 青蔥 粉蔥 ,28.0,21.0,12.0,22.7,11.82,18176.0,16.56,6,7,2001,0
2001-06-25,台北一,SE6 青蔥 粉蔥 ,28.0,22.0,12.0,22.7,0.0,18591.0,2.28,6,1,2001,0
2001-06-26,台北一,SE6 青蔥 粉蔥 ,,,,,,,,6,2,2001,1
2001-06-27,台北一,SE6 青蔥 粉蔥 ,,,,,,,,6,3,2001,1
2001-06-28,台北一,SE6 青蔥 粉蔥 ,28.0,20.0,12.0,21.5,-5.29,16627.0,-10.56,6,4,2001,0
2001-06-29,台北一,SE6 青蔥 粉蔥 ,30.0,22.0,12.0,21.6,0.47,12534.0,-24.62,6,5,2001,0
2001-06-30,台北一,SE6 青蔥 粉蔥 ,35.0,25.0,15.0,22.9,6.02,8564.0,-31.67,6,6,2001,0
2001-07-01,台北一,SE6 青蔥 粉蔥 ,37.0,28.0,18.0,29.4,28.38,8643.0,0.92,7,7,2001,0
2001-07-02,台北一,SE6 青蔥 粉蔥 ,32.0,23.0,14.0,23.4,-20.41,8965.0,3.73,7,1,2001,0
2001-07-03,台北一,SE6 青蔥 粉蔥 ,28.0,20.0,10.0,21.4,-8.55,8206.0,-8.47,7,2,2001,0
2001-07-04,台北一,SE6 青蔥 粉蔥 ,40.0,30.0,20.0,31.8,48.6,6960.0,-15.18,7,3,2001,0
2001-07-05,台北一,SE6 青蔥 粉蔥 ,60.0,48.0,30.0,45.4,42.77,7115.0,2.23,7,4,2001,0
2001-07-06,台北一,SE6 青蔥 粉蔥 ,55.0,45.0,35.0,46.5,2.42,8994.0,26.41,7,5,2001,0
2001-07-07,台北一,SE6 青蔥 粉蔥 ,,,,,,,,7,6,2001,1
2001-07-08,台北一,SE6 青蔥 粉蔥 ,35.0,25.0,15.0,25.9,-44.3,11870.0,31.98,7,7,2001,0
2001-07-09,台北一,SE6 青蔥 粉蔥 ,25.0,18.0,10.0,19.4,-25.1,10061.0,-15.24,7,1,2001,0
2001-07-10,台北一,SE6 青蔥 粉蔥 ,25.0,18.0,10.0,19.2,-1.03,10520.0,4.56,7,2,2001,0
2001-07-11,台北一,SE6 青蔥 粉蔥 ,35.0,25.0,15.0,27.3,42.19,9380.0,-10.84,7,3,2001,0
2001-07-12,台北一,SE6 青蔥 粉蔥 ,50.0,40.0,30.0,40.4,47.99,7293.0,-22.25,7,4,2001,0
2001-07-13,台北一,SE6 青蔥 粉蔥 ,45.0,35.0,25.0,36.3,-10.15,8320.0,14.08,7,5,2001,0
2001-07-14,台北一,SE6 青蔥 粉蔥 ,40.0,30.0,20.0,36.4,0.28,11390.0,36.9,7,6,2001,0
2001-07-15,台北一,SE6 青蔥 粉蔥 ,,,,,,,,7,7,2001,1
2001-07-16,台北一,SE6 青蔥 粉蔥 ,45.0,35.0,25.0,37.2,2.2,12519.0,9.91,7,1,2001,0
2001-07-17,台北一,SE6 青蔥 粉蔥 ,45.0,35.0,25.0,30.6,-17.74,13458.0,7.5,7,2,2001,0
2001-07-18,台北一,SE6 青蔥 粉蔥 ,35.0,28.0,18.0,29.0,-5.23,11030.0,-18.04,7,3,2001,0
2001-07-19,台北一,SE6 青蔥 粉蔥 ,35.0,25.0,15.0,28.8,-0.69,11135.0,0.95,7,4,2001,0
2001-07-20,台北一,SE6 青蔥 粉蔥 ,35.0,25.0,15.0,28.5,-1.04,9153.0,-17.8,7,5,2001,0
2001-07-21,台北一,SE6 青蔥 粉蔥 ,42.0,32.0,22.0,35.7,25.26,10600.0,15.81,7,6,2001,0
2001-07-22,台北一,SE6 青蔥 粉蔥 ,45.0,36.0,26.0,38.3,7.28,12549.0,18.39,7,7,2001,0
2001-07-23,台北一,SE6 青蔥 粉蔥 ,,,,,,,,7,1,2001,1
2001-07-24,台北一,SE6 青蔥 粉蔥 ,45.0,38.0,28.0,39.7,3.66,10015.0,-20.19,7,2,2001,0
2001-07-25,台北一,SE6 青蔥 粉蔥 ,50.0,40.0,30.0,40.1,1.01,9939.0,-0.76,7,3,2001,0
2001-07-26,台北一,SE6 青蔥 粉蔥 ,50.0,40.0,30.0,40.6,1.25,11653.0,17.25,7,4,2001,0
2001-07-27,台北一,SE6 青蔥 粉蔥 ,50.0,40.0,30.0,41.2,1.48,11141.0,-4.39,7,5,2001,0
2001-07-28,台北一,SE6 青蔥 粉蔥 ,52.0,42.0,30.0,41.2,0.0,12571.0,12.84,7,6,2001,0
2001-07-29,台北一,SE6 青蔥 粉蔥 ,55.0,45.0,35.0,43.7,6.07,14588.0,16.04,7,7,2001,0
2001-07-30,台北一,SE6 青蔥 粉蔥 ,,,,,,,,7,1,2001,1
2001-07-31,台北一,SE6 青蔥 粉蔥 ,70.0,60.0,50.0,60.0,37.3,8080.0,-44.61,7,2,2001,0
2001-08-01,台北一,SE6 青蔥 粉蔥 ,50.0,35.0,20.0,34.0,-43.33,11966.0,48.09,8,3,2001,0
2001-08-02,台北一,SE6 青蔥 粉蔥 ,35.0,25.0,15.0,26.1,-23.24,13242.0,10.66,8,4,2001,0
2001-08-03,台北一,SE6 青蔥 粉蔥 ,45.0,30.0,15.0,30.9,18.39,9661.0,-27.04,8,5,2001,0
2001-08-04,台北一,SE6 青蔥 粉蔥 ,65.0,50.0,30.0,55.4,79.29,5970.0,-38.21,8,6,2001,0
2001-08-05,台北一,SE6 青蔥 粉蔥 ,65.0,55.0,35.0,54.7,-1.26,8653.0,44.94,8,7,2001,0
2001-08-06,台北一,SE6 青蔥 粉蔥 ,,,,,,,,8,1,2001,1
2001-08-07,台北一,SE6 青蔥 粉蔥 ,65.0,55.0,40.0,58.1,6.22,7267.0,-16.02,8,2,2001,0
2001-08-08,台北一,SE6 青蔥 粉蔥 ,80.0,65.0,45.0,63.1,8.61,7352.0,1.17,8,3,2001,0
2001-08-09,台北一,SE6 青蔥 粉蔥 ,75.0,65.0,50.0,63.6,0.79,7739.0,5.26,8,4,2001,0
2001-08-10,台北一,SE6 青蔥 粉蔥 ,70.0,60.0,50.0,64.1,0.79,8545.0,10.41,8,5,2001,0
2001-08-11,台北一,SE6 青蔥 粉蔥 ,70.0,60.0,45.0,55.6,-13.26,8659.0,1.33,8,6,2001,0
2001-08-12,台北一,SE6 青蔥 粉蔥 ,65.0,55.0,40.0,50.7,-8.81,8615.0,-0.51,8,7,2001,0
2001-08-13,台北一,SE6 青蔥 粉蔥 ,60.0,50.0,40.0,49.3,-2.76,7635.0,-11.38,8,1,2001,0
2001-08-14,台北一,SE6 青蔥 粉蔥 ,,,,,,,,8,2,2001,1
2001-08-15,台北一,SE6 青蔥 粉蔥 ,65.0,55.0,40.0,57.4,16.43,7211.0,-5.55,8,3,2001,0
2001-08-16,台北一,SE6 青蔥 粉蔥 ,66.0,56.0,40.0,58.2,1.39,6046.0,-16.16,8,4,2001,0
2001-08-17,台北一,SE6 青蔥 粉蔥 ,65.0,55.0,40.0,55.0,-5.5,7211.0,19.27,8,5,2001,0
2001-08-18,台北一,SE6 青蔥 粉蔥 ,65.0,55.0,40.0,57.5,4.55,9144.0,26.81,8,6,2001,0
2001-08-19,台北一,SE6 青蔥 粉蔥 ,65.0,50.0,35.0,56.4,-1.91,9482.0,3.7,8,7,2001,0
2001-08-20,台北一,SE6 青蔥 粉蔥 ,60.0,50.0,40.0,49.4,-12.41,7953.0,-16.13,8,1,2001,0
2001-08-21,台北一,SE6 青蔥 粉蔥 ,,,,,,,,8,2,2001,1
2001-08-22,台北一,SE6 青蔥 粉蔥 ,55.0,45.0,35.0,47.9,-3.04,7323.0,-7.92,8,3,2001,0
2001-08-23,台北一,SE6 青蔥 粉蔥 ,60.0,50.0,40.0,51.1,6.68,6878.0,-6.08,8,4,2001,0
2001-08-24,台北一,SE6 青蔥 粉蔥 ,65.0,55.0,45.0,52.4,2.54,6008.0,-12.65,8,5,2001,0
2001-08-25,台北一,SE6 青蔥 粉蔥 ,60.0,50.0,40.0,49.6,-5.34,7525.0,25.25,8,6,2001,0
2001-08-26,台北一,SE6 青蔥 粉蔥 ,55.0,45.0,35.0,45.6,-8.06,6802.0,-9.61,8,7,2001,0
2001-08-27,台北一,SE6 青蔥 粉蔥 ,60.0,50.0,40.0,52.1,14.25,3132.0,-53.95,8,1,2001,0
2001-08-28,台北一,SE6 青蔥 粉蔥 ,,,,,,,,8,2,2001,1
2001-08-29,台北一,SE6 青蔥 粉蔥 ,60.0,50.0,40.0,49.9,-4.22,4926.0,57.28,8,3,2001,0
2001-08-30,台北一,SE6 青蔥 粉蔥 ,60.0,50.0,40.0,44.8,-10.22,5689.0,15.49,8,4,2001,0
2001-08-31,台北一,SE6 青蔥 粉蔥 ,55.0,45.0,30.0,43.6,-2.68,6818.0,19.85,8,5,2001,0
2001-09-01,台北一,SE6 青蔥 粉蔥 ,60.0,45.0,30.0,42.1,-3.44,9021.0,32.31,9,6,2001,0
2001-09-02,台北一,SE6 青蔥 粉蔥 ,60.0,45.0,30.0,45.8,8.79,1391.0,-84.58,9,7,2001,0
2001-09-03,台北一,SE6 青蔥 粉蔥 ,,,,,,,,9,1,2001,1
2001-09-04,台北一,SE6 青蔥 粉蔥 ,,,,,,,,9,2,2001,1
2001-09-05,台北一,SE6 青蔥 粉蔥 ,65.0,48.0,30.0,46.3,1.09,479.0,-65.56,9,3,2001,0
2001-09-06,台北一,SE6 青蔥 粉蔥 ,65.0,48.0,30.0,46.1,-0.43,3200.0,568.06,9,4,2001,0
2001-09-07,台北一,SE6 青蔥 粉蔥 ,60.0,45.0,30.0,46.2,0.22,3383.0,5.72,9,5,2001,0
2001-09-08,台北一,SE6 青蔥 粉蔥 ,60.0,45.0,30.0,46.2,0.0,3823.0,13.01,9,6,2001,0
2001-09-09,台北一,SE6 青蔥 粉蔥 ,,,,,,,,9,7,2001,1
2001-09-10,台北一,SE6 青蔥 粉蔥 ,,,,,,,,9,1,2001,1
2001-09-11,台北一,SE6 青蔥 粉蔥 ,,,,,,,,9,2,2001,1
2001-09-12,台北一,SE6 青蔥 粉蔥 ,,,,,,,,9,3,2001,1
2001-09-13,台北一,SE6 青蔥 粉蔥 ,,,,,,,,9,4,2001,1
2001-09-14,台北一,SE6 青蔥 粉蔥 ,,,,,,,,9,5,2001,1
2001-09-15,台北一,SE6 青蔥 粉蔥 ,,,,,,,,9,6,2001,1
2001-09-16,台北一,SE6 青蔥 粉蔥 ,75.0,60.0,45.0,69.6,50.65,85.0,-97.78,9,7,2001,0
2001-09-17,台北一,SE6 青蔥 粉蔥 ,70.0,55.0,40.0,56.5,-18.82,173.0,103.53,9,1,2001,0
2001-09-18,台北一,SE6 青蔥 粉蔥 ,80.0,60.0,40.0,70.0,23.89,18.0,-89.6,9,2,2001,0
2001-09-19,台北一,SE6 青蔥 粉蔥 ,,,,,,,,9,3,2001,1
2001-09-20,台北一,SE6 青蔥 粉蔥 ,80.0,60.0,40.0,66.0,-5.71,80.0,344.44,9,4,2001,0
2001-09-21,台北一,SE6 青蔥 粉蔥 ,,,,,,,,9,5,2001,1
2001-09-22,台北一,SE6 青蔥 粉蔥 ,,,,,,,,9,6,2001,1
2001-09-23,台北一,SE6 青蔥 粉蔥 ,,,,,,,,9,7,2001,1
2001-09-24,台北一,SE6 青蔥 粉蔥 ,,,,,,,,9,1,2001,1
2001-09-25,台北一,SE6 青蔥 粉蔥 ,140.0,110.0,70.0,100.0,51.52,20.0,-75.0,9,2,2001,0
2001-09-26,台北一,SE6 青蔥 粉蔥 ,,,,,,,,9,3,2001,1
2001-09-27,台北一,SE6 青蔥 粉蔥 ,130.0,90.0,50.0,55.0,-45.0,19.0,-5.0,9,4,2001,0
2001-09-28,台北一,SE6 青蔥 粉蔥 ,120.0,90.0,60.0,90.6,64.73,259.0,1263.16,9,5,2001,0
2001-09-29,台北一,SE6 青蔥 粉蔥 ,110.0,80.0,50.0,85.7,-5.41,357.0,37.84,9,6,2001,0
2001-09-30,台北一,SE6 青蔥 粉蔥 ,80.6,80.0,73.7,78.9,-7.93,324.0,-9.24,9,7,2001,0
2001-10-01,台北一,SE6 青蔥 粉蔥 ,130.0,90.0,50.0,78.2,-0.89,305.0,-5.86,10,1,2001,0
2001-10-02,台北一,SE6 青蔥 粉蔥 ,,,,,,,,10,2,2001,1
2001-10-03,台北一,SE6 青蔥 粉蔥 ,,,,,,,,10,3,2001,1
2001-10-04,台北一,SE6 青蔥 粉蔥 ,250.0,180.0,100.0,208.8,167.01,256.0,-16.07,10,4,2001,0
2001-10-05,台北一,SE6 青蔥 粉蔥 ,230.0,170.0,100.0,203.7,-2.44,1260.0,392.19,10,5,2001,0
2001-10-06,台北一,SE6 青蔥 粉蔥 ,250.0,180.0,100.0,134.7,-33.87,85.0,-93.25,10,6,2001,0
2001-10-07,台北一,SE6 青蔥 粉蔥 ,250.0,180.0,100.0,117.0,-13.14,4224.0,4869.41,10,7,2001,0
2001-10-08,台北一,SE6 青蔥 粉蔥 ,200.0,150.0,80.0,123.9,5.9,2629.0,-37.76,10,1,2001,0
2001-10-09,台北一,SE6 青蔥 粉蔥 ,200.0,150.0,80.0,132.7,7.1,2572.0,-2.17,10,2,2001,0
2001-10-10,台北一,SE6 青蔥 粉蔥 ,200.0,150.0,100.0,137.1,3.32,906.0,-64.77,10,3,2001,0
2001-10-11,台北一,SE6 青蔥 粉蔥 ,,,,,,,,10,4,2001,1
2001-10-12,台北一,SE6 青蔥 粉蔥 ,180.0,130.0,80.0,111.9,-18.38,1007.0,11.15,10,5,2001,0
2001-10-13,台北一,SE6 青蔥 粉蔥 ,180.0,130.0,80.0,116.9,4.47,3529.0,250.45,10,6,2001,0
2001-10-14,台北一,SE6 青蔥 粉蔥 ,180.0,140.0,90.0,144.6,23.7,1543.0,-56.28,10,7,2001,0
2001-10-15,台北一,SE6 青蔥 粉蔥 ,180.0,140.0,80.0,152.5,5.46,1869.0,21.13,10,1,2001,0
2001-10-16,台北一,SE6 青蔥 粉蔥 ,220.0,180.0,130.0,181.4,18.95,1384.0,-25.95,10,2,2001,0
2001-10-17,台北一,SE6 青蔥 粉蔥 ,180.0,140.0,100.0,144.1,-20.56,1629.0,17.7,10,3,2001,0
2001-10-18,台北一,SE6 青蔥 粉蔥 ,150.0,110.0,70.0,90.1,-37.47,1797.0,10.31,10,4,2001,0
2001-10-19,台北一,SE6 青蔥 粉蔥 ,,,,,,,,10,5,2001,1
2001-10-20,台北一,SE6 青蔥 粉蔥 ,160.0,120.0,80.0,99.5,10.43,1357.0,-24.49,10,6,2001,0
2001-10-21,台北一,SE6 青蔥 粉蔥 ,140.0,100.0,60.0,97.6,-1.91,2229.0,64.26,10,7,2001,0
2001-10-22,台北一,SE6 青蔥 粉蔥 ,120.0,90.0,50.0,88.2,-9.63,1390.0,-37.64,10,1,2001,0
2001-10-23,台北一,SE6 青蔥 粉蔥 ,100.0,75.0,50.0,97.3,10.32,1175.0,-15.47,10,2,2001,0
2001-10-24,台北一,SE6 青蔥 粉蔥 ,100.0,75.0,50.0,96.0,-1.34,1310.0,11.49,10,3,2001,0
2001-10-25,台北一,SE6 青蔥 粉蔥 ,100.0,80.0,60.0,83.4,-13.12,7827.0,497.48,10,4,2001,0
2001-10-26,台北一,SE6 青蔥 粉蔥 ,,,,,,,,10,5,2001,1
2001-10-27,台北一,SE6 青蔥 粉蔥 ,120.0,100.0,70.0,106.3,27.46,1543.0,-80.29,10,6,2001,0
2001-10-28,台北一,SE6 青蔥 粉蔥 ,120.0,100.0,70.0,105.1,-1.13,1440.0,-6.68,10,7,2001,0
2001-10-29,台北一,SE6 青蔥 粉蔥 ,100.0,75.0,50.0,85.7,-18.46,1500.0,4.17,10,1,2001,0
2001-10-30,台北一,SE6 青蔥 粉蔥 ,90.0,70.0,50.0,71.2,-16.92,1697.0,13.13,10,2,2001,0
2001-10-31,台北一,SE6 青蔥 粉蔥 ,90.0,70.0,40.0,75.1,5.48,1315.0,-22.51,10,3,2001,0
2001-11-01,台北一,SE6 青蔥 粉蔥 ,80.0,60.0,40.0,63.0,-16.11,1900.0,44.49,11,4,2001,0
2001-11-02,台北一,SE6 青蔥 粉蔥 ,,,,,,,,11,5,2001,1
2001-11-03,台北一,SE6 青蔥 粉蔥 ,70.0,55.0,40.0,46.0,-26.98,506.0,-73.37,11,6,2001,0
2001-11-04,台北一,SE6 青蔥 粉蔥 ,70.0,55.0,40.0,53.6,16.52,1573.0,210.87,11,7,2001,0
2001-11-05,台北一,SE6 青蔥 粉蔥 ,70.0,55.0,40.0,55.6,3.73,1256.0,-20.15,11,1,2001,0
2001-11-06,台北一,SE6 青蔥 粉蔥 ,60.0,45.0,30.0,36.2,-34.89,605.0,-51.83,11,2,2001,0
2001-11-07,台北一,SE6 青蔥 粉蔥 ,60.0,45.0,30.0,43.2,19.34,4925.0,714.05,11,3,2001,0
2001-11-08,台北一,SE6 青蔥 粉蔥 ,60.0,45.0,30.0,40.9,-5.32,7126.0,44.69,11,4,2001,0
2001-11-09,台北一,SE6 青蔥 粉蔥 ,70.0,50.0,30.0,46.7,14.18,9911.0,39.08,11,5,2001,0
2001-11-10,台北一,SE6 青蔥 粉蔥 ,,,,,,,,11,6,2001,1
2001-11-11,台北一,SE6 青蔥 粉蔥 ,70.0,50.0,30.0,50.5,8.14,1959.0,-80.23,11,7,2001,0
2001-11-12,台北一,SE6 青蔥 粉蔥 ,70.0,50.0,30.0,44.3,-12.28,1705.0,-12.97,11,1,2001,0
2001-11-13,台北一,SE6 青蔥 粉蔥 ,60.0,43.0,25.0,42.8,-3.39,1400.0,-17.89,11,2,2001,0
2001-11-14,台北一,SE6 青蔥 粉蔥 ,50.0,35.0,20.0,35.9,-16.12,1365.0,-2.5,11,3,2001,0
2001-11-15,台北一,SE6 青蔥 粉蔥 ,53.0,48.5,23.3,44.4,23.68,1127.0,-17.44,11,4,2001,0
2001-11-16,台北一,SE6 青蔥 粉蔥 ,72.0,53.4,28.7,52.2,17.57,1841.0,63.35,11,5,2001,0
2001-11-17,台北一,SE6 青蔥 粉蔥 ,,,,,,,,11,6,2001,1
2001-11-18,台北一,SE6 青蔥 粉蔥 ,46.8,30.4,25.0,32.6,-37.55,910.0,-50.57,11,7,2001,0
2001-11-19,台北一,SE6 青蔥 粉蔥 ,40.0,31.0,27.0,32.0,-1.84,756.0,-16.92,11,1,2001,0
2001-11-20,台北一,SE6 青蔥 粉蔥 ,40.7,27.0,22.0,28.7,-10.31,930.0,23.02,11,2,2001,0
2001-11-21,台北一,SE6 青蔥 粉蔥 ,38.5,32.3,20.0,31.0,8.01,397.0,-57.31,11,3,2001,0
2001-11-22,台北一,SE6 青蔥 粉蔥 ,34.0,24.2,20.0,25.3,-18.39,875.0,120.4,11,4,2001,0
2001-11-23,台北一,SE6 青蔥 粉蔥 ,32.9,30.2,25.9,29.9,18.18,1022.0,16.8,11,5,2001,0
2001-11-24,台北一,SE6 青蔥 粉蔥 ,,,,,,,,11,6,2001,1
2001-11-25,台北一,SE6 青蔥 粉蔥 ,26.0,23.4,18.3,22.9,-23.41,740.0,-27.59,11,7,2001,0
2001-11-26,台北一,SE6 青蔥 粉蔥 ,32.0,23.2,17.0,23.7,3.49,379.0,-48.78,11,1,2001,0
2001-11-27,台北一,SE6 青蔥 粉蔥 ,33.2,25.0,13.9,24.4,2.95,369.0,-2.64,11,2,2001,0
2001-11-28,台北一,SE6 青蔥 粉蔥 ,27.0,18.9,16.0,19.9,-18.44,461.0,24.93,11,3,2001,0
2001-11-29,台北一,SE6 青蔥 粉蔥 ,27.0,20.6,13.0,20.4,2.51,893.0,93.71,11,4,2001,0
2001-11-30,台北一,SE6 青蔥 粉蔥 ,23.5,21.4,18.8,21.3,4.41,830.0,-7.05,11,5,2001,0
2001-12-01,台北一,SE6 青蔥 粉蔥 ,,,,,,,,12,6,2001,1
2001-12-02,台北一,SE6 青蔥 粉蔥 ,26.2,20.3,14.1,20.3,-4.69,660.0,-20.48,12,7,2001,0
2001-12-03,台北一,SE6 青蔥 粉蔥 ,20.8,17.6,10.0,16.7,-17.73,495.0,-25.0,12,1,2001,0
2001-12-04,台北一,SE6 青蔥 粉蔥 ,20.4,12.4,5.0,12.5,-25.15,1020.0,106.06,12,2,2001,0
2001-12-05,台北一,SE6 青蔥 粉蔥 ,25.0,21.0,8.0,19.2,53.6,1220.0,19.61,12,3,2001,0
2001-12-06,台北一,SE6 青蔥 粉蔥 ,10.0,8.4,8.0,8.7,-54.69,300.0,-75.41,12,4,2001,0
2001-12-07,台北一,SE6 青蔥 粉蔥 ,23.0,18.1,10.0,17.4,100.0,360.0,20.0,12,5,2001,0
2001-12-08,台北一,SE6 青蔥 粉蔥 ,40.0,39.9,27.9,37.5,115.52,303.0,-15.83,12,6,2001,0
2001-12-09,台北一,SE6 青蔥 粉蔥 ,,,,,,,,12,7,2001,1
2001-12-10,台北一,SE6 青蔥 粉蔥 ,31.2,24.4,18.5,24.5,-34.67,1128.0,272.28,12,1,2001,0
2001-12-11,台北一,SE6 青蔥 粉蔥 ,20.9,11.2,8.1,12.5,-48.98,1175.0,4.17,12,2,2001,0
2001-12-12,台北一,SE6 青蔥 粉蔥 ,22.5,15.9,7.2,15.5,24.0,750.0,-36.17,12,3,2001,0
2001-12-13,台北一,SE6 青蔥 粉蔥 ,18.5,11.8,7.7,12.3,-20.65,1787.0,138.27,12,4,2001,0
2001-12-14,台北一,SE6 青蔥 粉蔥 ,21.2,17.7,12.3,17.3,40.65,1455.0,-18.58,12,5,2001,0
2001-12-15,台北一,SE6 青蔥 粉蔥 ,30.0,23.6,19.6,24.1,39.31,1344.0,-7.63,12,6,2001,0
2001-12-16,台北一,SE6 青蔥 粉蔥 ,25.0,23.6,20.8,23.3,-3.32,2269.0,68.82,12,7,2001,0
2001-12-17,台北一,SE6 青蔥 粉蔥 ,,,,,,,,12,1,2001,1
2001-12-18,台北一,SE6 青蔥 粉蔥 ,16.9,13.5,9.4,13.4,-42.49,6620.0,191.76,12,2,2001,0
2001-12-19,台北一,SE6 青蔥 粉蔥 ,14.6,8.5,7.3,9.5,-29.1,1375.0,-79.23,12,3,2001,0
2001-12-20,台北一,SE6 青蔥 粉蔥 ,19.0,15.1,12.7,15.4,62.11,1562.0,13.6,12,4,2001,0
2001-12-21,台北一,SE6 青蔥 粉蔥 ,22.6,18.9,10.6,18.0,16.88,2145.0,37.32,12,5,2001,0
2001-12-22,台北一,SE6 青蔥 粉蔥 ,28.4,25.6,17.0,24.4,35.56,2210.0,3.03,12,6,2001,0
2001-12-23,台北一,SE6 青蔥 粉蔥 ,26.4,22.4,15.9,21.9,-10.25,2595.0,17.42,12,7,2001,0
2001-12-24,台北一,SE6 青蔥 粉蔥 ,,,,,,,,12,1,2001,1
2001-12-25,台北一,SE6 青蔥 粉蔥 ,21.4,17.6,13.9,17.6,-19.63,2561.0,-1.31,12,2,2001,0
2001-12-26,台北一,SE6 青蔥 粉蔥 ,20.1,15.9,10.9,15.7,-10.8,3630.0,41.74,12,3,2001,0
2001-12-27,台北一,SE6 青蔥 粉蔥 ,19.3,13.5,9.8,13.9,-11.46,3380.0,-6.89,12,4,2001,0
2001-12-28,台北一,SE6 青蔥 粉蔥 ,17.8,13.6,9.1,13.5,-2.88,2253.0,-33.34,12,5,2001,0
2001-12-29,台北一,SE6 青蔥 粉蔥 ,20.0,14.5,9.9,14.7,8.89,1040.0,-53.84,12,6,2001,0
2001-12-30,台北一,SE6 青蔥 粉蔥 ,13.4,11.2,7.3,10.8,-26.53,3153.0,203.17,12,7,2001,0
2001-12-31,台北一,SE6 青蔥 粉蔥 ,,,,,,,,12,1,2001,1
2002-01-01,台北一,SE6 青蔥 粉蔥 ,15.2,11.3,5.5,11.0,1.85,2984.0,-5.36,1,2,2002,0
2002-01-02,台北一,SE6 青蔥 粉蔥 ,12.9,10.5,6.0,10.1,-8.18,2741.0,-8.14,1,3,2002,0
2002-01-03,台北一,SE6 青蔥 粉蔥 ,13.1,10.1,5.4,9.7,-3.96,2928.0,6.82,1,4,2002,0
2002-01-04,台北一,SE6 青蔥 粉蔥 ,15.7,11.9,6.6,11.6,19.59,2340.0,-20.08,1,5,2002,0
2002-01-05,台北一,SE6 青蔥 粉蔥 ,12.5,10.3,5.4,9.7,-16.38,3739.0,59.79,1,6,2002,0
2002-01-06,台北一,SE6 青蔥 粉蔥 ,12.9,10.7,6.3,10.3,6.19,3390.0,-9.33,1,7,2002,0
2002-01-07,台北一,SE6 青蔥 粉蔥 ,,,,,,,,1,1,2002,1
2002-01-08,台北一,SE6 青蔥 粉蔥 ,12.4,9.5,4.2,9.0,-12.62,4309.0,27.11,1,2,2002,0
2002-01-09,台北一,SE6 青蔥 粉蔥 ,12.1,10.3,7.3,10.1,12.22,3503.0,-18.71,1,3,2002,0
2002-01-10,台北一,SE6 青蔥 粉蔥 ,10.6,10.0,8.9,9.9,-1.98,20409.0,482.61,1,4,2002,0
2002-01-11,台北一,SE6 青蔥 粉蔥 ,9.2,9.0,8.4,8.9,-10.1,21258.0,4.16,1,5,2002,0
2002-01-12,台北一,SE6 青蔥 粉蔥 ,11.4,9.0,5.9,8.8,-1.12,3050.0,-85.65,1,6,2002,0
2002-01-13,台北一,SE6 青蔥 粉蔥 ,11.1,8.8,7.0,8.9,1.14,3525.0,15.57,1,7,2002,0
2002-01-14,台北一,SE6 青蔥 粉蔥 ,12.0,10.5,5.4,9.8,10.11,786.0,-77.7,1,1,2002,0
2002-01-15,台北一,SE6 青蔥 粉蔥 ,,,,,,,,1,2,2002,1
2002-01-16,台北一,SE6 青蔥 粉蔥 ,10.4,8.9,6.0,8.6,-12.24,3415.0,334.48,1,3,2002,0
2002-01-17,台北一,SE6 青蔥 粉蔥 ,9.3,7.6,5.0,7.4,-13.95,2661.0,-22.08,1,4,2002,0
2002-01-18,台北一,SE6 青蔥 粉蔥 ,10.8,7.8,6.1,8.1,9.46,3340.0,25.52,1,5,2002,0
2002-01-19,台北一,SE6 青蔥 粉蔥 ,10.3,7.8,6.5,8.0,-1.23,3530.0,5.69,1,6,2002,0
2002-01-20,台北一,SE6 青蔥 粉蔥 ,12.5,9.8,7.6,9.9,23.75,2590.0,-26.63,1,7,2002,0
2002-01-21,台北一,SE6 青蔥 粉蔥 ,,,,,,,,1,1,2002,1
2002-01-22,台北一,SE6 青蔥 粉蔥 ,13.3,10.5,8.3,10.6,7.07,2797.0,7.99,1,2,2002,0
2002-01-23,台北一,SE6 青蔥 粉蔥 ,13.2,11.2,8.8,11.1,4.72,3111.0,11.23,1,3,2002,0
2002-01-24,台北一,SE6 青蔥 粉蔥 ,13.3,11.7,8.3,11.3,1.8,1994.0,-35.9,1,4,2002,0
2002-01-25,台北一,SE6 青蔥 粉蔥 ,12.4,11.0,8.9,10.9,-3.54,3256.0,63.29,1,5,2002,0
2002-01-26,台北一,SE6 青蔥 粉蔥 ,11.1,7.5,5.7,7.9,-27.52,4764.0,46.31,1,6,2002,0
2002-01-27,台北一,SE6 青蔥 粉蔥 ,10.0,7.5,5.8,7.6,-3.8,3649.0,-23.4,1,7,2002,0
2002-01-28,台北一,SE6 青蔥 粉蔥 ,14.2,11.4,9.1,11.5,51.32,2805.0,-23.13,1,1,2002,0
2002-01-29,台北一,SE6 青蔥 粉蔥 ,,,,,,,,1,2,2002,1
2002-01-30,台北一,SE6 青蔥 粉蔥 ,10.6,8.6,5.7,8.4,-26.96,4200.0,49.73,1,3,2002,0
2002-01-31,台北一,SE6 青蔥 粉蔥 ,9.0,7.7,5.5,7.5,-10.71,3410.0,-18.81,1,4,2002,0
2002-02-01,台北一,SE6 青蔥 粉蔥 ,10.0,7.6,5.4,7.6,1.33,3041.0,-10.82,2,5,2002,0
2002-02-02,台北一,SE6 青蔥 粉蔥 ,9.0,7.4,5.9,7.4,-2.63,3775.0,24.14,2,6,2002,0
2002-02-03,台北一,SE6 青蔥 粉蔥 ,9.3,7.8,5.6,7.7,4.05,4246.0,12.48,2,7,2002,0
2002-02-04,台北一,SE6 青蔥 粉蔥 ,,,,,,,,2,1,2002,1
2002-02-05,台北一,SE6 青蔥 粉蔥 ,10.9,8.9,6.8,8.9,15.58,3790.0,-10.74,2,2,2002,0
2002-02-06,台北一,SE6 青蔥 粉蔥 ,12.3,10.3,6.6,9.9,11.24,3635.0,-4.09,2,3,2002,0
2002-02-07,台北一,SE6 青蔥 粉蔥 ,11.7,9.7,6.4,9.4,-5.05,4629.0,27.35,2,4,2002,0
2002-02-08,台北一,SE6 青蔥 粉蔥 ,13.9,10.9,6.1,10.6,12.77,5125.0,10.72,2,5,2002,0
2002-02-09,台北一,SE6 青蔥 粉蔥 ,11.5,9.4,6.3,9.2,-13.21,5175.0,0.98,2,6,2002,0
2002-02-10,台北一,SE6 青蔥 粉蔥 ,12.4,9.6,5.8,9.4,2.17,6517.0,25.93,2,7,2002,0
2002-02-11,台北一,SE6 青蔥 粉蔥 ,13.5,7.5,1.9,7.6,-19.15,3760.0,-42.3,2,1,2002,0
2002-02-12,台北一,SE6 青蔥 粉蔥 ,,,,,,,,2,2,2002,1
2002-02-13,台北一,SE6 青蔥 粉蔥 ,,,,,,,,2,3,2002,1
2002-02-14,台北一,SE6 青蔥 粉蔥 ,,,,,,,,2,4,2002,1
2002-02-15,台北一,SE6 青蔥 粉蔥 ,,,,,,,,2,5,2002,1
2002-02-16,台北一,SE6 青蔥 粉蔥 ,,,,,,,,2,6,2002,1
2002-02-17,台北一,SE6 青蔥 粉蔥 ,12.0,8.0,6.0,8.4,10.53,4228.0,12.45,2,7,2002,0
2002-02-18,台北一,SE6 青蔥 粉蔥 ,9.5,8.3,5.7,8.0,-4.76,3082.0,-27.11,2,1,2002,0
2002-02-19,台北一,SE6 青蔥 粉蔥 ,8.6,6.3,4.0,6.3,-21.25,4893.0,58.76,2,2,2002,0
2002-02-20,台北一,SE6 青蔥 粉蔥 ,8.8,6.9,5.4,6.9,9.52,22542.0,360.7,2,3,2002,0
2002-02-21,台北一,SE6 青蔥 粉蔥 ,9.0,7.0,5.5,7.1,2.9,19889.0,-11.77,2,4,2002,0
2002-02-22,台北一,SE6 青蔥 粉蔥 ,8.4,5.7,3.0,5.7,-19.72,700.0,-96.48,2,5,2002,0
2002-02-23,台北一,SE6 青蔥 粉蔥 ,8.6,7.0,3.6,6.6,15.79,990.0,41.43,2,6,2002,0
2002-02-24,台北一,SE6 青蔥 粉蔥 ,12.9,9.8,7.0,9.8,48.48,1254.0,26.67,2,7,2002,0
2002-02-25,台北一,SE6 青蔥 粉蔥 ,16.2,12.9,9.5,12.9,31.63,9536.0,660.45,2,1,2002,0
2002-02-26,台北一,SE6 青蔥 粉蔥 ,15.1,13.1,9.7,12.8,-0.78,10918.0,14.49,2,2,2002,0
2002-02-27,台北一,SE6 青蔥 粉蔥 ,,,,,,,,2,3,2002,1
2002-02-28,台北一,SE6 青蔥 粉蔥 ,,,,,,,,2,4,2002,1
2002-03-01,台北一,SE6 青蔥 粉蔥 ,9.3,6.3,4.5,6.5,-49.22,14476.0,32.59,3,5,2002,0
2002-03-02,台北一,SE6 青蔥 粉蔥 ,8.9,6.0,4.1,6.2,-4.62,14379.0,-0.67,3,6,2002,0
2002-03-03,台北一,SE6 青蔥 粉蔥 ,9.5,6.5,4.2,6.6,6.45,14395.0,0.11,3,7,2002,0
2002-03-04,台北一,SE6 青蔥 粉蔥 ,,,,,,,,3,1,2002,1
2002-03-05,台北一,SE6 青蔥 粉蔥 ,9.5,6.8,4.7,6.9,4.55,12318.0,-14.43,3,2,2002,0
2002-03-06,台北一,SE6 青蔥 粉蔥 ,9.9,7.2,4.4,7.2,4.35,35125.0,185.15,3,3,2002,0
2002-03-07,台北一,SE6 青蔥 粉蔥 ,12.3,7.0,3.8,7.4,2.78,30291.0,-13.76,3,4,2002,0
2002-03-08,台北一,SE6 青蔥 粉蔥 ,9.4,7.3,4.7,7.2,-2.7,25805.0,-14.81,3,5,2002,0
2002-03-09,台北一,SE6 青蔥 粉蔥 ,12.6,10.8,8.1,10.6,47.22,24600.0,-4.67,3,6,2002,0
2002-03-10,台北一,SE6 青蔥 粉蔥 ,15.5,13.3,10.9,13.3,25.47,32236.0,31.04,3,7,2002,0
2002-03-11,台北一,SE6 青蔥 粉蔥 ,,,,,,,,3,1,2002,1
2002-03-12,台北一,SE6 青蔥 粉蔥 ,13.1,10.5,7.5,10.4,-21.8,33451.0,3.77,3,2,2002,0
2002-03-13,台北一,SE6 青蔥 粉蔥 ,11.3,9.0,5.5,8.8,-15.38,34753.0,3.89,3,3,2002,0
2002-03-14,台北一,SE6 青蔥 粉蔥 ,10.0,8.0,3.8,7.6,-13.64,34772.0,0.05,3,4,2002,0
2002-03-15,台北一,SE6 青蔥 粉蔥 ,8.4,6.6,3.2,6.3,-17.11,34563.0,-0.6,3,5,2002,0
2002-03-16,台北一,SE6 青蔥 粉蔥 ,9.3,7.1,3.8,6.9,9.52,31943.0,-7.58,3,6,2002,0
2002-03-17,台北一,SE6 青蔥 粉蔥 ,8.7,6.4,5.3,6.7,-2.9,12245.0,-61.67,3,7,2002,0
2002-03-18,台北一,SE6 青蔥 粉蔥 ,,,,,,,,3,1,2002,1
2002-03-19,台北一,SE6 青蔥 粉蔥 ,10.2,8.5,5.6,8.2,22.39,29234.0,138.74,3,2,2002,0
2002-03-20,台北一,SE6 青蔥 粉蔥 ,12.0,9.5,6.2,9.3,13.41,28088.0,-3.92,3,3,2002,0
2002-03-21,台北一,SE6 青蔥 粉蔥 ,10.8,7.8,6.1,8.1,-12.9,29264.0,4.19,3,4,2002,0
2002-03-22,台北一,SE6 青蔥 粉蔥 ,8.5,7.8,5.7,7.5,-7.41,30321.0,3.61,3,5,2002,0
2002-03-23,台北一,SE6 青蔥 粉蔥 ,11.8,8.6,5.3,8.6,14.67,32999.0,8.83,3,6,2002,0
2002-03-24,台北一,SE6 青蔥 粉蔥 ,12.1,9.2,6.1,9.1,5.81,34127.0,3.42,3,7,2002,0
2002-03-25,台北一,SE6 青蔥 粉蔥 ,,,,,,,,3,1,2002,1
2002-03-26,台北一,SE6 青蔥 粉蔥 ,12.0,9.2,6.1,9.1,0.0,32058.0,-6.06,3,2,2002,0
2002-03-27,台北一,SE6 青蔥 粉蔥 ,11.6,9.0,6.6,9.0,-1.1,31438.0,-1.93,3,3,2002,0
2002-03-28,台北一,SE6 青蔥 粉蔥 ,11.2,9.3,7.0,9.2,2.22,26646.0,-15.24,3,4,2002,0
2002-03-29,台北一,SE6 青蔥 粉蔥 ,10.1,8.5,4.5,8.0,-13.04,31593.0,18.57,3,5,2002,0
2002-03-30,台北一,SE6 青蔥 粉蔥 ,8.4,7.5,4.1,7.0,-12.5,31144.0,-1.42,3,6,2002,0
2002-03-31,台北一,SE6 青蔥 粉蔥 ,8.6,7.7,4.9,7.3,4.29,30886.0,-0.83,3,7,2002,0
2002-04-01,台北一,SE6 青蔥 粉蔥 ,10.2,7.9,6.0,8.0,9.59,23846.0,-22.79,4,1,2002,0
2002-04-02,台北一,SE6 青蔥 粉蔥 ,9.4,7.6,5.6,7.5,-6.25,27257.0,14.3,4,2,2002,0
2002-04-03,台北一,SE6 青蔥 粉蔥 ,10.0,7.8,5.9,7.8,4.0,27323.0,0.24,4,3,2002,0
2002-04-04,台北一,SE6 青蔥 粉蔥 ,15.2,11.2,9.2,11.6,48.72,31344.0,14.72,4,4,2002,0
2002-04-05,台北一,SE6 青蔥 粉蔥 ,,,,,,,,4,5,2002,1
2002-04-06,台北一,SE6 青蔥 粉蔥 ,,,,,,,,4,6,2002,1
2002-04-07,台北一,SE6 青蔥 粉蔥 ,17.8,14.4,12.0,14.6,25.86,25843.0,-17.55,4,7,2002,0
2002-04-08,台北一,SE6 青蔥 粉蔥 ,16.0,13.3,8.8,12.9,-11.64,27676.0,7.09,4,1,2002,0
2002-04-09,台北一,SE6 青蔥 粉蔥 ,13.4,10.6,5.5,10.2,-20.93,28853.0,4.25,4,2,2002,0
2002-04-10,台北一,SE6 青蔥 粉蔥 ,11.7,8.5,5.3,8.5,-16.67,29683.0,2.88,4,3,2002,0
2002-04-11,台北一,SE6 青蔥 粉蔥 ,12.9,9.1,6.2,9.3,9.41,26273.0,-11.49,4,4,2002,0
2002-04-12,台北一,SE6 青蔥 粉蔥 ,11.4,8.2,5.6,8.3,-10.75,28853.0,9.82,4,5,2002,0
2002-04-13,台北一,SE6 青蔥 粉蔥 ,10.6,8.7,6.7,8.7,4.82,27809.0,-3.62,4,6,2002,0
2002-04-14,台北一,SE6 青蔥 粉蔥 ,14.7,11.7,9.1,11.8,35.63,32070.0,15.32,4,7,2002,0
2002-04-15,台北一,SE6 青蔥 粉蔥 ,,,,,,,,4,1,2002,1
2002-04-16,台北一,SE6 青蔥 粉蔥 ,12.4,9.4,7.2,9.6,-18.64,27113.0,-15.46,4,2,2002,0
2002-04-17,台北一,SE6 青蔥 粉蔥 ,13.1,10.8,7.5,10.6,10.42,25639.0,-5.44,4,3,2002,0
2002-04-18,台北一,SE6 青蔥 粉蔥 ,13.1,11.3,7.1,10.8,1.89,25145.0,-1.93,4,4,2002,0
2002-04-19,台北一,SE6 青蔥 粉蔥 ,13.6,9.7,6.8,9.9,-8.33,28415.0,13.0,4,5,2002,0
2002-04-20,台北一,SE6 青蔥 粉蔥 ,14.0,9.8,6.3,9.9,0.0,29252.0,2.95,4,6,2002,0
2002-04-21,台北一,SE6 青蔥 粉蔥 ,12.2,9.2,5.7,9.1,-8.08,32105.0,9.75,4,7,2002,0
2002-04-22,台北一,SE6 青蔥 粉蔥 ,,,,,,,,4,1,2002,1
2002-04-23,台北一,SE6 青蔥 粉蔥 ,12.3,9.5,5.3,9.2,1.1,27039.0,-15.78,4,2,2002,0
2002-04-24,台北一,SE6 青蔥 粉蔥 ,13.0,10.5,5.2,9.9,7.61,23274.0,-13.92,4,3,2002,0
2002-04-25,台北一,SE6 青蔥 粉蔥 ,12.2,9.9,6.9,9.7,-2.02,21686.0,-6.82,4,4,2002,0
2002-04-26,台北一,SE6 青蔥 粉蔥 ,12.3,10.5,6.6,10.1,4.12,21853.0,0.77,4,5,2002,0
2002-04-27,台北一,SE6 青蔥 粉蔥 ,15.0,12.7,9.2,12.5,23.76,21563.0,-1.33,4,6,2002,0
2002-04-28,台北一,SE6 青蔥 粉蔥 ,16.2,14.0,10.7,13.8,10.4,24216.0,12.3,4,7,2002,0
2002-04-29,台北一,SE6 青蔥 粉蔥 ,,,,,,,,4,1,2002,1
2002-04-30,台北一,SE6 青蔥 粉蔥 ,15.4,12.3,8.9,12.2,-11.59,21841.0,-9.81,4,2,2002,0
2002-05-01,台北一,SE6 青蔥 粉蔥 ,15.1,12.6,9.1,12.4,1.64,20525.0,-6.03,5,3,2002,0
2002-05-02,台北一,SE6 青蔥 粉蔥 ,13.1,8.6,5.8,9.0,-27.42,8767.0,-57.29,5,4,2002,0
2002-05-03,台北一,SE6 青蔥 粉蔥 ,12.0,7.7,4.3,7.9,-12.22,9641.0,9.97,5,5,2002,0
2002-05-04,台北一,SE6 青蔥 粉蔥 ,14.4,10.7,6.1,10.5,32.91,19134.0,98.46,5,6,2002,0
2002-05-05,台北一,SE6 青蔥 粉蔥 ,15.6,13.6,11.0,13.5,28.57,20111.0,5.11,5,7,2002,0
2002-05-06,台北一,SE6 青蔥 粉蔥 ,,,,,,,,5,1,2002,1
2002-05-07,台北一,SE6 青蔥 粉蔥 ,15.1,11.6,6.2,11.2,-17.04,20219.0,0.54,5,2,2002,0
2002-05-08,台北一,SE6 青蔥 粉蔥 ,13.7,11.7,7.9,11.3,0.89,17855.0,-11.69,5,3,2002,0
2002-05-09,台北一,SE6 青蔥 粉蔥 ,15.0,12.3,9.4,12.3,8.85,15510.0,-13.13,5,4,2002,0
2002-05-10,台北一,SE6 青蔥 粉蔥 ,18.7,15.4,12.1,15.4,25.2,15392.0,-0.76,5,5,2002,0
2002-05-11,台北一,SE6 青蔥 粉蔥 ,25.0,18.9,16.3,19.6,27.27,15512.0,0.78,5,6,2002,0
2002-05-12,台北一,SE6 青蔥 粉蔥 ,24.6,19.8,16.6,20.1,2.55,19747.0,27.3,5,7,2002,0
2002-05-13,台北一,SE6 青蔥 粉蔥 ,,,,,,,,5,1,2002,1
2002-05-14,台北一,SE6 青蔥 粉蔥 ,21.6,18.6,12.4,17.9,-10.95,18478.0,-6.43,5,2,2002,0
2002-05-15,台北一,SE6 青蔥 粉蔥 ,15.5,13.6,10.0,13.2,-26.26,17506.0,-5.26,5,3,2002,0
2002-05-16,台北一,SE6 青蔥 粉蔥 ,15.1,12.8,8.7,12.4,-6.06,17374.0,-0.75,5,4,2002,0
2002-05-17,台北一,SE6 青蔥 粉蔥 ,15.7,13.0,9.5,12.8,3.23,16581.0,-4.56,5,5,2002,0
2002-05-18,台北一,SE6 青蔥 粉蔥 ,16.8,14.9,12.9,14.9,16.41,14280.0,-13.88,5,6,2002,0
2002-05-19,台北一,SE6 青蔥 粉蔥 ,15.2,13.8,11.3,13.6,-8.72,22226.0,55.64,5,7,2002,0
2002-05-20,台北一,SE6 青蔥 粉蔥 ,,,,,,,,5,1,2002,1
2002-05-21,台北一,SE6 青蔥 粉蔥 ,16.3,14.0,10.4,13.8,1.47,18674.0,-15.98,5,2,2002,0
2002-05-22,台北一,SE6 青蔥 粉蔥 ,17.5,14.4,11.4,14.4,4.35,14668.0,-21.45,5,3,2002,0
2002-05-23,台北一,SE6 青蔥 粉蔥 ,18.4,15.2,13.0,15.4,6.94,15581.0,6.22,5,4,2002,0
2002-05-24,台北一,SE6 青蔥 粉蔥 ,17.0,14.9,12.3,14.8,-3.9,14827.0,-4.84,5,5,2002,0
2002-05-25,台北一,SE6 青蔥 粉蔥 ,17.1,15.7,13.3,15.5,4.73,16190.0,9.19,5,6,2002,0
2002-05-26,台北一,SE6 青蔥 粉蔥 ,16.9,15.9,13.8,15.7,1.29,17591.0,8.65,5,7,2002,0
2002-05-27,台北一,SE6 青蔥 粉蔥 ,,,,,,,,5,1,2002,1
2002-05-28,台北一,SE6 青蔥 粉蔥 ,20.7,19.6,16.3,19.1,21.66,14450.0,-17.86,5,2,2002,0
2002-05-29,台北一,SE6 青蔥 粉蔥 ,20.9,19.7,17.2,19.4,1.57,14394.0,-0.39,5,3,2002,0
2002-05-30,台北一,SE6 青蔥 粉蔥 ,23.7,18.6,16.8,19.3,-0.52,13446.0,-6.59,5,4,2002,0
2002-05-31,台北一,SE6 青蔥 粉蔥 ,22.9,20.0,17.3,20.0,3.63,14854.0,10.47,5,5,2002,0
2002-06-01,台北一,SE6 青蔥 粉蔥 ,23.9,20.4,18.7,20.7,3.5,11007.0,-25.9,6,6,2002,0
2002-06-02,台北一,SE6 青蔥 粉蔥 ,26.9,22.5,19.9,22.8,10.14,14543.0,32.13,6,7,2002,0
2002-06-03,台北一,SE6 青蔥 粉蔥 ,,,,,,,,6,1,2002,1
2002-06-04,台北一,SE6 青蔥 粉蔥 ,20.5,18.6,16.0,18.4,-19.3,17819.0,22.53,6,2,2002,0
2002-06-05,台北一,SE6 青蔥 粉蔥 ,19.3,14.5,12.3,15.0,-18.48,16340.0,-8.3,6,3,2002,0
2002-06-06,台北一,SE6 青蔥 粉蔥 ,17.4,15.1,11.5,14.9,-0.67,16923.0,3.57,6,4,2002,0
2002-06-07,台北一,SE6 青蔥 粉蔥 ,19.6,14.6,11.2,14.9,0.0,15989.0,-5.52,6,5,2002,0
2002-06-08,台北一,SE6 青蔥 粉蔥 ,18.9,14.9,11.3,15.0,0.67,14580.0,-8.81,6,6,2002,0
2002-06-09,台北一,SE6 青蔥 粉蔥 ,21.9,15.9,13.9,16.7,11.33,15960.0,9.47,6,7,2002,0
2002-06-10,台北一,SE6 青蔥 粉蔥 ,,,,,,,,6,1,2002,1
2002-06-11,台北一,SE6 青蔥 粉蔥 ,21.5,17.0,15.4,17.6,5.39,14027.0,-12.11,6,2,2002,0
2002-06-12,台北一,SE6 青蔥 粉蔥 ,19.9,17.1,12.7,16.7,-5.11,14493.0,3.32,6,3,2002,0
2002-06-13,台北一,SE6 青蔥 粉蔥 ,20.7,16.6,14.8,17.0,1.8,12935.0,-10.75,6,4,2002,0
2002-06-14,台北一,SE6 青蔥 粉蔥 ,22.7,17.9,15.5,18.3,7.65,12307.0,-4.86,6,5,2002,0
2002-06-15,台北一,SE6 青蔥 粉蔥 ,23.8,18.8,14.9,19.0,3.83,18698.0,51.93,6,6,2002,0
2002-06-16,台北一,SE6 青蔥 粉蔥 ,,,,,,,,6,7,2002,1
2002-06-17,台北一,SE6 青蔥 粉蔥 ,,,,,,,,6,1,2002,1
2002-06-18,台北一,SE6 青蔥 粉蔥 ,23.7,17.7,12.3,17.8,-6.32,14480.0,-22.56,6,2,2002,0
2002-06-19,台北一,SE6 青蔥 粉蔥 ,20.7,17.6,14.1,17.5,-1.69,13042.0,-9.93,6,3,2002,0
2002-06-20,台北一,SE6 青蔥 粉蔥 ,22.1,17.5,14.8,17.9,2.29,11770.0,-9.75,6,4,2002,0
2002-06-21,台北一,SE6 青蔥 粉蔥 ,23.1,17.2,14.1,17.7,-1.12,12039.0,2.29,6,5,2002,0
2002-06-22,台北一,SE6 青蔥 粉蔥 ,22.1,17.9,15.9,18.3,3.39,10840.0,-9.96,6,6,2002,0
2002-06-23,台北一,SE6 青蔥 粉蔥 ,25.1,22.6,19.2,22.4,22.4,11252.0,3.8,6,7,2002,0
2002-06-24,台北一,SE6 青蔥 粉蔥 ,,,,,,,,6,1,2002,1
2002-06-25,台北一,SE6 青蔥 粉蔥 ,23.3,20.6,18.9,20.8,-7.14,10345.0,-8.06,6,2,2002,0
2002-06-26,台北一,SE6 青蔥 粉蔥 ,25.3,21.0,19.9,21.7,4.33,10319.0,-0.25,6,3,2002,0
2002-06-27,台北一,SE6 青蔥 粉蔥 ,25.2,21.7,19.3,21.9,0.92,10289.0,-0.29,6,4,2002,0
2002-06-28,台北一,SE6 青蔥 粉蔥 ,24.1,22.0,19.0,21.8,-0.46,9128.0,-11.28,6,5,2002,0
2002-06-29,台北一,SE6 青蔥 粉蔥 ,24.1,21.8,19.1,21.7,-0.46,9059.0,-0.76,6,6,2002,0
2002-06-30,台北一,SE6 青蔥 粉蔥 ,26.4,23.5,21.4,23.6,8.76,11175.0,23.36,6,7,2002,0
2002-07-01,台北一,SE6 青蔥 粉蔥 ,,,,,,,,7,1,2002,1
2002-07-02,台北一,SE6 青蔥 粉蔥 ,25.9,23.1,19.6,23.0,-2.54,12620.0,12.93,7,2,2002,0
2002-07-03,台北一,SE6 青蔥 粉蔥 ,25.0,23.1,16.8,22.2,-3.48,12838.0,1.73,7,3,2002,0
2002-07-04,台北一,SE6 青蔥 粉蔥 ,25.0,23.3,16.8,22.3,0.45,12905.0,0.52,7,4,2002,0
2002-07-05,台北一,SE6 青蔥 粉蔥 ,23.9,20.3,16.8,20.3,-8.97,12670.0,-1.82,7,5,2002,0
2002-07-06,台北一,SE6 青蔥 粉蔥 ,22.4,20.2,16.8,20.0,-1.48,13258.0,4.64,7,6,2002,0
2002-07-07,台北一,SE6 青蔥 粉蔥 ,23.2,21.6,17.8,21.1,5.5,13928.0,5.05,7,7,2002,0
2002-07-08,台北一,SE6 青蔥 粉蔥 ,,,,,,,,7,1,2002,1
2002-07-09,台北一,SE6 青蔥 粉蔥 ,27.8,25.6,23.1,25.5,20.85,12883.0,-7.5,7,2,2002,0
2002-07-10,台北一,SE6 青蔥 粉蔥 ,31.5,26.2,23.3,26.6,4.31,10784.0,-16.29,7,3,2002,0
2002-07-11,台北一,SE6 青蔥 粉蔥 ,31.6,28.5,25.9,28.6,7.52,10531.0,-2.35,7,4,2002,0
2002-07-12,台北一,SE6 青蔥 粉蔥 ,25.0,23.3,11.9,21.3,-25.52,12690.0,20.5,7,5,2002,0
2002-07-13,台北一,SE6 青蔥 粉蔥 ,22.6,18.6,10.8,17.8,-16.43,13239.0,4.33,7,6,2002,0
2002-07-14,台北一,SE6 青蔥 粉蔥 ,24.7,19.9,13.3,19.6,10.11,14047.0,6.1,7,7,2002,0
2002-07-15,台北一,SE6 青蔥 粉蔥 ,,,,,,,,7,1,2002,1
2002-07-16,台北一,SE6 青蔥 粉蔥 ,41.9,35.0,31.4,35.7,82.14,9396.0,-33.11,7,2,2002,0
2002-07-17,台北一,SE6 青蔥 粉蔥 ,46.5,39.9,33.1,39.9,11.76,8962.0,-4.62,7,3,2002,0
2002-07-18,台北一,SE6 青蔥 粉蔥 ,38.7,34.7,29.8,34.5,-13.53,11341.0,26.55,7,4,2002,0
2002-07-19,台北一,SE6 青蔥 粉蔥 ,35.1,29.4,18.6,28.4,-17.68,13256.0,16.89,7,5,2002,0
2002-07-20,台北一,SE6 青蔥 粉蔥 ,30.6,26.3,17.3,25.3,-10.92,11734.0,-11.48,7,6,2002,0
2002-07-21,台北一,SE6 青蔥 粉蔥 ,31.8,25.2,19.5,25.4,0.4,12278.0,4.64,7,7,2002,0
2002-07-22,台北一,SE6 青蔥 粉蔥 ,,,,,,,,7,1,2002,1
2002-07-23,台北一,SE6 青蔥 粉蔥 ,41.3,34.8,29.6,35.1,38.19,9150.0,-25.48,7,2,2002,0
2002-07-24,台北一,SE6 青蔥 粉蔥 ,44.0,35.7,34.4,37.1,5.7,8548.0,-6.58,7,3,2002,0
2002-07-25,台北一,SE6 青蔥 粉蔥 ,36.8,34.8,31.7,34.6,-6.74,8064.0,-5.66,7,4,2002,0
2002-07-26,台北一,SE6 青蔥 粉蔥 ,40.7,35.0,31.5,35.4,2.31,7195.0,-10.78,7,5,2002,0
2002-07-27,台北一,SE6 青蔥 粉蔥 ,41.1,36.9,29.6,36.2,2.26,5952.0,-17.28,7,6,2002,0
2002-07-28,台北一,SE6 青蔥 粉蔥 ,38.8,37.0,34.1,36.8,1.66,6225.0,4.59,7,7,2002,0
2002-07-29,台北一,SE6 青蔥 粉蔥 ,,,,,,,,7,1,2002,1
2002-07-30,台北一,SE6 青蔥 粉蔥 ,35.5,34.9,30.1,34.0,-7.61,6671.0,7.16,7,2,2002,0
2002-07-31,台北一,SE6 青蔥 粉蔥 ,32.8,30.4,21.4,29.1,-14.41,5871.0,-11.99,7,3,2002,0
2002-08-01,台北一,SE6 青蔥 粉蔥 ,32.0,30.6,24.5,29.7,2.06,4651.0,-20.78,8,4,2002,0
2002-08-02,台北一,SE6 青蔥 粉蔥 ,37.7,35.0,33.2,35.2,18.52,5000.0,7.5,8,5,2002,0
2002-08-03,台北一,SE6 青蔥 粉蔥 ,37.9,35.0,33.1,35.2,0.0,6496.0,29.92,8,6,2002,0
2002-08-04,台北一,SE6 青蔥 粉蔥 ,35.7,35.0,30.9,34.3,-2.56,8633.0,32.9,8,7,2002,0
2002-08-05,台北一,SE6 青蔥 粉蔥 ,,,,,,,,8,1,2002,1
2002-08-06,台北一,SE6 青蔥 粉蔥 ,40.5,39.7,35.3,39.0,13.7,6319.0,-26.8,8,2,2002,0
2002-08-07,台北一,SE6 青蔥 粉蔥 ,36.3,34.4,30.3,34.0,-12.82,5922.0,-6.28,8,3,2002,0
2002-08-08,台北一,SE6 青蔥 粉蔥 ,31.8,27.3,22.4,27.2,-20.0,7477.0,26.26,8,4,2002,0
2002-08-09,台北一,SE6 青蔥 粉蔥 ,33.8,29.8,24.7,29.6,8.82,6205.0,-17.01,8,5,2002,0
2002-08-10,台北一,SE6 青蔥 粉蔥 ,33.6,30.0,26.3,30.0,1.35,6440.0,3.79,8,6,2002,0
2002-08-11,台北一,SE6 青蔥 粉蔥 ,35.6,33.6,23.3,32.0,6.67,6028.0,-6.4,8,7,2002,0
2002-08-12,台北一,SE6 青蔥 粉蔥 ,,,,,,,,8,1,2002,1
2002-08-13,台北一,SE6 青蔥 粉蔥 ,35.0,35.0,32.3,34.5,7.81,4024.0,-33.24,8,2,2002,0
2002-08-14,台北一,SE6 青蔥 粉蔥 ,37.3,35.0,32.0,34.9,1.16,3701.0,-8.03,8,3,2002,0
2002-08-15,台北一,SE6 青蔥 粉蔥 ,33.9,32.0,31.0,32.2,-7.74,4098.0,10.73,8,4,2002,0
2002-08-16,台北一,SE6 青蔥 粉蔥 ,33.5,30.7,23.4,29.8,-7.45,4391.0,7.15,8,5,2002,0
2002-08-17,台北一,SE6 青蔥 粉蔥 ,32.0,31.4,21.2,29.5,-1.01,4761.0,8.43,8,6,2002,0
2002-08-18,台北一,SE6 青蔥 粉蔥 ,32.0,31.9,23.1,30.2,2.37,5169.0,8.57,8,7,2002,0
2002-08-19,台北一,SE6 青蔥 粉蔥 ,,,,,,,,8,1,2002,1
2002-08-20,台北一,SE6 青蔥 粉蔥 ,31.2,30.0,28.3,29.9,-0.99,4224.0,-18.28,8,2,2002,0
2002-08-21,台北一,SE6 青蔥 粉蔥 ,30.0,30.0,25.4,29.1,-2.68,4979.0,17.87,8,3,2002,0
2002-08-22,台北一,SE6 青蔥 粉蔥 ,35.7,35.0,32.6,34.7,19.24,5856.0,17.61,8,4,2002,0
2002-08-23,台北一,SE6 青蔥 粉蔥 ,40.2,38.0,34.9,37.8,8.93,6996.0,19.47,8,5,2002,0
2002-08-24,台北一,SE6 青蔥 粉蔥 ,,,,,,,,8,6,2002,1
2002-08-25,台北一,SE6 青蔥 粉蔥 ,,,,,,,,8,7,2002,1
2002-08-26,台北一,SE6 青蔥 粉蔥 ,38.7,35.0,31.9,35.1,-7.14,5080.0,-27.39,8,1,2002,0
2002-08-27,台北一,SE6 青蔥 粉蔥 ,31.9,30.0,25.5,29.5,-15.95,5216.0,2.68,8,2,2002,0
2002-08-28,台北一,SE6 青蔥 粉蔥 ,34.5,30.0,21.9,29.3,-0.68,6135.0,17.62,8,3,2002,0
2002-08-29,台北一,SE6 青蔥 粉蔥 ,31.1,30.0,25.2,29.3,0.0,5450.0,-11.17,8,4,2002,0
2002-08-30,台北一,SE6 青蔥 粉蔥 ,30.5,30.0,26.9,29.5,0.68,4787.0,-12.17,8,5,2002,0
2002-08-31,台北一,SE6 青蔥 粉蔥 ,32.3,30.0,27.1,29.9,1.36,5942.0,24.13,8,6,2002,0
2002-09-01,台北一,SE6 青蔥 粉蔥 ,32.5,31.9,27.9,31.2,4.35,6481.0,9.07,9,7,2002,0
2002-09-02,台北一,SE6 青蔥 粉蔥 ,,,,,,,,9,1,2002,1
2002-09-03,台北一,SE6 青蔥 粉蔥 ,35.9,34.2,25.8,32.8,5.13,6131.0,-5.4,9,2,2002,0
2002-09-04,台北一,SE6 青蔥 粉蔥 ,40.9,40.0,29.7,38.1,16.16,4424.0,-27.84,9,3,2002,0
2002-09-05,台北一,SE6 青蔥 粉蔥 ,45.7,45.0,45.0,45.1,18.37,5020.0,13.47,9,4,2002,0
2002-09-06,台北一,SE6 青蔥 粉蔥 ,33.7,32.0,29.5,31.8,-29.49,7016.0,39.76,9,5,2002,0
2002-09-07,台北一,SE6 青蔥 粉蔥 ,31.1,25.2,20.5,25.4,-20.13,2660.0,-62.09,9,6,2002,0
2002-09-08,台北一,SE6 青蔥 粉蔥 ,30.3,25.5,22.9,25.9,1.97,3770.0,41.73,9,7,2002,0
2002-09-09,台北一,SE6 青蔥 粉蔥 ,,,,,,,,9,1,2002,1
2002-09-10,台北一,SE6 青蔥 粉蔥 ,22.3,17.9,11.8,17.6,-32.05,3380.0,-10.34,9,2,2002,0
2002-09-11,台北一,SE6 青蔥 粉蔥 ,20.9,17.0,11.4,16.6,-5.68,4973.0,47.13,9,3,2002,0
2002-09-12,台北一,SE6 青蔥 粉蔥 ,22.4,18.0,16.7,18.6,12.05,4872.0,-2.03,9,4,2002,0
2002-09-13,台北一,SE6 青蔥 粉蔥 ,25.6,20.4,17.3,20.8,11.83,5224.0,7.22,9,5,2002,0
2002-09-14,台北一,SE6 青蔥 粉蔥 ,26.4,20.9,18.7,21.6,3.85,4952.0,-5.21,9,6,2002,0
2002-09-15,台北一,SE6 青蔥 粉蔥 ,29.8,23.9,21.6,24.6,13.89,6454.0,30.33,9,7,2002,0
2002-09-16,台北一,SE6 青蔥 粉蔥 ,,,,,,,,9,1,2002,1
2002-09-17,台北一,SE6 青蔥 粉蔥 ,25.9,22.3,19.0,22.3,-9.35,11518.0,78.46,9,2,2002,0
2002-09-18,台北一,SE6 青蔥 粉蔥 ,27.5,23.1,18.0,22.9,2.69,11113.0,-3.52,9,3,2002,0
2002-09-19,台北一,SE6 青蔥 粉蔥 ,28.0,21.8,18.1,22.3,-2.62,9274.0,-16.55,9,4,2002,0
2002-09-20,台北一,SE6 青蔥 粉蔥 ,20.5,16.6,13.2,16.7,-25.11,14149.0,52.57,9,5,2002,0
2002-09-21,台北一,SE6 青蔥 粉蔥 ,20.0,15.0,13.6,15.7,-5.99,14809.0,4.66,9,6,2002,0
2002-09-22,台北一,SE6 青蔥 粉蔥 ,,,,,,,,9,7,2002,1
2002-09-23,台北一,SE6 青蔥 粉蔥 ,,,,,,,,9,1,2002,1
2002-09-24,台北一,SE6 青蔥 粉蔥 ,20.0,17.8,17.0,18.1,15.29,11355.0,-23.32,9,2,2002,0
2002-09-25,台北一,SE6 青蔥 粉蔥 ,18.2,17.0,15.1,16.9,-6.63,10204.0,-10.14,9,3,2002,0
2002-09-26,台北一,SE6 青蔥 粉蔥 ,16.0,14.3,12.9,14.4,-14.79,10783.0,5.67,9,4,2002,0
2002-09-27,台北一,SE6 青蔥 粉蔥 ,18.4,15.0,15.0,15.7,9.03,326.0,-96.98,9,5,2002,0
2002-09-28,台北一,SE6 青蔥 粉蔥 ,15.0,14.4,12.1,14.0,-10.83,10480.0,3114.72,9,6,2002,0
2002-09-29,台北一,SE6 青蔥 粉蔥 ,18.5,15.9,14.9,16.2,15.71,10410.0,-0.67,9,7,2002,0
2002-09-30,台北一,SE6 青蔥 粉蔥 ,,,,,,,,9,1,2002,1
2002-10-01,台北一,SE6 青蔥 粉蔥 ,20.0,17.1,16.8,17.6,8.64,8877.0,-14.73,10,2,2002,0
2002-10-02,台北一,SE6 青蔥 粉蔥 ,20.2,19.6,17.9,19.4,10.23,4093.0,-53.89,10,3,2002,0
2002-10-03,台北一,SE6 青蔥 粉蔥 ,20.0,15.9,14.2,16.4,-15.46,7814.0,90.91,10,4,2002,0
2002-10-04,台北一,SE6 青蔥 粉蔥 ,16.1,14.4,12.0,14.2,-13.41,5344.0,-31.61,10,5,2002,0
2002-10-05,台北一,SE6 青蔥 粉蔥 ,18.0,17.9,16.3,17.6,23.94,4957.0,-7.24,10,6,2002,0
2002-10-06,台北一,SE6 青蔥 粉蔥 ,18.0,17.7,16.6,17.5,-0.57,5135.0,3.59,10,7,2002,0
2002-10-07,台北一,SE6 青蔥 粉蔥 ,,,,,,,,10,1,2002,1
2002-10-08,台北一,SE6 青蔥 粉蔥 ,18.5,18.0,15.7,17.6,0.57,5458.0,6.29,10,2,2002,0
2002-10-09,台北一,SE6 青蔥 粉蔥 ,18.1,18.0,17.2,17.9,1.7,5778.0,5.86,10,3,2002,0
2002-10-10,台北一,SE6 青蔥 粉蔥 ,15.4,15.0,15.0,15.1,-15.64,5931.0,2.65,10,4,2002,0
2002-10-11,台北一,SE6 青蔥 粉蔥 ,15.2,15.0,15.0,15.0,-0.66,5711.0,-3.71,10,5,2002,0
2002-10-12,台北一,SE6 青蔥 粉蔥 ,17.0,17.0,14.5,16.5,10.0,5324.0,-6.78,10,6,2002,0
2002-10-13,台北一,SE6 青蔥 粉蔥 ,16.0,14.8,12.0,14.5,-12.12,7183.0,34.92,10,7,2002,0
2002-10-14,台北一,SE6 青蔥 粉蔥 ,,,,,,,,10,1,2002,1
2002-10-15,台北一,SE6 青蔥 粉蔥 ,12.6,12.0,12.0,12.1,-16.55,500.0,-93.04,10,2,2002,0
2002-10-16,台北一,SE6 青蔥 粉蔥 ,15.0,15.0,12.2,14.4,19.01,5844.0,1068.8,10,3,2002,0
2002-10-17,台北一,SE6 青蔥 粉蔥 ,12.2,11.9,9.2,11.4,-20.83,5366.0,-8.18,10,4,2002,0
2002-10-18,台北一,SE6 青蔥 粉蔥 ,13.3,10.0,10.0,10.7,-6.14,300.0,-94.41,10,5,2002,0
2002-10-19,台北一,SE6 青蔥 粉蔥 ,10.0,10.0,10.0,10.0,-6.54,160.0,-46.67,10,6,2002,0
2002-10-20,台北一,SE6 青蔥 粉蔥 ,20.0,20.0,20.0,20.0,100.0,4992.0,3020.0,10,7,2002,0
2002-10-21,台北一,SE6 青蔥 粉蔥 ,,,,,,,,10,1,2002,1
2002-10-22,台北一,SE6 青蔥 粉蔥 ,,,,,,,,10,2,2002,1
2002-10-23,台北一,SE6 青蔥 粉蔥 ,15.0,15.0,15.0,15.0,-25.0,144.0,-97.12,10,3,2002,0
2002-10-24,台北一,SE6 青蔥 粉蔥 ,20.0,15.8,13.0,16.1,7.33,527.0,265.97,10,4,2002,0
2002-10-25,台北一,SE6 青蔥 粉蔥 ,17.0,13.9,13.0,14.4,-10.56,400.0,-24.1,10,5,2002,0
2002-10-26,台北一,SE6 青蔥 粉蔥 ,13.3,10.5,7.7,10.5,-27.08,5995.0,1398.75,10,6,2002,0
2002-10-27,台北一,SE6 青蔥 粉蔥 ,15.7,14.4,13.0,14.4,37.14,560.0,-90.66,10,7,2002,0
2002-10-28,台北一,SE6 青蔥 粉蔥 ,,,,,,,,10,1,2002,1
2002-10-29,台北一,SE6 青蔥 粉蔥 ,15.0,13.2,13.0,13.5,-6.25,240.0,-57.14,10,2,2002,0
2002-10-30,台北一,SE6 青蔥 粉蔥 ,13.0,13.0,13.0,13.0,-3.7,240.0,0.0,10,3,2002,0
2002-10-31,台北一,SE6 青蔥 粉蔥 ,13.0,12.8,12.0,12.7,-2.31,120.0,-50.0,10,4,2002,0
2002-11-01,台北一,SE6 青蔥 粉蔥 ,14.0,14.0,14.0,14.0,10.24,80.0,-33.33,11,5,2002,0
2002-11-02,台北一,SE6 青蔥 粉蔥 ,15.0,11.6,10.0,11.9,-15.0,362.0,352.5,11,6,2002,0
2002-11-03,台北一,SE6 青蔥 粉蔥 ,17.4,15.6,14.0,15.7,31.93,521.0,43.92,11,7,2002,0
2002-11-04,台北一,SE6 青蔥 粉蔥 ,,,,,,,,11,1,2002,1
2002-11-05,台北一,SE6 青蔥 粉蔥 ,,,,,,,,11,2,2002,1
2002-11-06,台北一,SE6 青蔥 粉蔥 ,,,,,,,,11,3,2002,1
2002-11-07,台北一,SE6 青蔥 粉蔥 ,,,,,,,,11,4,2002,1
2002-11-08,台北一,SE6 青蔥 粉蔥 ,15.0,15.0,15.0,15.0,-4.46,66.0,-87.33,11,5,2002,0
2002-11-09,台北一,SE6 青蔥 粉蔥 ,16.9,12.7,10.0,13.0,-13.33,580.0,778.79,11,6,2002,0
2002-11-10,台北一,SE6 青蔥 粉蔥 ,15.0,13.5,10.0,13.1,0.77,320.0,-44.83,11,7,2002,0
2002-11-11,台北一,SE6 青蔥 粉蔥 ,,,,,,,,11,1,2002,1
2002-11-12,台北一,SE6 青蔥 粉蔥 ,,,,,,,,11,2,2002,1
2002-11-13,台北一,SE6 青蔥 粉蔥 ,,,,,,,,11,3,2002,1
2002-11-14,台北一,SE6 青蔥 粉蔥 ,10.0,10.0,8.7,9.7,-25.95,4448.0,1290.0,11,4,2002,0
2002-11-15,台北一,SE6 青蔥 粉蔥 ,,,,,,,,11,5,2002,1
2002-11-16,台北一,SE6 青蔥 粉蔥 ,12.3,9.0,9.0,9.7,0.0,120.0,-97.3,11,6,2002,0
2002-11-17,台北一,SE6 青蔥 粉蔥 ,,,,,,,,11,7,2002,1
2002-11-18,台北一,SE6 青蔥 粉蔥 ,,,,,,,,11,1,2002,1
2002-11-19,台北一,SE6 青蔥 粉蔥 ,15.0,12.5,10.0,12.5,28.87,120.0,0.0,11,2,2002,0
2002-11-20,台北一,SE6 青蔥 粉蔥 ,15.0,13.5,12.0,13.5,8.0,80.0,-33.33,11,3,2002,0
2002-11-21,台北一,SE6 青蔥 粉蔥 ,15.0,13.5,12.0,13.5,0.0,120.0,50.0,11,4,2002,0
2002-11-22,台北一,SE6 青蔥 粉蔥 ,15.0,13.5,12.0,13.5,0.0,80.0,-33.33,11,5,2002,0
2002-11-23,台北一,SE6 青蔥 粉蔥 ,14.4,10.7,10.0,11.3,-16.3,380.0,375.0,11,6,2002,0
2002-11-24,台北一,SE6 青蔥 粉蔥 ,12.9,10.8,10.0,11.1,-1.77,620.0,63.16,11,7,2002,0
2002-11-25,台北一,SE6 青蔥 粉蔥 ,,,,,,,,11,1,2002,1
2002-11-26,台北一,SE6 青蔥 粉蔥 ,11.0,11.0,11.0,11.0,-0.9,280.0,-54.84,11,2,2002,0
2002-11-27,台北一,SE6 青蔥 粉蔥 ,10.0,10.0,10.0,10.0,-9.09,200.0,-28.57,11,3,2002,0
2002-11-28,台北一,SE6 青蔥 粉蔥 ,9.0,9.0,9.0,9.0,-10.0,200.0,0.0,11,4,2002,0
2002-11-29,台北一,SE6 青蔥 粉蔥 ,9.0,8.2,8.0,8.3,-7.78,120.0,-40.0,11,5,2002,0
2002-11-30,台北一,SE6 青蔥 粉蔥 ,8.0,8.0,8.0,8.0,-3.61,140.0,16.67,11,6,2002,0
2002-12-01,台北一,SE6 青蔥 粉蔥 ,13.0,9.0,8.0,9.6,20.0,200.0,42.86,12,7,2002,0
2002-12-02,台北一,SE6 青蔥 粉蔥 ,,,,,,,,12,1,2002,1
2002-12-03,台北一,SE6 青蔥 粉蔥 ,12.0,8.7,8.0,9.2,-4.17,125.0,-37.5,12,2,2002,0
2002-12-04,台北一,SE6 青蔥 粉蔥 ,11.6,9.8,8.0,9.8,6.52,402.0,221.6,12,3,2002,0
2002-12-05,台北一,SE6 青蔥 粉蔥 ,12.0,9.4,8.0,9.6,-2.04,1075.0,167.41,12,4,2002,0
2002-12-06,台北一,SE6 青蔥 粉蔥 ,10.8,6.5,4.0,6.9,-28.12,315.0,-70.7,12,5,2002,0
2002-12-07,台北一,SE6 青蔥 粉蔥 ,12.0,9.4,8.3,9.7,40.58,175.0,-44.44,12,6,2002,0
2002-12-08,台北一,SE6 青蔥 粉蔥 ,11.0,10.1,10.0,10.3,6.19,175.0,0.0,12,7,2002,0
2002-12-09,台北一,SE6 青蔥 粉蔥 ,,,,,,,,12,1,2002,1
2002-12-10,台北一,SE6 青蔥 粉蔥 ,10.0,10.0,10.0,10.0,-2.91,175.0,0.0,12,2,2002,0
2002-12-11,台北一,SE6 青蔥 粉蔥 ,12.0,11.7,10.0,11.4,14.0,175.0,0.0,12,3,2002,0
2002-12-12,台北一,SE6 青蔥 粉蔥 ,16.0,15.8,15.0,15.7,37.72,150.0,-14.29,12,4,2002,0
2002-12-13,台北一,SE6 青蔥 粉蔥 ,13.0,12.1,12.0,12.3,-21.66,100.0,-33.33,12,5,2002,0
2002-12-14,台北一,SE6 青蔥 粉蔥 ,13.8,8.5,6.4,9.1,-26.02,365.0,265.0,12,6,2002,0
2002-12-15,台北一,SE6 青蔥 粉蔥 ,15.0,10.3,5.0,10.2,12.09,520.0,42.47,12,7,2002,0
2002-12-16,台北一,SE6 青蔥 粉蔥 ,,,,,,,,12,1,2002,1
2002-12-17,台北一,SE6 青蔥 粉蔥 ,14.0,9.5,5.0,9.5,-6.86,245.0,-52.88,12,2,2002,0
2002-12-18,台北一,SE6 青蔥 粉蔥 ,12.6,10.4,6.0,10.0,5.26,205.0,-16.33,12,3,2002,0
2002-12-19,台北一,SE6 青蔥 粉蔥 ,12.8,11.5,5.0,10.5,5.0,165.0,-19.51,12,4,2002,0
2002-12-20,台北一,SE6 青蔥 粉蔥 ,9.7,7.6,5.0,7.5,-28.57,4175.0,2430.3,12,5,2002,0
2002-12-21,台北一,SE6 青蔥 粉蔥 ,10.0,8.0,8.0,8.4,12.0,125.0,-97.01,12,6,2002,0
2002-12-22,台北一,SE6 青蔥 粉蔥 ,14.0,14.0,14.0,14.0,66.67,100.0,-20.0,12,7,2002,0
2002-12-23,台北一,SE6 青蔥 粉蔥 ,,,,,,,,12,1,2002,1
2002-12-24,台北一,SE6 青蔥 粉蔥 ,18.5,8.6,3.0,9.4,-32.86,443.0,343.0,12,2,2002,0
2002-12-25,台北一,SE6 青蔥 粉蔥 ,9.0,7.8,7.0,7.9,-15.96,209.0,-52.82,12,3,2002,0
2002-12-26,台北一,SE6 青蔥 粉蔥 ,10.0,8.7,6.0,8.4,6.33,201.0,-3.83,12,4,2002,0
2002-12-27,台北一,SE6 青蔥 粉蔥 ,8.0,8.0,6.3,7.7,-8.33,120.0,-40.3,12,5,2002,0
2002-12-28,台北一,SE6 青蔥 粉蔥 ,13.0,12.1,7.0,11.3,46.75,140.0,16.67,12,6,2002,0
2002-12-29,台北一,SE6 青蔥 粉蔥 ,14.0,14.0,14.0,14.0,23.89,75.0,-46.43,12,7,2002,0
2002-12-30,台北一,SE6 青蔥 粉蔥 ,,,,,,,,12,1,2002,1
2002-12-31,台北一,SE6 青蔥 粉蔥 ,15.0,12.4,6.8,11.8,-15.71,227.0,202.67,12,2,2002,0
2003-01-01,台北一,SE6 青蔥 粉蔥 ,13.0,13.0,13.0,13.0,10.17,75.0,-66.96,1,3,2003,0
2003-01-02,台北一,SE6 青蔥 粉蔥 ,12.0,10.2,7.0,9.9,-23.85,129.0,72.0,1,4,2003,0
2003-01-03,台北一,SE6 青蔥 粉蔥 ,26.0,12.3,5.0,13.5,36.36,1379.0,968.99,1,5,2003,0
2003-01-04,台北一,SE6 青蔥 粉蔥 ,15.0,11.5,6.0,11.1,-17.78,235.0,-82.96,1,6,2003,0
2003-01-05,台北一,SE6 青蔥 粉蔥 ,12.0,11.2,6.6,10.5,-5.41,443.0,88.51,1,7,2003,0
2003-01-06,台北一,SE6 青蔥 粉蔥 ,,,,,,,,1,1,2003,1
2003-01-07,台北一,SE6 青蔥 粉蔥 ,14.2,9.3,5.0,9.4,-10.48,987.0,122.8,1,2,2003,0
2003-01-08,台北一,SE6 青蔥 粉蔥 ,16.5,11.3,4.0,10.8,14.89,443.0,-55.12,1,3,2003,0
2003-01-09,台北一,SE6 青蔥 粉蔥 ,15.6,11.3,10.0,11.9,10.19,636.0,43.57,1,4,2003,0
2003-01-10,台北一,SE6 青蔥 粉蔥 ,14.0,10.7,10.0,11.2,-5.88,218.0,-65.72,1,5,2003,0
2003-01-11,台北一,SE6 青蔥 粉蔥 ,13.0,11.6,7.0,11.0,-1.79,250.0,14.68,1,6,2003,0
2003-01-12,台北一,SE6 青蔥 粉蔥 ,15.0,10.5,5.0,10.3,-6.36,296.0,18.4,1,7,2003,0
2003-01-13,台北一,SE6 青蔥 粉蔥 ,,,,,,,,1,1,2003,1
2003-01-14,台北一,SE6 青蔥 粉蔥 ,14.4,13.3,7.0,12.2,18.45,345.0,16.55,1,2,2003,0
2003-01-15,台北一,SE6 青蔥 粉蔥 ,12.0,10.2,7.0,9.9,-18.85,505.0,46.38,1,3,2003,0
2003-01-16,台北一,SE6 青蔥 粉蔥 ,14.6,10.1,5.1,10.0,1.01,816.0,61.58,1,4,2003,0
2003-01-17,台北一,SE6 青蔥 粉蔥 ,10.3,7.0,5.0,7.3,-27.0,435.0,-46.69,1,5,2003,0
2003-01-18,台北一,SE6 青蔥 粉蔥 ,11.6,6.7,4.0,7.1,-2.74,449.0,3.22,1,6,2003,0
2003-01-19,台北一,SE6 青蔥 粉蔥 ,11.3,7.8,4.5,7.8,9.86,425.0,-5.35,1,7,2003,0
2003-01-20,台北一,SE6 青蔥 粉蔥 ,,,,,,,,1,1,2003,1
2003-01-21,台北一,SE6 青蔥 粉蔥 ,13.0,11.0,6.3,10.5,34.62,429.0,0.94,1,2,2003,0
2003-01-22,台北一,SE6 青蔥 粉蔥 ,13.0,8.8,5.0,8.9,-15.24,330.0,-23.08,1,3,2003,0
2003-01-23,台北一,SE6 青蔥 粉蔥 ,12.2,7.9,4.5,8.1,-8.99,6355.0,1825.76,1,4,2003,0
2003-01-24,台北一,SE6 青蔥 粉蔥 ,5.0,5.0,5.0,5.0,-38.27,75.0,-98.82,1,5,2003,0
2003-01-25,台北一,SE6 青蔥 粉蔥 ,10.0,8.3,7.0,8.4,68.0,235.0,213.33,1,6,2003,0
2003-01-26,台北一,SE6 青蔥 粉蔥 ,10.0,7.2,5.0,7.3,-13.1,240.0,2.13,1,7,2003,0
2003-01-27,台北一,SE6 青蔥 粉蔥 ,8.8,6.6,4.0,6.5,-10.96,368.0,53.33,1,1,2003,0
2003-01-28,台北一,SE6 青蔥 粉蔥 ,10.0,6.4,3.0,7.1,9.23,600.0,63.04,1,2,2003,0
2003-01-29,台北一,SE6 青蔥 粉蔥 ,19.0,16.6,10.0,15.8,122.54,260.0,-56.67,1,3,2003,0
2003-01-30,台北一,SE6 青蔥 粉蔥 ,25.0,22.8,17.7,22.2,40.51,340.0,30.77,1,4,2003,0
2003-01-31,台北一,SE6 青蔥 粉蔥 ,42.0,40.3,34.7,39.5,77.93,460.0,35.29,1,5,2003,0
2003-02-01,台北一,SE6 青蔥 粉蔥 ,,,,,,,,2,6,2003,1
2003-02-02,台北一,SE6 青蔥 粉蔥 ,,,,,,,,2,7,2003,1
2003-02-03,台北一,SE6 青蔥 粉蔥 ,,,,,,,,2,1,2003,1
2003-02-04,台北一,SE6 青蔥 粉蔥 ,,,,,,,,2,2,2003,1
2003-02-05,台北一,SE6 青蔥 粉蔥 ,,,,,,,,2,3,2003,1
2003-02-06,台北一,SE6 青蔥 粉蔥 ,18.7,10.0,10.0,11.7,-70.38,230.0,-50.0,2,4,2003,0
2003-02-07,台北一,SE6 青蔥 粉蔥 ,13.0,8.9,4.4,8.8,-24.79,330.0,43.48,2,5,2003,0
2003-02-08,台北一,SE6 青蔥 粉蔥 ,13.0,7.9,6.0,8.6,-2.27,320.0,-3.03,2,6,2003,0
2003-02-09,台北一,SE6 青蔥 粉蔥 ,16.0,14.0,5.8,12.7,47.67,632.0,97.5,2,7,2003,0
2003-02-10,台北一,SE6 青蔥 粉蔥 ,,,,,,,,2,1,2003,1
2003-02-11,台北一,SE6 青蔥 粉蔥 ,19.5,11.7,4.1,11.7,-7.87,815.0,28.96,2,2,2003,0
2003-02-12,台北一,SE6 青蔥 粉蔥 ,8.0,8.0,7.0,7.8,-33.33,192.0,-76.44,2,3,2003,0
2003-02-13,台北一,SE6 青蔥 粉蔥 ,8.0,7.2,6.0,7.1,-8.97,180.0,-6.25,2,4,2003,0
2003-02-14,台北一,SE6 青蔥 粉蔥 ,8.0,8.0,8.0,8.0,12.68,80.0,-55.56,2,5,2003,0
2003-02-15,台北一,SE6 青蔥 粉蔥 ,12.0,12.0,12.0,12.0,50.0,80.0,0.0,2,6,2003,0
2003-02-16,台北一,SE6 青蔥 粉蔥 ,,,,,,,,2,7,2003,1
2003-02-17,台北一,SE6 青蔥 粉蔥 ,,,,,,,,2,1,2003,1
2003-02-18,台北一,SE6 青蔥 粉蔥 ,10.0,7.4,6.0,7.7,-35.83,338.0,322.5,2,2,2003,0
2003-02-19,台北一,SE6 青蔥 粉蔥 ,16.4,7.9,3.0,8.6,11.69,413.0,22.19,2,3,2003,0
2003-02-20,台北一,SE6 青蔥 粉蔥 ,12.0,12.0,7.6,11.1,29.07,158.0,-61.74,2,4,2003,0
2003-02-21,台北一,SE6 青蔥 粉蔥 ,12.0,9.0,6.0,9.0,-18.92,40.0,-74.68,2,5,2003,0
2003-02-22,台北一,SE6 青蔥 粉蔥 ,12.0,12.0,12.0,12.0,33.33,20.0,-50.0,2,6,2003,0
2003-02-23,台北一,SE6 青蔥 粉蔥 ,18.0,15.8,4.0,13.9,15.83,175.0,775.0,2,7,2003,0
2003-02-24,台北一,SE6 青蔥 粉蔥 ,,,,,,,,2,1,2003,1
2003-02-25,台北一,SE6 青蔥 粉蔥 ,13.0,11.7,7.4,11.1,-20.14,275.0,57.14,2,2,2003,0
2003-02-26,台北一,SE6 青蔥 粉蔥 ,15.0,12.5,12.0,12.9,16.22,85.0,-69.09,2,3,2003,0
2003-02-27,台北一,SE6 青蔥 粉蔥 ,10.0,9.3,7.0,9.0,-30.23,396.0,365.88,2,4,2003,0
2003-02-28,台北一,SE6 青蔥 粉蔥 ,12.6,10.8,10.0,11.0,22.22,226.0,-42.93,2,5,2003,0
2003-03-01,台北一,SE6 青蔥 粉蔥 ,9.0,7.3,6.0,7.4,-32.73,339.0,50.0,3,6,2003,0
2003-03-02,台北一,SE6 青蔥 粉蔥 ,12.0,9.7,5.0,9.2,24.32,300.0,-11.5,3,7,2003,0
2003-03-03,台北一,SE6 青蔥 粉蔥 ,,,,,,,,3,1,2003,1
2003-03-04,台北一,SE6 青蔥 粉蔥 ,10.0,7.6,5.5,7.7,-16.3,490.0,63.33,3,2,2003,0
2003-03-05,台北一,SE6 青蔥 粉蔥 ,9.1,6.1,5.1,6.5,-15.58,425.0,-13.27,3,3,2003,0
2003-03-06,台北一,SE6 青蔥 粉蔥 ,,,,,,,,3,4,2003,1
2003-03-07,台北一,SE6 青蔥 粉蔥 ,,,,,,,,3,5,2003,1
2003-03-08,台北一,SE6 青蔥 粉蔥 ,11.0,9.2,7.0,9.1,40.0,200.0,-52.94,3,6,2003,0
2003-03-09,台北一,SE6 青蔥 粉蔥 ,10.0,9.7,8.0,9.4,3.3,280.0,40.0,3,7,2003,0
2003-03-10,台北一,SE6 青蔥 粉蔥 ,,,,,,,,3,1,2003,1
2003-03-11,台北一,SE6 青蔥 粉蔥 ,11.0,10.4,10.0,10.5,11.7,300.0,7.14,3,2,2003,0
2003-03-12,台北一,SE6 青蔥 粉蔥 ,15.0,10.1,7.0,10.5,0.0,560.0,86.67,3,3,2003,0
2003-03-13,台北一,SE6 青蔥 粉蔥 ,11.0,9.5,8.0,9.5,-9.52,240.0,-57.14,3,4,2003,0
2003-03-14,台北一,SE6 青蔥 粉蔥 ,15.6,12.0,12.0,12.7,33.68,280.0,16.67,3,5,2003,0
2003-03-15,台北一,SE6 青蔥 粉蔥 ,12.0,11.3,9.0,11.0,-13.39,300.0,7.14,3,6,2003,0
2003-03-16,台北一,SE6 青蔥 粉蔥 ,,,,,,,,3,7,2003,1
2003-03-17,台北一,SE6 青蔥 粉蔥 ,,,,,,,,3,1,2003,1
2003-03-18,台北一,SE6 青蔥 粉蔥 ,5.0,5.0,5.0,5.0,-54.55,360.0,20.0,3,2,2003,0
2003-03-19,台北一,SE6 青蔥 粉蔥 ,6.0,5.7,5.0,5.6,12.0,440.0,22.22,3,3,2003,0
2003-03-20,台北一,SE6 青蔥 粉蔥 ,,,,,,,,3,4,2003,1
2003-03-21,台北一,SE6 青蔥 粉蔥 ,,,,,,,,3,5,2003,1
2003-03-22,台北一,SE6 青蔥 粉蔥 ,,,,,,,,3,6,2003,1
2003-03-23,台北一,SE6 青蔥 粉蔥 ,10.0,10.0,10.0,10.0,78.57,100.0,-77.27,3,7,2003,0
2003-03-24,台北一,SE6 青蔥 粉蔥 ,,,,,,,,3,1,2003,1
2003-03-25,台北一,SE6 青蔥 粉蔥 ,13.0,12.0,11.0,12.0,20.0,300.0,200.0,3,2,2003,0
2003-03-26,台北一,SE6 青蔥 粉蔥 ,9.0,7.8,6.0,7.7,-35.83,320.0,6.67,3,3,2003,0
2003-03-27,台北一,SE6 青蔥 粉蔥 ,12.2,12.0,9.8,11.6,50.65,12577.0,3830.31,3,4,2003,0
2003-03-28,台北一,SE6 青蔥 粉蔥 ,10.0,8.2,6.0,8.1,-30.17,380.0,-96.98,3,5,2003,0
2003-03-29,台北一,SE6 青蔥 粉蔥 ,12.0,10.7,9.0,10.6,30.86,562.0,47.89,3,6,2003,0
2003-03-30,台北一,SE6 青蔥 粉蔥 ,12.9,11.5,8.0,11.1,4.72,440.0,-21.71,3,7,2003,0
2003-03-31,台北一,SE6 青蔥 粉蔥 ,,,,,,,,3,1,2003,1
2003-04-01,台北一,SE6 青蔥 粉蔥 ,6.0,6.0,5.0,5.8,-47.75,260.0,-40.91,4,2,2003,0
2003-04-02,台北一,SE6 青蔥 粉蔥 ,7.0,5.1,5.0,5.5,-5.17,260.0,0.0,4,3,2003,0
2003-04-03,台北一,SE6 青蔥 粉蔥 ,,,,,,,,4,4,2003,1
2003-04-04,台北一,SE6 青蔥 粉蔥 ,6.0,5.2,4.0,5.1,-7.27,140.0,-46.15,4,5,2003,0
2003-04-05,台北一,SE6 青蔥 粉蔥 ,12.0,10.0,8.0,10.0,96.08,160.0,14.29,4,6,2003,0
2003-04-06,台北一,SE6 青蔥 粉蔥 ,,,,,,,,4,7,2003,1
2003-04-07,台北一,SE6 青蔥 粉蔥 ,,,,,,,,4,1,2003,1
2003-04-08,台北一,SE6 青蔥 粉蔥 ,6.0,6.0,6.0,6.0,-40.0,160.0,0.0,4,2,2003,0
2003-04-09,台北一,SE6 青蔥 粉蔥 ,,,,,,,,4,3,2003,1
2003-04-10,台北一,SE6 青蔥 粉蔥 ,,,,,,,,4,4,2003,1
2003-04-11,台北一,SE6 青蔥 粉蔥 ,15.0,12.9,8.0,12.3,105.0,360.0,125.0,4,5,2003,0
2003-04-12,台北一,SE6 青蔥 粉蔥 ,13.0,9.5,8.0,9.9,-19.51,320.0,-11.11,4,6,2003,0
2003-04-13,台北一,SE6 青蔥 粉蔥 ,8.0,8.0,8.0,8.0,-19.19,280.0,-12.5,4,7,2003,0
2003-04-14,台北一,SE6 青蔥 粉蔥 ,,,,,,,,4,1,2003,1
2003-04-15,台北一,SE6 青蔥 粉蔥 ,8.0,8.0,8.0,8.0,0.0,100.0,-64.29,4,2,2003,0
2003-04-16,台北一,SE6 青蔥 粉蔥 ,,,,,,,,4,3,2003,1
2003-04-17,台北一,SE6 青蔥 粉蔥 ,,,,,,,,4,4,2003,1
2003-04-18,台北一,SE6 青蔥 粉蔥 ,,,,,,,,4,5,2003,1
2003-04-19,台北一,SE6 青蔥 粉蔥 ,7.0,6.3,5.0,6.2,-22.5,220.0,120.0,4,6,2003,0
2003-04-20,台北一,SE6 青蔥 粉蔥 ,,,,,,,,4,7,2003,1
2003-04-21,台北一,SE6 青蔥 粉蔥 ,,,,,,,,4,1,2003,1
2003-04-22,台北一,SE6 青蔥 粉蔥 ,,,,,,,,4,2,2003,1
2003-04-23,台北一,SE6 青蔥 粉蔥 ,,,,,,,,4,3,2003,1
2003-04-24,台北一,SE6 青蔥 粉蔥 ,,,,,,,,4,4,2003,1
2003-04-25,台北一,SE6 青蔥 粉蔥 ,10.0,9.7,5.0,8.8,41.94,500.0,127.27,4,5,2003,0
2003-04-26,台北一,SE6 青蔥 粉蔥 ,,,,,,,,4,6,2003,1
2003-04-27,台北一,SE6 青蔥 粉蔥 ,6.0,5.0,4.0,5.0,-43.18,200.0,-60.0,4,7,2003,0
2003-04-28,台北一,SE6 青蔥 粉蔥 ,,,,,,,,4,1,2003,1
2003-04-29,台北一,SE6 青蔥 粉蔥 ,,,,,,,,4,2,2003,1
2003-04-30,台北一,SE6 青蔥 粉蔥 ,,,,,,,,4,3,2003,1
2003-05-01,台北一,SE6 青蔥 粉蔥 ,15.0,15.0,15.0,15.0,200.0,20.0,-90.0,5,4,2003,0
2003-05-02,台北一,SE6 青蔥 粉蔥 ,,,,,,,,5,5,2003,1
2003-05-03,台北一,SE6 青蔥 粉蔥 ,,,,,,,,5,6,2003,1
2003-05-04,台北一,SE6 青蔥 粉蔥 ,,,,,,,,5,7,2003,1
2003-05-05,台北一,SE6 青蔥 粉蔥 ,,,,,,,,5,1,2003,1
2003-05-06,台北一,SE6 青蔥 粉蔥 ,,,,,,,,5,2,2003,1
2003-05-07,台北一,SE6 青蔥 粉蔥 ,10.0,10.0,10.0,10.0,-33.33,160.0,700.0,5,3,2003,0
2003-05-08,台北一,SE6 青蔥 粉蔥 ,7.0,7.0,7.0,7.0,-30.0,80.0,-50.0,5,4,2003,0
2003-05-09,台北一,SE6 青蔥 粉蔥 ,,,,,,,,5,5,2003,1
2003-05-10,台北一,SE6 青蔥 粉蔥 ,,,,,,,,5,6,2003,1
2003-05-11,台北一,SE6 青蔥 粉蔥 ,,,,,,,,5,7,2003,1
2003-05-12,台北一,SE6 青蔥 粉蔥 ,,,,,,,,5,1,2003,1
2003-05-13,台北一,SE6 青蔥 粉蔥 ,,,,,,,,5,2,2003,1
2003-05-14,台北一,SE6 青蔥 粉蔥 ,,,,,,,,5,3,2003,1
2003-05-15,台北一,SE6 青蔥 粉蔥 ,,,,,,,,5,4,2003,1
2003-05-16,台北一,SE6 青蔥 粉蔥 ,12.3,9.0,7.0,9.2,31.43,372.0,365.0,5,5,2003,0
2003-05-17,台北一,SE6 青蔥 粉蔥 ,,,,,,,,5,6,2003,1
2003-05-18,台北一,SE6 青蔥 粉蔥 ,,,,,,,,5,7,2003,1
2003-05-19,台北一,SE6 青蔥 粉蔥 ,,,,,,,,5,1,2003,1
2003-05-20,台北一,SE6 青蔥 粉蔥 ,,,,,,,,5,2,2003,1
2003-05-21,台北一,SE6 青蔥 粉蔥 ,,,,,,,,5,3,2003,1
2003-05-22,台北一,SE6 青蔥 粉蔥 ,,,,,,,,5,4,2003,1
2003-05-23,台北一,SE6 青蔥 粉蔥 ,,,,,,,,5,5,2003,1
2003-05-24,台北一,SE6 青蔥 粉蔥 ,15.0,15.0,15.0,15.0,63.04,40.0,-89.25,5,6,2003,0
2003-05-25,台北一,SE6 青蔥 粉蔥 ,12.0,11.2,7.0,10.5,-30.0,240.0,500.0,5,7,2003,0
2003-05-26,台北一,SE6 青蔥 粉蔥 ,,,,,,,,5,1,2003,1
2003-05-27,台北一,SE6 青蔥 粉蔥 ,9.0,8.4,5.0,7.9,-24.76,154.0,-35.83,5,2,2003,0
2003-05-28,台北一,SE6 青蔥 粉蔥 ,12.0,12.0,12.0,12.0,51.9,220.0,42.86,5,3,2003,0
2003-05-29,台北一,SE6 青蔥 粉蔥 ,,,,,,,,5,4,2003,1
2003-05-30,台北一,SE6 青蔥 粉蔥 ,,,,,,,,5,5,2003,1
2003-05-31,台北一,SE6 青蔥 粉蔥 ,,,,,,,,5,6,2003,1
2003-06-01,台北一,SE6 青蔥 粉蔥 ,,,,,,,,6,7,2003,1
2003-06-02,台北一,SE6 青蔥 粉蔥 ,,,,,,,,6,1,2003,1
2003-06-03,台北一,SE6 青蔥 粉蔥 ,,,,,,,,6,2,2003,1
2003-06-04,台北一,SE6 青蔥 粉蔥 ,,,,,,,,6,3,2003,1
2003-06-05,台北一,SE6 青蔥 粉蔥 ,,,,,,,,6,4,2003,1
2003-06-06,台北一,SE6 青蔥 粉蔥 ,,,,,,,,6,5,2003,1
2003-06-07,台北一,SE6 青蔥 粉蔥 ,,,,,,,,6,6,2003,1
2003-06-08,台北一,SE6 青蔥 粉蔥 ,,,,,,,,6,7,2003,1
2003-06-09,台北一,SE6 青蔥 粉蔥 ,,,,,,,,6,1,2003,1
2003-06-10,台北一,SE6 青蔥 粉蔥 ,18.0,17.5,17.0,17.5,45.83,40.0,-81.82,6,2,2003,0
2003-06-11,台北一,SE6 青蔥 粉蔥 ,,,,,,,,6,3,2003,1
2003-06-12,台北一,SE6 青蔥 粉蔥 ,,,,,,,,6,4,2003,1
2003-06-13,台北一,SE6 青蔥 粉蔥 ,,,,,,,,6,5,2003,1
2003-06-14,台北一,SE6 青蔥 粉蔥 ,14.0,11.3,10.0,11.6,-33.71,4498.0,11145.0,6,6,2003,0
2003-06-15,台北一,SE6 青蔥 粉蔥 ,,,,,,,,6,7,2003,1
2003-06-16,台北一,SE6 青蔥 粉蔥 ,,,,,,,,6,1,2003,1
2003-06-17,台北一,SE6 青蔥 粉蔥 ,,,,,,,,6,2,2003,1
2003-06-18,台北一,SE6 青蔥 粉蔥 ,12.0,12.0,12.0,12.0,3.45,60.0,-98.67,6,3,2003,0
2003-06-19,台北一,SE6 青蔥 粉蔥 ,12.0,11.8,11.0,11.7,-2.5,7558.0,12496.67,6,4,2003,0
2003-06-20,台北一,SE6 青蔥 粉蔥 ,,,,,,,,6,5,2003,1
2003-06-21,台北一,SE6 青蔥 粉蔥 ,10.0,10.0,10.0,10.0,-14.53,60.0,-99.21,6,6,2003,0
2003-06-22,台北一,SE6 青蔥 粉蔥 ,6.0,6.0,6.0,6.0,-40.0,40.0,-33.33,6,7,2003,0
2003-06-23,台北一,SE6 青蔥 粉蔥 ,,,,,,,,6,1,2003,1
2003-06-24,台北一,SE6 青蔥 粉蔥 ,13.2,12.8,11.9,12.7,111.67,7960.0,19800.0,6,2,2003,0
2003-06-25,台北一,SE6 青蔥 粉蔥 ,,,,,,,,6,3,2003,1
2003-06-26,台北一,SE6 青蔥 粉蔥 ,,,,,,,,6,4,2003,1
2003-06-27,台北一,SE6 青蔥 粉蔥 ,,,,,,,,6,5,2003,1
2003-06-28,台北一,SE6 青蔥 粉蔥 ,,,,,,,,6,6,2003,1
2003-06-29,台北一,SE6 青蔥 粉蔥 ,,,,,,,,6,7,2003,1
2003-06-30,台北一,SE6 青蔥 粉蔥 ,,,,,,,,6,1,2003,1
2003-07-01,台北一,SE6 青蔥 粉蔥 ,13.0,12.7,12.0,12.6,-0.79,7787.0,-2.17,7,2,2003,0
2003-07-02,台北一,SE6 青蔥 粉蔥 ,11.1,11.0,11.0,11.0,-12.7,7500.0,-3.69,7,3,2003,0
2003-07-03,台北一,SE6 青蔥 粉蔥 ,8.0,7.3,7.0,7.4,-32.73,220.0,-97.07,7,4,2003,0
2003-07-04,台北一,SE6 青蔥 粉蔥 ,11.0,10.1,10.0,10.3,39.19,6425.0,2820.45,7,5,2003,0
2003-07-05,台北一,SE6 青蔥 粉蔥 ,13.0,12.6,12.0,12.5,21.36,7001.0,8.96,7,6,2003,0
2003-07-06,台北一,SE6 青蔥 粉蔥 ,15.0,13.8,13.0,13.9,11.2,7225.0,3.2,7,7,2003,0
2003-07-07,台北一,SE6 青蔥 粉蔥 ,,,,,,,,7,1,2003,1
2003-07-08,台北一,SE6 青蔥 粉蔥 ,15.0,15.0,13.5,14.7,5.76,5763.0,-20.24,7,2,2003,0
2003-07-09,台北一,SE6 青蔥 粉蔥 ,15.0,15.0,14.1,14.8,0.68,4545.0,-21.13,7,3,2003,0
2003-07-10,台北一,SE6 青蔥 粉蔥 ,17.0,17.0,16.3,16.9,14.19,4712.0,3.67,7,4,2003,0
2003-07-11,台北一,SE6 青蔥 粉蔥 ,,,,,,,,7,5,2003,1
2003-07-12,台北一,SE6 青蔥 粉蔥 ,16.0,16.0,16.0,16.0,-5.33,5700.0,20.97,7,6,2003,0
2003-07-13,台北一,SE6 青蔥 粉蔥 ,16.0,16.0,15.6,15.9,-0.62,6870.0,20.53,7,7,2003,0
2003-07-14,台北一,SE6 青蔥 粉蔥 ,,,,,,,,7,1,2003,1
2003-07-15,台北一,SE6 青蔥 粉蔥 ,17.2,16.5,15.5,16.5,3.77,8930.0,29.99,7,2,2003,0
2003-07-16,台北一,SE6 青蔥 粉蔥 ,12.2,12.0,11.3,11.9,-27.88,8636.0,-3.29,7,3,2003,0
2003-07-17,台北一,SE6 青蔥 粉蔥 ,12.8,12.0,11.3,12.0,0.84,7778.0,-9.94,7,4,2003,0
2003-07-18,台北一,SE6 青蔥 粉蔥 ,13.2,12.8,11.6,12.6,5.0,6662.0,-14.35,7,5,2003,0
2003-07-19,台北一,SE6 青蔥 粉蔥 ,18.0,18.0,15.5,17.5,38.89,8834.0,32.6,7,6,2003,0
2003-07-20,台北一,SE6 青蔥 粉蔥 ,18.0,18.0,15.9,17.6,0.57,11449.0,29.6,7,7,2003,0
2003-07-21,台北一,SE6 青蔥 粉蔥 ,,,,,,,,7,1,2003,1
2003-07-22,台北一,SE6 青蔥 粉蔥 ,15.6,14.4,12.9,14.3,-18.75,13024.0,13.76,7,2,2003,0
2003-07-23,台北一,SE6 青蔥 粉蔥 ,15.3,14.8,12.1,14.4,0.7,12614.0,-3.15,7,3,2003,0
2003-07-24,台北一,SE6 青蔥 粉蔥 ,14.4,13.3,11.6,13.2,-8.33,12382.0,-1.84,7,4,2003,0
2003-07-25,台北一,SE6 青蔥 粉蔥 ,13.6,11.9,9.8,11.8,-10.61,11087.0,-10.46,7,5,2003,0
2003-07-26,台北一,SE6 青蔥 粉蔥 ,15.0,14.6,10.7,13.9,17.8,13674.0,23.33,7,6,2003,0
2003-07-27,台北一,SE6 青蔥 粉蔥 ,15.2,13.5,11.6,13.5,-2.88,14357.0,4.99,7,7,2003,0
2003-07-28,台北一,SE6 青蔥 粉蔥 ,,,,,,,,7,1,2003,1
2003-07-29,台北一,SE6 青蔥 粉蔥 ,15.4,14.6,11.8,14.2,5.19,13085.0,-8.86,7,2,2003,0
2003-07-30,台北一,SE6 青蔥 粉蔥 ,13.0,11.8,10.1,11.7,-17.61,13055.0,-0.23,7,3,2003,0
2003-07-31,台北一,SE6 青蔥 粉蔥 ,15.1,14.3,12.0,14.0,19.66,11784.0,-9.74,7,4,2003,0
2003-08-01,台北一,SE6 青蔥 粉蔥 ,15.0,13.2,10.0,12.9,-7.86,12878.0,9.28,8,5,2003,0
2003-08-02,台北一,SE6 青蔥 粉蔥 ,15.1,13.7,10.4,13.3,3.1,15453.0,20.0,8,6,2003,0
2003-08-03,台北一,SE6 青蔥 粉蔥 ,15.1,13.3,11.0,13.2,-0.75,15396.0,-0.37,8,7,2003,0
2003-08-04,台北一,SE6 青蔥 粉蔥 ,,,,,,,,8,1,2003,1
2003-08-05,台北一,SE6 青蔥 粉蔥 ,15.2,14.2,10.3,13.6,3.03,8766.0,-43.06,8,2,2003,0
2003-08-06,台北一,SE6 青蔥 粉蔥 ,15.0,13.8,10.2,13.4,-1.47,11179.0,27.53,8,3,2003,0
2003-08-07,台北一,SE6 青蔥 粉蔥 ,13.1,12.3,11.6,12.3,-8.21,12468.0,11.53,8,4,2003,0
2003-08-08,台北一,SE6 青蔥 粉蔥 ,15.0,13.5,10.2,13.2,7.32,13029.0,4.5,8,5,2003,0
2003-08-09,台北一,SE6 青蔥 粉蔥 ,16.1,14.4,11.2,14.1,6.82,14291.0,9.69,8,6,2003,0
2003-08-10,台北一,SE6 青蔥 粉蔥 ,20.0,18.5,14.2,18.0,27.66,15361.0,7.49,8,7,2003,0
2003-08-11,台北一,SE6 青蔥 粉蔥 ,22.0,20.3,14.3,19.4,7.78,14713.0,-4.22,8,1,2003,0
2003-08-12,台北一,SE6 青蔥 粉蔥 ,39.5,33.5,27.6,33.5,72.68,13410.0,-8.86,8,2,2003,0
2003-08-13,台北一,SE6 青蔥 粉蔥 ,,,,,,,,8,3,2003,1
2003-08-14,台北一,SE6 青蔥 粉蔥 ,,,,,,,,8,4,2003,1
2003-08-15,台北一,SE6 青蔥 粉蔥 ,30.0,24.7,20.4,24.9,-25.67,13280.0,-0.97,8,5,2003,0
2003-08-16,台北一,SE6 青蔥 粉蔥 ,25.2,22.1,13.7,21.1,-15.26,13376.0,0.72,8,6,2003,0
2003-08-17,台北一,SE6 青蔥 粉蔥 ,25.2,20.7,12.0,19.9,-5.69,13656.0,2.09,8,7,2003,0
2003-08-18,台北一,SE6 青蔥 粉蔥 ,,,,,,,,8,1,2003,1
2003-08-19,台北一,SE6 青蔥 粉蔥 ,22.4,17.9,15.6,18.3,-8.04,12817.0,-6.14,8,2,2003,0
2003-08-20,台北一,SE6 青蔥 粉蔥 ,21.5,18.0,15.8,18.3,0.0,10539.0,-17.77,8,3,2003,0
2003-08-21,台北一,SE6 青蔥 粉蔥 ,20.0,18.1,12.4,17.4,-4.92,10293.0,-2.33,8,4,2003,0
2003-08-22,台北一,SE6 青蔥 粉蔥 ,20.0,17.5,12.3,16.9,-2.87,9810.0,-4.69,8,5,2003,0
2003-08-23,台北一,SE6 青蔥 粉蔥 ,20.0,17.6,12.5,17.1,1.18,11797.0,20.25,8,6,2003,0
2003-08-24,台北一,SE6 青蔥 粉蔥 ,20.0,18.5,12.7,17.7,3.51,13983.0,18.53,8,7,2003,0
2003-08-25,台北一,SE6 青蔥 粉蔥 ,,,,,,,,8,1,2003,1
2003-08-26,台北一,SE6 青蔥 粉蔥 ,,,,,,,,8,2,2003,1
2003-08-27,台北一,SE6 青蔥 粉蔥 ,26.0,21.7,18.4,21.9,23.73,6384.0,-54.34,8,3,2003,0
2003-08-28,台北一,SE6 青蔥 粉蔥 ,30.0,23.6,15.5,23.3,6.39,11543.0,80.81,8,4,2003,0
2003-08-29,台北一,SE6 青蔥 粉蔥 ,30.9,24.0,18.8,24.3,4.29,10238.0,-11.31,8,5,2003,0
2003-08-30,台北一,SE6 青蔥 粉蔥 ,30.8,24.9,19.0,24.9,2.47,12898.0,25.98,8,6,2003,0
2003-08-31,台北一,SE6 青蔥 粉蔥 ,34.2,26.8,23.0,27.5,10.44,5788.0,-55.12,8,7,2003,0
2003-09-01,台北一,SE6 青蔥 粉蔥 ,,,,,,,,9,1,2003,1
2003-09-02,台北一,SE6 青蔥 粉蔥 ,35.7,28.7,23.8,29.1,5.82,4996.0,-13.68,9,2,2003,0
2003-09-03,台北一,SE6 青蔥 粉蔥 ,35.3,28.8,25.0,29.3,0.69,2560.0,-48.76,9,3,2003,0
2003-09-04,台北一,SE6 青蔥 粉蔥 ,35.3,29.3,26.0,29.8,1.71,2917.0,13.95,9,4,2003,0
2003-09-05,台北一,SE6 青蔥 粉蔥 ,35.0,34.9,34.0,34.7,16.44,360.0,-87.66,9,5,2003,0
2003-09-06,台北一,SE6 青蔥 粉蔥 ,33.0,33.0,29.5,32.3,-6.92,1500.0,316.67,9,6,2003,0
2003-09-07,台北一,SE6 青蔥 粉蔥 ,34.6,32.7,26.0,31.7,-1.86,1460.0,-2.67,9,7,2003,0
2003-09-08,台北一,SE6 青蔥 粉蔥 ,35.0,31.4,20.0,29.8,-5.99,1390.0,-4.79,9,1,2003,0
2003-09-09,台北一,SE6 青蔥 粉蔥 ,31.8,26.3,20.0,26.2,-12.08,2640.0,89.93,9,2,2003,0
2003-09-10,台北一,SE6 青蔥 粉蔥 ,35.0,32.8,25.6,31.8,21.37,705.0,-73.3,9,3,2003,0
2003-09-11,台北一,SE6 青蔥 粉蔥 ,33.0,30.5,25.0,29.9,-5.97,690.0,-2.13,9,4,2003,0
2003-09-12,台北一,SE6 青蔥 粉蔥 ,,,,,,,,9,5,2003,1
2003-09-13,台北一,SE6 青蔥 粉蔥 ,,,,,,,,9,6,2003,1
2003-09-14,台北一,SE6 青蔥 粉蔥 ,,,,,,,,9,7,2003,1
2003-09-15,台北一,SE6 青蔥 粉蔥 ,,,,,,,,9,1,2003,1
2003-09-16,台北一,SE6 青蔥 粉蔥 ,25.0,25.0,25.0,25.0,-16.39,137.0,-80.14,9,2,2003,0
2003-09-17,台北一,SE6 青蔥 粉蔥 ,,,,,,,,9,3,2003,1
2003-09-18,台北一,SE6 青蔥 粉蔥 ,,,,,,,,9,4,2003,1
2003-09-19,台北一,SE6 青蔥 粉蔥 ,,,,,,,,9,5,2003,1
2003-09-20,台北一,SE6 青蔥 粉蔥 ,50.0,50.0,50.0,50.0,100.0,360.0,162.77,9,6,2003,0
2003-09-21,台北一,SE6 青蔥 粉蔥 ,55.0,53.8,52.0,53.7,7.4,215.0,-40.28,9,7,2003,0
2003-09-22,台北一,SE6 青蔥 粉蔥 ,,,,,,,,9,1,2003,1
2003-09-23,台北一,SE6 青蔥 粉蔥 ,55.0,52.9,46.0,51.9,-3.35,2480.0,1053.49,9,2,2003,0
2003-09-24,台北一,SE6 青蔥 粉蔥 ,55.0,52.6,47.7,52.1,0.39,1628.0,-34.35,9,3,2003,0
2003-09-25,台北一,SE6 青蔥 粉蔥 ,55.0,50.3,45.0,50.2,-3.65,3590.0,120.52,9,4,2003,0
2003-09-26,台北一,SE6 青蔥 粉蔥 ,,,,,,,,9,5,2003,1
2003-09-27,台北一,SE6 青蔥 粉蔥 ,,,,,,,,9,6,2003,1
2003-09-28,台北一,SE6 青蔥 粉蔥 ,,,,,,,,9,7,2003,1
2003-09-29,台北一,SE6 青蔥 粉蔥 ,,,,,,,,9,1,2003,1
2003-09-30,台北一,SE6 青蔥 粉蔥 ,55.0,52.4,45.1,51.5,2.59,3300.0,-8.08,9,2,2003,0
2003-10-01,台北一,SE6 青蔥 粉蔥 ,49.0,44.6,38.4,44.2,-14.17,5000.0,51.52,10,3,2003,0
2003-10-02,台北一,SE6 青蔥 粉蔥 ,50.0,48.9,43.1,48.0,8.6,1460.0,-70.8,10,4,2003,0
2003-10-03,台北一,SE6 青蔥 粉蔥 ,52.7,52.0,52.0,52.1,8.54,620.0,-57.53,10,5,2003,0
2003-10-04,台北一,SE6 青蔥 粉蔥 ,52.0,46.9,43.0,47.2,-9.4,2140.0,245.16,10,6,2003,0
2003-10-05,台北一,SE6 青蔥 粉蔥 ,55.0,48.2,45.1,49.0,3.81,5220.0,143.93,10,7,2003,0
2003-10-06,台北一,SE6 青蔥 粉蔥 ,,,,,,,,10,1,2003,1
2003-10-07,台北一,SE6 青蔥 粉蔥 ,,,,,,,,10,2,2003,1
2003-10-08,台北一,SE6 青蔥 粉蔥 ,49.9,43.0,41.3,44.0,-10.2,4960.0,-4.98,10,3,2003,0
2003-10-09,台北一,SE6 青蔥 粉蔥 ,,,,,,,,10,4,2003,1
2003-10-10,台北一,SE6 青蔥 粉蔥 ,,,,,,,,10,5,2003,1
2003-10-11,台北一,SE6 青蔥 粉蔥 ,,,,,,,,10,6,2003,1
2003-10-12,台北一,SE6 青蔥 粉蔥 ,43.0,43.0,43.0,43.0,-2.27,120.0,-97.58,10,7,2003,0
2003-10-13,台北一,SE6 青蔥 粉蔥 ,,,,,,,,10,1,2003,1
2003-10-14,台北一,SE6 青蔥 粉蔥 ,,,,,,,,10,2,2003,1
2003-10-15,台北一,SE6 青蔥 粉蔥 ,,,,,,,,10,3,2003,1
2003-10-16,台北一,SE6 青蔥 粉蔥 ,63.0,63.0,63.0,63.0,46.51,160.0,33.33,10,4,2003,0
2003-10-17,台北一,SE6 青蔥 粉蔥 ,,,,,,,,10,5,2003,1
2003-10-18,台北一,SE6 青蔥 粉蔥 ,,,,,,,,10,6,2003,1
2003-10-19,台北一,SE6 青蔥 粉蔥 ,,,,,,,,10,7,2003,1
2003-10-20,台北一,SE6 青蔥 粉蔥 ,,,,,,,,10,1,2003,1
2003-10-21,台北一,SE6 青蔥 粉蔥 ,,,,,,,,10,2,2003,1
2003-10-22,台北一,SE6 青蔥 粉蔥 ,,,,,,,,10,3,2003,1
2003-10-23,台北一,SE6 青蔥 粉蔥 ,,,,,,,,10,4,2003,1
2003-10-24,台北一,SE6 青蔥 粉蔥 ,,,,,,,,10,5,2003,1
2003-10-25,台北一,SE6 青蔥 粉蔥 ,,,,,,,,10,6,2003,1
2003-10-26,台北一,SE6 青蔥 粉蔥 ,,,,,,,,10,7,2003,1
2003-10-27,台北一,SE6 青蔥 粉蔥 ,,,,,,,,10,1,2003,1
2003-10-28,台北一,SE6 青蔥 粉蔥 ,,,,,,,,10,2,2003,1
2003-10-29,台北一,SE6 青蔥 粉蔥 ,25.0,25.0,25.0,25.0,-60.32,11.0,-93.12,10,3,2003,0
2003-10-30,台北一,SE6 青蔥 粉蔥 ,,,,,,,,10,4,2003,1
2003-10-31,台北一,SE6 青蔥 粉蔥 ,,,,,,,,10,5,2003,1
2003-11-01,台北一,SE6 青蔥 粉蔥 ,,,,,,,,11,6,2003,1
2003-11-02,台北一,SE6 青蔥 粉蔥 ,,,,,,,,11,7,2003,1
2003-11-03,台北一,SE6 青蔥 粉蔥 ,,,,,,,,11,1,2003,1
2003-11-04,台北一,SE6 青蔥 粉蔥 ,48.0,47.8,42.0,46.7,86.8,180.0,1536.36,11,2,2003,0
2003-11-05,台北一,SE6 青蔥 粉蔥 ,41.0,40.4,40.0,40.4,-13.49,140.0,-22.22,11,3,2003,0
2003-11-06,台北一,SE6 青蔥 粉蔥 ,53.0,48.7,44.8,48.8,20.79,4060.0,2800.0,11,4,2003,0
2003-11-07,台北一,SE6 青蔥 粉蔥 ,50.0,45.8,42.0,45.9,-5.94,5860.0,44.33,11,5,2003,0
2003-11-08,台北一,SE6 青蔥 粉蔥 ,42.7,40.0,39.9,40.5,-11.76,3393.0,-42.1,11,6,2003,0
2003-11-09,台北一,SE6 青蔥 粉蔥 ,45.0,43.2,34.0,41.7,2.96,200.0,-94.11,11,7,2003,0
2003-11-10,台北一,SE6 青蔥 粉蔥 ,,,,,,,,11,1,2003,1
2003-11-11,台北一,SE6 青蔥 粉蔥 ,45.0,39.9,34.2,39.8,-4.56,6680.0,3240.0,11,2,2003,0
2003-11-12,台北一,SE6 青蔥 粉蔥 ,45.0,41.3,36.8,41.2,3.52,6520.0,-2.4,11,3,2003,0
2003-11-13,台北一,SE6 青蔥 粉蔥 ,42.1,38.9,37.2,39.2,-4.85,5397.0,-17.22,11,4,2003,0
2003-11-14,台北一,SE6 青蔥 粉蔥 ,45.0,41.7,38.5,41.7,6.38,3232.0,-40.11,11,5,2003,0
2003-11-15,台北一,SE6 青蔥 粉蔥 ,42.3,37.3,34.5,37.7,-9.59,4680.0,44.8,11,6,2003,0
2003-11-16,台北一,SE6 青蔥 粉蔥 ,41.6,36.6,34.1,37.1,-1.59,8039.0,71.77,11,7,2003,0
2003-11-17,台北一,SE6 青蔥 粉蔥 ,,,,,,,,11,1,2003,1
2003-11-18,台北一,SE6 青蔥 粉蔥 ,43.1,38.1,35.0,38.5,3.77,6380.0,-20.64,11,2,2003,0
2003-11-19,台北一,SE6 青蔥 粉蔥 ,40.0,38.3,38.0,38.6,0.26,2113.0,-66.88,11,3,2003,0
2003-11-20,台北一,SE6 青蔥 粉蔥 ,41.2,36.3,33.3,36.7,-4.92,6400.0,202.89,11,4,2003,0
2003-11-21,台北一,SE6 青蔥 粉蔥 ,41.0,36.5,33.8,36.8,0.27,6698.0,4.66,11,5,2003,0
2003-11-22,台北一,SE6 青蔥 粉蔥 ,44.0,42.2,38.4,41.8,13.59,4030.0,-39.83,11,6,2003,0
2003-11-23,台北一,SE6 青蔥 粉蔥 ,44.8,43.0,43.0,43.4,3.83,4790.0,18.86,11,7,2003,0
2003-11-24,台北一,SE6 青蔥 粉蔥 ,,,,,,,,11,1,2003,1
2003-11-25,台北一,SE6 青蔥 粉蔥 ,40.0,37.9,35.1,37.8,-12.9,8440.0,76.2,11,2,2003,0
2003-11-26,台北一,SE6 青蔥 粉蔥 ,34.1,32.0,29.1,31.8,-15.87,9840.0,16.59,11,3,2003,0
2003-11-27,台北一,SE6 青蔥 粉蔥 ,37.0,33.0,29.2,33.1,4.09,7850.0,-20.22,11,4,2003,0
2003-11-28,台北一,SE6 青蔥 粉蔥 ,34.5,31.3,28.5,31.4,-5.14,8208.0,4.56,11,5,2003,0
2003-11-29,台北一,SE6 青蔥 粉蔥 ,36.1,33.7,31.1,33.7,7.32,9347.0,13.88,11,6,2003,0
2003-11-30,台北一,SE6 青蔥 粉蔥 ,44.4,41.0,39.6,41.4,22.85,9352.0,0.05,11,7,2003,0
2003-12-01,台北一,SE6 青蔥 粉蔥 ,,,,,,,,12,1,2003,1
2003-12-02,台北一,SE6 青蔥 粉蔥 ,43.6,40.9,37.6,40.8,-1.45,9143.0,-2.23,12,2,2003,0
2003-12-03,台北一,SE6 青蔥 粉蔥 ,39.0,37.7,35.2,37.5,-8.09,5787.0,-36.71,12,3,2003,0
2003-12-04,台北一,SE6 青蔥 粉蔥 ,46.7,37.4,34.7,38.7,3.2,9000.0,55.52,12,4,2003,0
2003-12-05,台北一,SE6 青蔥 粉蔥 ,40.0,35.5,30.9,35.5,-8.27,3502.0,-61.09,12,5,2003,0
2003-12-06,台北一,SE6 青蔥 粉蔥 ,40.0,37.9,34.7,37.7,6.2,5547.0,58.4,12,6,2003,0
2003-12-07,台北一,SE6 青蔥 粉蔥 ,35.3,35.0,31.3,34.3,-9.02,7641.0,37.75,12,7,2003,0
2003-12-08,台北一,SE6 青蔥 粉蔥 ,,,,,,,,12,1,2003,1
2003-12-09,台北一,SE6 青蔥 粉蔥 ,35.7,34.6,32.0,34.3,0.0,5170.0,-32.34,12,2,2003,0
2003-12-10,台北一,SE6 青蔥 粉蔥 ,34.6,30.2,28.0,30.6,-10.79,11960.0,131.33,12,3,2003,0
2003-12-11,台北一,SE6 青蔥 粉蔥 ,31.3,27.2,26.0,27.8,-9.15,11300.0,-5.52,12,4,2003,0
2003-12-12,台北一,SE6 青蔥 粉蔥 ,31.0,26.6,25.0,27.2,-2.16,13665.0,20.93,12,5,2003,0
2003-12-13,台北一,SE6 青蔥 粉蔥 ,33.6,30.5,29.5,30.9,13.6,13372.0,-2.14,12,6,2003,0
2003-12-14,台北一,SE6 青蔥 粉蔥 ,36.4,30.8,30.0,31.8,2.91,12860.0,-3.83,12,7,2003,0
2003-12-15,台北一,SE6 青蔥 粉蔥 ,,,,,,,,12,1,2003,1
2003-12-16,台北一,SE6 青蔥 粉蔥 ,40.0,35.8,33.5,36.2,13.84,13130.0,2.1,12,2,2003,0
2003-12-17,台北一,SE6 青蔥 粉蔥 ,40.0,38.1,35.3,37.9,4.7,12374.0,-5.76,12,3,2003,0
2003-12-18,台北一,SE6 青蔥 粉蔥 ,42.5,40.4,38.4,40.4,6.6,10677.0,-13.71,12,4,2003,0
2003-12-19,台北一,SE6 青蔥 粉蔥 ,44.2,40.7,38.6,41.0,1.49,11369.0,6.48,12,5,2003,0
2003-12-20,台北一,SE6 青蔥 粉蔥 ,50.0,45.3,43.4,45.9,11.95,11214.0,-1.36,12,6,2003,0
2003-12-21,台北一,SE6 青蔥 粉蔥 ,47.4,44.6,42.3,44.7,-2.61,13009.0,16.01,12,7,2003,0
2003-12-22,台北一,SE6 青蔥 粉蔥 ,,,,,,,,12,1,2003,1
2003-12-23,台北一,SE6 青蔥 粉蔥 ,49.5,45.0,44.4,45.8,2.46,7168.0,-44.9,12,2,2003,0
2003-12-24,台北一,SE6 青蔥 粉蔥 ,50.0,45.9,44.0,46.4,1.31,7664.0,6.92,12,3,2003,0
2003-12-25,台北一,SE6 青蔥 粉蔥 ,46.4,45.0,42.5,44.8,-3.45,6940.0,-9.45,12,4,2003,0
2003-12-26,台北一,SE6 青蔥 粉蔥 ,50.0,45.9,41.2,45.8,2.23,6527.0,-5.95,12,5,2003,0
2003-12-27,台北一,SE6 青蔥 粉蔥 ,50.0,47.7,45.0,47.6,3.93,7422.0,13.71,12,6,2003,0
2003-12-28,台北一,SE6 青蔥 粉蔥 ,50.0,46.9,45.0,47.1,-1.05,9704.0,30.75,12,7,2003,0
2003-12-29,台北一,SE6 青蔥 粉蔥 ,,,,,,,,12,1,2003,1
2003-12-30,台北一,SE6 青蔥 粉蔥 ,65.0,57.6,54.9,58.6,24.42,13088.0,34.87,12,2,2003,0
2003-12-31,台北一,SE6 青蔥 粉蔥 ,69.3,63.7,59.6,64.0,9.22,12313.0,-5.92,12,3,2003,0
2004-01-01,台北一,SE6 青蔥 粉蔥 ,65.0,60.2,59.2,61.0,-4.69,8691.0,-29.42,1,4,2004,0
2004-01-02,台北一,SE6 青蔥 粉蔥 ,64.3,60.0,55.9,60.0,-1.64,9749.0,12.17,1,5,2004,0
2004-01-03,台北一,SE6 青蔥 粉蔥 ,56.3,50.1,48.8,51.1,-14.83,11238.0,15.27,1,6,2004,0
2004-01-04,台北一,SE6 青蔥 粉蔥 ,47.1,41.6,39.9,42.3,-17.22,10671.0,-5.05,1,7,2004,0
2004-01-05,台北一,SE6 青蔥 粉蔥 ,,,,,,,,1,1,2004,1
2004-01-06,台北一,SE6 青蔥 粉蔥 ,47.5,40.7,36.7,41.3,-2.36,10789.0,1.11,1,2,2004,0
2004-01-07,台北一,SE6 青蔥 粉蔥 ,45.0,41.1,35.4,40.8,-1.21,12863.0,19.22,1,3,2004,0
2004-01-08,台北一,SE6 青蔥 粉蔥 ,42.2,35.9,31.6,36.3,-11.03,11070.0,-13.94,1,4,2004,0
2004-01-09,台北一,SE6 青蔥 粉蔥 ,43.4,38.5,34.8,38.7,6.61,10077.0,-8.97,1,5,2004,0
2004-01-10,台北一,SE6 青蔥 粉蔥 ,43.1,39.0,35.7,39.1,1.03,11451.0,13.64,1,6,2004,0
2004-01-11,台北一,SE6 青蔥 粉蔥 ,45.3,40.5,38.6,41.0,4.86,13561.0,18.43,1,7,2004,0
2004-01-12,台北一,SE6 青蔥 粉蔥 ,,,,,,,,1,1,2004,1
2004-01-13,台北一,SE6 青蔥 粉蔥 ,39.7,36.6,34.4,36.8,-10.24,16278.0,20.04,1,2,2004,0
2004-01-14,台北一,SE6 青蔥 粉蔥 ,35.6,30.4,28.9,31.1,-15.49,15467.0,-4.98,1,3,2004,0
2004-01-15,台北一,SE6 青蔥 粉蔥 ,34.5,29.7,25.9,29.9,-3.86,11535.0,-25.42,1,4,2004,0
2004-01-16,台北一,SE6 青蔥 粉蔥 ,33.8,30.0,26.3,30.0,0.33,10482.0,-9.13,1,5,2004,0
2004-01-17,台北一,SE6 青蔥 粉蔥 ,35.8,30.5,29.6,31.4,4.67,14668.0,39.94,1,6,2004,0
2004-01-18,台北一,SE6 青蔥 粉蔥 ,41.6,39.1,35.8,39.0,24.2,21669.0,47.73,1,7,2004,0
2004-01-19,台北一,SE6 青蔥 粉蔥 ,34.0,28.9,24.3,29.0,-25.64,18897.0,-12.79,1,1,2004,0
2004-01-20,台北一,SE6 青蔥 粉蔥 ,32.5,28.5,25.0,28.6,-1.38,27952.0,47.92,1,2,2004,0
2004-01-21,台北一,SE6 青蔥 粉蔥 ,24.7,20.0,20.0,20.9,-26.92,12253.0,-56.16,1,3,2004,0
2004-01-22,台北一,SE6 青蔥 粉蔥 ,,,,,,,,1,4,2004,1
2004-01-23,台北一,SE6 青蔥 粉蔥 ,,,,,,,,1,5,2004,1
2004-01-24,台北一,SE6 青蔥 粉蔥 ,,,,,,,,1,6,2004,1
2004-01-25,台北一,SE6 青蔥 粉蔥 ,,,,,,,,1,7,2004,1
2004-01-26,台北一,SE6 青蔥 粉蔥 ,,,,,,,,1,1,2004,1
2004-01-27,台北一,SE6 青蔥 粉蔥 ,57.7,54.1,49.9,54.0,158.37,11283.0,-7.92,1,2,2004,0
2004-01-28,台北一,SE6 青蔥 粉蔥 ,65.2,56.9,45.5,56.3,4.26,14254.0,26.33,1,3,2004,0
2004-01-29,台北一,SE6 青蔥 粉蔥 ,50.8,42.3,37.4,43.0,-23.62,17589.0,23.4,1,4,2004,0
2004-01-30,台北一,SE6 青蔥 粉蔥 ,46.0,39.9,33.6,39.9,-7.21,15691.0,-10.79,1,5,2004,0
2004-01-31,台北一,SE6 青蔥 粉蔥 ,48.7,43.1,38.6,43.3,8.52,15487.0,-1.3,1,6,2004,0
2004-02-01,台北一,SE6 青蔥 粉蔥 ,50.0,43.9,39.0,44.1,1.85,20743.0,33.94,2,7,2004,0
2004-02-02,台北一,SE6 青蔥 粉蔥 ,,,,,,,,2,1,2004,1
2004-02-03,台北一,SE6 青蔥 粉蔥 ,45.5,39.5,34.2,39.7,-9.98,17706.0,-14.64,2,2,2004,0
2004-02-04,台北一,SE6 青蔥 粉蔥 ,37.9,32.3,26.8,32.3,-18.64,17639.0,-0.38,2,3,2004,0
2004-02-05,台北一,SE6 青蔥 粉蔥 ,40.2,33.4,27.3,33.5,3.72,20321.0,15.2,2,4,2004,0
2004-02-06,台北一,SE6 青蔥 粉蔥 ,,,,,,,,2,5,2004,1
2004-02-07,台北一,SE6 青蔥 粉蔥 ,54.6,46.4,41.5,47.1,40.6,16183.0,-20.36,2,6,2004,0
2004-02-08,台北一,SE6 青蔥 粉蔥 ,60.2,54.2,49.2,54.4,15.5,19456.0,20.22,2,7,2004,0
2004-02-09,台北一,SE6 青蔥 粉蔥 ,,,,,,,,2,1,2004,1
2004-02-10,台北一,SE6 青蔥 粉蔥 ,50.9,43.0,35.2,43.0,-20.96,10934.0,-43.8,2,2,2004,0
2004-02-11,台北一,SE6 青蔥 粉蔥 ,42.0,34.9,29.6,35.3,-17.91,22859.0,109.06,2,3,2004,0
2004-02-12,台北一,SE6 青蔥 粉蔥 ,37.2,31.0,28.3,31.7,-10.2,20843.0,-8.82,2,4,2004,0
2004-02-13,台北一,SE6 青蔥 粉蔥 ,37.7,32.7,27.8,32.7,3.15,19488.0,-6.5,2,5,2004,0
2004-02-14,台北一,SE6 青蔥 粉蔥 ,38.3,32.2,29.4,32.9,0.61,21312.0,9.36,2,6,2004,0
2004-02-15,台北一,SE6 青蔥 粉蔥 ,38.1,30.7,26.2,31.3,-4.86,24473.0,14.83,2,7,2004,0
2004-02-16,台北一,SE6 青蔥 粉蔥 ,,,,,,,,2,1,2004,1
2004-02-17,台北一,SE6 青蔥 粉蔥 ,41.5,34.8,29.3,35.0,11.82,16666.0,-31.9,2,2,2004,0
2004-02-18,台北一,SE6 青蔥 粉蔥 ,41.8,34.2,29.7,34.8,-0.57,19457.0,16.75,2,3,2004,0
2004-02-19,台北一,SE6 青蔥 粉蔥 ,37.5,31.9,27.7,32.2,-7.47,19150.0,-1.58,2,4,2004,0
2004-02-20,台北一,SE6 青蔥 粉蔥 ,38.0,31.0,25.3,31.3,-2.8,20945.0,9.37,2,5,2004,0
2004-02-21,台北一,SE6 青蔥 粉蔥 ,39.6,33.6,24.1,32.9,5.11,21602.0,3.14,2,6,2004,0
2004-02-22,台北一,SE6 青蔥 粉蔥 ,44.2,36.5,23.2,35.4,7.6,22857.0,5.81,2,7,2004,0
2004-02-23,台北一,SE6 青蔥 粉蔥 ,,,,,,,,2,1,2004,1
2004-02-24,台北一,SE6 青蔥 粉蔥 ,42.3,35.7,27.4,35.3,-0.28,24688.0,8.01,2,2,2004,0
2004-02-25,台北一,SE6 青蔥 粉蔥 ,38.7,33.2,24.5,32.5,-7.93,22648.0,-8.26,2,3,2004,0
2004-02-26,台北一,SE6 青蔥 粉蔥 ,36.3,30.8,22.3,30.2,-7.08,21696.0,-4.2,2,4,2004,0
2004-02-27,台北一,SE6 青蔥 粉蔥 ,36.3,29.8,20.7,29.3,-2.98,19921.0,-8.18,2,5,2004,0
2004-02-28,台北一,SE6 青蔥 粉蔥 ,36.9,32.3,26.5,32.0,9.22,20583.0,3.32,2,6,2004,0
2004-02-29,台北一,SE6 青蔥 粉蔥 ,37.1,32.7,26.5,32.3,0.94,23466.0,14.01,2,7,2004,0
2004-03-01,台北一,SE6 青蔥 粉蔥 ,,,,,,,,3,1,2004,1
2004-03-02,台北一,SE6 青蔥 粉蔥 ,38.0,33.2,25.6,32.6,0.93,22407.0,-4.51,3,2,2004,0
2004-03-03,台北一,SE6 青蔥 粉蔥 ,30.1,25.7,22.5,25.9,-20.55,20493.0,-8.54,3,3,2004,0
2004-03-04,台北一,SE6 青蔥 粉蔥 ,32.2,25.1,20.2,25.6,-1.16,19422.0,-5.23,3,4,2004,0
2004-03-05,台北一,SE6 青蔥 粉蔥 ,35.6,27.7,22.5,28.3,10.55,19439.0,0.09,3,5,2004,0
2004-03-06,台北一,SE6 青蔥 粉蔥 ,36.1,30.7,25.9,30.8,8.83,22451.0,15.49,3,6,2004,0
2004-03-07,台北一,SE6 青蔥 粉蔥 ,34.5,30.0,25.6,30.0,-2.6,25207.0,12.28,3,7,2004,0
2004-03-08,台北一,SE6 青蔥 粉蔥 ,,,,,,,,3,1,2004,1
2004-03-09,台北一,SE6 青蔥 粉蔥 ,33.7,30.7,25.7,30.3,1.0,22822.0,-9.46,3,2,2004,0
2004-03-10,台北一,SE6 青蔥 粉蔥 ,33.9,30.7,25.9,30.4,0.33,22977.0,0.68,3,3,2004,0
2004-03-11,台北一,SE6 青蔥 粉蔥 ,30.2,26.5,22.8,26.5,-12.83,13781.0,-40.02,3,4,2004,0
2004-03-12,台北一,SE6 青蔥 粉蔥 ,29.5,23.8,19.8,24.1,-9.06,13609.0,-1.25,3,5,2004,0
2004-03-13,台北一,SE6 青蔥 粉蔥 ,28.9,23.6,20.6,24.1,0.0,24028.0,76.56,3,6,2004,0
2004-03-14,台北一,SE6 青蔥 粉蔥 ,29.1,22.9,18.7,23.3,-3.32,27738.0,15.44,3,7,2004,0
2004-03-15,台北一,SE6 青蔥 粉蔥 ,,,,,,,,3,1,2004,1
2004-03-16,台北一,SE6 青蔥 粉蔥 ,31.5,27.1,22.1,27.0,15.88,22697.0,-18.17,3,2,2004,0
2004-03-17,台北一,SE6 青蔥 粉蔥 ,31.7,26.8,21.1,26.6,-1.48,23431.0,3.23,3,3,2004,0
2004-03-18,台北一,SE6 青蔥 粉蔥 ,28.1,23.0,19.1,23.2,-12.78,22942.0,-2.09,3,4,2004,0
2004-03-19,台北一,SE6 青蔥 粉蔥 ,28.8,23.5,18.6,23.6,1.72,22090.0,-3.71,3,5,2004,0
2004-03-20,台北一,SE6 青蔥 粉蔥 ,27.5,23.6,19.2,23.5,-0.42,22339.0,1.13,3,6,2004,0
2004-03-21,台北一,SE6 青蔥 粉蔥 ,28.6,21.0,19.0,22.1,-5.96,23420.0,4.84,3,7,2004,0
2004-03-22,台北一,SE6 青蔥 粉蔥 ,,,,,,,,3,1,2004,1
2004-03-23,台北一,SE6 青蔥 粉蔥 ,31.2,26.8,21.5,26.6,20.36,23602.0,0.78,3,2,2004,0
2004-03-24,台北一,SE6 青蔥 粉蔥 ,28.6,23.9,19.5,24.0,-9.77,23276.0,-1.38,3,3,2004,0
2004-03-25,台北一,SE6 青蔥 粉蔥 ,27.1,22.7,18.4,22.7,-5.42,22140.0,-4.88,3,4,2004,0
2004-03-26,台北一,SE6 青蔥 粉蔥 ,25.7,20.8,14.7,20.6,-9.25,24782.0,11.93,3,5,2004,0
2004-03-27,台北一,SE6 青蔥 粉蔥 ,22.5,18.8,12.4,18.3,-11.17,25563.0,3.15,3,6,2004,0
2004-03-28,台北一,SE6 青蔥 粉蔥 ,24.1,19.5,11.5,18.9,3.28,23659.0,-7.45,3,7,2004,0
2004-03-29,台北一,SE6 青蔥 粉蔥 ,,,,,,,,3,1,2004,1
2004-03-30,台北一,SE6 青蔥 粉蔥 ,26.2,22.0,15.2,21.5,13.76,25730.0,8.75,3,2,2004,0
2004-03-31,台北一,SE6 青蔥 粉蔥 ,26.8,22.9,17.7,22.6,5.12,22689.0,-11.82,3,3,2004,0
2004-04-01,台北一,SE6 青蔥 粉蔥 ,24.9,21.9,18.7,21.9,-3.1,16149.0,-28.82,4,4,2004,0
2004-04-02,台北一,SE6 青蔥 粉蔥 ,25.0,21.5,16.6,21.2,-3.2,18838.0,16.65,4,5,2004,0
2004-04-03,台北一,SE6 青蔥 粉蔥 ,30.2,25.6,20.4,25.5,20.28,35825.0,90.17,4,6,2004,0
2004-04-04,台北一,SE6 青蔥 粉蔥 ,,,,,,,,4,7,2004,1
2004-04-05,台北一,SE6 青蔥 粉蔥 ,,,,,,,,4,1,2004,1
2004-04-06,台北一,SE6 青蔥 粉蔥 ,28.1,23.7,20.0,23.8,-6.67,29804.0,-16.81,4,2,2004,0
2004-04-07,台北一,SE6 青蔥 粉蔥 ,24.7,21.4,17.7,21.3,-10.5,29083.0,-2.42,4,3,2004,0
2004-04-08,台北一,SE6 青蔥 粉蔥 ,19.7,17.1,14.3,17.1,-19.72,28499.0,-2.01,4,4,2004,0
2004-04-09,台北一,SE6 青蔥 粉蔥 ,21.7,18.1,14.3,18.1,5.85,24820.0,-12.91,4,5,2004,0
2004-04-10,台北一,SE6 青蔥 粉蔥 ,22.3,18.4,14.1,18.3,1.1,31196.0,25.69,4,6,2004,0
2004-04-11,台北一,SE6 青蔥 粉蔥 ,22.9,18.4,14.1,18.4,0.55,33217.0,6.48,4,7,2004,0
2004-04-12,台北一,SE6 青蔥 粉蔥 ,,,,,,,,4,1,2004,1
2004-04-13,台北一,SE6 青蔥 粉蔥 ,20.4,17.0,13.3,16.9,-8.15,27838.0,-16.19,4,2,2004,0
2004-04-14,台北一,SE6 青蔥 粉蔥 ,18.6,15.7,11.4,15.4,-8.88,27022.0,-2.93,4,3,2004,0
2004-04-15,台北一,SE6 青蔥 粉蔥 ,18.0,14.5,10.5,14.4,-6.49,25447.0,-5.83,4,4,2004,0
2004-04-16,台北一,SE6 青蔥 粉蔥 ,18.4,14.7,11.0,14.7,2.08,24612.0,-3.28,4,5,2004,0
2004-04-17,台北一,SE6 青蔥 粉蔥 ,19.2,15.6,11.1,15.4,4.76,25083.0,1.91,4,6,2004,0
2004-04-18,台北一,SE6 青蔥 粉蔥 ,20.4,16.5,12.3,16.5,7.14,27455.0,9.46,4,7,2004,0
2004-04-19,台北一,SE6 青蔥 粉蔥 ,,,,,,,,4,1,2004,1
2004-04-20,台北一,SE6 青蔥 粉蔥 ,20.1,16.2,11.3,16.0,-3.03,26055.0,-5.1,4,2,2004,0
2004-04-21,台北一,SE6 青蔥 粉蔥 ,20.2,14.7,10.6,15.0,-6.25,24502.0,-5.96,4,3,2004,0
2004-04-22,台北一,SE6 青蔥 粉蔥 ,16.9,14.1,10.7,14.0,-6.67,21297.0,-13.08,4,4,2004,0
2004-04-23,台北一,SE6 青蔥 粉蔥 ,22.3,16.3,10.3,16.3,16.43,20080.0,-5.71,4,5,2004,0
2004-04-24,台北一,SE6 青蔥 粉蔥 ,22.1,18.9,15.0,18.7,14.72,21446.0,6.8,4,6,2004,0
2004-04-25,台北一,SE6 青蔥 粉蔥 ,25.4,21.2,17.6,21.3,13.9,25005.0,16.6,4,7,2004,0
2004-04-26,台北一,SE6 青蔥 粉蔥 ,,,,,,,,4,1,2004,1
2004-04-27,台北一,SE6 青蔥 粉蔥 ,22.0,18.8,14.9,18.7,-12.21,25459.0,1.82,4,2,2004,0
2004-04-28,台北一,SE6 青蔥 粉蔥 ,21.2,18.3,13.3,17.8,-4.81,23220.0,-8.79,4,3,2004,0
2004-04-29,台北一,SE6 青蔥 粉蔥 ,17.7,14.1,11.1,14.2,-20.22,23186.0,-0.15,4,4,2004,0
2004-04-30,台北一,SE6 青蔥 粉蔥 ,15.7,13.2,10.3,13.1,-7.75,22736.0,-1.94,4,5,2004,0
2004-05-01,台北一,SE6 青蔥 粉蔥 ,18.0,14.3,10.7,14.3,9.16,24739.0,8.81,5,6,2004,0
2004-05-02,台北一,SE6 青蔥 粉蔥 ,18.0,14.6,11.2,14.6,2.1,26858.0,8.57,5,7,2004,0
2004-05-03,台北一,SE6 青蔥 粉蔥 ,,,,,,,,5,1,2004,1
2004-05-04,台北一,SE6 青蔥 粉蔥 ,17.9,13.8,11.1,14.1,-3.42,23073.0,-14.09,5,2,2004,0
2004-05-05,台北一,SE6 青蔥 粉蔥 ,19.2,14.1,10.1,14.3,1.42,24634.0,6.77,5,3,2004,0
2004-05-06,台北一,SE6 青蔥 粉蔥 ,18.5,12.5,9.1,13.0,-9.09,24630.0,-0.02,5,4,2004,0
2004-05-07,台北一,SE6 青蔥 粉蔥 ,19.1,15.1,11.0,15.1,16.15,22864.0,-7.17,5,5,2004,0
2004-05-08,台北一,SE6 青蔥 粉蔥 ,15.7,12.5,10.4,12.7,-15.89,16220.0,-29.06,5,6,2004,0
2004-05-09,台北一,SE6 青蔥 粉蔥 ,14.5,11.8,9.6,11.9,-6.3,29863.0,84.11,5,7,2004,0
2004-05-10,台北一,SE6 青蔥 粉蔥 ,,,,,,,,5,1,2004,1
2004-05-11,台北一,SE6 青蔥 粉蔥 ,14.8,12.1,9.5,12.1,1.68,25348.0,-15.12,5,2,2004,0
2004-05-12,台北一,SE6 青蔥 粉蔥 ,13.2,11.3,8.4,11.1,-8.26,20667.0,-18.47,5,3,2004,0
2004-05-13,台北一,SE6 青蔥 粉蔥 ,12.2,10.7,7.3,10.3,-7.21,19470.0,-5.79,5,4,2004,0
2004-05-14,台北一,SE6 青蔥 粉蔥 ,12.4,10.4,8.3,10.4,0.97,17908.0,-8.02,5,5,2004,0
2004-05-15,台北一,SE6 青蔥 粉蔥 ,13.5,10.9,8.0,10.8,3.85,20826.0,16.29,5,6,2004,0
2004-05-16,台北一,SE6 青蔥 粉蔥 ,17.4,14.9,11.1,14.6,35.19,21485.0,3.16,5,7,2004,0
2004-05-17,台北一,SE6 青蔥 粉蔥 ,,,,,,,,5,1,2004,1
2004-05-18,台北一,SE6 青蔥 粉蔥 ,17.2,14.3,10.5,14.1,-3.42,20628.0,-3.99,5,2,2004,0
2004-05-19,台北一,SE6 青蔥 粉蔥 ,16.0,13.8,10.5,13.6,-3.55,20132.0,-2.4,5,3,2004,0
2004-05-20,台北一,SE6 青蔥 粉蔥 ,15.4,11.7,9.1,11.9,-12.5,19996.0,-0.68,5,4,2004,0
2004-05-21,台北一,SE6 青蔥 粉蔥 ,14.6,11.2,6.8,11.0,-7.56,20153.0,0.79,5,5,2004,0
2004-05-22,台北一,SE6 青蔥 粉蔥 ,15.0,12.0,9.3,12.1,10.0,18329.0,-9.05,5,6,2004,0
2004-05-23,台北一,SE6 青蔥 粉蔥 ,18.2,15.0,10.6,14.8,22.31,20494.0,11.81,5,7,2004,0
2004-05-24,台北一,SE6 青蔥 粉蔥 ,,,,,,,,5,1,2004,1
2004-05-25,台北一,SE6 青蔥 粉蔥 ,15.4,12.7,11.0,12.9,-12.84,23648.0,15.39,5,2,2004,0
2004-05-26,台北一,SE6 青蔥 粉蔥 ,13.6,11.4,9.1,11.4,-11.63,20934.0,-11.48,5,3,2004,0
2004-05-27,台北一,SE6 青蔥 粉蔥 ,13.3,11.1,7.8,10.9,-4.39,21594.0,3.15,5,4,2004,0
2004-05-28,台北一,SE6 青蔥 粉蔥 ,13.9,11.4,7.2,11.1,1.83,21212.0,-1.77,5,5,2004,0
2004-05-29,台北一,SE6 青蔥 粉蔥 ,15.0,11.8,8.5,11.8,6.31,22231.0,4.8,5,6,2004,0
2004-05-30,台北一,SE6 青蔥 粉蔥 ,15.1,12.2,8.5,12.1,2.54,24243.0,9.05,5,7,2004,0
2004-05-31,台北一,SE6 青蔥 粉蔥 ,,,,,,,,5,1,2004,1
2004-06-01,台北一,SE6 青蔥 粉蔥 ,14.2,11.6,8.8,11.6,-4.13,20902.0,-13.78,6,2,2004,0
2004-06-02,台北一,SE6 青蔥 粉蔥 ,13.2,11.6,8.9,11.4,-1.72,18665.0,-10.7,6,3,2004,0
2004-06-03,台北一,SE6 青蔥 粉蔥 ,13.3,12.5,8.5,11.8,3.51,17105.0,-8.36,6,4,2004,0
2004-06-04,台北一,SE6 青蔥 粉蔥 ,15.1,13.0,9.8,12.8,8.47,15903.0,-7.03,6,5,2004,0
2004-06-05,台北一,SE6 青蔥 粉蔥 ,15.4,13.6,10.8,13.4,4.69,18509.0,16.39,6,6,2004,0
2004-06-06,台北一,SE6 青蔥 粉蔥 ,15.1,13.2,9.0,12.8,-4.48,21051.0,13.73,6,7,2004,0
2004-06-07,台北一,SE6 青蔥 粉蔥 ,,,,,,,,6,1,2004,1
2004-06-08,台北一,SE6 青蔥 粉蔥 ,16.2,14.3,11.8,14.2,10.94,16413.0,-22.03,6,2,2004,0
2004-06-09,台北一,SE6 青蔥 粉蔥 ,18.5,16.0,13.4,16.0,12.68,15512.0,-5.49,6,3,2004,0
2004-06-10,台北一,SE6 青蔥 粉蔥 ,16.0,14.0,10.4,13.7,-14.38,16862.0,8.7,6,4,2004,0
2004-06-11,台北一,SE6 青蔥 粉蔥 ,14.1,11.6,8.5,11.5,-16.06,15873.0,-5.87,6,5,2004,0
2004-06-12,台北一,SE6 青蔥 粉蔥 ,13.3,11.6,7.3,11.1,-3.48,17411.0,9.69,6,6,2004,0
2004-06-13,台北一,SE6 青蔥 粉蔥 ,13.1,11.6,7.1,11.0,-0.9,18573.0,6.67,6,7,2004,0
2004-06-14,台北一,SE6 青蔥 粉蔥 ,,,,,,,,6,1,2004,1
2004-06-15,台北一,SE6 青蔥 粉蔥 ,14.8,11.8,8.9,11.8,7.27,14876.0,-19.91,6,2,2004,0
2004-06-16,台北一,SE6 青蔥 粉蔥 ,15.0,13.3,10.2,13.0,10.17,12811.0,-13.88,6,3,2004,0
2004-06-17,台北一,SE6 青蔥 粉蔥 ,15.1,13.8,11.8,13.7,5.38,12521.0,-2.26,6,4,2004,0
2004-06-18,台北一,SE6 青蔥 粉蔥 ,15.2,13.8,12.3,13.8,0.73,13083.0,4.49,6,5,2004,0
2004-06-19,台北一,SE6 青蔥 粉蔥 ,16.7,14.7,13.0,14.8,7.25,12137.0,-7.23,6,6,2004,0
2004-06-20,台北一,SE6 青蔥 粉蔥 ,16.4,14.7,12.6,14.6,-1.35,12756.0,5.1,6,7,2004,0
2004-06-21,台北一,SE6 青蔥 粉蔥 ,15.9,14.4,11.4,14.1,-3.42,12295.0,-3.61,6,1,2004,0
2004-06-22,台北一,SE6 青蔥 粉蔥 ,24.5,19.6,17.0,20.0,41.84,11820.0,-3.86,6,2,2004,0
2004-06-23,台北一,SE6 青蔥 粉蔥 ,,,,,,,,6,3,2004,1
2004-06-24,台北一,SE6 青蔥 粉蔥 ,,,,,,,,6,4,2004,1
2004-06-25,台北一,SE6 青蔥 粉蔥 ,18.1,15.9,11.0,15.4,-23.0,13129.0,11.07,6,5,2004,0
2004-06-26,台北一,SE6 青蔥 粉蔥 ,16.1,14.5,10.1,13.9,-9.74,10775.0,-17.93,6,6,2004,0
2004-06-27,台北一,SE6 青蔥 粉蔥 ,17.5,14.8,10.8,14.5,4.32,12860.0,19.35,6,7,2004,0
2004-06-28,台北一,SE6 青蔥 粉蔥 ,,,,,,,,6,1,2004,1
2004-06-29,台北一,SE6 青蔥 粉蔥 ,17.3,14.2,10.4,14.1,-2.76,12118.0,-5.77,6,2,2004,0
2004-06-30,台北一,SE6 青蔥 粉蔥 ,17.3,14.3,9.6,14.0,-0.71,11718.0,-3.3,6,3,2004,0
2004-07-01,台北一,SE6 青蔥 粉蔥 ,17.5,14.9,10.0,14.4,2.86,12221.0,4.29,7,4,2004,0
2004-07-02,台北一,SE6 青蔥 粉蔥 ,17.4,14.5,8.7,13.9,-3.47,13425.0,9.85,7,5,2004,0
2004-07-03,台北一,SE6 青蔥 粉蔥 ,16.4,14.3,8.7,13.6,-2.16,12542.0,-6.58,7,6,2004,0
2004-07-04,台北一,SE6 青蔥 粉蔥 ,26.9,23.2,18.6,23.0,69.12,4233.0,-66.25,7,7,2004,0
2004-07-05,台北一,SE6 青蔥 粉蔥 ,,,,,,,,7,1,2004,1
2004-07-06,台北一,SE6 青蔥 粉蔥 ,21.2,11.4,6.2,12.4,-46.09,5982.0,41.32,7,2,2004,0
2004-07-07,台北一,SE6 青蔥 粉蔥 ,21.6,12.1,3.7,12.3,-0.81,4762.0,-20.39,7,3,2004,0
2004-07-08,台北一,SE6 青蔥 粉蔥 ,29.7,19.1,12.0,19.8,60.98,2805.0,-41.1,7,4,2004,0
2004-07-09,台北一,SE6 青蔥 粉蔥 ,29.8,22.8,20.0,23.7,19.7,2546.0,-9.23,7,5,2004,0
2004-07-10,台北一,SE6 青蔥 粉蔥 ,45.3,32.5,28.6,34.3,44.73,700.0,-72.51,7,6,2004,0
2004-07-11,台北一,SE6 青蔥 粉蔥 ,39.9,29.6,23.0,30.3,-11.66,2015.0,187.86,7,7,2004,0
2004-07-12,台北一,SE6 青蔥 粉蔥 ,,,,,,,,7,1,2004,1
2004-07-13,台北一,SE6 青蔥 粉蔥 ,35.0,29.6,21.4,29.1,-3.96,950.0,-52.85,7,2,2004,0
2004-07-14,台北一,SE6 青蔥 粉蔥 ,33.8,32.0,26.4,31.2,7.22,3562.0,274.95,7,3,2004,0
2004-07-15,台北一,SE6 青蔥 粉蔥 ,34.9,32.3,24.6,31.3,0.32,3225.0,-9.46,7,4,2004,0
2004-07-16,台北一,SE6 青蔥 粉蔥 ,37.6,34.2,25.2,33.1,5.75,3408.0,5.67,7,5,2004,0
2004-07-17,台北一,SE6 青蔥 粉蔥 ,37.8,34.5,29.2,34.1,3.02,3622.0,6.28,7,6,2004,0
2004-07-18,台北一,SE6 青蔥 粉蔥 ,37.6,25.9,21.3,27.4,-19.65,1500.0,-58.59,7,7,2004,0
2004-07-19,台北一,SE6 青蔥 粉蔥 ,,,,,,,,7,1,2004,1
2004-07-20,台北一,SE6 青蔥 粉蔥 ,42.0,40.5,21.8,37.1,35.4,220.0,-85.33,7,2,2004,0
2004-07-21,台北一,SE6 青蔥 粉蔥 ,41.3,33.0,3.0,28.7,-22.64,300.0,36.36,7,3,2004,0
2004-07-22,台北一,SE6 青蔥 粉蔥 ,34.9,26.7,19.0,26.8,-6.62,478.0,59.33,7,4,2004,0
2004-07-23,台北一,SE6 青蔥 粉蔥 ,29.6,22.5,14.2,22.3,-16.79,2046.0,328.03,7,5,2004,0
2004-07-24,台北一,SE6 青蔥 粉蔥 ,28.5,21.8,15.6,21.9,-1.79,1585.0,-22.53,7,6,2004,0
2004-07-25,台北一,SE6 青蔥 粉蔥 ,28.3,23.5,10.0,21.8,-0.46,929.0,-41.39,7,7,2004,0
2004-07-26,台北一,SE6 青蔥 粉蔥 ,,,,,,,,7,1,2004,1
2004-07-27,台北一,SE6 青蔥 粉蔥 ,25.4,22.5,13.9,21.4,-1.83,975.0,4.95,7,2,2004,0
2004-07-28,台北一,SE6 青蔥 粉蔥 ,29.3,28.3,24.8,27.8,29.91,740.0,-24.1,7,3,2004,0
2004-07-29,台北一,SE6 青蔥 粉蔥 ,35.0,29.6,22.6,29.3,5.4,1349.0,82.3,7,4,2004,0
2004-07-30,台北一,SE6 青蔥 粉蔥 ,30.0,26.7,21.0,26.2,-10.58,1396.0,3.48,7,5,2004,0
2004-07-31,台北一,SE6 青蔥 粉蔥 ,27.0,23.8,18.2,23.3,-11.07,2291.0,64.11,7,6,2004,0
2004-08-01,台北一,SE6 青蔥 粉蔥 ,25.2,19.9,10.0,19.0,-18.45,2880.0,25.71,8,7,2004,0
2004-08-02,台北一,SE6 青蔥 粉蔥 ,,,,,,,,8,1,2004,1
2004-08-03,台北一,SE6 青蔥 粉蔥 ,25.2,20.3,17.5,20.7,8.95,2106.0,-26.88,8,2,2004,0
2004-08-04,台北一,SE6 青蔥 粉蔥 ,26.5,21.0,17.7,21.4,3.38,1723.0,-18.19,8,3,2004,0
2004-08-05,台北一,SE6 青蔥 粉蔥 ,25.7,21.0,12.9,20.4,-4.67,1914.0,11.09,8,4,2004,0
2004-08-06,台北一,SE6 青蔥 粉蔥 ,26.5,23.3,19.7,23.2,13.73,1810.0,-5.43,8,5,2004,0
2004-08-07,台北一,SE6 青蔥 粉蔥 ,30.4,24.9,20.9,25.2,8.62,2460.0,35.91,8,6,2004,0
2004-08-08,台北一,SE6 青蔥 粉蔥 ,28.6,25.8,25.0,26.2,3.97,1880.0,-23.58,8,7,2004,0
2004-08-09,台北一,SE6 青蔥 粉蔥 ,,,,,,,,8,1,2004,1
2004-08-10,台北一,SE6 青蔥 粉蔥 ,35.1,29.2,26.2,29.8,13.74,2300.0,22.34,8,2,2004,0
2004-08-11,台北一,SE6 青蔥 粉蔥 ,34.3,29.1,23.6,29.0,-2.68,2260.0,-1.74,8,3,2004,0
2004-08-12,台北一,SE6 青蔥 粉蔥 ,33.1,28.6,25.4,28.9,-0.34,2300.0,1.77,8,4,2004,0
2004-08-13,台北一,SE6 青蔥 粉蔥 ,33.2,28.9,25.6,29.1,0.69,2834.0,23.22,8,5,2004,0
2004-08-14,台北一,SE6 青蔥 粉蔥 ,32.3,26.9,22.9,27.2,-6.53,3006.0,6.07,8,6,2004,0
2004-08-15,台北一,SE6 青蔥 粉蔥 ,30.9,26.6,20.6,26.2,-3.68,2504.0,-16.7,8,7,2004,0
2004-08-16,台北一,SE6 青蔥 粉蔥 ,,,,,,,,8,1,2004,1
2004-08-17,台北一,SE6 青蔥 粉蔥 ,29.7,26.5,22.1,26.2,0.0,2120.0,-15.34,8,2,2004,0
2004-08-18,台北一,SE6 青蔥 粉蔥 ,29.6,25.7,16.0,24.5,-6.49,2480.0,16.98,8,3,2004,0
2004-08-19,台北一,SE6 青蔥 粉蔥 ,26.9,18.5,7.6,18.0,-26.53,2540.0,2.42,8,4,2004,0
2004-08-20,台北一,SE6 青蔥 粉蔥 ,22.0,13.8,3.9,13.5,-25.0,2400.0,-5.51,8,5,2004,0
2004-08-21,台北一,SE6 青蔥 粉蔥 ,23.6,20.4,7.5,18.4,36.3,1730.0,-27.92,8,6,2004,0
2004-08-22,台北一,SE6 青蔥 粉蔥 ,26.5,21.0,12.9,20.5,11.41,2445.0,41.33,8,7,2004,0
2004-08-23,台北一,SE6 青蔥 粉蔥 ,,,,,,,,8,1,2004,1
2004-08-24,台北一,SE6 青蔥 粉蔥 ,45.4,37.2,25.7,36.5,78.05,2008.0,-17.87,8,2,2004,0
2004-08-25,台北一,SE6 青蔥 粉蔥 ,45.5,39.8,26.7,38.3,4.93,1643.0,-18.18,8,3,2004,0
2004-08-26,台北一,SE6 青蔥 粉蔥 ,50.0,47.6,40.2,46.6,21.67,1070.0,-34.88,8,4,2004,0
2004-08-27,台北一,SE6 青蔥 粉蔥 ,41.9,37.9,25.3,36.2,-22.32,1600.0,49.53,8,5,2004,0
2004-08-28,台北一,SE6 青蔥 粉蔥 ,30.4,27.5,12.3,25.0,-30.94,2743.0,71.44,8,6,2004,0
2004-08-29,台北一,SE6 青蔥 粉蔥 ,25.1,20.0,14.7,19.9,-20.4,2873.0,4.74,8,7,2004,0
2004-08-30,台北一,SE6 青蔥 粉蔥 ,27.6,24.8,20.1,24.4,22.61,2286.0,-20.43,8,1,2004,0
2004-08-31,台北一,SE6 青蔥 粉蔥 ,,,,,,,,8,2,2004,1
2004-09-01,台北一,SE6 青蔥 粉蔥 ,,,,,,,,9,3,2004,1
2004-09-02,台北一,SE6 青蔥 粉蔥 ,28.1,24.2,11.3,22.4,-8.2,1964.0,-14.09,9,4,2004,0
2004-09-03,台北一,SE6 青蔥 粉蔥 ,27.9,23.5,18.6,23.4,4.46,1662.0,-15.38,9,5,2004,0
2004-09-04,台北一,SE6 青蔥 粉蔥 ,38.4,30.8,16.9,29.5,26.07,1837.0,10.53,9,6,2004,0
2004-09-05,台北一,SE6 青蔥 粉蔥 ,54.8,45.3,34.7,45.1,52.88,1180.0,-35.76,9,7,2004,0
2004-09-06,台北一,SE6 青蔥 粉蔥 ,,,,,,,,9,1,2004,1
2004-09-07,台北一,SE6 青蔥 粉蔥 ,43.3,35.2,21.4,34.1,-24.39,2101.0,78.05,9,2,2004,0
2004-09-08,台北一,SE6 青蔥 粉蔥 ,,,,,,,,9,3,2004,1
2004-09-09,台北一,SE6 青蔥 粉蔥 ,31.4,25.8,16.4,25.1,-26.39,2011.0,-4.28,9,4,2004,0
2004-09-10,台北一,SE6 青蔥 粉蔥 ,27.7,20.9,15.0,21.1,-15.94,2262.0,12.48,9,5,2004,0
2004-09-11,台北一,SE6 青蔥 粉蔥 ,25.9,19.6,12.1,19.3,-8.53,1775.0,-21.53,9,6,2004,0
2004-09-12,台北一,SE6 青蔥 粉蔥 ,72.8,67.3,57.8,66.5,244.56,1856.0,4.56,9,7,2004,0
2004-09-13,台北一,SE6 青蔥 粉蔥 ,,,,,,,,9,1,2004,1
2004-09-14,台北一,SE6 青蔥 粉蔥 ,38.2,33.4,27.5,33.2,-50.08,3407.0,83.57,9,2,2004,0
2004-09-15,台北一,SE6 青蔥 粉蔥 ,37.2,30.7,24.7,30.8,-7.23,2880.0,-15.47,9,3,2004,0
2004-09-16,台北一,SE6 青蔥 粉蔥 ,33.8,28.1,17.4,27.1,-12.01,2640.0,-8.33,9,4,2004,0
2004-09-17,台北一,SE6 青蔥 粉蔥 ,32.3,26.3,17.2,25.7,-5.17,2138.0,-19.02,9,5,2004,0
2004-09-18,台北一,SE6 青蔥 粉蔥 ,30.6,25.9,16.0,24.9,-3.11,2902.0,35.73,9,6,2004,0
2004-09-19,台北一,SE6 青蔥 粉蔥 ,34.9,29.2,17.4,28.0,12.45,2344.0,-19.23,9,7,2004,0
2004-09-20,台北一,SE6 青蔥 粉蔥 ,,,,,,,,9,1,2004,1
2004-09-21,台北一,SE6 青蔥 粉蔥 ,43.9,39.4,29.8,38.4,37.14,1986.0,-15.27,9,2,2004,0
2004-09-22,台北一,SE6 青蔥 粉蔥 ,53.6,48.6,38.3,47.6,23.96,1856.0,-6.55,9,3,2004,0
2004-09-23,台北一,SE6 青蔥 粉蔥 ,57.1,52.1,41.3,50.9,6.93,2289.0,23.33,9,4,2004,0
2004-09-24,台北一,SE6 青蔥 粉蔥 ,59.8,52.7,37.5,51.1,0.39,2525.0,10.31,9,5,2004,0
2004-09-25,台北一,SE6 青蔥 粉蔥 ,58.1,55.4,51.5,55.2,8.02,2223.0,-11.96,9,6,2004,0
2004-09-26,台北一,SE6 青蔥 粉蔥 ,52.3,49.2,46.0,49.2,-10.87,2436.0,9.58,9,7,2004,0
2004-09-27,台北一,SE6 青蔥 粉蔥 ,50.5,46.3,44.1,46.7,-5.08,1797.0,-26.23,9,1,2004,0
2004-09-28,台北一,SE6 青蔥 粉蔥 ,46.7,42.9,37.3,42.5,-8.99,1496.0,-16.75,9,2,2004,0
2004-09-29,台北一,SE6 青蔥 粉蔥 ,,,,,,,,9,3,2004,1
2004-09-30,台北一,SE6 青蔥 粉蔥 ,,,,,,,,9,4,2004,1
2004-10-01,台北一,SE6 青蔥 粉蔥 ,45.2,42.3,39.3,42.3,-0.47,1340.0,-10.43,10,5,2004,0
2004-10-02,台北一,SE6 青蔥 粉蔥 ,58.7,55.0,45.7,53.9,27.42,1330.0,-0.75,10,6,2004,0
2004-10-03,台北一,SE6 青蔥 粉蔥 ,67.6,62.6,43.0,59.7,10.76,1929.0,45.04,10,7,2004,0
2004-10-04,台北一,SE6 青蔥 粉蔥 ,,,,,,,,10,1,2004,1
2004-10-05,台北一,SE6 青蔥 粉蔥 ,65.7,62.3,58.8,62.2,4.19,1737.0,-9.95,10,2,2004,0
2004-10-06,台北一,SE6 青蔥 粉蔥 ,62.4,60.1,56.4,59.8,-3.86,2420.0,39.32,10,3,2004,0
2004-10-07,台北一,SE6 青蔥 粉蔥 ,55.0,45.2,36.6,45.5,-23.91,2800.0,15.7,10,4,2004,0
2004-10-08,台北一,SE6 青蔥 粉蔥 ,50.0,45.4,33.5,43.9,-3.52,2400.0,-14.29,10,5,2004,0
2004-10-09,台北一,SE6 青蔥 粉蔥 ,45.9,42.8,38.1,42.5,-3.19,2600.0,8.33,10,6,2004,0
2004-10-10,台北一,SE6 青蔥 粉蔥 ,45.3,41.2,38.0,41.4,-2.59,2873.0,10.5,10,7,2004,0
2004-10-11,台北一,SE6 青蔥 粉蔥 ,,,,,,,,10,1,2004,1
2004-10-12,台北一,SE6 青蔥 粉蔥 ,48.4,44.0,40.3,44.1,6.52,2980.0,3.72,10,2,2004,0
2004-10-13,台北一,SE6 青蔥 粉蔥 ,48.7,42.0,38.6,42.7,-3.17,2360.0,-20.81,10,3,2004,0
2004-10-14,台北一,SE6 青蔥 粉蔥 ,52.0,52.0,52.0,52.0,21.78,60.0,-97.46,10,4,2004,0
2004-10-15,台北一,SE6 青蔥 粉蔥 ,50.0,50.0,50.0,50.0,-3.85,40.0,-33.33,10,5,2004,0
2004-10-16,台北一,SE6 青蔥 粉蔥 ,,,,,,,,10,6,2004,1
2004-10-17,台北一,SE6 青蔥 粉蔥 ,,,,,,,,10,7,2004,1
2004-10-18,台北一,SE6 青蔥 粉蔥 ,,,,,,,,10,1,2004,1
2004-10-19,台北一,SE6 青蔥 粉蔥 ,,,,,,,,10,2,2004,1
2004-10-20,台北一,SE6 青蔥 粉蔥 ,,,,,,,,10,3,2004,1
2004-10-21,台北一,SE6 青蔥 粉蔥 ,40.0,40.0,40.0,40.0,-20.0,42.0,5.0,10,4,2004,0
2004-10-22,台北一,SE6 青蔥 粉蔥 ,,,,,,,,10,5,2004,1
2004-10-23,台北一,SE6 青蔥 粉蔥 ,,,,,,,,10,6,2004,1
2004-10-24,台北一,SE6 青蔥 粉蔥 ,,,,,,,,10,7,2004,1
2004-10-25,台北一,SE6 青蔥 粉蔥 ,,,,,,,,10,1,2004,1
2004-10-26,台北一,SE6 青蔥 粉蔥 ,,,,,,,,10,2,2004,1
2004-10-27,台北一,SE6 青蔥 粉蔥 ,,,,,,,,10,3,2004,1
2004-10-28,台北一,SE6 青蔥 粉蔥 ,,,,,,,,10,4,2004,1
2004-10-29,台北一,SE6 青蔥 粉蔥 ,,,,,,,,10,5,2004,1
2004-10-30,台北一,SE6 青蔥 粉蔥 ,,,,,,,,10,6,2004,1
2004-10-31,台北一,SE6 青蔥 粉蔥 ,15.0,15.0,15.0,15.0,-62.5,25.0,-40.48,10,7,2004,0
2004-11-01,台北一,SE6 青蔥 粉蔥 ,,,,,,,,11,1,2004,1
2004-11-02,台北一,SE6 青蔥 粉蔥 ,,,,,,,,11,2,2004,1
2004-11-03,台北一,SE6 青蔥 粉蔥 ,12.0,12.0,12.0,12.0,-20.0,12.0,-52.0,11,3,2004,0
2004-11-04,台北一,SE6 青蔥 粉蔥 ,28.0,17.4,12.7,18.6,55.0,772.0,6333.33,11,4,2004,0
2004-11-05,台北一,SE6 青蔥 粉蔥 ,31.3,16.4,13.1,18.7,0.54,1038.0,34.46,11,5,2004,0
2004-11-06,台北一,SE6 青蔥 粉蔥 ,,,,,,,,11,6,2004,1
2004-11-07,台北一,SE6 青蔥 粉蔥 ,,,,,,,,11,7,2004,1
2004-11-08,台北一,SE6 青蔥 粉蔥 ,,,,,,,,11,1,2004,1
2004-11-09,台北一,SE6 青蔥 粉蔥 ,20.0,20.0,20.0,20.0,6.95,80.0,-92.29,11,2,2004,0
2004-11-10,台北一,SE6 青蔥 粉蔥 ,18.0,18.0,18.0,18.0,-10.0,80.0,0.0,11,3,2004,0
2004-11-11,台北一,SE6 青蔥 粉蔥 ,13.0,13.0,13.0,13.0,-27.78,40.0,-50.0,11,4,2004,0
2004-11-12,台北一,SE6 青蔥 粉蔥 ,,,,,,,,11,5,2004,1
2004-11-13,台北一,SE6 青蔥 粉蔥 ,25.0,25.0,25.0,25.0,92.31,18.0,-55.0,11,6,2004,0
2004-11-14,台北一,SE6 青蔥 粉蔥 ,,,,,,,,11,7,2004,1
2004-11-15,台北一,SE6 青蔥 粉蔥 ,,,,,,,,11,1,2004,1
2004-11-16,台北一,SE6 青蔥 粉蔥 ,,,,,,,,11,2,2004,1
2004-11-17,台北一,SE6 青蔥 粉蔥 ,,,,,,,,11,3,2004,1
2004-11-18,台北一,SE6 青蔥 粉蔥 ,,,,,,,,11,4,2004,1
2004-11-19,台北一,SE6 青蔥 粉蔥 ,,,,,,,,11,5,2004,1
2004-11-20,台北一,SE6 青蔥 粉蔥 ,,,,,,,,11,6,2004,1
2004-11-21,台北一,SE6 青蔥 粉蔥 ,,,,,,,,11,7,2004,1
2004-11-22,台北一,SE6 青蔥 粉蔥 ,,,,,,,,11,1,2004,1
2004-11-23,台北一,SE6 青蔥 粉蔥 ,,,,,,,,11,2,2004,1
2004-11-24,台北一,SE6 青蔥 粉蔥 ,,,,,,,,11,3,2004,1
2004-11-25,台北一,SE6 青蔥 粉蔥 ,14.0,14.0,14.0,14.0,-44.0,20.0,11.11,11,4,2004,0
2004-11-26,台北一,SE6 青蔥 粉蔥 ,,,,,,,,11,5,2004,1
2004-11-27,台北一,SE6 青蔥 粉蔥 ,13.0,13.0,13.0,13.0,-7.14,50.0,150.0,11,6,2004,0
2004-11-28,台北一,SE6 青蔥 粉蔥 ,10.0,9.8,9.0,9.7,-25.38,75.0,50.0,11,7,2004,0
2004-11-29,台北一,SE6 青蔥 粉蔥 ,,,,,,,,11,1,2004,1
2004-11-30,台北一,SE6 青蔥 粉蔥 ,12.0,11.2,11.0,11.3,16.49,75.0,0.0,11,2,2004,0
2004-12-01,台北一,SE6 青蔥 粉蔥 ,20.0,15.6,12.5,15.9,40.71,9351.0,12368.0,12,3,2004,0
2004-12-02,台北一,SE6 青蔥 粉蔥 ,20.0,15.3,12.3,15.6,-1.89,7805.0,-16.53,12,4,2004,0
2004-12-03,台北一,SE6 青蔥 粉蔥 ,22.0,17.7,14.6,18.0,15.38,7146.0,-8.44,12,5,2004,0
2004-12-04,台北一,SE6 青蔥 粉蔥 ,28.8,21.9,17.8,22.4,24.44,8505.0,19.02,12,6,2004,0
2004-12-05,台北一,SE6 青蔥 粉蔥 ,40.0,33.1,28.4,33.5,49.55,6390.0,-24.87,12,7,2004,0
2004-12-06,台北一,SE6 青蔥 粉蔥 ,,,,,,,,12,1,2004,1
2004-12-07,台北一,SE6 青蔥 粉蔥 ,31.3,23.3,16.4,23.5,-29.85,8710.0,36.31,12,2,2004,0
2004-12-08,台北一,SE6 青蔥 粉蔥 ,30.0,19.9,16.6,21.3,-9.36,8599.0,-1.27,12,3,2004,0
2004-12-09,台北一,SE6 青蔥 粉蔥 ,26.0,18.2,14.4,19.0,-10.8,7102.0,-17.41,12,4,2004,0
2004-12-10,台北一,SE6 青蔥 粉蔥 ,25.4,19.5,15.7,19.9,4.74,8687.0,22.32,12,5,2004,0
2004-12-11,台北一,SE6 青蔥 粉蔥 ,26.0,20.8,17.0,21.1,6.03,8795.0,1.24,12,6,2004,0
2004-12-12,台北一,SE6 青蔥 粉蔥 ,25.2,21.6,18.2,21.6,2.37,8908.0,1.28,12,7,2004,0
2004-12-13,台北一,SE6 青蔥 粉蔥 ,,,,,,,,12,1,2004,1
2004-12-14,台北一,SE6 青蔥 粉蔥 ,30.4,26.1,19.5,25.6,18.52,8758.0,-1.68,12,2,2004,0
2004-12-15,台北一,SE6 青蔥 粉蔥 ,30.2,25.7,22.7,26.0,1.56,9250.0,5.62,12,3,2004,0
2004-12-16,台北一,SE6 青蔥 粉蔥 ,30.0,23.7,19.5,24.1,-7.31,10059.0,8.75,12,4,2004,0
2004-12-17,台北一,SE6 青蔥 粉蔥 ,29.8,22.3,17.1,22.8,-5.39,11614.0,15.46,12,5,2004,0
2004-12-18,台北一,SE6 青蔥 粉蔥 ,26.3,20.8,16.0,21.0,-7.89,13178.0,13.47,12,6,2004,0
2004-12-19,台北一,SE6 青蔥 粉蔥 ,25.0,19.4,12.9,19.2,-8.57,17190.0,30.44,12,7,2004,0
2004-12-20,台北一,SE6 青蔥 粉蔥 ,,,,,,,,12,1,2004,1
2004-12-21,台北一,SE6 青蔥 粉蔥 ,24.9,19.5,14.6,19.6,2.08,12024.0,-30.05,12,2,2004,0
2004-12-22,台北一,SE6 青蔥 粉蔥 ,24.8,17.9,14.2,18.5,-5.61,7155.0,-40.49,12,3,2004,0
2004-12-23,台北一,SE6 青蔥 粉蔥 ,22.9,17.6,12.1,17.6,-4.86,9644.0,34.79,12,4,2004,0
2004-12-24,台北一,SE6 青蔥 粉蔥 ,22.9,16.9,13.0,17.3,-1.7,9520.0,-1.29,12,5,2004,0
2004-12-25,台北一,SE6 青蔥 粉蔥 ,23.0,18.2,14.1,18.4,6.36,11218.0,17.84,12,6,2004,0
2004-12-26,台北一,SE6 青蔥 粉蔥 ,24.9,18.7,15.0,19.2,4.35,13648.0,21.66,12,7,2004,0
2004-12-27,台北一,SE6 青蔥 粉蔥 ,,,,,,,,12,1,2004,1
2004-12-28,台北一,SE6 青蔥 粉蔥 ,23.1,19.1,15.9,19.3,0.52,13020.0,-4.6,12,2,2004,0
2004-12-29,台北一,SE6 青蔥 粉蔥 ,25.2,19.8,16.8,20.3,5.18,12444.0,-4.42,12,3,2004,0
2004-12-30,台北一,SE6 青蔥 粉蔥 ,23.0,17.6,13.7,17.9,-11.82,10739.0,-13.7,12,4,2004,0
2004-12-31,台北一,SE6 青蔥 粉蔥 ,25.3,19.6,15.7,20.0,11.73,12649.0,17.79,12,5,2004,0
2005-01-01,台北一,SE6 青蔥 粉蔥 ,25.0,19.7,16.0,20.0,0.0,13213.0,4.46,1,6,2005,0
2005-01-02,台北一,SE6 青蔥 粉蔥 ,38.2,32.2,24.2,31.8,59.0,11311.0,-14.39,1,7,2005,0
2005-01-03,台北一,SE6 青蔥 粉蔥 ,,,,,,,,1,1,2005,1
2005-01-04,台北一,SE6 青蔥 粉蔥 ,31.9,25.4,20.7,25.8,-18.87,17983.0,58.99,1,2,2005,0
2005-01-05,台北一,SE6 青蔥 粉蔥 ,25.2,18.7,14.6,19.2,-25.58,17200.0,-4.35,1,3,2005,0
2005-01-06,台北一,SE6 青蔥 粉蔥 ,24.2,17.1,12.1,17.5,-8.85,17550.0,2.03,1,4,2005,0
2005-01-07,台北一,SE6 青蔥 粉蔥 ,20.4,15.2,10.7,15.4,-12.0,16260.0,-7.35,1,5,2005,0
2005-01-08,台北一,SE6 青蔥 粉蔥 ,25.0,17.6,13.4,18.2,18.18,17311.0,6.46,1,6,2005,0
2005-01-09,台北一,SE6 青蔥 粉蔥 ,23.4,16.6,13.3,17.3,-4.95,19149.0,10.62,1,7,2005,0
2005-01-10,台北一,SE6 青蔥 粉蔥 ,,,,,,,,1,1,2005,1
2005-01-11,台北一,SE6 青蔥 粉蔥 ,21.9,16.6,12.1,16.8,-2.89,16960.0,-11.43,1,2,2005,0
2005-01-12,台北一,SE6 青蔥 粉蔥 ,22.1,15.3,10.8,15.8,-5.95,17577.0,3.64,1,3,2005,0
2005-01-13,台北一,SE6 青蔥 粉蔥 ,21.1,15.4,9.8,15.4,-2.53,16472.0,-6.29,1,4,2005,0
2005-01-14,台北一,SE6 青蔥 粉蔥 ,19.3,14.6,9.6,14.6,-5.19,15786.0,-4.16,1,5,2005,0
2005-01-15,台北一,SE6 青蔥 粉蔥 ,21.7,17.1,13.9,17.4,19.18,14125.0,-10.52,1,6,2005,0
2005-01-16,台北一,SE6 青蔥 粉蔥 ,27.9,21.4,16.5,21.7,24.71,17715.0,25.42,1,7,2005,0
2005-01-17,台北一,SE6 青蔥 粉蔥 ,,,,,,,,1,1,2005,1
2005-01-18,台北一,SE6 青蔥 粉蔥 ,25.0,19.9,15.6,20.1,-7.37,18686.0,5.48,1,2,2005,0
2005-01-19,台北一,SE6 青蔥 粉蔥 ,22.8,17.5,13.4,17.7,-11.94,18377.0,-1.65,1,3,2005,0
2005-01-20,台北一,SE6 青蔥 粉蔥 ,21.5,16.1,12.2,16.4,-7.34,17486.0,-4.85,1,4,2005,0
2005-01-21,台北一,SE6 青蔥 粉蔥 ,19.8,15.3,11.2,15.4,-6.1,17881.0,2.26,1,5,2005,0
2005-01-22,台北一,SE6 青蔥 粉蔥 ,20.0,15.5,11.1,15.6,1.3,13345.0,-25.37,1,6,2005,0
2005-01-23,台北一,SE6 青蔥 粉蔥 ,18.2,15.6,10.3,15.1,-3.21,19915.0,49.23,1,7,2005,0
2005-01-24,台北一,SE6 青蔥 粉蔥 ,18.5,13.1,8.6,13.3,-11.92,14056.0,-29.42,1,1,2005,0
2005-01-25,台北一,SE6 青蔥 粉蔥 ,16.9,11.8,5.7,11.6,-12.78,21774.0,54.91,1,2,2005,0
2005-01-26,台北一,SE6 青蔥 粉蔥 ,,,,,,,,1,3,2005,1
2005-01-27,台北一,SE6 青蔥 粉蔥 ,18.0,14.0,8.5,13.7,18.1,14524.0,-33.3,1,4,2005,0
2005-01-28,台北一,SE6 青蔥 粉蔥 ,17.1,13.1,8.7,13.0,-5.11,15518.0,6.84,1,5,2005,0
2005-01-29,台北一,SE6 青蔥 粉蔥 ,17.1,12.6,8.9,12.7,-2.31,18596.0,19.84,1,6,2005,0
2005-01-30,台北一,SE6 青蔥 粉蔥 ,17.2,11.7,6.8,11.8,-7.09,23483.0,26.28,1,7,2005,0
2005-01-31,台北一,SE6 青蔥 粉蔥 ,,,,,,,,1,1,2005,1
2005-02-01,台北一,SE6 青蔥 粉蔥 ,16.9,11.3,6.3,11.4,-3.39,21287.0,-9.35,2,2,2005,0
2005-02-02,台北一,SE6 青蔥 粉蔥 ,16.4,11.7,9.2,12.1,6.14,18575.0,-12.74,2,3,2005,0
2005-02-03,台北一,SE6 青蔥 粉蔥 ,14.1,10.2,7.7,10.5,-13.22,20082.0,8.11,2,4,2005,0
2005-02-04,台北一,SE6 青蔥 粉蔥 ,19.2,13.9,9.7,14.1,34.29,28298.0,40.91,2,5,2005,0
2005-02-05,台北一,SE6 青蔥 粉蔥 ,23.1,19.8,15.5,19.6,39.01,35689.0,26.12,2,6,2005,0
2005-02-06,台北一,SE6 青蔥 粉蔥 ,22.2,17.9,14.6,18.1,-7.65,46394.0,30.0,2,7,2005,0
2005-02-07,台北一,SE6 青蔥 粉蔥 ,24.4,18.0,13.4,18.4,1.66,51381.0,10.75,2,1,2005,0
2005-02-08,台北一,SE6 青蔥 粉蔥 ,26.3,17.6,9.2,17.6,-4.35,36191.0,-29.56,2,2,2005,0
2005-02-09,台北一,SE6 青蔥 粉蔥 ,,,,,,,,2,3,2005,1
2005-02-10,台北一,SE6 青蔥 粉蔥 ,,,,,,,,2,4,2005,1
2005-02-11,台北一,SE6 青蔥 粉蔥 ,,,,,,,,2,5,2005,1
2005-02-12,台北一,SE6 青蔥 粉蔥 ,,,,,,,,2,6,2005,1
2005-02-13,台北一,SE6 青蔥 粉蔥 ,,,,,,,,2,7,2005,1
2005-02-14,台北一,SE6 青蔥 粉蔥 ,24.5,17.2,6.5,16.5,-6.25,15410.0,-57.42,2,1,2005,0
2005-02-15,台北一,SE6 青蔥 粉蔥 ,19.8,14.9,7.8,14.4,-12.73,12127.0,-21.3,2,2,2005,0
2005-02-16,台北一,SE6 青蔥 粉蔥 ,16.1,10.7,4.8,10.6,-26.39,19466.0,60.52,2,3,2005,0
2005-02-17,台北一,SE6 青蔥 粉蔥 ,15.6,10.2,5.1,10.2,-3.77,14136.0,-27.38,2,4,2005,0
2005-02-18,台北一,SE6 青蔥 粉蔥 ,16.4,12.1,7.5,12.0,17.65,12490.0,-11.64,2,5,2005,0
2005-02-19,台北一,SE6 青蔥 粉蔥 ,23.5,18.2,14.5,18.5,54.17,12135.0,-2.84,2,6,2005,0
2005-02-20,台北一,SE6 青蔥 粉蔥 ,36.0,30.1,23.1,29.9,61.62,12585.0,3.71,2,7,2005,0
2005-02-21,台北一,SE6 青蔥 粉蔥 ,29.3,21.7,16.1,22.1,-26.09,16991.0,35.01,2,1,2005,0
2005-02-22,台北一,SE6 青蔥 粉蔥 ,26.0,18.5,10.3,18.4,-16.74,20667.0,21.63,2,2,2005,0
2005-02-23,台北一,SE6 青蔥 粉蔥 ,34.7,26.2,20.5,26.8,45.65,21747.0,5.23,2,3,2005,0
2005-02-24,台北一,SE6 青蔥 粉蔥 ,,,,,,,,2,4,2005,1
2005-02-25,台北一,SE6 青蔥 粉蔥 ,,,,,,,,2,5,2005,1
2005-02-26,台北一,SE6 青蔥 粉蔥 ,25.2,19.8,12.2,19.3,-27.99,26048.0,19.78,2,6,2005,0
2005-02-27,台北一,SE6 青蔥 粉蔥 ,20.2,13.8,5.9,13.5,-30.05,26536.0,1.87,2,7,2005,0
2005-02-28,台北一,SE6 青蔥 粉蔥 ,,,,,,,,2,1,2005,1
2005-03-01,台北一,SE6 青蔥 粉蔥 ,20.0,13.1,7.2,13.3,-1.48,24281.0,-8.5,3,2,2005,0
2005-03-02,台北一,SE6 青蔥 粉蔥 ,19.7,12.7,5.4,12.6,-5.26,19164.0,-21.07,3,3,2005,0
2005-03-03,台北一,SE6 青蔥 粉蔥 ,20.0,13.5,7.2,13.5,7.14,17577.0,-8.28,3,4,2005,0
2005-03-04,台北一,SE6 青蔥 粉蔥 ,22.2,18.0,15.8,18.4,36.3,17237.0,-1.93,3,5,2005,0
2005-03-05,台北一,SE6 青蔥 粉蔥 ,30.7,25.7,18.6,25.3,37.5,14394.0,-16.49,3,6,2005,0
2005-03-06,台北一,SE6 青蔥 粉蔥 ,30.2,24.5,18.8,24.5,-3.16,22324.0,55.09,3,7,2005,0
2005-03-07,台北一,SE6 青蔥 粉蔥 ,,,,,,,,3,1,2005,1
2005-03-08,台北一,SE6 青蔥 粉蔥 ,28.6,21.4,14.5,21.5,-12.24,26468.0,18.56,3,2,2005,0
2005-03-09,台北一,SE6 青蔥 粉蔥 ,24.1,18.3,12.0,18.2,-15.35,22694.0,-14.26,3,3,2005,0
2005-03-10,台北一,SE6 青蔥 粉蔥 ,19.2,14.1,9.5,14.2,-21.98,22738.0,0.19,3,4,2005,0
2005-03-11,台北一,SE6 青蔥 粉蔥 ,15.4,10.5,7.7,10.9,-23.24,28148.0,23.79,3,5,2005,0
2005-03-12,台北一,SE6 青蔥 粉蔥 ,17.6,11.9,7.0,12.1,11.01,23164.0,-17.71,3,6,2005,0
2005-03-13,台北一,SE6 青蔥 粉蔥 ,16.7,10.8,6.5,11.1,-8.26,23095.0,-0.3,3,7,2005,0
2005-03-14,台北一,SE6 青蔥 粉蔥 ,,,,,,,,3,1,2005,1
2005-03-15,台北一,SE6 青蔥 粉蔥 ,18.8,12.6,8.4,13.0,17.12,21038.0,-8.91,3,2,2005,0
2005-03-16,台北一,SE6 青蔥 粉蔥 ,18.2,12.9,8.8,13.1,0.77,22617.0,7.51,3,3,2005,0
2005-03-17,台北一,SE6 青蔥 粉蔥 ,17.4,11.9,8.5,12.3,-6.11,21980.0,-2.82,3,4,2005,0
2005-03-18,台北一,SE6 青蔥 粉蔥 ,15.1,12.8,8.4,12.4,0.81,29418.0,33.84,3,5,2005,0
2005-03-19,台北一,SE6 青蔥 粉蔥 ,18.4,12.7,8.9,13.0,4.84,23080.0,-21.54,3,6,2005,0
2005-03-20,台北一,SE6 青蔥 粉蔥 ,17.9,12.2,8.8,12.7,-2.31,26238.0,13.68,3,7,2005,0
2005-03-21,台北一,SE6 青蔥 粉蔥 ,,,,,,,,3,1,2005,1
2005-03-22,台北一,SE6 青蔥 粉蔥 ,17.1,10.9,6.8,11.3,-11.02,24584.0,-6.3,3,2,2005,0
2005-03-23,台北一,SE6 青蔥 粉蔥 ,14.7,10.6,5.5,10.4,-7.96,22941.0,-6.68,3,3,2005,0
2005-03-24,台北一,SE6 青蔥 粉蔥 ,14.8,10.6,6.0,10.6,1.92,18813.0,-17.99,3,4,2005,0
2005-03-25,台北一,SE6 青蔥 粉蔥 ,17.3,11.6,7.2,11.9,12.26,19939.0,5.99,3,5,2005,0
2005-03-26,台北一,SE6 青蔥 粉蔥 ,17.3,11.7,8.3,12.1,1.68,18920.0,-5.11,3,6,2005,0
2005-03-27,台北一,SE6 青蔥 粉蔥 ,17.7,12.3,7.6,12.5,3.31,21881.0,15.65,3,7,2005,0
2005-03-28,台北一,SE6 青蔥 粉蔥 ,,,,,,,,3,1,2005,1
2005-03-29,台北一,SE6 青蔥 粉蔥 ,19.1,14.5,9.7,14.4,15.2,16309.0,-25.47,3,2,2005,0
2005-03-30,台北一,SE6 青蔥 粉蔥 ,16.5,12.4,7.3,12.2,-15.28,19581.0,20.06,3,3,2005,0
2005-03-31,台北一,SE6 青蔥 粉蔥 ,17.1,11.8,6.0,11.7,-4.1,18911.0,-3.42,3,4,2005,0
2005-04-01,台北一,SE6 青蔥 粉蔥 ,19.2,13.7,9.4,13.9,18.8,14473.0,-23.47,4,5,2005,0
2005-04-02,台北一,SE6 青蔥 粉蔥 ,18.1,14.6,10.6,14.5,4.32,17300.0,19.53,4,6,2005,0
2005-04-03,台北一,SE6 青蔥 粉蔥 ,17.7,12.6,7.6,12.6,-13.1,24050.0,39.02,4,7,2005,0
2005-04-04,台北一,SE6 青蔥 粉蔥 ,18.9,14.1,9.1,14.0,11.11,23499.0,-2.29,4,1,2005,0
2005-04-05,台北一,SE6 青蔥 粉蔥 ,,,,,,,,4,2,2005,1
2005-04-06,台北一,SE6 青蔥 粉蔥 ,,,,,,,,4,3,2005,1
2005-04-07,台北一,SE6 青蔥 粉蔥 ,21.3,16.2,10.9,16.1,15.0,16950.0,-27.87,4,4,2005,0
2005-04-08,台北一,SE6 青蔥 粉蔥 ,21.6,16.0,11.6,16.2,0.62,20318.0,19.87,4,5,2005,0
2005-04-09,台北一,SE6 青蔥 粉蔥 ,19.6,14.0,9.6,14.2,-12.35,22078.0,8.66,4,6,2005,0
2005-04-10,台北一,SE6 青蔥 粉蔥 ,19.6,14.4,9.0,14.4,1.41,23565.0,6.74,4,7,2005,0
2005-04-11,台北一,SE6 青蔥 粉蔥 ,,,,,,,,4,1,2005,1
2005-04-12,台北一,SE6 青蔥 粉蔥 ,19.1,13.5,8.8,13.7,-4.86,20228.0,-14.16,4,2,2005,0
2005-04-13,台北一,SE6 青蔥 粉蔥 ,17.5,12.8,6.5,12.5,-8.76,19943.0,-1.41,4,3,2005,0
2005-04-14,台北一,SE6 青蔥 粉蔥 ,17.2,11.8,5.8,11.6,-7.2,18554.0,-6.96,4,4,2005,0
2005-04-15,台北一,SE6 青蔥 粉蔥 ,17.6,12.6,6.8,12.4,6.9,17837.0,-3.86,4,5,2005,0
2005-04-16,台北一,SE6 青蔥 粉蔥 ,17.2,12.5,9.0,12.8,3.23,20268.0,13.63,4,6,2005,0
2005-04-17,台北一,SE6 青蔥 粉蔥 ,17.2,12.2,7.6,12.3,-3.91,21173.0,4.47,4,7,2005,0
2005-04-18,台北一,SE6 青蔥 粉蔥 ,,,,,,,,4,1,2005,1
2005-04-19,台北一,SE6 青蔥 粉蔥 ,17.7,12.7,9.1,13.0,5.69,19595.0,-7.45,4,2,2005,0
2005-04-20,台北一,SE6 青蔥 粉蔥 ,17.4,12.8,8.6,12.9,-0.77,17870.0,-8.8,4,3,2005,0
2005-04-21,台北一,SE6 青蔥 粉蔥 ,17.3,12.4,7.3,12.4,-3.88,18213.0,1.92,4,4,2005,0
2005-04-22,台北一,SE6 青蔥 粉蔥 ,14.8,11.4,7.9,11.4,-8.06,25052.0,37.55,4,5,2005,0
2005-04-23,台北一,SE6 青蔥 粉蔥 ,15.3,12.1,8.5,12.0,5.26,26328.0,5.09,4,6,2005,0
2005-04-24,台北一,SE6 青蔥 粉蔥 ,15.4,12.7,9.9,12.7,5.83,26402.0,0.28,4,7,2005,0
2005-04-25,台北一,SE6 青蔥 粉蔥 ,,,,,,,,4,1,2005,1
2005-04-26,台北一,SE6 青蔥 粉蔥 ,15.1,11.9,8.7,11.9,-6.3,25009.0,-5.28,4,2,2005,0
2005-04-27,台北一,SE6 青蔥 粉蔥 ,14.2,11.5,8.9,11.5,-3.36,23621.0,-5.55,4,3,2005,0
2005-04-28,台北一,SE6 青蔥 粉蔥 ,14.4,11.6,9.7,11.8,2.61,21346.0,-9.63,4,4,2005,0
2005-04-29,台北一,SE6 青蔥 粉蔥 ,14.8,12.1,9.3,12.1,2.54,20385.0,-4.5,4,5,2005,0
2005-04-30,台北一,SE6 青蔥 粉蔥 ,16.8,13.7,10.4,13.7,13.22,22900.0,12.34,4,6,2005,0
2005-05-01,台北一,SE6 青蔥 粉蔥 ,19.1,14.4,11.2,14.7,7.3,24746.0,8.06,5,7,2005,0
2005-05-02,台北一,SE6 青蔥 粉蔥 ,,,,,,,,5,1,2005,1
2005-05-03,台北一,SE6 青蔥 粉蔥 ,20.2,14.9,11.4,15.2,3.4,24148.0,-2.42,5,2,2005,0
2005-05-04,台北一,SE6 青蔥 粉蔥 ,19.5,14.9,12.0,15.3,0.66,23528.0,-2.57,5,3,2005,0
2005-05-05,台北一,SE6 青蔥 粉蔥 ,18.3,14.7,11.0,14.7,-3.92,24367.0,3.57,5,4,2005,0
2005-05-06,台北一,SE6 青蔥 粉蔥 ,17.6,12.9,10.2,13.3,-9.52,22381.0,-8.15,5,5,2005,0
2005-05-07,台北一,SE6 青蔥 粉蔥 ,17.6,13.7,10.7,13.9,4.51,22902.0,2.33,5,6,2005,0
2005-05-08,台北一,SE6 青蔥 粉蔥 ,16.8,13.1,9.4,13.1,-5.76,24946.0,8.92,5,7,2005,0
2005-05-09,台北一,SE6 青蔥 粉蔥 ,,,,,,,,5,1,2005,1
2005-05-10,台北一,SE6 青蔥 粉蔥 ,16.4,13.3,11.3,13.5,3.05,18824.0,-24.54,5,2,2005,0
2005-05-11,台北一,SE6 青蔥 粉蔥 ,19.6,15.2,12.6,15.6,15.56,14596.0,-22.46,5,3,2005,0
2005-05-12,台北一,SE6 青蔥 粉蔥 ,19.2,14.5,10.8,14.7,-5.77,17975.0,23.15,5,4,2005,0
2005-05-13,台北一,SE6 青蔥 粉蔥 ,20.0,15.6,12.7,15.9,8.16,17969.0,-0.03,5,5,2005,0
2005-05-14,台北一,SE6 青蔥 粉蔥 ,36.4,31.5,26.6,31.5,98.11,9560.0,-46.8,5,6,2005,0
2005-05-15,台北一,SE6 青蔥 粉蔥 ,35.6,30.2,24.1,30.1,-4.44,17570.0,83.79,5,7,2005,0
2005-05-16,台北一,SE6 青蔥 粉蔥 ,,,,,,,,5,1,2005,1
2005-05-17,台北一,SE6 青蔥 粉蔥 ,23.2,17.8,7.5,16.8,-44.19,18318.0,4.26,5,2,2005,0
2005-05-18,台北一,SE6 青蔥 粉蔥 ,19.7,13.9,8.7,14.0,-16.67,13199.0,-27.95,5,3,2005,0
2005-05-19,台北一,SE6 青蔥 粉蔥 ,20.4,15.7,11.9,15.9,13.57,11837.0,-10.32,5,4,2005,0
2005-05-20,台北一,SE6 青蔥 粉蔥 ,25.1,19.5,15.2,19.8,24.53,10310.0,-12.9,5,5,2005,0
2005-05-21,台北一,SE6 青蔥 粉蔥 ,30.7,24.3,19.3,24.6,24.24,9504.0,-7.82,5,6,2005,0
2005-05-22,台北一,SE6 青蔥 粉蔥 ,34.7,28.1,23.6,28.5,15.85,10406.0,9.49,5,7,2005,0
2005-05-23,台北一,SE6 青蔥 粉蔥 ,,,,,,,,5,1,2005,1
2005-05-24,台北一,SE6 青蔥 粉蔥 ,35.3,31.3,25.5,30.9,8.42,9188.0,-11.7,5,2,2005,0
2005-05-25,台北一,SE6 青蔥 粉蔥 ,41.4,34.6,29.0,34.8,12.62,7919.0,-13.81,5,3,2005,0
2005-05-26,台北一,SE6 青蔥 粉蔥 ,41.0,36.9,32.6,36.8,5.75,7909.0,-0.13,5,4,2005,0
2005-05-27,台北一,SE6 青蔥 粉蔥 ,40.8,35.2,29.2,35.1,-4.62,8805.0,11.33,5,5,2005,0
2005-05-28,台北一,SE6 青蔥 粉蔥 ,34.8,27.9,23.5,28.4,-19.09,10183.0,15.65,5,6,2005,0
2005-05-29,台北一,SE6 青蔥 粉蔥 ,31.8,25.4,19.6,25.5,-10.21,10514.0,3.25,5,7,2005,0
2005-05-30,台北一,SE6 青蔥 粉蔥 ,,,,,,,,5,1,2005,1
2005-05-31,台北一,SE6 青蔥 粉蔥 ,36.2,28.5,21.4,28.6,12.16,7115.0,-32.33,5,2,2005,0
2005-06-01,台北一,SE6 青蔥 粉蔥 ,35.2,30.0,27.0,30.4,6.29,5965.0,-16.16,6,3,2005,0
2005-06-02,台北一,SE6 青蔥 粉蔥 ,41.0,32.2,29.6,33.4,9.87,5290.0,-11.32,6,4,2005,0
2005-06-03,台北一,SE6 青蔥 粉蔥 ,45.8,37.4,31.9,38.0,13.77,5520.0,4.35,6,5,2005,0
2005-06-04,台北一,SE6 青蔥 粉蔥 ,47.0,38.7,32.3,39.1,2.89,5758.0,4.31,6,6,2005,0
2005-06-05,台北一,SE6 青蔥 粉蔥 ,43.6,36.5,32.8,37.2,-4.86,6516.0,13.16,6,7,2005,0
2005-06-06,台北一,SE6 青蔥 粉蔥 ,,,,,,,,6,1,2005,1
2005-06-07,台北一,SE6 青蔥 粉蔥 ,51.2,42.0,34.6,42.3,13.71,5426.0,-16.73,6,2,2005,0
2005-06-08,台北一,SE6 青蔥 粉蔥 ,55.2,46.4,39.5,46.8,10.64,5364.0,-1.14,6,3,2005,0
2005-06-09,台北一,SE6 青蔥 粉蔥 ,52.3,45.1,39.7,45.4,-2.99,5740.0,7.01,6,4,2005,0
2005-06-10,台北一,SE6 青蔥 粉蔥 ,55.3,49.9,41.0,49.2,8.37,7013.0,22.18,6,5,2005,0
2005-06-11,台北一,SE6 青蔥 粉蔥 ,56.1,50.5,44.1,50.4,2.44,6425.0,-8.38,6,6,2005,0
2005-06-12,台北一,SE6 青蔥 粉蔥 ,,,,,,,,6,7,2005,1
2005-06-13,台北一,SE6 青蔥 粉蔥 ,,,,,,,,6,1,2005,1
2005-06-14,台北一,SE6 青蔥 粉蔥 ,54.4,50.3,41.2,49.3,-2.18,4990.0,-22.33,6,2,2005,0
2005-06-15,台北一,SE6 青蔥 粉蔥 ,58.5,50.8,44.7,51.1,3.65,3267.0,-34.53,6,3,2005,0
2005-06-16,台北一,SE6 青蔥 粉蔥 ,74.6,60.6,54.4,62.1,21.53,1427.0,-56.32,6,4,2005,0
2005-06-17,台北一,SE6 青蔥 粉蔥 ,69.3,62.2,41.6,59.5,-4.19,2493.0,74.7,6,5,2005,0
2005-06-18,台北一,SE6 青蔥 粉蔥 ,57.8,36.7,21.7,37.9,-36.3,2764.0,10.87,6,6,2005,0
2005-06-19,台北一,SE6 青蔥 粉蔥 ,54.4,34.9,12.8,34.4,-9.23,3710.0,34.23,6,7,2005,0
2005-06-20,台北一,SE6 青蔥 粉蔥 ,,,,,,,,6,1,2005,1
2005-06-21,台北一,SE6 青蔥 粉蔥 ,56.3,49.3,34.4,47.7,38.66,348.0,-90.62,6,2,2005,0
2005-06-22,台北一,SE6 青蔥 粉蔥 ,,,,,,,,6,3,2005,1
2005-06-23,台北一,SE6 青蔥 粉蔥 ,90.0,90.0,90.0,90.0,88.68,21.0,-93.97,6,4,2005,0
2005-06-24,台北一,SE6 青蔥 粉蔥 ,,,,,,,,6,5,2005,1
2005-06-25,台北一,SE6 青蔥 粉蔥 ,50.0,50.0,50.0,50.0,-44.44,30.0,42.86,6,6,2005,0
2005-06-26,台北一,SE6 青蔥 粉蔥 ,110.0,101.1,66.5,96.0,92.0,195.0,550.0,6,7,2005,0
2005-06-27,台北一,SE6 青蔥 粉蔥 ,,,,,,,,6,1,2005,1
2005-06-28,台北一,SE6 青蔥 粉蔥 ,114.3,97.9,50.0,91.6,-4.58,279.0,43.08,6,2,2005,0
2005-06-29,台北一,SE6 青蔥 粉蔥 ,88.7,81.1,49.0,76.2,-16.81,405.0,45.16,6,3,2005,0
2005-06-30,台北一,SE6 青蔥 粉蔥 ,72.7,52.2,36.3,53.1,-30.31,325.0,-19.75,6,4,2005,0
2005-07-01,台北一,SE6 青蔥 粉蔥 ,53.8,44.2,24.3,42.1,-20.72,264.0,-18.77,7,5,2005,0
2005-07-02,台北一,SE6 青蔥 粉蔥 ,55.0,51.5,50.0,51.9,23.28,160.0,-39.39,7,6,2005,0
2005-07-03,台北一,SE6 青蔥 粉蔥 ,70.0,70.0,50.0,66.0,27.17,386.0,141.25,7,7,2005,0
2005-07-04,台北一,SE6 青蔥 粉蔥 ,,,,,,,,7,1,2005,1
2005-07-05,台北一,SE6 青蔥 粉蔥 ,110.0,105.9,90.0,103.6,56.97,62.0,-83.94,7,2,2005,0
2005-07-06,台北一,SE6 青蔥 粉蔥 ,124.4,110.4,65.1,104.1,0.48,568.0,816.13,7,3,2005,0
2005-07-07,台北一,SE6 青蔥 粉蔥 ,84.0,69.0,50.0,68.2,-34.49,190.0,-66.55,7,4,2005,0
2005-07-08,台北一,SE6 青蔥 粉蔥 ,101.0,91.0,80.0,90.8,33.14,178.0,-6.32,7,5,2005,0
2005-07-09,台北一,SE6 青蔥 粉蔥 ,90.0,81.7,60.0,79.0,-13.0,179.0,0.56,7,6,2005,0
2005-07-10,台北一,SE6 青蔥 粉蔥 ,91.0,66.7,50.0,68.2,-13.67,167.0,-6.7,7,7,2005,0
2005-07-11,台北一,SE6 青蔥 粉蔥 ,,,,,,,,7,1,2005,1
2005-07-12,台北一,SE6 青蔥 粉蔥 ,122.0,100.7,90.0,102.8,50.73,150.0,-10.18,7,2,2005,0
2005-07-13,台北一,SE6 青蔥 粉蔥 ,120.0,107.7,50.0,98.6,-4.09,245.0,63.33,7,3,2005,0
2005-07-14,台北一,SE6 青蔥 粉蔥 ,136.0,110.2,102.8,113.9,15.52,221.0,-9.8,7,4,2005,0
2005-07-15,台北一,SE6 青蔥 粉蔥 ,126.0,110.0,96.4,110.5,-2.99,187.0,-15.38,7,5,2005,0
2005-07-16,台北一,SE6 青蔥 粉蔥 ,175.0,136.6,115.8,140.1,26.79,262.0,40.11,7,6,2005,0
2005-07-17,台北一,SE6 青蔥 粉蔥 ,165.0,142.2,107.6,139.8,-0.21,285.0,8.78,7,7,2005,0
2005-07-18,台北一,SE6 青蔥 粉蔥 ,,,,,,,,7,1,2005,1
2005-07-19,台北一,SE6 青蔥 粉蔥 ,225.0,225.0,184.6,216.9,55.15,65.0,-77.19,7,2,2005,0
2005-07-20,台北一,SE6 青蔥 粉蔥 ,,,,,,,,7,3,2005,1
2005-07-21,台北一,SE6 青蔥 粉蔥 ,60.0,60.0,60.0,60.0,-72.34,40.0,-38.46,7,4,2005,0
2005-07-22,台北一,SE6 青蔥 粉蔥 ,130.0,72.9,40.0,77.8,29.67,275.0,587.5,7,5,2005,0
2005-07-23,台北一,SE6 青蔥 粉蔥 ,58.6,49.0,30.0,47.1,-39.46,139.0,-49.45,7,6,2005,0
2005-07-24,台北一,SE6 青蔥 粉蔥 ,76.3,45.8,16.3,46.0,-2.34,401.0,188.49,7,7,2005,0
2005-07-25,台北一,SE6 青蔥 粉蔥 ,,,,,,,,7,1,2005,1
2005-07-26,台北一,SE6 青蔥 粉蔥 ,,,,,,,,7,2,2005,1
2005-07-27,台北一,SE6 青蔥 粉蔥 ,40.0,40.0,40.0,40.0,-13.04,546.0,36.16,7,3,2005,0
2005-07-28,台北一,SE6 青蔥 粉蔥 ,,,,,,,,7,4,2005,1
2005-07-29,台北一,SE6 青蔥 粉蔥 ,185.0,185.0,185.0,185.0,362.5,45.0,-91.76,7,5,2005,0
2005-07-30,台北一,SE6 青蔥 粉蔥 ,180.0,167.5,145.0,165.5,-10.54,29.0,-35.56,7,6,2005,0
2005-07-31,台北一,SE6 青蔥 粉蔥 ,,,,,,,,7,7,2005,1
2005-08-01,台北一,SE6 青蔥 粉蔥 ,,,,,,,,8,1,2005,1
2005-08-02,台北一,SE6 青蔥 粉蔥 ,193.8,142.8,135.0,151.5,-8.46,262.0,803.45,8,2,2005,0
2005-08-03,台北一,SE6 青蔥 粉蔥 ,180.0,180.0,120.6,168.1,10.96,101.0,-61.45,8,3,2005,0
2005-08-04,台北一,SE6 青蔥 粉蔥 ,180.0,131.1,115.0,137.7,-18.08,241.0,138.61,8,4,2005,0
2005-08-05,台北一,SE6 青蔥 粉蔥 ,160.0,153.1,150.0,153.9,11.76,83.0,-65.56,8,5,2005,0
2005-08-06,台北一,SE6 青蔥 粉蔥 ,160.0,160.0,160.0,160.0,3.96,20.0,-75.9,8,6,2005,0
2005-08-07,台北一,SE6 青蔥 粉蔥 ,142.9,111.3,69.3,109.2,-31.75,263.0,1215.0,8,7,2005,0
2005-08-08,台北一,SE6 青蔥 粉蔥 ,,,,,,,,8,1,2005,1
2005-08-09,台北一,SE6 青蔥 粉蔥 ,140.0,111.3,30.0,100.8,-7.69,77.0,-70.72,8,2,2005,0
2005-08-10,台北一,SE6 青蔥 粉蔥 ,120.0,120.0,120.0,120.0,19.05,60.0,-22.08,8,3,2005,0
2005-08-11,台北一,SE6 青蔥 粉蔥 ,120.0,93.8,80.0,96.3,-19.75,160.0,166.67,8,4,2005,0
2005-08-12,台北一,SE6 青蔥 粉蔥 ,120.0,112.1,110.0,113.3,17.65,61.0,-61.88,8,5,2005,0
2005-08-13,台北一,SE6 青蔥 粉蔥 ,120.0,118.9,115.0,118.3,4.41,60.0,-1.64,8,6,2005,0
2005-08-14,台北一,SE6 青蔥 粉蔥 ,123.0,123.0,123.0,123.0,3.97,100.0,66.67,8,7,2005,0
2005-08-15,台北一,SE6 青蔥 粉蔥 ,,,,,,,,8,1,2005,1
2005-08-16,台北一,SE6 青蔥 粉蔥 ,115.0,97.5,93.7,100.3,-18.46,290.0,190.0,8,2,2005,0
2005-08-17,台北一,SE6 青蔥 粉蔥 ,120.0,116.9,115.0,117.1,16.75,140.0,-51.72,8,3,2005,0
2005-08-18,台北一,SE6 青蔥 粉蔥 ,130.0,130.0,126.6,129.3,10.42,149.0,6.43,8,4,2005,0
2005-08-19,台北一,SE6 青蔥 粉蔥 ,164.9,150.0,141.6,151.3,17.01,706.0,373.83,8,5,2005,0
2005-08-20,台北一,SE6 青蔥 粉蔥 ,,,,,,,,8,6,2005,1
2005-08-21,台北一,SE6 青蔥 粉蔥 ,,,,,,,,8,7,2005,1
2005-08-22,台北一,SE6 青蔥 粉蔥 ,122.8,73.0,50.0,78.4,-48.18,1160.0,64.31,8,1,2005,0
2005-08-23,台北一,SE6 青蔥 粉蔥 ,107.3,43.2,20.0,51.4,-34.44,577.0,-50.26,8,2,2005,0
2005-08-24,台北一,SE6 青蔥 粉蔥 ,120.0,120.0,120.0,120.0,133.46,153.0,-73.48,8,3,2005,0
2005-08-25,台北一,SE6 青蔥 粉蔥 ,50.0,50.0,50.0,50.0,-58.33,23.0,-84.97,8,4,2005,0
2005-08-26,台北一,SE6 青蔥 粉蔥 ,,,,,,,,8,5,2005,1
2005-08-27,台北一,SE6 青蔥 粉蔥 ,,,,,,,,8,6,2005,1
2005-08-28,台北一,SE6 青蔥 粉蔥 ,,,,,,,,8,7,2005,1
2005-08-29,台北一,SE6 青蔥 粉蔥 ,,,,,,,,8,1,2005,1
2005-08-30,台北一,SE6 青蔥 粉蔥 ,180.5,168.1,158.9,168.7,237.4,800.0,3378.26,8,2,2005,0
2005-08-31,台北一,SE6 青蔥 粉蔥 ,223.5,206.4,183.4,205.2,21.64,935.0,16.88,8,3,2005,0
2005-09-01,台北一,SE6 青蔥 粉蔥 ,166.4,155.4,141.4,154.8,-24.56,1402.0,49.95,9,4,2005,0
2005-09-02,台北一,SE6 青蔥 粉蔥 ,,,,,,,,9,5,2005,1
2005-09-03,台北一,SE6 青蔥 粉蔥 ,144.8,63.5,45.0,76.1,-50.84,840.0,-40.09,9,6,2005,0
2005-09-04,台北一,SE6 青蔥 粉蔥 ,150.0,150.0,150.0,150.0,97.11,20.0,-97.62,9,7,2005,0
2005-09-05,台北一,SE6 青蔥 粉蔥 ,,,,,,,,9,1,2005,1
2005-09-06,台北一,SE6 青蔥 粉蔥 ,,,,,,,,9,2,2005,1
2005-09-07,台北一,SE6 青蔥 粉蔥 ,211.0,211.0,211.0,211.0,40.67,12.0,-40.0,9,3,2005,0
2005-09-08,台北一,SE6 青蔥 粉蔥 ,,,,,,,,9,4,2005,1
2005-09-09,台北一,SE6 青蔥 粉蔥 ,150.0,150.0,150.0,150.0,-28.91,16.0,33.33,9,5,2005,0
2005-09-10,台北一,SE6 青蔥 粉蔥 ,170.0,170.0,170.0,170.0,13.33,16.0,0.0,9,6,2005,0
2005-09-11,台北一,SE6 青蔥 粉蔥 ,150.0,150.0,150.0,150.0,-11.76,17.0,6.25,9,7,2005,0
2005-09-12,台北一,SE6 青蔥 粉蔥 ,,,,,,,,9,1,2005,1
2005-09-13,台北一,SE6 青蔥 粉蔥 ,,,,,,,,9,2,2005,1
2005-09-14,台北一,SE6 青蔥 粉蔥 ,217.0,188.8,180.0,192.7,28.47,185.0,988.24,9,3,2005,0
2005-09-15,台北一,SE6 青蔥 粉蔥 ,150.0,150.0,150.0,150.0,-22.16,50.0,-72.97,9,4,2005,0
2005-09-16,台北一,SE6 青蔥 粉蔥 ,,,,,,,,9,5,2005,1
2005-09-17,台北一,SE6 青蔥 粉蔥 ,195.0,195.0,195.0,195.0,30.0,40.0,-20.0,9,6,2005,0
2005-09-18,台北一,SE6 青蔥 粉蔥 ,,,,,,,,9,7,2005,1
2005-09-19,台北一,SE6 青蔥 粉蔥 ,,,,,,,,9,1,2005,1
2005-09-20,台北一,SE6 青蔥 粉蔥 ,,,,,,,,9,2,2005,1
2005-09-21,台北一,SE6 青蔥 粉蔥 ,202.4,197.1,150.0,188.8,-3.18,197.0,392.5,9,3,2005,0
2005-09-22,台北一,SE6 青蔥 粉蔥 ,171.0,171.0,171.0,171.0,-9.43,40.0,-79.7,9,4,2005,0
2005-09-23,台北一,SE6 青蔥 粉蔥 ,170.0,170.0,170.0,170.0,-0.58,40.0,0.0,9,5,2005,0
2005-09-24,台北一,SE6 青蔥 粉蔥 ,150.0,128.8,100.0,127.3,-25.12,88.0,120.0,9,6,2005,0
2005-09-25,台北一,SE6 青蔥 粉蔥 ,140.0,126.7,95.0,123.0,-3.38,75.0,-14.77,9,7,2005,0
2005-09-26,台北一,SE6 青蔥 粉蔥 ,,,,,,,,9,1,2005,1
2005-09-27,台北一,SE6 青蔥 粉蔥 ,197.0,195.0,191.0,194.6,58.21,100.0,33.33,9,2,2005,0
2005-09-28,台北一,SE6 青蔥 粉蔥 ,136.0,132.8,125.0,131.9,-32.22,106.0,6.0,9,3,2005,0
2005-09-29,台北一,SE6 青蔥 粉蔥 ,200.0,180.0,160.0,180.0,36.47,60.0,-43.4,9,4,2005,0
2005-09-30,台北一,SE6 青蔥 粉蔥 ,170.0,123.3,100.0,128.0,-28.89,100.0,66.67,9,5,2005,0
2005-10-01,台北一,SE6 青蔥 粉蔥 ,175.8,128.3,35.0,119.1,-6.95,172.0,72.0,10,6,2005,0
2005-10-02,台北一,SE6 青蔥 粉蔥 ,180.0,180.0,180.0,180.0,51.13,80.0,-53.49,10,7,2005,0
2005-10-03,台北一,SE6 青蔥 粉蔥 ,,,,,,,,10,1,2005,1
2005-10-04,台北一,SE6 青蔥 粉蔥 ,150.0,144.0,116.5,139.7,-22.39,136.0,70.0,10,2,2005,0
2005-10-05,台北一,SE6 青蔥 粉蔥 ,130.0,130.0,130.0,130.0,-6.94,80.0,-41.18,10,3,2005,0
2005-10-06,台北一,SE6 青蔥 粉蔥 ,50.0,50.0,50.0,50.0,-61.54,60.0,-25.0,10,4,2005,0
2005-10-07,台北一,SE6 青蔥 粉蔥 ,,,,,,,,10,5,2005,1
2005-10-08,台北一,SE6 青蔥 粉蔥 ,,,,,,,,10,6,2005,1
2005-10-09,台北一,SE6 青蔥 粉蔥 ,,,,,,,,10,7,2005,1
2005-10-10,台北一,SE6 青蔥 粉蔥 ,,,,,,,,10,1,2005,1
2005-10-11,台北一,SE6 青蔥 粉蔥 ,,,,,,,,10,2,2005,1
2005-10-12,台北一,SE6 青蔥 粉蔥 ,,,,,,,,10,3,2005,1
2005-10-13,台北一,SE6 青蔥 粉蔥 ,200.0,198.9,170.0,193.3,286.6,180.0,200.0,10,4,2005,0
2005-10-14,台北一,SE6 青蔥 粉蔥 ,175.0,159.3,111.1,152.8,-20.95,180.0,0.0,10,5,2005,0
2005-10-15,台北一,SE6 青蔥 粉蔥 ,170.0,162.4,150.0,161.4,5.63,140.0,-22.22,10,6,2005,0
2005-10-16,台北一,SE6 青蔥 粉蔥 ,,,,,,,,10,7,2005,1
2005-10-17,台北一,SE6 青蔥 粉蔥 ,,,,,,,,10,1,2005,1
2005-10-18,台北一,SE6 青蔥 粉蔥 ,152.0,152.0,152.0,152.0,-5.82,60.0,-57.14,10,2,2005,0
2005-10-19,台北一,SE6 青蔥 粉蔥 ,,,,,,,,10,3,2005,1
2005-10-20,台北一,SE6 青蔥 粉蔥 ,,,,,,,,10,4,2005,1
2005-10-21,台北一,SE6 青蔥 粉蔥 ,,,,,,,,10,5,2005,1
2005-10-22,台北一,SE6 青蔥 粉蔥 ,100.0,100.0,100.0,100.0,-34.21,120.0,100.0,10,6,2005,0
2005-10-23,台北一,SE6 青蔥 粉蔥 ,115.0,111.7,100.0,110.0,10.0,60.0,-50.0,10,7,2005,0
2005-10-24,台北一,SE6 青蔥 粉蔥 ,,,,,,,,10,1,2005,1
2005-10-25,台北一,SE6 青蔥 粉蔥 ,208.2,107.1,95.0,124.9,13.55,204.0,240.0,10,2,2005,0
2005-10-26,台北一,SE6 青蔥 粉蔥 ,166.9,75.3,60.0,90.5,-27.54,239.0,17.16,10,3,2005,0
2005-10-27,台北一,SE6 青蔥 粉蔥 ,165.4,61.2,30.0,75.8,-16.24,423.0,76.99,10,4,2005,0
2005-10-28,台北一,SE6 青蔥 粉蔥 ,150.9,78.2,55.0,88.1,16.23,377.0,-10.87,10,5,2005,0
2005-10-29,台北一,SE6 青蔥 粉蔥 ,99.3,53.4,45.0,60.9,-30.87,328.0,-13.0,10,6,2005,0
2005-10-30,台北一,SE6 青蔥 粉蔥 ,104.2,80.0,80.0,84.8,39.24,149.0,-54.57,10,7,2005,0
2005-10-31,台北一,SE6 青蔥 粉蔥 ,,,,,,,,10,1,2005,1
2005-11-01,台北一,SE6 青蔥 粉蔥 ,131.1,89.1,70.0,93.7,10.5,175.0,17.45,11,2,2005,0
2005-11-02,台北一,SE6 青蔥 粉蔥 ,137.6,83.2,80.0,93.4,-0.32,164.0,-6.29,11,3,2005,0
2005-11-03,台北一,SE6 青蔥 粉蔥 ,135.0,111.7,80.0,110.0,17.77,44.0,-73.17,11,4,2005,0
2005-11-04,台北一,SE6 青蔥 粉蔥 ,114.4,46.7,20.0,54.9,-50.09,303.0,588.64,11,5,2005,0
2005-11-05,台北一,SE6 青蔥 粉蔥 ,102.6,68.6,54.9,72.7,32.42,388.0,28.05,11,6,2005,0
2005-11-06,台北一,SE6 青蔥 粉蔥 ,138.0,134.6,130.0,134.3,84.73,72.0,-81.44,11,7,2005,0
2005-11-07,台北一,SE6 青蔥 粉蔥 ,,,,,,,,11,1,2005,1
2005-11-08,台北一,SE6 青蔥 粉蔥 ,150.0,118.8,80.0,117.3,-12.66,132.0,83.33,11,2,2005,0
2005-11-09,台北一,SE6 青蔥 粉蔥 ,103.3,50.0,50.0,60.7,-48.25,377.0,185.61,11,3,2005,0
2005-11-10,台北一,SE6 青蔥 粉蔥 ,69.2,55.0,55.0,57.8,-4.78,296.0,-21.49,11,4,2005,0
2005-11-11,台北一,SE6 青蔥 粉蔥 ,78.8,52.3,50.0,57.2,-1.04,288.0,-2.7,11,5,2005,0
2005-11-12,台北一,SE6 青蔥 粉蔥 ,67.8,50.4,40.3,51.8,-9.44,308.0,6.94,11,6,2005,0
2005-11-13,台北一,SE6 青蔥 粉蔥 ,58.8,57.9,51.2,56.7,9.46,260.0,-15.58,11,7,2005,0
2005-11-14,台北一,SE6 青蔥 粉蔥 ,,,,,,,,11,1,2005,1
2005-11-15,台北一,SE6 青蔥 粉蔥 ,116.9,57.8,55.0,69.1,21.87,208.0,-20.0,11,2,2005,0
2005-11-16,台北一,SE6 青蔥 粉蔥 ,113.9,55.0,46.2,65.0,-5.93,267.0,28.37,11,3,2005,0
2005-11-17,台北一,SE6 青蔥 粉蔥 ,68.6,45.0,38.8,48.5,-25.38,414.0,55.06,11,4,2005,0
2005-11-18,台北一,SE6 青蔥 粉蔥 ,117.7,68.4,40.0,72.6,49.69,156.0,-62.32,11,5,2005,0
2005-11-19,台北一,SE6 青蔥 粉蔥 ,110.0,69.6,40.0,71.8,-1.1,126.0,-19.23,11,6,2005,0
2005-11-20,台北一,SE6 青蔥 粉蔥 ,107.0,94.9,56.0,89.5,24.65,68.0,-46.03,11,7,2005,0
2005-11-21,台北一,SE6 青蔥 粉蔥 ,,,,,,,,11,1,2005,1
2005-11-22,台北一,SE6 青蔥 粉蔥 ,70.0,70.0,70.0,70.0,-21.79,34.0,-50.0,11,2,2005,0
2005-11-23,台北一,SE6 青蔥 粉蔥 ,70.0,65.9,52.8,64.1,-8.43,233.0,585.29,11,3,2005,0
2005-11-24,台北一,SE6 青蔥 粉蔥 ,60.0,57.0,55.0,57.2,-10.76,216.0,-7.3,11,4,2005,0
2005-11-25,台北一,SE6 青蔥 粉蔥 ,60.0,60.0,50.5,58.1,1.57,199.0,-7.87,11,5,2005,0
2005-11-26,台北一,SE6 青蔥 粉蔥 ,50.0,50.0,50.0,50.0,-13.94,20.0,-89.95,11,6,2005,0
2005-11-27,台北一,SE6 青蔥 粉蔥 ,60.0,60.0,60.0,60.0,20.0,80.0,300.0,11,7,2005,0
2005-11-28,台北一,SE6 青蔥 粉蔥 ,,,,,,,,11,1,2005,1
2005-11-29,台北一,SE6 青蔥 粉蔥 ,45.0,43.5,42.0,43.5,-27.5,40.0,-50.0,11,2,2005,0
2005-11-30,台北一,SE6 青蔥 粉蔥 ,45.0,45.0,45.0,45.0,3.45,125.0,212.5,11,3,2005,0
2005-12-01,台北一,SE6 青蔥 粉蔥 ,,,,,,,,12,4,2005,1
2005-12-02,台北一,SE6 青蔥 粉蔥 ,60.0,57.5,55.0,57.5,27.78,120.0,-4.0,12,5,2005,0
2005-12-03,台北一,SE6 青蔥 粉蔥 ,,,,,,,,12,6,2005,1
2005-12-04,台北一,SE6 青蔥 粉蔥 ,70.0,70.0,70.0,70.0,21.74,60.0,-50.0,12,7,2005,0
2005-12-05,台北一,SE6 青蔥 粉蔥 ,,,,,,,,12,1,2005,1
2005-12-06,台北一,SE6 青蔥 粉蔥 ,,,,,,,,12,2,2005,1
2005-12-07,台北一,SE6 青蔥 粉蔥 ,,,,,,,,12,3,2005,1
2005-12-08,台北一,SE6 青蔥 粉蔥 ,80.0,80.0,80.0,80.0,14.29,20.0,-66.67,12,4,2005,0
2005-12-09,台北一,SE6 青蔥 粉蔥 ,,,,,,,,12,5,2005,1
2005-12-10,台北一,SE6 青蔥 粉蔥 ,60.0,60.0,50.5,58.1,-27.38,275.0,1275.0,12,6,2005,0
2005-12-11,台北一,SE6 青蔥 粉蔥 ,55.0,53.4,44.4,51.9,-10.67,302.0,9.82,12,7,2005,0
2005-12-12,台北一,SE6 青蔥 粉蔥 ,,,,,,,,12,1,2005,1
2005-12-13,台北一,SE6 青蔥 粉蔥 ,58.0,58.0,57.4,57.9,11.56,317.0,4.97,12,2,2005,0
2005-12-14,台北一,SE6 青蔥 粉蔥 ,59.0,59.0,49.2,57.0,-1.55,331.0,4.42,12,3,2005,0
2005-12-15,台北一,SE6 青蔥 粉蔥 ,60.6,57.7,50.1,56.7,-0.53,1233.0,272.51,12,4,2005,0
2005-12-16,台北一,SE6 青蔥 粉蔥 ,65.8,57.4,46.4,56.9,0.35,922.0,-25.22,12,5,2005,0
2005-12-17,台北一,SE6 青蔥 粉蔥 ,62.2,53.1,41.9,52.7,-7.38,4105.0,345.23,12,6,2005,0
2005-12-18,台北一,SE6 青蔥 粉蔥 ,71.4,65.0,61.0,65.5,24.29,1990.0,-51.52,12,7,2005,0
2005-12-19,台北一,SE6 青蔥 粉蔥 ,,,,,,,,12,1,2005,1
2005-12-20,台北一,SE6 青蔥 粉蔥 ,76.0,71.8,69.0,72.1,10.08,174.0,-91.26,12,2,2005,0
2005-12-21,台北一,SE6 青蔥 粉蔥 ,57.0,47.8,45.0,49.1,-31.9,223.0,28.16,12,3,2005,0
2005-12-22,台北一,SE6 青蔥 粉蔥 ,,,,,,,,12,4,2005,1
2005-12-23,台北一,SE6 青蔥 粉蔥 ,60.0,60.0,60.0,60.0,22.2,20.0,-91.03,12,5,2005,0
2005-12-24,台北一,SE6 青蔥 粉蔥 ,68.0,65.5,58.0,64.5,7.5,380.0,1800.0,12,6,2005,0
2005-12-25,台北一,SE6 青蔥 粉蔥 ,59.0,57.0,53.2,56.6,-12.25,280.0,-26.32,12,7,2005,0
2005-12-26,台北一,SE6 青蔥 粉蔥 ,,,,,,,,12,1,2005,1
2005-12-27,台北一,SE6 青蔥 粉蔥 ,60.0,55.3,40.8,53.3,-5.83,445.0,58.93,12,2,2005,0
2005-12-28,台北一,SE6 青蔥 粉蔥 ,54.3,47.6,45.0,48.4,-9.19,820.0,84.27,12,3,2005,0
2005-12-29,台北一,SE6 青蔥 粉蔥 ,50.7,45.6,33.1,44.1,-8.88,905.0,10.37,12,4,2005,0
2005-12-30,台北一,SE6 青蔥 粉蔥 ,51.9,47.7,36.5,46.3,4.99,1863.0,105.86,12,5,2005,0
2005-12-31,台北一,SE6 青蔥 粉蔥 ,57.4,48.2,42.2,48.8,5.4,2041.0,9.55,12,6,2005,0
2006-01-01,台北一,SE6 青蔥 粉蔥 ,62.8,51.8,31.9,50.0,2.46,1665.0,-18.42,1,7,2006,0
2006-01-02,台北一,SE6 青蔥 粉蔥 ,,,,,,,,1,1,2006,1
2006-01-03,台北一,SE6 青蔥 粉蔥 ,63.3,50.0,34.7,49.6,-0.8,1512.0,-9.19,1,2,2006,0
2006-01-04,台北一,SE6 青蔥 粉蔥 ,67.0,53.2,37.1,52.7,6.25,1208.0,-20.11,1,3,2006,0
2006-01-05,台北一,SE6 青蔥 粉蔥 ,59.4,44.3,28.6,44.2,-16.13,715.0,-40.81,1,4,2006,0
2006-01-06,台北一,SE6 青蔥 粉蔥 ,64.0,55.2,36.7,53.3,20.59,856.0,19.72,1,5,2006,0
2006-01-07,台北一,SE6 青蔥 粉蔥 ,62.0,48.3,35.0,48.4,-9.19,1024.0,19.63,1,6,2006,0
2006-01-08,台北一,SE6 青蔥 粉蔥 ,64.0,54.3,35.0,52.4,8.26,810.0,-20.9,1,7,2006,0
2006-01-09,台北一,SE6 青蔥 粉蔥 ,,,,,,,,1,1,2006,1
2006-01-10,台北一,SE6 青蔥 粉蔥 ,67.2,56.5,37.8,54.9,4.77,587.0,-27.53,1,2,2006,0
2006-01-11,台北一,SE6 青蔥 粉蔥 ,69.2,49.6,30.0,49.6,-9.65,515.0,-12.27,1,3,2006,0
2006-01-12,台北一,SE6 青蔥 粉蔥 ,67.0,56.0,36.3,54.2,9.27,447.0,-13.2,1,4,2006,0
2006-01-13,台北一,SE6 青蔥 粉蔥 ,50.9,44.5,34.7,43.8,-19.19,1588.0,255.26,1,5,2006,0
2006-01-14,台北一,SE6 青蔥 粉蔥 ,47.6,41.5,24.0,39.3,-10.27,1843.0,16.06,1,6,2006,0
2006-01-15,台北一,SE6 青蔥 粉蔥 ,46.1,39.7,34.1,39.8,1.27,4584.0,148.72,1,7,2006,0
2006-01-16,台北一,SE6 青蔥 粉蔥 ,,,,,,,,1,1,2006,1
2006-01-17,台北一,SE6 青蔥 粉蔥 ,43.4,40.0,37.6,40.2,1.01,2678.0,-41.58,1,2,2006,0
2006-01-18,台北一,SE6 青蔥 粉蔥 ,47.1,40.4,37.7,41.2,2.49,5237.0,95.56,1,3,2006,0
2006-01-19,台北一,SE6 青蔥 粉蔥 ,43.0,35.0,32.3,36.1,-12.38,4471.0,-14.63,1,4,2006,0
2006-01-20,台北一,SE6 青蔥 粉蔥 ,42.2,40.0,32.2,38.9,7.76,4102.0,-8.25,1,5,2006,0
2006-01-21,台北一,SE6 青蔥 粉蔥 ,40.0,31.7,26.5,32.3,-16.97,1785.0,-56.48,1,6,2006,0
2006-01-22,台北一,SE6 青蔥 粉蔥 ,48.1,40.8,37.0,41.5,28.48,5831.0,226.67,1,7,2006,0
2006-01-23,台北一,SE6 青蔥 粉蔥 ,,,,,,,,1,1,2006,1
2006-01-24,台北一,SE6 青蔥 粉蔥 ,47.0,40.0,36.5,40.7,-1.93,9058.0,55.34,1,2,2006,0
2006-01-25,台北一,SE6 青蔥 粉蔥 ,51.6,45.2,39.9,45.4,11.55,12307.0,35.87,1,3,2006,0
2006-01-26,台北一,SE6 青蔥 粉蔥 ,57.2,48.2,42.3,48.8,7.49,15402.0,25.15,1,4,2006,0
2006-01-27,台北一,SE6 青蔥 粉蔥 ,72.8,54.6,43.5,56.0,14.75,18583.0,20.65,1,5,2006,0
2006-01-28,台北一,SE6 青蔥 粉蔥 ,48.8,39.1,30.3,39.3,-29.82,18827.0,1.31,1,6,2006,0
2006-01-29,台北一,SE6 青蔥 粉蔥 ,,,,,,,,1,7,2006,1
2006-01-30,台北一,SE6 青蔥 粉蔥 ,,,,,,,,1,1,2006,1
2006-01-31,台北一,SE6 青蔥 粉蔥 ,,,,,,,,1,2,2006,1
2006-02-01,台北一,SE6 青蔥 粉蔥 ,,,,,,,,2,3,2006,1
2006-02-02,台北一,SE6 青蔥 粉蔥 ,,,,,,,,2,4,2006,1
2006-02-03,台北一,SE6 青蔥 粉蔥 ,48.3,42.7,32.9,41.8,6.36,6712.0,-64.35,2,5,2006,0
2006-02-04,台北一,SE6 青蔥 粉蔥 ,47.8,40.5,30.0,39.9,-4.55,10974.0,63.5,2,6,2006,0
2006-02-05,台北一,SE6 青蔥 粉蔥 ,50.6,45.9,36.2,44.9,12.53,9805.0,-10.65,2,7,2006,0
2006-02-06,台北一,SE6 青蔥 粉蔥 ,,,,,,,,2,1,2006,1
2006-02-07,台北一,SE6 青蔥 粉蔥 ,50.8,44.5,32.5,43.4,-3.34,7141.0,-27.17,2,2,2006,0
2006-02-08,台北一,SE6 青蔥 粉蔥 ,46.1,39.1,25.9,37.9,-12.67,7879.0,10.33,2,3,2006,0
2006-02-09,台北一,SE6 青蔥 粉蔥 ,43.4,35.7,24.0,34.9,-7.92,5043.0,-35.99,2,4,2006,0
2006-02-10,台北一,SE6 青蔥 粉蔥 ,43.3,35.3,24.6,34.8,-0.29,7163.0,42.04,2,5,2006,0
2006-02-11,台北一,SE6 青蔥 粉蔥 ,50.6,39.3,26.3,39.0,12.07,7025.0,-1.93,2,6,2006,0
2006-02-12,台北一,SE6 青蔥 粉蔥 ,60.7,48.3,36.5,48.4,24.1,8175.0,16.37,2,7,2006,0
2006-02-13,台北一,SE6 青蔥 粉蔥 ,,,,,,,,2,1,2006,1
2006-02-14,台北一,SE6 青蔥 粉蔥 ,,,,,,,,2,2,2006,1
2006-02-15,台北一,SE6 青蔥 粉蔥 ,55.2,45.2,31.8,44.5,-8.06,9098.0,11.29,2,3,2006,0
2006-02-16,台北一,SE6 青蔥 粉蔥 ,46.1,40.3,31.5,39.7,-10.79,8883.0,-2.36,2,4,2006,0
2006-02-17,台北一,SE6 青蔥 粉蔥 ,49.8,39.7,30.4,39.9,0.5,10553.0,18.8,2,5,2006,0
2006-02-18,台北一,SE6 青蔥 粉蔥 ,47.7,37.9,26.5,37.6,-5.76,9097.0,-13.8,2,6,2006,0
2006-02-19,台北一,SE6 青蔥 粉蔥 ,48.3,36.6,24.9,36.6,-2.66,11687.0,28.47,2,7,2006,0
2006-02-20,台北一,SE6 青蔥 粉蔥 ,,,,,,,,2,1,2006,1
2006-02-21,台北一,SE6 青蔥 粉蔥 ,46.0,34.0,22.7,34.2,-6.56,9836.0,-15.84,2,2,2006,0
2006-02-22,台北一,SE6 青蔥 粉蔥 ,44.8,36.6,24.9,35.9,4.97,8363.0,-14.98,2,3,2006,0
2006-02-23,台北一,SE6 青蔥 粉蔥 ,40.2,34.1,25.1,33.5,-6.69,8195.0,-2.01,2,4,2006,0
2006-02-24,台北一,SE6 青蔥 粉蔥 ,41.6,35.0,25.6,34.5,2.99,8523.0,4.0,2,5,2006,0
2006-02-25,台北一,SE6 青蔥 粉蔥 ,43.7,36.5,28.6,36.3,5.22,10119.0,18.73,2,6,2006,0
2006-02-26,台北一,SE6 青蔥 粉蔥 ,44.3,33.8,24.1,34.0,-6.34,11092.0,9.62,2,7,2006,0
2006-02-27,台北一,SE6 青蔥 粉蔥 ,,,,,,,,2,1,2006,1
2006-02-28,台北一,SE6 青蔥 粉蔥 ,43.5,32.5,26.3,33.5,-1.47,14565.0,31.31,2,2,2006,0
2006-03-01,台北一,SE6 青蔥 粉蔥 ,44.2,34.1,23.6,34.0,1.49,9758.0,-33.0,3,3,2006,0
2006-03-02,台北一,SE6 青蔥 粉蔥 ,45.2,34.7,24.5,34.8,2.35,9850.0,0.94,3,4,2006,0
2006-03-03,台北一,SE6 青蔥 粉蔥 ,46.6,36.3,29.4,37.0,6.32,11615.0,17.92,3,5,2006,0
2006-03-04,台北一,SE6 青蔥 粉蔥 ,49.5,38.5,29.6,39.0,5.41,15017.0,29.29,3,6,2006,0
2006-03-05,台北一,SE6 青蔥 粉蔥 ,47.2,35.4,27.4,36.2,-7.18,18056.0,20.24,3,7,2006,0
2006-03-06,台北一,SE6 青蔥 粉蔥 ,,,,,,,,3,1,2006,1
2006-03-07,台北一,SE6 青蔥 粉蔥 ,42.3,32.4,24.5,32.8,-9.39,21079.0,16.74,3,2,2006,0
2006-03-08,台北一,SE6 青蔥 粉蔥 ,36.8,27.1,19.8,27.6,-15.85,20651.0,-2.03,3,3,2006,0
2006-03-09,台北一,SE6 青蔥 粉蔥 ,31.4,21.7,14.3,22.1,-19.93,18786.0,-9.03,3,4,2006,0
2006-03-10,台北一,SE6 青蔥 粉蔥 ,30.0,21.4,13.5,21.5,-2.71,18521.0,-1.41,3,5,2006,0
2006-03-11,台北一,SE6 青蔥 粉蔥 ,30.4,20.8,14.1,21.4,-0.47,20114.0,8.6,3,6,2006,0
2006-03-12,台北一,SE6 青蔥 粉蔥 ,35.8,22.6,13.8,23.5,9.81,20729.0,3.06,3,7,2006,0
2006-03-13,台北一,SE6 青蔥 粉蔥 ,,,,,,,,3,1,2006,1
2006-03-14,台北一,SE6 青蔥 粉蔥 ,40.4,28.8,18.9,29.2,24.26,18033.0,-13.01,3,2,2006,0
2006-03-15,台北一,SE6 青蔥 粉蔥 ,41.1,27.4,19.8,28.6,-2.05,17561.0,-2.62,3,3,2006,0
2006-03-16,台北一,SE6 青蔥 粉蔥 ,40.9,27.0,19.5,28.3,-1.05,19162.0,9.12,3,4,2006,0
2006-03-17,台北一,SE6 青蔥 粉蔥 ,37.8,25.3,16.5,26.0,-8.13,20680.0,7.92,3,5,2006,0
2006-03-18,台北一,SE6 青蔥 粉蔥 ,34.2,21.6,13.0,22.4,-13.85,23409.0,13.2,3,6,2006,0
2006-03-19,台北一,SE6 青蔥 粉蔥 ,32.9,19.4,12.6,20.8,-7.14,23185.0,-0.96,3,7,2006,0
2006-03-20,台北一,SE6 青蔥 粉蔥 ,,,,,,,,3,1,2006,1
2006-03-21,台北一,SE6 青蔥 粉蔥 ,33.5,21.6,14.3,22.5,8.17,19652.0,-15.24,3,2,2006,0
2006-03-22,台北一,SE6 青蔥 粉蔥 ,28.9,19.4,13.0,20.0,-11.11,18769.0,-4.49,3,3,2006,0
2006-03-23,台北一,SE6 青蔥 粉蔥 ,28.4,19.0,12.2,19.5,-2.5,19063.0,1.57,3,4,2006,0
2006-03-24,台北一,SE6 青蔥 粉蔥 ,27.3,18.1,9.7,18.3,-6.15,17910.0,-6.05,3,5,2006,0
2006-03-25,台北一,SE6 青蔥 粉蔥 ,30.7,20.4,13.7,21.1,15.3,15963.0,-10.87,3,6,2006,0
2006-03-26,台北一,SE6 青蔥 粉蔥 ,35.7,24.9,16.2,25.3,19.91,15604.0,-2.25,3,7,2006,0
2006-03-27,台北一,SE6 青蔥 粉蔥 ,,,,,,,,3,1,2006,1
2006-03-28,台北一,SE6 青蔥 粉蔥 ,35.9,25.6,17.7,26.1,3.16,18838.0,20.73,3,2,2006,0
2006-03-29,台北一,SE6 青蔥 粉蔥 ,34.0,25.2,17.7,25.4,-2.68,19931.0,5.8,3,3,2006,0
2006-03-30,台北一,SE6 青蔥 粉蔥 ,30.9,23.3,16.6,23.5,-7.48,21892.0,9.84,3,4,2006,0
2006-03-31,台北一,SE6 青蔥 粉蔥 ,29.3,21.4,15.5,21.8,-7.23,21981.0,0.41,3,5,2006,0
2006-04-01,台北一,SE6 青蔥 粉蔥 ,29.7,20.0,15.2,21.0,-3.67,21982.0,0.0,4,6,2006,0
2006-04-02,台北一,SE6 青蔥 粉蔥 ,24.8,18.2,14.0,18.7,-10.95,24361.0,10.82,4,7,2006,0
2006-04-03,台北一,SE6 青蔥 粉蔥 ,24.4,17.6,13.5,18.1,-3.21,20544.0,-15.67,4,1,2006,0
2006-04-04,台北一,SE6 青蔥 粉蔥 ,29.7,19.5,14.2,20.5,13.26,27915.0,35.88,4,2,2006,0
2006-04-05,台北一,SE6 青蔥 粉蔥 ,,,,,,,,4,3,2006,1
2006-04-06,台北一,SE6 青蔥 粉蔥 ,,,,,,,,4,4,2006,1
2006-04-07,台北一,SE6 青蔥 粉蔥 ,29.1,19.2,12.5,19.9,-2.93,22819.0,-18.26,4,5,2006,0
2006-04-08,台北一,SE6 青蔥 粉蔥 ,26.5,20.6,13.8,20.5,3.02,24860.0,8.94,4,6,2006,0
2006-04-09,台北一,SE6 青蔥 粉蔥 ,28.3,19.5,13.0,20.0,-2.44,23660.0,-4.83,4,7,2006,0
2006-04-10,台北一,SE6 青蔥 粉蔥 ,,,,,,,,4,1,2006,1
2006-04-11,台北一,SE6 青蔥 粉蔥 ,27.6,19.1,12.8,19.6,-2.0,24351.0,2.92,4,2,2006,0
2006-04-12,台北一,SE6 青蔥 粉蔥 ,24.1,17.1,11.4,17.4,-11.22,17860.0,-26.66,4,3,2006,0
2006-04-13,台北一,SE6 青蔥 粉蔥 ,24.8,14.1,6.9,14.8,-14.94,21579.0,20.82,4,4,2006,0
2006-04-14,台北一,SE6 青蔥 粉蔥 ,23.0,15.4,10.1,15.9,7.43,18561.0,-13.99,4,5,2006,0
2006-04-15,台北一,SE6 青蔥 粉蔥 ,26.8,18.1,12.3,18.7,17.61,19968.0,7.58,4,6,2006,0
2006-04-16,台北一,SE6 青蔥 粉蔥 ,27.7,17.9,12.7,18.8,0.53,23784.0,19.11,4,7,2006,0
2006-04-17,台北一,SE6 青蔥 粉蔥 ,,,,,,,,4,1,2006,1
2006-04-18,台北一,SE6 青蔥 粉蔥 ,28.7,20.6,13.5,20.8,10.64,24582.0,3.36,4,2,2006,0
2006-04-19,台北一,SE6 青蔥 粉蔥 ,23.8,18.7,13.9,18.8,-9.62,23178.0,-5.71,4,3,2006,0
2006-04-20,台北一,SE6 青蔥 粉蔥 ,22.9,16.7,11.9,17.0,-9.57,23402.0,0.97,4,4,2006,0
2006-04-21,台北一,SE6 青蔥 粉蔥 ,18.4,14.2,11.6,14.5,-14.71,23999.0,2.55,4,5,2006,0
2006-04-22,台北一,SE6 青蔥 粉蔥 ,17.7,13.4,10.0,13.6,-6.21,26272.0,9.47,4,6,2006,0
2006-04-23,台北一,SE6 青蔥 粉蔥 ,17.6,12.8,9.3,13.0,-4.41,25938.0,-1.27,4,7,2006,0
2006-04-24,台北一,SE6 青蔥 粉蔥 ,,,,,,,,4,1,2006,1
2006-04-25,台北一,SE6 青蔥 粉蔥 ,16.0,11.2,9.4,11.8,-9.23,22870.0,-11.83,4,2,2006,0
2006-04-26,台北一,SE6 青蔥 粉蔥 ,15.1,9.9,8.0,10.5,-11.02,22527.0,-1.5,4,3,2006,0
2006-04-27,台北一,SE6 青蔥 粉蔥 ,13.5,9.2,7.0,9.6,-8.57,22399.0,-0.57,4,4,2006,0
2006-04-28,台北一,SE6 青蔥 粉蔥 ,12.4,9.1,7.0,9.4,-2.08,21886.0,-2.29,4,5,2006,0
2006-04-29,台北一,SE6 青蔥 粉蔥 ,16.2,12.3,10.9,12.8,36.17,15545.0,-28.97,4,6,2006,0
2006-04-30,台北一,SE6 青蔥 粉蔥 ,23.0,17.6,14.5,18.1,41.41,20663.0,32.92,4,7,2006,0
2006-05-01,台北一,SE6 青蔥 粉蔥 ,,,,,,,,5,1,2006,1
2006-05-02,台北一,SE6 青蔥 粉蔥 ,21.1,19.5,12.6,18.4,1.66,26178.0,26.69,5,2,2006,0
2006-05-03,台北一,SE6 青蔥 粉蔥 ,19.4,17.0,11.1,16.3,-11.41,23145.0,-11.59,5,3,2006,0
2006-05-04,台北一,SE6 青蔥 粉蔥 ,17.9,14.3,7.7,13.7,-15.95,25045.0,8.21,5,4,2006,0
2006-05-05,台北一,SE6 青蔥 粉蔥 ,15.8,12.5,7.6,12.2,-10.95,26150.0,4.41,5,5,2006,0
2006-05-06,台北一,SE6 青蔥 粉蔥 ,13.6,10.6,5.7,10.2,-16.39,28596.0,9.35,5,6,2006,0
2006-05-07,台北一,SE6 青蔥 粉蔥 ,14.9,11.4,7.2,11.2,9.8,25050.0,-12.4,5,7,2006,0
2006-05-08,台北一,SE6 青蔥 粉蔥 ,,,,,,,,5,1,2006,1
2006-05-09,台北一,SE6 青蔥 粉蔥 ,17.1,13.5,10.4,13.6,21.43,22317.0,-10.91,5,2,2006,0
2006-05-10,台北一,SE6 青蔥 粉蔥 ,18.2,13.4,9.6,13.6,0.0,17908.0,-19.76,5,3,2006,0
2006-05-11,台北一,SE6 青蔥 粉蔥 ,19.8,14.8,11.1,15.1,11.03,17517.0,-2.18,5,4,2006,0
2006-05-12,台北一,SE6 青蔥 粉蔥 ,21.2,15.4,12.1,15.9,5.3,18658.0,6.51,5,5,2006,0
2006-05-13,台北一,SE6 青蔥 粉蔥 ,20.7,14.8,11.7,15.4,-3.14,20622.0,10.53,5,6,2006,0
2006-05-14,台北一,SE6 青蔥 粉蔥 ,18.8,13.8,9.1,13.9,-9.74,23694.0,14.9,5,7,2006,0
2006-05-15,台北一,SE6 青蔥 粉蔥 ,,,,,,,,5,1,2006,1
2006-05-16,台北一,SE6 青蔥 粉蔥 ,18.2,15.4,11.4,15.1,8.63,18817.0,-20.58,5,2,2006,0
2006-05-17,台北一,SE6 青蔥 粉蔥 ,17.2,14.4,9.5,14.0,-7.28,17781.0,-5.51,5,3,2006,0
2006-05-18,台北一,SE6 青蔥 粉蔥 ,16.5,13.8,8.1,13.2,-5.71,15866.0,-10.77,5,4,2006,0
2006-05-19,台北一,SE6 青蔥 粉蔥 ,16.1,14.6,11.1,14.2,7.58,10481.0,-33.94,5,5,2006,0
2006-05-20,台北一,SE6 青蔥 粉蔥 ,16.0,13.9,11.6,13.8,-2.82,15206.0,45.08,5,6,2006,0
2006-05-21,台北一,SE6 青蔥 粉蔥 ,16.2,14.3,10.0,13.8,0.0,17077.0,12.3,5,7,2006,0
2006-05-22,台北一,SE6 青蔥 粉蔥 ,,,,,,,,5,1,2006,1
2006-05-23,台北一,SE6 青蔥 粉蔥 ,16.1,14.7,11.4,14.3,3.62,16316.0,-4.46,5,2,2006,0
2006-05-24,台北一,SE6 青蔥 粉蔥 ,16.0,14.6,10.6,14.1,-1.4,14011.0,-14.13,5,3,2006,0
2006-05-25,台北一,SE6 青蔥 粉蔥 ,17.6,13.5,10.3,13.7,-2.84,15413.0,10.01,5,4,2006,0
2006-05-26,台北一,SE6 青蔥 粉蔥 ,17.0,13.4,8.7,13.2,-3.65,15780.0,2.38,5,5,2006,0
2006-05-27,台北一,SE6 青蔥 粉蔥 ,17.0,12.4,8.5,12.6,-4.55,15932.0,0.96,5,6,2006,0
2006-05-28,台北一,SE6 青蔥 粉蔥 ,14.7,10.9,8.7,11.2,-11.11,15863.0,-0.43,5,7,2006,0
2006-05-29,台北一,SE6 青蔥 粉蔥 ,16.2,12.8,7.1,12.3,9.82,9848.0,-37.92,5,1,2006,0
2006-05-30,台北一,SE6 青蔥 粉蔥 ,18.0,13.8,10.0,13.9,13.01,9423.0,-4.32,5,2,2006,0
2006-05-31,台北一,SE6 青蔥 粉蔥 ,30.1,22.7,18.2,23.3,67.63,12115.0,28.57,5,3,2006,0
2006-06-01,台北一,SE6 青蔥 粉蔥 ,,,,,,,,6,4,2006,1
2006-06-02,台北一,SE6 青蔥 粉蔥 ,,,,,,,,6,5,2006,1
2006-06-03,台北一,SE6 青蔥 粉蔥 ,21.2,17.5,14.8,17.7,-24.03,12154.0,0.32,6,6,2006,0
2006-06-04,台北一,SE6 青蔥 粉蔥 ,30.6,25.3,18.2,25.0,41.24,10605.0,-12.74,6,7,2006,0
2006-06-05,台北一,SE6 青蔥 粉蔥 ,,,,,,,,6,1,2006,1
2006-06-06,台北一,SE6 青蔥 粉蔥 ,21.3,17.3,14.7,17.6,-29.6,12628.0,19.08,6,2,2006,0
2006-06-07,台北一,SE6 青蔥 粉蔥 ,21.9,18.1,12.5,17.7,0.57,10461.0,-17.16,6,3,2006,0
2006-06-08,台北一,SE6 青蔥 粉蔥 ,20.9,18.4,14.2,18.1,2.26,8062.0,-22.93,6,4,2006,0
2006-06-09,台北一,SE6 青蔥 粉蔥 ,23.1,20.3,13.0,19.4,7.18,8522.0,5.71,6,5,2006,0
2006-06-10,台北一,SE6 青蔥 粉蔥 ,36.8,28.2,22.9,28.9,48.97,6098.0,-28.44,6,6,2006,0
2006-06-11,台北一,SE6 青蔥 粉蔥 ,88.5,45.6,34.6,52.0,79.93,3556.0,-41.69,6,7,2006,0
2006-06-12,台北一,SE6 青蔥 粉蔥 ,,,,,,,,6,1,2006,1
2006-06-13,台北一,SE6 青蔥 粉蔥 ,42.7,25.0,10.2,25.6,-50.77,7011.0,97.16,6,2,2006,0
2006-06-14,台北一,SE6 青蔥 粉蔥 ,24.4,14.0,4.9,14.3,-44.14,4606.0,-34.3,6,3,2006,0
2006-06-15,台北一,SE6 青蔥 粉蔥 ,22.4,16.9,5.5,15.7,9.79,1846.0,-59.92,6,4,2006,0
2006-06-16,台北一,SE6 青蔥 粉蔥 ,31.0,25.1,16.5,24.6,56.69,1304.0,-29.36,6,5,2006,0
2006-06-17,台北一,SE6 青蔥 粉蔥 ,48.5,41.5,27.1,40.0,62.6,1210.0,-7.21,6,6,2006,0
2006-06-18,台北一,SE6 青蔥 粉蔥 ,35.0,34.0,13.7,30.2,-24.5,1018.0,-15.87,6,7,2006,0
2006-06-19,台北一,SE6 青蔥 粉蔥 ,,,,,,,,6,1,2006,1
2006-06-20,台北一,SE6 青蔥 粉蔥 ,43.0,36.3,21.8,34.8,15.23,127.0,-87.52,6,2,2006,0
2006-06-21,台北一,SE6 青蔥 粉蔥 ,60.0,57.4,42.6,55.0,58.05,666.0,424.41,6,3,2006,0
2006-06-22,台北一,SE6 青蔥 粉蔥 ,65.8,58.8,37.3,55.9,1.64,599.0,-10.06,6,4,2006,0
2006-06-23,台北一,SE6 青蔥 粉蔥 ,80.8,75.1,23.9,66.0,18.07,660.0,10.18,6,5,2006,0
2006-06-24,台北一,SE6 青蔥 粉蔥 ,77.6,62.7,41.1,61.3,-7.12,771.0,16.82,6,6,2006,0
2006-06-25,台北一,SE6 青蔥 粉蔥 ,70.7,61.5,45.2,60.1,-1.96,608.0,-21.14,6,7,2006,0
2006-06-26,台北一,SE6 青蔥 粉蔥 ,,,,,,,,6,1,2006,1
2006-06-27,台北一,SE6 青蔥 粉蔥 ,70.6,58.5,39.2,57.1,-4.99,779.0,28.12,6,2,2006,0
2006-06-28,台北一,SE6 青蔥 粉蔥 ,65.0,43.4,24.4,43.9,-23.12,613.0,-21.31,6,3,2006,0
2006-06-29,台北一,SE6 青蔥 粉蔥 ,57.7,40.0,30.0,41.5,-5.47,371.0,-39.48,6,4,2006,0
2006-06-30,台北一,SE6 青蔥 粉蔥 ,60.0,49.3,35.7,48.7,17.35,322.0,-13.21,6,5,2006,0
2006-07-01,台北一,SE6 青蔥 粉蔥 ,65.0,58.4,45.4,57.1,17.25,328.0,1.86,7,6,2006,0
2006-07-02,台北一,SE6 青蔥 粉蔥 ,65.0,56.9,47.4,56.6,-0.88,481.0,46.65,7,7,2006,0
2006-07-03,台北一,SE6 青蔥 粉蔥 ,,,,,,,,7,1,2006,1
2006-07-04,台北一,SE6 青蔥 粉蔥 ,75.0,67.9,58.4,67.4,19.08,537.0,11.64,7,2,2006,0
2006-07-05,台北一,SE6 青蔥 粉蔥 ,72.7,66.1,34.6,61.1,-9.35,667.0,24.21,7,3,2006,0
2006-07-06,台北一,SE6 青蔥 粉蔥 ,76.3,72.5,70.0,72.7,18.99,460.0,-31.03,7,4,2006,0
2006-07-07,台北一,SE6 青蔥 粉蔥 ,66.1,62.7,48.2,60.5,-16.78,464.0,0.87,7,5,2006,0
2006-07-08,台北一,SE6 青蔥 粉蔥 ,78.5,70.8,40.2,66.3,9.59,417.0,-10.13,7,6,2006,0
2006-07-09,台北一,SE6 青蔥 粉蔥 ,79.8,74.3,65.4,73.6,11.01,655.0,57.07,7,7,2006,0
2006-07-10,台北一,SE6 青蔥 粉蔥 ,,,,,,,,7,1,2006,1
2006-07-11,台北一,SE6 青蔥 粉蔥 ,87.1,79.0,62.2,77.2,4.89,564.0,-13.89,7,2,2006,0
2006-07-12,台北一,SE6 青蔥 粉蔥 ,106.6,94.9,66.4,91.5,18.52,668.0,18.44,7,3,2006,0
2006-07-13,台北一,SE6 青蔥 粉蔥 ,179.3,152.0,106.0,148.3,62.08,889.0,33.08,7,4,2006,0
2006-07-14,台北一,SE6 青蔥 粉蔥 ,110.0,99.2,83.4,98.2,-33.78,1213.0,36.45,7,5,2006,0
2006-07-15,台北一,SE6 青蔥 粉蔥 ,40.0,35.7,28.3,35.1,-64.26,653.0,-46.17,7,6,2006,0
2006-07-16,台北一,SE6 青蔥 粉蔥 ,45.0,30.3,25.0,32.2,-8.26,50.0,-92.34,7,7,2006,0
2006-07-17,台北一,SE6 青蔥 粉蔥 ,,,,,,,,7,1,2006,1
2006-07-18,台北一,SE6 青蔥 粉蔥 ,45.0,45.0,32.0,42.4,31.68,25.0,-50.0,7,2,2006,0
2006-07-19,台北一,SE6 青蔥 粉蔥 ,,,,,,,,7,3,2006,1
2006-07-20,台北一,SE6 青蔥 粉蔥 ,50.0,50.0,50.0,50.0,17.92,25.0,0.0,7,4,2006,0
2006-07-21,台北一,SE6 青蔥 粉蔥 ,50.0,29.1,25.0,32.4,-35.2,37.0,48.0,7,5,2006,0
2006-07-22,台北一,SE6 青蔥 粉蔥 ,160.0,160.0,160.0,160.0,393.83,240.0,548.65,7,6,2006,0
2006-07-23,台北一,SE6 青蔥 粉蔥 ,150.0,150.0,150.0,150.0,-6.25,440.0,83.33,7,7,2006,0
2006-07-24,台北一,SE6 青蔥 粉蔥 ,,,,,,,,7,1,2006,1
2006-07-25,台北一,SE6 青蔥 粉蔥 ,130.0,130.0,117.0,127.4,-15.07,211.0,-52.05,7,2,2006,0
2006-07-26,台北一,SE6 青蔥 粉蔥 ,100.0,100.0,100.0,100.0,-21.51,100.0,-52.61,7,3,2006,0
2006-07-27,台北一,SE6 青蔥 粉蔥 ,90.0,90.0,90.0,90.0,-10.0,100.0,0.0,7,4,2006,0
2006-07-28,台北一,SE6 青蔥 粉蔥 ,95.6,44.0,31.3,51.8,-42.44,343.0,243.0,7,5,2006,0
2006-07-29,台北一,SE6 青蔥 粉蔥 ,70.0,49.0,45.0,52.4,1.16,380.0,10.79,7,6,2006,0
2006-07-30,台北一,SE6 青蔥 粉蔥 ,95.0,75.0,50.0,74.0,41.22,477.0,25.53,7,7,2006,0
2006-07-31,台北一,SE6 青蔥 粉蔥 ,,,,,,,,7,1,2006,1
2006-08-01,台北一,SE6 青蔥 粉蔥 ,150.0,135.9,121.7,135.9,83.65,241.0,-49.48,8,2,2006,0
2006-08-02,台北一,SE6 青蔥 粉蔥 ,159.9,129.8,113.3,132.5,-2.5,450.0,86.72,8,3,2006,0
2006-08-03,台北一,SE6 青蔥 粉蔥 ,185.4,135.3,85.0,135.3,2.11,514.0,14.22,8,4,2006,0
2006-08-04,台北一,SE6 青蔥 粉蔥 ,153.2,132.8,118.7,134.1,-0.89,592.0,15.18,8,5,2006,0
2006-08-05,台北一,SE6 青蔥 粉蔥 ,164.6,132.9,117.2,136.1,1.49,528.0,-10.81,8,6,2006,0
2006-08-06,台北一,SE6 青蔥 粉蔥 ,141.7,114.7,110.0,119.2,-12.42,532.0,0.76,8,7,2006,0
2006-08-07,台北一,SE6 青蔥 粉蔥 ,130.0,124.0,100.0,120.4,1.01,446.0,-16.17,8,1,2006,0
2006-08-08,台北一,SE6 青蔥 粉蔥 ,130.0,127.7,102.7,123.2,2.33,489.0,9.64,8,2,2006,0
2006-08-09,台北一,SE6 青蔥 粉蔥 ,,,,,,,,8,3,2006,1
2006-08-10,台北一,SE6 青蔥 粉蔥 ,,,,,,,,8,4,2006,1
2006-08-11,台北一,SE6 青蔥 粉蔥 ,130.0,126.9,100.8,122.3,-0.73,368.0,-24.74,8,5,2006,0
2006-08-12,台北一,SE6 青蔥 粉蔥 ,137.9,120.8,100.5,120.1,-1.8,348.0,-5.43,8,6,2006,0
2006-08-13,台北一,SE6 青蔥 粉蔥 ,120.0,120.0,120.0,120.0,-0.08,245.0,-29.6,8,7,2006,0
2006-08-14,台北一,SE6 青蔥 粉蔥 ,,,,,,,,8,1,2006,1
2006-08-15,台北一,SE6 青蔥 粉蔥 ,134.3,121.8,105.2,121.0,0.83,824.0,236.33,8,2,2006,0
2006-08-16,台北一,SE6 青蔥 粉蔥 ,145.0,125.1,103.2,124.7,3.06,596.0,-27.67,8,3,2006,0
2006-08-17,台北一,SE6 青蔥 粉蔥 ,130.0,118.4,95.2,116.1,-6.9,517.0,-13.26,8,4,2006,0
2006-08-18,台北一,SE6 青蔥 粉蔥 ,120.0,112.9,110.0,113.8,-1.98,320.0,-38.1,8,5,2006,0
2006-08-19,台北一,SE6 青蔥 粉蔥 ,120.0,120.0,120.0,120.0,5.45,160.0,-50.0,8,6,2006,0
2006-08-20,台北一,SE6 青蔥 粉蔥 ,161.3,128.6,104.9,130.4,8.67,390.0,143.75,8,7,2006,0
2006-08-21,台北一,SE6 青蔥 粉蔥 ,,,,,,,,8,1,2006,1
2006-08-22,台北一,SE6 青蔥 粉蔥 ,120.0,117.0,80.0,110.2,-15.49,354.0,-9.23,8,2,2006,0
2006-08-23,台北一,SE6 青蔥 粉蔥 ,,,,,,,,8,3,2006,1
2006-08-24,台北一,SE6 青蔥 粉蔥 ,113.6,89.1,60.0,88.1,-20.05,280.0,-20.9,8,4,2006,0
2006-08-25,台北一,SE6 青蔥 粉蔥 ,100.0,95.1,73.2,91.7,4.09,95.0,-66.07,8,5,2006,0
2006-08-26,台北一,SE6 青蔥 粉蔥 ,91.7,84.0,77.2,84.2,-8.18,579.0,509.47,8,6,2006,0
2006-08-27,台北一,SE6 青蔥 粉蔥 ,85.5,70.1,56.6,70.5,-16.27,1450.0,150.43,8,7,2006,0
2006-08-28,台北一,SE6 青蔥 粉蔥 ,,,,,,,,8,1,2006,1
2006-08-29,台北一,SE6 青蔥 粉蔥 ,85.0,57.3,49.7,61.3,-13.05,1099.0,-24.21,8,2,2006,0
2006-08-30,台北一,SE6 青蔥 粉蔥 ,74.2,67.2,58.2,66.8,8.97,560.0,-49.04,8,3,2006,0
2006-08-31,台北一,SE6 青蔥 粉蔥 ,87.6,68.9,65.0,71.8,7.49,540.0,-3.57,8,4,2006,0
2006-09-01,台北一,SE6 青蔥 粉蔥 ,100.0,100.0,100.0,100.0,39.28,80.0,-85.19,9,5,2006,0
2006-09-02,台北一,SE6 青蔥 粉蔥 ,100.0,91.0,87.0,92.0,-8.0,260.0,225.0,9,6,2006,0
2006-09-03,台北一,SE6 青蔥 粉蔥 ,115.0,92.8,80.0,94.7,2.93,290.0,11.54,9,7,2006,0
2006-09-04,台北一,SE6 青蔥 粉蔥 ,,,,,,,,9,1,2006,1
2006-09-05,台北一,SE6 青蔥 粉蔥 ,100.0,85.6,84.4,88.2,-6.86,270.0,-6.9,9,2,2006,0
2006-09-06,台北一,SE6 青蔥 粉蔥 ,73.7,50.0,50.0,54.7,-37.98,190.0,-29.63,9,3,2006,0
2006-09-07,台北一,SE6 青蔥 粉蔥 ,75.6,70.0,70.0,71.1,29.98,90.0,-52.63,9,4,2006,0
2006-09-08,台北一,SE6 青蔥 粉蔥 ,82.3,70.0,47.3,67.9,-4.5,220.0,144.44,9,5,2006,0
2006-09-09,台北一,SE6 青蔥 粉蔥 ,80.8,74.6,67.0,74.3,9.43,268.0,21.82,9,6,2006,0
2006-09-10,台北一,SE6 青蔥 粉蔥 ,80.5,80.0,80.0,80.1,7.81,185.0,-30.97,9,7,2006,0
2006-09-11,台北一,SE6 青蔥 粉蔥 ,,,,,,,,9,1,2006,1
2006-09-12,台北一,SE6 青蔥 粉蔥 ,87.0,87.0,81.3,85.9,7.24,62.0,-66.49,9,2,2006,0
2006-09-13,台北一,SE6 青蔥 粉蔥 ,68.3,65.0,65.0,65.7,-23.52,230.0,270.97,9,3,2006,0
2006-09-14,台北一,SE6 青蔥 粉蔥 ,82.0,82.0,82.0,82.0,24.81,10.0,-95.65,9,4,2006,0
2006-09-15,台北一,SE6 青蔥 粉蔥 ,64.2,55.0,50.4,55.9,-31.83,136.0,1260.0,9,5,2006,0
2006-09-16,台北一,SE6 青蔥 粉蔥 ,80.0,50.9,35.0,53.6,-4.11,59.0,-56.62,9,6,2006,0
2006-09-17,台北一,SE6 青蔥 粉蔥 ,80.0,65.3,65.0,68.2,27.24,142.0,140.68,9,7,2006,0
2006-09-18,台北一,SE6 青蔥 粉蔥 ,,,,,,,,9,1,2006,1
2006-09-19,台北一,SE6 青蔥 粉蔥 ,78.9,61.9,58.0,64.5,-5.43,348.0,145.07,9,2,2006,0
2006-09-20,台北一,SE6 青蔥 粉蔥 ,70.9,63.8,51.9,62.8,-2.64,540.0,55.17,9,3,2006,0
2006-09-21,台北一,SE6 青蔥 粉蔥 ,85.0,70.3,45.0,68.2,8.6,168.0,-68.89,9,4,2006,0
2006-09-22,台北一,SE6 青蔥 粉蔥 ,84.3,68.4,35.0,64.9,-4.84,161.0,-4.17,9,5,2006,0
2006-09-23,台北一,SE6 青蔥 粉蔥 ,75.5,60.1,35.9,58.3,-10.17,314.0,95.03,9,6,2006,0
2006-09-24,台北一,SE6 青蔥 粉蔥 ,85.0,68.0,60.0,69.8,19.73,260.0,-17.2,9,7,2006,0
2006-09-25,台北一,SE6 青蔥 粉蔥 ,,,,,,,,9,1,2006,1
2006-09-26,台北一,SE6 青蔥 粉蔥 ,70.0,54.3,27.0,52.0,-25.5,140.0,-46.15,9,2,2006,0
2006-09-27,台北一,SE6 青蔥 粉蔥 ,65.0,60.5,17.4,52.8,1.54,215.0,53.57,9,3,2006,0
2006-09-28,台北一,SE6 青蔥 粉蔥 ,52.0,44.9,37.2,44.8,-15.15,180.0,-16.28,9,4,2006,0
2006-09-29,台北一,SE6 青蔥 粉蔥 ,57.0,52.4,49.2,52.7,17.63,254.0,41.11,9,5,2006,0
2006-09-30,台北一,SE6 青蔥 粉蔥 ,50.0,46.9,40.0,46.1,-12.52,300.0,18.11,9,6,2006,0
2006-10-01,台北一,SE6 青蔥 粉蔥 ,40.0,38.2,36.0,38.1,-17.35,76.0,-74.67,10,7,2006,0
2006-10-02,台北一,SE6 青蔥 粉蔥 ,,,,,,,,10,1,2006,1
2006-10-03,台北一,SE6 青蔥 粉蔥 ,44.5,34.2,30.0,35.5,-6.82,110.0,44.74,10,2,2006,0
2006-10-04,台北一,SE6 青蔥 粉蔥 ,44.2,34.4,15.0,32.5,-8.45,120.0,9.09,10,3,2006,0
2006-10-05,台北一,SE6 青蔥 粉蔥 ,49.8,43.5,40.0,44.0,35.38,210.0,75.0,10,4,2006,0
2006-10-06,台北一,SE6 青蔥 粉蔥 ,45.0,41.2,40.0,41.7,-5.23,200.0,-4.76,10,5,2006,0
2006-10-07,台北一,SE6 青蔥 粉蔥 ,,,,,,,,10,6,2006,1
2006-10-08,台北一,SE6 青蔥 粉蔥 ,,,,,,,,10,7,2006,1
2006-10-09,台北一,SE6 青蔥 粉蔥 ,,,,,,,,10,1,2006,1
2006-10-10,台北一,SE6 青蔥 粉蔥 ,,,,,,,,10,2,2006,1
2006-10-11,台北一,SE6 青蔥 粉蔥 ,,,,,,,,10,3,2006,1
2006-10-12,台北一,SE6 青蔥 粉蔥 ,40.0,40.0,40.0,40.0,-4.08,412.0,106.0,10,4,2006,0
2006-10-13,台北一,SE6 青蔥 粉蔥 ,,,,,,,,10,5,2006,1
2006-10-14,台北一,SE6 青蔥 粉蔥 ,25.0,25.0,25.0,25.0,-37.5,108.0,-73.79,10,6,2006,0
2006-10-15,台北一,SE6 青蔥 粉蔥 ,35.0,28.9,20.0,28.3,13.2,142.0,31.48,10,7,2006,0
2006-10-16,台北一,SE6 青蔥 粉蔥 ,,,,,,,,10,1,2006,1
2006-10-17,台北一,SE6 青蔥 粉蔥 ,25.0,25.0,23.4,24.7,-12.72,128.0,-9.86,10,2,2006,0
2006-10-18,台北一,SE6 青蔥 粉蔥 ,23.0,22.4,20.0,22.0,-10.93,186.0,45.31,10,3,2006,0
2006-10-19,台北一,SE6 青蔥 粉蔥 ,22.0,19.8,15.0,19.3,-12.27,206.0,10.75,10,4,2006,0
2006-10-20,台北一,SE6 青蔥 粉蔥 ,23.0,19.8,15.0,19.5,1.04,278.0,34.95,10,5,2006,0
2006-10-21,台北一,SE6 青蔥 粉蔥 ,16.0,16.0,16.0,16.0,-17.95,252.0,-9.35,10,6,2006,0
2006-10-22,台北一,SE6 青蔥 粉蔥 ,27.0,18.7,16.0,19.8,23.75,266.0,5.56,10,7,2006,0
2006-10-23,台北一,SE6 青蔥 粉蔥 ,,,,,,,,10,1,2006,1
2006-10-24,台北一,SE6 青蔥 粉蔥 ,20.0,18.8,18.0,18.9,-4.55,126.0,-52.63,10,2,2006,0
2006-10-25,台北一,SE6 青蔥 粉蔥 ,45.0,40.4,40.0,41.3,118.52,80.0,-36.51,10,3,2006,0
2006-10-26,台北一,SE6 青蔥 粉蔥 ,,,,,,,,10,4,2006,1
2006-10-27,台北一,SE6 青蔥 粉蔥 ,20.0,9.4,5.0,10.6,-74.33,275.0,243.75,10,5,2006,0
2006-10-28,台北一,SE6 青蔥 粉蔥 ,,,,,,,,10,6,2006,1
2006-10-29,台北一,SE6 青蔥 粉蔥 ,,,,,,,,10,7,2006,1
2006-10-30,台北一,SE6 青蔥 粉蔥 ,,,,,,,,10,1,2006,1
2006-10-31,台北一,SE6 青蔥 粉蔥 ,,,,,,,,10,2,2006,1
2006-11-01,台北一,SE6 青蔥 粉蔥 ,13.0,13.0,8.8,12.2,15.09,120.0,-56.36,11,3,2006,0
2006-11-02,台北一,SE6 青蔥 粉蔥 ,25.0,10.1,7.0,12.5,2.46,177.0,47.5,11,4,2006,0
2006-11-03,台北一,SE6 青蔥 粉蔥 ,,,,,,,,11,5,2006,1
2006-11-04,台北一,SE6 青蔥 粉蔥 ,11.0,11.0,11.0,11.0,-12.0,9.0,-94.92,11,6,2006,0
2006-11-05,台北一,SE6 青蔥 粉蔥 ,,,,,,,,11,7,2006,1
2006-11-06,台北一,SE6 青蔥 粉蔥 ,,,,,,,,11,1,2006,1
2006-11-07,台北一,SE6 青蔥 粉蔥 ,30.0,30.0,30.0,30.0,172.73,80.0,788.89,11,2,2006,0
2006-11-08,台北一,SE6 青蔥 粉蔥 ,25.0,25.0,25.0,25.0,-16.67,80.0,0.0,11,3,2006,0
2006-11-09,台北一,SE6 青蔥 粉蔥 ,25.0,22.3,16.2,21.6,-13.6,170.0,112.5,11,4,2006,0
2006-11-10,台北一,SE6 青蔥 粉蔥 ,15.0,15.0,15.0,15.0,-30.56,80.0,-52.94,11,5,2006,0
2006-11-11,台北一,SE6 青蔥 粉蔥 ,12.0,12.0,12.0,12.0,-20.0,36.0,-55.0,11,6,2006,0
2006-11-12,台北一,SE6 青蔥 粉蔥 ,12.0,12.0,10.3,11.7,-2.5,76.0,111.11,11,7,2006,0
2006-11-13,台北一,SE6 青蔥 粉蔥 ,,,,,,,,11,1,2006,1
2006-11-14,台北一,SE6 青蔥 粉蔥 ,,,,,,,,11,2,2006,1
2006-11-15,台北一,SE6 青蔥 粉蔥 ,22.9,18.3,13.0,18.2,55.56,616.0,710.53,11,3,2006,0
2006-11-16,台北一,SE6 青蔥 粉蔥 ,22.0,22.0,18.9,21.4,17.58,292.0,-52.6,11,4,2006,0
2006-11-17,台北一,SE6 青蔥 粉蔥 ,27.0,27.0,27.0,27.0,26.17,200.0,-31.51,11,5,2006,0
2006-11-18,台北一,SE6 青蔥 粉蔥 ,26.0,26.0,26.0,26.0,-3.7,20.0,-90.0,11,6,2006,0
2006-11-19,台北一,SE6 青蔥 粉蔥 ,,,,,,,,11,7,2006,1
2006-11-20,台北一,SE6 青蔥 粉蔥 ,,,,,,,,11,1,2006,1
2006-11-21,台北一,SE6 青蔥 粉蔥 ,19.0,19.0,19.0,19.0,-26.92,60.0,200.0,11,2,2006,0
2006-11-22,台北一,SE6 青蔥 粉蔥 ,10.0,10.0,10.0,10.0,-47.37,60.0,0.0,11,3,2006,0
2006-11-23,台北一,SE6 青蔥 粉蔥 ,,,,,,,,11,4,2006,1
2006-11-24,台北一,SE6 青蔥 粉蔥 ,,,,,,,,11,5,2006,1
2006-11-25,台北一,SE6 青蔥 粉蔥 ,,,,,,,,11,6,2006,1
2006-11-26,台北一,SE6 青蔥 粉蔥 ,14.0,14.0,14.0,14.0,40.0,200.0,233.33,11,7,2006,0
2006-11-27,台北一,SE6 青蔥 粉蔥 ,,,,,,,,11,1,2006,1
2006-11-28,台北一,SE6 青蔥 粉蔥 ,18.0,18.0,18.0,18.0,28.57,120.0,-40.0,11,2,2006,0
2006-11-29,台北一,SE6 青蔥 粉蔥 ,15.0,13.2,12.8,13.5,-25.0,590.0,391.67,11,3,2006,0
2006-11-30,台北一,SE6 青蔥 粉蔥 ,14.0,13.0,13.0,13.2,-2.22,200.0,-66.1,11,4,2006,0
2006-12-01,台北一,SE6 青蔥 粉蔥 ,11.0,11.0,11.0,11.0,-16.67,70.0,-65.0,12,5,2006,0
2006-12-02,台北一,SE6 青蔥 粉蔥 ,,,,,,,,12,6,2006,1
2006-12-03,台北一,SE6 青蔥 粉蔥 ,21.0,18.5,17.0,18.7,70.0,1178.0,1582.86,12,7,2006,0
2006-12-04,台北一,SE6 青蔥 粉蔥 ,,,,,,,,12,1,2006,1
2006-12-05,台北一,SE6 青蔥 粉蔥 ,27.8,21.4,16.8,21.7,16.04,4261.0,261.71,12,2,2006,0
2006-12-06,台北一,SE6 青蔥 粉蔥 ,27.9,23.3,18.0,23.2,6.91,4069.0,-4.51,12,3,2006,0
2006-12-07,台北一,SE6 青蔥 粉蔥 ,25.0,20.7,18.0,21.0,-9.48,460.0,-88.7,12,4,2006,0
2006-12-08,台北一,SE6 青蔥 粉蔥 ,20.0,17.2,11.8,16.7,-20.48,5104.0,1009.57,12,5,2006,0
2006-12-09,台北一,SE6 青蔥 粉蔥 ,25.1,20.5,15.1,20.3,21.56,5490.0,7.56,12,6,2006,0
2006-12-10,台北一,SE6 青蔥 粉蔥 ,27.6,21.1,15.8,21.3,4.93,6360.0,15.85,12,7,2006,0
2006-12-11,台北一,SE6 青蔥 粉蔥 ,,,,,,,,12,1,2006,1
2006-12-12,台北一,SE6 青蔥 粉蔥 ,27.3,20.9,14.4,20.9,-1.88,5924.0,-6.86,12,2,2006,0
2006-12-13,台北一,SE6 青蔥 粉蔥 ,25.4,20.0,15.6,20.2,-3.35,6561.0,10.75,12,3,2006,0
2006-12-14,台北一,SE6 青蔥 粉蔥 ,23.4,18.3,14.1,18.5,-8.42,5967.0,-9.05,12,4,2006,0
2006-12-15,台北一,SE6 青蔥 粉蔥 ,23.1,17.9,12.7,17.9,-3.24,5559.0,-6.84,12,5,2006,0
2006-12-16,台北一,SE6 青蔥 粉蔥 ,26.5,20.7,15.8,20.9,16.76,4642.0,-16.5,12,6,2006,0
2006-12-17,台北一,SE6 青蔥 粉蔥 ,36.6,29.9,25.4,30.4,45.45,4990.0,7.5,12,7,2006,0
2006-12-18,台北一,SE6 青蔥 粉蔥 ,,,,,,,,12,1,2006,1
2006-12-19,台北一,SE6 青蔥 粉蔥 ,28.0,25.1,22.2,25.1,-17.43,3381.0,-32.24,12,2,2006,0
2006-12-20,台北一,SE6 青蔥 粉蔥 ,30.0,23.3,15.8,23.1,-7.97,6491.0,91.98,12,3,2006,0
2006-12-21,台北一,SE6 青蔥 粉蔥 ,28.3,20.8,14.7,21.1,-8.66,8685.0,33.8,12,4,2006,0
2006-12-22,台北一,SE6 青蔥 粉蔥 ,28.1,22.1,15.9,22.1,4.74,6497.0,-25.19,12,5,2006,0
2006-12-23,台北一,SE6 青蔥 粉蔥 ,30.3,25.1,20.8,25.3,14.48,4249.0,-34.6,12,6,2006,0
2006-12-24,台北一,SE6 青蔥 粉蔥 ,28.7,20.5,17.7,21.6,-14.62,9386.0,120.9,12,7,2006,0
2006-12-25,台北一,SE6 青蔥 粉蔥 ,,,,,,,,12,1,2006,1
2006-12-26,台北一,SE6 青蔥 粉蔥 ,28.7,21.8,16.1,22.0,1.85,6901.0,-26.48,12,2,2006,0
2006-12-27,台北一,SE6 青蔥 粉蔥 ,27.0,21.3,16.9,21.6,-1.82,7274.0,5.41,12,3,2006,0
2006-12-28,台北一,SE6 青蔥 粉蔥 ,27.1,21.1,13.8,20.9,-3.24,7369.0,1.31,12,4,2006,0
2006-12-29,台北一,SE6 青蔥 粉蔥 ,28.0,21.4,13.8,21.2,1.44,6133.0,-16.77,12,5,2006,0
2006-12-30,台北一,SE6 青蔥 粉蔥 ,28.6,21.8,16.3,22.1,4.25,4959.0,-19.14,12,6,2006,0
2006-12-31,台北一,SE6 青蔥 粉蔥 ,28.2,22.4,15.5,22.2,0.45,6898.0,39.1,12,7,2006,0
2007-01-01,台北一,SE6 青蔥 粉蔥 ,,,,,,,,1,1,2007,1
2007-01-02,台北一,SE6 青蔥 粉蔥 ,27.5,21.8,15.5,21.7,-2.25,9371.0,35.85,1,2,2007,0
2007-01-03,台北一,SE6 青蔥 粉蔥 ,27.4,20.2,12.6,20.1,-7.37,7829.0,-16.46,1,3,2007,0
2007-01-04,台北一,SE6 青蔥 粉蔥 ,18.7,15.5,12.5,15.5,-22.89,9637.0,23.09,1,4,2007,0
2007-01-05,台北一,SE6 青蔥 粉蔥 ,27.7,18.8,13.0,19.4,25.16,9699.0,0.64,1,5,2007,0
2007-01-06,台北一,SE6 青蔥 粉蔥 ,27.6,19.7,14.6,20.2,4.12,8711.0,-10.19,1,6,2007,0
2007-01-07,台北一,SE6 青蔥 粉蔥 ,27.8,18.9,14.6,19.8,-1.98,8924.0,2.45,1,7,2007,0
2007-01-08,台北一,SE6 青蔥 粉蔥 ,,,,,,,,1,1,2007,1
2007-01-09,台北一,SE6 青蔥 粉蔥 ,28.8,18.4,14.3,19.7,-0.51,7635.0,-14.44,1,2,2007,0
2007-01-10,台北一,SE6 青蔥 粉蔥 ,29.1,21.4,15.5,21.8,10.66,6083.0,-20.33,1,3,2007,0
2007-01-11,台北一,SE6 青蔥 粉蔥 ,27.9,20.6,13.8,20.7,-5.05,7620.0,25.27,1,4,2007,0
2007-01-12,台北一,SE6 青蔥 粉蔥 ,28.0,19.5,12.5,19.8,-4.35,6070.0,-20.34,1,5,2007,0
2007-01-13,台北一,SE6 青蔥 粉蔥 ,27.8,19.8,12.4,19.9,0.51,8096.0,33.38,1,6,2007,0
2007-01-14,台北一,SE6 青蔥 粉蔥 ,25.2,17.7,11.5,18.0,-9.55,10353.0,27.88,1,7,2007,0
2007-01-15,台北一,SE6 青蔥 粉蔥 ,,,,,,,,1,1,2007,1
2007-01-16,台北一,SE6 青蔥 粉蔥 ,26.0,18.6,12.1,18.8,4.44,9752.0,-5.81,1,2,2007,0
2007-01-17,台北一,SE6 青蔥 粉蔥 ,21.7,15.3,9.5,15.4,-18.09,8894.0,-8.8,1,3,2007,0
2007-01-18,台北一,SE6 青蔥 粉蔥 ,22.8,15.1,7.8,15.2,-1.3,5820.0,-34.56,1,4,2007,0
2007-01-19,台北一,SE6 青蔥 粉蔥 ,23.2,19.0,11.9,18.4,21.05,8251.0,41.77,1,5,2007,0
2007-01-20,台北一,SE6 青蔥 粉蔥 ,32.2,22.9,16.8,23.5,27.72,6682.0,-19.02,1,6,2007,0
2007-01-21,台北一,SE6 青蔥 粉蔥 ,37.1,27.5,21.2,28.2,20.0,8356.0,25.05,1,7,2007,0
2007-01-22,台北一,SE6 青蔥 粉蔥 ,,,,,,,,1,1,2007,1
2007-01-23,台北一,SE6 青蔥 粉蔥 ,31.4,24.7,18.2,24.8,-12.06,12422.0,48.66,1,2,2007,0
2007-01-24,台北一,SE6 青蔥 粉蔥 ,26.7,19.0,11.0,18.9,-23.79,13793.0,11.04,1,3,2007,0
2007-01-25,台北一,SE6 青蔥 粉蔥 ,24.9,16.6,10.2,17.0,-10.05,9416.0,-31.73,1,4,2007,0
2007-01-26,台北一,SE6 青蔥 粉蔥 ,25.6,18.0,11.6,18.2,7.06,7240.0,-23.11,1,5,2007,0
2007-01-27,台北一,SE6 青蔥 粉蔥 ,21.8,16.4,10.3,16.3,-10.44,16489.0,127.75,1,6,2007,0
2007-01-28,台北一,SE6 青蔥 粉蔥 ,20.6,16.1,12.3,16.3,0.0,18172.0,10.21,1,7,2007,0
2007-01-29,台北一,SE6 青蔥 粉蔥 ,,,,,,,,1,1,2007,1
2007-01-30,台北一,SE6 青蔥 粉蔥 ,24.1,16.9,13.2,17.6,7.98,12049.0,-33.69,1,2,2007,0
2007-01-31,台北一,SE6 青蔥 粉蔥 ,24.3,17.3,12.9,17.8,1.14,11590.0,-3.81,1,3,2007,0
2007-02-01,台北一,SE6 青蔥 粉蔥 ,22.0,17.8,12.5,17.6,-1.12,13565.0,17.04,2,4,2007,0
2007-02-02,台北一,SE6 青蔥 粉蔥 ,23.2,16.5,12.2,17.0,-3.41,13173.0,-2.89,2,5,2007,0
2007-02-03,台北一,SE6 青蔥 粉蔥 ,22.1,15.9,11.4,16.2,-4.71,16098.0,22.2,2,6,2007,0
2007-02-04,台北一,SE6 青蔥 粉蔥 ,21.3,15.2,11.4,15.7,-3.09,15176.0,-5.73,2,7,2007,0
2007-02-05,台北一,SE6 青蔥 粉蔥 ,,,,,,,,2,1,2007,1
2007-02-06,台北一,SE6 青蔥 粉蔥 ,21.9,15.5,12.0,16.1,2.55,14377.0,-5.26,2,2,2007,0
2007-02-07,台北一,SE6 青蔥 粉蔥 ,21.1,14.6,10.3,15.0,-6.83,12227.0,-14.95,2,3,2007,0
2007-02-08,台北一,SE6 青蔥 粉蔥 ,17.0,13.5,8.0,13.1,-12.67,12008.0,-1.79,2,4,2007,0
2007-02-09,台北一,SE6 青蔥 粉蔥 ,21.2,13.4,8.5,14.0,6.87,12119.0,0.92,2,5,2007,0
2007-02-10,台北一,SE6 青蔥 粉蔥 ,21.6,14.5,10.1,15.1,7.86,13817.0,14.01,2,6,2007,0
2007-02-11,台北一,SE6 青蔥 粉蔥 ,21.3,13.0,7.6,13.6,-9.93,17666.0,27.86,2,7,2007,0
2007-02-12,台北一,SE6 青蔥 粉蔥 ,,,,,,,,2,1,2007,1
2007-02-13,台北一,SE6 青蔥 粉蔥 ,23.2,14.5,8.3,15.0,10.29,18373.0,4.0,2,2,2007,0
2007-02-14,台北一,SE6 青蔥 粉蔥 ,25.6,17.8,11.4,18.1,20.67,18825.0,2.46,2,3,2007,0
2007-02-15,台北一,SE6 青蔥 粉蔥 ,26.5,18.4,11.7,18.7,3.31,23274.0,23.63,2,4,2007,0
2007-02-16,台北一,SE6 青蔥 粉蔥 ,35.6,26.0,18.1,26.3,40.64,29796.0,28.02,2,5,2007,0
2007-02-17,台北一,SE6 青蔥 粉蔥 ,35.5,25.1,13.2,24.8,-5.7,21978.0,-26.24,2,6,2007,0
2007-02-18,台北一,SE6 青蔥 粉蔥 ,,,,,,,,2,7,2007,1
2007-02-19,台北一,SE6 青蔥 粉蔥 ,,,,,,,,2,1,2007,1
2007-02-20,台北一,SE6 青蔥 粉蔥 ,,,,,,,,2,2,2007,1
2007-02-21,台北一,SE6 青蔥 粉蔥 ,,,,,,,,2,3,2007,1
2007-02-22,台北一,SE6 青蔥 粉蔥 ,,,,,,,,2,4,2007,1
2007-02-23,台北一,SE6 青蔥 粉蔥 ,25.9,20.4,12.5,19.9,-19.76,12400.0,-43.58,2,5,2007,0
2007-02-24,台北一,SE6 青蔥 粉蔥 ,23.4,15.5,8.9,15.8,-20.6,17798.0,43.53,2,6,2007,0
2007-02-25,台北一,SE6 青蔥 粉蔥 ,19.9,13.2,8.4,13.6,-13.92,16558.0,-6.97,2,7,2007,0
2007-02-26,台北一,SE6 青蔥 粉蔥 ,,,,,,,,2,1,2007,1
2007-02-27,台北一,SE6 青蔥 粉蔥 ,20.9,14.2,9.5,14.6,7.35,17207.0,3.92,2,2,2007,0
2007-02-28,台北一,SE6 青蔥 粉蔥 ,19.2,13.4,9.4,13.7,-6.16,16326.0,-5.12,2,3,2007,0
2007-03-01,台北一,SE6 青蔥 粉蔥 ,19.3,13.1,9.1,13.6,-0.73,15597.0,-4.47,3,4,2007,0
2007-03-02,台北一,SE6 青蔥 粉蔥 ,18.1,12.0,7.3,12.3,-9.56,17396.0,11.53,3,5,2007,0
2007-03-03,台北一,SE6 青蔥 粉蔥 ,18.2,12.3,7.9,12.6,2.44,17940.0,3.13,3,6,2007,0
2007-03-04,台北一,SE6 青蔥 粉蔥 ,19.5,14.3,9.3,14.3,13.49,13056.0,-27.22,3,7,2007,0
2007-03-05,台北一,SE6 青蔥 粉蔥 ,,,,,,,,3,1,2007,1
2007-03-06,台北一,SE6 青蔥 粉蔥 ,,,,,,,,3,2,2007,1
2007-03-07,台北一,SE6 青蔥 粉蔥 ,21.4,14.2,9.6,14.8,3.5,18899.0,44.75,3,3,2007,0
2007-03-08,台北一,SE6 青蔥 粉蔥 ,21.2,14.2,9.8,14.7,-0.68,16409.0,-13.18,3,4,2007,0
2007-03-09,台北一,SE6 青蔥 粉蔥 ,19.7,14.1,9.5,14.3,-2.72,16956.0,3.33,3,5,2007,0
2007-03-10,台北一,SE6 青蔥 粉蔥 ,20.6,15.2,10.9,15.4,7.69,19177.0,13.1,3,6,2007,0
2007-03-11,台北一,SE6 青蔥 粉蔥 ,21.5,15.5,10.3,15.7,1.95,22910.0,19.47,3,7,2007,0
2007-03-12,台北一,SE6 青蔥 粉蔥 ,,,,,,,,3,1,2007,1
2007-03-13,台北一,SE6 青蔥 粉蔥 ,20.8,15.0,10.5,15.3,-2.55,22628.0,-1.23,3,2,2007,0
2007-03-14,台北一,SE6 青蔥 粉蔥 ,18.4,14.1,9.9,14.1,-7.84,21322.0,-5.77,3,3,2007,0
2007-03-15,台北一,SE6 青蔥 粉蔥 ,17.1,13.0,8.7,13.0,-7.8,21736.0,1.94,3,4,2007,0
2007-03-16,台北一,SE6 青蔥 粉蔥 ,15.6,11.3,6.7,11.2,-13.85,21649.0,-0.4,3,5,2007,0
2007-03-17,台北一,SE6 青蔥 粉蔥 ,16.8,11.8,7.2,11.9,6.25,21628.0,-0.1,3,6,2007,0
2007-03-18,台北一,SE6 青蔥 粉蔥 ,20.2,14.4,9.6,14.6,22.69,22064.0,2.02,3,7,2007,0
2007-03-19,台北一,SE6 青蔥 粉蔥 ,,,,,,,,3,1,2007,1
2007-03-20,台北一,SE6 青蔥 粉蔥 ,19.4,15.2,11.5,15.3,4.79,20522.0,-6.99,3,2,2007,0
2007-03-21,台北一,SE6 青蔥 粉蔥 ,19.9,16.2,12.4,16.2,5.88,17235.0,-16.02,3,3,2007,0
2007-03-22,台北一,SE6 青蔥 粉蔥 ,20.3,16.2,11.8,16.1,-0.62,18626.0,8.07,3,4,2007,0
2007-03-23,台北一,SE6 青蔥 粉蔥 ,18.9,14.6,10.7,14.6,-9.32,22347.0,19.98,3,5,2007,0
2007-03-24,台北一,SE6 青蔥 粉蔥 ,17.9,14.0,9.9,14.0,-4.11,21809.0,-2.41,3,6,2007,0
2007-03-25,台北一,SE6 青蔥 粉蔥 ,18.2,13.0,7.7,13.0,-7.14,25319.0,16.09,3,7,2007,0
2007-03-26,台北一,SE6 青蔥 粉蔥 ,,,,,,,,3,1,2007,1
2007-03-27,台北一,SE6 青蔥 粉蔥 ,18.9,13.9,9.2,14.0,7.69,22258.0,-12.09,3,2,2007,0
2007-03-28,台北一,SE6 青蔥 粉蔥 ,18.2,13.1,6.8,12.9,-7.86,21445.0,-3.65,3,3,2007,0
2007-03-29,台北一,SE6 青蔥 粉蔥 ,18.6,13.1,6.4,12.8,-0.78,20942.0,-2.35,3,4,2007,0
2007-03-30,台北一,SE6 青蔥 粉蔥 ,17.3,12.2,6.5,12.1,-5.47,20505.0,-2.09,3,5,2007,0
2007-03-31,台北一,SE6 青蔥 粉蔥 ,18.7,12.7,7.6,12.9,6.61,19908.0,-2.91,3,6,2007,0
2007-04-01,台北一,SE6 青蔥 粉蔥 ,19.5,14.2,9.3,14.3,10.85,21426.0,7.63,4,7,2007,0
2007-04-02,台北一,SE6 青蔥 粉蔥 ,,,,,,,,4,1,2007,1
2007-04-03,台北一,SE6 青蔥 粉蔥 ,20.1,14.7,10.0,14.8,3.5,22729.0,6.08,4,2,2007,0
2007-04-04,台北一,SE6 青蔥 粉蔥 ,29.2,23.3,17.0,23.2,56.76,25405.0,11.77,4,3,2007,0
2007-04-05,台北一,SE6 青蔥 粉蔥 ,,,,,,,,4,4,2007,1
2007-04-06,台北一,SE6 青蔥 粉蔥 ,,,,,,,,4,5,2007,1
2007-04-07,台北一,SE6 青蔥 粉蔥 ,29.2,22.6,16.3,22.7,-2.16,25300.0,-0.41,4,6,2007,0
2007-04-08,台北一,SE6 青蔥 粉蔥 ,23.4,17.4,14.8,18.1,-20.26,29882.0,18.11,4,7,2007,0
2007-04-09,台北一,SE6 青蔥 粉蔥 ,,,,,,,,4,1,2007,1
2007-04-10,台北一,SE6 青蔥 粉蔥 ,16.8,12.4,9.0,12.6,-30.39,29363.0,-1.74,4,2,2007,0
2007-04-11,台北一,SE6 青蔥 粉蔥 ,14.3,10.9,6.2,10.7,-15.08,25888.0,-11.83,4,3,2007,0
2007-04-12,台北一,SE6 青蔥 粉蔥 ,14.7,11.0,8.5,11.3,5.61,22612.0,-12.65,4,4,2007,0
2007-04-13,台北一,SE6 青蔥 粉蔥 ,14.4,10.9,7.8,11.0,-2.65,24084.0,6.51,4,5,2007,0
2007-04-14,台北一,SE6 青蔥 粉蔥 ,17.2,12.1,8.5,12.4,12.73,25452.0,5.68,4,6,2007,0
2007-04-15,台北一,SE6 青蔥 粉蔥 ,17.4,12.1,8.9,12.5,0.81,26022.0,2.24,4,7,2007,0
2007-04-16,台北一,SE6 青蔥 粉蔥 ,,,,,,,,4,1,2007,1
2007-04-17,台北一,SE6 青蔥 粉蔥 ,17.3,12.4,9.3,12.8,2.4,26615.0,2.28,4,2,2007,0
2007-04-18,台北一,SE6 青蔥 粉蔥 ,17.1,11.7,7.7,12.0,-6.25,25731.0,-3.32,4,3,2007,0
2007-04-19,台北一,SE6 青蔥 粉蔥 ,17.1,12.5,8.9,12.7,5.83,20775.0,-19.26,4,4,2007,0
2007-04-20,台北一,SE6 青蔥 粉蔥 ,17.3,13.0,9.4,13.1,3.15,20116.0,-3.17,4,5,2007,0
2007-04-21,台北一,SE6 青蔥 粉蔥 ,17.0,12.0,9.3,12.5,-4.58,24290.0,20.75,4,6,2007,0
2007-04-22,台北一,SE6 青蔥 粉蔥 ,16.9,12.2,8.5,12.4,-0.8,26862.0,10.59,4,7,2007,0
2007-04-23,台北一,SE6 青蔥 粉蔥 ,,,,,,,,4,1,2007,1
2007-04-24,台北一,SE6 青蔥 粉蔥 ,14.4,11.4,7.1,11.2,-9.68,24262.0,-9.68,4,2,2007,0
2007-04-25,台北一,SE6 青蔥 粉蔥 ,14.6,11.1,7.7,11.1,-0.89,22588.0,-6.9,4,3,2007,0
2007-04-26,台北一,SE6 青蔥 粉蔥 ,13.4,10.8,7.8,10.7,-3.6,23476.0,3.93,4,4,2007,0
2007-04-27,台北一,SE6 青蔥 粉蔥 ,14.6,11.3,8.5,11.4,6.54,20968.0,-10.68,4,5,2007,0
2007-04-28,台北一,SE6 青蔥 粉蔥 ,14.7,11.4,8.8,11.5,0.88,20945.0,-0.11,4,6,2007,0
2007-04-29,台北一,SE6 青蔥 粉蔥 ,17.1,13.3,9.5,13.3,15.65,22740.0,8.57,4,7,2007,0
2007-04-30,台北一,SE6 青蔥 粉蔥 ,,,,,,,,4,1,2007,1
2007-05-01,台北一,SE6 青蔥 粉蔥 ,19.1,14.1,10.3,14.3,7.52,21145.0,-7.01,5,2,2007,0
2007-05-02,台北一,SE6 青蔥 粉蔥 ,19.5,13.6,10.7,14.2,-0.7,21111.0,-0.16,5,3,2007,0
2007-05-03,台北一,SE6 青蔥 粉蔥 ,18.5,13.5,10.7,13.9,-2.11,20624.0,-2.31,5,4,2007,0
2007-05-04,台北一,SE6 青蔥 粉蔥 ,17.3,13.0,9.6,13.2,-5.04,21030.0,1.97,5,5,2007,0
2007-05-05,台北一,SE6 青蔥 粉蔥 ,19.1,13.7,10.6,14.2,7.58,21790.0,3.61,5,6,2007,0
2007-05-06,台北一,SE6 青蔥 粉蔥 ,19.2,14.1,11.0,14.5,2.11,22049.0,1.19,5,7,2007,0
2007-05-07,台北一,SE6 青蔥 粉蔥 ,,,,,,,,5,1,2007,1
2007-05-08,台北一,SE6 青蔥 粉蔥 ,18.4,13.4,11.0,14.0,-3.45,23109.0,4.81,5,2,2007,0
2007-05-09,台北一,SE6 青蔥 粉蔥 ,17.1,13.1,10.6,13.4,-4.29,21732.0,-5.96,5,3,2007,0
2007-05-10,台北一,SE6 青蔥 粉蔥 ,18.0,13.2,10.1,13.6,1.49,18867.0,-13.18,5,4,2007,0
2007-05-11,台北一,SE6 青蔥 粉蔥 ,17.9,13.6,11.0,14.0,2.94,19691.0,4.37,5,5,2007,0
2007-05-12,台北一,SE6 青蔥 粉蔥 ,19.6,13.9,11.1,14.5,3.57,20493.0,4.07,5,6,2007,0
2007-05-13,台北一,SE6 青蔥 粉蔥 ,17.5,11.8,8.4,12.3,-15.17,24074.0,17.47,5,7,2007,0
2007-05-14,台北一,SE6 青蔥 粉蔥 ,,,,,,,,5,1,2007,1
2007-05-15,台北一,SE6 青蔥 粉蔥 ,19.1,13.2,9.4,13.6,10.57,20452.0,-15.05,5,2,2007,0
2007-05-16,台北一,SE6 青蔥 粉蔥 ,18.7,13.3,9.9,13.7,0.74,19138.0,-6.42,5,3,2007,0
2007-05-17,台北一,SE6 青蔥 粉蔥 ,16.9,11.8,8.5,12.2,-10.95,21560.0,12.66,5,4,2007,0
2007-05-18,台北一,SE6 青蔥 粉蔥 ,16.1,11.7,8.5,11.9,-2.46,18841.0,-12.61,5,5,2007,0
2007-05-19,台北一,SE6 青蔥 粉蔥 ,15.7,11.6,9.0,11.9,0.0,20789.0,10.34,5,6,2007,0
2007-05-20,台北一,SE6 青蔥 粉蔥 ,15.7,11.8,9.8,12.2,2.52,19258.0,-7.36,5,7,2007,0
2007-05-21,台北一,SE6 青蔥 粉蔥 ,,,,,,,,5,1,2007,1
2007-05-22,台北一,SE6 青蔥 粉蔥 ,17.0,13.5,10.9,13.7,12.3,14304.0,-25.72,5,2,2007,0
2007-05-23,台北一,SE6 青蔥 粉蔥 ,18.1,14.3,11.7,14.5,5.84,17541.0,22.63,5,3,2007,0
2007-05-24,台北一,SE6 青蔥 粉蔥 ,16.9,13.8,10.9,13.9,-4.14,17338.0,-1.16,5,4,2007,0
2007-05-25,台北一,SE6 青蔥 粉蔥 ,16.4,12.2,9.3,12.5,-10.07,18925.0,9.15,5,5,2007,0
2007-05-26,台北一,SE6 青蔥 粉蔥 ,15.5,11.7,9.0,11.9,-4.8,19295.0,1.96,5,6,2007,0
2007-05-27,台北一,SE6 青蔥 粉蔥 ,17.4,12.6,9.5,12.9,8.4,19372.0,0.4,5,7,2007,0
2007-05-28,台北一,SE6 青蔥 粉蔥 ,,,,,,,,5,1,2007,1
2007-05-29,台北一,SE6 青蔥 粉蔥 ,18.0,14.4,10.9,14.4,11.63,15747.0,-18.71,5,2,2007,0
2007-05-30,台北一,SE6 青蔥 粉蔥 ,18.0,14.3,10.6,14.3,-0.69,13126.0,-16.64,5,3,2007,0
2007-05-31,台北一,SE6 青蔥 粉蔥 ,20.0,14.3,9.9,14.6,2.1,12959.0,-1.27,5,4,2007,0
2007-06-01,台北一,SE6 青蔥 粉蔥 ,17.8,13.8,10.6,14.0,-4.11,12675.0,-2.19,6,5,2007,0
2007-06-02,台北一,SE6 青蔥 粉蔥 ,19.8,14.5,11.2,14.9,6.43,13079.0,3.19,6,6,2007,0
2007-06-03,台北一,SE6 青蔥 粉蔥 ,20.5,16.6,12.2,16.5,10.74,12851.0,-1.74,6,7,2007,0
2007-06-04,台北一,SE6 青蔥 粉蔥 ,,,,,,,,6,1,2007,1
2007-06-05,台北一,SE6 青蔥 粉蔥 ,20.0,16.3,12.9,16.4,-0.61,10063.0,-21.69,6,2,2007,0
2007-06-06,台北一,SE6 青蔥 粉蔥 ,19.7,14.5,10.7,14.8,-9.76,10872.0,8.04,6,3,2007,0
2007-06-07,台北一,SE6 青蔥 粉蔥 ,20.1,18.1,14.6,17.8,20.27,9002.0,-17.2,6,4,2007,0
2007-06-08,台北一,SE6 青蔥 粉蔥 ,30.7,25.7,21.4,25.8,44.94,6678.0,-25.82,6,5,2007,0
2007-06-09,台北一,SE6 青蔥 粉蔥 ,40.1,31.6,23.2,31.6,22.48,9335.0,39.79,6,6,2007,0
2007-06-10,台北一,SE6 青蔥 粉蔥 ,32.0,25.7,18.2,25.5,-19.3,15930.0,70.65,6,7,2007,0
2007-06-11,台北一,SE6 青蔥 粉蔥 ,,,,,,,,6,1,2007,1
2007-06-12,台北一,SE6 青蔥 粉蔥 ,18.8,12.7,7.6,12.9,-49.41,17509.0,9.91,6,2,2007,0
2007-06-13,台北一,SE6 青蔥 粉蔥 ,16.9,11.7,7.5,11.9,-7.75,11720.0,-33.06,6,3,2007,0
2007-06-14,台北一,SE6 青蔥 粉蔥 ,15.9,11.4,6.7,11.3,-5.04,12492.0,6.59,6,4,2007,0
2007-06-15,台北一,SE6 青蔥 粉蔥 ,20.8,12.6,5.6,12.9,14.16,8440.0,-32.44,6,5,2007,0
2007-06-16,台北一,SE6 青蔥 粉蔥 ,31.3,21.6,13.8,22.0,70.54,6963.0,-17.5,6,6,2007,0
2007-06-17,台北一,SE6 青蔥 粉蔥 ,33.3,21.6,10.7,21.8,-0.91,10626.0,52.61,6,7,2007,0
2007-06-18,台北一,SE6 青蔥 粉蔥 ,30.3,21.5,15.0,22.0,0.92,10341.0,-2.68,6,1,2007,0
2007-06-19,台北一,SE6 青蔥 粉蔥 ,35.5,25.4,19.3,26.2,19.09,10502.0,1.56,6,2,2007,0
2007-06-20,台北一,SE6 青蔥 粉蔥 ,,,,,,,,6,3,2007,1
2007-06-21,台北一,SE6 青蔥 粉蔥 ,,,,,,,,6,4,2007,1
2007-06-22,台北一,SE6 青蔥 粉蔥 ,31.4,24.5,17.9,24.6,-6.11,9871.0,-6.01,6,5,2007,0
2007-06-23,台北一,SE6 青蔥 粉蔥 ,31.4,23.6,19.1,24.3,-1.22,10373.0,5.09,6,6,2007,0
2007-06-24,台北一,SE6 青蔥 粉蔥 ,30.0,20.2,14.1,20.9,-13.99,12836.0,23.74,6,7,2007,0
2007-06-25,台北一,SE6 青蔥 粉蔥 ,,,,,,,,6,1,2007,1
2007-06-26,台北一,SE6 青蔥 粉蔥 ,27.0,19.2,13.4,19.6,-6.22,9702.0,-24.42,6,2,2007,0
2007-06-27,台北一,SE6 青蔥 粉蔥 ,24.0,15.6,8.7,15.9,-18.88,9687.0,-0.15,6,3,2007,0
2007-06-28,台北一,SE6 青蔥 粉蔥 ,22.3,12.5,8.9,13.7,-13.84,9207.0,-4.96,6,4,2007,0
2007-06-29,台北一,SE6 青蔥 粉蔥 ,24.0,13.5,9.3,14.8,8.03,7341.0,-20.27,6,5,2007,0
2007-06-30,台北一,SE6 青蔥 粉蔥 ,25.0,15.4,10.9,16.4,10.81,7612.0,3.69,6,6,2007,0
2007-07-01,台北一,SE6 青蔥 粉蔥 ,21.4,16.6,13.9,17.0,3.66,6328.0,-16.87,7,7,2007,0
2007-07-02,台北一,SE6 青蔥 粉蔥 ,,,,,,,,7,1,2007,1
2007-07-03,台北一,SE6 青蔥 粉蔥 ,22.4,18.4,17.2,18.9,11.18,5458.0,-13.75,7,2,2007,0
2007-07-04,台北一,SE6 青蔥 粉蔥 ,23.3,20.0,18.2,20.3,7.41,4539.0,-16.84,7,3,2007,0
2007-07-05,台北一,SE6 青蔥 粉蔥 ,30.0,23.0,18.0,23.4,15.27,4153.0,-8.5,7,4,2007,0
2007-07-06,台北一,SE6 青蔥 粉蔥 ,29.8,25.5,22.5,25.8,10.26,4221.0,1.64,7,5,2007,0
2007-07-07,台北一,SE6 青蔥 粉蔥 ,29.5,25.2,19.9,25.0,-3.1,5861.0,38.85,7,6,2007,0
2007-07-08,台北一,SE6 青蔥 粉蔥 ,30.4,24.2,20.8,24.8,-0.8,5678.0,-3.12,7,7,2007,0
2007-07-09,台北一,SE6 青蔥 粉蔥 ,,,,,,,,7,1,2007,1
2007-07-10,台北一,SE6 青蔥 粉蔥 ,30.0,22.5,19.6,23.5,-5.24,6650.0,17.12,7,2,2007,0
2007-07-11,台北一,SE6 青蔥 粉蔥 ,30.3,22.9,18.5,23.5,0.0,6627.0,-0.35,7,3,2007,0
2007-07-12,台北一,SE6 青蔥 粉蔥 ,35.3,27.7,21.5,28.0,19.15,5104.0,-22.98,7,4,2007,0
2007-07-13,台北一,SE6 青蔥 粉蔥 ,36.8,27.2,22.1,28.1,0.36,6611.0,29.53,7,5,2007,0
2007-07-14,台北一,SE6 青蔥 粉蔥 ,36.2,25.6,20.2,26.6,-5.34,8457.0,27.92,7,6,2007,0
2007-07-15,台北一,SE6 青蔥 粉蔥 ,32.2,25.6,20.5,25.9,-2.63,8907.0,5.32,7,7,2007,0
2007-07-16,台北一,SE6 青蔥 粉蔥 ,,,,,,,,7,1,2007,1
2007-07-17,台北一,SE6 青蔥 粉蔥 ,30.5,24.4,19.9,24.7,-4.63,7803.0,-12.39,7,2,2007,0
2007-07-18,台北一,SE6 青蔥 粉蔥 ,29.1,23.5,18.4,23.6,-4.45,6758.0,-13.39,7,3,2007,0
2007-07-19,台北一,SE6 青蔥 粉蔥 ,25.6,21.4,17.9,21.5,-8.9,7779.0,15.11,7,4,2007,0
2007-07-20,台北一,SE6 青蔥 粉蔥 ,27.0,23.0,20.0,23.2,7.91,6669.0,-14.27,7,5,2007,0
2007-07-21,台北一,SE6 青蔥 粉蔥 ,28.8,23.2,17.5,23.2,0.0,6056.0,-9.19,7,6,2007,0
2007-07-22,台北一,SE6 青蔥 粉蔥 ,32.7,26.8,22.3,27.1,16.81,6446.0,6.44,7,7,2007,0
2007-07-23,台北一,SE6 青蔥 粉蔥 ,,,,,,,,7,1,2007,1
2007-07-24,台北一,SE6 青蔥 粉蔥 ,33.7,27.1,21.4,27.3,0.74,5476.0,-15.05,7,2,2007,0
2007-07-25,台北一,SE6 青蔥 粉蔥 ,34.5,26.9,21.0,27.2,-0.37,4624.0,-15.56,7,3,2007,0
2007-07-26,台北一,SE6 青蔥 粉蔥 ,35.0,28.8,23.5,29.0,6.62,4080.0,-11.76,7,4,2007,0
2007-07-27,台北一,SE6 青蔥 粉蔥 ,35.6,30.1,24.0,30.0,3.45,5156.0,26.37,7,5,2007,0
2007-07-28,台北一,SE6 青蔥 粉蔥 ,35.7,28.1,23.2,28.6,-4.67,5387.0,4.48,7,6,2007,0
2007-07-29,台北一,SE6 青蔥 粉蔥 ,31.6,25.7,19.5,25.6,-10.49,4383.0,-18.64,7,7,2007,0
2007-07-30,台北一,SE6 青蔥 粉蔥 ,,,,,,,,7,1,2007,1
2007-07-31,台北一,SE6 青蔥 粉蔥 ,35.8,26.9,23.3,28.0,9.37,3961.0,-9.63,7,2,2007,0
2007-08-01,台北一,SE6 青蔥 粉蔥 ,35.2,27.1,21.6,27.6,-1.43,3968.0,0.18,8,3,2007,0
2007-08-02,台北一,SE6 青蔥 粉蔥 ,36.0,25.0,18.0,25.8,-6.52,4143.0,4.41,8,4,2007,0
2007-08-03,台北一,SE6 青蔥 粉蔥 ,36.1,26.0,19.2,26.6,3.1,5251.0,26.74,8,5,2007,0
2007-08-04,台北一,SE6 青蔥 粉蔥 ,32.0,24.3,19.6,24.9,-6.39,7070.0,34.64,8,6,2007,0
2007-08-05,台北一,SE6 青蔥 粉蔥 ,32.7,24.6,18.0,24.9,0.0,5416.0,-23.39,8,7,2007,0
2007-08-06,台北一,SE6 青蔥 粉蔥 ,,,,,,,,8,1,2007,1
2007-08-07,台北一,SE6 青蔥 粉蔥 ,44.3,37.4,27.2,36.8,47.79,3842.0,-29.06,8,2,2007,0
2007-08-08,台北一,SE6 青蔥 粉蔥 ,58.2,49.3,38.6,49.0,33.15,6522.0,69.76,8,3,2007,0
2007-08-09,台北一,SE6 青蔥 粉蔥 ,61.5,51.9,46.3,52.7,7.55,6629.0,1.64,8,4,2007,0
2007-08-10,台北一,SE6 青蔥 粉蔥 ,38.4,26.1,19.8,27.3,-48.2,10023.0,51.2,8,5,2007,0
2007-08-11,台北一,SE6 青蔥 粉蔥 ,29.2,20.5,12.9,20.7,-24.18,9136.0,-8.85,8,6,2007,0
2007-08-12,台北一,SE6 青蔥 粉蔥 ,31.9,23.9,14.5,23.6,14.01,3847.0,-57.89,8,7,2007,0
2007-08-13,台北一,SE6 青蔥 粉蔥 ,,,,,,,,8,1,2007,1
2007-08-14,台北一,SE6 青蔥 粉蔥 ,69.1,46.3,29.6,47.5,101.27,1689.0,-56.1,8,2,2007,0
2007-08-15,台北一,SE6 青蔥 粉蔥 ,51.4,40.5,24.6,39.5,-16.84,1144.0,-32.27,8,3,2007,0
2007-08-16,台北一,SE6 青蔥 粉蔥 ,49.3,30.0,15.6,31.0,-21.52,2718.0,137.59,8,4,2007,0
2007-08-17,台北一,SE6 青蔥 粉蔥 ,49.4,39.3,24.3,38.3,23.55,7410.0,172.63,8,5,2007,0
2007-08-18,台北一,SE6 青蔥 粉蔥 ,44.2,29.1,14.7,29.2,-23.76,9727.0,31.27,8,6,2007,0
2007-08-19,台北一,SE6 青蔥 粉蔥 ,46.7,32.8,20.7,33.2,13.7,7920.0,-18.58,8,7,2007,0
2007-08-20,台北一,SE6 青蔥 粉蔥 ,,,,,,,,8,1,2007,1
2007-08-21,台北一,SE6 青蔥 粉蔥 ,42.7,30.9,7.3,28.5,-14.16,4392.0,-44.55,8,2,2007,0
2007-08-22,台北一,SE6 青蔥 粉蔥 ,47.7,28.1,13.2,29.1,2.11,4666.0,6.24,8,3,2007,0
2007-08-23,台北一,SE6 青蔥 粉蔥 ,55.7,37.5,21.0,37.8,29.9,2738.0,-41.32,8,4,2007,0
2007-08-24,台北一,SE6 青蔥 粉蔥 ,80.6,57.3,39.1,58.3,54.23,2454.0,-10.37,8,5,2007,0
2007-08-25,台北一,SE6 青蔥 粉蔥 ,149.4,122.2,92.4,121.7,108.75,3086.0,25.75,8,6,2007,0
2007-08-26,台北一,SE6 青蔥 粉蔥 ,165.5,112.5,68.9,114.4,-6.0,5983.0,93.88,8,7,2007,0
2007-08-27,台北一,SE6 青蔥 粉蔥 ,154.8,112.9,74.0,113.5,-0.79,4664.0,-22.05,8,1,2007,0
2007-08-28,台北一,SE6 青蔥 粉蔥 ,,,,,,,,8,2,2007,1
2007-08-29,台北一,SE6 青蔥 粉蔥 ,,,,,,,,8,3,2007,1
2007-08-30,台北一,SE6 青蔥 粉蔥 ,104.7,80.0,58.7,80.7,-28.9,5426.0,16.34,8,4,2007,0
2007-08-31,台北一,SE6 青蔥 粉蔥 ,120.1,94.4,64.3,93.5,15.86,2749.0,-49.34,8,5,2007,0
2007-09-01,台北一,SE6 青蔥 粉蔥 ,114.9,91.9,69.7,92.1,-1.5,3790.0,37.87,9,6,2007,0
2007-09-02,台北一,SE6 青蔥 粉蔥 ,114.8,97.8,71.8,96.0,4.23,3338.0,-11.93,9,7,2007,0
2007-09-03,台北一,SE6 青蔥 粉蔥 ,,,,,,,,9,1,2007,1
2007-09-04,台北一,SE6 青蔥 粉蔥 ,116.4,83.1,49.8,83.1,-13.44,4016.0,20.31,9,2,2007,0
2007-09-05,台北一,SE6 青蔥 粉蔥 ,95.0,76.3,54.6,75.7,-8.9,6424.0,59.96,9,3,2007,0
2007-09-06,台北一,SE6 青蔥 粉蔥 ,97.6,75.5,46.6,74.1,-2.11,4037.0,-37.16,9,4,2007,0
2007-09-07,台北一,SE6 青蔥 粉蔥 ,100.3,79.3,60.1,79.7,7.56,4465.0,10.6,9,5,2007,0
2007-09-08,台北一,SE6 青蔥 粉蔥 ,81.1,60.1,46.5,61.6,-22.71,5603.0,25.49,9,6,2007,0
2007-09-09,台北一,SE6 青蔥 粉蔥 ,80.7,61.1,40.2,60.8,-1.3,6331.0,12.99,9,7,2007,0
2007-09-10,台北一,SE6 青蔥 粉蔥 ,,,,,,,,9,1,2007,1
2007-09-11,台北一,SE6 青蔥 粉蔥 ,86.8,74.0,45.6,70.9,16.61,4243.0,-32.98,9,2,2007,0
2007-09-12,台北一,SE6 青蔥 粉蔥 ,82.3,68.9,47.2,67.2,-5.22,4674.0,10.16,9,3,2007,0
2007-09-13,台北一,SE6 青蔥 粉蔥 ,86.6,67.7,44.7,66.9,-0.45,5958.0,27.47,9,4,2007,0
2007-09-14,台北一,SE6 青蔥 粉蔥 ,88.2,74.9,56.3,73.9,10.46,3816.0,-35.95,9,5,2007,0
2007-09-15,台北一,SE6 青蔥 粉蔥 ,90.6,78.8,56.2,76.6,3.65,4408.0,15.51,9,6,2007,0
2007-09-16,台北一,SE6 青蔥 粉蔥 ,88.3,72.1,44.3,69.8,-8.88,6001.0,36.14,9,7,2007,0
2007-09-17,台北一,SE6 青蔥 粉蔥 ,,,,,,,,9,1,2007,1
2007-09-18,台北一,SE6 青蔥 粉蔥 ,102.2,79.9,63.5,81.1,16.19,6579.0,9.63,9,2,2007,0
2007-09-19,台北一,SE6 青蔥 粉蔥 ,91.2,78.4,54.7,76.2,-6.04,5017.0,-23.74,9,3,2007,0
2007-09-20,台北一,SE6 青蔥 粉蔥 ,82.9,72.6,51.5,70.4,-7.61,3491.0,-30.42,9,4,2007,0
2007-09-21,台北一,SE6 青蔥 粉蔥 ,81.5,65.8,36.7,63.1,-10.37,5364.0,53.65,9,5,2007,0
2007-09-22,台北一,SE6 青蔥 粉蔥 ,74.7,51.8,28.5,51.7,-18.07,5076.0,-5.37,9,6,2007,0
2007-09-23,台北一,SE6 青蔥 粉蔥 ,58.0,38.3,16.2,37.8,-26.89,4318.0,-14.93,9,7,2007,0
2007-09-24,台北一,SE6 青蔥 粉蔥 ,73.0,44.5,11.5,43.6,15.34,1354.0,-68.64,9,1,2007,0
2007-09-25,台北一,SE6 青蔥 粉蔥 ,86.0,69.7,10.0,61.0,39.91,600.0,-55.69,9,2,2007,0
2007-09-26,台北一,SE6 青蔥 粉蔥 ,,,,,,,,9,3,2007,1
2007-09-27,台北一,SE6 青蔥 粉蔥 ,,,,,,,,9,4,2007,1
2007-09-28,台北一,SE6 青蔥 粉蔥 ,88.0,77.8,54.7,75.2,23.28,436.0,-27.33,9,5,2007,0
2007-09-29,台北一,SE6 青蔥 粉蔥 ,115.0,113.5,80.1,107.1,42.42,1468.0,236.7,9,6,2007,0
2007-09-30,台北一,SE6 青蔥 粉蔥 ,117.9,92.8,74.3,94.2,-12.04,1894.0,29.02,9,7,2007,0
2007-10-01,台北一,SE6 青蔥 粉蔥 ,,,,,,,,10,1,2007,1
2007-10-02,台北一,SE6 青蔥 粉蔥 ,85.2,75.3,49.6,72.1,-23.46,4874.0,157.34,10,2,2007,0
2007-10-03,台北一,SE6 青蔥 粉蔥 ,74.7,66.1,48.1,64.2,-10.96,4145.0,-14.96,10,3,2007,0
2007-10-04,台北一,SE6 青蔥 粉蔥 ,87.2,71.7,24.6,65.4,1.87,1037.0,-74.98,10,4,2007,0
2007-10-05,台北一,SE6 青蔥 粉蔥 ,82.3,68.9,35.0,64.8,-0.92,1056.0,1.83,10,5,2007,0
2007-10-06,台北一,SE6 青蔥 粉蔥 ,89.8,77.2,34.2,71.1,9.72,860.0,-18.56,10,6,2007,0
2007-10-07,台北一,SE6 青蔥 粉蔥 ,110.0,102.5,40.0,91.5,28.69,332.0,-61.4,10,7,2007,0
2007-10-08,台北一,SE6 青蔥 粉蔥 ,,,,,,,,10,1,2007,1
2007-10-09,台北一,SE6 青蔥 粉蔥 ,83.0,60.5,35.0,59.9,-34.54,510.0,53.61,10,2,2007,0
2007-10-10,台北一,SE6 青蔥 粉蔥 ,76.0,71.4,49.0,67.9,13.36,437.0,-14.31,10,3,2007,0
2007-10-11,台北一,SE6 青蔥 粉蔥 ,122.8,67.6,35.8,72.3,6.48,514.0,17.62,10,4,2007,0
2007-10-12,台北一,SE6 青蔥 粉蔥 ,213.8,104.1,57.9,116.8,61.55,620.0,20.62,10,5,2007,0
2007-10-13,台北一,SE6 青蔥 粉蔥 ,197.2,118.7,72.4,125.1,7.11,935.0,50.81,10,6,2007,0
2007-10-14,台北一,SE6 青蔥 粉蔥 ,198.8,130.1,61.8,130.2,4.08,1757.0,87.91,10,7,2007,0
2007-10-15,台北一,SE6 青蔥 粉蔥 ,,,,,,,,10,1,2007,1
2007-10-16,台北一,SE6 青蔥 粉蔥 ,151.0,103.0,50.8,102.2,-21.51,2429.0,38.25,10,2,2007,0
2007-10-17,台北一,SE6 青蔥 粉蔥 ,190.0,114.9,57.3,118.4,15.85,1793.0,-26.18,10,3,2007,0
2007-10-18,台北一,SE6 青蔥 粉蔥 ,145.7,84.2,29.6,85.6,-27.7,2113.0,17.85,10,4,2007,0
2007-10-19,台北一,SE6 青蔥 粉蔥 ,150.6,96.5,61.9,100.4,17.29,1600.0,-24.28,10,5,2007,0
2007-10-20,台北一,SE6 青蔥 粉蔥 ,181.1,127.9,80.1,129.0,28.49,1216.0,-24.0,10,6,2007,0
2007-10-21,台北一,SE6 青蔥 粉蔥 ,161.4,112.5,84.5,116.7,-9.53,1801.0,48.11,10,7,2007,0
2007-10-22,台北一,SE6 青蔥 粉蔥 ,,,,,,,,10,1,2007,1
2007-10-23,台北一,SE6 青蔥 粉蔥 ,127.2,78.2,24.0,77.2,-33.85,2944.0,63.46,10,2,2007,0
2007-10-24,台北一,SE6 青蔥 粉蔥 ,124.7,71.5,39.4,75.7,-1.94,2254.0,-23.44,10,3,2007,0
2007-10-25,台北一,SE6 青蔥 粉蔥 ,124.7,69.7,42.5,75.2,-0.66,1778.0,-21.12,10,4,2007,0
2007-10-26,台北一,SE6 青蔥 粉蔥 ,145.7,88.3,49.0,91.9,22.21,2065.0,16.14,10,5,2007,0
2007-10-27,台北一,SE6 青蔥 粉蔥 ,155.0,91.5,43.5,94.6,2.94,2187.0,5.91,10,6,2007,0
2007-10-28,台北一,SE6 青蔥 粉蔥 ,157.3,107.8,52.4,106.6,12.68,2473.0,13.08,10,7,2007,0
2007-10-29,台北一,SE6 青蔥 粉蔥 ,,,,,,,,10,1,2007,1
2007-10-30,台北一,SE6 青蔥 粉蔥 ,121.7,86.5,44.8,85.2,-20.08,2809.0,13.59,10,2,2007,0
2007-10-31,台北一,SE6 青蔥 粉蔥 ,106.9,66.6,10.0,63.3,-25.7,2913.0,3.7,10,3,2007,0
2007-11-01,台北一,SE6 青蔥 粉蔥 ,85.1,59.2,43.4,61.2,-3.32,2487.0,-14.62,11,4,2007,0
2007-11-02,台北一,SE6 青蔥 粉蔥 ,88.0,60.6,44.1,62.8,2.61,2530.0,1.73,11,5,2007,0
2007-11-03,台北一,SE6 青蔥 粉蔥 ,90.2,58.8,44.9,62.3,-0.8,2986.0,18.02,11,6,2007,0
2007-11-04,台北一,SE6 青蔥 粉蔥 ,102.5,84.4,62.7,83.7,34.35,2497.0,-16.38,11,7,2007,0
2007-11-05,台北一,SE6 青蔥 粉蔥 ,,,,,,,,11,1,2007,1
2007-11-06,台北一,SE6 青蔥 粉蔥 ,107.6,86.0,63.5,85.8,2.51,2477.0,-0.8,11,2,2007,0
2007-11-07,台北一,SE6 青蔥 粉蔥 ,87.2,75.1,61.2,74.7,-12.94,1692.0,-31.69,11,3,2007,0
2007-11-08,台北一,SE6 青蔥 粉蔥 ,82.0,74.8,59.9,73.3,-1.87,2941.0,73.82,11,4,2007,0
2007-11-09,台北一,SE6 青蔥 粉蔥 ,79.3,66.0,50.0,65.5,-10.64,1792.0,-39.07,11,5,2007,0
2007-11-10,台北一,SE6 青蔥 粉蔥 ,89.4,68.7,57.8,70.6,7.79,1655.0,-7.65,11,6,2007,0
2007-11-11,台北一,SE6 青蔥 粉蔥 ,94.1,73.7,52.8,73.6,4.25,1710.0,3.32,11,7,2007,0
2007-11-12,台北一,SE6 青蔥 粉蔥 ,,,,,,,,11,1,2007,1
2007-11-13,台北一,SE6 青蔥 粉蔥 ,93.1,74.1,49.0,72.9,-0.95,2107.0,23.22,11,2,2007,0
2007-11-14,台北一,SE6 青蔥 粉蔥 ,89.1,71.7,48.2,70.5,-3.29,2428.0,15.23,11,3,2007,0
2007-11-15,台北一,SE6 青蔥 粉蔥 ,70.7,59.5,48.4,59.5,-15.6,1291.0,-46.83,11,4,2007,0
2007-11-16,台北一,SE6 青蔥 粉蔥 ,85.7,69.1,55.0,69.6,16.97,2064.0,59.88,11,5,2007,0
2007-11-17,台北一,SE6 青蔥 粉蔥 ,86.7,69.0,49.8,68.7,-1.29,1820.0,-11.82,11,6,2007,0
2007-11-18,台北一,SE6 青蔥 粉蔥 ,78.0,63.0,42.9,62.0,-9.75,2707.0,48.74,11,7,2007,0
2007-11-19,台北一,SE6 青蔥 粉蔥 ,,,,,,,,11,1,2007,1
2007-11-20,台北一,SE6 青蔥 粉蔥 ,78.3,65.2,45.0,63.8,2.9,2440.0,-9.86,11,2,2007,0
2007-11-21,台北一,SE6 青蔥 粉蔥 ,70.0,60.3,48.1,59.8,-6.27,2077.0,-14.88,11,3,2007,0
2007-11-22,台北一,SE6 青蔥 粉蔥 ,62.5,48.3,32.5,48.0,-19.73,2094.0,0.82,11,4,2007,0
2007-11-23,台北一,SE6 青蔥 粉蔥 ,73.9,50.5,19.3,49.0,2.08,1341.0,-35.96,11,5,2007,0
2007-11-24,台北一,SE6 青蔥 粉蔥 ,62.9,49.5,28.2,47.9,-2.24,1600.0,19.31,11,6,2007,0
2007-11-25,台北一,SE6 青蔥 粉蔥 ,63.7,48.6,36.1,49.1,2.51,1926.0,20.38,11,7,2007,0
2007-11-26,台北一,SE6 青蔥 粉蔥 ,,,,,,,,11,1,2007,1
2007-11-27,台北一,SE6 青蔥 粉蔥 ,69.1,37.3,33.3,42.8,-12.83,715.0,-62.88,11,2,2007,0
2007-11-28,台北一,SE6 青蔥 粉蔥 ,60.0,47.9,41.2,49.0,14.49,1437.0,100.98,11,3,2007,0
2007-11-29,台北一,SE6 青蔥 粉蔥 ,78.8,57.6,44.7,59.3,21.02,1062.0,-26.1,11,4,2007,0
2007-11-30,台北一,SE6 青蔥 粉蔥 ,74.4,62.5,50.7,62.5,5.4,2054.0,93.41,11,5,2007,0
2007-12-01,台北一,SE6 青蔥 粉蔥 ,71.0,58.5,39.2,57.2,-8.48,2599.0,26.53,12,6,2007,0
2007-12-02,台北一,SE6 青蔥 粉蔥 ,55.7,46.6,32.6,45.6,-20.28,3099.0,19.24,12,7,2007,0
2007-12-03,台北一,SE6 青蔥 粉蔥 ,,,,,,,,12,1,2007,1
2007-12-04,台北一,SE6 青蔥 粉蔥 ,78.0,51.9,42.5,55.2,21.05,2276.0,-26.56,12,2,2007,0
2007-12-05,台北一,SE6 青蔥 粉蔥 ,63.6,47.7,38.2,48.9,-11.41,3936.0,72.93,12,3,2007,0
2007-12-06,台北一,SE6 青蔥 粉蔥 ,52.2,37.0,30.0,38.7,-20.86,2377.0,-39.61,12,4,2007,0
2007-12-07,台北一,SE6 青蔥 粉蔥 ,57.1,39.5,29.1,40.9,5.68,2410.0,1.39,12,5,2007,0
2007-12-08,台北一,SE6 青蔥 粉蔥 ,51.5,46.3,37.3,45.5,11.25,4081.0,69.34,12,6,2007,0
2007-12-09,台北一,SE6 青蔥 粉蔥 ,54.8,45.7,33.0,45.0,-1.1,4791.0,17.4,12,7,2007,0
2007-12-10,台北一,SE6 青蔥 粉蔥 ,,,,,,,,12,1,2007,1
2007-12-11,台北一,SE6 青蔥 粉蔥 ,57.0,48.5,37.0,47.9,6.44,2981.0,-37.78,12,2,2007,0
2007-12-12,台北一,SE6 青蔥 粉蔥 ,47.7,40.4,37.2,41.2,-13.99,3203.0,7.45,12,3,2007,0
2007-12-13,台北一,SE6 青蔥 粉蔥 ,41.6,40.0,37.0,39.7,-3.64,4490.0,40.18,12,4,2007,0
2007-12-14,台北一,SE6 青蔥 粉蔥 ,46.7,39.8,32.6,39.7,0.0,3895.0,-13.25,12,5,2007,0
2007-12-15,台北一,SE6 青蔥 粉蔥 ,47.8,40.2,32.2,40.1,1.01,4774.0,22.57,12,6,2007,0
2007-12-16,台北一,SE6 青蔥 粉蔥 ,53.3,43.6,35.8,44.0,9.73,6080.0,27.36,12,7,2007,0
2007-12-17,台北一,SE6 青蔥 粉蔥 ,,,,,,,,12,1,2007,1
2007-12-18,台北一,SE6 青蔥 粉蔥 ,49.6,43.3,36.5,43.2,-1.82,6889.0,13.31,12,2,2007,0
2007-12-19,台北一,SE6 青蔥 粉蔥 ,43.6,37.3,33.2,37.7,-12.73,6438.0,-6.55,12,3,2007,0
2007-12-20,台北一,SE6 青蔥 粉蔥 ,44.0,37.7,31.9,37.8,0.27,7782.0,20.88,12,4,2007,0
2007-12-21,台北一,SE6 青蔥 粉蔥 ,43.0,36.0,28.3,35.9,-5.03,9041.0,16.18,12,5,2007,0
2007-12-22,台北一,SE6 青蔥 粉蔥 ,48.9,41.2,33.5,41.2,14.76,8900.0,-1.56,12,6,2007,0
2007-12-23,台北一,SE6 青蔥 粉蔥 ,51.0,42.5,36.7,43.1,4.61,5611.0,-36.96,12,7,2007,0
2007-12-24,台北一,SE6 青蔥 粉蔥 ,,,,,,,,12,1,2007,1
2007-12-25,台北一,SE6 青蔥 粉蔥 ,58.6,45.9,33.9,46.0,6.73,7396.0,31.81,12,2,2007,0
2007-12-26,台北一,SE6 青蔥 粉蔥 ,48.9,39.4,31.3,39.7,-13.7,8901.0,20.35,12,3,2007,0
2007-12-27,台北一,SE6 青蔥 粉蔥 ,48.2,36.9,26.1,37.0,-6.8,11857.0,33.21,12,4,2007,0
2007-12-28,台北一,SE6 青蔥 粉蔥 ,44.5,34.7,25.2,34.8,-5.95,12227.0,3.12,12,5,2007,0
2007-12-29,台北一,SE6 青蔥 粉蔥 ,46.9,38.3,28.4,38.0,9.2,11504.0,-5.91,12,6,2007,0
2007-12-30,台北一,SE6 青蔥 粉蔥 ,49.6,40.2,31.0,40.2,5.79,14887.0,29.41,12,7,2007,0
2007-12-31,台北一,SE6 青蔥 粉蔥 ,,,,,,,,12,1,2007,1
2008-01-01,台北一,SE6 青蔥 粉蔥 ,54.5,42.7,33.8,43.3,7.71,14135.0,-5.05,1,2,2008,0
2008-01-02,台北一,SE6 青蔥 粉蔥 ,47.3,39.5,33.2,39.8,-8.08,12907.0,-8.69,1,3,2008,0
2008-01-03,台北一,SE6 青蔥 粉蔥 ,44.8,39.0,30.7,38.5,-3.27,11999.0,-7.03,1,4,2008,0
2008-01-04,台北一,SE6 青蔥 粉蔥 ,47.3,38.6,30.4,38.7,0.52,13814.0,15.13,1,5,2008,0
2008-01-05,台北一,SE6 青蔥 粉蔥 ,44.1,36.3,26.3,35.9,-7.24,18887.0,36.72,1,6,2008,0
2008-01-06,台北一,SE6 青蔥 粉蔥 ,46.3,35.8,24.3,35.6,-0.84,17335.0,-8.22,1,7,2008,0
2008-01-07,台北一,SE6 青蔥 粉蔥 ,,,,,,,,1,1,2008,1
2008-01-08,台北一,SE6 青蔥 粉蔥 ,43.6,30.8,19.2,31.1,-12.64,17163.0,-0.99,1,2,2008,0
2008-01-09,台北一,SE6 青蔥 粉蔥 ,41.8,32.4,16.5,31.1,0.0,15214.0,-11.36,1,3,2008,0
2008-01-10,台北一,SE6 青蔥 粉蔥 ,37.7,21.9,14.4,23.6,-24.12,18308.0,20.34,1,4,2008,0
2008-01-11,台北一,SE6 青蔥 粉蔥 ,38.5,28.6,19.9,28.8,22.03,15166.0,-17.16,1,5,2008,0
2008-01-12,台北一,SE6 青蔥 粉蔥 ,37.7,25.7,18.3,26.6,-7.64,17424.0,14.89,1,6,2008,0
2008-01-13,台北一,SE6 青蔥 粉蔥 ,41.5,32.0,23.8,32.3,21.43,20158.0,15.69,1,7,2008,0
2008-01-14,台北一,SE6 青蔥 粉蔥 ,,,,,,,,1,1,2008,1
2008-01-15,台北一,SE6 青蔥 粉蔥 ,45.0,36.5,27.3,36.4,12.69,18869.0,-6.39,1,2,2008,0
2008-01-16,台北一,SE6 青蔥 粉蔥 ,45.0,37.1,29.7,37.2,2.2,18904.0,0.19,1,3,2008,0
2008-01-17,台北一,SE6 青蔥 粉蔥 ,48.2,39.1,31.5,39.4,5.91,18729.0,-0.93,1,4,2008,0
2008-01-18,台北一,SE6 青蔥 粉蔥 ,48.1,39.9,34.1,40.4,2.54,18446.0,-1.51,1,5,2008,0
2008-01-19,台北一,SE6 青蔥 粉蔥 ,45.3,39.1,33.6,39.2,-2.97,23834.0,29.21,1,6,2008,0
2008-01-20,台北一,SE6 青蔥 粉蔥 ,39.3,32.6,25.9,32.6,-16.84,26042.0,9.26,1,7,2008,0
2008-01-21,台北一,SE6 青蔥 粉蔥 ,,,,,,,,1,1,2008,1
2008-01-22,台北一,SE6 青蔥 粉蔥 ,38.3,32.8,25.7,32.5,-0.31,23372.0,-10.25,1,2,2008,0
2008-01-23,台北一,SE6 青蔥 粉蔥 ,37.6,29.9,22.7,30.0,-7.69,22768.0,-2.58,1,3,2008,0
2008-01-24,台北一,SE6 青蔥 粉蔥 ,34.2,28.3,20.3,27.9,-7.0,21853.0,-4.02,1,4,2008,0
2008-01-25,台北一,SE6 青蔥 粉蔥 ,31.3,25.3,19.5,25.3,-9.32,19459.0,-10.96,1,5,2008,0
2008-01-26,台北一,SE6 青蔥 粉蔥 ,31.2,23.6,19.1,24.2,-4.35,22172.0,13.94,1,6,2008,0
2008-01-27,台北一,SE6 青蔥 粉蔥 ,32.2,26.5,21.9,26.7,10.33,20200.0,-8.89,1,7,2008,0
2008-01-28,台北一,SE6 青蔥 粉蔥 ,,,,,,,,1,1,2008,1
2008-01-29,台北一,SE6 青蔥 粉蔥 ,34.4,27.9,22.9,28.2,5.62,23591.0,16.79,1,2,2008,0
2008-01-30,台北一,SE6 青蔥 粉蔥 ,37.4,30.2,22.6,30.1,6.74,21159.0,-10.31,1,3,2008,0
2008-01-31,台北一,SE6 青蔥 粉蔥 ,37.7,32.8,26.7,32.6,8.31,23560.0,11.35,1,4,2008,0
2008-02-01,台北一,SE6 青蔥 粉蔥 ,37.8,29.9,22.8,30.1,-7.67,25513.0,8.29,2,5,2008,0
2008-02-02,台北一,SE6 青蔥 粉蔥 ,37.6,29.8,23.1,30.0,-0.33,30989.0,21.46,2,6,2008,0
2008-02-03,台北一,SE6 青蔥 粉蔥 ,40.6,31.7,21.7,31.5,5.0,34903.0,12.63,2,7,2008,0
2008-02-04,台北一,SE6 青蔥 粉蔥 ,41.9,30.9,22.1,31.3,-0.63,38376.0,9.95,2,1,2008,0
2008-02-05,台北一,SE6 青蔥 粉蔥 ,44.4,36.1,29.4,36.4,16.29,41635.0,8.49,2,2,2008,0
2008-02-06,台北一,SE6 青蔥 粉蔥 ,36.9,25.3,18.2,26.2,-28.02,31028.0,-25.48,2,3,2008,0
2008-02-07,台北一,SE6 青蔥 粉蔥 ,,,,,,,,2,4,2008,1
2008-02-08,台北一,SE6 青蔥 粉蔥 ,,,,,,,,2,5,2008,1
2008-02-09,台北一,SE6 青蔥 粉蔥 ,,,,,,,,2,6,2008,1
2008-02-10,台北一,SE6 青蔥 粉蔥 ,,,,,,,,2,7,2008,1
2008-02-11,台北一,SE6 青蔥 粉蔥 ,,,,,,,,2,1,2008,1
2008-02-12,台北一,SE6 青蔥 粉蔥 ,56.2,44.3,37.8,45.4,73.28,10312.0,-66.77,2,2,2008,0
2008-02-13,台北一,SE6 青蔥 粉蔥 ,57.6,45.7,39.5,46.8,3.08,19017.0,84.42,2,3,2008,0
2008-02-14,台北一,SE6 青蔥 粉蔥 ,50.8,44.0,33.2,43.2,-7.69,19127.0,0.58,2,4,2008,0
2008-02-15,台北一,SE6 青蔥 粉蔥 ,45.9,38.5,29.3,38.1,-11.81,21054.0,10.07,2,5,2008,0
2008-02-16,台北一,SE6 青蔥 粉蔥 ,45.4,37.6,29.5,37.5,-1.57,20384.0,-3.18,2,6,2008,0
2008-02-17,台北一,SE6 青蔥 粉蔥 ,45.7,39.4,31.0,39.0,4.0,22139.0,8.61,2,7,2008,0
2008-02-18,台北一,SE6 青蔥 粉蔥 ,,,,,,,,2,1,2008,1
2008-02-19,台北一,SE6 青蔥 粉蔥 ,44.2,37.5,30.6,37.4,-4.1,23976.0,8.3,2,2,2008,0
2008-02-20,台北一,SE6 青蔥 粉蔥 ,41.0,33.7,23.3,33.1,-11.5,25633.0,6.91,2,3,2008,0
2008-02-21,台北一,SE6 青蔥 粉蔥 ,47.2,38.2,30.1,38.4,16.01,28335.0,10.54,2,4,2008,0
2008-02-22,台北一,SE6 青蔥 粉蔥 ,,,,,,,,2,5,2008,1
2008-02-23,台北一,SE6 青蔥 粉蔥 ,,,,,,,,2,6,2008,1
2008-02-24,台北一,SE6 青蔥 粉蔥 ,44.4,36.3,24.0,35.5,-7.55,28865.0,1.87,2,7,2008,0
2008-02-25,台北一,SE6 青蔥 粉蔥 ,,,,,,,,2,1,2008,1
2008-02-26,台北一,SE6 青蔥 粉蔥 ,46.3,37.8,24.9,36.9,3.94,24506.0,-15.1,2,2,2008,0
2008-02-27,台北一,SE6 青蔥 粉蔥 ,44.9,35.9,24.5,35.4,-4.07,20677.0,-15.62,2,3,2008,0
2008-02-28,台北一,SE6 青蔥 粉蔥 ,45.6,37.7,28.5,37.4,5.65,19582.0,-5.3,2,4,2008,0
2008-02-29,台北一,SE6 青蔥 粉蔥 ,50.0,42.8,34.4,42.6,13.9,18851.0,-3.73,2,5,2008,0
2008-03-01,台北一,SE6 青蔥 粉蔥 ,50.0,42.6,37.0,42.9,0.7,23254.0,23.36,3,6,2008,0
2008-03-02,台北一,SE6 青蔥 粉蔥 ,48.1,41.3,34.5,41.3,-3.73,25307.0,8.83,3,7,2008,0
2008-03-03,台北一,SE6 青蔥 粉蔥 ,,,,,,,,3,1,2008,1
2008-03-04,台北一,SE6 青蔥 粉蔥 ,43.8,38.0,32.0,38.0,-7.99,24206.0,-4.35,3,2,2008,0
2008-03-05,台北一,SE6 青蔥 粉蔥 ,42.5,36.4,31.4,36.6,-3.68,19899.0,-17.79,3,3,2008,0
2008-03-06,台北一,SE6 青蔥 粉蔥 ,41.9,36.7,30.5,36.5,-0.27,20303.0,2.03,3,4,2008,0
2008-03-07,台北一,SE6 青蔥 粉蔥 ,44.8,38.8,33.6,39.0,6.85,19008.0,-6.38,3,5,2008,0
2008-03-08,台北一,SE6 青蔥 粉蔥 ,46.6,41.4,34.6,41.0,5.13,21326.0,12.19,3,6,2008,0
2008-03-09,台北一,SE6 青蔥 粉蔥 ,53.2,47.4,39.3,46.9,14.39,20199.0,-5.28,3,7,2008,0
2008-03-10,台北一,SE6 青蔥 粉蔥 ,,,,,,,,3,1,2008,1
2008-03-11,台北一,SE6 青蔥 粉蔥 ,53.8,46.9,40.7,47.0,0.21,20074.0,-0.62,3,2,2008,0
2008-03-12,台北一,SE6 青蔥 粉蔥 ,50.7,40.9,33.6,41.4,-11.91,20782.0,3.53,3,3,2008,0
2008-03-13,台北一,SE6 青蔥 粉蔥 ,49.0,38.9,26.5,38.5,-7.0,19750.0,-4.97,3,4,2008,0
2008-03-14,台北一,SE6 青蔥 粉蔥 ,50.4,40.0,29.6,40.0,3.9,20011.0,1.32,3,5,2008,0
2008-03-15,台北一,SE6 青蔥 粉蔥 ,48.8,40.0,32.9,40.3,0.75,23654.0,18.2,3,6,2008,0
2008-03-16,台北一,SE6 青蔥 粉蔥 ,48.4,38.9,30.3,39.1,-2.98,26051.0,10.13,3,7,2008,0
2008-03-17,台北一,SE6 青蔥 粉蔥 ,,,,,,,,3,1,2008,1
2008-03-18,台北一,SE6 青蔥 粉蔥 ,49.1,38.7,30.0,39.1,0.0,24737.0,-5.04,3,2,2008,0
2008-03-19,台北一,SE6 青蔥 粉蔥 ,49.5,39.3,27.8,39.0,-0.26,20268.0,-18.07,3,3,2008,0
2008-03-20,台北一,SE6 青蔥 粉蔥 ,51.3,40.0,30.4,40.3,3.33,21144.0,4.32,3,4,2008,0
2008-03-21,台北一,SE6 青蔥 粉蔥 ,61.2,52.8,39.9,51.9,28.78,18472.0,-12.64,3,5,2008,0
2008-03-22,台北一,SE6 青蔥 粉蔥 ,59.3,52.4,43.7,52.0,0.19,21983.0,19.01,3,6,2008,0
2008-03-23,台北一,SE6 青蔥 粉蔥 ,52.4,43.8,36.3,44.0,-15.38,26821.0,22.01,3,7,2008,0
2008-03-24,台北一,SE6 青蔥 粉蔥 ,,,,,,,,3,1,2008,1
2008-03-25,台北一,SE6 青蔥 粉蔥 ,53.7,47.5,41.7,47.6,8.18,22146.0,-17.43,3,2,2008,0
2008-03-26,台北一,SE6 青蔥 粉蔥 ,51.5,45.6,39.9,45.6,-4.2,21395.0,-3.39,3,3,2008,0
2008-03-27,台北一,SE6 青蔥 粉蔥 ,48.7,43.1,37.7,43.2,-5.26,21744.0,1.63,3,4,2008,0
2008-03-28,台北一,SE6 青蔥 粉蔥 ,49.6,39.3,31.2,39.7,-8.1,25189.0,15.84,3,5,2008,0
2008-03-29,台北一,SE6 青蔥 粉蔥 ,44.1,37.2,29.8,37.1,-6.55,26317.0,4.48,3,6,2008,0
2008-03-30,台北一,SE6 青蔥 粉蔥 ,40.7,32.8,25.8,33.0,-11.05,29458.0,11.94,3,7,2008,0
2008-03-31,台北一,SE6 青蔥 粉蔥 ,,,,,,,,3,1,2008,1
2008-04-01,台北一,SE6 青蔥 粉蔥 ,37.9,30.9,23.6,30.8,-6.67,26003.0,-11.73,4,2,2008,0
2008-04-02,台北一,SE6 青蔥 粉蔥 ,38.3,29.6,22.7,30.0,-2.6,26041.0,0.15,4,3,2008,0
2008-04-03,台北一,SE6 青蔥 粉蔥 ,50.2,42.2,33.9,42.1,40.33,27818.0,6.82,4,4,2008,0
2008-04-04,台北一,SE6 青蔥 粉蔥 ,,,,,,,,4,5,2008,1
2008-04-05,台北一,SE6 青蔥 粉蔥 ,,,,,,,,4,6,2008,1
2008-04-06,台北一,SE6 青蔥 粉蔥 ,54.1,46.6,40.7,46.9,11.4,27212.0,-2.18,4,7,2008,0
2008-04-07,台北一,SE6 青蔥 粉蔥 ,42.5,36.6,30.8,36.6,-21.96,21932.0,-19.4,4,1,2008,0
2008-04-08,台北一,SE6 青蔥 粉蔥 ,36.6,28.8,22.4,29.1,-20.49,28754.0,31.11,4,2,2008,0
2008-04-09,台北一,SE6 青蔥 粉蔥 ,29.0,25.3,17.0,24.4,-16.15,27300.0,-5.06,4,3,2008,0
2008-04-10,台北一,SE6 青蔥 粉蔥 ,28.6,24.6,18.4,24.1,-1.23,22802.0,-16.48,4,4,2008,0
2008-04-11,台北一,SE6 青蔥 粉蔥 ,28.0,22.1,16.5,22.1,-8.3,26294.0,15.31,4,5,2008,0
2008-04-12,台北一,SE6 青蔥 粉蔥 ,28.8,22.5,15.8,22.4,1.36,27801.0,5.73,4,6,2008,0
2008-04-13,台北一,SE6 青蔥 粉蔥 ,28.9,22.7,16.6,22.7,1.34,30358.0,9.2,4,7,2008,0
2008-04-14,台北一,SE6 青蔥 粉蔥 ,,,,,,,,4,1,2008,1
2008-04-15,台北一,SE6 青蔥 粉蔥 ,30.0,24.0,17.5,23.9,5.29,28193.0,-7.13,4,2,2008,0
2008-04-16,台北一,SE6 青蔥 粉蔥 ,31.8,25.5,19.2,25.5,6.69,23842.0,-15.43,4,3,2008,0
2008-04-17,台北一,SE6 青蔥 粉蔥 ,29.7,21.5,15.8,22.0,-13.73,25361.0,6.37,4,4,2008,0
2008-04-18,台北一,SE6 青蔥 粉蔥 ,29.1,22.9,15.5,22.7,3.18,23816.0,-6.09,4,5,2008,0
2008-04-19,台北一,SE6 青蔥 粉蔥 ,31.2,23.8,15.3,23.6,3.96,26799.0,12.53,4,6,2008,0
2008-04-20,台北一,SE6 青蔥 粉蔥 ,30.5,24.5,17.2,24.2,2.54,28022.0,4.56,4,7,2008,0
2008-04-21,台北一,SE6 青蔥 粉蔥 ,,,,,,,,4,1,2008,1
2008-04-22,台北一,SE6 青蔥 粉蔥 ,29.4,23.2,17.1,23.2,-4.13,26935.0,-3.88,4,2,2008,0
2008-04-23,台北一,SE6 青蔥 粉蔥 ,28.0,21.8,16.1,21.9,-5.6,24804.0,-7.91,4,3,2008,0
2008-04-24,台北一,SE6 青蔥 粉蔥 ,25.6,21.0,16.1,20.9,-4.57,21833.0,-11.98,4,4,2008,0
2008-04-25,台北一,SE6 青蔥 粉蔥 ,29.9,23.7,17.5,23.7,13.4,20044.0,-8.19,4,5,2008,0
2008-04-26,台北一,SE6 青蔥 粉蔥 ,34.4,28.0,22.9,28.2,18.99,22888.0,14.19,4,6,2008,0
2008-04-27,台北一,SE6 青蔥 粉蔥 ,38.5,33.0,27.7,33.0,17.02,23961.0,4.69,4,7,2008,0
2008-04-28,台北一,SE6 青蔥 粉蔥 ,,,,,,,,4,1,2008,1
2008-04-29,台北一,SE6 青蔥 粉蔥 ,38.0,30.0,22.1,30.0,-9.09,26235.0,9.49,4,2,2008,0
2008-04-30,台北一,SE6 青蔥 粉蔥 ,33.5,26.7,18.2,26.4,-12.0,24770.0,-5.58,4,3,2008,0
2008-05-01,台北一,SE6 青蔥 粉蔥 ,33.2,26.6,19.7,26.5,0.38,23334.0,-5.8,5,4,2008,0
2008-05-02,台北一,SE6 青蔥 粉蔥 ,32.9,23.8,17.6,24.4,-7.92,25925.0,11.1,5,5,2008,0
2008-05-03,台北一,SE6 青蔥 粉蔥 ,29.0,22.1,14.6,22.0,-9.84,26861.0,3.61,5,6,2008,0
2008-05-04,台北一,SE6 青蔥 粉蔥 ,26.8,19.9,13.9,20.1,-8.64,27649.0,2.93,5,7,2008,0
2008-05-05,台北一,SE6 青蔥 粉蔥 ,,,,,,,,5,1,2008,1
2008-05-06,台北一,SE6 青蔥 粉蔥 ,28.1,20.6,14.7,20.9,3.98,24916.0,-9.88,5,2,2008,0
2008-05-07,台北一,SE6 青蔥 粉蔥 ,27.4,19.3,14.3,19.9,-4.78,24056.0,-3.45,5,3,2008,0
2008-05-08,台北一,SE6 青蔥 粉蔥 ,27.5,19.6,13.7,20.0,0.5,24062.0,0.02,5,4,2008,0
2008-05-09,台北一,SE6 青蔥 粉蔥 ,28.9,20.9,15.2,21.4,7.0,24397.0,1.39,5,5,2008,0
2008-05-10,台北一,SE6 青蔥 粉蔥 ,36.3,29.0,19.1,28.5,33.18,21612.0,-11.42,5,6,2008,0
2008-05-11,台北一,SE6 青蔥 粉蔥 ,35.8,28.6,19.9,28.3,-0.7,23597.0,9.18,5,7,2008,0
2008-05-12,台北一,SE6 青蔥 粉蔥 ,,,,,,,,5,1,2008,1
2008-05-13,台北一,SE6 青蔥 粉蔥 ,32.4,25.9,19.9,26.0,-8.13,24316.0,3.05,5,2,2008,0
2008-05-14,台北一,SE6 青蔥 粉蔥 ,34.0,27.0,20.4,27.1,4.23,21336.0,-12.26,5,3,2008,0
2008-05-15,台北一,SE6 青蔥 粉蔥 ,34.6,27.7,22.5,28.0,3.32,21120.0,-1.01,5,4,2008,0
2008-05-16,台北一,SE6 青蔥 粉蔥 ,37.4,31.0,24.6,31.0,10.71,21223.0,0.49,5,5,2008,0
2008-05-17,台北一,SE6 青蔥 粉蔥 ,33.6,27.1,22.8,27.5,-11.29,25189.0,18.69,5,6,2008,0
2008-05-18,台北一,SE6 青蔥 粉蔥 ,31.1,24.0,19.5,24.5,-10.91,27427.0,8.88,5,7,2008,0
2008-05-19,台北一,SE6 青蔥 粉蔥 ,,,,,,,,5,1,2008,1
2008-05-20,台北一,SE6 青蔥 粉蔥 ,29.5,23.2,17.8,23.4,-4.49,25909.0,-5.53,5,2,2008,0
2008-05-21,台北一,SE6 青蔥 粉蔥 ,29.9,22.7,18.7,23.3,-0.43,21131.0,-18.44,5,3,2008,0
2008-05-22,台北一,SE6 青蔥 粉蔥 ,29.2,21.9,15.1,22.0,-5.58,22990.0,8.8,5,4,2008,0
2008-05-23,台北一,SE6 青蔥 粉蔥 ,32.2,23.7,16.7,24.0,9.09,19374.0,-15.73,5,5,2008,0
2008-05-24,台北一,SE6 青蔥 粉蔥 ,30.2,24.1,17.9,24.1,0.42,24601.0,26.98,5,6,2008,0
2008-05-25,台北一,SE6 青蔥 粉蔥 ,29.7,22.1,15.1,22.2,-7.88,27082.0,10.08,5,7,2008,0
2008-05-26,台北一,SE6 青蔥 粉蔥 ,,,,,,,,5,1,2008,1
2008-05-27,台北一,SE6 青蔥 粉蔥 ,27.9,20.1,12.6,20.2,-9.01,25948.0,-4.19,5,2,2008,0
2008-05-28,台北一,SE6 青蔥 粉蔥 ,25.0,19.2,13.2,19.2,-4.95,25229.0,-2.77,5,3,2008,0
2008-05-29,台北一,SE6 青蔥 粉蔥 ,24.6,18.9,10.9,18.5,-3.65,24231.0,-3.96,5,4,2008,0
2008-05-30,台北一,SE6 青蔥 粉蔥 ,25.2,20.0,13.2,19.7,6.49,20526.0,-15.29,5,5,2008,0
2008-05-31,台北一,SE6 青蔥 粉蔥 ,24.9,18.5,13.1,18.7,-5.08,23819.0,16.04,5,6,2008,0
2008-06-01,台北一,SE6 青蔥 粉蔥 ,26.0,20.4,14.0,20.3,8.56,25025.0,5.06,6,7,2008,0
2008-06-02,台北一,SE6 青蔥 粉蔥 ,,,,,,,,6,1,2008,1
2008-06-03,台北一,SE6 青蔥 粉蔥 ,28.2,22.5,16.7,22.4,10.34,25834.0,3.23,6,2,2008,0
2008-06-04,台北一,SE6 青蔥 粉蔥 ,29.3,24.1,18.2,24.0,7.14,18390.0,-28.81,6,3,2008,0
2008-06-05,台北一,SE6 青蔥 粉蔥 ,38.6,29.4,21.1,29.6,23.33,20376.0,10.8,6,4,2008,0
2008-06-06,台北一,SE6 青蔥 粉蔥 ,34.7,28.4,15.4,27.0,-8.78,27911.0,36.98,6,5,2008,0
2008-06-07,台北一,SE6 青蔥 粉蔥 ,27.4,21.2,11.8,20.6,-23.7,32853.0,17.71,6,6,2008,0
2008-06-08,台北一,SE6 青蔥 粉蔥 ,25.1,16.3,7.8,16.3,-20.87,33326.0,1.44,6,7,2008,0
2008-06-09,台北一,SE6 青蔥 粉蔥 ,,,,,,,,6,1,2008,1
2008-06-10,台北一,SE6 青蔥 粉蔥 ,,,,,,,,6,2,2008,1
2008-06-11,台北一,SE6 青蔥 粉蔥 ,26.4,17.1,6.4,16.8,3.07,19682.0,-40.94,6,3,2008,0
2008-06-12,台北一,SE6 青蔥 粉蔥 ,26.5,18.1,10.5,18.3,8.93,18533.0,-5.84,6,4,2008,0
2008-06-13,台北一,SE6 青蔥 粉蔥 ,26.9,19.4,11.3,19.3,5.46,20875.0,12.64,6,5,2008,0
2008-06-14,台北一,SE6 青蔥 粉蔥 ,27.9,22.0,13.1,21.4,10.88,19817.0,-5.07,6,6,2008,0
2008-06-15,台北一,SE6 青蔥 粉蔥 ,28.3,22.9,16.0,22.6,5.61,20380.0,2.84,6,7,2008,0
2008-06-16,台北一,SE6 青蔥 粉蔥 ,,,,,,,,6,1,2008,1
2008-06-17,台北一,SE6 青蔥 粉蔥 ,25.8,20.4,14.2,20.3,-10.18,21989.0,7.89,6,2,2008,0
2008-06-18,台北一,SE6 青蔥 粉蔥 ,25.3,19.9,13.1,19.6,-3.45,18468.0,-16.01,6,3,2008,0
2008-06-19,台北一,SE6 青蔥 粉蔥 ,25.5,19.3,12.5,19.2,-2.04,16687.0,-9.64,6,4,2008,0
2008-06-20,台北一,SE6 青蔥 粉蔥 ,27.1,21.0,14.1,20.8,8.33,15074.0,-9.67,6,5,2008,0
2008-06-21,台北一,SE6 青蔥 粉蔥 ,28.6,19.9,13.6,20.4,-1.92,16752.0,11.13,6,6,2008,0
2008-06-22,台北一,SE6 青蔥 粉蔥 ,34.1,27.2,19.8,27.1,32.84,14338.0,-14.41,6,7,2008,0
2008-06-23,台北一,SE6 青蔥 粉蔥 ,,,,,,,,6,1,2008,1
2008-06-24,台北一,SE6 青蔥 粉蔥 ,35.0,30.2,23.8,29.9,10.33,13301.0,-7.23,6,2,2008,0
2008-06-25,台北一,SE6 青蔥 粉蔥 ,28.3,20.4,14.9,20.9,-30.1,13614.0,2.35,6,3,2008,0
2008-06-26,台北一,SE6 青蔥 粉蔥 ,22.9,14.8,9.9,15.4,-26.32,12035.0,-11.6,6,4,2008,0
2008-06-27,台北一,SE6 青蔥 粉蔥 ,21.0,12.8,9.0,13.7,-11.04,12268.0,1.94,6,5,2008,0
2008-06-28,台北一,SE6 青蔥 粉蔥 ,26.8,18.8,11.0,18.8,37.23,7996.0,-34.82,6,6,2008,0
2008-06-29,台北一,SE6 青蔥 粉蔥 ,27.0,19.5,13.7,19.8,5.32,9392.0,17.46,6,7,2008,0
2008-06-30,台北一,SE6 青蔥 粉蔥 ,,,,,,,,6,1,2008,1
2008-07-01,台北一,SE6 青蔥 粉蔥 ,28.2,21.4,15.4,21.5,8.59,9757.0,3.89,7,2,2008,0
2008-07-02,台北一,SE6 青蔥 粉蔥 ,28.1,21.0,16.4,21.5,0.0,10012.0,2.61,7,3,2008,0
2008-07-03,台北一,SE6 青蔥 粉蔥 ,24.9,20.3,16.0,20.3,-5.58,8873.0,-11.38,7,4,2008,0
2008-07-04,台北一,SE6 青蔥 粉蔥 ,25.2,18.5,13.9,18.9,-6.9,10177.0,14.7,7,5,2008,0
2008-07-05,台北一,SE6 青蔥 粉蔥 ,24.3,17.1,12.5,17.6,-6.88,10849.0,6.6,7,6,2008,0
2008-07-06,台北一,SE6 青蔥 粉蔥 ,21.8,15.5,8.9,15.4,-12.5,10435.0,-3.82,7,7,2008,0
2008-07-07,台北一,SE6 青蔥 粉蔥 ,,,,,,,,7,1,2008,1
2008-07-08,台北一,SE6 青蔥 粉蔥 ,21.5,16.5,11.6,16.5,7.14,6693.0,-35.86,7,2,2008,0
2008-07-09,台北一,SE6 青蔥 粉蔥 ,26.0,21.8,14.1,21.1,27.88,5772.0,-13.76,7,3,2008,0
2008-07-10,台北一,SE6 青蔥 粉蔥 ,26.5,22.7,16.6,22.2,5.21,5524.0,-4.3,7,4,2008,0
2008-07-11,台北一,SE6 青蔥 粉蔥 ,27.4,19.6,15.7,20.4,-8.11,5143.0,-6.9,7,5,2008,0
2008-07-12,台北一,SE6 青蔥 粉蔥 ,28.1,21.8,14.9,21.7,6.37,5206.0,1.22,7,6,2008,0
2008-07-13,台北一,SE6 青蔥 粉蔥 ,29.4,23.6,16.5,23.3,7.37,6097.0,17.11,7,7,2008,0
2008-07-14,台北一,SE6 青蔥 粉蔥 ,,,,,,,,7,1,2008,1
2008-07-15,台北一,SE6 青蔥 粉蔥 ,36.2,29.1,22.3,29.1,24.89,5466.0,-10.35,7,2,2008,0
2008-07-16,台北一,SE6 青蔥 粉蔥 ,39.2,31.3,22.9,31.2,7.22,5677.0,3.86,7,3,2008,0
2008-07-17,台北一,SE6 青蔥 粉蔥 ,34.5,29.5,24.4,29.5,-5.45,6408.0,12.88,7,4,2008,0
2008-07-18,台北一,SE6 青蔥 粉蔥 ,34.5,27.6,21.1,27.7,-6.1,6232.0,-2.75,7,5,2008,0
2008-07-19,台北一,SE6 青蔥 粉蔥 ,44.7,42.0,33.9,40.9,47.65,3740.0,-39.99,7,6,2008,0
2008-07-20,台北一,SE6 青蔥 粉蔥 ,30.0,27.4,16.4,25.7,-37.16,4894.0,30.86,7,7,2008,0
2008-07-21,台北一,SE6 青蔥 粉蔥 ,,,,,,,,7,1,2008,1
2008-07-22,台北一,SE6 青蔥 粉蔥 ,32.9,21.2,11.2,21.6,-15.95,4559.0,-6.85,7,2,2008,0
2008-07-23,台北一,SE6 青蔥 粉蔥 ,34.2,24.6,9.8,23.5,8.8,3445.0,-24.44,7,3,2008,0
2008-07-24,台北一,SE6 青蔥 粉蔥 ,34.0,30.3,20.0,28.9,22.98,2633.0,-23.57,7,4,2008,0
2008-07-25,台北一,SE6 青蔥 粉蔥 ,43.8,38.2,31.0,37.9,31.14,2300.0,-12.65,7,5,2008,0
2008-07-26,台北一,SE6 青蔥 粉蔥 ,56.1,51.5,41.4,50.4,32.98,2813.0,22.3,7,6,2008,0
2008-07-27,台北一,SE6 青蔥 粉蔥 ,54.1,50.0,41.9,49.2,-2.38,4383.0,55.81,7,7,2008,0
2008-07-28,台北一,SE6 青蔥 粉蔥 ,,,,,,,,7,1,2008,1
2008-07-29,台北一,SE6 青蔥 粉蔥 ,66.3,55.8,43.1,55.4,12.6,2238.0,-48.94,7,2,2008,0
2008-07-30,台北一,SE6 青蔥 粉蔥 ,48.1,38.6,29.5,38.7,-30.14,1599.0,-28.55,7,3,2008,0
2008-07-31,台北一,SE6 青蔥 粉蔥 ,35.4,27.3,15.1,26.5,-31.52,2304.0,44.09,7,4,2008,0
2008-08-01,台北一,SE6 青蔥 粉蔥 ,35.0,23.5,6.6,22.4,-15.47,2618.0,13.63,8,5,2008,0
2008-08-02,台北一,SE6 青蔥 粉蔥 ,35.1,25.0,9.8,24.0,7.14,2612.0,-0.23,8,6,2008,0
2008-08-03,台北一,SE6 青蔥 粉蔥 ,32.9,27.2,16.9,26.3,9.58,1678.0,-35.76,8,7,2008,0
2008-08-04,台北一,SE6 青蔥 粉蔥 ,,,,,,,,8,1,2008,1
2008-08-05,台北一,SE6 青蔥 粉蔥 ,51.4,37.7,24.1,37.7,43.35,1487.0,-11.38,8,2,2008,0
2008-08-06,台北一,SE6 青蔥 粉蔥 ,66.6,50.9,46.3,53.1,40.85,1295.0,-12.91,8,3,2008,0
2008-08-07,台北一,SE6 青蔥 粉蔥 ,53.9,42.8,36.0,43.6,-17.89,776.0,-40.08,8,4,2008,0
2008-08-08,台北一,SE6 青蔥 粉蔥 ,55.5,42.9,30.0,42.9,-1.61,1578.0,103.35,8,5,2008,0
2008-08-09,台北一,SE6 青蔥 粉蔥 ,55.1,40.7,30.3,41.5,-3.26,1863.0,18.06,8,6,2008,0
2008-08-10,台北一,SE6 青蔥 粉蔥 ,47.7,34.7,25.6,35.4,-14.7,1498.0,-19.59,8,7,2008,0
2008-08-11,台北一,SE6 青蔥 粉蔥 ,,,,,,,,8,1,2008,1
2008-08-12,台北一,SE6 青蔥 粉蔥 ,54.8,39.5,27.5,40.2,13.56,1219.0,-18.62,8,2,2008,0
2008-08-13,台北一,SE6 青蔥 粉蔥 ,42.5,31.7,18.7,31.3,-22.14,1632.0,33.88,8,3,2008,0
2008-08-14,台北一,SE6 青蔥 粉蔥 ,35.0,32.5,24.0,31.3,0.0,1363.0,-16.48,8,4,2008,0
2008-08-15,台北一,SE6 青蔥 粉蔥 ,55.0,40.2,23.1,39.7,26.84,883.0,-35.22,8,5,2008,0
2008-08-16,台北一,SE6 青蔥 粉蔥 ,53.0,41.1,20.8,39.4,-0.76,557.0,-36.92,8,6,2008,0
2008-08-17,台北一,SE6 青蔥 粉蔥 ,100.0,92.1,81.6,91.6,132.49,292.0,-47.58,8,7,2008,0
2008-08-18,台北一,SE6 青蔥 粉蔥 ,,,,,,,,8,1,2008,1
2008-08-19,台北一,SE6 青蔥 粉蔥 ,,,,,,,,8,2,2008,1
2008-08-20,台北一,SE6 青蔥 粉蔥 ,62.1,45.8,31.8,46.3,-49.45,768.0,163.01,8,3,2008,0
2008-08-21,台北一,SE6 青蔥 粉蔥 ,55.0,45.5,27.9,43.9,-5.18,850.0,10.68,8,4,2008,0
2008-08-22,台北一,SE6 青蔥 粉蔥 ,45.9,34.2,19.5,33.6,-23.46,715.0,-15.88,8,5,2008,0
2008-08-23,台北一,SE6 青蔥 粉蔥 ,40.0,27.7,19.1,28.4,-15.48,658.0,-7.97,8,6,2008,0
2008-08-24,台北一,SE6 青蔥 粉蔥 ,48.2,37.1,21.0,36.1,27.11,467.0,-29.03,8,7,2008,0
2008-08-25,台北一,SE6 青蔥 粉蔥 ,,,,,,,,8,1,2008,1
2008-08-26,台北一,SE6 青蔥 粉蔥 ,45.0,39.6,23.2,37.4,3.6,556.0,19.06,8,2,2008,0
2008-08-27,台北一,SE6 青蔥 粉蔥 ,48.8,40.0,32.8,40.3,7.75,712.0,28.06,8,3,2008,0
2008-08-28,台北一,SE6 青蔥 粉蔥 ,49.0,32.0,21.9,33.4,-17.12,1277.0,79.35,8,4,2008,0
2008-08-29,台北一,SE6 青蔥 粉蔥 ,52.4,38.0,29.1,39.1,17.07,1021.0,-20.05,8,5,2008,0
2008-08-30,台北一,SE6 青蔥 粉蔥 ,55.9,35.7,31.2,38.8,-0.77,508.0,-50.24,8,6,2008,0
2008-08-31,台北一,SE6 青蔥 粉蔥 ,61.7,40.6,24.0,41.5,6.96,444.0,-12.6,8,7,2008,0
2008-09-01,台北一,SE6 青蔥 粉蔥 ,,,,,,,,9,1,2008,1
2008-09-02,台北一,SE6 青蔥 粉蔥 ,63.0,46.3,37.0,47.8,15.18,345.0,-22.3,9,2,2008,0
2008-09-03,台北一,SE6 青蔥 粉蔥 ,70.0,68.5,46.7,64.4,34.73,1111.0,222.03,9,3,2008,0
2008-09-04,台北一,SE6 青蔥 粉蔥 ,70.0,65.2,55.0,64.1,-0.47,1601.0,44.1,9,4,2008,0
2008-09-05,台北一,SE6 青蔥 粉蔥 ,70.0,68.3,58.2,66.6,3.9,1133.0,-29.23,9,5,2008,0
2008-09-06,台北一,SE6 青蔥 粉蔥 ,63.1,53.2,38.9,52.3,-21.47,2086.0,84.11,9,6,2008,0
2008-09-07,台北一,SE6 青蔥 粉蔥 ,52.5,44.7,26.1,42.6,-18.55,1801.0,-13.66,9,7,2008,0
2008-09-08,台北一,SE6 青蔥 粉蔥 ,,,,,,,,9,1,2008,1
2008-09-09,台北一,SE6 青蔥 粉蔥 ,46.2,34.7,21.6,34.4,-19.25,1844.0,2.39,9,2,2008,0
2008-09-10,台北一,SE6 青蔥 粉蔥 ,54.0,43.2,35.3,43.8,27.33,852.0,-53.8,9,3,2008,0
2008-09-11,台北一,SE6 青蔥 粉蔥 ,50.7,42.0,36.0,42.5,-2.97,951.0,11.62,9,4,2008,0
2008-09-12,台北一,SE6 青蔥 粉蔥 ,56.6,42.5,32.5,43.3,1.88,2894.0,204.31,9,5,2008,0
2008-09-13,台北一,SE6 青蔥 粉蔥 ,53.1,41.1,30.6,41.4,-4.39,3339.0,15.38,9,6,2008,0
2008-09-14,台北一,SE6 青蔥 粉蔥 ,46.9,35.4,22.0,35.0,-15.46,1214.0,-63.64,9,7,2008,0
2008-09-15,台北一,SE6 青蔥 粉蔥 ,,,,,,,,9,1,2008,1
2008-09-16,台北一,SE6 青蔥 粉蔥 ,,,,,,,,9,2,2008,1
2008-09-17,台北一,SE6 青蔥 粉蔥 ,78.0,75.1,44.0,69.5,98.57,884.0,-27.18,9,3,2008,0
2008-09-18,台北一,SE6 青蔥 粉蔥 ,86.4,79.2,58.1,76.4,9.93,988.0,11.76,9,4,2008,0
2008-09-19,台北一,SE6 青蔥 粉蔥 ,76.9,50.5,32.0,52.1,-31.81,1892.0,91.5,9,5,2008,0
2008-09-20,台北一,SE6 青蔥 粉蔥 ,91.1,58.0,32.0,59.4,14.01,2318.0,22.52,9,6,2008,0
2008-09-21,台北一,SE6 青蔥 粉蔥 ,125.7,91.6,43.5,88.8,49.49,2339.0,0.91,9,7,2008,0
2008-09-22,台北一,SE6 青蔥 粉蔥 ,,,,,,,,9,1,2008,1
2008-09-23,台北一,SE6 青蔥 粉蔥 ,111.2,87.4,51.5,85.0,-4.28,4049.0,73.11,9,2,2008,0
2008-09-24,台北一,SE6 青蔥 粉蔥 ,96.2,68.1,44.5,69.0,-18.82,3884.0,-4.08,9,3,2008,0
2008-09-25,台北一,SE6 青蔥 粉蔥 ,86.9,59.4,36.3,60.3,-12.61,2749.0,-29.22,9,4,2008,0
2008-09-26,台北一,SE6 青蔥 粉蔥 ,91.7,63.7,29.4,62.4,3.48,3239.0,17.82,9,5,2008,0
2008-09-27,台北一,SE6 青蔥 粉蔥 ,104.1,82.7,52.2,80.9,29.65,4414.0,36.28,9,6,2008,0
2008-09-28,台北一,SE6 青蔥 粉蔥 ,112.6,101.2,65.4,96.3,19.04,4904.0,11.1,9,7,2008,0
2008-09-29,台北一,SE6 青蔥 粉蔥 ,,,,,,,,9,1,2008,1
2008-09-30,台北一,SE6 青蔥 粉蔥 ,116.8,96.6,68.8,95.1,-1.25,1541.0,-68.58,9,2,2008,0
2008-10-01,台北一,SE6 青蔥 粉蔥 ,105.0,79.4,37.3,76.1,-19.98,1621.0,5.19,10,3,2008,0
2008-10-02,台北一,SE6 青蔥 粉蔥 ,92.4,55.5,15.0,54.8,-27.99,1299.0,-19.86,10,4,2008,0
2008-10-03,台北一,SE6 青蔥 粉蔥 ,139.5,111.9,62.4,107.5,96.17,893.0,-31.25,10,5,2008,0
2008-10-04,台北一,SE6 青蔥 粉蔥 ,134.3,88.4,53.8,90.6,-15.72,1064.0,19.15,10,6,2008,0
2008-10-05,台北一,SE6 青蔥 粉蔥 ,140.6,107.8,43.9,101.6,12.14,1786.0,67.86,10,7,2008,0
2008-10-06,台北一,SE6 青蔥 粉蔥 ,,,,,,,,10,1,2008,1
2008-10-07,台北一,SE6 青蔥 粉蔥 ,192.1,154.2,108.5,152.6,50.2,1943.0,8.79,10,2,2008,0
2008-10-08,台北一,SE6 青蔥 粉蔥 ,291.6,210.3,130.6,210.6,38.01,948.0,-51.21,10,3,2008,0
2008-10-09,台北一,SE6 青蔥 粉蔥 ,221.8,149.2,86.2,151.1,-28.25,1360.0,43.46,10,4,2008,0
2008-10-10,台北一,SE6 青蔥 粉蔥 ,195.8,127.5,50.0,125.7,-16.81,1890.0,38.97,10,5,2008,0
2008-10-11,台北一,SE6 青蔥 粉蔥 ,166.8,122.4,48.8,116.5,-7.32,1811.0,-4.18,10,6,2008,0
2008-10-12,台北一,SE6 青蔥 粉蔥 ,151.9,116.5,40.6,108.4,-6.95,1658.0,-8.45,10,7,2008,0
2008-10-13,台北一,SE6 青蔥 粉蔥 ,,,,,,,,10,1,2008,1
2008-10-14,台北一,SE6 青蔥 粉蔥 ,178.4,128.1,59.1,124.3,14.67,1688.0,1.81,10,2,2008,0
2008-10-15,台北一,SE6 青蔥 粉蔥 ,169.8,96.0,50.0,101.5,-18.34,1930.0,14.34,10,3,2008,0
2008-10-16,台北一,SE6 青蔥 粉蔥 ,166.2,105.4,49.3,106.3,4.73,1638.0,-15.13,10,4,2008,0
2008-10-17,台北一,SE6 青蔥 粉蔥 ,187.0,113.1,50.0,115.3,8.47,2064.0,26.01,10,5,2008,0
2008-10-18,台北一,SE6 青蔥 粉蔥 ,181.5,123.2,51.0,120.4,4.42,1659.0,-19.62,10,6,2008,0
2008-10-19,台北一,SE6 青蔥 粉蔥 ,210.8,133.8,55.3,133.5,10.88,2000.0,20.55,10,7,2008,0
2008-10-20,台北一,SE6 青蔥 粉蔥 ,,,,,,,,10,1,2008,1
2008-10-21,台北一,SE6 青蔥 粉蔥 ,188.8,109.1,62.2,115.6,-13.41,2037.0,1.85,10,2,2008,0
2008-10-22,台北一,SE6 青蔥 粉蔥 ,146.7,104.7,56.2,103.4,-10.55,3602.0,76.83,10,3,2008,0
2008-10-23,台北一,SE6 青蔥 粉蔥 ,161.4,100.9,52.6,103.3,-0.1,2774.0,-22.99,10,4,2008,0
2008-10-24,台北一,SE6 青蔥 粉蔥 ,170.0,111.3,50.1,110.8,7.26,2132.0,-23.14,10,5,2008,0
2008-10-25,台北一,SE6 青蔥 粉蔥 ,130.8,66.2,34.0,72.7,-34.39,2238.0,4.97,10,6,2008,0
2008-10-26,台北一,SE6 青蔥 粉蔥 ,149.9,116.7,42.5,108.5,49.24,3574.0,59.7,10,7,2008,0
2008-10-27,台北一,SE6 青蔥 粉蔥 ,,,,,,,,10,1,2008,1
2008-10-28,台北一,SE6 青蔥 粉蔥 ,162.3,133.7,77.7,128.2,18.16,2449.0,-31.48,10,2,2008,0
2008-10-29,台北一,SE6 青蔥 粉蔥 ,148.5,131.3,89.6,126.4,-1.4,3246.0,32.54,10,3,2008,0
2008-10-30,台北一,SE6 青蔥 粉蔥 ,150.0,129.3,81.1,123.8,-2.06,3119.0,-3.91,10,4,2008,0
2008-10-31,台北一,SE6 青蔥 粉蔥 ,141.8,106.1,70.8,106.2,-14.22,4564.0,46.33,10,5,2008,0
2008-11-01,台北一,SE6 青蔥 粉蔥 ,168.9,120.3,69.1,119.8,12.81,2644.0,-42.07,11,6,2008,0
2008-11-02,台北一,SE6 青蔥 粉蔥 ,157.3,89.5,49.1,95.0,-20.7,2896.0,9.53,11,7,2008,0
2008-11-03,台北一,SE6 青蔥 粉蔥 ,,,,,,,,11,1,2008,1
2008-11-04,台北一,SE6 青蔥 粉蔥 ,132.6,89.6,49.2,90.1,-5.16,3215.0,11.02,11,2,2008,0
2008-11-05,台北一,SE6 青蔥 粉蔥 ,121.3,82.4,43.7,82.5,-8.44,3343.0,3.98,11,3,2008,0
2008-11-06,台北一,SE6 青蔥 粉蔥 ,112.3,87.8,46.9,84.5,2.42,2493.0,-25.43,11,4,2008,0
2008-11-07,台北一,SE6 青蔥 粉蔥 ,121.2,94.9,48.5,90.9,7.57,2432.0,-2.45,11,5,2008,0
2008-11-08,台北一,SE6 青蔥 粉蔥 ,118.4,88.8,57.6,88.5,-2.64,3368.0,38.49,11,6,2008,0
2008-11-09,台北一,SE6 青蔥 粉蔥 ,114.0,96.0,74.3,95.3,7.68,2226.0,-33.91,11,7,2008,0
2008-11-10,台北一,SE6 青蔥 粉蔥 ,,,,,,,,11,1,2008,1
2008-11-11,台北一,SE6 青蔥 粉蔥 ,116.8,103.5,86.1,102.7,7.76,2651.0,19.09,11,2,2008,0
2008-11-12,台北一,SE6 青蔥 粉蔥 ,121.3,109.7,82.4,106.5,3.7,2949.0,11.24,11,3,2008,0
2008-11-13,台北一,SE6 青蔥 粉蔥 ,124.8,117.3,98.1,115.0,7.98,3387.0,14.85,11,4,2008,0
2008-11-14,台北一,SE6 青蔥 粉蔥 ,120.5,105.2,76.1,102.5,-10.87,2987.0,-11.81,11,5,2008,0
2008-11-15,台北一,SE6 青蔥 粉蔥 ,121.1,104.1,81.6,103.0,0.49,3360.0,12.49,11,6,2008,0
2008-11-16,台北一,SE6 青蔥 粉蔥 ,112.7,96.4,71.4,94.7,-8.06,4875.0,45.09,11,7,2008,0
2008-11-17,台北一,SE6 青蔥 粉蔥 ,,,,,,,,11,1,2008,1
2008-11-18,台北一,SE6 青蔥 粉蔥 ,114.0,94.7,76.6,94.9,0.21,3793.0,-22.19,11,2,2008,0
2008-11-19,台北一,SE6 青蔥 粉蔥 ,110.2,95.9,81.3,95.8,0.95,4445.0,17.19,11,3,2008,0
2008-11-20,台北一,SE6 青蔥 粉蔥 ,110.7,95.2,80.3,95.3,-0.52,3959.0,-10.93,11,4,2008,0
2008-11-21,台北一,SE6 青蔥 粉蔥 ,106.8,93.4,87.1,94.8,-0.52,3277.0,-17.23,11,5,2008,0
2008-11-22,台北一,SE6 青蔥 粉蔥 ,103.0,89.8,80.0,90.5,-4.54,6131.0,87.09,11,6,2008,0
2008-11-23,台北一,SE6 青蔥 粉蔥 ,105.7,93.6,82.2,93.8,3.65,7407.0,20.81,11,7,2008,0
2008-11-24,台北一,SE6 青蔥 粉蔥 ,,,,,,,,11,1,2008,1
2008-11-25,台北一,SE6 青蔥 粉蔥 ,103.0,90.9,79.9,91.1,-2.88,6543.0,-11.66,11,2,2008,0
2008-11-26,台北一,SE6 青蔥 粉蔥 ,98.2,87.2,71.5,86.2,-5.38,6954.0,6.28,11,3,2008,0
2008-11-27,台北一,SE6 青蔥 粉蔥 ,103.2,83.2,53.6,81.3,-5.68,6118.0,-12.02,11,4,2008,0
2008-11-28,台北一,SE6 青蔥 粉蔥 ,102.2,85.2,56.1,82.8,1.85,5100.0,-16.64,11,5,2008,0
2008-11-29,台北一,SE6 青蔥 粉蔥 ,109.9,93.3,66.9,91.3,10.27,4995.0,-2.06,11,6,2008,0
2008-11-30,台北一,SE6 青蔥 粉蔥 ,100.3,92.4,80.7,91.6,0.33,6636.0,32.85,11,7,2008,0
2008-12-01,台北一,SE6 青蔥 粉蔥 ,,,,,,,,12,1,2008,1
2008-12-02,台北一,SE6 青蔥 粉蔥 ,100.0,90.1,77.3,89.5,-2.29,6911.0,4.14,12,2,2008,0
2008-12-03,台北一,SE6 青蔥 粉蔥 ,103.8,91.9,73.9,90.7,1.34,6378.0,-7.71,12,3,2008,0
2008-12-04,台北一,SE6 青蔥 粉蔥 ,104.5,89.9,74.2,89.7,-1.1,6875.0,7.79,12,4,2008,0
2008-12-05,台北一,SE6 青蔥 粉蔥 ,107.7,92.7,77.5,92.6,3.23,5862.0,-14.73,12,5,2008,0
2008-12-06,台北一,SE6 青蔥 粉蔥 ,107.7,94.0,78.3,93.6,1.08,6591.0,12.44,12,6,2008,0
2008-12-07,台北一,SE6 青蔥 粉蔥 ,107.2,94.2,79.3,93.8,0.21,10339.0,56.87,12,7,2008,0
2008-12-08,台北一,SE6 青蔥 粉蔥 ,,,,,,,,12,1,2008,1
2008-12-09,台北一,SE6 青蔥 粉蔥 ,117.5,103.0,86.5,102.6,9.38,7134.0,-31.0,12,2,2008,0
2008-12-10,台北一,SE6 青蔥 粉蔥 ,100.7,94.2,78.3,92.3,-10.04,6795.0,-4.75,12,3,2008,0
2008-12-11,台北一,SE6 青蔥 粉蔥 ,105.5,92.9,76.3,92.1,-0.22,6021.0,-11.39,12,4,2008,0
2008-12-12,台北一,SE6 青蔥 粉蔥 ,114.6,98.1,79.5,97.7,6.08,6985.0,16.01,12,5,2008,0
2008-12-13,台北一,SE6 青蔥 粉蔥 ,112.7,100.0,81.7,98.9,1.23,9612.0,37.61,12,6,2008,0
2008-12-14,台北一,SE6 青蔥 粉蔥 ,109.2,91.2,68.9,90.3,-8.7,14268.0,48.44,12,7,2008,0
2008-12-15,台北一,SE6 青蔥 粉蔥 ,,,,,,,,12,1,2008,1
2008-12-16,台北一,SE6 青蔥 粉蔥 ,111.9,98.3,81.6,97.7,8.19,8511.0,-40.35,12,2,2008,0
2008-12-17,台北一,SE6 青蔥 粉蔥 ,110.0,99.8,80.6,98.0,0.31,7696.0,-9.58,12,3,2008,0
2008-12-18,台北一,SE6 青蔥 粉蔥 ,103.7,92.3,79.5,92.0,-6.12,7808.0,1.46,12,4,2008,0
2008-12-19,台北一,SE6 青蔥 粉蔥 ,102.0,93.4,82.3,92.9,0.98,8221.0,5.29,12,5,2008,0
2008-12-20,台北一,SE6 青蔥 粉蔥 ,100.2,90.3,78.8,90.0,-3.12,10897.0,32.55,12,6,2008,0
2008-12-21,台北一,SE6 青蔥 粉蔥 ,106.3,92.9,76.3,92.3,2.56,9880.0,-9.33,12,7,2008,0
2008-12-22,台北一,SE6 青蔥 粉蔥 ,,,,,,,,12,1,2008,1
2008-12-23,台北一,SE6 青蔥 粉蔥 ,107.1,93.6,79.8,93.5,1.3,9983.0,1.04,12,2,2008,0
2008-12-24,台北一,SE6 青蔥 粉蔥 ,99.8,86.5,75.2,86.9,-7.06,11264.0,12.83,12,3,2008,0
2008-12-25,台北一,SE6 青蔥 粉蔥 ,88.9,74.1,60.2,74.3,-14.5,11385.0,1.07,12,4,2008,0
2008-12-26,台北一,SE6 青蔥 粉蔥 ,80.7,61.9,45.5,62.4,-16.02,12087.0,6.17,12,5,2008,0
2008-12-27,台北一,SE6 青蔥 粉蔥 ,80.6,58.9,44.6,60.4,-3.21,11904.0,-1.51,12,6,2008,0
2008-12-28,台北一,SE6 青蔥 粉蔥 ,83.3,65.2,49.1,65.6,8.61,11186.0,-6.03,12,7,2008,0
2008-12-29,台北一,SE6 青蔥 粉蔥 ,,,,,,,,12,1,2008,1
2008-12-30,台北一,SE6 青蔥 粉蔥 ,75.4,61.9,48.3,61.8,-5.79,14664.0,31.09,12,2,2008,0
2008-12-31,台北一,SE6 青蔥 粉蔥 ,70.3,55.6,40.6,55.5,-10.19,12945.0,-11.72,12,3,2008,0
2009-01-01,台北一,SE6 青蔥 粉蔥 ,70.8,53.4,39.5,54.1,-2.52,13003.0,0.45,1,4,2009,0
2009-01-02,台北一,SE6 青蔥 粉蔥 ,74.7,60.1,42.5,59.5,9.98,13272.0,2.07,1,5,2009,0
2009-01-03,台北一,SE6 青蔥 粉蔥 ,81.9,66.4,49.9,66.2,11.26,12328.0,-7.11,1,6,2009,0
2009-01-04,台北一,SE6 青蔥 粉蔥 ,85.1,71.2,54.3,70.6,6.65,14847.0,20.43,1,7,2009,0
2009-01-05,台北一,SE6 青蔥 粉蔥 ,,,,,,,,1,1,2009,1
2009-01-06,台北一,SE6 青蔥 粉蔥 ,75.5,59.8,44.6,59.9,-15.16,15955.0,7.46,1,2,2009,0
2009-01-07,台北一,SE6 青蔥 粉蔥 ,63.9,46.8,27.4,46.3,-22.7,16110.0,0.97,1,3,2009,0
2009-01-08,台北一,SE6 青蔥 粉蔥 ,54.7,42.1,28.3,41.9,-9.5,14210.0,-11.79,1,4,2009,0
2009-01-09,台北一,SE6 青蔥 粉蔥 ,52.8,43.3,31.5,42.8,2.15,15720.0,10.63,1,5,2009,0
2009-01-10,台北一,SE6 青蔥 粉蔥 ,52.3,38.2,28.2,39.0,-8.88,19006.0,20.9,1,6,2009,0
2009-01-11,台北一,SE6 青蔥 粉蔥 ,46.2,34.4,22.6,34.4,-11.79,18307.0,-3.68,1,7,2009,0
2009-01-12,台北一,SE6 青蔥 粉蔥 ,,,,,,,,1,1,2009,1
2009-01-13,台北一,SE6 青蔥 粉蔥 ,52.9,41.8,29.1,41.5,20.64,14232.0,-22.26,1,2,2009,0
2009-01-14,台北一,SE6 青蔥 粉蔥 ,64.7,53.7,34.5,52.0,25.3,14691.0,3.23,1,3,2009,0
2009-01-15,台北一,SE6 青蔥 粉蔥 ,59.4,45.3,30.4,45.1,-13.27,18111.0,23.28,1,4,2009,0
2009-01-16,台北一,SE6 青蔥 粉蔥 ,51.8,40.1,30.1,40.5,-10.2,18973.0,4.76,1,5,2009,0
2009-01-17,台北一,SE6 青蔥 粉蔥 ,43.0,33.8,23.5,33.5,-17.28,22959.0,21.01,1,6,2009,0
2009-01-18,台北一,SE6 青蔥 粉蔥 ,38.4,28.5,20.8,29.0,-13.43,23398.0,1.91,1,7,2009,0
2009-01-19,台北一,SE6 青蔥 粉蔥 ,,,,,,,,1,1,2009,1
2009-01-20,台北一,SE6 青蔥 粉蔥 ,39.7,27.9,18.4,28.3,-2.41,22380.0,-4.35,1,2,2009,0
2009-01-21,台北一,SE6 青蔥 粉蔥 ,45.1,31.9,20.7,32.3,14.13,26490.0,18.36,1,3,2009,0
2009-01-22,台北一,SE6 青蔥 粉蔥 ,48.5,35.7,20.3,35.2,8.98,32464.0,22.55,1,4,2009,0
2009-01-23,台北一,SE6 青蔥 粉蔥 ,38.1,30.5,17.6,29.5,-16.19,41141.0,26.73,1,5,2009,0
2009-01-24,台北一,SE6 青蔥 粉蔥 ,50.0,36.5,23.0,36.5,23.73,42514.0,3.34,1,6,2009,0
2009-01-25,台北一,SE6 青蔥 粉蔥 ,53.3,41.4,28.8,41.3,13.15,21468.0,-49.5,1,7,2009,0
2009-01-26,台北一,SE6 青蔥 粉蔥 ,,,,,,,,1,1,2009,1
2009-01-27,台北一,SE6 青蔥 粉蔥 ,,,,,,,,1,2,2009,1
2009-01-28,台北一,SE6 青蔥 粉蔥 ,,,,,,,,1,3,2009,1
2009-01-29,台北一,SE6 青蔥 粉蔥 ,,,,,,,,1,4,2009,1
2009-01-30,台北一,SE6 青蔥 粉蔥 ,,,,,,,,1,5,2009,1
2009-01-31,台北一,SE6 青蔥 粉蔥 ,60.9,48.6,32.5,47.8,15.74,15610.0,-27.29,1,6,2009,0
2009-02-01,台北一,SE6 青蔥 粉蔥 ,51.7,42.1,29.4,41.5,-13.18,20818.0,33.36,2,7,2009,0
2009-02-02,台北一,SE6 青蔥 粉蔥 ,,,,,,,,2,1,2009,1
2009-02-03,台北一,SE6 青蔥 粉蔥 ,41.4,34.0,22.0,33.1,-20.24,27147.0,30.4,2,2,2009,0
2009-02-04,台北一,SE6 青蔥 粉蔥 ,33.4,23.9,15.1,24.0,-27.49,27209.0,0.23,2,3,2009,0
2009-02-05,台北一,SE6 青蔥 粉蔥 ,27.5,18.5,10.5,18.7,-22.08,26356.0,-3.13,2,4,2009,0
2009-02-06,台北一,SE6 青蔥 粉蔥 ,25.9,16.7,9.9,17.1,-8.56,20398.0,-22.61,2,5,2009,0
2009-02-07,台北一,SE6 青蔥 粉蔥 ,28.4,19.8,11.8,19.9,16.37,19884.0,-2.52,2,6,2009,0
2009-02-08,台北一,SE6 青蔥 粉蔥 ,30.0,24.6,15.6,23.9,20.1,22997.0,15.66,2,7,2009,0
2009-02-09,台北一,SE6 青蔥 粉蔥 ,40.1,32.4,22.9,32.0,33.89,24869.0,8.14,2,1,2009,0
2009-02-10,台北一,SE6 青蔥 粉蔥 ,,,,,,,,2,2,2009,1
2009-02-11,台北一,SE6 青蔥 粉蔥 ,,,,,,,,2,3,2009,1
2009-02-12,台北一,SE6 青蔥 粉蔥 ,30.9,23.8,16.2,23.7,-25.94,30687.0,23.39,2,4,2009,0
2009-02-13,台北一,SE6 青蔥 粉蔥 ,25.2,16.6,10.6,17.1,-27.85,32713.0,6.6,2,5,2009,0
2009-02-14,台北一,SE6 青蔥 粉蔥 ,26.3,17.5,10.6,17.9,4.68,28681.0,-12.33,2,6,2009,0
2009-02-15,台北一,SE6 青蔥 粉蔥 ,25.0,16.7,10.4,17.1,-4.47,30999.0,8.08,2,7,2009,0
2009-02-16,台北一,SE6 青蔥 粉蔥 ,,,,,,,,2,1,2009,1
2009-02-17,台北一,SE6 青蔥 粉蔥 ,25.5,17.5,11.9,18.0,5.26,28262.0,-8.83,2,2,2009,0
2009-02-18,台北一,SE6 青蔥 粉蔥 ,24.2,16.9,11.2,17.2,-4.44,25908.0,-8.33,2,3,2009,0
2009-02-19,台北一,SE6 青蔥 粉蔥 ,20.4,15.1,8.9,15.0,-12.79,27308.0,5.4,2,4,2009,0
2009-02-20,台北一,SE6 青蔥 粉蔥 ,19.9,15.2,10.1,15.1,0.67,22625.0,-17.15,2,5,2009,0
2009-02-21,台北一,SE6 青蔥 粉蔥 ,20.5,16.2,10.7,16.0,5.96,24839.0,9.79,2,6,2009,0
2009-02-22,台北一,SE6 青蔥 粉蔥 ,25.4,21.5,15.2,21.1,31.88,23848.0,-3.99,2,7,2009,0
2009-02-23,台北一,SE6 青蔥 粉蔥 ,,,,,,,,2,1,2009,1
2009-02-24,台北一,SE6 青蔥 粉蔥 ,30.4,24.4,16.7,24.1,14.22,24687.0,3.52,2,2,2009,0
2009-02-25,台北一,SE6 青蔥 粉蔥 ,29.2,22.3,15.9,22.4,-7.05,27910.0,13.06,2,3,2009,0
2009-02-26,台北一,SE6 青蔥 粉蔥 ,21.3,16.0,9.5,15.8,-29.46,35558.0,27.4,2,4,2009,0
2009-02-27,台北一,SE6 青蔥 粉蔥 ,19.9,12.3,8.0,13.0,-17.72,33905.0,-4.65,2,5,2009,0
2009-02-28,台北一,SE6 青蔥 粉蔥 ,20.0,13.3,9.1,13.8,6.15,32851.0,-3.11,2,6,2009,0
2009-03-01,台北一,SE6 青蔥 粉蔥 ,20.3,14.5,9.7,14.7,6.52,30345.0,-7.63,3,7,2009,0
2009-03-02,台北一,SE6 青蔥 粉蔥 ,,,,,,,,3,1,2009,1
2009-03-03,台北一,SE6 青蔥 粉蔥 ,21.0,14.1,9.8,14.6,-0.68,27700.0,-8.72,3,2,2009,0
2009-03-04,台北一,SE6 青蔥 粉蔥 ,20.8,14.6,9.8,14.9,2.05,26160.0,-5.56,3,3,2009,0
2009-03-05,台北一,SE6 青蔥 粉蔥 ,20.3,14.9,10.0,15.0,0.67,23030.0,-11.96,3,4,2009,0
2009-03-06,台北一,SE6 青蔥 粉蔥 ,20.7,14.9,10.3,15.2,1.33,26033.0,13.04,3,5,2009,0
2009-03-07,台北一,SE6 青蔥 粉蔥 ,20.5,14.7,9.6,14.8,-2.63,25130.0,-3.47,3,6,2009,0
2009-03-08,台北一,SE6 青蔥 粉蔥 ,23.9,19.4,13.1,19.0,28.38,17908.0,-28.74,3,7,2009,0
2009-03-09,台北一,SE6 青蔥 粉蔥 ,,,,,,,,3,1,2009,1
2009-03-10,台北一,SE6 青蔥 粉蔥 ,23.3,18.1,14.3,18.4,-3.16,28184.0,57.38,3,2,2009,0
2009-03-11,台北一,SE6 青蔥 粉蔥 ,22.0,17.2,12.9,17.3,-5.98,28540.0,1.26,3,3,2009,0
2009-03-12,台北一,SE6 青蔥 粉蔥 ,20.0,14.7,9.6,14.7,-15.03,35649.0,24.91,3,4,2009,0
2009-03-13,台北一,SE6 青蔥 粉蔥 ,17.5,13.1,8.9,13.2,-10.2,35760.0,0.31,3,5,2009,0
2009-03-14,台北一,SE6 青蔥 粉蔥 ,16.5,12.5,8.7,12.5,-5.3,36300.0,1.51,3,6,2009,0
2009-03-15,台北一,SE6 青蔥 粉蔥 ,16.5,12.7,10.0,12.9,3.2,34647.0,-4.55,3,7,2009,0
2009-03-16,台北一,SE6 青蔥 粉蔥 ,,,,,,,,3,1,2009,1
2009-03-17,台北一,SE6 青蔥 粉蔥 ,18.1,13.4,9.2,13.5,4.65,32803.0,-5.32,3,2,2009,0
2009-03-18,台北一,SE6 青蔥 粉蔥 ,18.5,14.3,10.0,14.3,5.93,28638.0,-12.7,3,3,2009,0
2009-03-19,台北一,SE6 青蔥 粉蔥 ,18.5,13.1,9.0,13.4,-6.29,32844.0,14.69,3,4,2009,0
2009-03-20,台北一,SE6 青蔥 粉蔥 ,17.0,12.4,7.5,12.3,-8.21,34071.0,3.74,3,5,2009,0
2009-03-21,台北一,SE6 青蔥 粉蔥 ,16.7,11.9,7.2,11.9,-3.25,36261.0,6.43,3,6,2009,0
2009-03-22,台北一,SE6 青蔥 粉蔥 ,17.0,12.0,7.6,12.1,1.68,35540.0,-1.99,3,7,2009,0
2009-03-23,台北一,SE6 青蔥 粉蔥 ,,,,,,,,3,1,2009,1
2009-03-24,台北一,SE6 青蔥 粉蔥 ,16.1,11.9,7.4,11.8,-2.48,35453.0,-0.24,3,2,2009,0
2009-03-25,台北一,SE6 青蔥 粉蔥 ,17.5,12.4,7.8,12.5,5.93,29508.0,-16.77,3,3,2009,0
2009-03-26,台北一,SE6 青蔥 粉蔥 ,17.9,12.8,8.2,12.9,3.2,28492.0,-3.44,3,4,2009,0
2009-03-27,台北一,SE6 青蔥 粉蔥 ,19.8,13.5,8.4,13.7,6.2,28635.0,0.5,3,5,2009,0
2009-03-28,台北一,SE6 青蔥 粉蔥 ,19.3,13.2,8.6,13.5,-1.46,31347.0,9.47,3,6,2009,0
2009-03-29,台北一,SE6 青蔥 粉蔥 ,20.2,14.3,9.4,14.5,7.41,31512.0,0.53,3,7,2009,0
2009-03-30,台北一,SE6 青蔥 粉蔥 ,,,,,,,,3,1,2009,1
2009-03-31,台北一,SE6 青蔥 粉蔥 ,19.2,14.3,10.7,14.5,0.0,29617.0,-6.01,3,2,2009,0
2009-04-01,台北一,SE6 青蔥 粉蔥 ,19.6,14.5,11.1,14.9,2.76,31022.0,4.74,4,3,2009,0
2009-04-02,台北一,SE6 青蔥 粉蔥 ,22.2,16.1,11.8,16.5,10.74,32611.0,5.12,4,4,2009,0
2009-04-03,台北一,SE6 青蔥 粉蔥 ,30.4,23.4,14.3,23.0,39.39,43096.0,32.15,4,5,2009,0
2009-04-04,台北一,SE6 青蔥 粉蔥 ,,,,,,,,4,6,2009,1
2009-04-05,台北一,SE6 青蔥 粉蔥 ,,,,,,,,4,7,2009,1
2009-04-06,台北一,SE6 青蔥 粉蔥 ,,,,,,,,4,1,2009,1
2009-04-07,台北一,SE6 青蔥 粉蔥 ,19.0,15.2,10.7,15.1,-34.35,42413.0,-1.58,4,2,2009,0
2009-04-08,台北一,SE6 青蔥 粉蔥 ,16.5,13.0,8.0,12.7,-15.89,35426.0,-16.47,4,3,2009,0
2009-04-09,台北一,SE6 青蔥 粉蔥 ,14.9,11.3,7.0,11.1,-12.6,35306.0,-0.34,4,4,2009,0
2009-04-10,台北一,SE6 青蔥 粉蔥 ,14.4,11.0,7.2,10.9,-1.8,32535.0,-7.85,4,5,2009,0
2009-04-11,台北一,SE6 青蔥 粉蔥 ,15.6,11.4,7.7,11.5,5.5,30629.0,-5.86,4,6,2009,0
2009-04-12,台北一,SE6 青蔥 粉蔥 ,16.0,12.5,8.9,12.4,7.83,31931.0,4.25,4,7,2009,0
2009-04-13,台北一,SE6 青蔥 粉蔥 ,,,,,,,,4,1,2009,1
2009-04-14,台北一,SE6 青蔥 粉蔥 ,15.8,12.4,8.3,12.2,-1.61,29314.0,-8.2,4,2,2009,0
2009-04-15,台北一,SE6 青蔥 粉蔥 ,19.1,13.3,8.8,13.6,11.48,24445.0,-16.61,4,3,2009,0
2009-04-16,台北一,SE6 青蔥 粉蔥 ,19.1,12.8,7.8,13.0,-4.41,31210.0,27.67,4,4,2009,0
2009-04-17,台北一,SE6 青蔥 粉蔥 ,16.5,10.6,5.7,10.8,-16.92,32289.0,3.46,4,5,2009,0
2009-04-18,台北一,SE6 青蔥 粉蔥 ,16.7,10.6,6.8,11.1,2.78,31214.0,-3.33,4,6,2009,0
2009-04-19,台北一,SE6 青蔥 粉蔥 ,17.0,11.7,7.2,11.8,6.31,31556.0,1.1,4,7,2009,0
2009-04-20,台北一,SE6 青蔥 粉蔥 ,,,,,,,,4,1,2009,1
2009-04-21,台北一,SE6 青蔥 粉蔥 ,18.1,12.5,7.6,12.7,7.63,26908.0,-14.73,4,2,2009,0
2009-04-22,台北一,SE6 青蔥 粉蔥 ,18.4,13.1,8.6,13.3,4.72,22824.0,-15.18,4,3,2009,0
2009-04-23,台北一,SE6 青蔥 粉蔥 ,20.0,16.2,10.5,15.8,18.8,25668.0,12.46,4,4,2009,0
2009-04-24,台北一,SE6 青蔥 粉蔥 ,18.9,14.6,10.2,14.6,-7.59,26686.0,3.97,4,5,2009,0
2009-04-25,台北一,SE6 青蔥 粉蔥 ,19.2,14.5,9.6,14.4,-1.37,30882.0,15.72,4,6,2009,0
2009-04-26,台北一,SE6 青蔥 粉蔥 ,19.1,14.3,9.9,14.4,0.0,32303.0,4.6,4,7,2009,0
2009-04-27,台北一,SE6 青蔥 粉蔥 ,,,,,,,,4,1,2009,1
2009-04-28,台北一,SE6 青蔥 粉蔥 ,20.2,16.4,11.3,16.1,11.81,29013.0,-10.18,4,2,2009,0
2009-04-29,台北一,SE6 青蔥 粉蔥 ,19.8,15.2,10.7,15.2,-5.59,28929.0,-0.29,4,3,2009,0
2009-04-30,台北一,SE6 青蔥 粉蔥 ,18.4,13.6,9.3,13.7,-9.87,32671.0,12.94,4,4,2009,0
2009-05-01,台北一,SE6 青蔥 粉蔥 ,19.6,14.1,9.6,14.3,4.38,32812.0,0.43,5,5,2009,0
2009-05-02,台北一,SE6 青蔥 粉蔥 ,19.2,14.1,9.0,14.1,-1.4,34136.0,4.04,5,6,2009,0
2009-05-03,台北一,SE6 青蔥 粉蔥 ,19.4,14.3,8.5,14.1,0.0,34996.0,2.52,5,7,2009,0
2009-05-04,台北一,SE6 青蔥 粉蔥 ,,,,,,,,5,1,2009,1
2009-05-05,台北一,SE6 青蔥 粉蔥 ,19.3,14.1,9.4,14.2,0.71,31844.0,-9.01,5,2,2009,0
2009-05-06,台北一,SE6 青蔥 粉蔥 ,18.0,13.1,9.4,13.4,-5.63,29157.0,-8.44,5,3,2009,0
2009-05-07,台北一,SE6 青蔥 粉蔥 ,17.5,12.7,9.3,13.0,-2.99,27022.0,-7.32,5,4,2009,0
2009-05-08,台北一,SE6 青蔥 粉蔥 ,16.8,12.5,8.8,12.6,-3.08,30029.0,11.13,5,5,2009,0
2009-05-09,台北一,SE6 青蔥 粉蔥 ,17.3,12.3,8.3,12.5,-0.79,30661.0,2.1,5,6,2009,0
2009-05-10,台北一,SE6 青蔥 粉蔥 ,15.8,11.6,7.4,11.6,-7.2,32599.0,6.32,5,7,2009,0
2009-05-11,台北一,SE6 青蔥 粉蔥 ,,,,,,,,5,1,2009,1
2009-05-12,台北一,SE6 青蔥 粉蔥 ,15.5,12.2,8.3,12.1,4.31,25778.0,-20.92,5,2,2009,0
2009-05-13,台北一,SE6 青蔥 粉蔥 ,15.1,11.4,7.8,11.4,-5.79,24756.0,-3.96,5,3,2009,0
2009-05-14,台北一,SE6 青蔥 粉蔥 ,13.9,9.9,6.9,10.1,-11.4,23822.0,-3.77,5,4,2009,0
2009-05-15,台北一,SE6 青蔥 粉蔥 ,16.0,11.1,7.1,11.3,11.88,21956.0,-7.83,5,5,2009,0
2009-05-16,台北一,SE6 青蔥 粉蔥 ,20.2,14.0,8.6,14.2,25.66,21454.0,-2.29,5,6,2009,0
2009-05-17,台北一,SE6 青蔥 粉蔥 ,20.4,15.5,9.8,15.3,7.75,22407.0,4.44,5,7,2009,0
2009-05-18,台北一,SE6 青蔥 粉蔥 ,,,,,,,,5,1,2009,1
2009-05-19,台北一,SE6 青蔥 粉蔥 ,19.9,14.4,9.8,14.6,-4.58,20953.0,-6.49,5,2,2009,0
2009-05-20,台北一,SE6 青蔥 粉蔥 ,16.4,13.2,9.7,13.2,-9.59,23754.0,13.37,5,3,2009,0
2009-05-21,台北一,SE6 青蔥 粉蔥 ,15.5,12.3,8.0,12.1,-8.33,23199.0,-2.34,5,4,2009,0
2009-05-22,台北一,SE6 青蔥 粉蔥 ,15.3,10.6,7.0,10.8,-10.74,24473.0,5.49,5,5,2009,0
2009-05-23,台北一,SE6 青蔥 粉蔥 ,16.1,11.8,6.9,11.7,8.33,22602.0,-7.65,5,6,2009,0
2009-05-24,台北一,SE6 青蔥 粉蔥 ,16.9,12.5,8.9,12.7,8.55,23636.0,4.57,5,7,2009,0
2009-05-25,台北一,SE6 青蔥 粉蔥 ,,,,,,,,5,1,2009,1
2009-05-26,台北一,SE6 青蔥 粉蔥 ,15.8,12.8,10.7,13.0,2.36,20556.0,-13.03,5,2,2009,0
2009-05-27,台北一,SE6 青蔥 粉蔥 ,19.0,14.6,11.2,14.8,13.85,21653.0,5.34,5,3,2009,0
2009-05-28,台北一,SE6 青蔥 粉蔥 ,21.9,17.6,13.9,17.7,19.59,26462.0,22.21,5,4,2009,0
2009-05-29,台北一,SE6 青蔥 粉蔥 ,,,,,,,,5,5,2009,1
2009-05-30,台北一,SE6 青蔥 粉蔥 ,,,,,,,,5,6,2009,1
2009-05-31,台北一,SE6 青蔥 粉蔥 ,22.0,17.6,13.7,17.7,0.0,24945.0,-5.73,5,7,2009,0
2009-06-01,台北一,SE6 青蔥 粉蔥 ,,,,,,,,6,1,2009,1
2009-06-02,台北一,SE6 青蔥 粉蔥 ,19.4,15.3,11.9,15.4,-12.99,26457.0,6.06,6,2,2009,0
2009-06-03,台北一,SE6 青蔥 粉蔥 ,16.9,14.0,9.0,13.6,-11.69,24013.0,-9.24,6,3,2009,0
2009-06-04,台北一,SE6 青蔥 粉蔥 ,14.9,12.2,7.1,11.7,-13.97,22159.0,-7.72,6,4,2009,0
2009-06-05,台北一,SE6 青蔥 粉蔥 ,13.8,11.2,7.3,10.9,-6.84,17689.0,-20.17,6,5,2009,0
2009-06-06,台北一,SE6 青蔥 粉蔥 ,17.2,13.0,9.1,13.0,19.27,15677.0,-11.37,6,6,2009,0
2009-06-07,台北一,SE6 青蔥 粉蔥 ,20.0,16.0,11.6,15.9,22.31,23018.0,46.83,6,7,2009,0
2009-06-08,台北一,SE6 青蔥 粉蔥 ,,,,,,,,6,1,2009,1
2009-06-09,台北一,SE6 青蔥 粉蔥 ,17.9,14.2,9.6,14.0,-11.95,23252.0,1.02,6,2,2009,0
2009-06-10,台北一,SE6 青蔥 粉蔥 ,17.0,13.1,8.7,13.0,-7.14,21366.0,-8.11,6,3,2009,0
2009-06-11,台北一,SE6 青蔥 粉蔥 ,15.4,11.5,6.7,11.3,-13.08,19140.0,-10.42,6,4,2009,0
2009-06-12,台北一,SE6 青蔥 粉蔥 ,17.1,13.6,8.3,13.3,17.7,16831.0,-12.06,6,5,2009,0
2009-06-13,台北一,SE6 青蔥 粉蔥 ,18.4,14.0,9.4,14.0,5.26,18922.0,12.42,6,6,2009,0
2009-06-14,台北一,SE6 青蔥 粉蔥 ,18.5,14.3,9.1,14.1,0.71,20781.0,9.82,6,7,2009,0
2009-06-15,台北一,SE6 青蔥 粉蔥 ,,,,,,,,6,1,2009,1
2009-06-16,台北一,SE6 青蔥 粉蔥 ,20.2,17.0,11.2,16.5,17.02,16876.0,-18.79,6,2,2009,0
2009-06-17,台北一,SE6 青蔥 粉蔥 ,20.7,16.3,10.1,16.0,-3.03,16862.0,-0.08,6,3,2009,0
2009-06-18,台北一,SE6 青蔥 粉蔥 ,20.1,15.3,9.1,15.0,-6.25,16732.0,-0.77,6,4,2009,0
2009-06-19,台北一,SE6 青蔥 粉蔥 ,20.6,15.7,9.1,15.4,2.67,15981.0,-4.49,6,5,2009,0
2009-06-20,台北一,SE6 青蔥 粉蔥 ,26.1,19.7,13.8,19.8,28.57,15622.0,-2.25,6,6,2009,0
2009-06-21,台北一,SE6 青蔥 粉蔥 ,30.7,23.9,17.7,24.0,21.21,16812.0,7.62,6,7,2009,0
2009-06-22,台北一,SE6 青蔥 粉蔥 ,,,,,,,,6,1,2009,1
2009-06-23,台北一,SE6 青蔥 粉蔥 ,21.4,16.5,11.6,16.5,-31.25,15670.0,-6.79,6,2,2009,0
2009-06-24,台北一,SE6 青蔥 粉蔥 ,19.8,13.9,8.6,14.0,-15.15,15921.0,1.6,6,3,2009,0
2009-06-25,台北一,SE6 青蔥 粉蔥 ,17.3,11.4,6.4,11.6,-17.14,14560.0,-8.55,6,4,2009,0
2009-06-26,台北一,SE6 青蔥 粉蔥 ,18.3,12.1,7.2,12.4,6.9,14216.0,-2.36,6,5,2009,0
2009-06-27,台北一,SE6 青蔥 粉蔥 ,19.1,13.1,7.1,13.1,5.65,15818.0,11.27,6,6,2009,0
2009-06-28,台北一,SE6 青蔥 粉蔥 ,17.7,11.6,6.0,11.7,-10.69,15833.0,0.09,6,7,2009,0
2009-06-29,台北一,SE6 青蔥 粉蔥 ,,,,,,,,6,1,2009,1
2009-06-30,台北一,SE6 青蔥 粉蔥 ,19.4,14.3,9.3,14.3,22.22,9665.0,-38.96,6,2,2009,0
2009-07-01,台北一,SE6 青蔥 粉蔥 ,20.8,16.3,10.4,16.0,11.89,10671.0,10.41,7,3,2009,0
2009-07-02,台北一,SE6 青蔥 粉蔥 ,22.6,17.1,11.6,17.1,6.88,11117.0,4.18,7,4,2009,0
2009-07-03,台北一,SE6 青蔥 粉蔥 ,23.5,18.3,12.9,18.3,7.02,12662.0,13.9,7,5,2009,0
2009-07-04,台北一,SE6 青蔥 粉蔥 ,23.2,17.9,13.0,18.0,-1.64,12416.0,-1.94,7,6,2009,0
2009-07-05,台北一,SE6 青蔥 粉蔥 ,22.8,18.5,13.5,18.3,1.67,11566.0,-6.85,7,7,2009,0
2009-07-06,台北一,SE6 青蔥 粉蔥 ,,,,,,,,7,1,2009,1
2009-07-07,台北一,SE6 青蔥 粉蔥 ,21.6,17.9,14.2,17.9,-2.19,10753.0,-7.03,7,2,2009,0
2009-07-08,台北一,SE6 青蔥 粉蔥 ,19.8,17.4,13.9,17.2,-3.91,8959.0,-16.68,7,3,2009,0
2009-07-09,台北一,SE6 青蔥 粉蔥 ,21.1,17.0,13.6,17.1,-0.58,9844.0,9.88,7,4,2009,0
2009-07-10,台北一,SE6 青蔥 粉蔥 ,20.3,17.2,13.9,17.2,0.58,8396.0,-14.71,7,5,2009,0
2009-07-11,台北一,SE6 青蔥 粉蔥 ,24.8,19.0,13.0,19.0,10.47,9189.0,9.44,7,6,2009,0
2009-07-12,台北一,SE6 青蔥 粉蔥 ,23.5,18.1,12.3,18.0,-5.26,9112.0,-0.84,7,7,2009,0
2009-07-13,台北一,SE6 青蔥 粉蔥 ,,,,,,,,7,1,2009,1
2009-07-14,台北一,SE6 青蔥 粉蔥 ,25.0,20.0,14.7,19.9,10.56,6691.0,-26.57,7,2,2009,0
2009-07-15,台北一,SE6 青蔥 粉蔥 ,27.4,21.1,15.3,21.2,6.53,6398.0,-4.38,7,3,2009,0
2009-07-16,台北一,SE6 青蔥 粉蔥 ,28.6,21.4,13.0,21.2,0.0,6314.0,-1.31,7,4,2009,0
2009-07-17,台北一,SE6 青蔥 粉蔥 ,28.3,20.9,13.5,20.9,-1.42,6754.0,6.97,7,5,2009,0
2009-07-18,台北一,SE6 青蔥 粉蔥 ,32.9,27.1,19.0,26.7,27.75,6626.0,-1.9,7,6,2009,0
2009-07-19,台北一,SE6 青蔥 粉蔥 ,28.9,22.6,14.1,22.1,-17.23,7542.0,13.82,7,7,2009,0
2009-07-20,台北一,SE6 青蔥 粉蔥 ,,,,,,,,7,1,2009,1
2009-07-21,台北一,SE6 青蔥 粉蔥 ,27.9,22.3,15.1,22.0,-0.45,6241.0,-17.25,7,2,2009,0
2009-07-22,台北一,SE6 青蔥 粉蔥 ,26.4,19.3,12.0,19.3,-12.27,6113.0,-2.05,7,3,2009,0
2009-07-23,台北一,SE6 青蔥 粉蔥 ,21.2,15.8,8.5,15.4,-20.21,6364.0,4.11,7,4,2009,0
2009-07-24,台北一,SE6 青蔥 粉蔥 ,24.5,15.8,7.7,15.9,3.25,6099.0,-4.16,7,5,2009,0
2009-07-25,台北一,SE6 青蔥 粉蔥 ,25.4,18.0,12.6,18.4,15.72,7711.0,26.43,7,6,2009,0
2009-07-26,台北一,SE6 青蔥 粉蔥 ,27.2,19.8,10.4,19.4,5.43,7266.0,-5.77,7,7,2009,0
2009-07-27,台北一,SE6 青蔥 粉蔥 ,,,,,,,,7,1,2009,1
2009-07-28,台北一,SE6 青蔥 粉蔥 ,26.9,21.0,14.5,20.9,7.73,5721.0,-21.26,7,2,2009,0
2009-07-29,台北一,SE6 青蔥 粉蔥 ,30.6,25.0,16.6,24.5,17.22,4679.0,-18.21,7,3,2009,0
2009-07-30,台北一,SE6 青蔥 粉蔥 ,30.9,24.9,16.3,24.4,-0.41,5014.0,7.16,7,4,2009,0
2009-07-31,台北一,SE6 青蔥 粉蔥 ,26.7,23.4,15.8,22.6,-7.38,5519.0,10.07,7,5,2009,0
2009-08-01,台北一,SE6 青蔥 粉蔥 ,30.0,24.1,16.6,23.8,5.31,4517.0,-18.16,8,6,2009,0
2009-08-02,台北一,SE6 青蔥 粉蔥 ,30.5,25.6,18.1,25.1,5.46,5234.0,15.87,8,7,2009,0
2009-08-03,台北一,SE6 青蔥 粉蔥 ,,,,,,,,8,1,2009,1
2009-08-04,台北一,SE6 青蔥 粉蔥 ,30.3,25.3,15.7,24.4,-2.79,5913.0,12.97,8,2,2009,0
2009-08-05,台北一,SE6 青蔥 粉蔥 ,32.7,27.5,15.9,26.2,7.38,5600.0,-5.29,8,3,2009,0
2009-08-06,台北一,SE6 青蔥 粉蔥 ,47.5,36.6,23.4,36.2,38.17,5504.0,-1.71,8,4,2009,0
2009-08-07,台北一,SE6 青蔥 粉蔥 ,52.8,39.8,26.1,39.7,9.67,7627.0,38.57,8,5,2009,0
2009-08-08,台北一,SE6 青蔥 粉蔥 ,46.0,37.0,27.8,37.0,-6.8,5014.0,-34.26,8,6,2009,0
2009-08-09,台北一,SE6 青蔥 粉蔥 ,44.7,38.7,27.9,37.8,2.16,3541.0,-29.38,8,7,2009,0
2009-08-10,台北一,SE6 青蔥 粉蔥 ,,,,,,,,8,1,2009,1
2009-08-11,台北一,SE6 青蔥 粉蔥 ,75.2,48.4,20.2,48.1,27.25,1454.0,-58.94,8,2,2009,0
2009-08-12,台北一,SE6 青蔥 粉蔥 ,46.7,30.2,5.2,28.5,-40.75,2727.0,87.55,8,3,2009,0
2009-08-13,台北一,SE6 青蔥 粉蔥 ,80.8,55.4,20.9,53.6,88.07,1555.0,-42.98,8,4,2009,0
2009-08-14,台北一,SE6 青蔥 粉蔥 ,73.8,59.4,19.0,54.2,1.12,1764.0,13.44,8,5,2009,0
2009-08-15,台北一,SE6 青蔥 粉蔥 ,97.8,85.3,51.9,81.1,49.63,1579.0,-10.49,8,6,2009,0
2009-08-16,台北一,SE6 青蔥 粉蔥 ,95.4,80.3,49.4,77.2,-4.81,2523.0,59.78,8,7,2009,0
2009-08-17,台北一,SE6 青蔥 粉蔥 ,,,,,,,,8,1,2009,1
2009-08-18,台北一,SE6 青蔥 粉蔥 ,90.0,75.5,44.9,72.3,-6.35,4056.0,60.76,8,2,2009,0
2009-08-19,台北一,SE6 青蔥 粉蔥 ,72.8,65.4,28.1,59.4,-17.84,4214.0,3.9,8,3,2009,0
2009-08-20,台北一,SE6 青蔥 粉蔥 ,72.5,61.2,43.1,59.8,0.67,2982.0,-29.24,8,4,2009,0
2009-08-21,台北一,SE6 青蔥 粉蔥 ,65.6,54.6,35.2,52.9,-11.54,3156.0,5.84,8,5,2009,0
2009-08-22,台北一,SE6 青蔥 粉蔥 ,72.0,57.9,31.9,55.5,4.91,2474.0,-21.61,8,6,2009,0
2009-08-23,台北一,SE6 青蔥 粉蔥 ,62.3,44.3,18.9,42.8,-22.88,2401.0,-2.95,8,7,2009,0
2009-08-24,台北一,SE6 青蔥 粉蔥 ,,,,,,,,8,1,2009,1
2009-08-25,台北一,SE6 青蔥 粉蔥 ,53.5,38.3,21.5,38.0,-11.21,2198.0,-8.45,8,2,2009,0
2009-08-26,台北一,SE6 青蔥 粉蔥 ,52.7,35.3,24.2,36.5,-3.95,1892.0,-13.92,8,3,2009,0
2009-08-27,台北一,SE6 青蔥 粉蔥 ,47.1,39.6,20.0,37.2,1.92,3838.0,102.85,8,4,2009,0
2009-08-28,台北一,SE6 青蔥 粉蔥 ,48.9,40.0,29.4,39.7,6.72,3934.0,2.5,8,5,2009,0
2009-08-29,台北一,SE6 青蔥 粉蔥 ,53.5,45.9,31.6,44.5,12.09,3004.0,-23.64,8,6,2009,0
2009-08-30,台北一,SE6 青蔥 粉蔥 ,60.4,52.8,34.6,50.7,13.93,4254.0,41.61,8,7,2009,0
2009-08-31,台北一,SE6 青蔥 粉蔥 ,,,,,,,,8,1,2009,1
2009-09-01,台北一,SE6 青蔥 粉蔥 ,59.4,53.3,44.7,52.8,4.14,4571.0,7.45,9,2,2009,0
2009-09-02,台北一,SE6 青蔥 粉蔥 ,76.3,64.4,52.9,64.5,22.16,5628.0,23.12,9,3,2009,0
2009-09-03,台北一,SE6 青蔥 粉蔥 ,92.4,84.2,71.9,83.3,29.15,6427.0,14.2,9,4,2009,0
2009-09-04,台北一,SE6 青蔥 粉蔥 ,,,,,,,,9,5,2009,1
2009-09-05,台北一,SE6 青蔥 粉蔥 ,,,,,,,,9,6,2009,1
2009-09-06,台北一,SE6 青蔥 粉蔥 ,81.6,61.3,46.2,62.4,-25.09,6277.0,-2.33,9,7,2009,0
2009-09-07,台北一,SE6 青蔥 粉蔥 ,,,,,,,,9,1,2009,1
2009-09-08,台北一,SE6 青蔥 粉蔥 ,56.5,50.0,42.1,49.7,-20.35,4179.0,-33.42,9,2,2009,0
2009-09-09,台北一,SE6 青蔥 粉蔥 ,57.0,43.5,34.5,44.4,-10.66,2240.0,-46.4,9,3,2009,0
2009-09-10,台北一,SE6 青蔥 粉蔥 ,57.5,45.8,37.9,46.5,4.73,1875.0,-16.29,9,4,2009,0
2009-09-11,台北一,SE6 青蔥 粉蔥 ,58.6,48.7,36.3,48.2,3.66,1044.0,-44.32,9,5,2009,0
2009-09-12,台北一,SE6 青蔥 粉蔥 ,54.9,44.7,35.0,44.8,-7.05,1972.0,88.89,9,6,2009,0
2009-09-13,台北一,SE6 青蔥 粉蔥 ,63.3,50.8,33.7,49.9,11.38,721.0,-63.44,9,7,2009,0
2009-09-14,台北一,SE6 青蔥 粉蔥 ,,,,,,,,9,1,2009,1
2009-09-15,台北一,SE6 青蔥 粉蔥 ,68.0,49.8,40.0,51.5,3.21,396.0,-45.08,9,2,2009,0
2009-09-16,台北一,SE6 青蔥 粉蔥 ,69.6,56.1,34.7,54.5,5.83,1131.0,185.61,9,3,2009,0
2009-09-17,台北一,SE6 青蔥 粉蔥 ,75.0,55.2,40.1,56.1,2.94,1921.0,69.85,9,4,2009,0
2009-09-18,台北一,SE6 青蔥 粉蔥 ,65.0,49.4,37.5,50.2,-10.52,1757.0,-8.54,9,5,2009,0
2009-09-19,台北一,SE6 青蔥 粉蔥 ,72.9,46.7,26.3,47.9,-4.58,1555.0,-11.5,9,6,2009,0
2009-09-20,台北一,SE6 青蔥 粉蔥 ,66.1,48.7,37.9,50.0,4.38,1750.0,12.54,9,7,2009,0
2009-09-21,台北一,SE6 青蔥 粉蔥 ,,,,,,,,9,1,2009,1
2009-09-22,台北一,SE6 青蔥 粉蔥 ,64.9,51.4,30.0,49.8,-0.4,3376.0,92.91,9,2,2009,0
2009-09-23,台北一,SE6 青蔥 粉蔥 ,72.4,52.2,30.7,51.9,4.22,1876.0,-44.43,9,3,2009,0
2009-09-24,台北一,SE6 青蔥 粉蔥 ,70.7,51.1,35.1,51.8,-0.19,1835.0,-2.19,9,4,2009,0
2009-09-25,台北一,SE6 青蔥 粉蔥 ,65.0,51.3,27.9,49.3,-4.83,1410.0,-23.16,9,5,2009,0
2009-09-26,台北一,SE6 青蔥 粉蔥 ,60.8,47.8,30.8,47.0,-4.67,2454.0,74.04,9,6,2009,0
2009-09-27,台北一,SE6 青蔥 粉蔥 ,65.5,47.0,28.8,47.1,0.21,1989.0,-18.95,9,7,2009,0
2009-09-28,台北一,SE6 青蔥 粉蔥 ,,,,,,,,9,1,2009,1
2009-09-29,台北一,SE6 青蔥 粉蔥 ,62.6,50.1,28.1,48.2,2.34,3180.0,59.88,9,2,2009,0
2009-09-30,台北一,SE6 青蔥 粉蔥 ,59.2,53.1,37.0,51.1,6.02,2811.0,-11.6,9,3,2009,0
2009-10-01,台北一,SE6 青蔥 粉蔥 ,68.0,58.7,37.9,56.4,10.37,2727.0,-2.99,10,4,2009,0
2009-10-02,台北一,SE6 青蔥 粉蔥 ,65.0,63.1,47.4,60.3,6.91,3270.0,19.91,10,5,2009,0
2009-10-03,台北一,SE6 青蔥 粉蔥 ,61.1,48.5,33.5,48.0,-20.4,10300.0,214.98,10,6,2009,0
2009-10-04,台北一,SE6 青蔥 粉蔥 ,,,,,,,,10,7,2009,1
2009-10-05,台北一,SE6 青蔥 粉蔥 ,,,,,,,,10,1,2009,1
2009-10-06,台北一,SE6 青蔥 粉蔥 ,85.6,73.9,45.5,70.6,47.08,762.0,-92.6,10,2,2009,0
2009-10-07,台北一,SE6 青蔥 粉蔥 ,70.2,62.8,23.6,56.5,-19.97,1069.0,40.29,10,3,2009,0
2009-10-08,台北一,SE6 青蔥 粉蔥 ,87.2,67.8,42.4,66.6,17.88,1734.0,62.21,10,4,2009,0
2009-10-09,台北一,SE6 青蔥 粉蔥 ,93.0,64.3,43.0,65.8,-1.2,1398.0,-19.38,10,5,2009,0
2009-10-10,台北一,SE6 青蔥 粉蔥 ,97.1,80.7,54.5,78.8,19.76,2538.0,81.55,10,6,2009,0
2009-10-11,台北一,SE6 青蔥 粉蔥 ,112.9,89.3,52.0,86.6,9.9,4368.0,72.1,10,7,2009,0
2009-10-12,台北一,SE6 青蔥 粉蔥 ,,,,,,,,10,1,2009,1
2009-10-13,台北一,SE6 青蔥 粉蔥 ,126.9,109.9,67.3,104.8,21.02,6082.0,39.24,10,2,2009,0
2009-10-14,台北一,SE6 青蔥 粉蔥 ,129.1,104.5,61.8,100.9,-3.72,6955.0,14.35,10,3,2009,0
2009-10-15,台北一,SE6 青蔥 粉蔥 ,99.7,74.6,46.1,73.9,-26.76,7375.0,6.04,10,4,2009,0
2009-10-16,台北一,SE6 青蔥 粉蔥 ,100.0,82.5,43.9,78.3,5.95,7370.0,-0.07,10,5,2009,0
2009-10-17,台北一,SE6 青蔥 粉蔥 ,99.2,74.6,43.0,73.2,-6.51,7971.0,8.15,10,6,2009,0
2009-10-18,台北一,SE6 青蔥 粉蔥 ,101.1,80.4,43.3,77.1,5.33,9628.0,20.79,10,7,2009,0
2009-10-19,台北一,SE6 青蔥 粉蔥 ,,,,,,,,10,1,2009,1
2009-10-20,台北一,SE6 青蔥 粉蔥 ,93.3,80.4,35.1,73.9,-4.15,9361.0,-2.77,10,2,2009,0
2009-10-21,台北一,SE6 青蔥 粉蔥 ,99.6,81.5,48.5,78.5,6.22,8118.0,-13.28,10,3,2009,0
2009-10-22,台北一,SE6 青蔥 粉蔥 ,94.3,77.7,50.1,75.5,-3.82,9839.0,21.2,10,4,2009,0
2009-10-23,台北一,SE6 青蔥 粉蔥 ,90.4,75.0,44.0,71.9,-4.77,8431.0,-14.31,10,5,2009,0
2009-10-24,台北一,SE6 青蔥 粉蔥 ,79.4,64.1,42.8,62.9,-12.52,11692.0,38.68,10,6,2009,0
2009-10-25,台北一,SE6 青蔥 粉蔥 ,74.6,61.1,43.6,60.3,-4.13,11186.0,-4.33,10,7,2009,0
2009-10-26,台北一,SE6 青蔥 粉蔥 ,,,,,,,,10,1,2009,1
2009-10-27,台北一,SE6 青蔥 粉蔥 ,83.8,75.7,54.4,73.1,21.23,6230.0,-44.31,10,2,2009,0
2009-10-28,台北一,SE6 青蔥 粉蔥 ,83.4,69.9,50.1,68.6,-6.16,6764.0,8.57,10,3,2009,0
2009-10-29,台北一,SE6 青蔥 粉蔥 ,63.6,53.1,35.1,51.6,-24.78,8490.0,25.52,10,4,2009,0
2009-10-30,台北一,SE6 青蔥 粉蔥 ,66.9,52.7,33.5,51.7,0.19,8218.0,-3.2,10,5,2009,0
2009-10-31,台北一,SE6 青蔥 粉蔥 ,73.7,54.8,28.1,53.2,2.9,10222.0,24.39,10,6,2009,0
2009-11-01,台北一,SE6 青蔥 粉蔥 ,74.2,59.7,33.2,57.3,7.71,11381.0,11.34,11,7,2009,0
2009-11-02,台北一,SE6 青蔥 粉蔥 ,,,,,,,,11,1,2009,1
2009-11-03,台北一,SE6 青蔥 粉蔥 ,71.8,56.7,39.6,56.3,-1.75,11907.0,4.62,11,2,2009,0
2009-11-04,台北一,SE6 青蔥 粉蔥 ,64.3,52.5,39.3,52.2,-7.28,9363.0,-21.37,11,3,2009,0
2009-11-05,台北一,SE6 青蔥 粉蔥 ,64.3,51.1,36.1,50.7,-2.87,7900.0,-15.63,11,4,2009,0
2009-11-06,台北一,SE6 青蔥 粉蔥 ,61.1,48.4,26.8,46.6,-8.09,7853.0,-0.59,11,5,2009,0
2009-11-07,台北一,SE6 青蔥 粉蔥 ,60.0,49.2,29.0,47.3,1.5,6783.0,-13.63,11,6,2009,0
2009-11-08,台北一,SE6 青蔥 粉蔥 ,62.0,47.8,21.4,45.3,-4.23,6977.0,2.86,11,7,2009,0
2009-11-09,台北一,SE6 青蔥 粉蔥 ,,,,,,,,11,1,2009,1
2009-11-10,台北一,SE6 青蔥 粉蔥 ,57.7,47.1,24.8,44.8,-1.1,8926.0,27.93,11,2,2009,0
2009-11-11,台北一,SE6 青蔥 粉蔥 ,56.3,44.4,29.4,43.8,-2.23,9021.0,1.06,11,3,2009,0
2009-11-12,台北一,SE6 青蔥 粉蔥 ,54.7,40.8,23.6,40.1,-8.45,8587.0,-4.81,11,4,2009,0
2009-11-13,台北一,SE6 青蔥 粉蔥 ,56.2,38.3,22.4,38.7,-3.49,6886.0,-19.81,11,5,2009,0
2009-11-14,台北一,SE6 青蔥 粉蔥 ,46.4,38.1,27.0,37.5,-3.1,8555.0,24.24,11,6,2009,0
2009-11-15,台北一,SE6 青蔥 粉蔥 ,41.8,30.3,16.8,29.9,-20.27,12907.0,50.87,11,7,2009,0
2009-11-16,台北一,SE6 青蔥 粉蔥 ,,,,,,,,11,1,2009,1
2009-11-17,台北一,SE6 青蔥 粉蔥 ,45.3,35.4,23.7,35.0,17.06,9756.0,-24.41,11,2,2009,0
2009-11-18,台北一,SE6 青蔥 粉蔥 ,43.9,34.6,21.3,33.8,-3.43,9278.0,-4.9,11,3,2009,0
2009-11-19,台北一,SE6 青蔥 粉蔥 ,40.3,30.6,20.6,30.5,-9.76,8509.0,-8.29,11,4,2009,0
2009-11-20,台北一,SE6 青蔥 粉蔥 ,37.8,32.8,21.6,31.5,3.28,7943.0,-6.65,11,5,2009,0
2009-11-21,台北一,SE6 青蔥 粉蔥 ,38.5,32.5,22.6,31.7,0.63,10138.0,27.63,11,6,2009,0
2009-11-22,台北一,SE6 青蔥 粉蔥 ,36.9,31.3,22.1,30.6,-3.47,8318.0,-17.95,11,7,2009,0
2009-11-23,台北一,SE6 青蔥 粉蔥 ,,,,,,,,11,1,2009,1
2009-11-24,台北一,SE6 青蔥 粉蔥 ,35.2,27.3,17.3,26.9,-12.09,11046.0,32.8,11,2,2009,0
2009-11-25,台北一,SE6 青蔥 粉蔥 ,32.1,25.8,15.8,25.1,-6.69,8829.0,-20.07,11,3,2009,0
2009-11-26,台北一,SE6 青蔥 粉蔥 ,32.5,25.8,14.0,24.8,-1.2,8662.0,-1.89,11,4,2009,0
2009-11-27,台北一,SE6 青蔥 粉蔥 ,31.3,23.6,13.2,23.1,-6.85,8478.0,-2.12,11,5,2009,0
2009-11-28,台北一,SE6 青蔥 粉蔥 ,32.7,25.5,16.7,25.2,9.09,8948.0,5.54,11,6,2009,0
2009-11-29,台北一,SE6 青蔥 粉蔥 ,35.2,27.5,19.4,27.4,8.73,7519.0,-15.97,11,7,2009,0
2009-11-30,台北一,SE6 青蔥 粉蔥 ,,,,,,,,11,1,2009,1
2009-12-01,台北一,SE6 青蔥 粉蔥 ,34.6,27.4,21.1,27.6,0.73,9121.0,21.31,12,2,2009,0
2009-12-02,台北一,SE6 青蔥 粉蔥 ,30.0,24.0,17.4,23.9,-13.41,10118.0,10.93,12,3,2009,0
2009-12-03,台北一,SE6 青蔥 粉蔥 ,29.5,22.6,15.0,22.5,-5.86,10674.0,5.5,12,4,2009,0
2009-12-04,台北一,SE6 青蔥 粉蔥 ,30.0,23.0,14.6,22.7,0.89,11280.0,5.68,12,5,2009,0
2009-12-05,台北一,SE6 青蔥 粉蔥 ,30.0,23.2,16.1,23.2,2.2,11760.0,4.26,12,6,2009,0
2009-12-06,台北一,SE6 青蔥 粉蔥 ,29.7,23.1,18.0,23.4,0.86,13541.0,15.14,12,7,2009,0
2009-12-07,台北一,SE6 青蔥 粉蔥 ,,,,,,,,12,1,2009,1
2009-12-08,台北一,SE6 青蔥 粉蔥 ,29.9,22.6,17.9,23.1,-1.28,13147.0,-2.91,12,2,2009,0
2009-12-09,台北一,SE6 青蔥 粉蔥 ,28.4,21.3,14.4,21.3,-7.79,12888.0,-1.97,12,3,2009,0
2009-12-10,台北一,SE6 青蔥 粉蔥 ,25.3,18.3,11.8,18.4,-13.62,12323.0,-4.38,12,4,2009,0
2009-12-11,台北一,SE6 青蔥 粉蔥 ,22.0,16.8,9.9,16.5,-10.33,11982.0,-2.77,12,5,2009,0
2009-12-12,台北一,SE6 青蔥 粉蔥 ,24.4,17.0,9.6,17.0,3.03,14886.0,24.24,12,6,2009,0
2009-12-13,台北一,SE6 青蔥 粉蔥 ,20.0,14.6,7.7,14.3,-15.88,14076.0,-5.44,12,7,2009,0
2009-12-14,台北一,SE6 青蔥 粉蔥 ,,,,,,,,12,1,2009,1
2009-12-15,台北一,SE6 青蔥 粉蔥 ,24.4,18.3,12.7,18.4,28.67,13280.0,-5.66,12,2,2009,0
2009-12-16,台北一,SE6 青蔥 粉蔥 ,22.3,18.3,14.1,18.2,-1.09,13759.0,3.61,12,3,2009,0
2009-12-17,台北一,SE6 青蔥 粉蔥 ,21.5,15.6,11.3,15.9,-12.64,14407.0,4.71,12,4,2009,0
2009-12-18,台北一,SE6 青蔥 粉蔥 ,19.6,14.7,10.0,14.7,-7.55,14386.0,-0.15,12,5,2009,0
2009-12-19,台北一,SE6 青蔥 粉蔥 ,23.3,19.1,14.7,19.0,29.25,14672.0,1.99,12,6,2009,0
2009-12-20,台北一,SE6 青蔥 粉蔥 ,26.9,23.4,18.1,23.1,21.58,15399.0,4.96,12,7,2009,0
2009-12-21,台北一,SE6 青蔥 粉蔥 ,,,,,,,,12,1,2009,1
2009-12-22,台北一,SE6 青蔥 粉蔥 ,26.6,21.7,15.9,21.5,-6.93,19240.0,24.94,12,2,2009,0
2009-12-23,台北一,SE6 青蔥 粉蔥 ,27.3,20.8,15.1,21.0,-2.33,13714.0,-28.72,12,3,2009,0
2009-12-24,台北一,SE6 青蔥 粉蔥 ,22.3,17.2,11.7,17.1,-18.57,17939.0,30.81,12,4,2009,0
2009-12-25,台北一,SE6 青蔥 粉蔥 ,20.7,16.8,11.3,16.5,-3.51,15193.0,-15.31,12,5,2009,0
2009-12-26,台北一,SE6 青蔥 粉蔥 ,20.4,15.9,11.1,15.9,-3.64,20250.0,33.29,12,6,2009,0
2009-12-27,台北一,SE6 青蔥 粉蔥 ,20.0,16.2,12.2,16.2,1.89,18439.0,-8.94,12,7,2009,0
2009-12-28,台北一,SE6 青蔥 粉蔥 ,,,,,,,,12,1,2009,1
2009-12-29,台北一,SE6 青蔥 粉蔥 ,20.9,17.4,13.5,17.3,6.79,19085.0,3.5,12,2,2009,0
2009-12-30,台北一,SE6 青蔥 粉蔥 ,19.7,16.1,11.8,16.0,-7.51,19406.0,1.68,12,3,2009,0
2009-12-31,台北一,SE6 青蔥 粉蔥 ,20.4,16.3,11.9,16.2,1.25,17559.0,-9.52,12,4,2009,0
2010-01-01,台北一,SE6 青蔥 粉蔥 ,21.1,16.2,12.6,16.4,1.23,20420.0,16.29,1,5,2010,0
2010-01-02,台北一,SE6 青蔥 粉蔥 ,19.9,15.3,12.7,15.7,-4.27,20292.0,-0.63,1,6,2010,0
2010-01-03,台北一,SE6 青蔥 粉蔥 ,19.6,15.5,12.7,15.8,0.64,22181.0,9.31,1,7,2010,0
2010-01-04,台北一,SE6 青蔥 粉蔥 ,,,,,,,,1,1,2010,1
2010-01-05,台北一,SE6 青蔥 粉蔥 ,19.3,15.6,12.3,15.7,-0.63,20834.0,-6.07,1,2,2010,0
2010-01-06,台北一,SE6 青蔥 粉蔥 ,18.7,14.9,11.9,15.0,-4.46,20082.0,-3.61,1,3,2010,0
2010-01-07,台北一,SE6 青蔥 粉蔥 ,17.1,13.7,10.8,13.8,-8.0,20418.0,1.67,1,4,2010,0
2010-01-08,台北一,SE6 青蔥 粉蔥 ,19.1,13.1,9.1,13.5,-2.17,18664.0,-8.59,1,5,2010,0
2010-01-09,台北一,SE6 青蔥 粉蔥 ,19.4,15.1,10.2,14.9,10.37,20735.0,11.1,1,6,2010,0
2010-01-10,台北一,SE6 青蔥 粉蔥 ,25.4,18.8,12.2,18.8,26.17,21956.0,5.89,1,7,2010,0
2010-01-11,台北一,SE6 青蔥 粉蔥 ,,,,,,,,1,1,2010,1
2010-01-12,台北一,SE6 青蔥 粉蔥 ,24.7,18.6,11.4,18.4,-2.13,24436.0,11.3,1,2,2010,0
2010-01-13,台北一,SE6 青蔥 粉蔥 ,21.9,16.5,11.9,16.6,-9.78,20829.0,-14.76,1,3,2010,0
2010-01-14,台北一,SE6 青蔥 粉蔥 ,22.0,16.9,12.1,16.9,1.81,20117.0,-3.42,1,4,2010,0
2010-01-15,台北一,SE6 青蔥 粉蔥 ,21.7,16.8,11.8,16.8,-0.59,24076.0,19.68,1,5,2010,0
2010-01-16,台北一,SE6 青蔥 粉蔥 ,19.1,14.8,11.1,14.9,-11.31,28597.0,18.78,1,6,2010,0
2010-01-17,台北一,SE6 青蔥 粉蔥 ,18.5,14.2,10.0,14.2,-4.7,30181.0,5.54,1,7,2010,0
2010-01-18,台北一,SE6 青蔥 粉蔥 ,,,,,,,,1,1,2010,1
2010-01-19,台北一,SE6 青蔥 粉蔥 ,17.5,12.8,8.7,12.9,-9.15,32125.0,6.44,1,2,2010,0
2010-01-20,台北一,SE6 青蔥 粉蔥 ,15.4,11.5,7.6,11.5,-10.85,28618.0,-10.92,1,3,2010,0
2010-01-21,台北一,SE6 青蔥 粉蔥 ,14.0,10.4,6.5,10.3,-10.43,25085.0,-12.35,1,4,2010,0
2010-01-22,台北一,SE6 青蔥 粉蔥 ,15.4,10.8,6.7,10.9,5.83,24562.0,-2.08,1,5,2010,0
2010-01-23,台北一,SE6 青蔥 粉蔥 ,18.4,13.8,8.9,13.7,25.69,21094.0,-14.12,1,6,2010,0
2010-01-24,台北一,SE6 青蔥 粉蔥 ,21.3,17.2,12.1,17.0,24.09,21244.0,0.71,1,7,2010,0
2010-01-25,台北一,SE6 青蔥 粉蔥 ,,,,,,,,1,1,2010,1
2010-01-26,台北一,SE6 青蔥 粉蔥 ,20.9,16.2,11.6,16.2,-4.71,26113.0,22.92,1,2,2010,0
2010-01-27,台北一,SE6 青蔥 粉蔥 ,18.7,14.0,9.9,14.1,-12.96,22054.0,-15.54,1,3,2010,0
2010-01-28,台北一,SE6 青蔥 粉蔥 ,19.9,14.7,10.1,14.8,4.96,23701.0,7.47,1,4,2010,0
2010-01-29,台北一,SE6 青蔥 粉蔥 ,17.0,13.2,9.4,13.2,-10.81,28757.0,21.33,1,5,2010,0
2010-01-30,台北一,SE6 青蔥 粉蔥 ,17.8,12.9,8.2,13.0,-1.52,32558.0,13.22,1,6,2010,0
2010-01-31,台北一,SE6 青蔥 粉蔥 ,14.6,10.7,6.3,10.6,-18.46,32070.0,-1.5,1,7,2010,0
2010-02-01,台北一,SE6 青蔥 粉蔥 ,,,,,,,,2,1,2010,1
2010-02-02,台北一,SE6 青蔥 粉蔥 ,15.4,11.8,7.1,11.6,9.43,28660.0,-10.63,2,2,2010,0
2010-02-03,台北一,SE6 青蔥 粉蔥 ,14.1,11.2,7.5,11.0,-5.17,27411.0,-4.36,2,3,2010,0
2010-02-04,台北一,SE6 青蔥 粉蔥 ,14.5,10.4,7.4,10.6,-3.64,27164.0,-0.9,2,4,2010,0
2010-02-05,台北一,SE6 青蔥 粉蔥 ,14.6,11.3,7.9,11.3,6.6,25639.0,-5.61,2,5,2010,0
2010-02-06,台北一,SE6 青蔥 粉蔥 ,15.9,12.7,9.8,12.7,12.39,24778.0,-3.36,2,6,2010,0
2010-02-07,台北一,SE6 青蔥 粉蔥 ,18.3,14.3,10.3,14.3,12.6,29307.0,18.28,2,7,2010,0
2010-02-08,台北一,SE6 青蔥 粉蔥 ,,,,,,,,2,1,2010,1
2010-02-09,台北一,SE6 青蔥 粉蔥 ,20.4,16.1,11.0,15.9,11.19,33849.0,15.5,2,2,2010,0
2010-02-10,台北一,SE6 青蔥 粉蔥 ,29.2,23.3,17.5,23.3,46.54,36538.0,7.94,2,3,2010,0
2010-02-11,台北一,SE6 青蔥 粉蔥 ,33.2,21.1,14.1,22.1,-5.15,45154.0,23.58,2,4,2010,0
2010-02-12,台北一,SE6 青蔥 粉蔥 ,28.5,15.7,5.4,16.2,-26.7,54807.0,21.38,2,5,2010,0
2010-02-13,台北一,SE6 青蔥 粉蔥 ,34.5,23.7,12.0,23.5,45.06,30714.0,-43.96,2,6,2010,0
2010-02-14,台北一,SE6 青蔥 粉蔥 ,,,,,,,,2,7,2010,1
2010-02-15,台北一,SE6 青蔥 粉蔥 ,,,,,,,,2,1,2010,1
2010-02-16,台北一,SE6 青蔥 粉蔥 ,,,,,,,,2,2,2010,1
2010-02-17,台北一,SE6 青蔥 粉蔥 ,,,,,,,,2,3,2010,1
2010-02-18,台北一,SE6 青蔥 粉蔥 ,,,,,,,,2,4,2010,1
2010-02-19,台北一,SE6 青蔥 粉蔥 ,28.8,22.2,17.8,22.7,-3.4,19737.0,-35.74,2,5,2010,0
2010-02-20,台北一,SE6 青蔥 粉蔥 ,35.9,29.7,24.3,29.9,31.72,15794.0,-19.98,2,6,2010,0
2010-02-21,台北一,SE6 青蔥 粉蔥 ,51.2,44.7,34.1,43.8,46.49,18033.0,14.18,2,7,2010,0
2010-02-22,台北一,SE6 青蔥 粉蔥 ,,,,,,,,2,1,2010,1
2010-02-23,台北一,SE6 青蔥 粉蔥 ,34.8,29.7,22.7,29.3,-33.11,28622.0,58.72,2,2,2010,0
2010-02-24,台北一,SE6 青蔥 粉蔥 ,26.6,17.8,10.4,18.1,-38.23,28644.0,0.08,2,3,2010,0
2010-02-25,台北一,SE6 青蔥 粉蔥 ,22.7,11.4,4.1,12.2,-32.6,26378.0,-7.91,2,4,2010,0
2010-02-26,台北一,SE6 青蔥 粉蔥 ,25.4,13.6,6.0,14.5,18.85,22818.0,-13.5,2,5,2010,0
2010-02-27,台北一,SE6 青蔥 粉蔥 ,24.8,14.5,6.8,15.1,4.14,24364.0,6.78,2,6,2010,0
2010-02-28,台北一,SE6 青蔥 粉蔥 ,32.3,19.2,9.9,20.0,32.45,28684.0,17.73,2,7,2010,0
2010-03-01,台北一,SE6 青蔥 粉蔥 ,,,,,,,,3,1,2010,1
2010-03-02,台北一,SE6 青蔥 粉蔥 ,,,,,,,,3,2,2010,1
2010-03-03,台北一,SE6 青蔥 粉蔥 ,28.2,16.7,9.0,17.4,-13.0,22494.0,-21.58,3,3,2010,0
2010-03-04,台北一,SE6 青蔥 粉蔥 ,30.9,22.4,10.1,21.6,24.14,19247.0,-14.43,3,4,2010,0
2010-03-05,台北一,SE6 青蔥 粉蔥 ,33.2,25.8,16.4,25.4,17.59,19394.0,0.76,3,5,2010,0
2010-03-06,台北一,SE6 青蔥 粉蔥 ,33.6,23.1,13.9,23.3,-8.27,22822.0,17.68,3,6,2010,0
2010-03-07,台北一,SE6 青蔥 粉蔥 ,36.6,24.3,14.5,24.8,6.44,23696.0,3.83,3,7,2010,0
2010-03-08,台北一,SE6 青蔥 粉蔥 ,,,,,,,,3,1,2010,1
2010-03-09,台北一,SE6 青蔥 粉蔥 ,32.1,23.5,16.7,23.8,-4.03,23653.0,-0.18,3,2,2010,0
2010-03-10,台北一,SE6 青蔥 粉蔥 ,31.1,23.2,16.9,23.5,-1.26,18947.0,-19.9,3,3,2010,0
2010-03-11,台北一,SE6 青蔥 粉蔥 ,34.5,28.2,19.8,27.8,18.3,16198.0,-14.51,3,4,2010,0
2010-03-12,台北一,SE6 青蔥 粉蔥 ,35.9,29.6,23.7,29.7,6.83,17649.0,8.96,3,5,2010,0
2010-03-13,台北一,SE6 青蔥 粉蔥 ,37.7,32.2,24.4,31.7,6.73,19114.0,8.3,3,6,2010,0
2010-03-14,台北一,SE6 青蔥 粉蔥 ,37.7,31.5,23.1,31.0,-2.21,21897.0,14.56,3,7,2010,0
2010-03-15,台北一,SE6 青蔥 粉蔥 ,,,,,,,,3,1,2010,1
2010-03-16,台北一,SE6 青蔥 粉蔥 ,33.6,28.2,21.6,27.9,-10.0,20760.0,-5.19,3,2,2010,0
2010-03-17,台北一,SE6 青蔥 粉蔥 ,35.3,28.4,23.0,28.7,2.87,20162.0,-2.88,3,3,2010,0
2010-03-18,台北一,SE6 青蔥 粉蔥 ,35.0,26.9,18.8,26.9,-6.27,20983.0,4.07,3,4,2010,0
2010-03-19,台北一,SE6 青蔥 粉蔥 ,33.1,24.3,18.0,24.8,-7.81,22060.0,5.13,3,5,2010,0
2010-03-20,台北一,SE6 青蔥 粉蔥 ,32.1,24.5,15.7,24.2,-2.42,23675.0,7.32,3,6,2010,0
2010-03-21,台北一,SE6 青蔥 粉蔥 ,30.3,22.0,14.7,22.2,-8.26,25798.0,8.97,3,7,2010,0
2010-03-22,台北一,SE6 青蔥 粉蔥 ,,,,,,,,3,1,2010,1
2010-03-23,台北一,SE6 青蔥 粉蔥 ,31.8,23.6,17.4,24.0,8.11,23066.0,-10.59,3,2,2010,0
2010-03-24,台北一,SE6 青蔥 粉蔥 ,30.4,22.5,13.9,22.4,-6.67,22542.0,-2.27,3,3,2010,0
2010-03-25,台北一,SE6 青蔥 粉蔥 ,29.4,20.5,13.2,20.8,-7.14,20073.0,-10.95,3,4,2010,0
2010-03-26,台北一,SE6 青蔥 粉蔥 ,28.9,21.9,14.3,21.8,4.81,21561.0,7.41,3,5,2010,0
2010-03-27,台北一,SE6 青蔥 粉蔥 ,29.3,23.0,18.8,23.4,7.34,19029.0,-11.74,3,6,2010,0
2010-03-28,台北一,SE6 青蔥 粉蔥 ,30.0,24.7,20.5,24.9,6.41,22993.0,20.83,3,7,2010,0
2010-03-29,台北一,SE6 青蔥 粉蔥 ,,,,,,,,3,1,2010,1
2010-03-30,台北一,SE6 青蔥 粉蔥 ,30.6,26.1,21.8,26.1,4.82,21402.0,-6.92,3,2,2010,0
2010-03-31,台北一,SE6 青蔥 粉蔥 ,29.0,25.7,21.1,25.4,-2.68,21241.0,-0.75,3,3,2010,0
2010-04-01,台北一,SE6 青蔥 粉蔥 ,29.8,25.5,20.0,25.2,-0.79,20988.0,-1.19,4,4,2010,0
2010-04-02,台北一,SE6 青蔥 粉蔥 ,33.2,27.3,20.7,27.2,7.94,19054.0,-9.21,4,5,2010,0
2010-04-03,台北一,SE6 青蔥 粉蔥 ,35.1,27.9,22.4,28.3,4.04,22965.0,20.53,4,6,2010,0
2010-04-04,台北一,SE6 青蔥 粉蔥 ,33.8,27.7,22.0,27.8,-1.77,27086.0,17.94,4,7,2010,0
2010-04-05,台北一,SE6 青蔥 粉蔥 ,,,,,,,,4,1,2010,1
2010-04-06,台北一,SE6 青蔥 粉蔥 ,,,,,,,,4,2,2010,1
2010-04-07,台北一,SE6 青蔥 粉蔥 ,35.3,28.8,23.6,29.1,4.68,19385.0,-28.43,4,3,2010,0
2010-04-08,台北一,SE6 青蔥 粉蔥 ,34.7,30.3,25.3,30.2,3.78,17600.0,-9.21,4,4,2010,0
2010-04-09,台北一,SE6 青蔥 粉蔥 ,36.0,31.7,25.4,31.3,3.64,17076.0,-2.98,4,5,2010,0
2010-04-10,台北一,SE6 青蔥 粉蔥 ,37.7,33.2,25.0,32.5,3.83,16813.0,-1.54,4,6,2010,0
2010-04-11,台北一,SE6 青蔥 粉蔥 ,37.2,32.7,25.1,32.1,-1.23,22176.0,31.9,4,7,2010,0
2010-04-12,台北一,SE6 青蔥 粉蔥 ,,,,,,,,4,1,2010,1
2010-04-13,台北一,SE6 青蔥 粉蔥 ,35.5,31.6,22.8,30.6,-4.67,20030.0,-9.68,4,2,2010,0
2010-04-14,台北一,SE6 青蔥 粉蔥 ,35.4,29.8,21.6,29.3,-4.25,19712.0,-1.59,4,3,2010,0
2010-04-15,台北一,SE6 青蔥 粉蔥 ,36.0,30.0,21.1,29.4,0.34,17547.0,-10.98,4,4,2010,0
2010-04-16,台北一,SE6 青蔥 粉蔥 ,36.3,31.0,22.5,30.4,3.4,18397.0,4.84,4,5,2010,0
2010-04-17,台北一,SE6 青蔥 粉蔥 ,35.9,30.1,23.1,29.8,-1.97,18253.0,-0.78,4,6,2010,0
2010-04-18,台北一,SE6 青蔥 粉蔥 ,33.4,27.4,21.0,27.3,-8.39,21863.0,19.78,4,7,2010,0
2010-04-19,台北一,SE6 青蔥 粉蔥 ,,,,,,,,4,1,2010,1
2010-04-20,台北一,SE6 青蔥 粉蔥 ,35.5,29.9,20.4,29.1,6.59,18918.0,-13.47,4,2,2010,0
2010-04-21,台北一,SE6 青蔥 粉蔥 ,36.0,30.5,17.4,29.0,-0.34,17683.0,-6.53,4,3,2010,0
2010-04-22,台北一,SE6 青蔥 粉蔥 ,34.6,28.1,15.7,26.9,-7.24,16984.0,-3.95,4,4,2010,0
2010-04-23,台北一,SE6 青蔥 粉蔥 ,33.4,27.0,18.1,26.5,-1.49,15675.0,-7.71,4,5,2010,0
2010-04-24,台北一,SE6 青蔥 粉蔥 ,38.1,33.7,24.1,32.7,23.4,15232.0,-2.83,4,6,2010,0
2010-04-25,台北一,SE6 青蔥 粉蔥 ,47.6,42.3,32.2,41.4,26.61,18430.0,21.0,4,7,2010,0
2010-04-26,台北一,SE6 青蔥 粉蔥 ,,,,,,,,4,1,2010,1
2010-04-27,台北一,SE6 青蔥 粉蔥 ,40.9,34.1,26.3,33.9,-18.12,22403.0,21.56,4,2,2010,0
2010-04-28,台北一,SE6 青蔥 粉蔥 ,37.0,30.5,24.1,30.5,-10.03,20590.0,-8.09,4,3,2010,0
2010-04-29,台北一,SE6 青蔥 粉蔥 ,35.8,32.3,25.1,31.6,3.61,17359.0,-15.69,4,4,2010,0
2010-04-30,台北一,SE6 青蔥 粉蔥 ,32.9,28.8,23.4,28.5,-9.81,20204.0,16.39,4,5,2010,0
2010-05-01,台北一,SE6 青蔥 粉蔥 ,35.5,30.7,24.7,30.5,7.02,17276.0,-14.49,5,6,2010,0
2010-05-02,台北一,SE6 青蔥 粉蔥 ,32.9,28.3,22.5,28.1,-7.87,23026.0,33.28,5,7,2010,0
2010-05-03,台北一,SE6 青蔥 粉蔥 ,,,,,,,,5,1,2010,1
2010-05-04,台北一,SE6 青蔥 粉蔥 ,29.8,24.5,18.2,24.3,-13.52,22255.0,-3.35,5,2,2010,0
2010-05-05,台北一,SE6 青蔥 粉蔥 ,29.4,24.3,18.0,24.0,-1.23,22481.0,1.02,5,3,2010,0
2010-05-06,台北一,SE6 青蔥 粉蔥 ,28.8,22.4,14.8,22.1,-7.92,19783.0,-12.0,5,4,2010,0
2010-05-07,台北一,SE6 青蔥 粉蔥 ,34.4,29.0,21.7,28.6,29.41,15300.0,-22.66,5,5,2010,0
2010-05-08,台北一,SE6 青蔥 粉蔥 ,33.1,26.6,19.6,26.5,-7.34,20047.0,31.03,5,6,2010,0
2010-05-09,台北一,SE6 青蔥 粉蔥 ,34.3,26.6,17.6,26.3,-0.75,25136.0,25.39,5,7,2010,0
2010-05-10,台北一,SE6 青蔥 粉蔥 ,,,,,,,,5,1,2010,1
2010-05-11,台北一,SE6 青蔥 粉蔥 ,32.1,24.9,16.4,24.7,-6.08,21171.0,-15.77,5,2,2010,0
2010-05-12,台北一,SE6 青蔥 粉蔥 ,30.8,24.0,16.5,23.9,-3.24,20564.0,-2.87,5,3,2010,0
2010-05-13,台北一,SE6 青蔥 粉蔥 ,30.9,23.7,14.9,23.4,-2.09,17410.0,-15.34,5,4,2010,0
2010-05-14,台北一,SE6 青蔥 粉蔥 ,30.9,23.8,14.3,23.3,-0.43,19656.0,12.9,5,5,2010,0
2010-05-15,台北一,SE6 青蔥 粉蔥 ,31.2,24.9,16.4,24.5,5.15,19085.0,-2.9,5,6,2010,0
2010-05-16,台北一,SE6 青蔥 粉蔥 ,31.4,24.6,16.3,24.3,-0.82,17982.0,-5.78,5,7,2010,0
2010-05-17,台北一,SE6 青蔥 粉蔥 ,,,,,,,,5,1,2010,1
2010-05-18,台北一,SE6 青蔥 粉蔥 ,34.7,25.9,16.7,25.8,6.17,15231.0,-15.3,5,2,2010,0
2010-05-19,台北一,SE6 青蔥 粉蔥 ,34.5,26.2,20.1,26.7,3.49,15857.0,4.11,5,3,2010,0
2010-05-20,台北一,SE6 青蔥 粉蔥 ,33.3,26.1,20.0,26.3,-1.5,16356.0,3.15,5,4,2010,0
2010-05-21,台北一,SE6 青蔥 粉蔥 ,32.1,24.6,17.8,24.8,-5.7,17099.0,4.54,5,5,2010,0
2010-05-22,台北一,SE6 青蔥 粉蔥 ,31.6,23.9,18.2,24.3,-2.02,17371.0,1.59,5,6,2010,0
2010-05-23,台北一,SE6 青蔥 粉蔥 ,32.1,23.9,18.4,24.5,0.82,19029.0,9.54,5,7,2010,0
2010-05-24,台北一,SE6 青蔥 粉蔥 ,,,,,,,,5,1,2010,1
2010-05-25,台北一,SE6 青蔥 粉蔥 ,35.8,29.8,23.1,29.7,21.22,12849.0,-32.48,5,2,2010,0
2010-05-26,台北一,SE6 青蔥 粉蔥 ,34.6,27.7,23.4,28.2,-5.05,16029.0,24.75,5,3,2010,0
2010-05-27,台北一,SE6 青蔥 粉蔥 ,34.8,28.4,24.0,28.8,2.13,16029.0,0.0,5,4,2010,0
2010-05-28,台北一,SE6 青蔥 粉蔥 ,34.5,28.5,23.7,28.7,-0.35,17435.0,8.77,5,5,2010,0
2010-05-29,台北一,SE6 青蔥 粉蔥 ,35.7,29.5,23.0,29.5,2.79,18185.0,4.3,5,6,2010,0
2010-05-30,台北一,SE6 青蔥 粉蔥 ,34.9,28.1,21.8,28.2,-4.41,18337.0,0.84,5,7,2010,0
2010-05-31,台北一,SE6 青蔥 粉蔥 ,,,,,,,,5,1,2010,1
2010-06-01,台北一,SE6 青蔥 粉蔥 ,35.2,28.3,22.2,28.5,1.06,21061.0,14.86,6,2,2010,0
2010-06-02,台北一,SE6 青蔥 粉蔥 ,35.2,27.9,21.8,28.1,-1.4,18184.0,-13.66,6,3,2010,0
2010-06-03,台北一,SE6 青蔥 粉蔥 ,35.6,27.9,21.6,28.2,0.36,16480.0,-9.37,6,4,2010,0
2010-06-04,台北一,SE6 青蔥 粉蔥 ,37.6,31.2,26.5,31.6,12.06,16178.0,-1.83,6,5,2010,0
2010-06-05,台北一,SE6 青蔥 粉蔥 ,34.9,29.4,24.7,29.5,-6.65,17697.0,9.39,6,6,2010,0
2010-06-06,台北一,SE6 青蔥 粉蔥 ,36.3,30.4,24.6,30.4,3.05,21552.0,21.78,6,7,2010,0
2010-06-07,台北一,SE6 青蔥 粉蔥 ,,,,,,,,6,1,2010,1
2010-06-08,台北一,SE6 青蔥 粉蔥 ,36.5,29.9,23.4,29.9,-1.64,18590.0,-13.74,6,2,2010,0
2010-06-09,台北一,SE6 青蔥 粉蔥 ,35.5,29.3,24.0,29.5,-1.34,16155.0,-13.1,6,3,2010,0
2010-06-10,台北一,SE6 青蔥 粉蔥 ,35.4,29.7,21.4,29.2,-1.02,13921.0,-13.83,6,4,2010,0
2010-06-11,台北一,SE6 青蔥 粉蔥 ,35.1,27.5,18.5,27.2,-6.85,15228.0,9.39,6,5,2010,0
2010-06-12,台北一,SE6 青蔥 粉蔥 ,32.2,26.3,19.7,26.1,-4.04,14779.0,-2.95,6,6,2010,0
2010-06-13,台北一,SE6 青蔥 粉蔥 ,33.5,26.7,19.1,26.6,1.92,14943.0,1.11,6,7,2010,0
2010-06-14,台北一,SE6 青蔥 粉蔥 ,,,,,,,,6,1,2010,1
2010-06-15,台北一,SE6 青蔥 粉蔥 ,36.1,30.1,22.6,29.8,12.03,16917.0,13.21,6,2,2010,0
2010-06-16,台北一,SE6 青蔥 粉蔥 ,40.8,31.4,24.0,31.8,6.71,20389.0,20.52,6,3,2010,0
2010-06-17,台北一,SE6 青蔥 粉蔥 ,,,,,,,,6,4,2010,1
2010-06-18,台北一,SE6 青蔥 粉蔥 ,,,,,,,,6,5,2010,1
2010-06-19,台北一,SE6 青蔥 粉蔥 ,33.7,26.5,18.8,26.4,-16.98,21111.0,3.54,6,6,2010,0
2010-06-20,台北一,SE6 青蔥 粉蔥 ,31.4,24.5,16.7,24.3,-7.95,21051.0,-0.28,6,7,2010,0
2010-06-21,台北一,SE6 青蔥 粉蔥 ,,,,,,,,6,1,2010,1
2010-06-22,台北一,SE6 青蔥 粉蔥 ,33.2,24.9,17.4,25.1,3.29,18443.0,-12.39,6,2,2010,0
2010-06-23,台北一,SE6 青蔥 粉蔥 ,30.6,22.8,14.6,22.7,-9.56,17071.0,-7.44,6,3,2010,0
2010-06-24,台北一,SE6 青蔥 粉蔥 ,30.0,21.2,14.2,21.6,-4.85,15123.0,-11.41,6,4,2010,0
2010-06-25,台北一,SE6 青蔥 粉蔥 ,27.7,21.5,13.2,21.1,-2.31,14543.0,-3.84,6,5,2010,0
2010-06-26,台北一,SE6 青蔥 粉蔥 ,29.1,22.9,16.6,22.9,8.53,14133.0,-2.82,6,6,2010,0
2010-06-27,台北一,SE6 青蔥 粉蔥 ,30.7,26.0,17.0,25.1,9.61,13560.0,-4.05,6,7,2010,0
2010-06-28,台北一,SE6 青蔥 粉蔥 ,,,,,,,,6,1,2010,1
2010-06-29,台北一,SE6 青蔥 粉蔥 ,34.3,28.6,20.2,28.1,11.95,13310.0,-1.84,6,2,2010,0
2010-06-30,台北一,SE6 青蔥 粉蔥 ,32.4,26.6,16.8,25.8,-8.19,14996.0,12.67,6,3,2010,0
2010-07-01,台北一,SE6 青蔥 粉蔥 ,32.2,25.2,16.7,24.9,-3.49,14001.0,-6.64,7,4,2010,0
2010-07-02,台北一,SE6 青蔥 粉蔥 ,30.5,23.3,15.4,23.1,-7.23,14525.0,3.74,7,5,2010,0
2010-07-03,台北一,SE6 青蔥 粉蔥 ,32.4,24.3,17.4,24.5,6.06,11694.0,-19.49,7,6,2010,0
2010-07-04,台北一,SE6 青蔥 粉蔥 ,32.2,24.4,17.5,24.6,0.41,12237.0,4.64,7,7,2010,0
2010-07-05,台北一,SE6 青蔥 粉蔥 ,,,,,,,,7,1,2010,1
2010-07-06,台北一,SE6 青蔥 粉蔥 ,31.3,23.9,15.6,23.7,-3.66,13074.0,6.84,7,2,2010,0
2010-07-07,台北一,SE6 青蔥 粉蔥 ,30.5,23.7,16.0,23.5,-0.84,12937.0,-1.05,7,3,2010,0
2010-07-08,台北一,SE6 青蔥 粉蔥 ,30.4,23.0,15.4,23.0,-2.13,13452.0,3.98,7,4,2010,0
2010-07-09,台北一,SE6 青蔥 粉蔥 ,30.5,24.1,16.8,23.9,3.91,12649.0,-5.97,7,5,2010,0
2010-07-10,台北一,SE6 青蔥 粉蔥 ,32.7,26.9,18.7,26.4,10.46,11348.0,-10.29,7,6,2010,0
2010-07-11,台北一,SE6 青蔥 粉蔥 ,37.3,28.5,23.9,29.4,11.36,11239.0,-0.96,7,7,2010,0
2010-07-12,台北一,SE6 青蔥 粉蔥 ,,,,,,,,7,1,2010,1
2010-07-13,台北一,SE6 青蔥 粉蔥 ,40.1,34.3,27.7,34.1,15.99,12237.0,8.88,7,2,2010,0
2010-07-14,台北一,SE6 青蔥 粉蔥 ,42.3,37.4,30.1,36.9,8.21,11030.0,-9.86,7,3,2010,0
2010-07-15,台北一,SE6 青蔥 粉蔥 ,42.7,38.5,31.9,38.0,2.98,9859.0,-10.62,7,4,2010,0
2010-07-16,台北一,SE6 青蔥 粉蔥 ,41.9,38.6,32.0,37.9,-0.26,11152.0,13.11,7,5,2010,0
2010-07-17,台北一,SE6 青蔥 粉蔥 ,40.8,38.1,29.6,36.9,-2.64,12812.0,14.89,7,6,2010,0
2010-07-18,台北一,SE6 青蔥 粉蔥 ,39.6,35.6,25.8,34.4,-6.78,15184.0,18.51,7,7,2010,0
2010-07-19,台北一,SE6 青蔥 粉蔥 ,,,,,,,,7,1,2010,1
2010-07-20,台北一,SE6 青蔥 粉蔥 ,39.1,33.8,26.6,33.4,-2.91,12377.0,-18.49,7,2,2010,0
2010-07-21,台北一,SE6 青蔥 粉蔥 ,37.0,33.2,24.9,32.3,-3.29,11344.0,-8.35,7,3,2010,0
2010-07-22,台北一,SE6 青蔥 粉蔥 ,37.6,33.2,28.7,33.1,2.48,10007.0,-11.79,7,4,2010,0
2010-07-23,台北一,SE6 青蔥 粉蔥 ,42.8,38.4,31.8,38.0,14.8,8851.0,-11.55,7,5,2010,0
2010-07-24,台北一,SE6 青蔥 粉蔥 ,46.6,42.0,36.1,41.8,10.0,8494.0,-4.03,7,6,2010,0
2010-07-25,台北一,SE6 青蔥 粉蔥 ,50.3,47.1,38.8,46.1,10.29,10104.0,18.95,7,7,2010,0
2010-07-26,台北一,SE6 青蔥 粉蔥 ,,,,,,,,7,1,2010,1
2010-07-27,台北一,SE6 青蔥 粉蔥 ,51.0,46.4,38.1,45.7,-0.87,9543.0,-5.55,7,2,2010,0
2010-07-28,台北一,SE6 青蔥 粉蔥 ,51.3,45.4,37.9,45.0,-1.53,7648.0,-19.86,7,3,2010,0
2010-07-29,台北一,SE6 青蔥 粉蔥 ,49.8,44.2,37.3,44.0,-2.22,7130.0,-6.77,7,4,2010,0
2010-07-30,台北一,SE6 青蔥 粉蔥 ,46.4,39.1,24.0,37.5,-14.77,9120.0,27.91,7,5,2010,0
2010-07-31,台北一,SE6 青蔥 粉蔥 ,42.0,35.6,26.4,35.0,-6.67,10797.0,18.39,7,6,2010,0
2010-08-01,台北一,SE6 青蔥 粉蔥 ,38.9,32.2,26.6,32.4,-7.43,10054.0,-6.88,8,7,2010,0
2010-08-02,台北一,SE6 青蔥 粉蔥 ,,,,,,,,8,1,2010,1
2010-08-03,台北一,SE6 青蔥 粉蔥 ,43.7,38.5,29.9,37.8,16.67,8388.0,-16.57,8,2,2010,0
2010-08-04,台北一,SE6 青蔥 粉蔥 ,46.1,42.3,35.4,41.7,10.32,7663.0,-8.64,8,3,2010,0
2010-08-05,台北一,SE6 青蔥 粉蔥 ,47.8,43.0,37.4,42.8,2.64,8858.0,15.59,8,4,2010,0
2010-08-06,台北一,SE6 青蔥 粉蔥 ,54.2,47.1,37.0,46.5,8.64,8441.0,-4.71,8,5,2010,0
2010-08-07,台北一,SE6 青蔥 粉蔥 ,50.5,43.7,35.3,43.4,-6.67,10678.0,26.5,8,6,2010,0
2010-08-08,台北一,SE6 青蔥 粉蔥 ,48.9,42.7,33.4,42.1,-3.0,11254.0,5.39,8,7,2010,0
2010-08-09,台北一,SE6 青蔥 粉蔥 ,,,,,,,,8,1,2010,1
2010-08-10,台北一,SE6 青蔥 粉蔥 ,47.4,41.3,31.5,40.5,-3.8,8570.0,-23.85,8,2,2010,0
2010-08-11,台北一,SE6 青蔥 粉蔥 ,42.2,36.1,24.4,35.0,-13.58,7978.0,-6.91,8,3,2010,0
2010-08-12,台北一,SE6 青蔥 粉蔥 ,41.2,36.5,21.5,34.4,-1.71,4917.0,-38.37,8,4,2010,0
2010-08-13,台北一,SE6 青蔥 粉蔥 ,40.0,32.9,21.9,32.1,-6.69,5061.0,2.93,8,5,2010,0
2010-08-14,台北一,SE6 青蔥 粉蔥 ,38.3,32.5,20.7,31.3,-2.49,5059.0,-0.04,8,6,2010,0
2010-08-15,台北一,SE6 青蔥 粉蔥 ,38.3,34.4,21.6,32.6,4.15,6328.0,25.08,8,7,2010,0
2010-08-16,台北一,SE6 青蔥 粉蔥 ,,,,,,,,8,1,2010,1
2010-08-17,台北一,SE6 青蔥 粉蔥 ,50.0,41.8,26.8,40.4,23.93,5193.0,-17.94,8,2,2010,0
2010-08-18,台北一,SE6 青蔥 粉蔥 ,57.8,50.1,36.7,49.0,21.29,4102.0,-21.01,8,3,2010,0
2010-08-19,台北一,SE6 青蔥 粉蔥 ,50.0,46.3,35.9,45.0,-8.16,5332.0,29.99,8,4,2010,0
2010-08-20,台北一,SE6 青蔥 粉蔥 ,50.0,43.4,32.0,42.5,-5.56,5943.0,11.46,8,5,2010,0
2010-08-21,台北一,SE6 青蔥 粉蔥 ,45.0,40.5,31.8,39.7,-6.59,7205.0,21.24,8,6,2010,0
2010-08-22,台北一,SE6 青蔥 粉蔥 ,44.5,36.9,26.5,36.3,-8.56,8088.0,12.26,8,7,2010,0
2010-08-23,台北一,SE6 青蔥 粉蔥 ,42.7,34.9,21.0,33.7,-7.16,6480.0,-19.88,8,1,2010,0
2010-08-24,台北一,SE6 青蔥 粉蔥 ,47.7,41.1,23.2,38.8,15.13,6509.0,0.45,8,2,2010,0
2010-08-25,台北一,SE6 青蔥 粉蔥 ,,,,,,,,8,3,2010,1
2010-08-26,台北一,SE6 青蔥 粉蔥 ,,,,,,,,8,4,2010,1
2010-08-27,台北一,SE6 青蔥 粉蔥 ,61.2,56.3,50.0,56.0,44.33,1384.0,-78.74,8,5,2010,0
2010-08-28,台北一,SE6 青蔥 粉蔥 ,55.0,52.2,44.4,51.2,-8.57,540.0,-60.98,8,6,2010,0
2010-08-29,台北一,SE6 青蔥 粉蔥 ,59.1,54.9,38.7,52.5,2.54,1406.0,160.37,8,7,2010,0
2010-08-30,台北一,SE6 青蔥 粉蔥 ,,,,,,,,8,1,2010,1
2010-08-31,台北一,SE6 青蔥 粉蔥 ,61.4,53.8,35.7,51.7,-1.52,1683.0,19.7,8,2,2010,0
2010-09-01,台北一,SE6 青蔥 粉蔥 ,60.9,51.2,40.3,51.0,-1.35,1622.0,-3.62,9,3,2010,0
2010-09-02,台北一,SE6 青蔥 粉蔥 ,51.6,39.7,30.0,40.2,-21.18,837.0,-48.4,9,4,2010,0
2010-09-03,台北一,SE6 青蔥 粉蔥 ,45.0,31.2,24.3,32.6,-18.91,758.0,-9.44,9,5,2010,0
2010-09-04,台北一,SE6 青蔥 粉蔥 ,36.4,26.9,18.5,27.1,-16.87,940.0,24.01,9,6,2010,0
2010-09-05,台北一,SE6 青蔥 粉蔥 ,39.1,30.9,13.8,29.1,7.38,1148.0,22.13,9,7,2010,0
2010-09-06,台北一,SE6 青蔥 粉蔥 ,,,,,,,,9,1,2010,1
2010-09-07,台北一,SE6 青蔥 粉蔥 ,49.7,38.5,28.1,38.6,32.65,1352.0,17.77,9,2,2010,0
2010-09-08,台北一,SE6 青蔥 粉蔥 ,65.2,55.5,35.0,53.3,38.08,1174.0,-13.17,9,3,2010,0
2010-09-09,台北一,SE6 青蔥 粉蔥 ,54.3,51.1,43.0,50.1,-6.0,771.0,-34.33,9,4,2010,0
2010-09-10,台北一,SE6 青蔥 粉蔥 ,62.0,46.4,25.8,45.4,-9.38,1027.0,33.2,9,5,2010,0
2010-09-11,台北一,SE6 青蔥 粉蔥 ,55.7,37.9,31.0,40.1,-11.67,1882.0,83.25,9,6,2010,0
2010-09-12,台北一,SE6 青蔥 粉蔥 ,47.9,33.6,10.0,31.8,-20.7,1150.0,-38.89,9,7,2010,0
2010-09-13,台北一,SE6 青蔥 粉蔥 ,,,,,,,,9,1,2010,1
2010-09-14,台北一,SE6 青蔥 粉蔥 ,39.8,33.0,24.1,32.6,2.52,1740.0,51.3,9,2,2010,0
2010-09-15,台北一,SE6 青蔥 粉蔥 ,30.2,26.8,16.4,25.4,-22.09,946.0,-45.63,9,3,2010,0
2010-09-16,台北一,SE6 青蔥 粉蔥 ,51.6,35.3,25.0,36.5,43.7,1486.0,57.08,9,4,2010,0
2010-09-17,台北一,SE6 青蔥 粉蔥 ,73.7,62.4,41.8,60.5,65.75,2278.0,53.3,9,5,2010,0
2010-09-18,台北一,SE6 青蔥 粉蔥 ,65.0,63.2,45.5,60.0,-0.83,5126.0,125.02,9,6,2010,0
2010-09-19,台北一,SE6 青蔥 粉蔥 ,76.8,50.6,27.4,51.2,-14.67,1180.0,-76.98,9,7,2010,0
2010-09-20,台北一,SE6 青蔥 粉蔥 ,,,,,,,,9,1,2010,1
2010-09-21,台北一,SE6 青蔥 粉蔥 ,50.0,43.0,33.3,42.5,-16.99,300.0,-74.58,9,2,2010,0
2010-09-22,台北一,SE6 青蔥 粉蔥 ,46.0,38.8,25.6,37.6,-11.53,1514.0,404.67,9,3,2010,0
2010-09-23,台北一,SE6 青蔥 粉蔥 ,,,,,,,,9,4,2010,1
2010-09-24,台北一,SE6 青蔥 粉蔥 ,,,,,,,,9,5,2010,1
2010-09-25,台北一,SE6 青蔥 粉蔥 ,73.8,60.0,31.8,57.1,51.86,3675.0,142.73,9,6,2010,0
2010-09-26,台北一,SE6 青蔥 粉蔥 ,86.6,70.6,50.1,69.7,22.07,3316.0,-9.77,9,7,2010,0
2010-09-27,台北一,SE6 青蔥 粉蔥 ,,,,,,,,9,1,2010,1
2010-09-28,台北一,SE6 青蔥 粉蔥 ,80.0,70.3,51.4,68.5,-1.72,987.0,-70.24,9,2,2010,0
2010-09-29,台北一,SE6 青蔥 粉蔥 ,66.1,55.5,48.4,56.2,-17.96,1562.0,58.26,9,3,2010,0
2010-09-30,台北一,SE6 青蔥 粉蔥 ,57.4,51.9,36.0,49.8,-11.39,2120.0,35.72,9,4,2010,0
2010-10-01,台北一,SE6 青蔥 粉蔥 ,63.3,54.3,46.5,54.5,9.44,2094.0,-1.23,10,5,2010,0
2010-10-02,台北一,SE6 青蔥 粉蔥 ,57.6,48.3,30.1,46.5,-14.68,2899.0,38.44,10,6,2010,0
2010-10-03,台北一,SE6 青蔥 粉蔥 ,55.6,43.6,33.2,43.9,-5.59,2951.0,1.79,10,7,2010,0
2010-10-04,台北一,SE6 青蔥 粉蔥 ,,,,,,,,10,1,2010,1
2010-10-05,台北一,SE6 青蔥 粉蔥 ,59.8,48.1,36.5,48.1,9.57,2663.0,-9.76,10,2,2010,0
2010-10-06,台北一,SE6 青蔥 粉蔥 ,61.8,55.2,44.3,54.3,12.89,1733.0,-34.92,10,3,2010,0
2010-10-07,台北一,SE6 青蔥 粉蔥 ,67.5,63.2,38.5,59.1,8.84,1042.0,-39.87,10,4,2010,0
2010-10-08,台北一,SE6 青蔥 粉蔥 ,52.2,44.0,30.4,42.9,-27.41,2110.0,102.5,10,5,2010,0
2010-10-09,台北一,SE6 青蔥 粉蔥 ,42.4,31.9,24.6,32.5,-24.24,4033.0,91.14,10,6,2010,0
2010-10-10,台北一,SE6 青蔥 粉蔥 ,35.2,26.7,18.8,26.8,-17.54,3886.0,-3.64,10,7,2010,0
2010-10-11,台北一,SE6 青蔥 粉蔥 ,,,,,,,,10,1,2010,1
2010-10-12,台北一,SE6 青蔥 粉蔥 ,49.8,37.4,28.2,38.0,41.79,3585.0,-7.75,10,2,2010,0
2010-10-13,台北一,SE6 青蔥 粉蔥 ,49.9,36.7,23.9,36.8,-3.16,2821.0,-21.31,10,3,2010,0
2010-10-14,台北一,SE6 青蔥 粉蔥 ,46.0,29.3,11.7,29.1,-20.92,4348.0,54.13,10,4,2010,0
2010-10-15,台北一,SE6 青蔥 粉蔥 ,43.2,33.7,23.7,33.6,15.46,2878.0,-33.81,10,5,2010,0
2010-10-16,台北一,SE6 青蔥 粉蔥 ,50.6,44.1,29.5,42.5,26.49,2922.0,1.53,10,6,2010,0
2010-10-17,台北一,SE6 青蔥 粉蔥 ,65.0,51.2,37.4,51.2,20.47,3026.0,3.56,10,7,2010,0
2010-10-18,台北一,SE6 青蔥 粉蔥 ,,,,,,,,10,1,2010,1
2010-10-19,台北一,SE6 青蔥 粉蔥 ,53.2,41.6,30.3,41.7,-18.55,3824.0,26.37,10,2,2010,0
2010-10-20,台北一,SE6 青蔥 粉蔥 ,36.0,29.1,20.6,28.8,-30.94,4756.0,24.37,10,3,2010,0
2010-10-21,台北一,SE6 青蔥 粉蔥 ,38.0,28.1,18.8,28.2,-2.08,3383.0,-28.87,10,4,2010,0
2010-10-22,台北一,SE6 青蔥 粉蔥 ,63.1,36.2,27.3,39.8,41.13,3453.0,2.07,10,5,2010,0
2010-10-23,台北一,SE6 青蔥 粉蔥 ,62.7,52.9,35.5,51.4,29.15,5152.0,49.2,10,6,2010,0
2010-10-24,台北一,SE6 青蔥 粉蔥 ,68.7,47.2,30.4,48.2,-6.23,4983.0,-3.28,10,7,2010,0
2010-10-25,台北一,SE6 青蔥 粉蔥 ,,,,,,,,10,1,2010,1
2010-10-26,台北一,SE6 青蔥 粉蔥 ,62.2,45.2,34.3,46.4,-3.73,6015.0,20.71,10,2,2010,0
2010-10-27,台北一,SE6 青蔥 粉蔥 ,58.5,46.0,27.9,44.9,-3.23,8760.0,45.64,10,3,2010,0
2010-10-28,台北一,SE6 青蔥 粉蔥 ,50.4,41.6,31.5,41.3,-8.02,3891.0,-55.58,10,4,2010,0
2010-10-29,台北一,SE6 青蔥 粉蔥 ,48.3,40.1,28.3,39.4,-4.6,3645.0,-6.32,10,5,2010,0
2010-10-30,台北一,SE6 青蔥 粉蔥 ,54.7,43.8,29.1,43.0,9.14,4270.0,17.15,10,6,2010,0
2010-10-31,台北一,SE6 青蔥 粉蔥 ,57.3,41.3,19.2,40.0,-6.98,4961.0,16.18,10,7,2010,0
2010-11-01,台北一,SE6 青蔥 粉蔥 ,,,,,,,,11,1,2010,1
2010-11-02,台北一,SE6 青蔥 粉蔥 ,57.7,43.2,29.4,43.4,8.5,4255.0,-14.23,11,2,2010,0
2010-11-03,台北一,SE6 青蔥 粉蔥 ,50.3,40.6,28.0,40.0,-7.83,4510.0,5.99,11,3,2010,0
2010-11-04,台北一,SE6 青蔥 粉蔥 ,48.1,34.8,24.4,35.4,-11.5,4829.0,7.07,11,4,2010,0
2010-11-05,台北一,SE6 青蔥 粉蔥 ,43.1,28.8,19.6,29.8,-15.82,4857.0,0.58,11,5,2010,0
2010-11-06,台北一,SE6 青蔥 粉蔥 ,41.8,29.1,14.4,28.7,-3.69,4193.0,-13.67,11,6,2010,0
2010-11-07,台北一,SE6 青蔥 粉蔥 ,35.6,29.5,22.3,29.3,2.09,9285.0,121.44,11,7,2010,0
2010-11-08,台北一,SE6 青蔥 粉蔥 ,,,,,,,,11,1,2010,1
2010-11-09,台北一,SE6 青蔥 粉蔥 ,38.7,28.4,18.6,28.5,-2.73,4305.0,-53.63,11,2,2010,0
2010-11-10,台北一,SE6 青蔥 粉蔥 ,36.9,33.2,20.9,31.4,10.18,4538.0,5.41,11,3,2010,0
2010-11-11,台北一,SE6 青蔥 粉蔥 ,36.1,34.9,22.8,32.7,4.14,5401.0,19.02,11,4,2010,0
2010-11-12,台北一,SE6 青蔥 粉蔥 ,35.0,30.9,19.9,29.5,-9.79,4919.0,-8.92,11,5,2010,0
2010-11-13,台北一,SE6 青蔥 粉蔥 ,33.2,30.5,17.6,28.4,-3.73,5957.0,21.1,11,6,2010,0
2010-11-14,台北一,SE6 青蔥 粉蔥 ,34.7,30.1,25.0,30.0,5.63,5984.0,0.45,11,7,2010,0
2010-11-15,台北一,SE6 青蔥 粉蔥 ,,,,,,,,11,1,2010,1
2010-11-16,台北一,SE6 青蔥 粉蔥 ,32.4,29.0,19.2,27.7,-7.67,5542.0,-7.39,11,2,2010,0
2010-11-17,台北一,SE6 青蔥 粉蔥 ,32.8,29.8,17.8,28.0,1.08,7013.0,26.54,11,3,2010,0
2010-11-18,台北一,SE6 青蔥 粉蔥 ,34.0,28.2,15.2,26.7,-4.64,3524.0,-49.75,11,4,2010,0
2010-11-19,台北一,SE6 青蔥 粉蔥 ,39.2,29.0,15.4,28.3,5.99,3974.0,12.77,11,5,2010,0
2010-11-20,台北一,SE6 青蔥 粉蔥 ,38.8,30.0,19.3,29.6,4.59,7191.0,80.95,11,6,2010,0
2010-11-21,台北一,SE6 青蔥 粉蔥 ,38.8,35.2,23.5,33.6,13.51,6424.0,-10.67,11,7,2010,0
2010-11-22,台北一,SE6 青蔥 粉蔥 ,,,,,,,,11,1,2010,1
2010-11-23,台北一,SE6 青蔥 粉蔥 ,39.4,30.8,16.6,29.7,-11.61,5384.0,-16.19,11,2,2010,0
2010-11-24,台北一,SE6 青蔥 粉蔥 ,35.1,31.1,18.4,29.3,-1.35,8695.0,61.5,11,3,2010,0
2010-11-25,台北一,SE6 青蔥 粉蔥 ,33.7,29.8,20.7,28.8,-1.71,15359.0,76.64,11,4,2010,0
2010-11-26,台北一,SE6 青蔥 粉蔥 ,31.5,27.1,16.3,25.8,-10.42,14596.0,-4.97,11,5,2010,0
2010-11-27,台北一,SE6 青蔥 粉蔥 ,31.0,27.4,16.8,26.0,0.78,15073.0,3.27,11,6,2010,0
2010-11-28,台北一,SE6 青蔥 粉蔥 ,31.4,27.9,20.1,27.0,3.85,16049.0,6.48,11,7,2010,0
2010-11-29,台北一,SE6 青蔥 粉蔥 ,,,,,,,,11,1,2010,1
2010-11-30,台北一,SE6 青蔥 粉蔥 ,32.1,28.7,21.2,27.9,3.33,15330.0,-4.48,11,2,2010,0
2010-12-01,台北一,SE6 青蔥 粉蔥 ,33.7,30.8,23.8,30.0,7.53,11509.0,-24.92,12,3,2010,0
2010-12-02,台北一,SE6 青蔥 粉蔥 ,36.2,32.2,19.0,30.4,1.33,11144.0,-3.17,12,4,2010,0
2010-12-03,台北一,SE6 青蔥 粉蔥 ,33.6,29.9,18.2,28.3,-6.91,14683.0,31.76,12,5,2010,0
2010-12-04,台北一,SE6 青蔥 粉蔥 ,33.1,28.2,19.0,27.3,-3.53,13287.0,-9.51,12,6,2010,0
2010-12-05,台北一,SE6 青蔥 粉蔥 ,35.8,30.9,19.0,29.5,8.06,13713.0,3.21,12,7,2010,0
2010-12-06,台北一,SE6 青蔥 粉蔥 ,,,,,,,,12,1,2010,1
2010-12-07,台北一,SE6 青蔥 粉蔥 ,33.3,29.2,18.8,28.0,-5.08,17590.0,28.27,12,2,2010,0
2010-12-08,台北一,SE6 青蔥 粉蔥 ,30.1,25.9,14.4,24.4,-12.86,14787.0,-15.94,12,3,2010,0
2010-12-09,台北一,SE6 青蔥 粉蔥 ,30.6,26.1,14.8,24.7,1.23,16589.0,12.19,12,4,2010,0
2010-12-10,台北一,SE6 青蔥 粉蔥 ,30.1,26.2,15.9,24.9,0.81,17399.0,4.88,12,5,2010,0
2010-12-11,台北一,SE6 青蔥 粉蔥 ,29.8,24.6,17.5,24.2,-2.81,17333.0,-0.38,12,6,2010,0
2010-12-12,台北一,SE6 青蔥 粉蔥 ,30.1,24.0,17.5,23.9,-1.24,17341.0,0.05,12,7,2010,0
2010-12-13,台北一,SE6 青蔥 粉蔥 ,,,,,,,,12,1,2010,1
2010-12-14,台北一,SE6 青蔥 粉蔥 ,29.1,26.1,17.6,25.0,4.6,15114.0,-12.84,12,2,2010,0
2010-12-15,台北一,SE6 青蔥 粉蔥 ,26.3,22.8,14.5,21.8,-12.8,15441.0,2.16,12,3,2010,0
2010-12-16,台北一,SE6 青蔥 粉蔥 ,25.6,21.8,14.1,21.0,-3.67,16005.0,3.65,12,4,2010,0
2010-12-17,台北一,SE6 青蔥 粉蔥 ,31.4,26.8,18.0,26.0,23.81,12243.0,-23.51,12,5,2010,0
2010-12-18,台北一,SE6 青蔥 粉蔥 ,41.5,35.1,29.5,35.3,35.77,9863.0,-19.44,12,6,2010,0
2010-12-19,台北一,SE6 青蔥 粉蔥 ,36.1,32.6,28.8,32.5,-7.93,17956.0,82.05,12,7,2010,0
2010-12-20,台北一,SE6 青蔥 粉蔥 ,,,,,,,,12,1,2010,1
2010-12-21,台北一,SE6 青蔥 粉蔥 ,35.1,29.7,19.8,28.8,-11.38,19355.0,7.79,12,2,2010,0
2010-12-22,台北一,SE6 青蔥 粉蔥 ,30.2,26.2,18.9,25.6,-11.11,17289.0,-10.67,12,3,2010,0
2010-12-23,台北一,SE6 青蔥 粉蔥 ,30.5,26.3,19.6,25.8,0.78,12840.0,-25.73,12,4,2010,0
2010-12-24,台北一,SE6 青蔥 粉蔥 ,28.7,23.9,17.6,23.6,-8.53,16701.0,30.07,12,5,2010,0
2010-12-25,台北一,SE6 青蔥 粉蔥 ,27.2,23.1,16.5,22.6,-4.24,17229.0,3.16,12,6,2010,0
2010-12-26,台北一,SE6 青蔥 粉蔥 ,25.6,20.7,14.8,20.5,-9.29,17551.0,1.87,12,7,2010,0
2010-12-27,台北一,SE6 青蔥 粉蔥 ,,,,,,,,12,1,2010,1
2010-12-28,台北一,SE6 青蔥 粉蔥 ,26.8,21.3,15.4,21.2,3.41,19231.0,9.57,12,2,2010,0
2010-12-29,台北一,SE6 青蔥 粉蔥 ,26.1,22.0,15.4,21.5,1.42,16425.0,-14.59,12,3,2010,0
2010-12-30,台北一,SE6 青蔥 粉蔥 ,26.1,22.2,16.1,21.8,1.4,17700.0,7.76,12,4,2010,0
2010-12-31,台北一,SE6 青蔥 粉蔥 ,27.5,22.8,16.9,22.5,3.21,18037.0,1.9,12,5,2010,0
2011-01-01,台北一,SE6 青蔥 粉蔥 ,28.1,25.7,20.6,25.2,12.0,17177.0,-4.77,1,6,2011,0
2011-01-02,台北一,SE6 青蔥 粉蔥 ,28.3,25.6,20.3,25.0,-0.79,18850.0,9.74,1,7,2011,0
2011-01-03,台北一,SE6 青蔥 粉蔥 ,,,,,,,,1,1,2011,1
2011-01-04,台北一,SE6 青蔥 粉蔥 ,29.7,26.8,21.4,26.3,5.2,18424.0,-2.26,1,2,2011,0
2011-01-05,台北一,SE6 青蔥 粉蔥 ,29.1,25.6,20.1,25.2,-4.18,17631.0,-4.3,1,3,2011,0
2011-01-06,台北一,SE6 青蔥 粉蔥 ,28.2,24.5,17.0,23.8,-5.56,18576.0,5.36,1,4,2011,0
2011-01-07,台北一,SE6 青蔥 粉蔥 ,27.7,23.3,15.9,22.7,-4.62,19736.0,6.24,1,5,2011,0
2011-01-08,台北一,SE6 青蔥 粉蔥 ,27.3,23.8,15.9,22.9,0.88,20136.0,2.03,1,6,2011,0
2011-01-09,台北一,SE6 青蔥 粉蔥 ,25.0,21.3,13.5,20.5,-10.48,21263.0,5.6,1,7,2011,0
2011-01-10,台北一,SE6 青蔥 粉蔥 ,,,,,,,,1,1,2011,1
2011-01-11,台北一,SE6 青蔥 粉蔥 ,25.9,22.9,17.1,22.3,8.78,18516.0,-12.92,1,2,2011,0
2011-01-12,台北一,SE6 青蔥 粉蔥 ,25.8,22.2,15.5,21.6,-3.14,20714.0,11.87,1,3,2011,0
2011-01-13,台北一,SE6 青蔥 粉蔥 ,30.6,27.8,22.5,27.3,26.39,15402.0,-25.64,1,4,2011,0
2011-01-14,台北一,SE6 青蔥 粉蔥 ,36.3,34.5,27.1,33.4,22.34,15586.0,1.19,1,5,2011,0
2011-01-15,台北一,SE6 青蔥 粉蔥 ,32.4,28.2,21.6,27.7,-17.07,26040.0,67.07,1,6,2011,0
2011-01-16,台北一,SE6 青蔥 粉蔥 ,29.1,25.1,18.5,24.6,-11.19,28012.0,7.57,1,7,2011,0
2011-01-17,台北一,SE6 青蔥 粉蔥 ,,,,,,,,1,1,2011,1
2011-01-18,台北一,SE6 青蔥 粉蔥 ,28.3,24.4,16.8,23.7,-3.66,28157.0,0.52,1,2,2011,0
2011-01-19,台北一,SE6 青蔥 粉蔥 ,28.8,24.7,16.1,23.8,0.42,25382.0,-9.86,1,3,2011,0
2011-01-20,台北一,SE6 青蔥 粉蔥 ,28.3,23.9,14.7,22.9,-3.78,23915.0,-5.78,1,4,2011,0
2011-01-21,台北一,SE6 青蔥 粉蔥 ,25.8,21.0,12.8,20.3,-11.35,26014.0,8.78,1,5,2011,0
2011-01-22,台北一,SE6 青蔥 粉蔥 ,23.2,19.6,12.8,19.0,-6.4,26462.0,1.72,1,6,2011,0
2011-01-23,台北一,SE6 青蔥 粉蔥 ,23.3,18.2,7.7,17.1,-10.0,31822.0,20.26,1,7,2011,0
2011-01-24,台北一,SE6 青蔥 粉蔥 ,,,,,,,,1,1,2011,1
2011-01-25,台北一,SE6 青蔥 粉蔥 ,22.2,17.9,11.6,17.5,2.34,30232.0,-5.0,1,2,2011,0
2011-01-26,台北一,SE6 青蔥 粉蔥 ,22.2,18.7,12.6,18.2,4.0,26320.0,-12.94,1,3,2011,0
2011-01-27,台北一,SE6 青蔥 粉蔥 ,22.4,18.5,11.9,17.9,-1.65,27506.0,4.51,1,4,2011,0
2011-01-28,台北一,SE6 青蔥 粉蔥 ,24.0,19.6,13.0,19.1,6.7,26709.0,-2.9,1,5,2011,0
2011-01-29,台北一,SE6 青蔥 粉蔥 ,31.0,27.0,19.1,26.2,37.17,29598.0,10.82,1,6,2011,0
2011-01-30,台北一,SE6 青蔥 粉蔥 ,31.3,26.5,18.5,25.8,-1.53,38108.0,28.75,1,7,2011,0
2011-01-31,台北一,SE6 青蔥 粉蔥 ,31.0,27.4,22.4,27.1,5.04,40594.0,6.52,1,1,2011,0
2011-02-01,台北一,SE6 青蔥 粉蔥 ,36.0,33.8,25.3,32.5,19.93,44839.0,10.46,2,2,2011,0
2011-02-02,台北一,SE6 青蔥 粉蔥 ,35.7,27.6,10.6,25.8,-20.62,32049.0,-28.52,2,3,2011,0
2011-02-03,台北一,SE6 青蔥 粉蔥 ,,,,,,,,2,4,2011,1
2011-02-04,台北一,SE6 青蔥 粉蔥 ,,,,,,,,2,5,2011,1
2011-02-05,台北一,SE6 青蔥 粉蔥 ,,,,,,,,2,6,2011,1
2011-02-06,台北一,SE6 青蔥 粉蔥 ,,,,,,,,2,7,2011,1
2011-02-07,台北一,SE6 青蔥 粉蔥 ,,,,,,,,2,1,2011,1
2011-02-08,台北一,SE6 青蔥 粉蔥 ,31.4,27.9,19.5,26.9,4.26,25699.0,-19.81,2,2,2011,0
2011-02-09,台北一,SE6 青蔥 粉蔥 ,28.4,25.3,18.4,24.5,-8.92,25512.0,-0.73,2,3,2011,0
2011-02-10,台北一,SE6 青蔥 粉蔥 ,25.6,21.0,13.3,20.4,-16.73,25336.0,-0.69,2,4,2011,0
2011-02-11,台北一,SE6 青蔥 粉蔥 ,23.4,18.5,9.7,17.7,-13.24,23767.0,-6.19,2,5,2011,0
2011-02-12,台北一,SE6 青蔥 粉蔥 ,22.4,18.6,12.6,18.2,2.82,20782.0,-12.56,2,6,2011,0
2011-02-13,台北一,SE6 青蔥 粉蔥 ,22.7,19.3,13.3,18.8,3.3,22386.0,7.72,2,7,2011,0
2011-02-14,台北一,SE6 青蔥 粉蔥 ,,,,,,,,2,1,2011,1
2011-02-15,台北一,SE6 青蔥 粉蔥 ,24.5,21.9,17.5,21.5,14.36,21766.0,-2.77,2,2,2011,0
2011-02-16,台北一,SE6 青蔥 粉蔥 ,30.4,24.2,17.7,24.2,12.56,22751.0,4.53,2,3,2011,0
2011-02-17,台北一,SE6 青蔥 粉蔥 ,36.5,33.8,27.8,33.1,36.78,35328.0,55.28,2,4,2011,0
2011-02-18,台北一,SE6 青蔥 粉蔥 ,,,,,,,,2,5,2011,1
2011-02-19,台北一,SE6 青蔥 粉蔥 ,,,,,,,,2,6,2011,1
2011-02-20,台北一,SE6 青蔥 粉蔥 ,30.0,26.2,10.5,23.8,-28.1,44125.0,24.9,2,7,2011,0
2011-02-21,台北一,SE6 青蔥 粉蔥 ,,,,,,,,2,1,2011,1
2011-02-22,台北一,SE6 青蔥 粉蔥 ,24.1,19.9,12.9,19.3,-18.91,34464.0,-21.89,2,2,2011,0
2011-02-23,台北一,SE6 青蔥 粉蔥 ,20.3,17.3,11.9,16.8,-12.95,27822.0,-19.27,2,3,2011,0
2011-02-24,台北一,SE6 青蔥 粉蔥 ,18.8,16.7,11.4,16.1,-4.17,25772.0,-7.37,2,4,2011,0
2011-02-25,台北一,SE6 青蔥 粉蔥 ,19.2,16.7,12.1,16.3,1.24,23402.0,-9.2,2,5,2011,0
2011-02-26,台北一,SE6 青蔥 粉蔥 ,22.4,17.9,13.1,17.8,9.2,24684.0,5.48,2,6,2011,0
2011-02-27,台北一,SE6 青蔥 粉蔥 ,24.1,19.1,14.5,19.2,7.87,28494.0,15.44,2,7,2011,0
2011-02-28,台北一,SE6 青蔥 粉蔥 ,,,,,,,,2,1,2011,1
2011-03-01,台北一,SE6 青蔥 粉蔥 ,25.4,21.6,16.2,21.3,10.94,26419.0,-7.28,3,2,2011,0
2011-03-02,台北一,SE6 青蔥 粉蔥 ,26.0,21.0,16.6,21.1,-0.94,24379.0,-7.72,3,3,2011,0
2011-03-03,台北一,SE6 青蔥 粉蔥 ,25.3,19.8,13.5,19.6,-7.11,27585.0,13.15,3,4,2011,0
2011-03-04,台北一,SE6 青蔥 粉蔥 ,26.8,20.6,15.5,20.9,6.63,24775.0,-10.19,3,5,2011,0
2011-03-05,台北一,SE6 青蔥 粉蔥 ,25.2,19.5,15.8,19.9,-4.78,28305.0,14.25,3,6,2011,0
2011-03-06,台北一,SE6 青蔥 粉蔥 ,26.6,20.1,14.8,20.3,2.01,32869.0,16.12,3,7,2011,0
2011-03-07,台北一,SE6 青蔥 粉蔥 ,,,,,,,,3,1,2011,1
2011-03-08,台北一,SE6 青蔥 粉蔥 ,27.3,21.2,15.2,21.2,4.43,30320.0,-7.76,3,2,2011,0
2011-03-09,台北一,SE6 青蔥 粉蔥 ,23.7,19.1,14.0,19.0,-10.38,29107.0,-4.0,3,3,2011,0
2011-03-10,台北一,SE6 青蔥 粉蔥 ,23.4,18.1,11.3,17.8,-6.32,28108.0,-3.43,3,4,2011,0
2011-03-11,台北一,SE6 青蔥 粉蔥 ,20.4,16.9,10.8,16.4,-7.87,27362.0,-2.65,3,5,2011,0
2011-03-12,台北一,SE6 青蔥 粉蔥 ,21.9,16.3,9.3,16.0,-2.44,30924.0,13.02,3,6,2011,0
2011-03-13,台北一,SE6 青蔥 粉蔥 ,23.2,18.2,12.9,18.1,13.13,31026.0,0.33,3,7,2011,0
2011-03-14,台北一,SE6 青蔥 粉蔥 ,,,,,,,,3,1,2011,1
2011-03-15,台北一,SE6 青蔥 粉蔥 ,24.7,19.4,13.5,19.3,6.63,27935.0,-9.96,3,2,2011,0
2011-03-16,台北一,SE6 青蔥 粉蔥 ,27.3,22.1,15.7,21.9,13.47,23572.0,-15.62,3,3,2011,0
2011-03-17,台北一,SE6 青蔥 粉蔥 ,27.8,22.1,16.2,22.1,0.91,24073.0,2.13,3,4,2011,0
2011-03-18,台北一,SE6 青蔥 粉蔥 ,25.3,20.8,15.9,20.7,-6.33,25331.0,5.23,3,5,2011,0
2011-03-19,台北一,SE6 青蔥 粉蔥 ,25.8,20.9,15.1,20.8,0.48,26499.0,4.61,3,6,2011,0
2011-03-20,台北一,SE6 青蔥 粉蔥 ,25.3,21.3,15.6,21.0,0.96,30388.0,14.68,3,7,2011,0
2011-03-21,台北一,SE6 青蔥 粉蔥 ,,,,,,,,3,1,2011,1
2011-03-22,台北一,SE6 青蔥 粉蔥 ,24.0,20.4,13.9,19.8,-5.71,30312.0,-0.25,3,2,2011,0
2011-03-23,台北一,SE6 青蔥 粉蔥 ,24.3,19.5,11.8,18.9,-4.55,29411.0,-2.97,3,3,2011,0
2011-03-24,台北一,SE6 青蔥 粉蔥 ,23.5,18.3,9.9,17.6,-6.88,28919.0,-1.67,3,4,2011,0
2011-03-25,台北一,SE6 青蔥 粉蔥 ,20.5,16.9,11.0,16.4,-6.82,29404.0,1.68,3,5,2011,0
2011-03-26,台北一,SE6 青蔥 粉蔥 ,20.6,17.2,12.5,17.0,3.66,32545.0,10.68,3,6,2011,0
2011-03-27,台北一,SE6 青蔥 粉蔥 ,21.2,16.6,10.1,16.2,-4.71,33700.0,3.55,3,7,2011,0
2011-03-28,台北一,SE6 青蔥 粉蔥 ,,,,,,,,3,1,2011,1
2011-03-29,台北一,SE6 青蔥 粉蔥 ,26.6,20.6,13.5,20.4,25.93,28379.0,-15.79,3,2,2011,0
2011-03-30,台北一,SE6 青蔥 粉蔥 ,24.8,19.6,14.4,19.6,-3.92,28434.0,0.19,3,3,2011,0
2011-03-31,台北一,SE6 青蔥 粉蔥 ,25.2,20.0,14.5,19.9,1.53,28251.0,-0.64,3,4,2011,0
2011-04-01,台北一,SE6 青蔥 粉蔥 ,24.7,20.1,14.1,19.8,-0.5,28357.0,0.38,4,5,2011,0
2011-04-02,台北一,SE6 青蔥 粉蔥 ,25.9,20.8,14.3,20.5,3.54,31785.0,12.09,4,6,2011,0
2011-04-03,台北一,SE6 青蔥 粉蔥 ,23.0,18.6,13.0,18.4,-10.24,35519.0,11.75,4,7,2011,0
2011-04-04,台北一,SE6 青蔥 粉蔥 ,26.4,19.5,13.3,19.6,6.52,33754.0,-4.97,4,1,2011,0
2011-04-05,台北一,SE6 青蔥 粉蔥 ,,,,,,,,4,2,2011,1
2011-04-06,台北一,SE6 青蔥 粉蔥 ,,,,,,,,4,3,2011,1
2011-04-07,台北一,SE6 青蔥 粉蔥 ,27.5,22.3,17.3,22.3,13.78,28140.0,-16.63,4,4,2011,0
2011-04-08,台北一,SE6 青蔥 粉蔥 ,26.3,20.5,13.5,20.2,-9.42,27770.0,-1.31,4,5,2011,0
2011-04-09,台北一,SE6 青蔥 粉蔥 ,26.9,20.7,13.9,20.6,1.98,28148.0,1.36,4,6,2011,0
2011-04-10,台北一,SE6 青蔥 粉蔥 ,26.2,20.6,12.1,20.1,-2.43,31726.0,12.71,4,7,2011,0
2011-04-11,台北一,SE6 青蔥 粉蔥 ,,,,,,,,4,1,2011,1
2011-04-12,台北一,SE6 青蔥 粉蔥 ,25.6,19.1,13.0,19.2,-4.48,29589.0,-6.74,4,2,2011,0
2011-04-13,台北一,SE6 青蔥 粉蔥 ,26.8,18.7,10.6,18.7,-2.6,27519.0,-7.0,4,3,2011,0
2011-04-14,台北一,SE6 青蔥 粉蔥 ,23.4,17.1,9.7,16.9,-9.63,26566.0,-3.46,4,4,2011,0
2011-04-15,台北一,SE6 青蔥 粉蔥 ,25.4,17.2,8.7,17.1,1.18,26552.0,-0.05,4,5,2011,0
2011-04-16,台北一,SE6 青蔥 粉蔥 ,25.6,18.1,11.3,18.2,6.43,29002.0,9.23,4,6,2011,0
2011-04-17,台北一,SE6 青蔥 粉蔥 ,24.9,19.1,12.4,18.9,3.85,30323.0,4.55,4,7,2011,0
2011-04-18,台北一,SE6 青蔥 粉蔥 ,,,,,,,,4,1,2011,1
2011-04-19,台北一,SE6 青蔥 粉蔥 ,25.8,20.6,14.9,20.5,8.47,24108.0,-20.5,4,2,2011,0
2011-04-20,台北一,SE6 青蔥 粉蔥 ,27.7,21.6,16.4,21.8,6.34,21740.0,-9.82,4,3,2011,0
2011-04-21,台北一,SE6 青蔥 粉蔥 ,27.0,21.5,15.1,21.3,-2.29,23041.0,5.98,4,4,2011,0
2011-04-22,台北一,SE6 青蔥 粉蔥 ,29.6,22.9,16.0,22.9,7.51,24720.0,7.29,4,5,2011,0
2011-04-23,台北一,SE6 青蔥 粉蔥 ,30.2,23.4,15.7,23.2,1.31,25058.0,1.37,4,6,2011,0
2011-04-24,台北一,SE6 青蔥 粉蔥 ,31.2,26.8,20.1,26.3,13.36,25180.0,0.49,4,7,2011,0
2011-04-25,台北一,SE6 青蔥 粉蔥 ,,,,,,,,4,1,2011,1
2011-04-26,台北一,SE6 青蔥 粉蔥 ,33.2,25.6,18.1,25.6,-2.66,27065.0,7.49,4,2,2011,0
2011-04-27,台北一,SE6 青蔥 粉蔥 ,29.7,22.5,15.3,22.5,-12.11,28098.0,3.82,4,3,2011,0
2011-04-28,台北一,SE6 青蔥 粉蔥 ,25.7,19.1,10.6,18.7,-16.89,29541.0,5.14,4,4,2011,0
2011-04-29,台北一,SE6 青蔥 粉蔥 ,22.9,16.5,10.4,16.6,-11.23,29288.0,-0.86,4,5,2011,0
2011-04-30,台北一,SE6 青蔥 粉蔥 ,24.7,18.1,11.2,18.1,9.04,27994.0,-4.42,4,6,2011,0
2011-05-01,台北一,SE6 青蔥 粉蔥 ,22.8,17.9,12.1,17.7,-2.21,29966.0,7.04,5,7,2011,0
2011-05-02,台北一,SE6 青蔥 粉蔥 ,,,,,,,,5,1,2011,1
2011-05-03,台北一,SE6 青蔥 粉蔥 ,22.3,18.0,12.9,17.9,1.13,27985.0,-6.61,5,2,2011,0
2011-05-04,台北一,SE6 青蔥 粉蔥 ,24.0,18.5,11.7,18.2,1.68,25629.0,-8.42,5,3,2011,0
2011-05-05,台北一,SE6 青蔥 粉蔥 ,21.4,17.3,11.6,17.0,-6.59,25871.0,0.94,5,4,2011,0
2011-05-06,台北一,SE6 青蔥 粉蔥 ,20.9,16.9,11.4,16.6,-2.35,25762.0,-0.42,5,5,2011,0
2011-05-07,台北一,SE6 青蔥 粉蔥 ,23.2,18.5,12.2,18.2,9.64,26902.0,4.43,5,6,2011,0
2011-05-08,台北一,SE6 青蔥 粉蔥 ,23.9,19.1,12.8,18.8,3.3,28397.0,5.56,5,7,2011,0
2011-05-09,台北一,SE6 青蔥 粉蔥 ,,,,,,,,5,1,2011,1
2011-05-10,台北一,SE6 青蔥 粉蔥 ,23.9,18.5,12.1,18.3,-2.66,26875.0,-5.36,5,2,2011,0
2011-05-11,台北一,SE6 青蔥 粉蔥 ,23.6,18.3,10.8,17.9,-2.19,21688.0,-19.3,5,3,2011,0
2011-05-12,台北一,SE6 青蔥 粉蔥 ,23.2,18.6,10.3,17.9,0.0,21784.0,0.44,5,4,2011,0
2011-05-13,台北一,SE6 青蔥 粉蔥 ,23.0,17.4,9.1,16.9,-5.59,26070.0,19.67,5,5,2011,0
2011-05-14,台北一,SE6 青蔥 粉蔥 ,23.3,18.5,11.8,18.1,7.1,26758.0,2.64,5,6,2011,0
2011-05-15,台北一,SE6 青蔥 粉蔥 ,23.5,18.3,10.3,17.8,-1.66,28076.0,4.93,5,7,2011,0
2011-05-16,台北一,SE6 青蔥 粉蔥 ,,,,,,,,5,1,2011,1
2011-05-17,台北一,SE6 青蔥 粉蔥 ,23.0,17.7,11.1,17.5,-1.69,26972.0,-3.93,5,2,2011,0
2011-05-18,台北一,SE6 青蔥 粉蔥 ,25.5,19.2,11.6,18.9,8.0,22289.0,-17.36,5,3,2011,0
2011-05-19,台北一,SE6 青蔥 粉蔥 ,29.8,22.7,13.3,22.3,17.99,17998.0,-19.25,5,4,2011,0
2011-05-20,台北一,SE6 青蔥 粉蔥 ,27.3,20.8,13.8,20.7,-7.17,24718.0,37.34,5,5,2011,0
2011-05-21,台北一,SE6 青蔥 粉蔥 ,25.4,20.4,14.0,20.1,-2.9,25719.0,4.05,5,6,2011,0
2011-05-22,台北一,SE6 青蔥 粉蔥 ,24.7,19.1,12.1,18.8,-6.47,27772.0,7.98,5,7,2011,0
2011-05-23,台北一,SE6 青蔥 粉蔥 ,,,,,,,,5,1,2011,1
2011-05-24,台北一,SE6 青蔥 粉蔥 ,30.6,23.1,15.7,23.1,22.87,20950.0,-24.56,5,2,2011,0
2011-05-25,台北一,SE6 青蔥 粉蔥 ,29.7,23.5,17.0,23.4,1.3,23970.0,14.42,5,3,2011,0
2011-05-26,台北一,SE6 青蔥 粉蔥 ,27.7,22.4,15.9,22.2,-5.13,23210.0,-3.17,5,4,2011,0
2011-05-27,台北一,SE6 青蔥 粉蔥 ,24.8,20.1,13.7,19.8,-10.81,24184.0,4.2,5,5,2011,0
2011-05-28,台北一,SE6 青蔥 粉蔥 ,23.9,18.8,13.4,18.8,-5.05,27034.0,11.78,5,6,2011,0
2011-05-29,台北一,SE6 青蔥 粉蔥 ,22.6,17.0,11.2,17.0,-9.57,30207.0,11.74,5,7,2011,0
2011-05-30,台北一,SE6 青蔥 粉蔥 ,,,,,,,,5,1,2011,1
2011-05-31,台北一,SE6 青蔥 粉蔥 ,25.2,20.5,14.3,20.2,18.82,22486.0,-25.56,5,2,2011,0
2011-06-01,台北一,SE6 青蔥 粉蔥 ,23.6,19.1,14.4,19.0,-5.94,22211.0,-1.22,6,3,2011,0
2011-06-02,台北一,SE6 青蔥 粉蔥 ,23.8,19.2,14.1,19.1,0.53,22106.0,-0.47,6,4,2011,0
2011-06-03,台北一,SE6 青蔥 粉蔥 ,22.0,18.0,12.7,17.8,-6.81,21181.0,-4.18,6,5,2011,0
2011-06-04,台北一,SE6 青蔥 粉蔥 ,21.6,17.2,11.1,16.9,-5.06,23286.0,9.94,6,6,2011,0
2011-06-05,台北一,SE6 青蔥 粉蔥 ,21.4,16.6,9.8,16.2,-4.14,25728.0,10.49,6,7,2011,0
2011-06-06,台北一,SE6 青蔥 粉蔥 ,22.6,16.7,9.8,16.5,1.85,25466.0,-1.02,6,1,2011,0
2011-06-07,台北一,SE6 青蔥 粉蔥 ,,,,,,,,6,2,2011,1
2011-06-08,台北一,SE6 青蔥 粉蔥 ,,,,,,,,6,3,2011,1
2011-06-09,台北一,SE6 青蔥 粉蔥 ,25.4,19.5,14.4,19.7,19.39,19881.0,-21.93,6,4,2011,0
2011-06-10,台北一,SE6 青蔥 粉蔥 ,24.1,18.6,12.3,18.5,-6.09,19347.0,-2.69,6,5,2011,0
2011-06-11,台北一,SE6 青蔥 粉蔥 ,22.6,18.2,12.5,17.9,-3.24,19893.0,2.82,6,6,2011,0
2011-06-12,台北一,SE6 青蔥 粉蔥 ,21.8,17.8,13.8,17.8,-0.56,20869.0,4.91,6,7,2011,0
2011-06-13,台北一,SE6 青蔥 粉蔥 ,,,,,,,,6,1,2011,1
2011-06-14,台北一,SE6 青蔥 粉蔥 ,22.3,17.6,14.1,17.9,0.56,18845.0,-9.7,6,2,2011,0
2011-06-15,台北一,SE6 青蔥 粉蔥 ,21.1,18.1,13.7,17.8,-0.56,18753.0,-0.49,6,3,2011,0
2011-06-16,台北一,SE6 青蔥 粉蔥 ,20.4,16.3,12.5,16.3,-8.43,17803.0,-5.07,6,4,2011,0
2011-06-17,台北一,SE6 青蔥 粉蔥 ,19.7,16.1,10.7,15.7,-3.68,17692.0,-0.62,6,5,2011,0
2011-06-18,台北一,SE6 青蔥 粉蔥 ,20.8,17.0,11.3,16.6,5.73,18546.0,4.83,6,6,2011,0
2011-06-19,台北一,SE6 青蔥 粉蔥 ,22.1,17.2,13.6,17.5,5.42,18139.0,-2.19,6,7,2011,0
2011-06-20,台北一,SE6 青蔥 粉蔥 ,,,,,,,,6,1,2011,1
2011-06-21,台北一,SE6 青蔥 粉蔥 ,25.4,20.6,16.1,20.7,18.29,16500.0,-9.04,6,2,2011,0
2011-06-22,台北一,SE6 青蔥 粉蔥 ,23.9,20.7,16.6,20.5,-0.97,16485.0,-0.09,6,3,2011,0
2011-06-23,台北一,SE6 青蔥 粉蔥 ,27.7,23.1,18.6,23.1,12.68,15747.0,-4.48,6,4,2011,0
2011-06-24,台北一,SE6 青蔥 粉蔥 ,26.0,22.1,17.3,21.9,-5.19,17893.0,13.63,6,5,2011,0
2011-06-25,台北一,SE6 青蔥 粉蔥 ,30.9,25.2,20.8,25.5,16.44,17917.0,0.13,6,6,2011,0
2011-06-26,台北一,SE6 青蔥 粉蔥 ,28.8,25.0,17.9,24.3,-4.71,17857.0,-0.33,6,7,2011,0
2011-06-27,台北一,SE6 青蔥 粉蔥 ,,,,,,,,6,1,2011,1
2011-06-28,台北一,SE6 青蔥 粉蔥 ,28.2,24.6,19.4,24.3,0.0,16683.0,-6.57,6,2,2011,0
2011-06-29,台北一,SE6 青蔥 粉蔥 ,27.7,23.5,19.5,23.5,-3.29,15016.0,-9.99,6,3,2011,0
2011-06-30,台北一,SE6 青蔥 粉蔥 ,25.9,22.2,17.3,22.0,-6.38,16231.0,8.09,6,4,2011,0
2011-07-01,台北一,SE6 青蔥 粉蔥 ,26.1,21.9,17.1,21.8,-0.91,15849.0,-2.35,7,5,2011,0
2011-07-02,台北一,SE6 青蔥 粉蔥 ,25.9,21.6,16.0,21.3,-2.29,16076.0,1.43,7,6,2011,0
2011-07-03,台北一,SE6 青蔥 粉蔥 ,26.4,22.1,17.0,22.0,3.29,16241.0,1.03,7,7,2011,0
2011-07-04,台北一,SE6 青蔥 粉蔥 ,,,,,,,,7,1,2011,1
2011-07-05,台北一,SE6 青蔥 粉蔥 ,28.6,23.8,17.2,23.4,6.36,13770.0,-15.21,7,2,2011,0
2011-07-06,台北一,SE6 青蔥 粉蔥 ,31.0,27.6,21.8,27.1,15.81,11231.0,-18.44,7,3,2011,0
2011-07-07,台北一,SE6 青蔥 粉蔥 ,35.4,31.7,24.2,30.9,14.02,10186.0,-9.3,7,4,2011,0
2011-07-08,台北一,SE6 青蔥 粉蔥 ,36.9,32.0,25.0,31.6,2.27,11361.0,11.54,7,5,2011,0
2011-07-09,台北一,SE6 青蔥 粉蔥 ,36.9,32.4,24.6,31.7,0.32,11244.0,-1.03,7,6,2011,0
2011-07-10,台北一,SE6 青蔥 粉蔥 ,41.0,35.3,28.4,35.1,10.73,11680.0,3.88,7,7,2011,0
2011-07-11,台北一,SE6 青蔥 粉蔥 ,,,,,,,,7,1,2011,1
2011-07-12,台北一,SE6 青蔥 粉蔥 ,39.0,33.4,24.7,32.8,-6.55,12148.0,4.01,7,2,2011,0
2011-07-13,台北一,SE6 青蔥 粉蔥 ,36.1,30.3,24.3,30.2,-7.93,12850.0,5.78,7,3,2011,0
2011-07-14,台北一,SE6 青蔥 粉蔥 ,35.3,28.4,21.9,28.5,-5.63,11402.0,-11.27,7,4,2011,0
2011-07-15,台北一,SE6 青蔥 粉蔥 ,36.6,30.0,23.8,30.1,5.61,10126.0,-11.19,7,5,2011,0
2011-07-16,台北一,SE6 青蔥 粉蔥 ,38.2,32.1,26.1,32.1,6.64,11301.0,11.6,7,6,2011,0
2011-07-17,台北一,SE6 青蔥 粉蔥 ,39.3,34.6,28.1,34.3,6.85,11719.0,3.7,7,7,2011,0
2011-07-18,台北一,SE6 青蔥 粉蔥 ,,,,,,,,7,1,2011,1
2011-07-19,台北一,SE6 青蔥 粉蔥 ,39.2,34.3,28.5,34.1,-0.58,10525.0,-10.19,7,2,2011,0
2011-07-20,台北一,SE6 青蔥 粉蔥 ,39.5,34.1,28.3,34.0,-0.29,9209.0,-12.5,7,3,2011,0
2011-07-21,台北一,SE6 青蔥 粉蔥 ,38.8,34.2,28.8,34.0,0.0,8781.0,-4.65,7,4,2011,0
2011-07-22,台北一,SE6 青蔥 粉蔥 ,36.8,32.9,28.1,32.7,-3.82,7697.0,-12.34,7,5,2011,0
2011-07-23,台北一,SE6 青蔥 粉蔥 ,36.9,33.0,24.6,32.1,-1.83,9892.0,28.52,7,6,2011,0
2011-07-24,台北一,SE6 青蔥 粉蔥 ,41.4,35.7,27.1,35.1,9.35,8305.0,-16.04,7,7,2011,0
2011-07-25,台北一,SE6 青蔥 粉蔥 ,,,,,,,,7,1,2011,1
2011-07-26,台北一,SE6 青蔥 粉蔥 ,44.7,39.8,31.9,39.2,11.68,7582.0,-8.71,7,2,2011,0
2011-07-27,台北一,SE6 青蔥 粉蔥 ,45.8,40.0,34.3,40.0,2.04,7757.0,2.31,7,3,2011,0
2011-07-28,台北一,SE6 青蔥 粉蔥 ,45.4,41.5,35.0,41.0,2.5,7148.0,-7.85,7,4,2011,0
2011-07-29,台北一,SE6 青蔥 粉蔥 ,45.7,40.2,33.4,39.9,-2.68,6945.0,-2.84,7,5,2011,0
2011-07-30,台北一,SE6 青蔥 粉蔥 ,48.8,44.5,36.2,43.7,9.52,6890.0,-0.79,7,6,2011,0
2011-07-31,台北一,SE6 青蔥 粉蔥 ,48.5,43.8,39.1,43.8,0.23,6900.0,0.15,7,7,2011,0
2011-08-01,台北一,SE6 青蔥 粉蔥 ,,,,,,,,8,1,2011,1
2011-08-02,台北一,SE6 青蔥 粉蔥 ,50.2,44.6,37.5,44.3,1.14,6515.0,-5.58,8,2,2011,0
2011-08-03,台北一,SE6 青蔥 粉蔥 ,48.1,44.3,38.5,43.9,-0.9,6659.0,2.21,8,3,2011,0
2011-08-04,台北一,SE6 青蔥 粉蔥 ,47.7,42.8,37.2,42.6,-2.96,6393.0,-3.99,8,4,2011,0
2011-08-05,台北一,SE6 青蔥 粉蔥 ,47.9,43.6,37.1,43.2,1.41,7704.0,20.51,8,5,2011,0
2011-08-06,台北一,SE6 青蔥 粉蔥 ,44.0,38.4,30.7,38.0,-12.04,7324.0,-4.93,8,6,2011,0
2011-08-07,台北一,SE6 青蔥 粉蔥 ,42.2,33.4,30.0,34.5,-9.21,7891.0,7.74,8,7,2011,0
2011-08-08,台北一,SE6 青蔥 粉蔥 ,,,,,,,,8,1,2011,1
2011-08-09,台北一,SE6 青蔥 粉蔥 ,40.0,32.3,24.6,32.3,-6.38,7238.0,-8.28,8,2,2011,0
2011-08-10,台北一,SE6 青蔥 粉蔥 ,37.3,27.9,24.2,29.0,-10.22,7341.0,1.42,8,3,2011,0
2011-08-11,台北一,SE6 青蔥 粉蔥 ,37.8,32.9,27.4,32.8,13.1,4653.0,-36.62,8,4,2011,0
2011-08-12,台北一,SE6 青蔥 粉蔥 ,49.7,42.9,33.6,42.4,29.27,3423.0,-26.43,8,5,2011,0
2011-08-13,台北一,SE6 青蔥 粉蔥 ,53.2,46.2,36.5,45.6,7.55,8502.0,148.38,8,6,2011,0
2011-08-14,台北一,SE6 青蔥 粉蔥 ,63.2,55.5,45.6,55.1,20.83,9209.0,8.32,8,7,2011,0
2011-08-15,台北一,SE6 青蔥 粉蔥 ,,,,,,,,8,1,2011,1
2011-08-16,台北一,SE6 青蔥 粉蔥 ,,,,,,,,8,2,2011,1
2011-08-17,台北一,SE6 青蔥 粉蔥 ,49.5,41.4,33.3,41.4,-24.86,7138.0,-22.49,8,3,2011,0
2011-08-18,台北一,SE6 青蔥 粉蔥 ,47.0,39.5,29.8,39.0,-5.8,5299.0,-25.76,8,4,2011,0
2011-08-19,台北一,SE6 青蔥 粉蔥 ,48.8,40.5,29.3,39.9,2.31,5386.0,1.64,8,5,2011,0
2011-08-20,台北一,SE6 青蔥 粉蔥 ,52.4,42.9,30.5,42.3,6.02,6791.0,26.09,8,6,2011,0
2011-08-21,台北一,SE6 青蔥 粉蔥 ,52.1,44.9,32.2,43.8,3.55,6573.0,-3.21,8,7,2011,0
2011-08-22,台北一,SE6 青蔥 粉蔥 ,,,,,,,,8,1,2011,1
2011-08-23,台北一,SE6 青蔥 粉蔥 ,46.7,41.4,33.2,40.8,-6.85,5468.0,-16.81,8,2,2011,0
2011-08-24,台北一,SE6 青蔥 粉蔥 ,49.6,43.9,34.2,43.1,5.64,5232.0,-4.32,8,3,2011,0
2011-08-25,台北一,SE6 青蔥 粉蔥 ,53.1,45.8,36.4,45.4,5.34,3884.0,-25.76,8,4,2011,0
2011-08-26,台北一,SE6 青蔥 粉蔥 ,53.0,45.4,36.4,45.1,-0.66,4811.0,23.87,8,5,2011,0
2011-08-27,台北一,SE6 青蔥 粉蔥 ,57.7,49.1,39.4,48.9,8.43,5666.0,17.77,8,6,2011,0
2011-08-28,台北一,SE6 青蔥 粉蔥 ,82.0,67.8,54.0,67.9,38.85,6610.0,16.66,8,7,2011,0
2011-08-29,台北一,SE6 青蔥 粉蔥 ,,,,,,,,8,1,2011,1
2011-08-30,台北一,SE6 青蔥 粉蔥 ,56.7,48.4,37.0,47.8,-29.6,8496.0,28.53,8,2,2011,0
2011-08-31,台北一,SE6 青蔥 粉蔥 ,46.9,36.9,17.6,35.1,-26.57,8779.0,3.33,8,3,2011,0
2011-09-01,台北一,SE6 青蔥 粉蔥 ,50.9,42.1,28.8,41.2,17.38,3642.0,-58.51,9,4,2011,0
2011-09-02,台北一,SE6 青蔥 粉蔥 ,51.4,43.9,31.8,43.0,4.37,4254.0,16.8,9,5,2011,0
2011-09-03,台北一,SE6 青蔥 粉蔥 ,54.6,45.7,34.4,45.2,5.12,5696.0,33.9,9,6,2011,0
2011-09-04,台北一,SE6 青蔥 粉蔥 ,53.3,46.9,31.3,45.1,-0.22,6566.0,15.27,9,7,2011,0
2011-09-05,台北一,SE6 青蔥 粉蔥 ,,,,,,,,9,1,2011,1
2011-09-06,台北一,SE6 青蔥 粉蔥 ,55.5,47.2,35.8,46.6,3.33,9842.0,49.89,9,2,2011,0
2011-09-07,台北一,SE6 青蔥 粉蔥 ,68.9,55.6,42.0,55.5,19.1,7362.0,-25.2,9,3,2011,0
2011-09-08,台北一,SE6 青蔥 粉蔥 ,69.4,58.0,42.8,57.2,3.06,9686.0,31.57,9,4,2011,0
2011-09-09,台北一,SE6 青蔥 粉蔥 ,64.4,51.8,36.2,51.2,-10.49,13325.0,37.57,9,5,2011,0
2011-09-10,台北一,SE6 青蔥 粉蔥 ,50.6,36.8,23.7,36.9,-27.93,16937.0,27.11,9,6,2011,0
2011-09-11,台北一,SE6 青蔥 粉蔥 ,37.7,26.7,18.0,27.1,-26.56,14494.0,-14.42,9,7,2011,0
2011-09-12,台北一,SE6 青蔥 粉蔥 ,30.7,23.0,17.6,23.5,-13.28,8219.0,-43.29,9,1,2011,0
2011-09-13,台北一,SE6 青蔥 粉蔥 ,,,,,,,,9,2,2011,1
2011-09-14,台北一,SE6 青蔥 粉蔥 ,,,,,,,,9,3,2011,1
2011-09-15,台北一,SE6 青蔥 粉蔥 ,62.3,50.6,38.4,50.5,114.89,4635.0,-43.61,9,4,2011,0
2011-09-16,台北一,SE6 青蔥 粉蔥 ,67.8,53.1,41.0,53.6,6.14,7161.0,54.5,9,5,2011,0
2011-09-17,台北一,SE6 青蔥 粉蔥 ,68.8,52.4,30.2,51.2,-4.48,7647.0,6.79,9,6,2011,0
2011-09-18,台北一,SE6 青蔥 粉蔥 ,57.0,47.4,28.5,45.5,-11.13,8404.0,9.9,9,7,2011,0
2011-09-19,台北一,SE6 青蔥 粉蔥 ,,,,,,,,9,1,2011,1
2011-09-20,台北一,SE6 青蔥 粉蔥 ,45.7,34.4,25.7,34.9,-23.3,13275.0,57.96,9,2,2011,0
2011-09-21,台北一,SE6 青蔥 粉蔥 ,47.7,34.5,24.7,35.2,0.86,10753.0,-19.0,9,3,2011,0
2011-09-22,台北一,SE6 青蔥 粉蔥 ,48.1,32.4,25.6,34.2,-2.84,7233.0,-32.74,9,4,2011,0
2011-09-23,台北一,SE6 青蔥 粉蔥 ,44.5,29.9,23.7,31.6,-7.6,6586.0,-8.95,9,5,2011,0
2011-09-24,台北一,SE6 青蔥 粉蔥 ,41.5,30.8,23.6,31.5,-0.32,7014.0,6.5,9,6,2011,0
2011-09-25,台北一,SE6 青蔥 粉蔥 ,45.0,31.8,21.3,32.4,2.86,5748.0,-18.05,9,7,2011,0
2011-09-26,台北一,SE6 青蔥 粉蔥 ,,,,,,,,9,1,2011,1
2011-09-27,台北一,SE6 青蔥 粉蔥 ,50.2,39.4,32.8,40.3,24.38,6013.0,4.61,9,2,2011,0
2011-09-28,台北一,SE6 青蔥 粉蔥 ,49.5,39.5,33.0,40.2,-0.25,5484.0,-8.8,9,3,2011,0
2011-09-29,台北一,SE6 青蔥 粉蔥 ,52.7,39.2,33.5,40.8,1.49,4751.0,-13.37,9,4,2011,0
2011-09-30,台北一,SE6 青蔥 粉蔥 ,47.6,34.5,26.6,35.5,-12.99,6246.0,31.47,9,5,2011,0
2011-10-01,台北一,SE6 青蔥 粉蔥 ,50.2,37.9,28.7,38.5,8.45,6134.0,-1.79,10,6,2011,0
2011-10-02,台北一,SE6 青蔥 粉蔥 ,53.3,39.0,30.3,40.1,4.16,6184.0,0.82,10,7,2011,0
2011-10-03,台北一,SE6 青蔥 粉蔥 ,,,,,,,,10,1,2011,1
2011-10-04,台北一,SE6 青蔥 粉蔥 ,65.2,54.0,41.8,53.8,34.16,7152.0,15.65,10,2,2011,0
2011-10-05,台北一,SE6 青蔥 粉蔥 ,63.3,50.7,41.7,51.4,-4.46,9405.0,31.5,10,3,2011,0
2011-10-06,台北一,SE6 青蔥 粉蔥 ,61.8,48.8,35.4,48.7,-5.25,8190.0,-12.92,10,4,2011,0
2011-10-07,台北一,SE6 青蔥 粉蔥 ,56.5,46.1,32.3,45.4,-6.78,8202.0,0.15,10,5,2011,0
2011-10-08,台北一,SE6 青蔥 粉蔥 ,51.2,37.9,24.5,37.9,-16.52,8150.0,-0.63,10,6,2011,0
2011-10-09,台北一,SE6 青蔥 粉蔥 ,50.6,38.8,25.5,38.5,1.58,7352.0,-9.79,10,7,2011,0
2011-10-10,台北一,SE6 青蔥 粉蔥 ,,,,,,,,10,1,2011,1
2011-10-11,台北一,SE6 青蔥 粉蔥 ,63.3,47.1,26.5,46.2,20.0,6924.0,-5.82,10,2,2011,0
2011-10-12,台北一,SE6 青蔥 粉蔥 ,58.6,45.4,32.3,45.4,-1.73,7184.0,3.76,10,3,2011,0
2011-10-13,台北一,SE6 青蔥 粉蔥 ,55.5,44.4,28.9,43.5,-4.19,8988.0,25.11,10,4,2011,0
2011-10-14,台北一,SE6 青蔥 粉蔥 ,59.7,45.1,30.3,45.1,3.68,9043.0,0.61,10,5,2011,0
2011-10-15,台北一,SE6 青蔥 粉蔥 ,64.6,47.7,28.0,47.1,4.43,8273.0,-8.51,10,6,2011,0
2011-10-16,台北一,SE6 青蔥 粉蔥 ,78.0,54.3,33.6,54.9,16.56,6739.0,-18.54,10,7,2011,0
2011-10-17,台北一,SE6 青蔥 粉蔥 ,,,,,,,,10,1,2011,1
2011-10-18,台北一,SE6 青蔥 粉蔥 ,64.2,53.0,38.3,52.3,-4.74,8895.0,31.99,10,2,2011,0
2011-10-19,台北一,SE6 青蔥 粉蔥 ,61.5,49.2,35.4,48.9,-6.5,8865.0,-0.34,10,3,2011,0
2011-10-20,台北一,SE6 青蔥 粉蔥 ,63.0,51.4,38.0,51.0,4.29,7595.0,-14.33,10,4,2011,0
2011-10-21,台北一,SE6 青蔥 粉蔥 ,65.2,55.8,39.8,54.5,6.86,7704.0,1.44,10,5,2011,0
2011-10-22,台北一,SE6 青蔥 粉蔥 ,56.1,47.2,36.6,46.9,-13.94,10333.0,34.13,10,6,2011,0
2011-10-23,台北一,SE6 青蔥 粉蔥 ,54.1,44.2,35.4,44.5,-5.12,11114.0,7.56,10,7,2011,0
2011-10-24,台北一,SE6 青蔥 粉蔥 ,,,,,,,,10,1,2011,1
2011-10-25,台北一,SE6 青蔥 粉蔥 ,51.4,43.8,32.6,43.0,-3.37,13101.0,17.88,10,2,2011,0
2011-10-26,台北一,SE6 青蔥 粉蔥 ,51.0,44.6,37.1,44.4,3.26,11776.0,-10.11,10,3,2011,0
2011-10-27,台北一,SE6 青蔥 粉蔥 ,60.6,46.0,36.2,46.9,5.63,11230.0,-4.64,10,4,2011,0
2011-10-28,台北一,SE6 青蔥 粉蔥 ,56.5,46.8,37.3,46.9,0.0,11894.0,5.91,10,5,2011,0
2011-10-29,台北一,SE6 青蔥 粉蔥 ,51.7,43.6,34.1,43.3,-7.68,13979.0,17.53,10,6,2011,0
2011-10-30,台北一,SE6 青蔥 粉蔥 ,54.4,46.3,36.6,46.0,6.24,12951.0,-7.35,10,7,2011,0
2011-10-31,台北一,SE6 青蔥 粉蔥 ,,,,,,,,10,1,2011,1
2011-11-01,台北一,SE6 青蔥 粉蔥 ,46.5,40.1,34.0,40.2,-12.61,14011.0,8.18,11,2,2011,0
2011-11-02,台北一,SE6 青蔥 粉蔥 ,44.0,37.0,30.6,37.1,-7.71,14891.0,6.28,11,3,2011,0
2011-11-03,台北一,SE6 青蔥 粉蔥 ,37.9,33.1,27.1,32.9,-11.32,14971.0,0.54,11,4,2011,0
2011-11-04,台北一,SE6 青蔥 粉蔥 ,43.0,34.6,28.9,35.2,6.99,14438.0,-3.56,11,5,2011,0
2011-11-05,台北一,SE6 青蔥 粉蔥 ,43.9,34.5,29.0,35.3,0.28,15854.0,9.81,11,6,2011,0
2011-11-06,台北一,SE6 青蔥 粉蔥 ,44.2,34.2,25.5,34.5,-2.27,19492.0,22.95,11,7,2011,0
2011-11-07,台北一,SE6 青蔥 粉蔥 ,,,,,,,,11,1,2011,1
2011-11-08,台北一,SE6 青蔥 粉蔥 ,44.7,34.4,27.6,35.1,1.74,16368.0,-16.03,11,2,2011,0
2011-11-09,台北一,SE6 青蔥 粉蔥 ,46.2,33.4,24.5,34.2,-2.56,18220.0,11.31,11,3,2011,0
2011-11-10,台北一,SE6 青蔥 粉蔥 ,49.7,36.9,26.8,37.5,9.65,16066.0,-11.82,11,4,2011,0
2011-11-11,台北一,SE6 青蔥 粉蔥 ,53.4,43.8,33.9,43.7,16.53,13003.0,-19.07,11,5,2011,0
2011-11-12,台北一,SE6 青蔥 粉蔥 ,52.6,47.1,40.1,46.8,7.09,16900.0,29.97,11,6,2011,0
2011-11-13,台北一,SE6 青蔥 粉蔥 ,55.2,49.5,42.8,49.3,5.34,19497.0,15.37,11,7,2011,0
2011-11-14,台北一,SE6 青蔥 粉蔥 ,,,,,,,,11,1,2011,1
2011-11-15,台北一,SE6 青蔥 粉蔥 ,58.2,49.3,41.1,49.5,0.41,20270.0,3.96,11,2,2011,0
2011-11-16,台北一,SE6 青蔥 粉蔥 ,52.9,46.0,39.5,46.1,-6.87,19514.0,-3.73,11,3,2011,0
2011-11-17,台北一,SE6 青蔥 粉蔥 ,48.1,39.5,32.7,39.9,-13.45,18610.0,-4.63,11,4,2011,0
2011-11-18,台北一,SE6 青蔥 粉蔥 ,49.9,38.7,30.0,39.2,-1.75,18826.0,1.16,11,5,2011,0
2011-11-19,台北一,SE6 青蔥 粉蔥 ,55.9,42.3,30.4,42.6,8.67,19047.0,1.17,11,6,2011,0
2011-11-20,台北一,SE6 青蔥 粉蔥 ,61.0,47.8,34.7,47.8,12.21,18404.0,-3.38,11,7,2011,0
2011-11-21,台北一,SE6 青蔥 粉蔥 ,,,,,,,,11,1,2011,1
2011-11-22,台北一,SE6 青蔥 粉蔥 ,72.8,61.4,45.5,60.5,26.57,17377.0,-5.58,11,2,2011,0
2011-11-23,台北一,SE6 青蔥 粉蔥 ,70.6,58.5,46.0,58.4,-3.47,18407.0,5.93,11,3,2011,0
2011-11-24,台北一,SE6 青蔥 粉蔥 ,66.6,55.3,44.0,55.3,-5.31,20040.0,8.87,11,4,2011,0
2011-11-25,台北一,SE6 青蔥 粉蔥 ,57.3,48.4,38.9,48.3,-12.66,21621.0,7.89,11,5,2011,0
2011-11-26,台北一,SE6 青蔥 粉蔥 ,56.6,45.4,36.5,45.8,-5.18,22792.0,5.42,11,6,2011,0
2011-11-27,台北一,SE6 青蔥 粉蔥 ,52.5,45.7,35.5,45.0,-1.75,22049.0,-3.26,11,7,2011,0
2011-11-28,台北一,SE6 青蔥 粉蔥 ,,,,,,,,11,1,2011,1
2011-11-29,台北一,SE6 青蔥 粉蔥 ,49.3,42.4,33.9,42.0,-6.67,20305.0,-7.91,11,2,2011,0
2011-11-30,台北一,SE6 青蔥 粉蔥 ,42.5,35.3,24.8,34.7,-17.38,16896.0,-16.79,11,3,2011,0
2011-12-01,台北一,SE6 青蔥 粉蔥 ,41.3,33.2,24.4,33.0,-4.9,18142.0,7.37,12,4,2011,0
2011-12-02,台北一,SE6 青蔥 粉蔥 ,51.3,41.5,33.1,41.8,26.67,15121.0,-16.65,12,5,2011,0
2011-12-03,台北一,SE6 青蔥 粉蔥 ,61.3,49.4,41.5,50.2,20.1,16601.0,9.79,12,6,2011,0
2011-12-04,台北一,SE6 青蔥 粉蔥 ,64.6,57.7,46.9,56.9,13.35,17689.0,6.55,12,7,2011,0
2011-12-05,台北一,SE6 青蔥 粉蔥 ,,,,,,,,12,1,2011,1
2011-12-06,台北一,SE6 青蔥 粉蔥 ,65.2,58.3,49.9,58.0,1.93,15674.0,-11.39,12,2,2011,0
2011-12-07,台北一,SE6 青蔥 粉蔥 ,62.6,55.1,47.1,55.0,-5.17,14287.0,-8.85,12,3,2011,0
2011-12-08,台北一,SE6 青蔥 粉蔥 ,60.9,54.2,37.0,52.1,-5.27,17880.0,25.15,12,4,2011,0
2011-12-09,台北一,SE6 青蔥 粉蔥 ,59.5,52.9,40.5,51.7,-0.77,18734.0,4.78,12,5,2011,0
2011-12-10,台北一,SE6 青蔥 粉蔥 ,55.9,47.8,37.0,47.3,-8.51,18865.0,0.7,12,6,2011,0
2011-12-11,台北一,SE6 青蔥 粉蔥 ,56.1,46.0,36.1,46.0,-2.75,21836.0,15.75,12,7,2011,0
2011-12-12,台北一,SE6 青蔥 粉蔥 ,,,,,,,,12,1,2011,1
2011-12-13,台北一,SE6 青蔥 粉蔥 ,60.7,49.6,36.8,49.3,7.17,15909.0,-27.14,12,2,2011,0
2011-12-14,台北一,SE6 青蔥 粉蔥 ,57.3,48.6,37.7,48.2,-2.23,16212.0,1.9,12,3,2011,0
2011-12-15,台北一,SE6 青蔥 粉蔥 ,54.8,44.6,33.9,44.5,-7.68,16699.0,3.0,12,4,2011,0
2011-12-16,台北一,SE6 青蔥 粉蔥 ,56.6,46.1,36.3,46.3,4.04,16273.0,-2.55,12,5,2011,0
2011-12-17,台北一,SE6 青蔥 粉蔥 ,61.4,51.7,39.4,51.2,10.58,18218.0,11.95,12,6,2011,0
2011-12-18,台北一,SE6 青蔥 粉蔥 ,65.3,56.9,43.3,55.9,9.18,17508.0,-3.9,12,7,2011,0
2011-12-19,台北一,SE6 青蔥 粉蔥 ,,,,,,,,12,1,2011,1
2011-12-20,台北一,SE6 青蔥 粉蔥 ,70.0,60.8,49.1,60.3,7.87,17699.0,1.09,12,2,2011,0
2011-12-21,台北一,SE6 青蔥 粉蔥 ,66.5,57.9,46.1,57.3,-4.98,18355.0,3.71,12,3,2011,0
2011-12-22,台北一,SE6 青蔥 粉蔥 ,59.1,49.4,36.4,48.7,-15.01,19362.0,5.49,12,4,2011,0
2011-12-23,台北一,SE6 青蔥 粉蔥 ,67.4,57.0,41.1,55.9,14.78,15152.0,-21.74,12,5,2011,0
2011-12-24,台北一,SE6 青蔥 粉蔥 ,67.9,59.7,43.1,58.0,3.76,18139.0,19.71,12,6,2011,0
2011-12-25,台北一,SE6 青蔥 粉蔥 ,67.7,58.4,45.3,57.7,-0.52,19844.0,9.4,12,7,2011,0
2011-12-26,台北一,SE6 青蔥 粉蔥 ,,,,,,,,12,1,2011,1
2011-12-27,台北一,SE6 青蔥 粉蔥 ,73.1,63.8,51.6,63.2,9.53,17531.0,-11.66,12,2,2011,0
2011-12-28,台北一,SE6 青蔥 粉蔥 ,67.3,60.2,50.5,59.7,-5.54,16796.0,-4.19,12,3,2011,0
2011-12-29,台北一,SE6 青蔥 粉蔥 ,69.6,58.8,45.7,58.4,-2.18,16937.0,0.84,12,4,2011,0
2011-12-30,台北一,SE6 青蔥 粉蔥 ,66.5,56.6,43.6,55.9,-4.28,18031.0,6.46,12,5,2011,0
2011-12-31,台北一,SE6 青蔥 粉蔥 ,63.6,54.8,39.7,53.6,-4.11,20440.0,13.36,12,6,2011,0
2012-01-01,台北一,SE6 青蔥 粉蔥 ,61.4,52.6,41.7,52.2,-2.61,20846.0,1.99,1,7,2012,0
2012-01-02,台北一,SE6 青蔥 粉蔥 ,,,,,,,,1,1,2012,1
2012-01-03,台北一,SE6 青蔥 粉蔥 ,65.6,54.6,43.5,54.6,4.6,19915.0,-4.47,1,2,2012,0
2012-01-04,台北一,SE6 青蔥 粉蔥 ,61.2,52.8,43.0,52.5,-3.85,19494.0,-2.11,1,3,2012,0
2012-01-05,台北一,SE6 青蔥 粉蔥 ,56.7,49.0,40.0,48.7,-7.24,19461.0,-0.17,1,4,2012,0
2012-01-06,台北一,SE6 青蔥 粉蔥 ,55.8,47.8,39.8,47.8,-1.85,19561.0,0.51,1,5,2012,0
2012-01-07,台北一,SE6 青蔥 粉蔥 ,54.6,46.5,38.9,46.6,-2.51,21761.0,11.25,1,6,2012,0
2012-01-08,台北一,SE6 青蔥 粉蔥 ,59.1,50.6,41.5,50.5,8.37,22437.0,3.11,1,7,2012,0
2012-01-09,台北一,SE6 青蔥 粉蔥 ,,,,,,,,1,1,2012,1
2012-01-10,台北一,SE6 青蔥 粉蔥 ,59.3,50.8,43.5,51.0,0.99,20963.0,-6.57,1,2,2012,0
2012-01-11,台北一,SE6 青蔥 粉蔥 ,56.7,48.5,42.1,48.8,-4.31,21777.0,3.88,1,3,2012,0
2012-01-12,台北一,SE6 青蔥 粉蔥 ,52.3,44.4,32.9,43.7,-10.45,25048.0,15.02,1,4,2012,0
2012-01-13,台北一,SE6 青蔥 粉蔥 ,55.3,46.5,37.8,46.5,6.41,21009.0,-16.13,1,5,2012,0
2012-01-14,台北一,SE6 青蔥 粉蔥 ,53.1,45.1,34.8,44.6,-4.09,22835.0,8.69,1,6,2012,0
2012-01-15,台北一,SE6 青蔥 粉蔥 ,50.1,39.2,26.9,38.9,-12.78,26191.0,14.7,1,7,2012,0
2012-01-16,台北一,SE6 青蔥 粉蔥 ,,,,,,,,1,1,2012,1
2012-01-17,台北一,SE6 青蔥 粉蔥 ,55.6,44.4,28.6,43.5,11.83,25278.0,-3.49,1,2,2012,0
2012-01-18,台北一,SE6 青蔥 粉蔥 ,63.7,52.9,35.6,51.6,18.62,25427.0,0.59,1,3,2012,0
2012-01-19,台北一,SE6 青蔥 粉蔥 ,92.6,69.4,45.9,69.3,34.3,31189.0,22.66,1,4,2012,0
2012-01-20,台北一,SE6 青蔥 粉蔥 ,80.5,62.4,41.9,61.9,-10.68,43785.0,40.39,1,5,2012,0
2012-01-21,台北一,SE6 青蔥 粉蔥 ,73.6,56.7,36.6,56.0,-9.53,54183.0,23.75,1,6,2012,0
2012-01-22,台北一,SE6 青蔥 粉蔥 ,74.3,46.9,27.3,48.4,-13.57,31742.0,-41.42,1,7,2012,0
2012-01-23,台北一,SE6 青蔥 粉蔥 ,,,,,,,,1,1,2012,1
2012-01-24,台北一,SE6 青蔥 粉蔥 ,,,,,,,,1,2,2012,1
2012-01-25,台北一,SE6 青蔥 粉蔥 ,,,,,,,,1,3,2012,1
2012-01-26,台北一,SE6 青蔥 粉蔥 ,,,,,,,,1,4,2012,1
2012-01-27,台北一,SE6 青蔥 粉蔥 ,,,,,,,,1,5,2012,1
2012-01-28,台北一,SE6 青蔥 粉蔥 ,77.4,66.2,49.9,65.2,34.71,23874.0,-24.79,1,6,2012,0
2012-01-29,台北一,SE6 青蔥 粉蔥 ,75.3,66.2,55.8,66.0,1.23,21062.0,-11.78,1,7,2012,0
2012-01-30,台北一,SE6 青蔥 粉蔥 ,76.0,68.8,60.3,68.5,3.79,23090.0,9.63,1,1,2012,0
2012-01-31,台北一,SE6 青蔥 粉蔥 ,,,,,,,,1,2,2012,1
2012-02-01,台北一,SE6 青蔥 粉蔥 ,63.4,51.9,40.0,51.8,-24.38,28030.0,21.39,2,3,2012,0
2012-02-02,台北一,SE6 青蔥 粉蔥 ,49.6,39.8,25.8,39.0,-24.71,25586.0,-8.72,2,4,2012,0
2012-02-03,台北一,SE6 青蔥 粉蔥 ,45.4,35.0,22.7,34.6,-11.28,22075.0,-13.72,2,5,2012,0
2012-02-04,台北一,SE6 青蔥 粉蔥 ,50.3,39.0,27.6,39.0,12.72,20860.0,-5.5,2,6,2012,0
2012-02-05,台北一,SE6 青蔥 粉蔥 ,48.7,38.7,27.8,38.5,-1.28,25550.0,22.48,2,7,2012,0
2012-02-06,台北一,SE6 青蔥 粉蔥 ,60.0,46.8,33.1,46.7,21.3,27185.0,6.4,2,1,2012,0
2012-02-07,台北一,SE6 青蔥 粉蔥 ,,,,,,,,2,2,2012,1
2012-02-08,台北一,SE6 青蔥 粉蔥 ,,,,,,,,2,3,2012,1
2012-02-09,台北一,SE6 青蔥 粉蔥 ,76.6,64.1,48.4,63.5,35.97,21832.0,-19.69,2,4,2012,0
2012-02-10,台北一,SE6 青蔥 粉蔥 ,76.2,66.3,52.4,65.5,3.15,20029.0,-8.26,2,5,2012,0
2012-02-11,台北一,SE6 青蔥 粉蔥 ,63.2,54.2,44.2,54.0,-17.56,26532.0,32.47,2,6,2012,0
2012-02-12,台北一,SE6 青蔥 粉蔥 ,56.6,45.0,36.4,45.6,-15.56,30170.0,13.71,2,7,2012,0
2012-02-13,台北一,SE6 青蔥 粉蔥 ,,,,,,,,2,1,2012,1
2012-02-14,台北一,SE6 青蔥 粉蔥 ,56.8,46.8,36.6,46.8,2.63,27074.0,-10.26,2,2,2012,0
2012-02-15,台北一,SE6 青蔥 粉蔥 ,55.8,47.9,36.9,47.3,1.07,22909.0,-15.38,2,3,2012,0
2012-02-16,台北一,SE6 青蔥 粉蔥 ,53.1,43.7,32.2,43.3,-8.46,22632.0,-1.21,2,4,2012,0
2012-02-17,台北一,SE6 青蔥 粉蔥 ,50.4,43.8,33.6,43.1,-0.46,24073.0,6.37,2,5,2012,0
2012-02-18,台北一,SE6 青蔥 粉蔥 ,53.2,43.7,34.9,43.9,1.86,24053.0,-0.08,2,6,2012,0
2012-02-19,台北一,SE6 青蔥 粉蔥 ,65.2,53.0,41.4,53.1,20.96,23952.0,-0.42,2,7,2012,0
2012-02-20,台北一,SE6 青蔥 粉蔥 ,,,,,,,,2,1,2012,1
2012-02-21,台北一,SE6 青蔥 粉蔥 ,67.1,58.4,49.4,58.4,9.98,25060.0,4.63,2,2,2012,0
2012-02-22,台北一,SE6 青蔥 粉蔥 ,61.7,54.2,46.0,54.1,-7.36,23918.0,-4.56,2,3,2012,0
2012-02-23,台北一,SE6 青蔥 粉蔥 ,57.4,47.0,36.2,46.9,-13.31,24476.0,2.33,2,4,2012,0
2012-02-24,台北一,SE6 青蔥 粉蔥 ,54.5,44.4,30.7,43.7,-6.82,20172.0,-17.58,2,5,2012,0
2012-02-25,台北一,SE6 青蔥 粉蔥 ,57.5,46.0,30.6,45.2,3.43,23342.0,15.71,2,6,2012,0
2012-02-26,台北一,SE6 青蔥 粉蔥 ,54.9,43.6,30.1,43.2,-4.42,26970.0,15.54,2,7,2012,0
2012-02-27,台北一,SE6 青蔥 粉蔥 ,,,,,,,,2,1,2012,1
2012-02-28,台北一,SE6 青蔥 粉蔥 ,55.0,46.0,36.2,45.8,6.02,24722.0,-8.34,2,2,2012,0
2012-02-29,台北一,SE6 青蔥 粉蔥 ,55.3,47.0,39.2,47.1,2.84,21130.0,-14.53,2,3,2012,0
2012-03-01,台北一,SE6 青蔥 粉蔥 ,65.8,56.8,47.4,56.7,20.38,17777.0,-15.87,3,4,2012,0
2012-03-02,台北一,SE6 青蔥 粉蔥 ,63.6,53.8,43.9,53.8,-5.11,25060.0,40.97,3,5,2012,0
2012-03-03,台北一,SE6 青蔥 粉蔥 ,60.8,50.7,41.4,50.9,-5.39,26779.0,6.86,3,6,2012,0
2012-03-04,台北一,SE6 青蔥 粉蔥 ,58.5,48.7,39.3,48.7,-4.32,30005.0,12.05,3,7,2012,0
2012-03-05,台北一,SE6 青蔥 粉蔥 ,,,,,,,,3,1,2012,1
2012-03-06,台北一,SE6 青蔥 粉蔥 ,54.1,45.5,36.3,45.4,-6.78,32218.0,7.38,3,2,2012,0
2012-03-07,台北一,SE6 青蔥 粉蔥 ,46.4,38.3,28.1,37.9,-16.52,29748.0,-7.67,3,3,2012,0
2012-03-08,台北一,SE6 青蔥 粉蔥 ,44.2,36.1,27.7,36.1,-4.75,25876.0,-13.02,3,4,2012,0
2012-03-09,台北一,SE6 青蔥 粉蔥 ,45.2,38.6,30.0,38.2,5.82,26323.0,1.73,3,5,2012,0
2012-03-10,台北一,SE6 青蔥 粉蔥 ,42.3,36.0,29.5,36.0,-5.76,30482.0,15.8,3,6,2012,0
2012-03-11,台北一,SE6 青蔥 粉蔥 ,40.1,33.6,26.8,33.5,-6.94,33584.0,10.18,3,7,2012,0
2012-03-12,台北一,SE6 青蔥 粉蔥 ,,,,,,,,3,1,2012,1
2012-03-13,台北一,SE6 青蔥 粉蔥 ,43.8,37.3,31.3,37.4,11.64,25620.0,-23.71,3,2,2012,0
2012-03-14,台北一,SE6 青蔥 粉蔥 ,40.8,34.9,28.9,34.9,-6.68,27963.0,9.15,3,3,2012,0
2012-03-15,台北一,SE6 青蔥 粉蔥 ,40.1,33.6,27.1,33.6,-3.72,29476.0,5.41,3,4,2012,0
2012-03-16,台北一,SE6 青蔥 粉蔥 ,42.6,34.7,27.0,34.7,3.27,28178.0,-4.4,3,5,2012,0
2012-03-17,台北一,SE6 青蔥 粉蔥 ,43.2,35.0,27.1,35.0,0.86,29079.0,3.2,3,6,2012,0
2012-03-18,台北一,SE6 青蔥 粉蔥 ,44.6,35.5,27.2,35.7,2.0,30344.0,4.35,3,7,2012,0
2012-03-19,台北一,SE6 青蔥 粉蔥 ,,,,,,,,3,1,2012,1
2012-03-20,台北一,SE6 青蔥 粉蔥 ,47.8,37.7,27.5,37.7,5.6,30826.0,1.59,3,2,2012,0
2012-03-21,台北一,SE6 青蔥 粉蔥 ,42.9,35.4,26.9,35.2,-6.63,30561.0,-0.86,3,3,2012,0
2012-03-22,台北一,SE6 青蔥 粉蔥 ,39.8,32.2,22.5,31.8,-9.66,30843.0,0.92,3,4,2012,0
2012-03-23,台北一,SE6 青蔥 粉蔥 ,36.6,28.5,18.4,28.1,-11.64,32144.0,4.22,3,5,2012,0
2012-03-24,台北一,SE6 青蔥 粉蔥 ,36.1,26.3,17.7,26.6,-5.34,31342.0,-2.5,3,6,2012,0
2012-03-25,台北一,SE6 青蔥 粉蔥 ,37.3,28.1,19.9,28.3,6.39,29388.0,-6.23,3,7,2012,0
2012-03-26,台北一,SE6 青蔥 粉蔥 ,,,,,,,,3,1,2012,1
2012-03-27,台北一,SE6 青蔥 粉蔥 ,37.9,30.4,23.3,30.5,7.77,29881.0,1.68,3,2,2012,0
2012-03-28,台北一,SE6 青蔥 粉蔥 ,38.5,31.6,24.9,31.7,3.93,26143.0,-12.51,3,3,2012,0
2012-03-29,台北一,SE6 青蔥 粉蔥 ,37.6,30.6,25.4,31.0,-2.21,27949.0,6.91,3,4,2012,0
2012-03-30,台北一,SE6 青蔥 粉蔥 ,37.2,30.5,24.4,30.6,-1.29,28218.0,0.96,3,5,2012,0
2012-03-31,台北一,SE6 青蔥 粉蔥 ,36.2,29.8,23.9,29.9,-2.29,30066.0,6.55,3,6,2012,0
2012-04-01,台北一,SE6 青蔥 粉蔥 ,34.9,28.6,23.5,28.8,-3.68,33155.0,10.27,4,7,2012,0
2012-04-02,台北一,SE6 青蔥 粉蔥 ,32.3,26.5,20.4,26.4,-8.33,28892.0,-12.86,4,1,2012,0
2012-04-03,台北一,SE6 青蔥 粉蔥 ,43.6,35.1,24.6,34.7,31.44,36365.0,25.87,4,2,2012,0
2012-04-04,台北一,SE6 青蔥 粉蔥 ,,,,,,,,4,3,2012,1
2012-04-05,台北一,SE6 青蔥 粉蔥 ,,,,,,,,4,4,2012,1
2012-04-06,台北一,SE6 青蔥 粉蔥 ,35.6,28.8,22.9,29.0,-16.43,37357.0,2.73,4,5,2012,0
2012-04-07,台北一,SE6 青蔥 粉蔥 ,34.8,29.5,23.7,29.4,1.38,33805.0,-9.51,4,6,2012,0
2012-04-08,台北一,SE6 青蔥 粉蔥 ,30.3,24.1,18.0,24.1,-18.03,40932.0,21.08,4,7,2012,0
2012-04-09,台北一,SE6 青蔥 粉蔥 ,,,,,,,,4,1,2012,1
2012-04-10,台北一,SE6 青蔥 粉蔥 ,28.6,22.5,12.6,21.7,-9.96,39114.0,-4.44,4,2,2012,0
2012-04-11,台北一,SE6 青蔥 粉蔥 ,23.9,17.5,9.5,17.2,-20.74,37663.0,-3.71,4,3,2012,0
2012-04-12,台北一,SE6 青蔥 粉蔥 ,22.3,15.3,8.0,15.3,-11.05,31812.0,-15.54,4,4,2012,0
2012-04-13,台北一,SE6 青蔥 粉蔥 ,21.9,16.0,9.9,16.0,4.58,30701.0,-3.49,4,5,2012,0
2012-04-14,台北一,SE6 青蔥 粉蔥 ,23.8,18.9,12.5,18.6,16.25,29942.0,-2.47,4,6,2012,0
2012-04-15,台北一,SE6 青蔥 粉蔥 ,26.1,20.9,15.6,20.9,12.37,30718.0,2.59,4,7,2012,0
2012-04-16,台北一,SE6 青蔥 粉蔥 ,,,,,,,,4,1,2012,1
2012-04-17,台北一,SE6 青蔥 粉蔥 ,27.6,22.3,16.1,22.1,5.74,30341.0,-1.23,4,2,2012,0
2012-04-18,台北一,SE6 青蔥 粉蔥 ,26.7,21.8,15.2,21.5,-2.71,27564.0,-9.15,4,3,2012,0
2012-04-19,台北一,SE6 青蔥 粉蔥 ,25.5,18.8,14.4,19.3,-10.23,29784.0,8.05,4,4,2012,0
2012-04-20,台北一,SE6 青蔥 粉蔥 ,27.5,20.4,14.6,20.7,7.25,26029.0,-12.61,4,5,2012,0
2012-04-21,台北一,SE6 青蔥 粉蔥 ,28.8,21.1,14.5,21.3,2.9,32193.0,23.68,4,6,2012,0
2012-04-22,台北一,SE6 青蔥 粉蔥 ,31.2,23.3,15.1,23.3,9.39,30538.0,-5.14,4,7,2012,0
2012-04-23,台北一,SE6 青蔥 粉蔥 ,,,,,,,,4,1,2012,1
2012-04-24,台北一,SE6 青蔥 粉蔥 ,30.6,23.1,15.0,22.9,-1.72,34552.0,13.14,4,2,2012,0
2012-04-25,台北一,SE6 青蔥 粉蔥 ,28.2,21.3,13.9,21.2,-7.42,32404.0,-6.22,4,3,2012,0
2012-04-26,台北一,SE6 青蔥 粉蔥 ,25.9,18.9,12.0,18.9,-10.85,28908.0,-10.79,4,4,2012,0
2012-04-27,台北一,SE6 青蔥 粉蔥 ,25.7,18.5,12.5,18.7,-1.06,31040.0,7.38,4,5,2012,0
2012-04-28,台北一,SE6 青蔥 粉蔥 ,24.2,18.8,13.3,18.8,0.53,30851.0,-0.61,4,6,2012,0
2012-04-29,台北一,SE6 青蔥 粉蔥 ,28.6,21.5,15.3,21.7,15.43,30925.0,0.24,4,7,2012,0
2012-04-30,台北一,SE6 青蔥 粉蔥 ,,,,,,,,4,1,2012,1
2012-05-01,台北一,SE6 青蔥 粉蔥 ,33.8,25.4,18.0,25.6,17.97,27856.0,-9.92,5,2,2012,0
2012-05-02,台北一,SE6 青蔥 粉蔥 ,39.6,31.6,24.1,31.7,23.83,26017.0,-6.6,5,3,2012,0
2012-05-03,台北一,SE6 青蔥 粉蔥 ,34.3,26.5,20.7,26.9,-15.14,29945.0,15.1,5,4,2012,0
2012-05-04,台北一,SE6 青蔥 粉蔥 ,35.2,25.0,16.8,25.4,-5.58,29667.0,-0.93,5,5,2012,0
2012-05-05,台北一,SE6 青蔥 粉蔥 ,30.7,22.6,14.9,22.7,-10.63,33975.0,14.52,5,6,2012,0
2012-05-06,台北一,SE6 青蔥 粉蔥 ,30.3,23.1,14.6,22.8,0.44,34301.0,0.96,5,7,2012,0
2012-05-07,台北一,SE6 青蔥 粉蔥 ,,,,,,,,5,1,2012,1
2012-05-08,台北一,SE6 青蔥 粉蔥 ,32.3,23.7,15.9,23.9,4.82,30277.0,-11.73,5,2,2012,0
2012-05-09,台北一,SE6 青蔥 粉蔥 ,35.1,24.2,15.3,24.6,2.93,26642.0,-12.01,5,3,2012,0
2012-05-10,台北一,SE6 青蔥 粉蔥 ,30.3,21.1,12.9,21.3,-13.41,28208.0,5.88,5,4,2012,0
2012-05-11,台北一,SE6 青蔥 粉蔥 ,35.0,26.6,17.3,26.4,23.94,24128.0,-14.46,5,5,2012,0
2012-05-12,台北一,SE6 青蔥 粉蔥 ,31.0,22.8,15.7,23.0,-12.88,32191.0,33.42,5,6,2012,0
2012-05-13,台北一,SE6 青蔥 粉蔥 ,28.6,21.3,14.6,21.4,-6.96,32580.0,1.21,5,7,2012,0
2012-05-14,台北一,SE6 青蔥 粉蔥 ,,,,,,,,5,1,2012,1
2012-05-15,台北一,SE6 青蔥 粉蔥 ,30.8,22.0,14.2,22.2,3.74,27655.0,-15.12,5,2,2012,0
2012-05-16,台北一,SE6 青蔥 粉蔥 ,27.6,19.6,10.5,19.4,-12.61,29931.0,8.23,5,3,2012,0
2012-05-17,台北一,SE6 青蔥 粉蔥 ,24.3,18.0,10.4,17.7,-8.76,26686.0,-10.84,5,4,2012,0
2012-05-18,台北一,SE6 青蔥 粉蔥 ,27.7,19.9,13.4,20.1,13.56,23431.0,-12.2,5,5,2012,0
2012-05-19,台北一,SE6 青蔥 粉蔥 ,30.1,22.9,14.7,22.7,12.94,20917.0,-10.73,5,6,2012,0
2012-05-20,台北一,SE6 青蔥 粉蔥 ,37.2,27.9,20.0,28.2,24.23,24436.0,16.82,5,7,2012,0
2012-05-21,台北一,SE6 青蔥 粉蔥 ,,,,,,,,5,1,2012,1
2012-05-22,台北一,SE6 青蔥 粉蔥 ,32.8,27.3,16.8,26.3,-6.74,27081.0,10.82,5,2,2012,0
2012-05-23,台北一,SE6 青蔥 粉蔥 ,32.3,27.0,20.8,26.8,1.9,27497.0,1.54,5,3,2012,0
2012-05-24,台北一,SE6 青蔥 粉蔥 ,27.9,21.9,17.2,22.1,-17.54,24517.0,-10.84,5,4,2012,0
2012-05-25,台北一,SE6 青蔥 粉蔥 ,29.8,22.9,14.5,22.6,2.26,24884.0,1.5,5,5,2012,0
2012-05-26,台北一,SE6 青蔥 粉蔥 ,28.8,23.0,15.9,22.8,0.88,24110.0,-3.11,5,6,2012,0
2012-05-27,台北一,SE6 青蔥 粉蔥 ,28.6,21.2,14.1,21.2,-7.02,27255.0,13.04,5,7,2012,0
2012-05-28,台北一,SE6 青蔥 粉蔥 ,,,,,,,,5,1,2012,1
2012-05-29,台北一,SE6 青蔥 粉蔥 ,40.2,34.2,24.4,33.4,57.55,17035.0,-37.5,5,2,2012,0
2012-05-30,台北一,SE6 青蔥 粉蔥 ,37.8,33.2,26.0,32.6,-2.4,18790.0,10.3,5,3,2012,0
2012-05-31,台北一,SE6 青蔥 粉蔥 ,32.5,26.3,20.0,26.3,-19.33,23170.0,23.31,5,4,2012,0
2012-06-01,台北一,SE6 青蔥 粉蔥 ,30.9,24.1,16.1,23.9,-9.13,22490.0,-2.93,6,5,2012,0
2012-06-02,台北一,SE6 青蔥 粉蔥 ,30.9,24.9,16.7,24.5,2.51,22264.0,-1.0,6,6,2012,0
2012-06-03,台北一,SE6 青蔥 粉蔥 ,30.3,25.6,18.8,25.2,2.86,24218.0,8.78,6,7,2012,0
2012-06-04,台北一,SE6 青蔥 粉蔥 ,,,,,,,,6,1,2012,1
2012-06-05,台北一,SE6 青蔥 粉蔥 ,31.6,26.3,18.7,25.9,2.78,21628.0,-10.69,6,2,2012,0
2012-06-06,台北一,SE6 青蔥 粉蔥 ,30.9,25.8,18.6,25.3,-2.32,20923.0,-3.26,6,3,2012,0
2012-06-07,台北一,SE6 青蔥 粉蔥 ,31.5,25.8,17.6,25.3,0.0,17225.0,-17.67,6,4,2012,0
2012-06-08,台北一,SE6 青蔥 粉蔥 ,32.5,27.2,19.5,26.7,5.53,17417.0,1.11,6,5,2012,0
2012-06-09,台北一,SE6 青蔥 粉蔥 ,32.3,27.3,20.0,26.8,0.37,19689.0,13.04,6,6,2012,0
2012-06-10,台北一,SE6 青蔥 粉蔥 ,35.3,28.9,21.7,28.7,7.09,19226.0,-2.35,6,7,2012,0
2012-06-11,台北一,SE6 青蔥 粉蔥 ,,,,,,,,6,1,2012,1
2012-06-12,台北一,SE6 青蔥 粉蔥 ,47.9,37.8,25.6,37.4,30.31,15153.0,-21.18,6,2,2012,0
2012-06-13,台北一,SE6 青蔥 粉蔥 ,55.1,46.5,34.3,45.8,22.46,17099.0,12.84,6,3,2012,0
2012-06-14,台北一,SE6 青蔥 粉蔥 ,54.0,45.2,34.6,44.8,-2.18,17547.0,2.62,6,4,2012,0
2012-06-15,台北一,SE6 青蔥 粉蔥 ,50.7,44.3,34.7,43.6,-2.68,19922.0,13.54,6,5,2012,0
2012-06-16,台北一,SE6 青蔥 粉蔥 ,47.5,40.7,30.5,40.0,-8.26,18440.0,-7.44,6,6,2012,0
2012-06-17,台北一,SE6 青蔥 粉蔥 ,45.9,38.0,24.4,36.9,-7.75,19075.0,3.44,6,7,2012,0
2012-06-18,台北一,SE6 青蔥 粉蔥 ,,,,,,,,6,1,2012,1
2012-06-19,台北一,SE6 青蔥 粉蔥 ,63.7,51.3,37.5,51.1,38.48,18358.0,-3.76,6,2,2012,0
2012-06-20,台北一,SE6 青蔥 粉蔥 ,74.5,63.0,48.4,62.4,22.11,20385.0,11.04,6,3,2012,0
2012-06-21,台北一,SE6 青蔥 粉蔥 ,49.6,39.7,32.0,40.1,-35.74,24735.0,21.34,6,4,2012,0
2012-06-22,台北一,SE6 青蔥 粉蔥 ,43.9,32.5,22.6,32.8,-18.2,23258.0,-5.97,6,5,2012,0
2012-06-23,台北一,SE6 青蔥 粉蔥 ,44.5,33.0,19.1,32.5,-0.91,20944.0,-9.95,6,6,2012,0
2012-06-24,台北一,SE6 青蔥 粉蔥 ,,,,,,,,6,7,2012,1
2012-06-25,台北一,SE6 青蔥 粉蔥 ,,,,,,,,6,1,2012,1
2012-06-26,台北一,SE6 青蔥 粉蔥 ,69.7,55.4,40.8,55.3,70.15,12371.0,-40.93,6,2,2012,0
2012-06-27,台北一,SE6 青蔥 粉蔥 ,79.4,64.3,51.3,64.7,17.0,11069.0,-10.52,6,3,2012,0
2012-06-28,台北一,SE6 青蔥 粉蔥 ,78.5,69.1,58.5,68.9,6.49,11131.0,0.56,6,4,2012,0
2012-06-29,台北一,SE6 青蔥 粉蔥 ,78.4,69.7,58.6,69.2,0.44,10961.0,-1.53,6,5,2012,0
2012-06-30,台北一,SE6 青蔥 粉蔥 ,83.0,72.0,60.6,71.9,3.9,12029.0,9.74,6,6,2012,0
2012-07-01,台北一,SE6 青蔥 粉蔥 ,91.6,80.5,69.9,80.6,12.1,11124.0,-7.52,7,7,2012,0
2012-07-02,台北一,SE6 青蔥 粉蔥 ,,,,,,,,7,1,2012,1
2012-07-03,台北一,SE6 青蔥 粉蔥 ,88.9,77.2,64.0,76.9,-4.59,13304.0,19.6,7,2,2012,0
2012-07-04,台北一,SE6 青蔥 粉蔥 ,82.1,71.2,62.6,71.7,-6.76,12184.0,-8.42,7,3,2012,0
2012-07-05,台北一,SE6 青蔥 粉蔥 ,78.0,67.9,57.1,67.8,-5.44,10741.0,-11.84,7,4,2012,0
2012-07-06,台北一,SE6 青蔥 粉蔥 ,76.2,66.6,57.3,66.7,-1.62,10679.0,-0.58,7,5,2012,0
2012-07-07,台北一,SE6 青蔥 粉蔥 ,76.3,65.7,56.2,65.9,-1.2,10620.0,-0.55,7,6,2012,0
2012-07-08,台北一,SE6 青蔥 粉蔥 ,77.0,66.6,56.9,66.7,1.21,10912.0,2.75,7,7,2012,0
2012-07-09,台北一,SE6 青蔥 粉蔥 ,,,,,,,,7,1,2012,1
2012-07-10,台北一,SE6 青蔥 粉蔥 ,87.2,76.6,60.9,75.6,13.34,8728.0,-20.01,7,2,2012,0
2012-07-11,台北一,SE6 青蔥 粉蔥 ,87.1,80.8,69.3,79.8,5.56,9175.0,5.12,7,3,2012,0
2012-07-12,台北一,SE6 青蔥 粉蔥 ,89.4,81.1,64.5,79.4,-0.5,7961.0,-13.23,7,4,2012,0
2012-07-13,台北一,SE6 青蔥 粉蔥 ,89.7,81.8,68.5,80.7,1.64,8568.0,7.62,7,5,2012,0
2012-07-14,台北一,SE6 青蔥 粉蔥 ,97.5,86.1,70.8,85.3,5.7,8391.0,-2.07,7,6,2012,0
2012-07-15,台北一,SE6 青蔥 粉蔥 ,103.8,94.2,81.5,93.6,9.73,8764.0,4.45,7,7,2012,0
2012-07-16,台北一,SE6 青蔥 粉蔥 ,,,,,,,,7,1,2012,1
2012-07-17,台北一,SE6 青蔥 粉蔥 ,103.6,92.6,82.2,92.7,-0.96,9199.0,4.96,7,2,2012,0
2012-07-18,台北一,SE6 青蔥 粉蔥 ,100.5,91.1,76.2,90.0,-2.91,9244.0,0.49,7,3,2012,0
2012-07-19,台北一,SE6 青蔥 粉蔥 ,99.4,88.0,75.3,87.7,-2.56,7261.0,-21.45,7,4,2012,0
2012-07-20,台北一,SE6 青蔥 粉蔥 ,104.0,92.0,73.1,90.6,3.31,8993.0,23.85,7,5,2012,0
2012-07-21,台北一,SE6 青蔥 粉蔥 ,107.1,94.0,75.3,92.9,2.54,9081.0,0.98,7,6,2012,0
2012-07-22,台北一,SE6 青蔥 粉蔥 ,104.6,93.9,81.1,93.5,0.65,8425.0,-7.22,7,7,2012,0
2012-07-23,台北一,SE6 青蔥 粉蔥 ,,,,,,,,7,1,2012,1
2012-07-24,台北一,SE6 青蔥 粉蔥 ,98.6,88.3,75.3,87.7,-6.2,8358.0,-0.8,7,2,2012,0
2012-07-25,台北一,SE6 青蔥 粉蔥 ,96.7,86.5,72.4,85.7,-2.28,7531.0,-9.89,7,3,2012,0
2012-07-26,台北一,SE6 青蔥 粉蔥 ,102.7,92.7,75.4,91.2,6.42,6405.0,-14.95,7,4,2012,0
2012-07-27,台北一,SE6 青蔥 粉蔥 ,119.9,112.8,88.6,109.4,19.96,5781.0,-9.74,7,5,2012,0
2012-07-28,台北一,SE6 青蔥 粉蔥 ,119.2,110.9,85.3,107.4,-1.83,7844.0,35.69,7,6,2012,0
2012-07-29,台北一,SE6 青蔥 粉蔥 ,125.2,112.0,88.5,109.9,2.33,8249.0,5.16,7,7,2012,0
2012-07-30,台北一,SE6 青蔥 粉蔥 ,,,,,,,,7,1,2012,1
2012-07-31,台北一,SE6 青蔥 粉蔥 ,152.8,123.6,76.8,120.1,9.28,8404.0,1.88,7,2,2012,0
2012-08-01,台北一,SE6 青蔥 粉蔥 ,141.2,121.9,101.1,121.6,1.25,6694.0,-20.35,8,3,2012,0
2012-08-02,台北一,SE6 青蔥 粉蔥 ,123.9,106.8,86.1,106.1,-12.75,6955.0,3.9,8,4,2012,0
2012-08-03,台北一,SE6 青蔥 粉蔥 ,150.6,130.3,113.4,131.0,23.47,1875.0,-73.04,8,5,2012,0
2012-08-04,台北一,SE6 青蔥 粉蔥 ,136.2,116.7,79.5,113.1,-13.66,4466.0,138.19,8,6,2012,0
2012-08-05,台北一,SE6 青蔥 粉蔥 ,133.4,83.8,41.7,85.3,-24.58,3709.0,-16.95,8,7,2012,0
2012-08-06,台北一,SE6 青蔥 粉蔥 ,,,,,,,,8,1,2012,1
2012-08-07,台北一,SE6 青蔥 粉蔥 ,143.9,123.5,43.2,111.5,30.72,2108.0,-43.17,8,2,2012,0
2012-08-08,台北一,SE6 青蔥 粉蔥 ,149.5,133.4,69.5,123.9,11.12,2802.0,32.92,8,3,2012,0
2012-08-09,台北一,SE6 青蔥 粉蔥 ,183.6,169.9,100.2,158.7,28.09,2229.0,-20.45,8,4,2012,0
2012-08-10,台北一,SE6 青蔥 粉蔥 ,188.6,173.8,139.9,170.0,7.12,3348.0,50.2,8,5,2012,0
2012-08-11,台北一,SE6 青蔥 粉蔥 ,183.3,162.1,136.6,161.2,-5.18,4842.0,44.62,8,6,2012,0
2012-08-12,台北一,SE6 青蔥 粉蔥 ,194.4,173.2,126.0,168.0,4.22,4915.0,1.51,8,7,2012,0
2012-08-13,台北一,SE6 青蔥 粉蔥 ,,,,,,,,8,1,2012,1
2012-08-14,台北一,SE6 青蔥 粉蔥 ,213.3,204.2,180.8,201.3,19.82,4350.0,-11.5,8,2,2012,0
2012-08-15,台北一,SE6 青蔥 粉蔥 ,188.6,173.1,139.0,169.4,-15.85,7343.0,68.8,8,3,2012,0
2012-08-16,台北一,SE6 青蔥 粉蔥 ,164.7,142.1,109.0,140.0,-17.36,5994.0,-18.37,8,4,2012,0
2012-08-17,台北一,SE6 青蔥 粉蔥 ,146.9,130.6,101.5,128.0,-8.57,4542.0,-24.22,8,5,2012,0
2012-08-18,台北一,SE6 青蔥 粉蔥 ,145.4,127.3,92.4,123.9,-3.2,4987.0,9.8,8,6,2012,0
2012-08-19,台北一,SE6 青蔥 粉蔥 ,143.7,129.2,95.2,125.3,1.13,4263.0,-14.52,8,7,2012,0
2012-08-20,台北一,SE6 青蔥 粉蔥 ,,,,,,,,8,1,2012,1
2012-08-21,台北一,SE6 青蔥 粉蔥 ,217.2,199.2,159.8,194.9,55.55,3091.0,-27.49,8,2,2012,0
2012-08-22,台北一,SE6 青蔥 粉蔥 ,189.2,161.4,122.4,159.2,-18.32,7450.0,141.02,8,3,2012,0
2012-08-23,台北一,SE6 青蔥 粉蔥 ,169.5,139.2,114.4,140.3,-11.87,7643.0,2.59,8,4,2012,0
2012-08-24,台北一,SE6 青蔥 粉蔥 ,144.4,128.0,82.6,122.2,-12.9,4412.0,-42.27,8,5,2012,0
2012-08-25,台北一,SE6 青蔥 粉蔥 ,158.0,129.5,75.3,124.3,1.72,2995.0,-32.12,8,6,2012,0
2012-08-26,台北一,SE6 青蔥 粉蔥 ,130.9,104.2,72.1,103.1,-17.06,5485.0,83.14,8,7,2012,0
2012-08-27,台北一,SE6 青蔥 粉蔥 ,,,,,,,,8,1,2012,1
2012-08-28,台北一,SE6 青蔥 粉蔥 ,161.4,140.5,69.1,130.4,26.48,3291.0,-40.0,8,2,2012,0
2012-08-29,台北一,SE6 青蔥 粉蔥 ,181.6,151.7,103.8,148.1,13.57,1721.0,-47.71,8,3,2012,0
2012-08-30,台北一,SE6 青蔥 粉蔥 ,177.6,148.6,110.1,146.7,-0.95,3921.0,127.83,8,4,2012,0
2012-08-31,台北一,SE6 青蔥 粉蔥 ,187.0,162.3,87.9,152.4,3.89,3741.0,-4.59,8,5,2012,0
2012-09-01,台北一,SE6 青蔥 粉蔥 ,219.8,206.5,191.7,206.2,35.3,1980.0,-47.07,9,6,2012,0
2012-09-02,台北一,SE6 青蔥 粉蔥 ,343.4,321.3,180.6,297.6,44.33,2786.0,40.71,9,7,2012,0
2012-09-03,台北一,SE6 青蔥 粉蔥 ,,,,,,,,9,1,2012,1
2012-09-04,台北一,SE6 青蔥 粉蔥 ,,,,,,,,9,2,2012,1
2012-09-05,台北一,SE6 青蔥 粉蔥 ,173.6,143.1,104.0,141.3,-52.52,4647.0,66.8,9,3,2012,0
2012-09-06,台北一,SE6 青蔥 粉蔥 ,155.0,135.8,110.0,134.5,-4.81,4929.0,6.07,9,4,2012,0
2012-09-07,台北一,SE6 青蔥 粉蔥 ,156.8,136.6,108.8,135.1,0.45,3546.0,-28.06,9,5,2012,0
2012-09-08,台北一,SE6 青蔥 粉蔥 ,159.0,136.3,109.7,135.5,0.3,5069.0,42.95,9,6,2012,0
2012-09-09,台北一,SE6 青蔥 粉蔥 ,150.6,135.6,101.6,131.8,-2.73,5586.0,10.2,9,7,2012,0
2012-09-10,台北一,SE6 青蔥 粉蔥 ,,,,,,,,9,1,2012,1
2012-09-11,台北一,SE6 青蔥 粉蔥 ,141.4,119.0,87.4,117.1,-11.15,5783.0,3.53,9,2,2012,0
2012-09-12,台北一,SE6 青蔥 粉蔥 ,138.8,113.7,87.0,113.3,-3.25,4555.0,-21.23,9,3,2012,0
2012-09-13,台北一,SE6 青蔥 粉蔥 ,135.3,118.7,92.7,116.8,3.09,3819.0,-16.16,9,4,2012,0
2012-09-14,台北一,SE6 青蔥 粉蔥 ,134.4,101.0,79.2,103.3,-11.56,5315.0,39.17,9,5,2012,0
2012-09-15,台北一,SE6 青蔥 粉蔥 ,123.5,92.6,72.5,94.8,-8.23,6375.0,19.94,9,6,2012,0
2012-09-16,台北一,SE6 青蔥 粉蔥 ,129.4,105.3,80.8,105.2,10.97,4873.0,-23.56,9,7,2012,0
2012-09-17,台北一,SE6 青蔥 粉蔥 ,,,,,,,,9,1,2012,1
2012-09-18,台北一,SE6 青蔥 粉蔥 ,132.3,118.3,91.0,115.7,9.98,6042.0,23.99,9,2,2012,0
2012-09-19,台北一,SE6 青蔥 粉蔥 ,138.0,115.3,86.8,114.2,-1.3,5973.0,-1.14,9,3,2012,0
2012-09-20,台北一,SE6 青蔥 粉蔥 ,131.0,105.3,80.9,105.5,-7.62,6412.0,7.35,9,4,2012,0
2012-09-21,台北一,SE6 青蔥 粉蔥 ,115.9,95.4,66.0,93.6,-11.28,7710.0,20.24,9,5,2012,0
2012-09-22,台北一,SE6 青蔥 粉蔥 ,120.1,98.9,77.3,98.8,5.56,6567.0,-14.82,9,6,2012,0
2012-09-23,台北一,SE6 青蔥 粉蔥 ,109.3,83.1,65.3,84.8,-14.17,7682.0,16.98,9,7,2012,0
2012-09-24,台北一,SE6 青蔥 粉蔥 ,,,,,,,,9,1,2012,1
2012-09-25,台北一,SE6 青蔥 粉蔥 ,103.1,83.6,68.0,84.3,-0.59,7223.0,-5.98,9,2,2012,0
2012-09-26,台北一,SE6 青蔥 粉蔥 ,103.0,82.6,63.9,83.0,-1.54,7936.0,9.87,9,3,2012,0
2012-09-27,台北一,SE6 青蔥 粉蔥 ,90.3,74.2,59.0,74.3,-10.48,8112.0,2.22,9,4,2012,0
2012-09-28,台北一,SE6 青蔥 粉蔥 ,66.4,50.4,43.0,52.1,-29.88,10577.0,30.39,9,5,2012,0
2012-09-29,台北一,SE6 青蔥 粉蔥 ,68.9,54.0,43.4,54.8,5.18,8999.0,-14.92,9,6,2012,0
2012-09-30,台北一,SE6 青蔥 粉蔥 ,80.3,63.2,48.3,63.6,16.06,8245.0,-8.38,9,7,2012,0
2012-10-01,台北一,SE6 青蔥 粉蔥 ,,,,,,,,10,1,2012,1
2012-10-02,台北一,SE6 青蔥 粉蔥 ,,,,,,,,10,2,2012,1
2012-10-03,台北一,SE6 青蔥 粉蔥 ,126.8,103.1,72.7,101.7,59.91,5447.0,-33.94,10,3,2012,0
2012-10-04,台北一,SE6 青蔥 粉蔥 ,128.7,105.6,77.9,104.7,2.95,6812.0,25.06,10,4,2012,0
2012-10-05,台北一,SE6 青蔥 粉蔥 ,113.6,89.0,66.9,89.5,-14.52,8722.0,28.04,10,5,2012,0
2012-10-06,台北一,SE6 青蔥 粉蔥 ,95.1,78.8,55.4,77.3,-13.63,9834.0,12.75,10,6,2012,0
2012-10-07,台北一,SE6 青蔥 粉蔥 ,95.0,76.2,51.8,75.1,-2.85,9186.0,-6.59,10,7,2012,0
2012-10-08,台北一,SE6 青蔥 粉蔥 ,,,,,,,,10,1,2012,1
2012-10-09,台北一,SE6 青蔥 粉蔥 ,93.6,76.2,57.7,76.0,1.2,8747.0,-4.78,10,2,2012,0
2012-10-10,台北一,SE6 青蔥 粉蔥 ,96.9,83.6,62.6,82.1,8.03,6889.0,-21.24,10,3,2012,0
2012-10-11,台北一,SE6 青蔥 粉蔥 ,92.5,76.2,57.3,75.7,-7.8,8270.0,20.05,10,4,2012,0
2012-10-12,台北一,SE6 青蔥 粉蔥 ,84.4,67.8,50.9,67.8,-10.44,9048.0,9.41,10,5,2012,0
2012-10-13,台北一,SE6 青蔥 粉蔥 ,80.0,65.0,51.1,65.2,-3.83,9302.0,2.81,10,6,2012,0
2012-10-14,台北一,SE6 青蔥 粉蔥 ,81.2,67.0,58.8,68.2,4.6,9439.0,1.47,10,7,2012,0
2012-10-15,台北一,SE6 青蔥 粉蔥 ,,,,,,,,10,1,2012,1
2012-10-16,台北一,SE6 青蔥 粉蔥 ,84.3,69.3,59.6,70.3,3.08,9624.0,1.96,10,2,2012,0
2012-10-17,台北一,SE6 青蔥 粉蔥 ,72.6,60.4,52.0,61.2,-12.94,11486.0,19.35,10,3,2012,0
2012-10-18,台北一,SE6 青蔥 粉蔥 ,61.0,52.2,44.3,52.4,-14.38,10060.0,-12.42,10,4,2012,0
2012-10-19,台北一,SE6 青蔥 粉蔥 ,71.0,58.5,46.5,58.6,11.83,8499.0,-15.52,10,5,2012,0
2012-10-20,台北一,SE6 青蔥 粉蔥 ,66.8,55.5,45.4,55.7,-4.95,10561.0,24.26,10,6,2012,0
2012-10-21,台北一,SE6 青蔥 粉蔥 ,76.4,58.8,47.9,60.2,8.08,10929.0,3.48,10,7,2012,0
2012-10-22,台北一,SE6 青蔥 粉蔥 ,,,,,,,,10,1,2012,1
2012-10-23,台北一,SE6 青蔥 粉蔥 ,81.1,69.6,57.3,69.4,15.28,10674.0,-2.33,10,2,2012,0
2012-10-24,台北一,SE6 青蔥 粉蔥 ,80.5,66.3,53.2,66.6,-4.03,8765.0,-17.88,10,3,2012,0
2012-10-25,台北一,SE6 青蔥 粉蔥 ,90.1,68.0,50.6,68.9,3.45,8783.0,0.21,10,4,2012,0
2012-10-26,台北一,SE6 青蔥 粉蔥 ,79.9,60.0,36.8,59.3,-13.93,9944.0,13.22,10,5,2012,0
2012-10-27,台北一,SE6 青蔥 粉蔥 ,83.4,62.6,39.1,62.1,4.72,9362.0,-5.85,10,6,2012,0
2012-10-28,台北一,SE6 青蔥 粉蔥 ,70.5,52.8,22.0,50.2,-19.16,11679.0,24.75,10,7,2012,0
2012-10-29,台北一,SE6 青蔥 粉蔥 ,,,,,,,,10,1,2012,1
2012-10-30,台北一,SE6 青蔥 粉蔥 ,72.3,59.5,41.5,58.4,16.33,10642.0,-8.88,10,2,2012,0
2012-10-31,台北一,SE6 青蔥 粉蔥 ,66.0,54.3,30.6,51.9,-11.13,10986.0,3.23,10,3,2012,0
2012-11-01,台北一,SE6 青蔥 粉蔥 ,64.4,49.8,29.6,48.7,-6.17,9566.0,-12.93,11,4,2012,0
2012-11-02,台北一,SE6 青蔥 粉蔥 ,70.3,53.1,32.2,52.4,7.6,9160.0,-4.24,11,5,2012,0
2012-11-03,台北一,SE6 青蔥 粉蔥 ,71.8,55.9,35.6,55.0,4.96,9810.0,7.1,11,6,2012,0
2012-11-04,台北一,SE6 青蔥 粉蔥 ,83.1,59.6,42.1,60.8,10.55,9820.0,0.1,11,7,2012,0
2012-11-05,台北一,SE6 青蔥 粉蔥 ,,,,,,,,11,1,2012,1
2012-11-06,台北一,SE6 青蔥 粉蔥 ,82.5,63.6,48.1,64.3,5.76,11341.0,15.49,11,2,2012,0
2012-11-07,台北一,SE6 青蔥 粉蔥 ,79.0,55.9,43.6,58.1,-9.64,11613.0,2.4,11,3,2012,0
2012-11-08,台北一,SE6 青蔥 粉蔥 ,68.1,52.4,37.8,52.6,-9.47,10982.0,-5.43,11,4,2012,0
2012-11-09,台北一,SE6 青蔥 粉蔥 ,58.3,48.1,32.8,47.1,-10.46,12141.0,10.55,11,5,2012,0
2012-11-10,台北一,SE6 青蔥 粉蔥 ,53.6,43.8,29.6,42.9,-8.92,13649.0,12.42,11,6,2012,0
2012-11-11,台北一,SE6 青蔥 粉蔥 ,57.3,41.0,25.7,41.2,-3.96,14805.0,8.47,11,7,2012,0
2012-11-12,台北一,SE6 青蔥 粉蔥 ,,,,,,,,11,1,2012,1
2012-11-13,台北一,SE6 青蔥 粉蔥 ,65.6,46.9,33.7,48.0,16.5,12809.0,-13.48,11,2,2012,0
2012-11-14,台北一,SE6 青蔥 粉蔥 ,55.2,43.9,31.5,43.7,-8.96,12333.0,-3.72,11,3,2012,0
2012-11-15,台北一,SE6 青蔥 粉蔥 ,54.8,39.2,28.0,40.1,-8.24,10473.0,-15.08,11,4,2012,0
2012-11-16,台北一,SE6 青蔥 粉蔥 ,55.4,42.4,29.8,42.5,5.99,11319.0,8.08,11,5,2012,0
2012-11-17,台北一,SE6 青蔥 粉蔥 ,58.0,47.7,30.3,46.3,8.94,9754.0,-13.83,11,6,2012,0
2012-11-18,台北一,SE6 青蔥 粉蔥 ,58.5,47.2,30.9,46.2,-0.22,11858.0,21.57,11,7,2012,0
2012-11-19,台北一,SE6 青蔥 粉蔥 ,,,,,,,,11,1,2012,1
2012-11-20,台北一,SE6 青蔥 粉蔥 ,64.4,48.9,31.8,48.6,5.19,11030.0,-6.98,11,2,2012,0
2012-11-21,台北一,SE6 青蔥 粉蔥 ,58.2,45.0,31.7,45.0,-7.41,12031.0,9.08,11,3,2012,0
2012-11-22,台北一,SE6 青蔥 粉蔥 ,50.7,36.8,25.1,37.2,-17.33,12973.0,7.83,11,4,2012,0
2012-11-23,台北一,SE6 青蔥 粉蔥 ,41.8,28.3,12.2,27.8,-25.27,14520.0,11.92,11,5,2012,0
2012-11-24,台北一,SE6 青蔥 粉蔥 ,44.4,32.0,21.4,32.4,16.55,14303.0,-1.49,11,6,2012,0
2012-11-25,台北一,SE6 青蔥 粉蔥 ,55.4,45.0,33.9,44.8,38.27,11758.0,-17.79,11,7,2012,0
2012-11-26,台北一,SE6 青蔥 粉蔥 ,,,,,,,,11,1,2012,1
2012-11-27,台北一,SE6 青蔥 粉蔥 ,50.3,40.0,31.5,40.3,-10.04,16497.0,40.3,11,2,2012,0
2012-11-28,台北一,SE6 青蔥 粉蔥 ,48.6,41.1,33.4,41.0,1.74,14026.0,-14.98,11,3,2012,0
2012-11-29,台北一,SE6 青蔥 粉蔥 ,49.8,39.7,31.3,40.0,-2.44,15401.0,9.8,11,4,2012,0
2012-11-30,台北一,SE6 青蔥 粉蔥 ,42.3,33.3,20.7,32.6,-18.5,20853.0,35.4,11,5,2012,0
2012-12-01,台北一,SE6 青蔥 粉蔥 ,40.1,31.5,21.9,31.3,-3.99,20366.0,-2.34,12,6,2012,0
2012-12-02,台北一,SE6 青蔥 粉蔥 ,48.0,33.3,20.4,33.7,7.67,19939.0,-2.1,12,7,2012,0
2012-12-03,台北一,SE6 青蔥 粉蔥 ,,,,,,,,12,1,2012,1
2012-12-04,台北一,SE6 青蔥 粉蔥 ,44.2,34.3,24.2,34.3,1.78,23040.0,15.55,12,2,2012,0
2012-12-05,台北一,SE6 青蔥 粉蔥 ,44.0,34.1,25.6,34.4,0.29,19433.0,-15.66,12,3,2012,0
2012-12-06,台北一,SE6 青蔥 粉蔥 ,53.8,40.9,29.0,41.1,19.48,15582.0,-19.82,12,4,2012,0
2012-12-07,台北一,SE6 青蔥 粉蔥 ,57.7,48.6,38.6,48.4,17.76,15399.0,-1.17,12,5,2012,0
2012-12-08,台北一,SE6 青蔥 粉蔥 ,52.7,44.6,34.8,44.3,-8.47,22883.0,48.6,12,6,2012,0
2012-12-09,台北一,SE6 青蔥 粉蔥 ,50.2,38.8,28.0,38.9,-12.19,23075.0,0.84,12,7,2012,0
2012-12-10,台北一,SE6 青蔥 粉蔥 ,,,,,,,,12,1,2012,1
2012-12-11,台北一,SE6 青蔥 粉蔥 ,56.3,42.0,31.0,42.7,9.77,22390.0,-2.97,12,2,2012,0
2012-12-12,台北一,SE6 青蔥 粉蔥 ,46.5,34.8,24.8,35.1,-17.8,25439.0,13.62,12,3,2012,0
2012-12-13,台北一,SE6 青蔥 粉蔥 ,43.2,34.1,25.0,34.1,-2.85,23409.0,-7.98,12,4,2012,0
2012-12-14,台北一,SE6 青蔥 粉蔥 ,41.1,30.8,20.6,30.8,-9.68,24970.0,6.67,12,5,2012,0
2012-12-15,台北一,SE6 青蔥 粉蔥 ,37.1,25.6,17.5,26.2,-14.94,26006.0,4.15,12,6,2012,0
2012-12-16,台北一,SE6 青蔥 粉蔥 ,38.9,27.9,17.6,28.0,6.87,23663.0,-9.01,12,7,2012,0
2012-12-17,台北一,SE6 青蔥 粉蔥 ,,,,,,,,12,1,2012,1
2012-12-18,台北一,SE6 青蔥 粉蔥 ,39.1,31.4,21.7,31.0,10.71,26023.0,9.97,12,2,2012,0
2012-12-19,台北一,SE6 青蔥 粉蔥 ,35.4,28.5,21.6,28.5,-8.06,24608.0,-5.44,12,3,2012,0
2012-12-20,台北一,SE6 青蔥 粉蔥 ,31.0,23.3,18.5,23.9,-16.14,28411.0,15.45,12,4,2012,0
2012-12-21,台北一,SE6 青蔥 粉蔥 ,33.1,24.8,18.7,25.2,5.44,24514.0,-13.72,12,5,2012,0
2012-12-22,台北一,SE6 青蔥 粉蔥 ,40.4,31.4,22.0,31.3,24.21,19351.0,-21.06,12,6,2012,0
2012-12-23,台北一,SE6 青蔥 粉蔥 ,47.2,36.0,24.3,35.9,14.7,22911.0,18.4,12,7,2012,0
2012-12-24,台北一,SE6 青蔥 粉蔥 ,,,,,,,,12,1,2012,1
2012-12-25,台北一,SE6 青蔥 粉蔥 ,44.4,36.4,27.4,36.2,0.84,26059.0,13.74,12,2,2012,0
2012-12-26,台北一,SE6 青蔥 粉蔥 ,38.9,31.1,18.1,30.0,-17.13,25939.0,-0.46,12,3,2012,0
2012-12-27,台北一,SE6 青蔥 粉蔥 ,36.3,25.7,13.8,25.5,-15.0,25624.0,-1.21,12,4,2012,0
2012-12-28,台北一,SE6 青蔥 粉蔥 ,34.3,25.2,15.9,25.2,-1.18,25238.0,-1.51,12,5,2012,0
2012-12-29,台北一,SE6 青蔥 粉蔥 ,34.6,23.6,16.9,24.4,-3.17,23947.0,-5.12,12,6,2012,0
2012-12-30,台北一,SE6 青蔥 粉蔥 ,34.9,25.1,18.5,25.8,5.74,22447.0,-6.26,12,7,2012,0
2012-12-31,台北一,SE6 青蔥 粉蔥 ,,,,,,,,12,1,2012,1
2013-01-01,台北一,SE6 青蔥 粉蔥 ,51.2,41.8,30.8,41.5,60.85,18820.0,-16.16,1,2,2013,0
2013-01-02,台北一,SE6 青蔥 粉蔥 ,50.0,40.2,31.1,40.4,-2.65,21072.0,11.97,1,3,2013,0
2013-01-03,台北一,SE6 青蔥 粉蔥 ,38.7,30.3,19.7,29.9,-25.99,23478.0,11.42,1,4,2013,0
2013-01-04,台北一,SE6 青蔥 粉蔥 ,37.1,26.4,16.6,26.6,-11.04,22132.0,-5.73,1,5,2013,0
2013-01-05,台北一,SE6 青蔥 粉蔥 ,36.3,27.2,17.9,27.1,1.88,23910.0,8.03,1,6,2013,0
2013-01-06,台北一,SE6 青蔥 粉蔥 ,38.5,29.6,19.3,29.3,8.12,24437.0,2.2,1,7,2013,0
2013-01-07,台北一,SE6 青蔥 粉蔥 ,,,,,,,,1,1,2013,1
2013-01-08,台北一,SE6 青蔥 粉蔥 ,36.6,29.5,20.4,29.1,-0.68,25354.0,3.75,1,2,2013,0
2013-01-09,台北一,SE6 青蔥 粉蔥 ,33.3,25.1,14.5,24.6,-15.46,26121.0,3.03,1,3,2013,0
2013-01-10,台北一,SE6 青蔥 粉蔥 ,30.1,22.3,14.8,22.4,-8.94,23416.0,-10.36,1,4,2013,0
2013-01-11,台北一,SE6 青蔥 粉蔥 ,28.0,22.0,14.9,21.8,-2.68,23240.0,-0.75,1,5,2013,0
2013-01-12,台北一,SE6 青蔥 粉蔥 ,28.2,22.7,15.5,22.4,2.75,25090.0,7.96,1,6,2013,0
2013-01-13,台北一,SE6 青蔥 粉蔥 ,30.5,23.7,16.4,23.6,5.36,25012.0,-0.31,1,7,2013,0
2013-01-14,台北一,SE6 青蔥 粉蔥 ,,,,,,,,1,1,2013,1
2013-01-15,台北一,SE6 青蔥 粉蔥 ,32.8,25.3,18.5,25.4,7.63,25452.0,1.76,1,2,2013,0
2013-01-16,台北一,SE6 青蔥 粉蔥 ,33.5,25.7,17.7,25.6,0.79,24834.0,-2.43,1,3,2013,0
2013-01-17,台北一,SE6 青蔥 粉蔥 ,34.8,26.2,17.9,26.3,2.73,24119.0,-2.88,1,4,2013,0
2013-01-18,台北一,SE6 青蔥 粉蔥 ,33.2,25.4,16.7,25.2,-4.18,24374.0,1.06,1,5,2013,0
2013-01-19,台北一,SE6 青蔥 粉蔥 ,33.4,25.1,15.4,24.8,-1.59,25138.0,3.13,1,6,2013,0
2013-01-20,台北一,SE6 青蔥 粉蔥 ,32.3,25.0,17.1,24.9,0.4,27343.0,8.77,1,7,2013,0
2013-01-21,台北一,SE6 青蔥 粉蔥 ,,,,,,,,1,1,2013,1
2013-01-22,台北一,SE6 青蔥 粉蔥 ,30.1,24.2,16.6,23.9,-4.02,25752.0,-5.82,1,2,2013,0
2013-01-23,台北一,SE6 青蔥 粉蔥 ,26.7,21.8,13.5,21.1,-11.72,25936.0,0.71,1,3,2013,0
2013-01-24,台北一,SE6 青蔥 粉蔥 ,27.1,21.9,11.7,20.9,-0.95,25437.0,-1.92,1,4,2013,0
2013-01-25,台北一,SE6 青蔥 粉蔥 ,27.2,21.8,11.7,20.9,0.0,25248.0,-0.74,1,5,2013,0
2013-01-26,台北一,SE6 青蔥 粉蔥 ,26.5,21.4,14.9,21.1,0.96,27477.0,8.83,1,6,2013,0
2013-01-27,台北一,SE6 青蔥 粉蔥 ,27.5,20.7,13.5,20.6,-2.37,30376.0,10.55,1,7,2013,0
2013-01-28,台北一,SE6 青蔥 粉蔥 ,,,,,,,,1,1,2013,1
2013-01-29,台北一,SE6 青蔥 粉蔥 ,28.9,22.6,14.6,22.3,8.25,26922.0,-11.37,1,2,2013,0
2013-01-30,台北一,SE6 青蔥 粉蔥 ,27.4,21.8,14.4,21.5,-3.59,24118.0,-10.42,1,3,2013,0
2013-01-31,台北一,SE6 青蔥 粉蔥 ,25.9,20.8,13.3,20.3,-5.58,24014.0,-0.43,1,4,2013,0
2013-02-01,台北一,SE6 青蔥 粉蔥 ,26.4,21.0,12.8,20.5,0.99,25016.0,4.17,2,5,2013,0
2013-02-02,台北一,SE6 青蔥 粉蔥 ,27.4,21.5,13.4,21.1,2.93,26092.0,4.3,2,6,2013,0
2013-02-03,台北一,SE6 青蔥 粉蔥 ,29.6,21.6,14.2,21.7,2.84,30182.0,15.68,2,7,2013,0
2013-02-04,台北一,SE6 青蔥 粉蔥 ,,,,,,,,2,1,2013,1
2013-02-05,台北一,SE6 青蔥 粉蔥 ,33.0,26.4,17.2,25.9,19.35,33697.0,11.65,2,2,2013,0
2013-02-06,台北一,SE6 青蔥 粉蔥 ,40.5,32.6,22.6,32.2,24.32,38774.0,15.07,2,3,2013,0
2013-02-07,台北一,SE6 青蔥 粉蔥 ,46.3,33.5,20.8,33.5,4.04,47925.0,23.6,2,4,2013,0
2013-02-08,台北一,SE6 青蔥 粉蔥 ,42.0,31.3,17.5,30.7,-8.36,54363.0,13.43,2,5,2013,0
2013-02-09,台北一,SE6 青蔥 粉蔥 ,21.5,13.9,5.9,13.8,-55.05,44218.0,-18.66,2,6,2013,0
2013-02-10,台北一,SE6 青蔥 粉蔥 ,,,,,,,,2,7,2013,1
2013-02-11,台北一,SE6 青蔥 粉蔥 ,,,,,,,,2,1,2013,1
2013-02-12,台北一,SE6 青蔥 粉蔥 ,,,,,,,,2,2,2013,1
2013-02-13,台北一,SE6 青蔥 粉蔥 ,,,,,,,,2,3,2013,1
2013-02-14,台北一,SE6 青蔥 粉蔥 ,,,,,,,,2,4,2013,1
2013-02-15,台北一,SE6 青蔥 粉蔥 ,32.4,24.6,17.0,24.7,78.99,23440.0,-46.99,2,5,2013,0
2013-02-16,台北一,SE6 青蔥 粉蔥 ,29.4,24.9,18.7,24.6,-0.4,24224.0,3.34,2,6,2013,0
2013-02-17,台北一,SE6 青蔥 粉蔥 ,33.8,29.4,22.8,29.0,17.89,25317.0,4.51,2,7,2013,0
2013-02-18,台北一,SE6 青蔥 粉蔥 ,,,,,,,,2,1,2013,1
2013-02-19,台北一,SE6 青蔥 粉蔥 ,27.5,22.9,16.2,22.5,-22.41,30343.0,19.85,2,2,2013,0
2013-02-20,台北一,SE6 青蔥 粉蔥 ,22.9,18.8,11.2,18.1,-19.56,27264.0,-10.15,2,3,2013,0
2013-02-21,台北一,SE6 青蔥 粉蔥 ,20.1,15.9,8.4,15.2,-16.02,26418.0,-3.1,2,4,2013,0
2013-02-22,台北一,SE6 青蔥 粉蔥 ,20.0,14.4,8.7,14.4,-5.26,23729.0,-10.18,2,5,2013,0
2013-02-23,台北一,SE6 青蔥 粉蔥 ,21.3,17.6,12.1,17.3,20.14,26515.0,11.74,2,6,2013,0
2013-02-24,台北一,SE6 青蔥 粉蔥 ,35.3,29.3,22.2,29.1,68.21,29538.0,11.4,2,7,2013,0
2013-02-25,台北一,SE6 青蔥 粉蔥 ,,,,,,,,2,1,2013,1
2013-02-26,台北一,SE6 青蔥 粉蔥 ,,,,,,,,2,2,2013,1
2013-02-27,台北一,SE6 青蔥 粉蔥 ,29.5,24.7,18.0,24.3,-16.49,30048.0,1.73,2,3,2013,0
2013-02-28,台北一,SE6 青蔥 粉蔥 ,26.5,21.2,15.6,21.1,-13.17,28410.0,-5.45,2,4,2013,0
2013-03-01,台北一,SE6 青蔥 粉蔥 ,28.0,22.4,16.7,22.4,6.16,27384.0,-3.61,3,5,2013,0
2013-03-02,台北一,SE6 青蔥 粉蔥 ,26.9,22.0,16.1,21.8,-2.68,29466.0,7.6,3,6,2013,0
2013-03-03,台北一,SE6 青蔥 粉蔥 ,25.8,20.6,14.2,20.4,-6.42,29551.0,0.29,3,7,2013,0
2013-03-04,台北一,SE6 青蔥 粉蔥 ,,,,,,,,3,1,2013,1
2013-03-05,台北一,SE6 青蔥 粉蔥 ,20.9,16.0,11.7,16.1,-21.08,33753.0,14.22,3,2,2013,0
2013-03-06,台北一,SE6 青蔥 粉蔥 ,20.9,18.1,13.4,17.7,9.94,25594.0,-24.17,3,3,2013,0
2013-03-07,台北一,SE6 青蔥 粉蔥 ,23.1,20.5,14.9,19.9,12.43,22811.0,-10.87,3,4,2013,0
2013-03-08,台北一,SE6 青蔥 粉蔥 ,24.2,20.6,14.1,20.0,0.5,25512.0,11.84,3,5,2013,0
2013-03-09,台北一,SE6 青蔥 粉蔥 ,26.1,22.3,16.6,21.9,9.5,26666.0,4.52,3,6,2013,0
2013-03-10,台北一,SE6 青蔥 粉蔥 ,26.3,21.4,15.6,21.2,-3.2,30973.0,16.15,3,7,2013,0
2013-03-11,台北一,SE6 青蔥 粉蔥 ,,,,,,,,3,1,2013,1
2013-03-12,台北一,SE6 青蔥 粉蔥 ,26.2,22.3,16.4,21.9,3.3,30478.0,-1.6,3,2,2013,0
2013-03-13,台北一,SE6 青蔥 粉蔥 ,24.5,21.3,16.2,20.9,-4.57,27577.0,-9.52,3,3,2013,0
2013-03-14,台北一,SE6 青蔥 粉蔥 ,23.7,19.4,13.8,19.1,-8.61,29583.0,7.27,3,4,2013,0
2013-03-15,台北一,SE6 青蔥 粉蔥 ,24.3,18.4,11.6,18.2,-4.71,29803.0,0.74,3,5,2013,0
2013-03-16,台北一,SE6 青蔥 粉蔥 ,22.9,18.7,13.5,18.5,1.65,31011.0,4.05,3,6,2013,0
2013-03-17,台北一,SE6 青蔥 粉蔥 ,22.6,17.6,13.0,17.7,-4.32,33828.0,9.08,3,7,2013,0
2013-03-18,台北一,SE6 青蔥 粉蔥 ,,,,,,,,3,1,2013,1
2013-03-19,台北一,SE6 青蔥 粉蔥 ,21.7,17.3,13.1,17.3,-2.26,30495.0,-9.85,3,2,2013,0
2013-03-20,台北一,SE6 青蔥 粉蔥 ,20.7,16.3,9.9,15.9,-8.09,29330.0,-3.82,3,3,2013,0
2013-03-21,台北一,SE6 青蔥 粉蔥 ,19.0,15.4,8.7,14.8,-6.92,30175.0,2.88,3,4,2013,0
2013-03-22,台北一,SE6 青蔥 粉蔥 ,18.1,14.1,9.2,13.9,-6.08,30304.0,0.43,3,5,2013,0
2013-03-23,台北一,SE6 青蔥 粉蔥 ,20.3,15.7,9.8,15.4,10.79,29508.0,-2.63,3,6,2013,0
2013-03-24,台北一,SE6 青蔥 粉蔥 ,21.9,16.9,10.3,16.6,7.79,30259.0,2.55,3,7,2013,0
2013-03-25,台北一,SE6 青蔥 粉蔥 ,,,,,,,,3,1,2013,1
2013-03-26,台北一,SE6 青蔥 粉蔥 ,24.2,19.7,12.9,19.2,15.66,27962.0,-7.59,3,2,2013,0
2013-03-27,台北一,SE6 青蔥 粉蔥 ,22.1,18.5,13.9,18.3,-4.69,26900.0,-3.8,3,3,2013,0
2013-03-28,台北一,SE6 青蔥 粉蔥 ,24.1,19.5,14.4,19.4,6.01,25117.0,-6.63,3,4,2013,0
2013-03-29,台北一,SE6 青蔥 粉蔥 ,21.3,17.4,11.2,16.9,-12.89,31450.0,25.21,3,5,2013,0
2013-03-30,台北一,SE6 青蔥 粉蔥 ,22.3,18.1,13.2,17.9,5.92,30469.0,-3.12,3,6,2013,0
2013-03-31,台北一,SE6 青蔥 粉蔥 ,22.7,18.0,13.1,17.9,0.0,30715.0,0.81,3,7,2013,0
2013-04-01,台北一,SE6 青蔥 粉蔥 ,,,,,,,,4,1,2013,1
2013-04-02,台北一,SE6 青蔥 粉蔥 ,24.2,18.8,12.8,18.7,4.47,34984.0,13.9,4,2,2013,0
2013-04-03,台北一,SE6 青蔥 粉蔥 ,30.4,23.9,16.5,23.7,26.74,36623.0,4.68,4,3,2013,0
2013-04-04,台北一,SE6 青蔥 粉蔥 ,,,,,,,,4,4,2013,1
2013-04-05,台北一,SE6 青蔥 粉蔥 ,,,,,,,,4,5,2013,1
2013-04-06,台北一,SE6 青蔥 粉蔥 ,44.0,36.9,26.0,36.2,52.74,27303.0,-25.45,4,6,2013,0
2013-04-07,台北一,SE6 青蔥 粉蔥 ,46.7,40.4,32.6,40.1,10.77,29962.0,9.74,4,7,2013,0
2013-04-08,台北一,SE6 青蔥 粉蔥 ,,,,,,,,4,1,2013,1
2013-04-09,台北一,SE6 青蔥 粉蔥 ,29.4,21.9,14.2,21.9,-45.39,45671.0,52.43,4,2,2013,0
2013-04-10,台北一,SE6 青蔥 粉蔥 ,23.6,17.9,11.8,17.8,-18.72,35362.0,-22.57,4,3,2013,0
2013-04-11,台北一,SE6 青蔥 粉蔥 ,22.1,16.8,11.3,16.8,-5.62,33649.0,-4.84,4,4,2013,0
2013-04-12,台北一,SE6 青蔥 粉蔥 ,19.9,13.4,9.3,13.9,-17.26,36525.0,8.55,4,5,2013,0
2013-04-13,台北一,SE6 青蔥 粉蔥 ,19.5,14.2,9.5,14.3,2.88,32428.0,-11.22,4,6,2013,0
2013-04-14,台北一,SE6 青蔥 粉蔥 ,21.0,15.1,10.2,15.3,6.99,34185.0,5.42,4,7,2013,0
2013-04-15,台北一,SE6 青蔥 粉蔥 ,,,,,,,,4,1,2013,1
2013-04-16,台北一,SE6 青蔥 粉蔥 ,24.4,17.5,12.0,17.8,16.34,31225.0,-8.66,4,2,2013,0
2013-04-17,台北一,SE6 青蔥 粉蔥 ,26.5,19.3,12.8,19.5,9.55,30268.0,-3.06,4,3,2013,0
2013-04-18,台北一,SE6 青蔥 粉蔥 ,27.6,19.4,11.3,19.4,-0.51,32220.0,6.45,4,4,2013,0
2013-04-19,台北一,SE6 青蔥 粉蔥 ,23.9,15.5,7.5,15.6,-19.59,37332.0,15.87,4,5,2013,0
2013-04-20,台北一,SE6 青蔥 粉蔥 ,23.3,15.4,9.0,15.7,0.64,37108.0,-0.6,4,6,2013,0
2013-04-21,台北一,SE6 青蔥 粉蔥 ,21.9,14.1,8.4,14.5,-7.64,39410.0,6.2,4,7,2013,0
2013-04-22,台北一,SE6 青蔥 粉蔥 ,,,,,,,,4,1,2013,1
2013-04-23,台北一,SE6 青蔥 粉蔥 ,22.5,15.5,10.9,16.0,10.34,33934.0,-13.89,4,2,2013,0
2013-04-24,台北一,SE6 青蔥 粉蔥 ,21.6,15.9,10.0,15.9,-0.62,30593.0,-9.85,4,3,2013,0
2013-04-25,台北一,SE6 青蔥 粉蔥 ,22.9,16.6,10.5,16.7,5.03,28893.0,-5.56,4,4,2013,0
2013-04-26,台北一,SE6 青蔥 粉蔥 ,23.0,17.3,12.2,17.4,4.19,24067.0,-16.7,4,5,2013,0
2013-04-27,台北一,SE6 青蔥 粉蔥 ,26.9,19.9,13.8,20.1,15.52,25004.0,3.89,4,6,2013,0
2013-04-28,台北一,SE6 青蔥 粉蔥 ,28.2,22.3,16.2,22.3,10.95,29284.0,17.12,4,7,2013,0
2013-04-29,台北一,SE6 青蔥 粉蔥 ,,,,,,,,4,1,2013,1
2013-04-30,台北一,SE6 青蔥 粉蔥 ,27.2,21.8,15.7,21.6,-3.14,30930.0,5.62,4,2,2013,0
2013-05-01,台北一,SE6 青蔥 粉蔥 ,26.8,20.4,14.6,20.5,-5.09,28391.0,-8.21,5,3,2013,0
2013-05-02,台北一,SE6 青蔥 粉蔥 ,24.0,18.7,13.2,18.7,-8.78,30404.0,7.09,5,4,2013,0
2013-05-03,台北一,SE6 青蔥 粉蔥 ,23.8,19.1,14.1,19.1,2.14,27339.0,-10.08,5,5,2013,0
2013-05-04,台北一,SE6 青蔥 粉蔥 ,25.8,19.7,14.1,19.8,3.66,29844.0,9.16,5,6,2013,0
2013-05-05,台北一,SE6 青蔥 粉蔥 ,27.3,18.5,12.1,19.0,-4.04,32789.0,9.87,5,7,2013,0
2013-05-06,台北一,SE6 青蔥 粉蔥 ,,,,,,,,5,1,2013,1
2013-05-07,台北一,SE6 青蔥 粉蔥 ,28.6,21.2,13.7,21.2,11.58,30043.0,-8.37,5,2,2013,0
2013-05-08,台北一,SE6 青蔥 粉蔥 ,25.8,19.4,11.7,19.1,-9.91,29808.0,-0.78,5,3,2013,0
2013-05-09,台北一,SE6 青蔥 粉蔥 ,22.6,16.2,9.1,16.1,-15.71,30979.0,3.93,5,4,2013,0
2013-05-10,台北一,SE6 青蔥 粉蔥 ,21.3,15.4,8.9,15.3,-4.97,27242.0,-12.06,5,5,2013,0
2013-05-11,台北一,SE6 青蔥 粉蔥 ,22.8,15.4,7.2,15.3,0.0,27734.0,1.81,5,6,2013,0
2013-05-12,台北一,SE6 青蔥 粉蔥 ,22.7,15.0,9.2,15.4,0.65,26239.0,-5.39,5,7,2013,0
2013-05-13,台北一,SE6 青蔥 粉蔥 ,,,,,,,,5,1,2013,1
2013-05-14,台北一,SE6 青蔥 粉蔥 ,32.5,23.6,14.6,23.6,53.25,19502.0,-25.68,5,2,2013,0
2013-05-15,台北一,SE6 青蔥 粉蔥 ,27.7,21.0,14.2,21.0,-11.02,22810.0,16.96,5,3,2013,0
2013-05-16,台北一,SE6 青蔥 粉蔥 ,27.3,18.1,12.6,18.9,-10.0,23807.0,4.37,5,4,2013,0
2013-05-17,台北一,SE6 青蔥 粉蔥 ,26.6,19.1,13.8,19.6,3.7,23059.0,-3.14,5,5,2013,0
2013-05-18,台北一,SE6 青蔥 粉蔥 ,28.9,20.1,14.8,20.8,6.12,22804.0,-1.11,5,6,2013,0
2013-05-19,台北一,SE6 青蔥 粉蔥 ,30.1,20.8,14.9,21.5,3.37,26871.0,17.83,5,7,2013,0
2013-05-20,台北一,SE6 青蔥 粉蔥 ,,,,,,,,5,1,2013,1
2013-05-21,台北一,SE6 青蔥 粉蔥 ,35.0,24.8,16.1,25.1,16.74,22663.0,-15.66,5,2,2013,0
2013-05-22,台北一,SE6 青蔥 粉蔥 ,35.5,26.2,17.3,26.3,4.78,22317.0,-1.53,5,3,2013,0
2013-05-23,台北一,SE6 青蔥 粉蔥 ,33.4,26.1,19.8,26.3,0.0,22008.0,-1.38,5,4,2013,0
2013-05-24,台北一,SE6 青蔥 粉蔥 ,35.0,26.2,18.1,26.4,0.38,23845.0,8.35,5,5,2013,0
2013-05-25,台北一,SE6 青蔥 粉蔥 ,35.4,25.6,15.4,25.5,-3.41,25956.0,8.85,5,6,2013,0
2013-05-26,台北一,SE6 青蔥 粉蔥 ,34.7,25.0,16.2,25.2,-1.18,26177.0,0.85,5,7,2013,0
2013-05-27,台北一,SE6 青蔥 粉蔥 ,,,,,,,,5,1,2013,1
2013-05-28,台北一,SE6 青蔥 粉蔥 ,35.9,26.6,17.5,26.6,5.56,21131.0,-19.28,5,2,2013,0
2013-05-29,台北一,SE6 青蔥 粉蔥 ,35.6,27.8,19.0,27.6,3.76,18026.0,-14.69,5,3,2013,0
2013-05-30,台北一,SE6 青蔥 粉蔥 ,34.8,28.5,19.9,28.0,1.45,16486.0,-8.54,5,4,2013,0
2013-05-31,台北一,SE6 青蔥 粉蔥 ,35.3,27.6,20.3,27.7,-1.07,17695.0,7.33,5,5,2013,0
2013-06-01,台北一,SE6 青蔥 粉蔥 ,37.3,28.4,21.1,28.7,3.61,16303.0,-7.87,6,6,2013,0
2013-06-02,台北一,SE6 青蔥 粉蔥 ,42.2,33.3,23.2,33.0,14.98,17363.0,6.5,6,7,2013,0
2013-06-03,台北一,SE6 青蔥 粉蔥 ,,,,,,,,6,1,2013,1
2013-06-04,台北一,SE6 青蔥 粉蔥 ,46.8,39.0,26.7,38.1,15.45,15618.0,-10.05,6,2,2013,0
2013-06-05,台北一,SE6 青蔥 粉蔥 ,53.4,45.3,32.7,44.4,16.54,13188.0,-15.56,6,3,2013,0
2013-06-06,台北一,SE6 青蔥 粉蔥 ,49.0,40.3,31.6,40.3,-9.23,13584.0,3.0,6,4,2013,0
2013-06-07,台北一,SE6 青蔥 粉蔥 ,44.7,35.2,24.2,34.9,-13.4,14109.0,3.86,6,5,2013,0
2013-06-08,台北一,SE6 青蔥 粉蔥 ,38.0,31.5,21.4,30.8,-11.75,15588.0,10.48,6,6,2013,0
2013-06-09,台北一,SE6 青蔥 粉蔥 ,41.5,31.1,17.8,30.5,-0.97,14416.0,-7.52,6,7,2013,0
2013-06-10,台北一,SE6 青蔥 粉蔥 ,,,,,,,,6,1,2013,1
2013-06-11,台北一,SE6 青蔥 粉蔥 ,62.2,49.6,30.2,48.3,58.36,13499.0,-6.36,6,2,2013,0
2013-06-12,台北一,SE6 青蔥 粉蔥 ,86.8,72.5,53.9,71.6,48.24,13218.0,-2.08,6,3,2013,0
2013-06-13,台北一,SE6 青蔥 粉蔥 ,,,,,,,,6,4,2013,1
2013-06-14,台北一,SE6 青蔥 粉蔥 ,,,,,,,,6,5,2013,1
2013-06-15,台北一,SE6 青蔥 粉蔥 ,52.2,41.7,29.2,41.3,-42.32,18608.0,40.78,6,6,2013,0
2013-06-16,台北一,SE6 青蔥 粉蔥 ,43.9,35.0,20.4,33.9,-17.92,17290.0,-7.08,6,7,2013,0
2013-06-17,台北一,SE6 青蔥 粉蔥 ,,,,,,,,6,1,2013,1
2013-06-18,台北一,SE6 青蔥 粉蔥 ,47.9,36.2,23.2,35.9,5.9,10912.0,-36.89,6,2,2013,0
2013-06-19,台北一,SE6 青蔥 粉蔥 ,51.9,39.3,28.5,39.6,10.31,7068.0,-35.23,6,3,2013,0
2013-06-20,台北一,SE6 青蔥 粉蔥 ,51.8,41.1,29.5,40.9,3.28,6647.0,-5.96,6,4,2013,0
2013-06-21,台北一,SE6 青蔥 粉蔥 ,51.3,40.2,23.2,39.0,-4.65,7969.0,19.89,6,5,2013,0
2013-06-22,台北一,SE6 青蔥 粉蔥 ,53.8,47.5,36.2,46.5,19.23,7252.0,-9.0,6,6,2013,0
2013-06-23,台北一,SE6 青蔥 粉蔥 ,51.0,43.8,35.0,43.5,-6.45,8313.0,14.63,6,7,2013,0
2013-06-24,台北一,SE6 青蔥 粉蔥 ,,,,,,,,6,1,2013,1
2013-06-25,台北一,SE6 青蔥 粉蔥 ,56.9,49.1,37.7,48.4,11.26,6658.0,-19.91,6,2,2013,0
2013-06-26,台北一,SE6 青蔥 粉蔥 ,58.6,54.2,45.3,53.3,10.12,5274.0,-20.79,6,3,2013,0
2013-06-27,台北一,SE6 青蔥 粉蔥 ,54.3,49.7,38.6,48.4,-9.19,5686.0,7.81,6,4,2013,0
2013-06-28,台北一,SE6 青蔥 粉蔥 ,56.8,50.1,36.4,48.7,0.62,5407.0,-4.91,6,5,2013,0
2013-06-29,台北一,SE6 青蔥 粉蔥 ,69.9,60.7,46.9,59.8,22.79,3862.0,-28.57,6,6,2013,0
2013-06-30,台北一,SE6 青蔥 粉蔥 ,73.2,63.3,51.4,62.9,5.18,5343.0,38.35,6,7,2013,0
2013-07-01,台北一,SE6 青蔥 粉蔥 ,,,,,,,,7,1,2013,1
2013-07-02,台北一,SE6 青蔥 粉蔥 ,74.9,62.0,40.7,60.3,-4.13,4816.0,-9.86,7,2,2013,0
2013-07-03,台北一,SE6 青蔥 粉蔥 ,70.7,59.3,41.2,57.9,-3.98,4174.0,-13.33,7,3,2013,0
2013-07-04,台北一,SE6 青蔥 粉蔥 ,78.4,67.7,46.3,65.6,13.3,3596.0,-13.85,7,4,2013,0
2013-07-05,台北一,SE6 青蔥 粉蔥 ,77.7,67.7,49.0,66.0,0.61,4640.0,29.03,7,5,2013,0
2013-07-06,台北一,SE6 青蔥 粉蔥 ,78.8,71.1,44.3,67.3,1.97,4317.0,-6.96,7,6,2013,0
2013-07-07,台北一,SE6 青蔥 粉蔥 ,72.7,67.2,52.8,65.4,-2.82,5372.0,24.44,7,7,2013,0
2013-07-08,台北一,SE6 青蔥 粉蔥 ,,,,,,,,7,1,2013,1
2013-07-09,台北一,SE6 青蔥 粉蔥 ,83.9,75.5,59.0,73.8,12.84,5082.0,-5.4,7,2,2013,0
2013-07-10,台北一,SE6 青蔥 粉蔥 ,112.2,96.8,76.7,95.9,29.95,4019.0,-20.92,7,3,2013,0
2013-07-11,台北一,SE6 青蔥 粉蔥 ,146.4,129.2,85.0,123.8,29.09,6649.0,65.44,7,4,2013,0
2013-07-12,台北一,SE6 青蔥 粉蔥 ,111.9,95.2,75.8,94.7,-23.51,10179.0,53.09,7,5,2013,0
2013-07-13,台北一,SE6 青蔥 粉蔥 ,84.4,77.6,56.5,74.7,-21.12,5391.0,-47.04,7,6,2013,0
2013-07-14,台北一,SE6 青蔥 粉蔥 ,118.7,87.1,59.8,88.0,17.8,3551.0,-34.13,7,7,2013,0
2013-07-15,台北一,SE6 青蔥 粉蔥 ,,,,,,,,7,1,2013,1
2013-07-16,台北一,SE6 青蔥 粉蔥 ,47.3,34.2,15.9,33.2,-62.27,7300.0,105.58,7,2,2013,0
2013-07-17,台北一,SE6 青蔥 粉蔥 ,70.1,61.5,32.2,57.4,72.89,2243.0,-69.27,7,3,2013,0
2013-07-18,台北一,SE6 青蔥 粉蔥 ,67.2,53.4,30.6,51.6,-10.1,3313.0,47.7,7,4,2013,0
2013-07-19,台北一,SE6 青蔥 粉蔥 ,90.7,82.0,66.5,80.6,56.2,1904.0,-42.53,7,5,2013,0
2013-07-20,台北一,SE6 青蔥 粉蔥 ,106.3,94.0,68.0,91.3,13.28,3259.0,71.17,7,6,2013,0
2013-07-21,台北一,SE6 青蔥 粉蔥 ,105.3,82.9,53.8,81.5,-10.73,5202.0,59.62,7,7,2013,0
2013-07-22,台北一,SE6 青蔥 粉蔥 ,,,,,,,,7,1,2013,1
2013-07-23,台北一,SE6 青蔥 粉蔥 ,111.1,95.0,59.8,91.2,11.9,5400.0,3.81,7,2,2013,0
2013-07-24,台北一,SE6 青蔥 粉蔥 ,97.4,81.3,49.6,78.2,-14.25,6219.0,15.17,7,3,2013,0
2013-07-25,台北一,SE6 青蔥 粉蔥 ,87.6,80.2,50.1,75.6,-3.32,4754.0,-23.56,7,4,2013,0
2013-07-26,台北一,SE6 青蔥 粉蔥 ,91.7,80.9,59.1,78.7,4.1,4774.0,0.42,7,5,2013,0
2013-07-27,台北一,SE6 青蔥 粉蔥 ,91.9,80.8,64.6,79.8,1.4,6052.0,26.77,7,6,2013,0
2013-07-28,台北一,SE6 青蔥 粉蔥 ,85.5,71.6,53.2,70.7,-11.4,8563.0,41.49,7,7,2013,0
2013-07-29,台北一,SE6 青蔥 粉蔥 ,,,,,,,,7,1,2013,1
2013-07-30,台北一,SE6 青蔥 粉蔥 ,76.3,70.4,45.9,66.7,-5.66,7612.0,-11.11,7,2,2013,0
2013-07-31,台北一,SE6 青蔥 粉蔥 ,69.5,61.4,42.4,59.2,-11.24,7086.0,-6.91,7,3,2013,0
2013-08-01,台北一,SE6 青蔥 粉蔥 ,63.4,56.7,38.2,54.3,-8.28,7117.0,0.44,8,4,2013,0
2013-08-02,台北一,SE6 青蔥 粉蔥 ,68.5,62.7,33.9,58.1,7.0,7102.0,-0.21,8,5,2013,0
2013-08-03,台北一,SE6 青蔥 粉蔥 ,67.8,60.0,38.8,57.3,-1.38,9103.0,28.18,8,6,2013,0
2013-08-04,台北一,SE6 青蔥 粉蔥 ,66.2,58.1,40.8,56.3,-1.75,9251.0,1.63,8,7,2013,0
2013-08-05,台北一,SE6 青蔥 粉蔥 ,,,,,,,,8,1,2013,1
2013-08-06,台北一,SE6 青蔥 粉蔥 ,65.6,58.5,46.7,57.5,2.13,10581.0,14.38,8,2,2013,0
2013-08-07,台北一,SE6 青蔥 粉蔥 ,65.3,54.5,36.0,52.9,-8.0,10084.0,-4.7,8,3,2013,0
2013-08-08,台北一,SE6 青蔥 粉蔥 ,58.6,49.0,34.9,48.1,-9.07,10057.0,-0.27,8,4,2013,0
2013-08-09,台北一,SE6 青蔥 粉蔥 ,60.7,46.2,29.9,45.8,-4.78,8287.0,-17.6,8,5,2013,0
2013-08-10,台北一,SE6 青蔥 粉蔥 ,54.1,42.0,25.4,41.1,-10.26,9554.0,15.29,8,6,2013,0
2013-08-11,台北一,SE6 青蔥 粉蔥 ,54.8,41.6,28.9,41.7,1.46,9386.0,-1.76,8,7,2013,0
2013-08-12,台北一,SE6 青蔥 粉蔥 ,,,,,,,,8,1,2013,1
2013-08-13,台北一,SE6 青蔥 粉蔥 ,55.8,44.8,36.6,45.3,8.63,8810.0,-6.14,8,2,2013,0
2013-08-14,台北一,SE6 青蔥 粉蔥 ,48.4,39.9,28.9,39.4,-13.02,8757.0,-0.6,8,3,2013,0
2013-08-15,台北一,SE6 青蔥 粉蔥 ,47.7,38.9,28.9,38.6,-2.03,9738.0,11.2,8,4,2013,0
2013-08-16,台北一,SE6 青蔥 粉蔥 ,53.2,43.8,31.8,43.3,12.18,8898.0,-8.63,8,5,2013,0
2013-08-17,台北一,SE6 青蔥 粉蔥 ,49.5,42.3,34.7,42.2,-2.54,11872.0,33.42,8,6,2013,0
2013-08-18,台北一,SE6 青蔥 粉蔥 ,59.2,49.6,38.7,49.4,17.06,12459.0,4.94,8,7,2013,0
2013-08-19,台北一,SE6 青蔥 粉蔥 ,,,,,,,,8,1,2013,1
2013-08-20,台北一,SE6 青蔥 粉蔥 ,71.8,59.6,42.8,58.7,18.83,18256.0,46.53,8,2,2013,0
2013-08-21,台北一,SE6 青蔥 粉蔥 ,62.9,49.7,25.8,47.6,-18.91,19225.0,5.31,8,3,2013,0
2013-08-22,台北一,SE6 青蔥 粉蔥 ,,,,,,,,8,4,2013,1
2013-08-23,台北一,SE6 青蔥 粉蔥 ,,,,,,,,8,5,2013,1
2013-08-24,台北一,SE6 青蔥 粉蔥 ,68.2,51.2,27.0,49.8,4.62,9191.0,-52.19,8,6,2013,0
2013-08-25,台北一,SE6 青蔥 粉蔥 ,64.4,45.8,24.4,45.2,-9.24,11310.0,23.06,8,7,2013,0
2013-08-26,台北一,SE6 青蔥 粉蔥 ,,,,,,,,8,1,2013,1
2013-08-27,台北一,SE6 青蔥 粉蔥 ,64.8,47.0,30.1,47.1,4.2,11120.0,-1.68,8,2,2013,0
2013-08-28,台北一,SE6 青蔥 粉蔥 ,67.4,54.4,35.9,53.3,13.16,9419.0,-15.3,8,3,2013,0
2013-08-29,台北一,SE6 青蔥 粉蔥 ,69.5,57.3,45.3,57.3,7.5,9780.0,3.83,8,4,2013,0
2013-08-30,台北一,SE6 青蔥 粉蔥 ,71.8,60.2,43.9,59.3,3.49,11856.0,21.23,8,5,2013,0
2013-08-31,台北一,SE6 青蔥 粉蔥 ,78.8,58.4,24.5,55.7,-6.07,11762.0,-0.79,8,6,2013,0
2013-09-01,台北一,SE6 青蔥 粉蔥 ,77.5,62.5,42.1,61.4,10.23,11293.0,-3.99,9,7,2013,0
2013-09-02,台北一,SE6 青蔥 粉蔥 ,,,,,,,,9,1,2013,1
2013-09-03,台北一,SE6 青蔥 粉蔥 ,90.0,73.5,45.1,71.1,15.8,9339.0,-17.3,9,2,2013,0
2013-09-04,台北一,SE6 青蔥 粉蔥 ,109.5,78.4,42.8,77.5,9.0,7102.0,-23.95,9,3,2013,0
2013-09-05,台北一,SE6 青蔥 粉蔥 ,135.3,112.5,85.3,111.6,44.0,5943.0,-16.32,9,4,2013,0
2013-09-06,台北一,SE6 青蔥 粉蔥 ,152.1,132.5,97.2,129.4,15.95,4846.0,-18.46,9,5,2013,0
2013-09-07,台北一,SE6 青蔥 粉蔥 ,136.3,110.2,84.7,110.3,-14.76,7210.0,48.78,9,6,2013,0
2013-09-08,台北一,SE6 青蔥 粉蔥 ,117.2,88.9,56.4,88.1,-20.13,8011.0,11.11,9,7,2013,0
2013-09-09,台北一,SE6 青蔥 粉蔥 ,,,,,,,,9,1,2013,1
2013-09-10,台北一,SE6 青蔥 粉蔥 ,115.7,100.0,78.1,98.7,12.03,3990.0,-50.19,9,2,2013,0
2013-09-11,台北一,SE6 青蔥 粉蔥 ,118.0,96.0,73.4,95.9,-2.84,5564.0,39.45,9,3,2013,0
2013-09-12,台北一,SE6 青蔥 粉蔥 ,109.1,86.0,57.0,84.8,-11.57,6379.0,14.65,9,4,2013,0
2013-09-13,台北一,SE6 青蔥 粉蔥 ,98.7,77.0,52.5,76.4,-9.91,6101.0,-4.36,9,5,2013,0
2013-09-14,台北一,SE6 青蔥 粉蔥 ,101.2,75.5,52.7,76.1,-0.39,5216.0,-14.51,9,6,2013,0
2013-09-15,台北一,SE6 青蔥 粉蔥 ,99.3,79.3,48.1,77.0,1.18,4461.0,-14.47,9,7,2013,0
2013-09-16,台北一,SE6 青蔥 粉蔥 ,,,,,,,,9,1,2013,1
2013-09-17,台北一,SE6 青蔥 粉蔥 ,95.0,74.9,55.8,75.1,-2.47,6231.0,39.68,9,2,2013,0
2013-09-18,台北一,SE6 青蔥 粉蔥 ,119.1,84.4,52.7,85.0,13.18,6973.0,11.91,9,3,2013,0
2013-09-19,台北一,SE6 青蔥 粉蔥 ,145.5,118.7,79.2,116.1,36.59,7504.0,7.62,9,4,2013,0
2013-09-20,台北一,SE6 青蔥 粉蔥 ,,,,,,,,9,5,2013,1
2013-09-21,台北一,SE6 青蔥 粉蔥 ,,,,,,,,9,6,2013,1
2013-09-22,台北一,SE6 青蔥 粉蔥 ,147.7,126.5,100.6,125.5,8.1,5033.0,-32.93,9,7,2013,0
2013-09-23,台北一,SE6 青蔥 粉蔥 ,,,,,,,,9,1,2013,1
2013-09-24,台北一,SE6 青蔥 粉蔥 ,130.5,101.6,73.4,101.7,-18.96,6499.0,29.13,9,2,2013,0
2013-09-25,台北一,SE6 青蔥 粉蔥 ,91.6,62.9,36.4,63.4,-37.66,5217.0,-19.73,9,3,2013,0
2013-09-26,台北一,SE6 青蔥 粉蔥 ,82.4,54.2,29.1,54.8,-13.56,5470.0,4.85,9,4,2013,0
2013-09-27,台北一,SE6 青蔥 粉蔥 ,120.3,102.9,65.0,98.8,80.29,4211.0,-23.02,9,5,2013,0
2013-09-28,台北一,SE6 青蔥 粉蔥 ,119.3,96.0,53.2,92.1,-6.78,5550.0,31.8,9,6,2013,0
2013-09-29,台北一,SE6 青蔥 粉蔥 ,130.0,106.3,63.6,102.5,11.29,6051.0,9.03,9,7,2013,0
2013-09-30,台北一,SE6 青蔥 粉蔥 ,,,,,,,,9,1,2013,1
2013-10-01,台北一,SE6 青蔥 粉蔥 ,137.4,112.3,77.5,110.3,7.61,5827.0,-3.7,10,2,2013,0
2013-10-02,台北一,SE6 青蔥 粉蔥 ,126.6,96.3,75.4,98.2,-10.97,7020.0,20.47,10,3,2013,0
2013-10-03,台北一,SE6 青蔥 粉蔥 ,112.8,84.8,60.2,85.5,-12.93,7000.0,-0.28,10,4,2013,0
2013-10-04,台北一,SE6 青蔥 粉蔥 ,118.9,81.7,58.3,84.5,-1.17,7261.0,3.73,10,5,2013,0
2013-10-05,台北一,SE6 青蔥 粉蔥 ,118.8,105.2,74.8,101.8,20.47,7030.0,-3.18,10,6,2013,0
2013-10-06,台北一,SE6 青蔥 粉蔥 ,120.4,102.3,71.5,99.8,-1.96,8024.0,14.14,10,7,2013,0
2013-10-07,台北一,SE6 青蔥 粉蔥 ,,,,,,,,10,1,2013,1
2013-10-08,台北一,SE6 青蔥 粉蔥 ,72.4,60.5,46.9,60.2,-39.68,11889.0,48.17,10,2,2013,0
2013-10-09,台北一,SE6 青蔥 粉蔥 ,82.3,65.8,45.3,65.0,7.97,6533.0,-45.05,10,3,2013,0
2013-10-10,台北一,SE6 青蔥 粉蔥 ,84.1,67.8,47.4,67.0,3.08,6773.0,3.67,10,4,2013,0
2013-10-11,台北一,SE6 青蔥 粉蔥 ,96.0,75.7,57.3,76.1,13.58,6092.0,-10.05,10,5,2013,0
2013-10-12,台北一,SE6 青蔥 粉蔥 ,98.4,77.3,59.8,78.0,2.5,7629.0,25.23,10,6,2013,0
2013-10-13,台北一,SE6 青蔥 粉蔥 ,114.7,92.1,68.5,91.9,17.82,6881.0,-9.8,10,7,2013,0
2013-10-14,台北一,SE6 青蔥 粉蔥 ,,,,,,,,10,1,2013,1
2013-10-15,台北一,SE6 青蔥 粉蔥 ,116.1,97.2,74.9,96.5,5.01,7330.0,6.53,10,2,2013,0
2013-10-16,台北一,SE6 青蔥 粉蔥 ,107.9,87.2,62.5,86.4,-10.47,6792.0,-7.34,10,3,2013,0
2013-10-17,台北一,SE6 青蔥 粉蔥 ,96.0,77.2,51.0,75.7,-12.38,6618.0,-2.56,10,4,2013,0
2013-10-18,台北一,SE6 青蔥 粉蔥 ,94.3,77.2,56.7,76.5,1.06,6531.0,-1.31,10,5,2013,0
2013-10-19,台北一,SE6 青蔥 粉蔥 ,98.0,74.3,49.0,74.0,-3.27,7775.0,19.05,10,6,2013,0
2013-10-20,台北一,SE6 青蔥 粉蔥 ,95.6,79.6,52.5,77.4,4.59,7845.0,0.9,10,7,2013,0
2013-10-21,台北一,SE6 青蔥 粉蔥 ,,,,,,,,10,1,2013,1
2013-10-22,台北一,SE6 青蔥 粉蔥 ,94.2,76.8,52.0,75.3,-2.71,7754.0,-1.16,10,2,2013,0
2013-10-23,台北一,SE6 青蔥 粉蔥 ,88.6,68.5,47.6,68.3,-9.3,7051.0,-9.07,10,3,2013,0
2013-10-24,台北一,SE6 青蔥 粉蔥 ,90.4,75.4,52.8,73.9,8.2,6113.0,-13.3,10,4,2013,0
2013-10-25,台北一,SE6 青蔥 粉蔥 ,89.2,74.2,50.0,72.3,-2.17,6101.0,-0.2,10,5,2013,0
2013-10-26,台北一,SE6 青蔥 粉蔥 ,90.0,77.3,49.4,74.3,2.77,7872.0,29.03,10,6,2013,0
2013-10-27,台北一,SE6 青蔥 粉蔥 ,89.0,75.0,54.4,73.7,-0.81,7617.0,-3.24,10,7,2013,0
2013-10-28,台北一,SE6 青蔥 粉蔥 ,,,,,,,,10,1,2013,1
2013-10-29,台北一,SE6 青蔥 粉蔥 ,88.7,70.5,56.0,71.2,-3.39,8872.0,16.48,10,2,2013,0
2013-10-30,台北一,SE6 青蔥 粉蔥 ,89.6,68.9,51.5,69.5,-2.39,6321.0,-28.75,10,3,2013,0
2013-10-31,台北一,SE6 青蔥 粉蔥 ,83.9,65.8,40.0,64.3,-7.48,8462.0,33.87,10,4,2013,0
2013-11-01,台北一,SE6 青蔥 粉蔥 ,85.3,61.9,39.1,62.0,-3.58,8103.0,-4.24,11,5,2013,0
2013-11-02,台北一,SE6 青蔥 粉蔥 ,84.3,59.7,37.7,60.2,-2.9,9844.0,21.49,11,6,2013,0
2013-11-03,台北一,SE6 青蔥 粉蔥 ,76.4,48.5,28.0,50.0,-16.94,11712.0,18.98,11,7,2013,0
2013-11-04,台北一,SE6 青蔥 粉蔥 ,,,,,,,,11,1,2013,1
2013-11-05,台北一,SE6 青蔥 粉蔥 ,72.1,47.7,26.1,48.3,-3.4,11277.0,-3.71,11,2,2013,0
2013-11-06,台北一,SE6 青蔥 粉蔥 ,63.8,48.6,32.2,48.4,0.21,9186.0,-18.54,11,3,2013,0
2013-11-07,台北一,SE6 青蔥 粉蔥 ,63.0,43.4,21.5,42.9,-11.36,10088.0,9.82,11,4,2013,0
2013-11-08,台北一,SE6 青蔥 粉蔥 ,71.6,51.5,28.2,50.8,18.41,8531.0,-15.43,11,5,2013,0
2013-11-09,台北一,SE6 青蔥 粉蔥 ,68.9,57.0,39.5,55.9,10.04,10059.0,17.91,11,6,2013,0
2013-11-10,台北一,SE6 青蔥 粉蔥 ,64.9,50.8,36.9,50.8,-9.12,11615.0,15.47,11,7,2013,0
2013-11-11,台北一,SE6 青蔥 粉蔥 ,,,,,,,,11,1,2013,1
2013-11-12,台北一,SE6 青蔥 粉蔥 ,73.0,55.3,37.0,55.2,8.66,9111.0,-21.56,11,2,2013,0
2013-11-13,台北一,SE6 青蔥 粉蔥 ,72.6,57.8,38.8,57.0,3.26,9248.0,1.5,11,3,2013,0
2013-11-14,台北一,SE6 青蔥 粉蔥 ,67.1,55.4,39.5,54.6,-4.21,10812.0,16.91,11,4,2013,0
2013-11-15,台北一,SE6 青蔥 粉蔥 ,68.6,55.1,36.2,54.0,-1.1,12122.0,12.12,11,5,2013,0
2013-11-16,台北一,SE6 青蔥 粉蔥 ,69.2,53.7,36.4,53.4,-1.11,11405.0,-5.91,11,6,2013,0
2013-11-17,台北一,SE6 青蔥 粉蔥 ,73.6,57.9,36.3,56.7,6.18,10919.0,-4.26,11,7,2013,0
2013-11-18,台北一,SE6 青蔥 粉蔥 ,,,,,,,,11,1,2013,1
2013-11-19,台北一,SE6 青蔥 粉蔥 ,69.4,51.3,30.9,50.8,-10.41,16354.0,49.78,11,2,2013,0
2013-11-20,台北一,SE6 青蔥 粉蔥 ,65.4,51.1,37.6,51.3,0.98,12313.0,-24.71,11,3,2013,0
2013-11-21,台北一,SE6 青蔥 粉蔥 ,67.0,52.2,35.7,51.8,0.97,11038.0,-10.35,11,4,2013,0
2013-11-22,台北一,SE6 青蔥 粉蔥 ,67.1,51.7,34.1,51.2,-1.16,11799.0,6.89,11,5,2013,0
2013-11-23,台北一,SE6 青蔥 粉蔥 ,67.6,49.3,34.0,49.9,-2.54,14356.0,21.67,11,6,2013,0
2013-11-24,台北一,SE6 青蔥 粉蔥 ,61.6,45.0,31.0,45.5,-8.82,14251.0,-0.73,11,7,2013,0
2013-11-25,台北一,SE6 青蔥 粉蔥 ,,,,,,,,11,1,2013,1
2013-11-26,台北一,SE6 青蔥 粉蔥 ,63.5,48.8,34.7,48.9,7.47,11870.0,-16.71,11,2,2013,0
2013-11-27,台北一,SE6 青蔥 粉蔥 ,66.0,55.9,39.8,54.7,11.86,9576.0,-19.33,11,3,2013,0
2013-11-28,台北一,SE6 青蔥 粉蔥 ,62.2,51.1,34.9,50.1,-8.41,11402.0,19.07,11,4,2013,0
2013-11-29,台北一,SE6 青蔥 粉蔥 ,62.0,48.9,28.1,47.4,-5.39,12281.0,7.71,11,5,2013,0
2013-11-30,台北一,SE6 青蔥 粉蔥 ,64.3,48.6,31.6,48.4,2.11,13194.0,7.43,11,6,2013,0
2013-12-01,台北一,SE6 青蔥 粉蔥 ,61.9,45.2,30.3,45.5,-5.99,15657.0,18.67,12,7,2013,0
2013-12-02,台北一,SE6 青蔥 粉蔥 ,,,,,,,,12,1,2013,1
2013-12-03,台北一,SE6 青蔥 粉蔥 ,57.9,43.8,28.8,43.6,-4.18,16047.0,2.49,12,2,2013,0
2013-12-04,台北一,SE6 青蔥 粉蔥 ,56.8,43.9,30.3,43.8,0.46,13653.0,-14.92,12,3,2013,0
2013-12-05,台北一,SE6 青蔥 粉蔥 ,55.6,42.6,30.3,42.7,-2.51,14444.0,5.79,12,4,2013,0
2013-12-06,台北一,SE6 青蔥 粉蔥 ,48.7,38.3,25.2,37.8,-11.48,16278.0,12.7,12,5,2013,0
2013-12-07,台北一,SE6 青蔥 粉蔥 ,48.9,39.6,23.7,38.3,1.32,14828.0,-8.91,12,6,2013,0
2013-12-08,台北一,SE6 青蔥 粉蔥 ,47.8,39.3,20.9,37.3,-2.61,14780.0,-0.32,12,7,2013,0
2013-12-09,台北一,SE6 青蔥 粉蔥 ,,,,,,,,12,1,2013,1
2013-12-10,台北一,SE6 青蔥 粉蔥 ,47.0,38.9,24.6,37.6,0.8,15025.0,1.66,12,2,2013,0
2013-12-11,台北一,SE6 青蔥 粉蔥 ,45.5,35.0,25.8,35.2,-6.38,16598.0,10.47,12,3,2013,0
2013-12-12,台北一,SE6 青蔥 粉蔥 ,44.4,31.7,20.4,32.0,-9.09,16701.0,0.62,12,4,2013,0
2013-12-13,台北一,SE6 青蔥 粉蔥 ,42.6,31.4,19.8,31.3,-2.19,17866.0,6.98,12,5,2013,0
2013-12-14,台北一,SE6 青蔥 粉蔥 ,40.0,28.5,19.4,29.0,-7.35,19373.0,8.44,12,6,2013,0
2013-12-15,台北一,SE6 青蔥 粉蔥 ,37.4,23.1,17.6,24.9,-14.14,19729.0,1.84,12,7,2013,0
2013-12-16,台北一,SE6 青蔥 粉蔥 ,,,,,,,,12,1,2013,1
2013-12-17,台北一,SE6 青蔥 粉蔥 ,45.5,35.8,25.3,35.6,42.97,14894.0,-24.51,12,2,2013,0
2013-12-18,台北一,SE6 青蔥 粉蔥 ,44.5,33.7,24.4,34.0,-4.49,16169.0,8.56,12,3,2013,0
2013-12-19,台北一,SE6 青蔥 粉蔥 ,50.8,42.8,31.7,42.2,24.12,12164.0,-24.77,12,4,2013,0
2013-12-20,台北一,SE6 青蔥 粉蔥 ,53.8,44.4,34.2,44.2,4.74,15830.0,30.14,12,5,2013,0
2013-12-21,台北一,SE6 青蔥 粉蔥 ,56.8,47.6,37.9,47.5,7.47,18895.0,19.36,12,6,2013,0
2013-12-22,台北一,SE6 青蔥 粉蔥 ,59.1,48.8,38.2,48.7,2.53,20298.0,7.43,12,7,2013,0
2013-12-23,台北一,SE6 青蔥 粉蔥 ,,,,,,,,12,1,2013,1
2013-12-24,台北一,SE6 青蔥 粉蔥 ,54.2,41.5,32.9,42.4,-12.94,24174.0,19.1,12,2,2013,0
2013-12-25,台北一,SE6 青蔥 粉蔥 ,43.9,32.7,24.0,33.2,-21.7,24473.0,1.24,12,3,2013,0
2013-12-26,台北一,SE6 青蔥 粉蔥 ,36.1,26.0,17.8,26.4,-20.48,25229.0,3.09,12,4,2013,0
2013-12-27,台北一,SE6 青蔥 粉蔥 ,37.0,27.7,19.1,27.8,5.3,21090.0,-16.41,12,5,2013,0
2013-12-28,台北一,SE6 青蔥 粉蔥 ,45.2,34.9,26.7,35.3,26.98,19767.0,-6.27,12,6,2013,0
2013-12-29,台北一,SE6 青蔥 粉蔥 ,45.8,36.2,27.3,36.3,2.83,22748.0,15.08,12,7,2013,0
2013-12-30,台北一,SE6 青蔥 粉蔥 ,,,,,,,,12,1,2013,1
2013-12-31,台北一,SE6 青蔥 粉蔥 ,43.9,33.7,26.4,34.3,-5.51,27371.0,20.32,12,2,2013,0
2014-01-01,台北一,SE6 青蔥 粉蔥 ,40.0,30.9,25.2,31.6,-7.87,25736.0,-5.97,1,3,2014,0
2014-01-02,台北一,SE6 青蔥 粉蔥 ,35.3,27.8,19.6,27.7,-12.34,26424.0,2.67,1,4,2014,0
2014-01-03,台北一,SE6 青蔥 粉蔥 ,35.2,27.3,17.5,26.9,-2.89,26735.0,1.18,1,5,2014,0
2014-01-04,台北一,SE6 青蔥 粉蔥 ,29.9,23.3,16.0,23.1,-14.13,31285.0,17.02,1,6,2014,0
2014-01-05,台北一,SE6 青蔥 粉蔥 ,27.5,19.1,13.6,19.6,-15.15,32052.0,2.45,1,7,2014,0
2014-01-06,台北一,SE6 青蔥 粉蔥 ,,,,,,,,1,1,2014,1
2014-01-07,台北一,SE6 青蔥 粉蔥 ,26.1,20.6,15.2,20.6,5.1,27321.0,-14.76,1,2,2014,0
2014-01-08,台北一,SE6 青蔥 粉蔥 ,28.5,23.5,17.7,23.3,13.11,23067.0,-15.57,1,3,2014,0
2014-01-09,台北一,SE6 青蔥 粉蔥 ,28.8,23.1,17.1,23.1,-0.86,21896.0,-5.08,1,4,2014,0
2014-01-10,台北一,SE6 青蔥 粉蔥 ,26.1,21.2,15.6,21.1,-8.66,26444.0,20.77,1,5,2014,0
2014-01-11,台北一,SE6 青蔥 粉蔥 ,26.7,22.0,17.0,21.9,3.79,28240.0,6.79,1,6,2014,0
2014-01-12,台北一,SE6 青蔥 粉蔥 ,27.1,21.6,15.9,21.5,-1.83,29043.0,2.84,1,7,2014,0
2014-01-13,台北一,SE6 青蔥 粉蔥 ,,,,,,,,1,1,2014,1
2014-01-14,台北一,SE6 青蔥 粉蔥 ,26.3,20.2,15.9,20.5,-4.65,30561.0,5.23,1,2,2014,0
2014-01-15,台北一,SE6 青蔥 粉蔥 ,26.1,20.5,14.7,20.5,0.0,26588.0,-13.0,1,3,2014,0
2014-01-16,台北一,SE6 青蔥 粉蔥 ,24.1,18.3,14.3,18.7,-8.78,27456.0,3.26,1,4,2014,0
2014-01-17,台北一,SE6 青蔥 粉蔥 ,23.5,18.4,13.8,18.5,-1.07,26601.0,-3.11,1,5,2014,0
2014-01-18,台北一,SE6 青蔥 粉蔥 ,23.1,18.0,13.1,18.1,-2.16,29476.0,10.81,1,6,2014,0
2014-01-19,台北一,SE6 青蔥 粉蔥 ,22.5,18.4,14.3,18.4,1.66,31181.0,5.78,1,7,2014,0
2014-01-20,台北一,SE6 青蔥 粉蔥 ,,,,,,,,1,1,2014,1
2014-01-21,台北一,SE6 青蔥 粉蔥 ,23.6,18.9,14.6,19.0,3.26,30114.0,-3.42,1,2,2014,0
2014-01-22,台北一,SE6 青蔥 粉蔥 ,22.8,19.0,14.7,18.9,-0.53,27801.0,-7.68,1,3,2014,0
2014-01-23,台北一,SE6 青蔥 粉蔥 ,25.2,21.0,16.1,20.9,10.58,25422.0,-8.56,1,4,2014,0
2014-01-24,台北一,SE6 青蔥 粉蔥 ,28.1,23.3,15.3,22.6,8.13,27836.0,9.5,1,5,2014,0
2014-01-25,台北一,SE6 青蔥 粉蔥 ,28.3,22.6,15.8,22.4,-0.88,33337.0,19.76,1,6,2014,0
2014-01-26,台北一,SE6 青蔥 粉蔥 ,30.7,24.8,17.1,24.4,8.93,42242.0,26.71,1,7,2014,0
2014-01-27,台北一,SE6 青蔥 粉蔥 ,26.8,20.7,13.9,20.6,-15.57,53259.0,26.08,1,1,2014,0
2014-01-28,台北一,SE6 青蔥 粉蔥 ,25.2,18.2,12.1,18.4,-10.68,49930.0,-6.25,1,2,2014,0
2014-01-29,台北一,SE6 青蔥 粉蔥 ,31.0,22.8,14.7,22.8,23.91,40147.0,-19.59,1,3,2014,0
2014-01-30,台北一,SE6 青蔥 粉蔥 ,67.4,50.6,37.8,51.4,125.44,22414.0,-44.17,1,4,2014,0
2014-01-31,台北一,SE6 青蔥 粉蔥 ,,,,,,,,1,5,2014,1
2014-02-01,台北一,SE6 青蔥 粉蔥 ,,,,,,,,2,6,2014,1
2014-02-02,台北一,SE6 青蔥 粉蔥 ,,,,,,,,2,7,2014,1
2014-02-03,台北一,SE6 青蔥 粉蔥 ,,,,,,,,2,1,2014,1
2014-02-04,台北一,SE6 青蔥 粉蔥 ,,,,,,,,2,2,2014,1
2014-02-05,台北一,SE6 青蔥 粉蔥 ,34.0,26.6,16.2,26.0,-49.42,29312.0,30.78,2,3,2014,0
2014-02-06,台北一,SE6 青蔥 粉蔥 ,26.0,20.0,13.9,20.0,-23.08,28527.0,-2.68,2,4,2014,0
2014-02-07,台北一,SE6 青蔥 粉蔥 ,21.2,15.0,10.3,15.3,-23.5,32120.0,12.6,2,5,2014,0
2014-02-08,台北一,SE6 青蔥 粉蔥 ,21.1,15.1,9.5,15.2,-0.65,27275.0,-15.08,2,6,2014,0
2014-02-09,台北一,SE6 青蔥 粉蔥 ,23.0,15.0,9.3,15.5,1.97,29585.0,8.47,2,7,2014,0
2014-02-10,台北一,SE6 青蔥 粉蔥 ,,,,,,,,2,1,2014,1
2014-02-11,台北一,SE6 青蔥 粉蔥 ,23.0,16.9,11.1,16.9,9.03,26235.0,-11.32,2,2,2014,0
2014-02-12,台北一,SE6 青蔥 粉蔥 ,23.0,17.0,11.5,17.1,1.18,24965.0,-4.84,2,3,2014,0
2014-02-13,台北一,SE6 青蔥 粉蔥 ,31.0,22.2,13.2,22.1,29.24,28258.0,13.19,2,4,2014,0
2014-02-14,台北一,SE6 青蔥 粉蔥 ,44.9,35.9,27.1,35.9,62.44,40107.0,41.93,2,5,2014,0
2014-02-15,台北一,SE6 青蔥 粉蔥 ,,,,,,,,2,6,2014,1
2014-02-16,台北一,SE6 青蔥 粉蔥 ,,,,,,,,2,7,2014,1
2014-02-17,台北一,SE6 青蔥 粉蔥 ,,,,,,,,2,1,2014,1
2014-02-18,台北一,SE6 青蔥 粉蔥 ,29.0,21.1,14.0,21.3,-40.67,44380.0,10.65,2,2,2014,0
2014-02-19,台北一,SE6 青蔥 粉蔥 ,24.7,18.1,12.2,18.2,-14.55,32076.0,-27.72,2,3,2014,0
2014-02-20,台北一,SE6 青蔥 粉蔥 ,23.0,17.9,13.5,18.1,-0.55,26038.0,-18.82,2,4,2014,0
2014-02-21,台北一,SE6 青蔥 粉蔥 ,25.4,19.9,14.6,19.9,9.94,23933.0,-8.08,2,5,2014,0
2014-02-22,台北一,SE6 青蔥 粉蔥 ,27.1,22.0,16.4,21.9,10.05,28173.0,17.72,2,6,2014,0
2014-02-23,台北一,SE6 青蔥 粉蔥 ,26.7,21.2,15.8,21.2,-3.2,35673.0,26.62,2,7,2014,0
2014-02-24,台北一,SE6 青蔥 粉蔥 ,,,,,,,,2,1,2014,1
2014-02-25,台北一,SE6 青蔥 粉蔥 ,25.9,19.8,14.1,19.9,-6.13,35268.0,-1.14,2,2,2014,0
2014-02-26,台北一,SE6 青蔥 粉蔥 ,24.4,17.9,14.0,18.4,-7.54,29597.0,-16.08,2,3,2014,0
2014-02-27,台北一,SE6 青蔥 粉蔥 ,24.9,17.3,11.5,17.6,-4.35,30143.0,1.84,2,4,2014,0
2014-02-28,台北一,SE6 青蔥 粉蔥 ,24.8,18.4,11.9,18.4,4.55,30283.0,0.46,2,5,2014,0
2014-03-01,台北一,SE6 青蔥 粉蔥 ,23.6,16.3,10.2,16.5,-10.33,35413.0,16.94,3,6,2014,0
2014-03-02,台北一,SE6 青蔥 粉蔥 ,23.8,16.7,9.9,16.7,1.21,32022.0,-9.58,3,7,2014,0
2014-03-03,台北一,SE6 青蔥 粉蔥 ,,,,,,,,3,1,2014,1
2014-03-04,台北一,SE6 青蔥 粉蔥 ,23.9,17.3,11.6,17.5,4.79,29733.0,-7.15,3,2,2014,0
2014-03-05,台北一,SE6 青蔥 粉蔥 ,19.4,14.4,10.7,14.6,-16.57,28241.0,-5.02,3,3,2014,0
2014-03-06,台北一,SE6 青蔥 粉蔥 ,20.2,14.9,9.6,14.9,2.05,25291.0,-10.45,3,4,2014,0
2014-03-07,台北一,SE6 青蔥 粉蔥 ,23.1,17.0,13.1,17.5,17.45,23821.0,-5.81,3,5,2014,0
2014-03-08,台北一,SE6 青蔥 粉蔥 ,23.7,18.3,13.8,18.5,5.71,26224.0,10.09,3,6,2014,0
2014-03-09,台北一,SE6 青蔥 粉蔥 ,24.2,18.5,13.4,18.6,0.54,31059.0,18.44,3,7,2014,0
2014-03-10,台北一,SE6 青蔥 粉蔥 ,,,,,,,,3,1,2014,1
2014-03-11,台北一,SE6 青蔥 粉蔥 ,24.8,21.0,16.8,20.9,12.37,28762.0,-7.4,3,2,2014,0
2014-03-12,台北一,SE6 青蔥 粉蔥 ,27.3,23.3,19.4,23.3,11.48,27927.0,-2.9,3,3,2014,0
2014-03-13,台北一,SE6 青蔥 粉蔥 ,24.5,20.8,17.2,20.8,-10.73,32483.0,16.31,3,4,2014,0
2014-03-14,台北一,SE6 青蔥 粉蔥 ,24.6,19.3,14.7,19.4,-6.73,31808.0,-2.08,3,5,2014,0
2014-03-15,台北一,SE6 青蔥 粉蔥 ,24.8,19.3,14.0,19.3,-0.52,30627.0,-3.71,3,6,2014,0
2014-03-16,台北一,SE6 青蔥 粉蔥 ,27.5,22.3,16.7,22.2,15.03,30768.0,0.46,3,7,2014,0
2014-03-17,台北一,SE6 青蔥 粉蔥 ,,,,,,,,3,1,2014,1
2014-03-18,台北一,SE6 青蔥 粉蔥 ,24.0,18.9,13.7,18.9,-14.86,37364.0,21.44,3,2,2014,0
2014-03-19,台北一,SE6 青蔥 粉蔥 ,21.6,17.2,12.4,17.1,-9.52,31309.0,-16.21,3,3,2014,0
2014-03-20,台北一,SE6 青蔥 粉蔥 ,22.1,17.8,12.9,17.6,2.92,28912.0,-7.66,3,4,2014,0
2014-03-21,台北一,SE6 青蔥 粉蔥 ,23.9,18.1,12.3,18.1,2.84,28770.0,-0.49,3,5,2014,0
2014-03-22,台北一,SE6 青蔥 粉蔥 ,24.5,19.1,12.7,18.9,4.42,31085.0,8.05,3,6,2014,0
2014-03-23,台北一,SE6 青蔥 粉蔥 ,25.5,20.6,15.5,20.6,8.99,31824.0,2.38,3,7,2014,0
2014-03-24,台北一,SE6 青蔥 粉蔥 ,,,,,,,,3,1,2014,1
2014-03-25,台北一,SE6 青蔥 粉蔥 ,25.7,20.5,13.9,20.2,-1.94,30861.0,-3.03,3,2,2014,0
2014-03-26,台北一,SE6 青蔥 粉蔥 ,24.6,19.4,12.6,19.1,-5.45,28966.0,-6.14,3,3,2014,0
2014-03-27,台北一,SE6 青蔥 粉蔥 ,25.7,19.5,10.9,19.0,-0.52,27904.0,-3.67,3,4,2014,0
2014-03-28,台北一,SE6 青蔥 粉蔥 ,24.7,18.8,12.0,18.6,-2.11,28707.0,2.88,3,5,2014,0
2014-03-29,台北一,SE6 青蔥 粉蔥 ,25.8,20.0,13.1,19.8,6.45,29974.0,4.41,3,6,2014,0
2014-03-30,台北一,SE6 青蔥 粉蔥 ,25.3,18.7,11.2,18.5,-6.57,31107.0,3.78,3,7,2014,0
2014-03-31,台北一,SE6 青蔥 粉蔥 ,,,,,,,,3,1,2014,1
2014-04-01,台北一,SE6 青蔥 粉蔥 ,28.8,24.4,17.8,23.9,29.19,26345.0,-15.31,4,2,2014,0
2014-04-02,台北一,SE6 青蔥 粉蔥 ,30.2,24.3,17.3,24.1,0.84,26134.0,-0.8,4,3,2014,0
2014-04-03,台北一,SE6 青蔥 粉蔥 ,33.9,26.4,20.6,26.8,11.2,31689.0,21.26,4,4,2014,0
2014-04-04,台北一,SE6 青蔥 粉蔥 ,41.3,32.6,24.3,32.7,22.01,44376.0,40.04,4,5,2014,0
2014-04-05,台北一,SE6 青蔥 粉蔥 ,,,,,,,,4,6,2014,1
2014-04-06,台北一,SE6 青蔥 粉蔥 ,,,,,,,,4,7,2014,1
2014-04-07,台北一,SE6 青蔥 粉蔥 ,,,,,,,,4,1,2014,1
2014-04-08,台北一,SE6 青蔥 粉蔥 ,31.1,23.8,14.2,23.3,-28.75,39578.0,-10.81,4,2,2014,0
2014-04-09,台北一,SE6 青蔥 粉蔥 ,25.9,18.8,13.7,19.2,-17.6,28971.0,-26.8,4,3,2014,0
2014-04-10,台北一,SE6 青蔥 粉蔥 ,28.2,21.1,14.0,21.1,9.9,23544.0,-18.73,4,4,2014,0
2014-04-11,台北一,SE6 青蔥 粉蔥 ,37.2,28.4,20.4,28.5,35.07,23270.0,-1.16,4,5,2014,0
2014-04-12,台北一,SE6 青蔥 粉蔥 ,34.9,27.3,19.4,27.2,-4.56,27416.0,17.82,4,6,2014,0
2014-04-13,台北一,SE6 青蔥 粉蔥 ,35.6,25.6,17.2,25.9,-4.78,30748.0,12.15,4,7,2014,0
2014-04-14,台北一,SE6 青蔥 粉蔥 ,,,,,,,,4,1,2014,1
2014-04-15,台北一,SE6 青蔥 粉蔥 ,35.6,26.2,18.2,26.5,2.32,28207.0,-8.26,4,2,2014,0
2014-04-16,台北一,SE6 青蔥 粉蔥 ,32.8,24.8,15.3,24.5,-7.55,26943.0,-4.48,4,3,2014,0
2014-04-17,台北一,SE6 青蔥 粉蔥 ,33.2,23.2,14.8,23.5,-4.08,25395.0,-5.75,4,4,2014,0
2014-04-18,台北一,SE6 青蔥 粉蔥 ,35.4,22.1,12.0,22.8,-2.98,27119.0,6.79,4,5,2014,0
2014-04-19,台北一,SE6 青蔥 粉蔥 ,34.7,23.7,12.5,23.7,3.95,27876.0,2.79,4,6,2014,0
2014-04-20,台北一,SE6 青蔥 粉蔥 ,36.3,23.4,13.7,24.1,1.69,29065.0,4.27,4,7,2014,0
2014-04-21,台北一,SE6 青蔥 粉蔥 ,,,,,,,,4,1,2014,1
2014-04-22,台北一,SE6 青蔥 粉蔥 ,36.1,25.7,15.4,25.7,6.64,27302.0,-6.07,4,2,2014,0
2014-04-23,台北一,SE6 青蔥 粉蔥 ,34.8,23.6,15.4,24.2,-5.84,24896.0,-8.81,4,3,2014,0
2014-04-24,台北一,SE6 青蔥 粉蔥 ,33.1,22.1,14.4,22.8,-5.79,23735.0,-4.66,4,4,2014,0
2014-04-25,台北一,SE6 青蔥 粉蔥 ,34.9,23.2,15.5,24.0,5.26,24349.0,2.59,4,5,2014,0
2014-04-26,台北一,SE6 青蔥 粉蔥 ,35.5,23.9,15.7,24.6,2.5,25213.0,3.55,4,6,2014,0
2014-04-27,台北一,SE6 青蔥 粉蔥 ,37.0,24.4,17.1,25.5,3.66,25965.0,2.98,4,7,2014,0
2014-04-28,台北一,SE6 青蔥 粉蔥 ,,,,,,,,4,1,2014,1
2014-04-29,台北一,SE6 青蔥 粉蔥 ,34.3,25.0,17.1,25.3,-0.78,26852.0,3.42,4,2,2014,0
2014-04-30,台北一,SE6 青蔥 粉蔥 ,31.1,24.0,18.9,24.4,-3.56,24813.0,-7.59,4,3,2014,0
2014-05-01,台北一,SE6 青蔥 粉蔥 ,30.8,23.8,17.1,23.9,-2.05,24479.0,-1.35,5,4,2014,0
2014-05-02,台北一,SE6 青蔥 粉蔥 ,29.9,23.2,17.2,23.4,-2.09,25199.0,2.94,5,5,2014,0
2014-05-03,台北一,SE6 青蔥 粉蔥 ,33.5,25.0,18.6,25.4,8.55,27229.0,8.06,5,6,2014,0
2014-05-04,台北一,SE6 青蔥 粉蔥 ,31.4,23.9,17.2,24.0,-5.51,30574.0,12.28,5,7,2014,0
2014-05-05,台北一,SE6 青蔥 粉蔥 ,,,,,,,,5,1,2014,1
2014-05-06,台北一,SE6 青蔥 粉蔥 ,35.3,27.6,20.9,27.8,15.83,25529.0,-16.5,5,2,2014,0
2014-05-07,台北一,SE6 青蔥 粉蔥 ,33.6,25.6,19.6,26.0,-6.47,25558.0,0.11,5,3,2014,0
2014-05-08,台北一,SE6 青蔥 粉蔥 ,33.1,24.4,16.3,24.5,-5.77,25483.0,-0.29,5,4,2014,0
2014-05-09,台北一,SE6 青蔥 粉蔥 ,39.2,25.5,12.2,25.6,4.49,25544.0,0.24,5,5,2014,0
2014-05-10,台北一,SE6 青蔥 粉蔥 ,40.9,26.8,13.6,27.0,5.47,26643.0,4.3,5,6,2014,0
2014-05-11,台北一,SE6 青蔥 粉蔥 ,39.1,25.5,16.0,26.3,-2.59,29889.0,12.18,5,7,2014,0
2014-05-12,台北一,SE6 青蔥 粉蔥 ,,,,,,,,5,1,2014,1
2014-05-13,台北一,SE6 青蔥 粉蔥 ,42.1,27.8,18.2,28.7,9.13,23825.0,-20.29,5,2,2014,0
2014-05-14,台北一,SE6 青蔥 粉蔥 ,43.5,29.3,19.6,30.2,5.23,20733.0,-12.98,5,3,2014,0
2014-05-15,台北一,SE6 青蔥 粉蔥 ,43.4,28.6,20.3,29.9,-0.99,21193.0,2.22,5,4,2014,0
2014-05-16,台北一,SE6 青蔥 粉蔥 ,41.0,27.8,20.5,29.0,-3.01,21760.0,2.68,5,5,2014,0
2014-05-17,台北一,SE6 青蔥 粉蔥 ,43.0,31.4,21.6,31.8,9.66,21826.0,0.3,5,6,2014,0
2014-05-18,台北一,SE6 青蔥 粉蔥 ,43.8,31.2,21.6,31.8,0.0,26121.0,19.68,5,7,2014,0
2014-05-19,台北一,SE6 青蔥 粉蔥 ,,,,,,,,5,1,2014,1
2014-05-20,台北一,SE6 青蔥 粉蔥 ,42.1,31.4,20.8,31.4,-1.26,24979.0,-4.37,5,2,2014,0
2014-05-21,台北一,SE6 青蔥 粉蔥 ,36.7,23.3,13.0,23.9,-23.89,29302.0,17.31,5,3,2014,0
2014-05-22,台北一,SE6 青蔥 粉蔥 ,33.1,22.2,13.3,22.6,-5.44,25966.0,-11.38,5,4,2014,0
2014-05-23,台北一,SE6 青蔥 粉蔥 ,33.9,24.3,17.7,24.9,10.18,23992.0,-7.6,5,5,2014,0
2014-05-24,台北一,SE6 青蔥 粉蔥 ,32.7,24.5,18.7,25.0,0.4,22227.0,-7.36,5,6,2014,0
2014-05-25,台北一,SE6 青蔥 粉蔥 ,34.3,22.9,13.7,23.3,-6.8,26198.0,17.87,5,7,2014,0
2014-05-26,台北一,SE6 青蔥 粉蔥 ,,,,,,,,5,1,2014,1
2014-05-27,台北一,SE6 青蔥 粉蔥 ,41.1,27.6,16.8,28.1,20.6,21742.0,-17.01,5,2,2014,0
2014-05-28,台北一,SE6 青蔥 粉蔥 ,36.8,26.0,15.6,26.1,-7.12,22027.0,1.31,5,3,2014,0
2014-05-29,台北一,SE6 青蔥 粉蔥 ,33.1,23.9,15.2,24.0,-8.05,21861.0,-0.75,5,4,2014,0
2014-05-30,台北一,SE6 青蔥 粉蔥 ,33.2,23.8,14.5,23.9,-0.42,21292.0,-2.6,5,5,2014,0
2014-05-31,台北一,SE6 青蔥 粉蔥 ,34.1,25.2,16.7,25.3,5.86,22684.0,6.54,5,6,2014,0
2014-06-01,台北一,SE6 青蔥 粉蔥 ,36.7,25.0,16.0,25.5,0.79,26810.0,18.19,6,7,2014,0
2014-06-02,台北一,SE6 青蔥 粉蔥 ,35.9,23.6,12.7,23.9,-6.27,25106.0,-6.36,6,1,2014,0
2014-06-03,台北一,SE6 青蔥 粉蔥 ,,,,,,,,6,2,2014,1
2014-06-04,台北一,SE6 青蔥 粉蔥 ,,,,,,,,6,3,2014,1
2014-06-05,台北一,SE6 青蔥 粉蔥 ,39.0,27.2,14.0,26.9,12.55,21026.0,-16.25,6,4,2014,0
2014-06-06,台北一,SE6 青蔥 粉蔥 ,37.0,26.0,17.5,26.5,-1.49,18238.0,-13.26,6,5,2014,0
2014-06-07,台北一,SE6 青蔥 粉蔥 ,38.8,28.6,19.6,28.8,8.68,16593.0,-9.02,6,6,2014,0
2014-06-08,台北一,SE6 青蔥 粉蔥 ,39.0,31.0,21.7,30.7,6.6,17441.0,5.11,6,7,2014,0
2014-06-09,台北一,SE6 青蔥 粉蔥 ,,,,,,,,6,1,2014,1
2014-06-10,台北一,SE6 青蔥 粉蔥 ,38.9,29.9,22.0,30.2,-1.63,18928.0,8.53,6,2,2014,0
2014-06-11,台北一,SE6 青蔥 粉蔥 ,35.5,27.6,18.0,27.2,-9.93,18250.0,-3.58,6,3,2014,0
2014-06-12,台北一,SE6 青蔥 粉蔥 ,35.5,26.4,16.4,26.2,-3.68,18325.0,0.41,6,4,2014,0
2014-06-13,台北一,SE6 青蔥 粉蔥 ,37.3,28.2,18.9,28.1,7.25,18694.0,2.01,6,5,2014,0
2014-06-14,台北一,SE6 青蔥 粉蔥 ,33.3,26.9,18.4,26.5,-5.69,21337.0,14.14,6,6,2014,0
2014-06-15,台北一,SE6 青蔥 粉蔥 ,37.6,28.6,21.5,29.0,9.43,17615.0,-17.44,6,7,2014,0
2014-06-16,台北一,SE6 青蔥 粉蔥 ,,,,,,,,6,1,2014,1
2014-06-17,台北一,SE6 青蔥 粉蔥 ,37.5,29.5,21.6,29.5,1.72,16768.0,-4.81,6,2,2014,0
2014-06-18,台北一,SE6 青蔥 粉蔥 ,35.4,27.3,19.8,27.4,-7.12,15813.0,-5.7,6,3,2014,0
2014-06-19,台北一,SE6 青蔥 粉蔥 ,33.6,24.9,17.6,25.2,-8.03,17045.0,7.79,6,4,2014,0
2014-06-20,台北一,SE6 青蔥 粉蔥 ,36.7,25.5,18.4,26.3,4.37,15089.0,-11.48,6,5,2014,0
2014-06-21,台北一,SE6 青蔥 粉蔥 ,36.7,27.9,20.8,28.3,7.6,16796.0,11.31,6,6,2014,0
2014-06-22,台北一,SE6 青蔥 粉蔥 ,37.8,29.7,22.3,29.9,5.65,15683.0,-6.63,6,7,2014,0
2014-06-23,台北一,SE6 青蔥 粉蔥 ,,,,,,,,6,1,2014,1
2014-06-24,台北一,SE6 青蔥 粉蔥 ,40.8,31.9,24.2,32.1,7.36,15916.0,1.49,6,2,2014,0
2014-06-25,台北一,SE6 青蔥 粉蔥 ,39.2,30.8,23.3,31.0,-3.43,15815.0,-0.63,6,3,2014,0
2014-06-26,台北一,SE6 青蔥 粉蔥 ,33.4,26.8,21.3,27.0,-12.9,15816.0,0.01,6,4,2014,0
2014-06-27,台北一,SE6 青蔥 粉蔥 ,32.1,26.3,20.3,26.2,-2.96,16658.0,5.32,6,5,2014,0
2014-06-28,台北一,SE6 青蔥 粉蔥 ,31.7,25.0,19.2,25.2,-3.82,16267.0,-2.35,6,6,2014,0
2014-06-29,台北一,SE6 青蔥 粉蔥 ,32.0,24.2,17.5,24.4,-3.17,16100.0,-1.03,6,7,2014,0
2014-06-30,台北一,SE6 青蔥 粉蔥 ,,,,,,,,6,1,2014,1
2014-07-01,台北一,SE6 青蔥 粉蔥 ,34.1,25.4,20.5,26.2,7.38,13899.0,-13.67,7,2,2014,0
2014-07-02,台北一,SE6 青蔥 粉蔥 ,31.3,23.9,19.1,24.4,-6.87,13113.0,-5.66,7,3,2014,0
2014-07-03,台北一,SE6 青蔥 粉蔥 ,29.6,23.1,17.5,23.3,-4.51,13778.0,5.07,7,4,2014,0
2014-07-04,台北一,SE6 青蔥 粉蔥 ,29.4,22.6,16.1,22.6,-3.0,13754.0,-0.17,7,5,2014,0
2014-07-05,台北一,SE6 青蔥 粉蔥 ,33.1,25.4,17.7,25.4,12.39,13758.0,0.03,7,6,2014,0
2014-07-06,台北一,SE6 青蔥 粉蔥 ,34.8,27.7,20.8,27.7,9.06,13648.0,-0.8,7,7,2014,0
2014-07-07,台北一,SE6 青蔥 粉蔥 ,,,,,,,,7,1,2014,1
2014-07-08,台北一,SE6 青蔥 粉蔥 ,39.1,32.2,23.9,31.9,15.16,10250.0,-24.9,7,2,2014,0
2014-07-09,台北一,SE6 青蔥 粉蔥 ,38.0,31.9,24.1,31.5,-1.25,11665.0,13.8,7,3,2014,0
2014-07-10,台北一,SE6 青蔥 粉蔥 ,37.7,31.2,24.6,31.2,-0.95,11335.0,-2.83,7,4,2014,0
2014-07-11,台北一,SE6 青蔥 粉蔥 ,39.0,33.1,26.8,33.0,5.77,11423.0,0.78,7,5,2014,0
2014-07-12,台北一,SE6 青蔥 粉蔥 ,37.6,31.2,25.5,31.3,-5.15,14502.0,26.95,7,6,2014,0
2014-07-13,台北一,SE6 青蔥 粉蔥 ,36.8,30.2,23.7,30.2,-3.51,14518.0,0.11,7,7,2014,0
2014-07-14,台北一,SE6 青蔥 粉蔥 ,,,,,,,,7,1,2014,1
2014-07-15,台北一,SE6 青蔥 粉蔥 ,38.1,30.4,24.5,30.8,1.99,13025.0,-10.28,7,2,2014,0
2014-07-16,台北一,SE6 青蔥 粉蔥 ,35.5,30.3,23.5,30.0,-2.6,10839.0,-16.78,7,3,2014,0
2014-07-17,台北一,SE6 青蔥 粉蔥 ,33.7,27.6,22.8,27.8,-7.33,11787.0,8.75,7,4,2014,0
2014-07-18,台北一,SE6 青蔥 粉蔥 ,36.6,31.0,23.8,30.7,10.43,10817.0,-8.23,7,5,2014,0
2014-07-19,台北一,SE6 青蔥 粉蔥 ,40.4,33.4,27.5,33.6,9.45,10613.0,-1.89,7,6,2014,0
2014-07-20,台北一,SE6 青蔥 粉蔥 ,61.8,51.9,36.7,50.9,51.49,12823.0,20.82,7,7,2014,0
2014-07-21,台北一,SE6 青蔥 粉蔥 ,,,,,,,,7,1,2014,1
2014-07-22,台北一,SE6 青蔥 粉蔥 ,69.1,59.5,46.3,58.8,15.52,19254.0,50.15,7,2,2014,0
2014-07-23,台北一,SE6 青蔥 粉蔥 ,41.2,34.8,27.6,34.6,-41.16,15700.0,-18.46,7,3,2014,0
2014-07-24,台北一,SE6 青蔥 粉蔥 ,72.6,51.1,42.4,53.6,54.91,7597.0,-51.61,7,4,2014,0
2014-07-25,台北一,SE6 青蔥 粉蔥 ,42.9,33.0,24.9,33.4,-37.69,9616.0,26.58,7,5,2014,0
2014-07-26,台北一,SE6 青蔥 粉蔥 ,42.0,34.0,22.7,33.3,-0.3,9117.0,-5.19,7,6,2014,0
2014-07-27,台北一,SE6 青蔥 粉蔥 ,41.3,34.2,22.2,33.2,-0.3,9594.0,5.23,7,7,2014,0
2014-07-28,台北一,SE6 青蔥 粉蔥 ,,,,,,,,7,1,2014,1
2014-07-29,台北一,SE6 青蔥 粉蔥 ,46.0,36.7,25.9,36.4,9.64,10427.0,8.68,7,2,2014,0
2014-07-30,台北一,SE6 青蔥 粉蔥 ,44.2,37.8,32.7,38.0,4.4,10417.0,-0.1,7,3,2014,0
2014-07-31,台北一,SE6 青蔥 粉蔥 ,49.9,39.1,31.2,39.7,4.47,10043.0,-3.59,7,4,2014,0
2014-08-01,台北一,SE6 青蔥 粉蔥 ,47.4,40.1,35.4,40.6,2.27,9794.0,-2.48,8,5,2014,0
2014-08-02,台北一,SE6 青蔥 粉蔥 ,51.3,41.2,31.6,41.3,1.72,10351.0,5.69,8,6,2014,0
2014-08-03,台北一,SE6 青蔥 粉蔥 ,55.3,46.0,39.6,46.6,12.83,9624.0,-7.02,8,7,2014,0
2014-08-04,台北一,SE6 青蔥 粉蔥 ,,,,,,,,8,1,2014,1
2014-08-05,台北一,SE6 青蔥 粉蔥 ,66.7,53.8,42.7,54.2,16.31,8656.0,-10.06,8,2,2014,0
2014-08-06,台北一,SE6 青蔥 粉蔥 ,60.8,48.2,34.1,47.9,-11.62,8377.0,-3.22,8,3,2014,0
2014-08-07,台北一,SE6 青蔥 粉蔥 ,63.5,51.9,42.4,52.3,9.19,8496.0,1.42,8,4,2014,0
2014-08-08,台北一,SE6 青蔥 粉蔥 ,61.5,51.7,41.9,51.7,-1.15,10584.0,24.58,8,5,2014,0
2014-08-09,台北一,SE6 青蔥 粉蔥 ,57.1,49.8,41.0,49.5,-4.26,14271.0,34.84,8,6,2014,0
2014-08-10,台北一,SE6 青蔥 粉蔥 ,62.2,45.9,30.6,46.1,-6.87,11311.0,-20.74,8,7,2014,0
2014-08-11,台北一,SE6 青蔥 粉蔥 ,,,,,,,,8,1,2014,1
2014-08-12,台北一,SE6 青蔥 粉蔥 ,,,,,,,,8,2,2014,1
2014-08-13,台北一,SE6 青蔥 粉蔥 ,73.2,57.2,36.3,56.2,21.91,6756.0,-40.27,8,3,2014,0
2014-08-14,台北一,SE6 青蔥 粉蔥 ,72.6,61.9,48.9,61.5,9.43,6044.0,-10.54,8,4,2014,0
2014-08-15,台北一,SE6 青蔥 粉蔥 ,67.7,58.5,47.1,58.1,-5.53,7832.0,29.58,8,5,2014,0
2014-08-16,台北一,SE6 青蔥 粉蔥 ,65.1,54.7,42.9,54.4,-6.37,8490.0,8.4,8,6,2014,0
2014-08-17,台北一,SE6 青蔥 粉蔥 ,70.5,58.4,40.9,57.3,5.33,7986.0,-5.94,8,7,2014,0
2014-08-18,台北一,SE6 青蔥 粉蔥 ,,,,,,,,8,1,2014,1
2014-08-19,台北一,SE6 青蔥 粉蔥 ,71.3,60.9,38.1,58.4,1.92,7675.0,-3.89,8,2,2014,0
2014-08-20,台北一,SE6 青蔥 粉蔥 ,69.7,57.6,45.6,57.6,-1.37,6312.0,-17.76,8,3,2014,0
2014-08-21,台北一,SE6 青蔥 粉蔥 ,68.8,56.7,42.7,56.3,-2.26,5953.0,-5.69,8,4,2014,0
2014-08-22,台北一,SE6 青蔥 粉蔥 ,79.5,68.1,47.2,66.2,17.58,4872.0,-18.16,8,5,2014,0
2014-08-23,台北一,SE6 青蔥 粉蔥 ,83.2,72.5,54.4,71.0,7.25,5330.0,9.4,8,6,2014,0
2014-08-24,台北一,SE6 青蔥 粉蔥 ,89.9,81.2,60.4,78.8,10.99,5855.0,9.85,8,7,2014,0
2014-08-25,台北一,SE6 青蔥 粉蔥 ,,,,,,,,8,1,2014,1
2014-08-26,台北一,SE6 青蔥 粉蔥 ,101.1,81.3,61.1,81.2,3.05,6345.0,8.37,8,2,2014,0
2014-08-27,台北一,SE6 青蔥 粉蔥 ,87.8,73.0,54.9,72.3,-10.96,6186.0,-2.51,8,3,2014,0
2014-08-28,台北一,SE6 青蔥 粉蔥 ,81.4,66.0,52.0,66.3,-8.3,5770.0,-6.72,8,4,2014,0
2014-08-29,台北一,SE6 青蔥 粉蔥 ,86.1,73.8,54.1,72.3,9.05,4892.0,-15.22,8,5,2014,0
2014-08-30,台北一,SE6 青蔥 粉蔥 ,77.8,60.9,48.8,61.8,-14.52,5849.0,19.56,8,6,2014,0
2014-08-31,台北一,SE6 青蔥 粉蔥 ,81.5,74.0,56.0,71.9,16.34,5400.0,-7.68,8,7,2014,0
2014-09-01,台北一,SE6 青蔥 粉蔥 ,,,,,,,,9,1,2014,1
2014-09-02,台北一,SE6 青蔥 粉蔥 ,79.6,63.0,49.5,63.6,-11.54,5900.0,9.26,9,2,2014,0
2014-09-03,台北一,SE6 青蔥 粉蔥 ,81.7,73.0,49.4,70.0,10.06,4715.0,-20.08,9,3,2014,0
2014-09-04,台北一,SE6 青蔥 粉蔥 ,82.8,69.6,47.8,67.9,-3.0,5727.0,21.46,9,4,2014,0
2014-09-05,台北一,SE6 青蔥 粉蔥 ,88.3,74.9,56.6,73.9,8.84,7614.0,32.95,9,5,2014,0
2014-09-06,台北一,SE6 青蔥 粉蔥 ,78.6,63.7,44.7,62.9,-14.88,10513.0,38.07,9,6,2014,0
2014-09-07,台北一,SE6 青蔥 粉蔥 ,77.6,55.0,35.5,55.6,-11.61,9651.0,-8.2,9,7,2014,0
2014-09-08,台北一,SE6 青蔥 粉蔥 ,71.9,50.0,38.7,52.1,-6.29,7280.0,-24.57,9,1,2014,0
2014-09-09,台北一,SE6 青蔥 粉蔥 ,,,,,,,,9,2,2014,1
2014-09-10,台北一,SE6 青蔥 粉蔥 ,,,,,,,,9,3,2014,1
2014-09-11,台北一,SE6 青蔥 粉蔥 ,87.8,74.1,52.6,72.5,39.16,5971.0,-17.98,9,4,2014,0
2014-09-12,台北一,SE6 青蔥 粉蔥 ,92.4,88.7,66.9,85.1,17.38,5887.0,-1.41,9,5,2014,0
2014-09-13,台北一,SE6 青蔥 粉蔥 ,99.0,92.6,69.7,89.3,4.94,7459.0,26.7,9,6,2014,0
2014-09-14,台北一,SE6 青蔥 粉蔥 ,94.1,87.5,66.7,84.7,-5.15,9825.0,31.72,9,7,2014,0
2014-09-15,台北一,SE6 青蔥 粉蔥 ,,,,,,,,9,1,2014,1
2014-09-16,台北一,SE6 青蔥 粉蔥 ,98.7,88.4,67.8,86.3,1.89,8938.0,-9.03,9,2,2014,0
2014-09-17,台北一,SE6 青蔥 粉蔥 ,88.3,76.8,51.6,74.1,-14.14,9513.0,6.43,9,3,2014,0
2014-09-18,台北一,SE6 青蔥 粉蔥 ,87.2,75.9,51.5,73.3,-1.08,9856.0,3.61,9,4,2014,0
2014-09-19,台北一,SE6 青蔥 粉蔥 ,85.0,75.7,61.2,74.7,1.91,10085.0,2.32,9,5,2014,0
2014-09-20,台北一,SE6 青蔥 粉蔥 ,96.5,87.1,62.3,84.0,12.45,13313.0,32.01,9,6,2014,0
2014-09-21,台北一,SE6 青蔥 粉蔥 ,86.1,73.6,41.5,69.7,-17.02,8793.0,-33.95,9,7,2014,0
2014-09-22,台北一,SE6 青蔥 粉蔥 ,,,,,,,,9,1,2014,1
2014-09-23,台北一,SE6 青蔥 粉蔥 ,89.1,80.2,62.6,78.5,12.63,6717.0,-23.61,9,2,2014,0
2014-09-24,台北一,SE6 青蔥 粉蔥 ,76.1,68.5,53.3,67.0,-14.65,11529.0,71.64,9,3,2014,0
2014-09-25,台北一,SE6 青蔥 粉蔥 ,73.0,64.9,46.0,62.7,-6.42,11346.0,-1.59,9,4,2014,0
2014-09-26,台北一,SE6 青蔥 粉蔥 ,79.5,66.5,44.4,64.7,3.19,10269.0,-9.49,9,5,2014,0
2014-09-27,台北一,SE6 青蔥 粉蔥 ,89.2,76.2,55.4,74.6,15.3,9676.0,-5.77,9,6,2014,0
2014-09-28,台北一,SE6 青蔥 粉蔥 ,91.9,82.6,60.8,80.1,7.37,10537.0,8.9,9,7,2014,0
2014-09-29,台北一,SE6 青蔥 粉蔥 ,,,,,,,,9,1,2014,1
2014-09-30,台北一,SE6 青蔥 粉蔥 ,90.7,81.9,70.9,81.4,1.62,13285.0,26.08,9,2,2014,0
2014-10-01,台北一,SE6 青蔥 粉蔥 ,87.5,78.3,66.6,77.8,-4.42,12816.0,-3.53,10,3,2014,0
2014-10-02,台北一,SE6 青蔥 粉蔥 ,90.4,78.8,64.6,78.3,0.64,14152.0,10.42,10,4,2014,0
2014-10-03,台北一,SE6 青蔥 粉蔥 ,85.1,77.8,67.0,77.1,-1.53,12488.0,-11.76,10,5,2014,0
2014-10-04,台北一,SE6 青蔥 粉蔥 ,85.1,75.3,62.0,74.6,-3.24,14013.0,12.21,10,6,2014,0
2014-10-05,台北一,SE6 青蔥 粉蔥 ,80.2,71.6,52.1,69.4,-6.97,17837.0,27.29,10,7,2014,0
2014-10-06,台北一,SE6 青蔥 粉蔥 ,,,,,,,,10,1,2014,1
2014-10-07,台北一,SE6 青蔥 粉蔥 ,78.5,68.8,53.1,67.6,-2.59,18162.0,1.82,10,2,2014,0
2014-10-08,台北一,SE6 青蔥 粉蔥 ,77.6,67.6,52.6,66.6,-1.48,15689.0,-13.62,10,3,2014,0
2014-10-09,台北一,SE6 青蔥 粉蔥 ,74.2,64.2,51.6,63.7,-4.35,15508.0,-1.15,10,4,2014,0
2014-10-10,台北一,SE6 青蔥 粉蔥 ,74.2,63.3,51.5,63.1,-0.94,15067.0,-2.84,10,5,2014,0
2014-10-11,台北一,SE6 青蔥 粉蔥 ,75.2,62.0,50.2,62.3,-1.27,16026.0,6.36,10,6,2014,0
2014-10-12,台北一,SE6 青蔥 粉蔥 ,78.1,64.5,49.3,64.2,3.05,14736.0,-8.05,10,7,2014,0
2014-10-13,台北一,SE6 青蔥 粉蔥 ,,,,,,,,10,1,2014,1
2014-10-14,台北一,SE6 青蔥 粉蔥 ,80.1,66.3,51.5,66.1,2.96,15285.0,3.73,10,2,2014,0
2014-10-15,台北一,SE6 青蔥 粉蔥 ,81.3,74.1,56.7,72.1,9.08,13164.0,-13.88,10,3,2014,0
2014-10-16,台北一,SE6 青蔥 粉蔥 ,81.0,72.5,57.8,71.3,-1.11,12480.0,-5.2,10,4,2014,0
2014-10-17,台北一,SE6 青蔥 粉蔥 ,84.9,76.2,64.3,75.6,6.03,13172.0,5.54,10,5,2014,0
2014-10-18,台北一,SE6 青蔥 粉蔥 ,92.4,82.8,72.2,82.6,9.26,13091.0,-0.61,10,6,2014,0
2014-10-19,台北一,SE6 青蔥 粉蔥 ,89.8,82.4,71.0,81.6,-1.21,16182.0,23.61,10,7,2014,0
2014-10-20,台北一,SE6 青蔥 粉蔥 ,,,,,,,,10,1,2014,1
2014-10-21,台北一,SE6 青蔥 粉蔥 ,84.6,75.2,65.2,75.1,-7.97,18121.0,11.98,10,2,2014,0
2014-10-22,台北一,SE6 青蔥 粉蔥 ,84.9,73.0,54.5,71.6,-4.66,15512.0,-14.4,10,3,2014,0
2014-10-23,台北一,SE6 青蔥 粉蔥 ,84.7,70.5,45.2,68.3,-4.61,13621.0,-12.19,10,4,2014,0
2014-10-24,台北一,SE6 青蔥 粉蔥 ,89.6,77.6,53.6,75.2,10.1,13651.0,0.22,10,5,2014,0
2014-10-25,台北一,SE6 青蔥 粉蔥 ,94.8,82.6,66.1,81.7,8.64,13630.0,-0.15,10,6,2014,0
2014-10-26,台北一,SE6 青蔥 粉蔥 ,88.2,78.0,43.6,73.2,-10.4,16928.0,24.2,10,7,2014,0
2014-10-27,台北一,SE6 青蔥 粉蔥 ,,,,,,,,10,1,2014,1
2014-10-28,台北一,SE6 青蔥 粉蔥 ,80.0,67.1,53.6,67.0,-8.47,16606.0,-1.9,10,2,2014,0
2014-10-29,台北一,SE6 青蔥 粉蔥 ,82.2,66.9,44.5,65.5,-2.24,13905.0,-16.27,10,3,2014,0
2014-10-30,台北一,SE6 青蔥 粉蔥 ,78.5,64.6,44.5,63.4,-3.21,13686.0,-1.57,10,4,2014,0
2014-10-31,台北一,SE6 青蔥 粉蔥 ,83.0,66.3,40.7,64.5,1.74,11471.0,-16.18,10,5,2014,0
2014-11-01,台北一,SE6 青蔥 粉蔥 ,83.0,65.7,43.0,64.6,0.16,14382.0,25.38,11,6,2014,0
2014-11-02,台北一,SE6 青蔥 粉蔥 ,84.0,62.9,40.4,62.6,-3.1,14213.0,-1.18,11,7,2014,0
2014-11-03,台北一,SE6 青蔥 粉蔥 ,,,,,,,,11,1,2014,1
2014-11-04,台北一,SE6 青蔥 粉蔥 ,81.9,68.2,44.5,66.2,5.75,12804.0,-9.91,11,2,2014,0
2014-11-05,台北一,SE6 青蔥 粉蔥 ,82.0,67.2,52.2,67.1,1.36,12374.0,-3.36,11,3,2014,0
2014-11-06,台北一,SE6 青蔥 粉蔥 ,79.8,67.4,54.0,67.2,0.15,11877.0,-4.02,11,4,2014,0
2014-11-07,台北一,SE6 青蔥 粉蔥 ,79.1,64.8,47.4,64.2,-4.46,13899.0,17.02,11,5,2014,0
2014-11-08,台北一,SE6 青蔥 粉蔥 ,76.9,61.6,43.4,61.0,-4.98,16353.0,17.66,11,6,2014,0
2014-11-09,台北一,SE6 青蔥 粉蔥 ,74.7,59.5,37.2,58.1,-4.75,17397.0,6.38,11,7,2014,0
2014-11-10,台北一,SE6 青蔥 粉蔥 ,,,,,,,,11,1,2014,1
2014-11-11,台北一,SE6 青蔥 粉蔥 ,73.6,55.1,36.6,55.1,-5.16,15706.0,-9.72,11,2,2014,0
2014-11-12,台北一,SE6 青蔥 粉蔥 ,69.5,55.2,37.4,54.5,-1.09,14616.0,-6.94,11,3,2014,0
2014-11-13,台北一,SE6 青蔥 粉蔥 ,71.8,55.6,36.9,55.1,1.1,13308.0,-8.95,11,4,2014,0
2014-11-14,台北一,SE6 青蔥 粉蔥 ,74.2,62.5,43.0,60.9,10.53,13515.0,1.56,11,5,2014,0
2014-11-15,台北一,SE6 青蔥 粉蔥 ,74.2,65.2,50.2,64.0,5.09,14945.0,10.58,11,6,2014,0
2014-11-16,台北一,SE6 青蔥 粉蔥 ,74.6,62.8,48.2,62.2,-2.81,17159.0,14.81,11,7,2014,0
2014-11-17,台北一,SE6 青蔥 粉蔥 ,,,,,,,,11,1,2014,1
2014-11-18,台北一,SE6 青蔥 粉蔥 ,79.4,63.7,50.5,64.2,3.22,15403.0,-10.23,11,2,2014,0
2014-11-19,台北一,SE6 青蔥 粉蔥 ,77.1,59.7,44.5,60.2,-6.23,16170.0,4.98,11,3,2014,0
2014-11-20,台北一,SE6 青蔥 粉蔥 ,74.9,59.7,43.0,59.4,-1.33,15464.0,-4.37,11,4,2014,0
2014-11-21,台北一,SE6 青蔥 粉蔥 ,72.4,58.7,41.4,58.0,-2.36,17006.0,9.97,11,5,2014,0
2014-11-22,台北一,SE6 青蔥 粉蔥 ,72.2,54.3,37.7,54.6,-5.86,17293.0,1.69,11,6,2014,0
2014-11-23,台北一,SE6 青蔥 粉蔥 ,67.4,50.3,30.5,49.7,-8.97,18579.0,7.44,11,7,2014,0
2014-11-24,台北一,SE6 青蔥 粉蔥 ,,,,,,,,11,1,2014,1
2014-11-25,台北一,SE6 青蔥 粉蔥 ,71.0,58.5,39.6,57.2,15.09,16013.0,-13.81,11,2,2014,0
2014-11-26,台北一,SE6 青蔥 粉蔥 ,67.0,53.8,35.8,52.9,-7.52,17491.0,9.23,11,3,2014,0
2014-11-27,台北一,SE6 青蔥 粉蔥 ,63.9,48.7,28.9,47.8,-9.64,17527.0,0.21,11,4,2014,0
2014-11-28,台北一,SE6 青蔥 粉蔥 ,59.2,46.8,30.4,46.0,-3.77,18020.0,2.81,11,5,2014,0
2014-11-29,台北一,SE6 青蔥 粉蔥 ,54.3,43.6,27.8,42.6,-7.39,18130.0,0.61,11,6,2014,0
2014-11-30,台北一,SE6 青蔥 粉蔥 ,64.1,48.0,32.8,48.2,13.15,16010.0,-11.69,11,7,2014,0
2014-12-01,台北一,SE6 青蔥 粉蔥 ,,,,,,,,12,1,2014,1
2014-12-02,台北一,SE6 青蔥 粉蔥 ,63.9,54.9,33.0,52.3,8.51,23014.0,43.75,12,2,2014,0
2014-12-03,台北一,SE6 青蔥 粉蔥 ,63.1,56.2,40.4,54.4,4.02,18587.0,-19.24,12,3,2014,0
2014-12-04,台北一,SE6 青蔥 粉蔥 ,58.3,47.9,32.5,46.9,-13.79,20020.0,7.71,12,4,2014,0
2014-12-05,台北一,SE6 青蔥 粉蔥 ,56.1,45.7,29.0,44.4,-5.33,22217.0,10.97,12,5,2014,0
2014-12-06,台北一,SE6 青蔥 粉蔥 ,55.1,45.4,30.6,44.4,0.0,21320.0,-4.04,12,6,2014,0
2014-12-07,台北一,SE6 青蔥 粉蔥 ,54.1,42.9,27.0,41.9,-5.63,23906.0,12.13,12,7,2014,0
2014-12-08,台北一,SE6 青蔥 粉蔥 ,,,,,,,,12,1,2014,1
2014-12-09,台北一,SE6 青蔥 粉蔥 ,50.3,41.1,30.2,40.7,-2.86,24328.0,1.77,12,2,2014,0
2014-12-10,台北一,SE6 青蔥 粉蔥 ,49.6,39.4,26.9,38.9,-4.42,21308.0,-12.41,12,3,2014,0
2014-12-11,台北一,SE6 青蔥 粉蔥 ,51.7,38.8,26.0,38.8,-0.26,21417.0,0.51,12,4,2014,0
2014-12-12,台北一,SE6 青蔥 粉蔥 ,45.8,36.0,26.4,36.0,-7.22,24181.0,12.91,12,5,2014,0
2014-12-13,台北一,SE6 青蔥 粉蔥 ,47.3,38.2,26.5,37.7,4.72,23977.0,-0.84,12,6,2014,0
2014-12-14,台北一,SE6 青蔥 粉蔥 ,46.5,36.1,24.0,35.8,-5.04,24891.0,3.81,12,7,2014,0
2014-12-15,台北一,SE6 青蔥 粉蔥 ,,,,,,,,12,1,2014,1
2014-12-16,台北一,SE6 青蔥 粉蔥 ,50.1,38.8,26.0,38.5,7.54,24272.0,-2.49,12,2,2014,0
2014-12-17,台北一,SE6 青蔥 粉蔥 ,48.1,37.1,25.0,36.9,-4.16,23045.0,-5.06,12,3,2014,0
2014-12-18,台北一,SE6 青蔥 粉蔥 ,48.0,38.1,27.9,38.1,3.25,22672.0,-1.62,12,4,2014,0
2014-12-19,台北一,SE6 青蔥 粉蔥 ,47.2,38.4,27.6,38.0,-0.26,23279.0,2.68,12,5,2014,0
2014-12-20,台北一,SE6 青蔥 粉蔥 ,46.8,38.5,28.4,38.2,0.53,26483.0,13.76,12,6,2014,0
2014-12-21,台北一,SE6 青蔥 粉蔥 ,44.1,37.8,30.7,37.7,-1.31,26717.0,0.88,12,7,2014,0
2014-12-22,台北一,SE6 青蔥 粉蔥 ,,,,,,,,12,1,2014,1
2014-12-23,台北一,SE6 青蔥 粉蔥 ,44.7,35.6,29.3,36.1,-4.24,23837.0,-10.78,12,2,2014,0
2014-12-24,台北一,SE6 青蔥 粉蔥 ,43.3,35.2,26.9,35.2,-2.49,23579.0,-1.08,12,3,2014,0
2014-12-25,台北一,SE6 青蔥 粉蔥 ,40.8,31.7,21.5,31.5,-10.51,26748.0,13.44,12,4,2014,0
2014-12-26,台北一,SE6 青蔥 粉蔥 ,36.9,29.3,19.3,28.8,-8.57,28034.0,4.81,12,5,2014,0
2014-12-27,台北一,SE6 青蔥 粉蔥 ,33.0,26.3,16.9,25.7,-10.76,27349.0,-2.44,12,6,2014,0
2014-12-28,台北一,SE6 青蔥 粉蔥 ,30.0,20.9,12.4,21.1,-17.9,30871.0,12.88,12,7,2014,0
2014-12-29,台北一,SE6 青蔥 粉蔥 ,,,,,,,,12,1,2014,1
2014-12-30,台北一,SE6 青蔥 粉蔥 ,29.9,25.3,19.2,25.0,18.48,24908.0,-19.32,12,2,2014,0
2014-12-31,台北一,SE6 青蔥 粉蔥 ,31.9,26.1,20.3,26.1,4.4,24434.0,-1.9,12,3,2014,0
2015-01-01,台北一,SE6 青蔥 粉蔥 ,36.5,27.4,21.6,28.0,7.28,24818.0,1.57,1,4,2015,0
2015-01-02,台北一,SE6 青蔥 粉蔥 ,34.1,28.5,23.9,28.7,2.5,25357.0,2.17,1,5,2015,0
2015-01-03,台北一,SE6 青蔥 粉蔥 ,36.8,31.6,25.8,31.5,9.76,24854.0,-1.98,1,6,2015,0
2015-01-04,台北一,SE6 青蔥 粉蔥 ,37.8,33.2,27.6,33.0,4.76,25586.0,2.95,1,7,2015,0
2015-01-05,台北一,SE6 青蔥 粉蔥 ,,,,,,,,1,1,2015,1
2015-01-06,台北一,SE6 青蔥 粉蔥 ,34.6,29.7,24.0,29.5,-10.61,29887.0,16.81,1,2,2015,0
2015-01-07,台北一,SE6 青蔥 粉蔥 ,31.7,25.7,18.9,25.6,-13.22,26815.0,-10.28,1,3,2015,0
2015-01-08,台北一,SE6 青蔥 粉蔥 ,28.4,23.4,19.0,23.5,-8.2,26585.0,-0.86,1,4,2015,0
2015-01-09,台北一,SE6 青蔥 粉蔥 ,27.6,21.9,18.4,22.3,-5.11,28629.0,7.69,1,5,2015,0
2015-01-10,台北一,SE6 青蔥 粉蔥 ,27.4,21.8,16.8,21.9,-1.79,27581.0,-3.66,1,6,2015,0
2015-01-11,台北一,SE6 青蔥 粉蔥 ,28.5,22.6,17.9,22.8,4.11,29600.0,7.32,1,7,2015,0
2015-01-12,台北一,SE6 青蔥 粉蔥 ,,,,,,,,1,1,2015,1
2015-01-13,台北一,SE6 青蔥 粉蔥 ,29.5,24.1,18.2,24.0,5.26,27144.0,-8.3,1,2,2015,0
2015-01-14,台北一,SE6 青蔥 粉蔥 ,27.9,22.1,17.8,22.4,-6.67,25255.0,-6.96,1,3,2015,0
2015-01-15,台北一,SE6 青蔥 粉蔥 ,27.5,21.9,19.0,22.5,0.45,25007.0,-0.98,1,4,2015,0
2015-01-16,台北一,SE6 青蔥 粉蔥 ,29.1,22.7,18.7,23.2,3.11,25094.0,0.35,1,5,2015,0
2015-01-17,台北一,SE6 青蔥 粉蔥 ,28.1,22.0,17.3,22.3,-3.88,27452.0,9.4,1,6,2015,0
2015-01-18,台北一,SE6 青蔥 粉蔥 ,31.6,25.0,19.2,25.2,13.0,27272.0,-0.66,1,7,2015,0
2015-01-19,台北一,SE6 青蔥 粉蔥 ,,,,,,,,1,1,2015,1
2015-01-20,台北一,SE6 青蔥 粉蔥 ,36.4,29.5,22.1,29.4,16.67,24477.0,-10.25,1,2,2015,0
2015-01-21,台北一,SE6 青蔥 粉蔥 ,31.8,26.2,20.8,26.3,-10.54,26225.0,7.14,1,3,2015,0
2015-01-22,台北一,SE6 青蔥 粉蔥 ,27.1,21.3,17.1,21.6,-17.87,27632.0,5.37,1,4,2015,0
2015-01-23,台北一,SE6 青蔥 粉蔥 ,26.0,20.3,14.9,20.4,-5.56,28068.0,1.58,1,5,2015,0
2015-01-24,台北一,SE6 青蔥 粉蔥 ,26.5,21.1,15.5,21.0,2.94,27199.0,-3.1,1,6,2015,0
2015-01-25,台北一,SE6 青蔥 粉蔥 ,27.1,21.4,15.7,21.4,1.9,25783.0,-5.21,1,7,2015,0
2015-01-26,台北一,SE6 青蔥 粉蔥 ,,,,,,,,1,1,2015,1
2015-01-27,台北一,SE6 青蔥 粉蔥 ,26.9,21.3,17.4,21.6,0.93,28616.0,10.99,1,2,2015,0
2015-01-28,台北一,SE6 青蔥 粉蔥 ,24.5,18.9,14.5,19.1,-11.57,24274.0,-15.17,1,3,2015,0
2015-01-29,台北一,SE6 青蔥 粉蔥 ,25.7,19.8,16.5,20.3,6.28,22106.0,-8.93,1,4,2015,0
2015-01-30,台北一,SE6 青蔥 粉蔥 ,26.9,21.9,17.3,22.0,8.37,23311.0,5.45,1,5,2015,0
2015-01-31,台北一,SE6 青蔥 粉蔥 ,29.9,24.8,18.5,24.5,11.36,24220.0,3.9,1,6,2015,0
2015-02-01,台北一,SE6 青蔥 粉蔥 ,30.0,25.2,21.2,25.4,3.67,26844.0,10.83,2,7,2015,0
2015-02-02,台北一,SE6 青蔥 粉蔥 ,,,,,,,,2,1,2015,1
2015-02-03,台北一,SE6 青蔥 粉蔥 ,27.0,20.8,17.6,21.4,-15.75,32271.0,20.22,2,2,2015,0
2015-02-04,台北一,SE6 青蔥 粉蔥 ,26.7,20.9,17.6,21.4,0.0,28123.0,-12.85,2,3,2015,0
2015-02-05,台北一,SE6 青蔥 粉蔥 ,24.2,17.8,12.4,18.0,-15.89,27408.0,-2.54,2,4,2015,0
2015-02-06,台北一,SE6 青蔥 粉蔥 ,22.9,17.5,12.4,17.5,-2.78,24910.0,-9.11,2,5,2015,0
2015-02-07,台北一,SE6 青蔥 粉蔥 ,25.0,20.6,16.1,20.6,17.71,23726.0,-4.75,2,6,2015,0
2015-02-08,台北一,SE6 青蔥 粉蔥 ,29.6,23.8,18.7,24.0,16.5,24228.0,2.12,2,7,2015,0
2015-02-09,台北一,SE6 青蔥 粉蔥 ,,,,,,,,2,1,2015,1
2015-02-10,台北一,SE6 青蔥 粉蔥 ,33.2,28.6,24.1,28.6,19.17,27939.0,15.32,2,2,2015,0
2015-02-11,台北一,SE6 青蔥 粉蔥 ,35.6,31.8,27.0,31.6,10.49,26282.0,-5.93,2,3,2015,0
2015-02-12,台北一,SE6 青蔥 粉蔥 ,32.6,27.8,22.8,27.8,-12.03,33328.0,26.81,2,4,2015,0
2015-02-13,台北一,SE6 青蔥 粉蔥 ,30.9,24.3,18.9,24.5,-11.87,35468.0,6.42,2,5,2015,0
2015-02-14,台北一,SE6 青蔥 粉蔥 ,30.4,24.8,18.7,24.7,0.82,37938.0,6.96,2,6,2015,0
2015-02-15,台北一,SE6 青蔥 粉蔥 ,30.2,25.2,18.7,24.9,0.81,39685.0,4.6,2,7,2015,0
2015-02-16,台北一,SE6 青蔥 粉蔥 ,28.5,22.1,15.2,22.0,-11.65,43528.0,9.68,2,1,2015,0
2015-02-17,台北一,SE6 青蔥 粉蔥 ,54.8,40.9,23.8,40.2,82.73,34462.0,-20.83,2,2,2015,0
2015-02-18,台北一,SE6 青蔥 粉蔥 ,37.0,24.3,14.2,24.8,-38.31,35952.0,4.32,2,3,2015,0
2015-02-19,台北一,SE6 青蔥 粉蔥 ,,,,,,,,2,4,2015,1
2015-02-20,台北一,SE6 青蔥 粉蔥 ,,,,,,,,2,5,2015,1
2015-02-21,台北一,SE6 青蔥 粉蔥 ,,,,,,,,2,6,2015,1
2015-02-22,台北一,SE6 青蔥 粉蔥 ,,,,,,,,2,7,2015,1
2015-02-23,台北一,SE6 青蔥 粉蔥 ,,,,,,,,2,1,2015,1
2015-02-24,台北一,SE6 青蔥 粉蔥 ,34.9,25.1,17.6,25.6,3.23,28340.0,-21.17,2,2,2015,0
2015-02-25,台北一,SE6 青蔥 粉蔥 ,36.0,26.5,19.2,27.0,5.47,23522.0,-17.0,2,3,2015,0
2015-02-26,台北一,SE6 青蔥 粉蔥 ,40.1,32.1,25.7,32.4,20.0,26809.0,13.97,2,4,2015,0
2015-02-27,台北一,SE6 青蔥 粉蔥 ,,,,,,,,2,5,2015,1
2015-02-28,台北一,SE6 青蔥 粉蔥 ,34.5,27.0,18.6,26.8,-17.28,33887.0,26.4,2,6,2015,0
2015-03-01,台北一,SE6 青蔥 粉蔥 ,31.6,22.5,12.5,22.3,-16.79,35651.0,5.21,3,7,2015,0
2015-03-02,台北一,SE6 青蔥 粉蔥 ,,,,,,,,3,1,2015,1
2015-03-03,台北一,SE6 青蔥 粉蔥 ,27.1,21.0,14.8,21.0,-5.83,31944.0,-10.4,3,2,2015,0
2015-03-04,台北一,SE6 青蔥 粉蔥 ,27.7,19.8,13.2,20.1,-4.29,28634.0,-10.36,3,3,2015,0
2015-03-05,台北一,SE6 青蔥 粉蔥 ,28.3,21.4,13.7,21.2,5.47,31916.0,11.46,3,4,2015,0
2015-03-06,台北一,SE6 青蔥 粉蔥 ,37.2,30.2,20.8,29.7,40.09,34631.0,8.51,3,5,2015,0
2015-03-07,台北一,SE6 青蔥 粉蔥 ,,,,,,,,3,6,2015,1
2015-03-08,台北一,SE6 青蔥 粉蔥 ,,,,,,,,3,7,2015,1
2015-03-09,台北一,SE6 青蔥 粉蔥 ,,,,,,,,3,1,2015,1
2015-03-10,台北一,SE6 青蔥 粉蔥 ,31.5,24.7,17.9,24.7,-16.84,36149.0,4.38,3,2,2015,0
2015-03-11,台北一,SE6 青蔥 粉蔥 ,25.0,18.6,13.5,18.9,-23.48,29616.0,-18.07,3,3,2015,0
2015-03-12,台北一,SE6 青蔥 粉蔥 ,22.0,17.1,12.4,17.1,-9.52,26980.0,-8.9,3,4,2015,0
2015-03-13,台北一,SE6 青蔥 粉蔥 ,25.7,19.9,14.7,20.1,17.54,25992.0,-3.66,3,5,2015,0
2015-03-14,台北一,SE6 青蔥 粉蔥 ,27.3,23.1,17.1,22.7,12.94,27565.0,6.05,3,6,2015,0
2015-03-15,台北一,SE6 青蔥 粉蔥 ,28.0,22.7,16.8,22.6,-0.44,30422.0,10.36,3,7,2015,0
2015-03-16,台北一,SE6 青蔥 粉蔥 ,,,,,,,,3,1,2015,1
2015-03-17,台北一,SE6 青蔥 粉蔥 ,27.5,23.9,17.4,23.3,3.1,30984.0,1.85,3,2,2015,0
2015-03-18,台北一,SE6 青蔥 粉蔥 ,26.8,20.6,14.1,20.6,-11.59,28724.0,-7.29,3,3,2015,0
2015-03-19,台北一,SE6 青蔥 粉蔥 ,22.7,17.2,11.6,17.2,-16.5,28658.0,-0.23,3,4,2015,0
2015-03-20,台北一,SE6 青蔥 粉蔥 ,24.1,17.9,11.8,17.9,4.07,25713.0,-10.28,3,5,2015,0
2015-03-21,台北一,SE6 青蔥 粉蔥 ,26.4,19.2,14.4,19.7,10.06,28973.0,12.68,3,6,2015,0
2015-03-22,台北一,SE6 青蔥 粉蔥 ,27.2,20.9,14.8,20.9,6.09,29991.0,3.51,3,7,2015,0
2015-03-23,台北一,SE6 青蔥 粉蔥 ,,,,,,,,3,1,2015,1
2015-03-24,台北一,SE6 青蔥 粉蔥 ,24.3,19.8,14.1,19.6,-6.22,29163.0,-2.76,3,2,2015,0
2015-03-25,台北一,SE6 青蔥 粉蔥 ,24.5,19.9,14.6,19.8,1.02,27755.0,-4.83,3,3,2015,0
2015-03-26,台北一,SE6 青蔥 粉蔥 ,26.2,20.3,15.8,20.6,4.04,24811.0,-10.61,3,4,2015,0
2015-03-27,台北一,SE6 青蔥 粉蔥 ,24.5,19.4,14.8,19.5,-5.34,28030.0,12.97,3,5,2015,0
2015-03-28,台北一,SE6 青蔥 粉蔥 ,26.6,21.2,14.9,21.0,7.69,28508.0,1.71,3,6,2015,0
2015-03-29,台北一,SE6 青蔥 粉蔥 ,26.6,21.3,16.3,21.3,1.43,32876.0,15.32,3,7,2015,0
2015-03-30,台北一,SE6 青蔥 粉蔥 ,,,,,,,,3,1,2015,1
2015-03-31,台北一,SE6 青蔥 粉蔥 ,27.1,21.8,17.1,21.9,2.82,31233.0,-5.0,3,2,2015,0
2015-04-01,台北一,SE6 青蔥 粉蔥 ,27.5,20.6,15.6,21.0,-4.11,27856.0,-10.81,4,3,2015,0
2015-04-02,台北一,SE6 青蔥 粉蔥 ,27.3,21.1,16.3,21.4,1.9,28513.0,2.36,4,4,2015,0
2015-04-03,台北一,SE6 青蔥 粉蔥 ,27.7,21.0,16.5,21.4,0.0,33394.0,17.12,4,5,2015,0
2015-04-04,台北一,SE6 青蔥 粉蔥 ,36.8,25.6,17.8,26.3,22.9,39961.0,19.67,4,6,2015,0
2015-04-05,台北一,SE6 青蔥 粉蔥 ,,,,,,,,4,7,2015,1
2015-04-06,台北一,SE6 青蔥 粉蔥 ,,,,,,,,4,1,2015,1
2015-04-07,台北一,SE6 青蔥 粉蔥 ,27.8,20.8,15.1,21.0,-20.15,35737.0,-10.57,4,2,2015,0
2015-04-08,台北一,SE6 青蔥 粉蔥 ,26.9,20.3,14.5,20.5,-2.38,27954.0,-21.78,4,3,2015,0
2015-04-09,台北一,SE6 青蔥 粉蔥 ,26.5,19.4,14.1,19.7,-3.9,28509.0,1.99,4,4,2015,0
2015-04-10,台北一,SE6 青蔥 粉蔥 ,27.0,19.7,13.3,19.9,1.02,31330.0,9.9,4,5,2015,0
2015-04-11,台北一,SE6 青蔥 粉蔥 ,26.3,18.2,12.0,18.6,-6.53,33437.0,6.73,4,6,2015,0
2015-04-12,台北一,SE6 青蔥 粉蔥 ,28.3,19.0,12.8,19.6,5.38,30998.0,-7.29,4,7,2015,0
2015-04-13,台北一,SE6 青蔥 粉蔥 ,,,,,,,,4,1,2015,1
2015-04-14,台北一,SE6 青蔥 粉蔥 ,32.9,23.3,17.6,24.0,22.45,26467.0,-14.62,4,2,2015,0
2015-04-15,台北一,SE6 青蔥 粉蔥 ,27.5,21.3,15.7,21.4,-10.83,28906.0,9.22,4,3,2015,0
2015-04-16,台北一,SE6 青蔥 粉蔥 ,26.3,19.9,16.0,20.4,-4.67,27786.0,-3.87,4,4,2015,0
2015-04-17,台北一,SE6 青蔥 粉蔥 ,30.7,24.0,18.6,24.3,19.12,23730.0,-14.6,4,5,2015,0
2015-04-18,台北一,SE6 青蔥 粉蔥 ,26.8,19.8,15.0,20.3,-16.46,33138.0,39.65,4,6,2015,0
2015-04-19,台北一,SE6 青蔥 粉蔥 ,30.1,20.5,14.8,21.2,4.43,31305.0,-5.53,4,7,2015,0
2015-04-20,台北一,SE6 青蔥 粉蔥 ,,,,,,,,4,1,2015,1
2015-04-21,台北一,SE6 青蔥 粉蔥 ,28.9,20.0,14.6,20.7,-2.36,28853.0,-7.83,4,2,2015,0
2015-04-22,台北一,SE6 青蔥 粉蔥 ,30.9,21.9,16.3,22.6,9.18,24035.0,-16.7,4,3,2015,0
2015-04-23,台北一,SE6 青蔥 粉蔥 ,30.1,21.5,16.6,22.2,-1.77,24626.0,2.46,4,4,2015,0
2015-04-24,台北一,SE6 青蔥 粉蔥 ,28.7,22.9,16.9,22.8,2.7,25586.0,3.9,4,5,2015,0
2015-04-25,台北一,SE6 青蔥 粉蔥 ,26.7,20.6,15.5,20.8,-8.77,30850.0,20.57,4,6,2015,0
2015-04-26,台北一,SE6 青蔥 粉蔥 ,27.1,20.4,15.4,20.7,-0.48,31953.0,3.58,4,7,2015,0
2015-04-27,台北一,SE6 青蔥 粉蔥 ,,,,,,,,4,1,2015,1
2015-04-28,台北一,SE6 青蔥 粉蔥 ,26.2,20.0,14.6,20.1,-2.9,29935.0,-6.32,4,2,2015,0
2015-04-29,台北一,SE6 青蔥 粉蔥 ,24.7,18.8,13.0,18.8,-6.47,27333.0,-8.69,4,3,2015,0
2015-04-30,台北一,SE6 青蔥 粉蔥 ,25.4,18.9,12.1,18.8,0.0,25963.0,-5.01,4,4,2015,0
2015-05-01,台北一,SE6 青蔥 粉蔥 ,26.5,21.6,16.9,21.6,14.89,24387.0,-6.07,5,5,2015,0
2015-05-02,台北一,SE6 青蔥 粉蔥 ,27.2,20.6,15.4,20.9,-3.24,27044.0,10.9,5,6,2015,0
2015-05-03,台北一,SE6 青蔥 粉蔥 ,27.7,21.4,14.3,21.2,1.44,27489.0,1.65,5,7,2015,0
2015-05-04,台北一,SE6 青蔥 粉蔥 ,,,,,,,,5,1,2015,1
2015-05-05,台北一,SE6 青蔥 粉蔥 ,29.5,22.9,16.2,22.9,8.02,26017.0,-5.35,5,2,2015,0
2015-05-06,台北一,SE6 青蔥 粉蔥 ,27.5,20.8,14.7,20.9,-8.73,26389.0,1.43,5,3,2015,0
2015-05-07,台北一,SE6 青蔥 粉蔥 ,25.4,19.9,13.8,19.8,-5.26,28012.0,6.15,5,4,2015,0
2015-05-08,台北一,SE6 青蔥 粉蔥 ,31.4,22.2,13.7,22.4,13.13,24132.0,-13.85,5,5,2015,0
2015-05-09,台北一,SE6 青蔥 粉蔥 ,30.1,22.5,14.6,22.4,0.0,24829.0,2.89,5,6,2015,0
2015-05-10,台北一,SE6 青蔥 粉蔥 ,27.9,20.1,12.5,20.1,-10.27,29374.0,18.31,5,7,2015,0
2015-05-11,台北一,SE6 青蔥 粉蔥 ,,,,,,,,5,1,2015,1
2015-05-12,台北一,SE6 青蔥 粉蔥 ,39.4,29.0,21.4,29.6,47.26,18392.0,-37.39,5,2,2015,0
2015-05-13,台北一,SE6 青蔥 粉蔥 ,30.9,25.0,19.9,25.2,-14.86,21682.0,17.89,5,3,2015,0
2015-05-14,台北一,SE6 青蔥 粉蔥 ,29.3,22.9,15.3,22.6,-10.32,20409.0,-5.87,5,4,2015,0
2015-05-15,台北一,SE6 青蔥 粉蔥 ,29.7,24.3,15.9,23.7,4.87,22769.0,11.56,5,5,2015,0
2015-05-16,台北一,SE6 青蔥 粉蔥 ,28.9,22.5,15.4,22.4,-5.49,23152.0,1.68,5,6,2015,0
2015-05-17,台北一,SE6 青蔥 粉蔥 ,29.5,21.9,14.5,21.9,-2.23,25396.0,9.69,5,7,2015,0
2015-05-18,台北一,SE6 青蔥 粉蔥 ,,,,,,,,5,1,2015,1
2015-05-19,台北一,SE6 青蔥 粉蔥 ,35.8,27.7,21.1,28.0,27.85,21208.0,-16.49,5,2,2015,0
2015-05-20,台北一,SE6 青蔥 粉蔥 ,41.2,31.9,27.3,32.8,17.14,20192.0,-4.79,5,3,2015,0
2015-05-21,台北一,SE6 青蔥 粉蔥 ,42.2,33.4,26.4,33.7,2.74,19199.0,-4.92,5,4,2015,0
2015-05-22,台北一,SE6 青蔥 粉蔥 ,35.7,29.6,25.0,29.9,-11.28,22014.0,14.66,5,5,2015,0
2015-05-23,台北一,SE6 青蔥 粉蔥 ,32.2,25.0,19.1,25.3,-15.38,26006.0,18.13,5,6,2015,0
2015-05-24,台北一,SE6 青蔥 粉蔥 ,37.9,27.8,15.3,27.3,7.91,25156.0,-3.27,5,7,2015,0
2015-05-25,台北一,SE6 青蔥 粉蔥 ,,,,,,,,5,1,2015,1
2015-05-26,台北一,SE6 青蔥 粉蔥 ,40.6,32.5,23.9,32.4,18.68,22685.0,-9.82,5,2,2015,0
2015-05-27,台北一,SE6 青蔥 粉蔥 ,38.8,31.2,22.7,31.0,-4.32,19859.0,-12.46,5,3,2015,0
2015-05-28,台北一,SE6 青蔥 粉蔥 ,37.7,31.4,21.9,30.7,-0.97,17340.0,-12.68,5,4,2015,0
2015-05-29,台北一,SE6 青蔥 粉蔥 ,39.5,29.8,17.3,29.3,-4.56,19031.0,9.75,5,5,2015,0
2015-05-30,台北一,SE6 青蔥 粉蔥 ,39.7,31.3,22.4,31.2,6.48,19231.0,1.05,5,6,2015,0
2015-05-31,台北一,SE6 青蔥 粉蔥 ,42.8,33.6,24.4,33.6,7.69,17962.0,-6.6,5,7,2015,0
2015-06-01,台北一,SE6 青蔥 粉蔥 ,,,,,,,,6,1,2015,1
2015-06-02,台北一,SE6 青蔥 粉蔥 ,47.7,39.8,31.9,39.8,18.45,19527.0,8.71,6,2,2015,0
2015-06-03,台北一,SE6 青蔥 粉蔥 ,52.4,43.9,34.8,43.8,10.05,16090.0,-17.6,6,3,2015,0
2015-06-04,台北一,SE6 青蔥 粉蔥 ,52.5,40.9,29.7,41.0,-6.39,17654.0,9.72,6,4,2015,0
2015-06-05,台北一,SE6 青蔥 粉蔥 ,49.4,40.3,26.8,39.5,-3.66,18345.0,3.91,6,5,2015,0
2015-06-06,台北一,SE6 青蔥 粉蔥 ,48.7,39.5,26.2,38.7,-2.03,20177.0,9.99,6,6,2015,0
2015-06-07,台北一,SE6 青蔥 粉蔥 ,52.5,44.6,33.1,43.9,13.44,18168.0,-9.96,6,7,2015,0
2015-06-08,台北一,SE6 青蔥 粉蔥 ,,,,,,,,6,1,2015,1
2015-06-09,台北一,SE6 青蔥 粉蔥 ,52.6,43.8,31.8,43.1,-1.82,18709.0,2.98,6,2,2015,0
2015-06-10,台北一,SE6 青蔥 粉蔥 ,52.2,42.8,33.6,42.9,-0.46,17204.0,-8.04,6,3,2015,0
2015-06-11,台北一,SE6 青蔥 粉蔥 ,52.2,43.2,36.1,43.6,1.63,16057.0,-6.67,6,4,2015,0
2015-06-12,台北一,SE6 青蔥 粉蔥 ,53.2,43.6,35.2,43.8,0.46,14855.0,-7.49,6,5,2015,0
2015-06-13,台北一,SE6 青蔥 粉蔥 ,58.2,47.4,37.8,47.6,8.68,15790.0,6.29,6,6,2015,0
2015-06-14,台北一,SE6 青蔥 粉蔥 ,62.6,52.1,41.5,52.1,9.45,14015.0,-11.24,6,7,2015,0
2015-06-15,台北一,SE6 青蔥 粉蔥 ,,,,,,,,6,1,2015,1
2015-06-16,台北一,SE6 青蔥 粉蔥 ,64.8,53.0,44.0,53.6,2.88,15881.0,13.31,6,2,2015,0
2015-06-17,台北一,SE6 青蔥 粉蔥 ,60.4,49.0,34.8,48.4,-9.7,15531.0,-2.2,6,3,2015,0
2015-06-18,台北一,SE6 青蔥 粉蔥 ,53.1,43.5,34.1,43.5,-10.12,15212.0,-2.05,6,4,2015,0
2015-06-19,台北一,SE6 青蔥 粉蔥 ,56.4,45.4,32.5,45.0,3.45,15421.0,1.37,6,5,2015,0
2015-06-20,台北一,SE6 青蔥 粉蔥 ,77.3,65.8,50.1,65.0,44.44,13334.0,-13.53,6,6,2015,0
2015-06-21,台北一,SE6 青蔥 粉蔥 ,,,,,,,,6,7,2015,1
2015-06-22,台北一,SE6 青蔥 粉蔥 ,,,,,,,,6,1,2015,1
2015-06-23,台北一,SE6 青蔥 粉蔥 ,68.3,51.6,42.9,53.2,-18.15,16081.0,20.6,6,2,2015,0
2015-06-24,台北一,SE6 青蔥 粉蔥 ,56.1,42.9,28.0,42.5,-20.11,13181.0,-18.03,6,3,2015,0
2015-06-25,台北一,SE6 青蔥 粉蔥 ,56.8,44.1,28.4,43.5,2.35,10794.0,-18.11,6,4,2015,0
2015-06-26,台北一,SE6 青蔥 粉蔥 ,63.7,50.3,34.3,49.8,14.48,9560.0,-11.43,6,5,2015,0
2015-06-27,台北一,SE6 青蔥 粉蔥 ,61.7,50.3,34.2,49.4,-0.8,10923.0,14.26,6,6,2015,0
2015-06-28,台北一,SE6 青蔥 粉蔥 ,59.9,48.8,34.9,48.3,-2.23,12689.0,16.17,6,7,2015,0
2015-06-29,台北一,SE6 青蔥 粉蔥 ,,,,,,,,6,1,2015,1
2015-06-30,台北一,SE6 青蔥 粉蔥 ,57.1,46.8,31.7,45.9,-4.97,12580.0,-0.86,6,2,2015,0
2015-07-01,台北一,SE6 青蔥 粉蔥 ,61.2,53.8,41.6,52.8,15.03,9465.0,-24.76,7,3,2015,0
2015-07-02,台北一,SE6 青蔥 粉蔥 ,61.8,55.2,42.5,54.0,2.27,9109.0,-3.76,7,4,2015,0
2015-07-03,台北一,SE6 青蔥 粉蔥 ,61.5,55.5,43.1,54.2,0.37,10158.0,11.52,7,5,2015,0
2015-07-04,台北一,SE6 青蔥 粉蔥 ,76.3,66.9,57.0,66.8,23.25,10639.0,4.74,7,6,2015,0
2015-07-05,台北一,SE6 青蔥 粉蔥 ,87.9,79.2,62.7,77.7,16.32,11455.0,7.67,7,7,2015,0
2015-07-06,台北一,SE6 青蔥 粉蔥 ,,,,,,,,7,1,2015,1
2015-07-07,台北一,SE6 青蔥 粉蔥 ,95.5,85.8,74.6,85.5,10.04,13675.0,19.38,7,2,2015,0
2015-07-08,台北一,SE6 青蔥 粉蔥 ,87.9,77.3,61.3,76.2,-10.88,12772.0,-6.6,7,3,2015,0
2015-07-09,台北一,SE6 青蔥 粉蔥 ,77.8,66.1,53.4,65.9,-13.52,12258.0,-4.02,7,4,2015,0
2015-07-10,台北一,SE6 青蔥 粉蔥 ,73.0,63.9,43.2,61.6,-6.53,12996.0,6.02,7,5,2015,0
2015-07-11,台北一,SE6 青蔥 粉蔥 ,70.3,61.8,47.1,60.5,-1.79,10134.0,-22.02,7,6,2015,0
2015-07-12,台北一,SE6 青蔥 粉蔥 ,60.8,50.4,36.1,49.6,-18.02,13803.0,36.2,7,7,2015,0
2015-07-13,台北一,SE6 青蔥 粉蔥 ,,,,,,,,7,1,2015,1
2015-07-14,台北一,SE6 青蔥 粉蔥 ,59.2,50.9,40.1,50.4,1.61,12962.0,-6.09,7,2,2015,0
2015-07-15,台北一,SE6 青蔥 粉蔥 ,64.9,58.5,47.7,57.6,14.29,10139.0,-21.78,7,3,2015,0
2015-07-16,台北一,SE6 青蔥 粉蔥 ,74.2,67.2,54.2,66.0,14.58,9940.0,-1.96,7,4,2015,0
2015-07-17,台北一,SE6 青蔥 粉蔥 ,74.9,67.1,56.3,66.5,0.76,12244.0,23.18,7,5,2015,0
2015-07-18,台北一,SE6 青蔥 粉蔥 ,83.9,73.4,62.6,73.3,10.23,13071.0,6.75,7,6,2015,0
2015-07-19,台北一,SE6 青蔥 粉蔥 ,86.7,77.4,65.3,76.8,4.77,14146.0,8.22,7,7,2015,0
2015-07-20,台北一,SE6 青蔥 粉蔥 ,,,,,,,,7,1,2015,1
2015-07-21,台北一,SE6 青蔥 粉蔥 ,90.5,85.0,74.8,84.1,9.51,10823.0,-23.49,7,2,2015,0
2015-07-22,台北一,SE6 青蔥 粉蔥 ,78.5,68.4,56.9,68.1,-19.02,13564.0,25.33,7,3,2015,0
2015-07-23,台北一,SE6 青蔥 粉蔥 ,71.5,66.4,59.2,66.0,-3.08,13279.0,-2.1,7,4,2015,0
2015-07-24,台北一,SE6 青蔥 粉蔥 ,71.3,65.0,54.5,64.2,-2.73,12890.0,-2.93,7,5,2015,0
2015-07-25,台北一,SE6 青蔥 粉蔥 ,62.4,55.9,44.9,55.0,-14.33,15438.0,19.77,7,6,2015,0
2015-07-26,台北一,SE6 青蔥 粉蔥 ,65.5,57.7,44.7,56.7,3.09,14920.0,-3.36,7,7,2015,0
2015-07-27,台北一,SE6 青蔥 粉蔥 ,,,,,,,,7,1,2015,1
2015-07-28,台北一,SE6 青蔥 粉蔥 ,67.5,58.2,48.6,58.2,2.65,14203.0,-4.81,7,2,2015,0
2015-07-29,台北一,SE6 青蔥 粉蔥 ,76.4,68.8,57.6,68.1,17.01,11108.0,-21.79,7,3,2015,0
2015-07-30,台北一,SE6 青蔥 粉蔥 ,77.4,70.3,54.7,68.6,0.73,11325.0,1.95,7,4,2015,0
2015-07-31,台北一,SE6 青蔥 粉蔥 ,76.8,70.0,50.6,67.5,-1.6,12271.0,8.35,7,5,2015,0
2015-08-01,台北一,SE6 青蔥 粉蔥 ,76.6,70.1,55.3,68.4,1.33,13104.0,6.79,8,6,2015,0
2015-08-02,台北一,SE6 青蔥 粉蔥 ,75.5,69.8,54.1,67.8,-0.88,14707.0,12.23,8,7,2015,0
2015-08-03,台北一,SE6 青蔥 粉蔥 ,,,,,,,,8,1,2015,1
2015-08-04,台北一,SE6 青蔥 粉蔥 ,82.3,75.3,66.8,75.0,10.62,12697.0,-13.67,8,2,2015,0
2015-08-05,台北一,SE6 青蔥 粉蔥 ,115.6,100.8,79.8,99.6,32.8,11074.0,-12.78,8,3,2015,0
2015-08-06,台北一,SE6 青蔥 粉蔥 ,101.1,94.9,75.2,92.2,-7.43,16195.0,46.24,8,4,2015,0
2015-08-07,台北一,SE6 青蔥 粉蔥 ,96.5,84.3,66.8,83.3,-9.65,15169.0,-6.34,8,5,2015,0
2015-08-08,台北一,SE6 青蔥 粉蔥 ,59.1,50.2,31.6,48.3,-42.02,10361.0,-31.7,8,6,2015,0
2015-08-09,台北一,SE6 青蔥 粉蔥 ,111.8,88.0,59.5,87.1,80.33,2595.0,-74.95,8,7,2015,0
2015-08-10,台北一,SE6 青蔥 粉蔥 ,,,,,,,,8,1,2015,1
2015-08-11,台北一,SE6 青蔥 粉蔥 ,170.4,137.2,83.6,133.1,52.81,3507.0,35.14,8,2,2015,0
2015-08-12,台北一,SE6 青蔥 粉蔥 ,182.1,148.8,87.2,143.2,7.59,2939.0,-16.2,8,3,2015,0
2015-08-13,台北一,SE6 青蔥 粉蔥 ,184.0,164.5,101.9,155.9,8.87,3517.0,19.67,8,4,2015,0
2015-08-14,台北一,SE6 青蔥 粉蔥 ,220.3,197.0,146.8,191.6,22.9,4031.0,14.61,8,5,2015,0
2015-08-15,台北一,SE6 青蔥 粉蔥 ,223.1,194.7,148.7,191.2,-0.21,6128.0,52.02,8,6,2015,0
2015-08-16,台北一,SE6 青蔥 粉蔥 ,201.1,175.4,118.6,169.2,-11.51,10423.0,70.09,8,7,2015,0
2015-08-17,台北一,SE6 青蔥 粉蔥 ,,,,,,,,8,1,2015,1
2015-08-18,台北一,SE6 青蔥 粉蔥 ,185.0,158.0,101.0,152.0,-10.17,10340.0,-0.8,8,2,2015,0
2015-08-19,台北一,SE6 青蔥 粉蔥 ,182.7,148.3,77.3,141.0,-7.24,10179.0,-1.56,8,3,2015,0
2015-08-20,台北一,SE6 青蔥 粉蔥 ,154.3,134.8,86.0,129.0,-8.51,10645.0,4.58,8,4,2015,0
2015-08-21,台北一,SE6 青蔥 粉蔥 ,152.4,123.3,74.3,119.3,-7.52,10299.0,-3.25,8,5,2015,0
2015-08-22,台北一,SE6 青蔥 粉蔥 ,117.4,91.6,54.1,89.3,-25.15,12753.0,23.83,8,6,2015,0
2015-08-23,台北一,SE6 青蔥 粉蔥 ,104.6,86.1,71.5,86.9,-2.69,10950.0,-14.14,8,7,2015,0
2015-08-24,台北一,SE6 青蔥 粉蔥 ,,,,,,,,8,1,2015,1
2015-08-25,台北一,SE6 青蔥 粉蔥 ,83.7,68.1,49.3,67.5,-22.32,12470.0,13.88,8,2,2015,0
2015-08-26,台北一,SE6 青蔥 粉蔥 ,80.2,61.4,41.3,61.1,-9.48,11138.0,-10.68,8,3,2015,0
2015-08-27,台北一,SE6 青蔥 粉蔥 ,103.2,87.9,67.3,86.8,42.06,9692.0,-12.98,8,4,2015,0
2015-08-28,台北一,SE6 青蔥 粉蔥 ,154.0,122.9,95.6,123.7,42.51,14018.0,44.63,8,5,2015,0
2015-08-29,台北一,SE6 青蔥 粉蔥 ,,,,,,,,8,6,2015,1
2015-08-30,台北一,SE6 青蔥 粉蔥 ,,,,,,,,8,7,2015,1
2015-08-31,台北一,SE6 青蔥 粉蔥 ,,,,,,,,8,1,2015,1
2015-09-01,台北一,SE6 青蔥 粉蔥 ,102.7,67.1,44.9,69.8,-43.57,21425.0,52.84,9,2,2015,0
2015-09-02,台北一,SE6 青蔥 粉蔥 ,83.3,55.6,27.2,55.5,-20.49,12106.0,-43.5,9,3,2015,0
2015-09-03,台北一,SE6 青蔥 粉蔥 ,98.1,64.6,26.4,63.7,14.77,10211.0,-15.65,9,4,2015,0
2015-09-04,台北一,SE6 青蔥 粉蔥 ,112.6,86.7,62.0,86.9,36.42,8912.0,-12.72,9,5,2015,0
2015-09-05,台北一,SE6 青蔥 粉蔥 ,123.1,101.9,77.1,101.2,16.46,11898.0,33.51,9,6,2015,0
2015-09-06,台北一,SE6 青蔥 粉蔥 ,105.6,86.3,56.4,84.2,-16.8,13535.0,13.76,9,7,2015,0
2015-09-07,台北一,SE6 青蔥 粉蔥 ,,,,,,,,9,1,2015,1
2015-09-08,台北一,SE6 青蔥 粉蔥 ,111.0,91.1,62.3,89.3,6.06,14173.0,4.71,9,2,2015,0
2015-09-09,台北一,SE6 青蔥 粉蔥 ,108.9,89.3,61.6,87.7,-1.79,11933.0,-15.8,9,3,2015,0
2015-09-10,台北一,SE6 青蔥 粉蔥 ,114.9,96.8,68.9,94.8,8.1,11621.0,-2.61,9,4,2015,0
2015-09-11,台北一,SE6 青蔥 粉蔥 ,125.3,104.4,73.5,102.4,8.02,12462.0,7.24,9,5,2015,0
2015-09-12,台北一,SE6 青蔥 粉蔥 ,124.0,102.3,72.0,100.5,-1.86,13790.0,10.66,9,6,2015,0
2015-09-13,台北一,SE6 青蔥 粉蔥 ,117.8,93.3,64.2,92.4,-8.06,14010.0,1.6,9,7,2015,0
2015-09-14,台北一,SE6 青蔥 粉蔥 ,,,,,,,,9,1,2015,1
2015-09-15,台北一,SE6 青蔥 粉蔥 ,123.4,97.5,73.0,97.8,5.84,14422.0,2.94,9,2,2015,0
2015-09-16,台北一,SE6 青蔥 粉蔥 ,96.4,78.9,57.2,78.1,-20.14,15199.0,5.39,9,3,2015,0
2015-09-17,台北一,SE6 青蔥 粉蔥 ,90.1,67.1,37.8,65.8,-15.75,16606.0,9.26,9,4,2015,0
2015-09-18,台北一,SE6 青蔥 粉蔥 ,86.3,64.9,35.9,63.4,-3.65,16356.0,-1.51,9,5,2015,0
2015-09-19,台北一,SE6 青蔥 粉蔥 ,84.2,68.1,50.4,67.8,6.94,15224.0,-6.92,9,6,2015,0
2015-09-20,台北一,SE6 青蔥 粉蔥 ,71.9,57.4,38.8,56.6,-16.52,17287.0,13.55,9,7,2015,0
2015-09-21,台北一,SE6 青蔥 粉蔥 ,,,,,,,,9,1,2015,1
2015-09-22,台北一,SE6 青蔥 粉蔥 ,78.2,63.4,43.4,62.4,10.25,14480.0,-16.24,9,2,2015,0
2015-09-23,台北一,SE6 青蔥 粉蔥 ,77.5,62.2,39.8,60.8,-2.56,12864.0,-11.16,9,3,2015,0
2015-09-24,台北一,SE6 青蔥 粉蔥 ,75.9,63.7,41.6,61.7,1.48,13209.0,2.68,9,4,2015,0
2015-09-25,台北一,SE6 青蔥 粉蔥 ,76.1,60.9,40.0,59.8,-3.08,14739.0,11.58,9,5,2015,0
2015-09-26,台北一,SE6 青蔥 粉蔥 ,75.1,58.1,39.7,57.8,-3.34,17735.0,20.33,9,6,2015,0
2015-09-27,台北一,SE6 青蔥 粉蔥 ,83.8,66.0,52.3,66.8,15.57,17850.0,0.65,9,7,2015,0
2015-09-28,台北一,SE6 青蔥 粉蔥 ,,,,,,,,9,1,2015,1
2015-09-29,台北一,SE6 青蔥 粉蔥 ,,,,,,,,9,2,2015,1
2015-09-30,台北一,SE6 青蔥 粉蔥 ,135.4,113.9,89.7,113.4,69.76,7223.0,-59.54,9,3,2015,0
2015-10-01,台北一,SE6 青蔥 粉蔥 ,109.4,79.7,48.3,79.3,-30.07,12140.0,68.07,10,4,2015,0
2015-10-02,台北一,SE6 青蔥 粉蔥 ,113.9,90.5,54.8,88.0,10.97,10347.0,-14.77,10,5,2015,0
2015-10-03,台北一,SE6 青蔥 粉蔥 ,158.1,137.0,88.9,131.6,49.55,10742.0,3.82,10,6,2015,0
2015-10-04,台北一,SE6 青蔥 粉蔥 ,163.3,128.8,77.9,125.5,-4.64,13050.0,21.49,10,7,2015,0
2015-10-05,台北一,SE6 青蔥 粉蔥 ,,,,,,,,10,1,2015,1
2015-10-06,台北一,SE6 青蔥 粉蔥 ,143.6,114.3,74.1,112.1,-10.68,15571.0,19.32,10,2,2015,0
2015-10-07,台北一,SE6 青蔥 粉蔥 ,152.8,129.0,93.5,126.6,12.93,13704.0,-11.99,10,3,2015,0
2015-10-08,台北一,SE6 青蔥 粉蔥 ,167.5,143.1,111.4,141.6,11.85,13285.0,-3.06,10,4,2015,0
2015-10-09,台北一,SE6 青蔥 粉蔥 ,152.4,117.2,83.6,117.5,-17.02,14830.0,11.63,10,5,2015,0
2015-10-10,台北一,SE6 青蔥 粉蔥 ,139.1,104.9,75.1,105.8,-9.96,16202.0,9.25,10,6,2015,0
2015-10-11,台北一,SE6 青蔥 粉蔥 ,153.4,121.3,90.8,121.6,14.93,13750.0,-15.13,10,7,2015,0
2015-10-12,台北一,SE6 青蔥 粉蔥 ,,,,,,,,10,1,2015,1
2015-10-13,台北一,SE6 青蔥 粉蔥 ,140.8,112.0,85.9,112.5,-7.48,15790.0,14.84,10,2,2015,0
2015-10-14,台北一,SE6 青蔥 粉蔥 ,130.5,104.6,71.9,103.2,-8.27,15850.0,0.38,10,3,2015,0
2015-10-15,台北一,SE6 青蔥 粉蔥 ,130.6,114.4,82.1,111.2,7.75,14287.0,-9.86,10,4,2015,0
2015-10-16,台北一,SE6 青蔥 粉蔥 ,131.8,113.9,87.0,112.1,0.81,14187.0,-0.7,10,5,2015,0
2015-10-17,台北一,SE6 青蔥 粉蔥 ,116.5,95.4,71.6,94.9,-15.34,16808.0,18.47,10,6,2015,0
2015-10-18,台北一,SE6 青蔥 粉蔥 ,113.9,89.7,70.6,90.7,-4.43,15914.0,-5.32,10,7,2015,0
2015-10-19,台北一,SE6 青蔥 粉蔥 ,,,,,,,,10,1,2015,1
2015-10-20,台北一,SE6 青蔥 粉蔥 ,103.7,86.9,67.2,86.3,-4.85,17460.0,9.71,10,2,2015,0
2015-10-21,台北一,SE6 青蔥 粉蔥 ,104.1,80.0,58.6,80.6,-6.6,14077.0,-19.38,10,3,2015,0
2015-10-22,台北一,SE6 青蔥 粉蔥 ,88.3,69.4,43.5,68.0,-15.63,11199.0,-20.44,10,4,2015,0
2015-10-23,台北一,SE6 青蔥 粉蔥 ,78.9,64.8,36.5,61.9,-8.97,11963.0,6.82,10,5,2015,0
2015-10-24,台北一,SE6 青蔥 粉蔥 ,76.0,59.7,39.5,58.9,-4.85,11285.0,-5.67,10,6,2015,0
2015-10-25,台北一,SE6 青蔥 粉蔥 ,101.7,76.1,44.7,74.9,27.16,11860.0,5.1,10,7,2015,0
2015-10-26,台北一,SE6 青蔥 粉蔥 ,,,,,,,,10,1,2015,1
2015-10-27,台北一,SE6 青蔥 粉蔥 ,106.4,81.5,61.1,82.4,10.01,13211.0,11.39,10,2,2015,0
2015-10-28,台北一,SE6 青蔥 粉蔥 ,100.8,76.6,61.5,78.4,-4.85,12781.0,-3.25,10,3,2015,0
2015-10-29,台北一,SE6 青蔥 粉蔥 ,97.8,76.9,51.4,76.0,-3.06,12300.0,-3.76,10,4,2015,0
2015-10-30,台北一,SE6 青蔥 粉蔥 ,101.3,77.0,58.3,78.1,2.76,11361.0,-7.63,10,5,2015,0
2015-10-31,台北一,SE6 青蔥 粉蔥 ,98.0,74.9,54.4,75.4,-3.46,12846.0,13.07,10,6,2015,0
2015-11-01,台北一,SE6 青蔥 粉蔥 ,124.4,88.9,50.9,88.4,17.24,13332.0,3.78,11,7,2015,0
2015-11-02,台北一,SE6 青蔥 粉蔥 ,,,,,,,,11,1,2015,1
2015-11-03,台北一,SE6 青蔥 粉蔥 ,114.5,86.1,57.4,86.1,-2.6,15560.0,16.71,11,2,2015,0
2015-11-04,台北一,SE6 青蔥 粉蔥 ,102.6,81.0,60.4,81.2,-5.69,13778.0,-11.45,11,3,2015,0
2015-11-05,台北一,SE6 青蔥 粉蔥 ,104.5,73.2,50.1,74.8,-7.88,13898.0,0.87,11,4,2015,0
2015-11-06,台北一,SE6 青蔥 粉蔥 ,116.0,80.6,58.3,83.2,11.23,11089.0,-20.21,11,5,2015,0
2015-11-07,台北一,SE6 青蔥 粉蔥 ,113.7,72.1,31.7,72.4,-12.98,15226.0,37.31,11,6,2015,0
2015-11-08,台北一,SE6 青蔥 粉蔥 ,122.2,80.7,58.7,84.6,16.85,12506.0,-17.86,11,7,2015,0
2015-11-09,台北一,SE6 青蔥 粉蔥 ,,,,,,,,11,1,2015,1
2015-11-10,台北一,SE6 青蔥 粉蔥 ,128.5,83.4,62.7,88.3,4.37,11803.0,-5.62,11,2,2015,0
2015-11-11,台北一,SE6 青蔥 粉蔥 ,112.9,80.0,55.4,81.7,-7.47,11125.0,-5.74,11,3,2015,0
2015-11-12,台北一,SE6 青蔥 粉蔥 ,119.1,87.3,61.3,88.5,8.32,9697.0,-12.84,11,4,2015,0
2015-11-13,台北一,SE6 青蔥 粉蔥 ,122.4,88.2,66.4,90.7,2.49,9135.0,-5.8,11,5,2015,0
2015-11-14,台北一,SE6 青蔥 粉蔥 ,115.7,87.7,61.2,88.0,-2.98,10172.0,11.35,11,6,2015,0
2015-11-15,台北一,SE6 青蔥 粉蔥 ,116.4,84.6,59.2,85.8,-2.5,9074.0,-10.79,11,7,2015,0
2015-11-16,台北一,SE6 青蔥 粉蔥 ,,,,,,,,11,1,2015,1
2015-11-17,台北一,SE6 青蔥 粉蔥 ,113.0,80.8,57.3,82.5,-3.85,9819.0,8.21,11,2,2015,0
2015-11-18,台北一,SE6 青蔥 粉蔥 ,109.2,73.2,49.0,75.6,-8.36,9315.0,-5.13,11,3,2015,0
2015-11-19,台北一,SE6 青蔥 粉蔥 ,106.2,75.7,46.0,75.8,0.26,8771.0,-5.84,11,4,2015,0
2015-11-20,台北一,SE6 青蔥 粉蔥 ,112.4,76.2,48.1,77.8,2.64,8525.0,-2.8,11,5,2015,0
2015-11-21,台北一,SE6 青蔥 粉蔥 ,143.3,88.0,58.6,93.2,19.79,8408.0,-1.37,11,6,2015,0
2015-11-22,台北一,SE6 青蔥 粉蔥 ,162.7,102.1,70.2,107.8,15.67,9436.0,12.23,11,7,2015,0
2015-11-23,台北一,SE6 青蔥 粉蔥 ,,,,,,,,11,1,2015,1
2015-11-24,台北一,SE6 青蔥 粉蔥 ,120.2,88.6,66.9,90.6,-15.96,11248.0,19.2,11,2,2015,0
2015-11-25,台北一,SE6 青蔥 粉蔥 ,98.7,70.7,54.0,72.9,-19.54,10290.0,-8.52,11,3,2015,0
2015-11-26,台北一,SE6 青蔥 粉蔥 ,98.7,75.3,57.3,76.4,4.8,8095.0,-21.33,11,4,2015,0
2015-11-27,台北一,SE6 青蔥 粉蔥 ,127.8,97.2,70.3,97.9,28.14,7669.0,-5.26,11,5,2015,0
2015-11-28,台北一,SE6 青蔥 粉蔥 ,123.6,90.0,71.1,93.0,-5.01,9507.0,23.97,11,6,2015,0
2015-11-29,台北一,SE6 青蔥 粉蔥 ,126.4,89.6,62.9,91.6,-1.51,9288.0,-2.3,11,7,2015,0
2015-11-30,台北一,SE6 青蔥 粉蔥 ,,,,,,,,11,1,2015,1
2015-12-01,台北一,SE6 青蔥 粉蔥 ,123.9,92.6,66.6,93.7,2.29,8189.0,-11.83,12,2,2015,0
2015-12-02,台北一,SE6 青蔥 粉蔥 ,129.5,95.7,67.7,96.8,3.31,6830.0,-16.6,12,3,2015,0
2015-12-03,台北一,SE6 青蔥 粉蔥 ,130.0,102.3,71.8,101.7,5.06,6932.0,1.49,12,4,2015,0
2015-12-04,台北一,SE6 青蔥 粉蔥 ,113.6,91.9,71.2,92.1,-9.44,9042.0,30.44,12,5,2015,0
2015-12-05,台北一,SE6 青蔥 粉蔥 ,116.8,96.3,74.6,96.1,4.34,9365.0,3.57,12,6,2015,0
2015-12-06,台北一,SE6 青蔥 粉蔥 ,109.5,93.1,68.0,91.4,-4.89,9473.0,1.15,12,7,2015,0
2015-12-07,台北一,SE6 青蔥 粉蔥 ,,,,,,,,12,1,2015,1
2015-12-08,台北一,SE6 青蔥 粉蔥 ,109.7,90.3,73.5,90.8,-0.66,9062.0,-4.34,12,2,2015,0
2015-12-09,台北一,SE6 青蔥 粉蔥 ,104.5,84.4,67.9,85.1,-6.28,9667.0,6.68,12,3,2015,0
2015-12-10,台北一,SE6 青蔥 粉蔥 ,105.5,86.2,61.4,85.1,0.0,9189.0,-4.94,12,4,2015,0
2015-12-11,台北一,SE6 青蔥 粉蔥 ,112.8,96.3,73.1,95.0,11.63,9351.0,1.76,12,5,2015,0
2015-12-12,台北一,SE6 青蔥 粉蔥 ,112.6,97.8,80.1,97.2,2.32,11035.0,18.01,12,6,2015,0
2015-12-13,台北一,SE6 青蔥 粉蔥 ,106.6,92.2,78.0,92.2,-5.14,12145.0,10.06,12,7,2015,0
2015-12-14,台北一,SE6 青蔥 粉蔥 ,,,,,,,,12,1,2015,1
2015-12-15,台北一,SE6 青蔥 粉蔥 ,111.4,91.8,77.2,92.8,0.65,9779.0,-19.48,12,2,2015,0
2015-12-16,台北一,SE6 青蔥 粉蔥 ,110.1,89.9,76.1,91.2,-1.72,11946.0,22.16,12,3,2015,0
2015-12-17,台北一,SE6 青蔥 粉蔥 ,110.2,90.0,74.9,91.0,-0.22,11735.0,-1.77,12,4,2015,0
2015-12-18,台北一,SE6 青蔥 粉蔥 ,108.2,93.4,82.8,94.3,3.63,11614.0,-1.03,12,5,2015,0
2015-12-19,台北一,SE6 青蔥 粉蔥 ,109.6,92.2,80.9,93.4,-0.95,12682.0,9.2,12,6,2015,0
2015-12-20,台北一,SE6 青蔥 粉蔥 ,118.5,94.5,80.6,96.5,3.32,12869.0,1.47,12,7,2015,0
2015-12-21,台北一,SE6 青蔥 粉蔥 ,,,,,,,,12,1,2015,1
2015-12-22,台北一,SE6 青蔥 粉蔥 ,116.1,95.2,81.9,96.7,0.21,13813.0,7.34,12,2,2015,0
2015-12-23,台北一,SE6 青蔥 粉蔥 ,117.7,97.6,86.6,99.4,2.79,9040.0,-34.55,12,3,2015,0
2015-12-24,台北一,SE6 青蔥 粉蔥 ,108.9,93.1,80.8,93.8,-5.63,11441.0,26.56,12,4,2015,0
2015-12-25,台北一,SE6 青蔥 粉蔥 ,113.9,92.6,78.0,93.9,0.11,11871.0,3.76,12,5,2015,0
2015-12-26,台北一,SE6 青蔥 粉蔥 ,112.8,93.6,85.8,95.9,2.13,14069.0,18.52,12,6,2015,0
2015-12-27,台北一,SE6 青蔥 粉蔥 ,106.6,93.4,80.9,93.5,-2.5,14158.0,0.63,12,7,2015,0
2015-12-28,台北一,SE6 青蔥 粉蔥 ,,,,,,,,12,1,2015,1
2015-12-29,台北一,SE6 青蔥 粉蔥 ,115.0,99.2,83.3,99.1,5.99,12802.0,-9.58,12,2,2015,0
2015-12-30,台北一,SE6 青蔥 粉蔥 ,114.6,98.4,85.6,99.1,0.0,12168.0,-4.95,12,3,2015,0
2015-12-31,台北一,SE6 青蔥 粉蔥 ,110.4,96.3,83.6,96.6,-2.52,13881.0,14.08,12,4,2015,0
2016-01-01,台北一,SE6 青蔥 粉蔥 ,115.4,101.4,88.8,101.7,5.28,13893.0,0.09,1,5,2016,0
2016-01-02,台北一,SE6 青蔥 粉蔥 ,114.6,102.6,91.0,102.7,0.98,13171.0,-5.2,1,6,2016,0
2016-01-03,台北一,SE6 青蔥 粉蔥 ,126.6,110.4,96.0,110.7,7.79,14706.0,11.65,1,7,2016,0
2016-01-04,台北一,SE6 青蔥 粉蔥 ,,,,,,,,1,1,2016,1
2016-01-05,台北一,SE6 青蔥 粉蔥 ,154.7,135.9,111.6,134.8,21.77,12958.0,-11.89,1,2,2016,0
2016-01-06,台北一,SE6 青蔥 粉蔥 ,116.3,101.7,86.6,101.6,-24.63,17874.0,37.94,1,3,2016,0
2016-01-07,台北一,SE6 青蔥 粉蔥 ,116.8,101.0,75.3,99.0,-2.56,14844.0,-16.95,1,4,2016,0
2016-01-08,台北一,SE6 青蔥 粉蔥 ,121.6,107.9,83.6,105.8,6.87,14427.0,-2.81,1,5,2016,0
2016-01-09,台北一,SE6 青蔥 粉蔥 ,120.6,105.9,88.0,105.2,-0.57,17773.0,23.19,1,6,2016,0
2016-01-10,台北一,SE6 青蔥 粉蔥 ,123.1,111.5,95.5,110.6,5.13,18143.0,2.08,1,7,2016,0
2016-01-11,台北一,SE6 青蔥 粉蔥 ,,,,,,,,1,1,2016,1
2016-01-12,台北一,SE6 青蔥 粉蔥 ,124.2,112.5,95.5,111.5,0.81,17942.0,-1.11,1,2,2016,0
2016-01-13,台北一,SE6 青蔥 粉蔥 ,123.5,112.6,88.4,110.0,-1.35,14888.0,-17.02,1,3,2016,0
2016-01-14,台北一,SE6 青蔥 粉蔥 ,124.1,111.8,91.2,110.2,0.18,17162.0,15.27,1,4,2016,0
2016-01-15,台北一,SE6 青蔥 粉蔥 ,120.5,105.1,84.8,104.1,-5.54,20231.0,17.88,1,5,2016,0
2016-01-16,台北一,SE6 青蔥 粉蔥 ,115.4,98.3,83.7,98.8,-5.09,19641.0,-2.92,1,6,2016,0
2016-01-17,台北一,SE6 青蔥 粉蔥 ,110.6,93.4,74.0,92.9,-5.97,20523.0,4.49,1,7,2016,0
2016-01-18,台北一,SE6 青蔥 粉蔥 ,,,,,,,,1,1,2016,1
2016-01-19,台北一,SE6 青蔥 粉蔥 ,113.9,98.9,81.7,98.4,5.92,20930.0,1.98,1,2,2016,0
2016-01-20,台北一,SE6 青蔥 粉蔥 ,116.0,102.2,82.8,101.1,2.74,18306.0,-12.54,1,3,2016,0
2016-01-21,台北一,SE6 青蔥 粉蔥 ,111.4,93.5,75.0,93.4,-7.62,20696.0,13.06,1,4,2016,0
2016-01-22,台北一,SE6 青蔥 粉蔥 ,109.9,97.5,84.6,97.4,4.28,20290.0,-1.96,1,5,2016,0
2016-01-23,台北一,SE6 青蔥 粉蔥 ,108.1,94.0,79.8,94.0,-3.49,22196.0,9.39,1,6,2016,0
2016-01-24,台北一,SE6 青蔥 粉蔥 ,111.2,95.7,81.4,95.9,2.02,19802.0,-10.79,1,7,2016,0
2016-01-25,台北一,SE6 青蔥 粉蔥 ,,,,,,,,1,1,2016,1
2016-01-26,台北一,SE6 青蔥 粉蔥 ,208.2,188.2,156.4,185.8,93.74,11780.0,-40.51,1,2,2016,0
2016-01-27,台北一,SE6 青蔥 粉蔥 ,148.7,128.6,100.4,127.0,-31.65,18837.0,59.91,1,3,2016,0
2016-01-28,台北一,SE6 青蔥 粉蔥 ,122.3,107.8,87.1,106.6,-16.06,21503.0,14.15,1,4,2016,0
2016-01-29,台北一,SE6 青蔥 粉蔥 ,120.9,103.5,74.9,101.3,-4.97,20160.0,-6.25,1,5,2016,0
2016-01-30,台北一,SE6 青蔥 粉蔥 ,115.4,91.2,62.4,90.3,-10.86,20912.0,3.73,1,6,2016,0
2016-01-31,台北一,SE6 青蔥 粉蔥 ,115.5,93.4,69.8,93.1,3.1,22741.0,8.75,1,7,2016,0
2016-02-01,台北一,SE6 青蔥 粉蔥 ,103.8,83.9,62.1,83.6,-10.2,17599.0,-22.61,2,1,2016,0
2016-02-02,台北一,SE6 青蔥 粉蔥 ,103.3,83.4,57.4,82.2,-1.67,23527.0,33.68,2,2,2016,0
2016-02-03,台北一,SE6 青蔥 粉蔥 ,113.7,89.2,65.0,89.3,8.64,23222.0,-1.3,2,3,2016,0
2016-02-04,台北一,SE6 青蔥 粉蔥 ,146.1,121.3,96.7,121.4,35.95,24629.0,6.06,2,4,2016,0
2016-02-05,台北一,SE6 青蔥 粉蔥 ,159.9,133.6,104.9,133.1,9.64,34204.0,38.88,2,5,2016,0
2016-02-06,台北一,SE6 青蔥 粉蔥 ,168.2,133.8,97.2,133.4,0.23,45453.0,32.89,2,6,2016,0
2016-02-07,台北一,SE6 青蔥 粉蔥 ,97.7,71.9,47.7,72.3,-45.8,25149.0,-44.67,2,7,2016,0
2016-02-08,台北一,SE6 青蔥 粉蔥 ,,,,,,,,2,1,2016,1
2016-02-09,台北一,SE6 青蔥 粉蔥 ,,,,,,,,2,2,2016,1
2016-02-10,台北一,SE6 青蔥 粉蔥 ,,,,,,,,2,3,2016,1
2016-02-11,台北一,SE6 青蔥 粉蔥 ,,,,,,,,2,4,2016,1
2016-02-12,台北一,SE6 青蔥 粉蔥 ,,,,,,,,2,5,2016,1
2016-02-13,台北一,SE6 青蔥 粉蔥 ,178.1,147.3,109.0,145.8,101.66,20038.0,-20.32,2,6,2016,0
2016-02-14,台北一,SE6 青蔥 粉蔥 ,309.9,250.8,187.7,250.0,71.47,20580.0,2.7,2,7,2016,0
2016-02-15,台北一,SE6 青蔥 粉蔥 ,,,,,,,,2,1,2016,1
2016-02-16,台北一,SE6 青蔥 粉蔥 ,,,,,,,,2,2,2016,1
2016-02-17,台北一,SE6 青蔥 粉蔥 ,148.2,124.9,93.4,123.2,-50.72,34561.0,67.93,2,3,2016,0
2016-02-18,台北一,SE6 青蔥 粉蔥 ,120.2,103.9,81.3,102.6,-16.72,23614.0,-31.67,2,4,2016,0
2016-02-19,台北一,SE6 青蔥 粉蔥 ,129.6,104.5,72.4,103.1,0.49,19980.0,-15.39,2,5,2016,0
2016-02-20,台北一,SE6 青蔥 粉蔥 ,137.9,116.1,84.2,114.0,10.57,27301.0,36.64,2,6,2016,0
2016-02-21,台北一,SE6 青蔥 粉蔥 ,98.0,72.3,38.8,70.8,-37.89,45569.0,66.91,2,7,2016,0
2016-02-22,台北一,SE6 青蔥 粉蔥 ,,,,,,,,2,1,2016,1
2016-02-23,台北一,SE6 青蔥 粉蔥 ,,,,,,,,2,2,2016,1
2016-02-24,台北一,SE6 青蔥 粉蔥 ,,,,,,,,2,3,2016,1
2016-02-25,台北一,SE6 青蔥 粉蔥 ,116.7,101.3,75.5,99.2,40.11,21680.0,-52.42,2,4,2016,0
2016-02-26,台北一,SE6 青蔥 粉蔥 ,112.1,95.8,74.5,94.8,-4.44,18216.0,-15.98,2,5,2016,0
2016-02-27,台北一,SE6 青蔥 粉蔥 ,115.0,93.8,69.4,93.2,-1.69,20005.0,9.82,2,6,2016,0
2016-02-28,台北一,SE6 青蔥 粉蔥 ,108.1,88.7,63.1,87.5,-6.12,21394.0,6.94,2,7,2016,0
2016-02-29,台北一,SE6 青蔥 粉蔥 ,,,,,,,,2,1,2016,1
2016-03-01,台北一,SE6 青蔥 粉蔥 ,124.1,101.7,76.7,101.2,15.66,20022.0,-6.41,3,2,2016,0
2016-03-02,台北一,SE6 青蔥 粉蔥 ,116.0,97.0,78.2,97.1,-4.05,17894.0,-10.63,3,3,2016,0
2016-03-03,台北一,SE6 青蔥 粉蔥 ,109.4,91.6,73.7,91.6,-5.66,18545.0,3.64,3,4,2016,0
2016-03-04,台北一,SE6 青蔥 粉蔥 ,105.7,89.3,69.4,88.6,-3.28,19570.0,5.53,3,5,2016,0
2016-03-05,台北一,SE6 青蔥 粉蔥 ,109.6,90.0,69.9,89.9,1.47,21276.0,8.72,3,6,2016,0
2016-03-06,台北一,SE6 青蔥 粉蔥 ,105.4,87.2,67.6,86.9,-3.34,23940.0,12.52,3,7,2016,0
2016-03-07,台北一,SE6 青蔥 粉蔥 ,,,,,,,,3,1,2016,1
2016-03-08,台北一,SE6 青蔥 粉蔥 ,100.3,84.3,65.1,83.7,-3.68,26525.0,10.8,3,2,2016,0
2016-03-09,台北一,SE6 青蔥 粉蔥 ,94.6,76.2,49.7,74.6,-10.87,25435.0,-4.11,3,3,2016,0
2016-03-10,台北一,SE6 青蔥 粉蔥 ,80.9,62.3,42.9,62.1,-16.76,21861.0,-14.05,3,4,2016,0
2016-03-11,台北一,SE6 青蔥 粉蔥 ,76.9,59.6,45.9,60.3,-2.9,19399.0,-11.26,3,5,2016,0
2016-03-12,台北一,SE6 青蔥 粉蔥 ,105.8,89.5,68.4,88.5,46.77,16190.0,-16.54,3,6,2016,0
2016-03-13,台北一,SE6 青蔥 粉蔥 ,104.9,82.4,66.5,83.7,-5.42,23249.0,43.6,3,7,2016,0
2016-03-14,台北一,SE6 青蔥 粉蔥 ,,,,,,,,3,1,2016,1
2016-03-15,台北一,SE6 青蔥 粉蔥 ,93.5,76.0,53.0,74.9,-10.51,32263.0,38.77,3,2,2016,0
2016-03-16,台北一,SE6 青蔥 粉蔥 ,79.4,61.3,40.0,60.6,-19.09,28787.0,-10.77,3,3,2016,0
2016-03-17,台北一,SE6 青蔥 粉蔥 ,81.3,62.6,44.4,62.7,3.47,22948.0,-20.28,3,4,2016,0
2016-03-18,台北一,SE6 青蔥 粉蔥 ,77.8,56.0,39.1,57.0,-9.09,28624.0,24.73,3,5,2016,0
2016-03-19,台北一,SE6 青蔥 粉蔥 ,78.9,55.1,35.8,56.0,-1.75,30277.0,5.77,3,6,2016,0
2016-03-20,台北一,SE6 青蔥 粉蔥 ,77.0,57.2,37.0,57.1,1.96,28943.0,-4.41,3,7,2016,0
2016-03-21,台北一,SE6 青蔥 粉蔥 ,,,,,,,,3,1,2016,1
2016-03-22,台北一,SE6 青蔥 粉蔥 ,75.8,55.9,38.1,56.3,-1.4,32035.0,10.68,3,2,2016,0
2016-03-23,台北一,SE6 青蔥 粉蔥 ,74.2,54.6,36.6,54.9,-2.49,26596.0,-16.98,3,3,2016,0
2016-03-24,台北一,SE6 青蔥 粉蔥 ,75.9,55.4,38.3,56.1,2.19,24556.0,-7.67,3,4,2016,0
2016-03-25,台北一,SE6 青蔥 粉蔥 ,75.7,56.8,39.0,57.0,1.6,24622.0,0.27,3,5,2016,0
2016-03-26,台北一,SE6 青蔥 粉蔥 ,83.8,63.2,44.3,63.5,11.4,24198.0,-1.72,3,6,2016,0
2016-03-27,台北一,SE6 青蔥 粉蔥 ,90.2,70.3,49.0,70.1,10.39,25391.0,4.93,3,7,2016,0
2016-03-28,台北一,SE6 青蔥 粉蔥 ,,,,,,,,3,1,2016,1
2016-03-29,台北一,SE6 青蔥 粉蔥 ,91.3,75.7,61.2,75.9,8.27,30148.0,18.73,3,2,2016,0
2016-03-30,台北一,SE6 青蔥 粉蔥 ,83.7,67.6,55.7,68.4,-9.88,27916.0,-7.4,3,3,2016,0
2016-03-31,台北一,SE6 青蔥 粉蔥 ,81.3,65.3,49.5,65.3,-4.53,26903.0,-3.63,3,4,2016,0
2016-04-01,台北一,SE6 青蔥 粉蔥 ,70.8,50.9,38.4,52.4,-19.75,36827.0,36.89,4,5,2016,0
2016-04-02,台北一,SE6 青蔥 粉蔥 ,76.8,49.7,30.3,51.2,-2.29,35549.0,-3.47,4,6,2016,0
2016-04-03,台北一,SE6 青蔥 粉蔥 ,69.5,45.6,27.6,46.8,-8.59,40739.0,14.6,4,7,2016,0
2016-04-04,台北一,SE6 青蔥 粉蔥 ,,,,,,,,4,1,2016,1
2016-04-05,台北一,SE6 青蔥 粉蔥 ,,,,,,,,4,2,2016,1
2016-04-06,台北一,SE6 青蔥 粉蔥 ,79.8,55.4,36.2,56.4,20.51,7229.0,-82.26,4,3,2016,0
2016-04-07,台北一,SE6 青蔥 粉蔥 ,65.1,46.0,32.2,47.0,-16.67,32029.0,343.06,4,4,2016,0
2016-04-08,台北一,SE6 青蔥 粉蔥 ,57.1,40.7,22.5,40.3,-14.26,29816.0,-6.91,4,5,2016,0
2016-04-09,台北一,SE6 青蔥 粉蔥 ,54.7,37.0,22.1,37.5,-6.95,32526.0,9.09,4,6,2016,0
2016-04-10,台北一,SE6 青蔥 粉蔥 ,50.9,33.0,18.3,33.7,-10.13,36979.0,13.69,4,7,2016,0
2016-04-11,台北一,SE6 青蔥 粉蔥 ,,,,,,,,4,1,2016,1
2016-04-12,台北一,SE6 青蔥 粉蔥 ,48.6,33.6,19.2,33.7,0.0,34156.0,-7.63,4,2,2016,0
2016-04-13,台北一,SE6 青蔥 粉蔥 ,44.7,30.8,14.9,30.4,-9.79,28844.0,-15.55,4,3,2016,0
2016-04-14,台北一,SE6 青蔥 粉蔥 ,42.2,28.6,13.4,28.3,-6.91,26328.0,-8.72,4,4,2016,0
2016-04-15,台北一,SE6 青蔥 粉蔥 ,45.1,32.2,17.3,31.8,12.37,21329.0,-18.99,4,5,2016,0
2016-04-16,台北一,SE6 青蔥 粉蔥 ,45.6,31.8,21.1,32.5,2.2,25450.0,19.32,4,6,2016,0
2016-04-17,台北一,SE6 青蔥 粉蔥 ,53.5,37.8,25.1,38.4,18.15,24888.0,-2.21,4,7,2016,0
2016-04-18,台北一,SE6 青蔥 粉蔥 ,,,,,,,,4,1,2016,1
2016-04-19,台北一,SE6 青蔥 粉蔥 ,58.3,47.3,34.8,47.0,22.4,24296.0,-2.38,4,2,2016,0
2016-04-20,台北一,SE6 青蔥 粉蔥 ,55.3,43.1,31.3,43.2,-8.09,27521.0,13.27,4,3,2016,0
2016-04-21,台北一,SE6 青蔥 粉蔥 ,51.2,39.0,28.3,39.3,-9.03,26245.0,-4.64,4,4,2016,0
2016-04-22,台北一,SE6 青蔥 粉蔥 ,51.3,37.2,24.1,37.4,-4.83,28493.0,8.57,4,5,2016,0
2016-04-23,台北一,SE6 青蔥 粉蔥 ,49.2,33.0,18.6,33.3,-10.96,31943.0,12.11,4,6,2016,0
2016-04-24,台北一,SE6 青蔥 粉蔥 ,50.8,32.5,18.8,33.5,0.6,30114.0,-5.73,4,7,2016,0
2016-04-25,台北一,SE6 青蔥 粉蔥 ,,,,,,,,4,1,2016,1
2016-04-26,台北一,SE6 青蔥 粉蔥 ,48.8,32.1,21.2,33.2,-0.9,31196.0,3.59,4,2,2016,0
2016-04-27,台北一,SE6 青蔥 粉蔥 ,41.4,28.6,18.4,29.1,-12.35,29707.0,-4.77,4,3,2016,0
2016-04-28,台北一,SE6 青蔥 粉蔥 ,42.0,28.1,19.6,29.2,0.34,28032.0,-5.64,4,4,2016,0
2016-04-29,台北一,SE6 青蔥 粉蔥 ,42.5,27.7,17.9,28.7,-1.71,31463.0,12.24,4,5,2016,0
2016-04-30,台北一,SE6 青蔥 粉蔥 ,41.9,27.8,18.2,28.7,0.0,31384.0,-0.25,4,6,2016,0
2016-05-01,台北一,SE6 青蔥 粉蔥 ,41.5,27.5,17.4,28.3,-1.39,33762.0,7.58,5,7,2016,0
2016-05-02,台北一,SE6 青蔥 粉蔥 ,,,,,,,,5,1,2016,1
2016-05-03,台北一,SE6 青蔥 粉蔥 ,48.5,30.5,13.4,30.7,8.48,30682.0,-9.12,5,2,2016,0
2016-05-04,台北一,SE6 青蔥 粉蔥 ,43.5,29.6,14.6,29.4,-4.23,31866.0,3.86,5,3,2016,0
2016-05-05,台北一,SE6 青蔥 粉蔥 ,41.9,28.3,15.6,28.5,-3.06,29775.0,-6.56,5,4,2016,0
2016-05-06,台北一,SE6 青蔥 粉蔥 ,42.0,27.5,15.3,27.9,-2.11,29580.0,-0.65,5,5,2016,0
2016-05-07,台北一,SE6 青蔥 粉蔥 ,46.5,30.8,15.5,30.9,10.75,28117.0,-4.95,5,6,2016,0
2016-05-08,台北一,SE6 青蔥 粉蔥 ,44.2,30.5,18.3,30.8,-0.32,30855.0,9.74,5,7,2016,0
2016-05-09,台北一,SE6 青蔥 粉蔥 ,,,,,,,,5,1,2016,1
2016-05-10,台北一,SE6 青蔥 粉蔥 ,44.1,33.5,16.1,32.1,4.22,27074.0,-12.25,5,2,2016,0
2016-05-11,台北一,SE6 青蔥 粉蔥 ,39.8,28.0,17.0,28.2,-12.15,26551.0,-1.93,5,3,2016,0
2016-05-12,台北一,SE6 青蔥 粉蔥 ,38.5,28.4,18.2,28.4,0.71,25680.0,-3.28,5,4,2016,0
2016-05-13,台北一,SE6 青蔥 粉蔥 ,39.4,28.4,18.9,28.7,1.06,25433.0,-0.96,5,5,2016,0
2016-05-14,台北一,SE6 青蔥 粉蔥 ,39.5,28.2,19.6,28.8,0.35,28739.0,13.0,5,6,2016,0
2016-05-15,台北一,SE6 青蔥 粉蔥 ,38.7,25.8,16.7,26.5,-7.99,31602.0,9.96,5,7,2016,0
2016-05-16,台北一,SE6 青蔥 粉蔥 ,,,,,,,,5,1,2016,1
2016-05-17,台北一,SE6 青蔥 粉蔥 ,35.3,24.9,16.7,25.4,-4.15,31977.0,1.19,5,2,2016,0
2016-05-18,台北一,SE6 青蔥 粉蔥 ,33.8,23.9,15.8,24.3,-4.33,30129.0,-5.78,5,3,2016,0
2016-05-19,台北一,SE6 青蔥 粉蔥 ,32.3,23.1,15.3,23.4,-3.7,30512.0,1.27,5,4,2016,0
2016-05-20,台北一,SE6 青蔥 粉蔥 ,31.9,22.0,14.3,22.5,-3.85,30034.0,-1.57,5,5,2016,0
2016-05-21,台北一,SE6 青蔥 粉蔥 ,30.5,21.2,13.7,21.6,-4.0,31039.0,3.35,5,6,2016,0
2016-05-22,台北一,SE6 青蔥 粉蔥 ,33.4,22.6,15.5,23.3,7.87,28305.0,-8.81,5,7,2016,0
2016-05-23,台北一,SE6 青蔥 粉蔥 ,,,,,,,,5,1,2016,1
2016-05-24,台北一,SE6 青蔥 粉蔥 ,33.3,24.4,16.4,24.6,5.58,25780.0,-8.92,5,2,2016,0
2016-05-25,台北一,SE6 青蔥 粉蔥 ,33.4,24.3,16.7,24.6,0.0,26121.0,1.32,5,3,2016,0
2016-05-26,台北一,SE6 青蔥 粉蔥 ,31.6,22.4,16.0,23.0,-6.5,28743.0,10.04,5,4,2016,0
2016-05-27,台北一,SE6 青蔥 粉蔥 ,29.4,20.3,12.3,20.5,-10.87,31703.0,10.3,5,5,2016,0
2016-05-28,台北一,SE6 青蔥 粉蔥 ,30.2,20.6,13.4,21.1,2.93,29274.0,-7.66,5,6,2016,0
2016-05-29,台北一,SE6 青蔥 粉蔥 ,31.4,22.0,13.2,22.1,4.74,28203.0,-3.66,5,7,2016,0
2016-05-30,台北一,SE6 青蔥 粉蔥 ,,,,,,,,5,1,2016,1
2016-05-31,台北一,SE6 青蔥 粉蔥 ,35.3,26.8,19.5,27.1,22.62,23562.0,-16.46,5,2,2016,0
2016-06-01,台北一,SE6 青蔥 粉蔥 ,30.4,21.9,16.2,22.5,-16.97,25686.0,9.01,6,3,2016,0
2016-06-02,台北一,SE6 青蔥 粉蔥 ,28.9,20.3,14.4,20.8,-7.56,25166.0,-2.02,6,4,2016,0
2016-06-03,台北一,SE6 青蔥 粉蔥 ,28.3,20.1,13.7,20.5,-1.44,25014.0,-0.6,6,5,2016,0
2016-06-04,台北一,SE6 青蔥 粉蔥 ,28.6,22.2,15.6,22.2,8.29,24159.0,-3.42,6,6,2016,0
2016-06-05,台北一,SE6 青蔥 粉蔥 ,30.2,24.3,16.4,23.9,7.66,25480.0,5.47,6,7,2016,0
2016-06-06,台北一,SE6 青蔥 粉蔥 ,,,,,,,,6,1,2016,1
2016-06-07,台北一,SE6 青蔥 粉蔥 ,29.4,24.6,18.5,24.3,1.67,26909.0,5.61,6,2,2016,0
2016-06-08,台北一,SE6 青蔥 粉蔥 ,32.2,26.3,19.2,26.1,7.41,28499.0,5.91,6,3,2016,0
2016-06-09,台北一,SE6 青蔥 粉蔥 ,40.4,34.3,25.0,33.7,29.12,31426.0,10.27,6,4,2016,0
2016-06-10,台北一,SE6 青蔥 粉蔥 ,,,,,,,,6,5,2016,1
2016-06-11,台北一,SE6 青蔥 粉蔥 ,,,,,,,,6,6,2016,1
2016-06-12,台北一,SE6 青蔥 粉蔥 ,38.1,31.7,24.7,31.5,-6.53,32473.0,3.33,6,7,2016,0
2016-06-13,台北一,SE6 青蔥 粉蔥 ,,,,,,,,6,1,2016,1
2016-06-14,台北一,SE6 青蔥 粉蔥 ,29.8,22.4,16.1,22.6,-28.25,35448.0,9.16,6,2,2016,0
2016-06-15,台北一,SE6 青蔥 粉蔥 ,27.2,20.0,13.6,20.1,-11.06,26115.0,-26.33,6,3,2016,0
2016-06-16,台北一,SE6 青蔥 粉蔥 ,29.6,20.6,13.2,20.9,3.98,24282.0,-7.02,6,4,2016,0
2016-06-17,台北一,SE6 青蔥 粉蔥 ,30.1,21.6,15.3,22.1,5.74,23987.0,-1.21,6,5,2016,0
2016-06-18,台北一,SE6 青蔥 粉蔥 ,29.7,22.2,15.1,22.3,0.9,27136.0,13.13,6,6,2016,0
2016-06-19,台北一,SE6 青蔥 粉蔥 ,30.0,22.1,15.6,22.4,0.45,27805.0,2.47,6,7,2016,0
2016-06-20,台北一,SE6 青蔥 粉蔥 ,,,,,,,,6,1,2016,1
2016-06-21,台北一,SE6 青蔥 粉蔥 ,33.7,24.5,17.1,24.8,10.71,24098.0,-13.33,6,2,2016,0
2016-06-22,台北一,SE6 青蔥 粉蔥 ,34.5,24.6,17.3,25.1,1.21,20563.0,-14.67,6,3,2016,0
2016-06-23,台北一,SE6 青蔥 粉蔥 ,32.9,24.5,17.1,24.7,-1.59,20498.0,-0.32,6,4,2016,0
2016-06-24,台北一,SE6 青蔥 粉蔥 ,30.8,22.2,15.1,22.5,-8.91,25002.0,21.97,6,5,2016,0
2016-06-25,台北一,SE6 青蔥 粉蔥 ,30.2,22.7,15.7,22.8,1.33,25086.0,0.34,6,6,2016,0
2016-06-26,台北一,SE6 青蔥 粉蔥 ,31.2,21.7,14.8,22.2,-2.63,25018.0,-0.27,6,7,2016,0
2016-06-27,台北一,SE6 青蔥 粉蔥 ,,,,,,,,6,1,2016,1
2016-06-28,台北一,SE6 青蔥 粉蔥 ,28.2,20.9,15.6,21.3,-4.05,27071.0,8.21,6,2,2016,0
2016-06-29,台北一,SE6 青蔥 粉蔥 ,28.2,20.5,14.5,20.8,-2.35,23222.0,-14.22,6,3,2016,0
2016-06-30,台北一,SE6 青蔥 粉蔥 ,26.6,19.1,14.1,19.6,-5.77,23158.0,-0.28,6,4,2016,0
2016-07-01,台北一,SE6 青蔥 粉蔥 ,28.1,20.1,14.7,20.6,5.1,22238.0,-3.97,7,5,2016,0
2016-07-02,台北一,SE6 青蔥 粉蔥 ,28.6,21.5,15.8,21.8,5.83,24508.0,10.21,7,6,2016,0
2016-07-03,台北一,SE6 青蔥 粉蔥 ,30.2,22.4,17.2,22.9,5.05,24810.0,1.23,7,7,2016,0
2016-07-04,台北一,SE6 青蔥 粉蔥 ,,,,,,,,7,1,2016,1
2016-07-05,台北一,SE6 青蔥 粉蔥 ,40.3,32.3,22.9,32.0,39.74,22581.0,-8.98,7,2,2016,0
2016-07-06,台北一,SE6 青蔥 粉蔥 ,64.3,51.2,33.9,50.3,57.19,24887.0,10.21,7,3,2016,0
2016-07-07,台北一,SE6 青蔥 粉蔥 ,74.2,61.3,50.4,61.7,22.66,32814.0,31.85,7,4,2016,0
2016-07-08,台北一,SE6 青蔥 粉蔥 ,52.0,42.7,33.7,42.7,-30.79,31160.0,-5.04,7,5,2016,0
2016-07-09,台北一,SE6 青蔥 粉蔥 ,49.2,38.6,30.2,39.0,-8.67,24858.0,-20.22,7,6,2016,0
2016-07-10,台北一,SE6 青蔥 粉蔥 ,27.8,16.3,10.2,17.4,-55.38,36805.0,48.06,7,7,2016,0
2016-07-11,台北一,SE6 青蔥 粉蔥 ,,,,,,,,7,1,2016,1
2016-07-12,台北一,SE6 青蔥 粉蔥 ,23.2,15.5,9.7,15.9,-8.62,23188.0,-37.0,7,2,2016,0
2016-07-13,台北一,SE6 青蔥 粉蔥 ,27.3,19.3,13.6,19.8,24.53,17434.0,-24.81,7,3,2016,0
2016-07-14,台北一,SE6 青蔥 粉蔥 ,27.9,21.0,14.1,21.0,6.06,17528.0,0.54,7,4,2016,0
2016-07-15,台北一,SE6 青蔥 粉蔥 ,30.6,22.5,17.1,23.0,9.52,17123.0,-2.31,7,5,2016,0
2016-07-16,台北一,SE6 青蔥 粉蔥 ,29.3,23.0,18.6,23.4,1.74,19759.0,15.39,7,6,2016,0
2016-07-17,台北一,SE6 青蔥 粉蔥 ,41.7,33.4,24.7,33.3,42.31,17445.0,-11.71,7,7,2016,0
2016-07-18,台北一,SE6 青蔥 粉蔥 ,,,,,,,,7,1,2016,1
2016-07-19,台北一,SE6 青蔥 粉蔥 ,37.7,31.7,25.3,31.6,-5.11,25799.0,47.89,7,2,2016,0
2016-07-20,台北一,SE6 青蔥 粉蔥 ,36.0,29.6,23.2,29.6,-6.33,24475.0,-5.13,7,3,2016,0
2016-07-21,台北一,SE6 青蔥 粉蔥 ,34.1,27.4,20.8,27.4,-7.43,22416.0,-8.41,7,4,2016,0
2016-07-22,台北一,SE6 青蔥 粉蔥 ,32.6,27.2,20.9,27.0,-1.46,22290.0,-0.56,7,5,2016,0
2016-07-23,台北一,SE6 青蔥 粉蔥 ,34.1,27.2,20.5,27.3,1.11,22664.0,1.68,7,6,2016,0
2016-07-24,台北一,SE6 青蔥 粉蔥 ,32.1,25.6,19.3,25.6,-6.23,24992.0,10.27,7,7,2016,0
2016-07-25,台北一,SE6 青蔥 粉蔥 ,,,,,,,,7,1,2016,1
2016-07-26,台北一,SE6 青蔥 粉蔥 ,29.4,24.0,17.5,23.8,-7.03,26971.0,7.92,7,2,2016,0
2016-07-27,台北一,SE6 青蔥 粉蔥 ,31.6,25.4,19.1,25.4,6.72,19376.0,-28.16,7,3,2016,0
2016-07-28,台北一,SE6 青蔥 粉蔥 ,33.2,26.5,20.5,26.6,4.72,17597.0,-9.18,7,4,2016,0
2016-07-29,台北一,SE6 青蔥 粉蔥 ,33.7,26.5,19.9,26.6,0.0,18633.0,5.89,7,5,2016,0
2016-07-30,台北一,SE6 青蔥 粉蔥 ,33.2,26.3,20.3,26.5,-0.38,18886.0,1.36,7,6,2016,0
2016-07-31,台北一,SE6 青蔥 粉蔥 ,35.6,28.3,23.1,28.7,8.3,18728.0,-0.84,7,7,2016,0
2016-08-01,台北一,SE6 青蔥 粉蔥 ,,,,,,,,8,1,2016,1
2016-08-02,台北一,SE6 青蔥 粉蔥 ,35.5,29.5,24.2,29.7,3.48,17940.0,-4.21,8,2,2016,0
2016-08-03,台北一,SE6 青蔥 粉蔥 ,35.9,28.7,23.1,29.0,-2.36,17741.0,-1.11,8,3,2016,0
2016-08-04,台北一,SE6 青蔥 粉蔥 ,34.9,28.1,21.1,28.1,-3.1,18078.0,1.9,8,4,2016,0
2016-08-05,台北一,SE6 青蔥 粉蔥 ,32.7,26.9,19.8,26.6,-5.34,18717.0,3.53,8,5,2016,0
2016-08-06,台北一,SE6 青蔥 粉蔥 ,33.2,26.6,18.5,26.3,-1.13,19707.0,5.29,8,6,2016,0
2016-08-07,台北一,SE6 青蔥 粉蔥 ,33.6,26.9,19.8,26.9,2.28,21196.0,7.56,8,7,2016,0
2016-08-08,台北一,SE6 青蔥 粉蔥 ,,,,,,,,8,1,2016,1
2016-08-09,台北一,SE6 青蔥 粉蔥 ,38.8,32.3,23.6,31.8,18.22,17031.0,-19.65,8,2,2016,0
2016-08-10,台北一,SE6 青蔥 粉蔥 ,38.4,30.2,23.3,30.5,-4.09,16363.0,-3.92,8,3,2016,0
2016-08-11,台北一,SE6 青蔥 粉蔥 ,39.0,31.7,23.5,31.5,3.28,13849.0,-15.36,8,4,2016,0
2016-08-12,台北一,SE6 青蔥 粉蔥 ,40.8,31.8,23.6,32.0,1.59,14877.0,7.42,8,5,2016,0
2016-08-13,台北一,SE6 青蔥 粉蔥 ,42.5,34.6,26.9,34.6,8.13,15967.0,7.33,8,6,2016,0
2016-08-14,台北一,SE6 青蔥 粉蔥 ,42.3,35.7,28.3,35.5,2.6,17531.0,9.8,8,7,2016,0
2016-08-15,台北一,SE6 青蔥 粉蔥 ,,,,,,,,8,1,2016,1
2016-08-16,台北一,SE6 青蔥 粉蔥 ,54.2,43.2,30.5,42.9,20.85,22528.0,28.5,8,2,2016,0
2016-08-17,台北一,SE6 青蔥 粉蔥 ,73.8,62.7,47.5,61.9,44.29,21860.0,-2.97,8,3,2016,0
2016-08-18,台北一,SE6 青蔥 粉蔥 ,,,,,,,,8,4,2016,1
2016-08-19,台北一,SE6 青蔥 粉蔥 ,,,,,,,,8,5,2016,1
2016-08-20,台北一,SE6 青蔥 粉蔥 ,71.4,57.9,42.0,57.4,-7.27,20540.0,-6.04,8,6,2016,0
2016-08-21,台北一,SE6 青蔥 粉蔥 ,53.7,38.0,24.2,38.4,-33.1,22810.0,11.05,8,7,2016,0
2016-08-22,台北一,SE6 青蔥 粉蔥 ,,,,,,,,8,1,2016,1
2016-08-23,台北一,SE6 青蔥 粉蔥 ,56.5,45.8,32.2,45.2,17.71,17397.0,-23.73,8,2,2016,0
2016-08-24,台北一,SE6 青蔥 粉蔥 ,61.3,50.5,32.8,49.1,8.63,15031.0,-13.6,8,3,2016,0
2016-08-25,台北一,SE6 青蔥 粉蔥 ,57.0,43.9,32.3,44.2,-9.98,13949.0,-7.2,8,4,2016,0
2016-08-26,台北一,SE6 青蔥 粉蔥 ,58.6,46.4,32.5,46.1,4.3,13980.0,0.22,8,5,2016,0
2016-08-27,台北一,SE6 青蔥 粉蔥 ,55.9,46.3,28.5,44.7,-3.04,16396.0,17.28,8,6,2016,0
2016-08-28,台北一,SE6 青蔥 粉蔥 ,58.0,45.6,31.9,45.4,1.57,15127.0,-7.74,8,7,2016,0
2016-08-29,台北一,SE6 青蔥 粉蔥 ,,,,,,,,8,1,2016,1
2016-08-30,台北一,SE6 青蔥 粉蔥 ,61.1,49.8,35.8,49.3,8.59,14445.0,-4.51,8,2,2016,0
2016-08-31,台北一,SE6 青蔥 粉蔥 ,65.0,57.7,47.1,57.1,15.82,12074.0,-16.41,8,3,2016,0
2016-09-01,台北一,SE6 青蔥 粉蔥 ,65.5,59.1,41.3,56.8,-0.53,13150.0,8.91,9,4,2016,0
2016-09-02,台北一,SE6 青蔥 粉蔥 ,71.9,62.0,43.3,60.2,5.99,12028.0,-8.53,9,5,2016,0
2016-09-03,台北一,SE6 青蔥 粉蔥 ,66.9,59.6,43.9,57.9,-3.82,13232.0,10.01,9,6,2016,0
2016-09-04,台北一,SE6 青蔥 粉蔥 ,64.7,53.0,33.6,51.5,-11.05,14871.0,12.39,9,7,2016,0
2016-09-05,台北一,SE6 青蔥 粉蔥 ,,,,,,,,9,1,2016,1
2016-09-06,台北一,SE6 青蔥 粉蔥 ,66.6,54.5,34.0,52.8,2.52,15812.0,6.33,9,2,2016,0
2016-09-07,台北一,SE6 青蔥 粉蔥 ,65.1,51.5,27.9,49.5,-6.25,14839.0,-6.15,9,3,2016,0
2016-09-08,台北一,SE6 青蔥 粉蔥 ,68.2,55.9,33.7,53.9,8.89,12625.0,-14.92,9,4,2016,0
2016-09-09,台北一,SE6 青蔥 粉蔥 ,64.2,51.9,38.5,51.7,-4.08,14687.0,16.33,9,5,2016,0
2016-09-10,台北一,SE6 青蔥 粉蔥 ,60.0,47.4,34.8,47.4,-8.32,16996.0,15.72,9,6,2016,0
2016-09-11,台北一,SE6 青蔥 粉蔥 ,59.6,44.6,31.0,44.9,-5.27,15825.0,-6.89,9,7,2016,0
2016-09-12,台北一,SE6 青蔥 粉蔥 ,,,,,,,,9,1,2016,1
2016-09-13,台北一,SE6 青蔥 粉蔥 ,68.9,56.4,40.0,55.6,23.83,17724.0,12.0,9,2,2016,0
2016-09-14,台北一,SE6 青蔥 粉蔥 ,74.9,63.1,49.5,62.8,12.95,20781.0,17.25,9,3,2016,0
2016-09-15,台北一,SE6 青蔥 粉蔥 ,71.9,60.9,48.0,60.5,-3.66,23152.0,11.41,9,4,2016,0
2016-09-16,台北一,SE6 青蔥 粉蔥 ,,,,,,,,9,5,2016,1
2016-09-17,台北一,SE6 青蔥 粉蔥 ,,,,,,,,9,6,2016,1
2016-09-18,台北一,SE6 青蔥 粉蔥 ,72.8,61.2,48.8,61.1,0.99,10976.0,-52.59,9,7,2016,0
2016-09-19,台北一,SE6 青蔥 粉蔥 ,,,,,,,,9,1,2016,1
2016-09-20,台北一,SE6 青蔥 粉蔥 ,73.7,64.4,52.4,63.9,4.58,12290.0,11.97,9,2,2016,0
2016-09-21,台北一,SE6 青蔥 粉蔥 ,68.5,58.1,32.7,55.1,-13.77,12847.0,4.53,9,3,2016,0
2016-09-22,台北一,SE6 青蔥 粉蔥 ,68.8,58.7,44.7,57.9,5.08,11430.0,-11.03,9,4,2016,0
2016-09-23,台北一,SE6 青蔥 粉蔥 ,71.8,63.3,50.0,62.4,7.77,11429.0,-0.01,9,5,2016,0
2016-09-24,台北一,SE6 青蔥 粉蔥 ,83.1,71.0,59.0,71.1,13.94,11658.0,2.0,9,6,2016,0
2016-09-25,台北一,SE6 青蔥 粉蔥 ,104.7,90.8,74.6,90.3,27.0,15068.0,29.25,9,7,2016,0
2016-09-26,台北一,SE6 青蔥 粉蔥 ,,,,,,,,9,1,2016,1
2016-09-27,台北一,SE6 青蔥 粉蔥 ,95.6,76.6,60.8,77.2,-14.51,22436.0,48.9,9,2,2016,0
2016-09-28,台北一,SE6 青蔥 粉蔥 ,96.7,77.0,59.6,77.5,0.39,6538.0,-70.86,9,3,2016,0
2016-09-29,台北一,SE6 青蔥 粉蔥 ,157.0,126.8,78.1,123.1,58.84,4000.0,-38.82,9,4,2016,0
2016-09-30,台北一,SE6 青蔥 粉蔥 ,248.3,167.2,60.6,162.1,31.68,3963.0,-0.92,9,5,2016,0
2016-10-01,台北一,SE6 青蔥 粉蔥 ,241.4,171.0,101.9,171.3,5.68,8750.0,120.79,10,6,2016,0
2016-10-02,台北一,SE6 青蔥 粉蔥 ,249.7,160.8,90.7,164.6,-3.91,8038.0,-8.14,10,7,2016,0
2016-10-03,台北一,SE6 青蔥 粉蔥 ,,,,,,,,10,1,2016,1
2016-10-04,台北一,SE6 青蔥 粉蔥 ,309.5,249.5,143.9,240.4,46.05,9029.0,12.33,10,2,2016,0
2016-10-05,台北一,SE6 青蔥 粉蔥 ,247.1,189.9,116.4,186.6,-22.38,12300.0,36.23,10,3,2016,0
2016-10-06,台北一,SE6 青蔥 粉蔥 ,249.1,188.3,145.6,191.9,2.84,10470.0,-14.88,10,4,2016,0
2016-10-07,台北一,SE6 青蔥 粉蔥 ,245.8,178.5,123.0,180.8,-5.78,12426.0,18.68,10,5,2016,0
2016-10-08,台北一,SE6 青蔥 粉蔥 ,208.9,159.3,111.6,159.7,-11.67,14440.0,16.21,10,6,2016,0
2016-10-09,台北一,SE6 青蔥 粉蔥 ,207.3,153.7,86.6,151.0,-5.45,16435.0,13.82,10,7,2016,0
2016-10-10,台北一,SE6 青蔥 粉蔥 ,,,,,,,,10,1,2016,1
2016-10-11,台北一,SE6 青蔥 粉蔥 ,198.2,165.1,108.3,160.3,6.16,16230.0,-1.25,10,2,2016,0
2016-10-12,台北一,SE6 青蔥 粉蔥 ,161.9,129.6,76.7,125.5,-21.71,16142.0,-0.54,10,3,2016,0
2016-10-13,台北一,SE6 青蔥 粉蔥 ,158.3,115.6,67.9,114.6,-8.69,15941.0,-1.25,10,4,2016,0
2016-10-14,台北一,SE6 青蔥 粉蔥 ,149.8,117.1,81.0,116.5,1.66,15671.0,-1.69,10,5,2016,0
2016-10-15,台北一,SE6 青蔥 粉蔥 ,143.1,114.6,80.5,113.5,-2.58,16030.0,2.29,10,6,2016,0
2016-10-16,台北一,SE6 青蔥 粉蔥 ,159.5,123.8,75.7,121.3,6.87,14414.0,-10.08,10,7,2016,0
2016-10-17,台北一,SE6 青蔥 粉蔥 ,,,,,,,,10,1,2016,1
2016-10-18,台北一,SE6 青蔥 粉蔥 ,155.5,122.1,77.8,119.9,-1.15,17688.0,22.71,10,2,2016,0
2016-10-19,台北一,SE6 青蔥 粉蔥 ,148.5,117.3,81.3,116.4,-2.92,15686.0,-11.32,10,3,2016,0
2016-10-20,台北一,SE6 青蔥 粉蔥 ,149.2,115.4,78.6,114.8,-1.37,15808.0,0.78,10,4,2016,0
2016-10-21,台北一,SE6 青蔥 粉蔥 ,139.5,99.3,60.8,99.6,-13.24,18281.0,15.64,10,5,2016,0
2016-10-22,台北一,SE6 青蔥 粉蔥 ,131.0,94.0,57.0,94.0,-5.62,18591.0,1.7,10,6,2016,0
2016-10-23,台北一,SE6 青蔥 粉蔥 ,141.6,86.8,49.2,90.2,-4.04,19743.0,6.2,10,7,2016,0
2016-10-24,台北一,SE6 青蔥 粉蔥 ,,,,,,,,10,1,2016,1
2016-10-25,台北一,SE6 青蔥 粉蔥 ,125.4,79.4,43.4,81.4,-9.76,19282.0,-2.34,10,2,2016,0
2016-10-26,台北一,SE6 青蔥 粉蔥 ,122.3,84.2,59.4,86.9,6.76,16129.0,-16.35,10,3,2016,0
2016-10-27,台北一,SE6 青蔥 粉蔥 ,133.6,92.7,65.3,95.4,9.78,16154.0,0.16,10,4,2016,0
2016-10-28,台北一,SE6 青蔥 粉蔥 ,121.9,91.7,67.2,92.8,-2.73,17212.0,6.55,10,5,2016,0
2016-10-29,台北一,SE6 青蔥 粉蔥 ,115.9,85.5,58.0,86.1,-7.22,20272.0,17.78,10,6,2016,0
2016-10-30,台北一,SE6 青蔥 粉蔥 ,125.7,91.6,60.7,92.3,7.2,18030.0,-11.06,10,7,2016,0
2016-10-31,台北一,SE6 青蔥 粉蔥 ,,,,,,,,10,1,2016,1
2016-11-01,台北一,SE6 青蔥 粉蔥 ,125.6,102.3,70.7,100.6,8.99,18562.0,2.95,11,2,2016,0
2016-11-02,台北一,SE6 青蔥 粉蔥 ,124.0,100.6,79.8,101.1,0.5,15538.0,-16.29,11,3,2016,0
2016-11-03,台北一,SE6 青蔥 粉蔥 ,121.3,102.9,84.0,102.8,1.68,15479.0,-0.38,11,4,2016,0
2016-11-04,台北一,SE6 青蔥 粉蔥 ,121.9,100.3,82.8,101.1,-1.65,16033.0,3.58,11,5,2016,0
2016-11-05,台北一,SE6 青蔥 粉蔥 ,119.1,97.8,81.6,98.8,-2.27,17052.0,6.36,11,6,2016,0
2016-11-06,台北一,SE6 青蔥 粉蔥 ,127.7,110.1,92.7,110.1,11.44,13684.0,-19.75,11,7,2016,0
2016-11-07,台北一,SE6 青蔥 粉蔥 ,,,,,,,,11,1,2016,1
2016-11-08,台北一,SE6 青蔥 粉蔥 ,122.7,103.1,83.3,103.1,-6.36,17553.0,28.27,11,2,2016,0
2016-11-09,台北一,SE6 青蔥 粉蔥 ,111.9,90.4,68.4,90.3,-12.42,16023.0,-8.72,11,3,2016,0
2016-11-10,台北一,SE6 青蔥 粉蔥 ,112.3,92.2,70.0,91.8,1.66,14420.0,-10.0,11,4,2016,0
2016-11-11,台北一,SE6 青蔥 粉蔥 ,123.5,97.8,77.0,98.8,7.63,12964.0,-10.1,11,5,2016,0
2016-11-12,台北一,SE6 青蔥 粉蔥 ,121.5,99.7,80.3,100.2,1.42,15605.0,20.37,11,6,2016,0
2016-11-13,台北一,SE6 青蔥 粉蔥 ,129.0,104.9,81.3,105.0,4.79,14557.0,-6.72,11,7,2016,0
2016-11-14,台北一,SE6 青蔥 粉蔥 ,,,,,,,,11,1,2016,1
2016-11-15,台北一,SE6 青蔥 粉蔥 ,114.9,93.5,72.0,93.5,-10.95,19671.0,35.13,11,2,2016,0
2016-11-16,台北一,SE6 青蔥 粉蔥 ,111.2,88.5,66.6,88.7,-5.13,17332.0,-11.89,11,3,2016,0
2016-11-17,台北一,SE6 青蔥 粉蔥 ,103.1,77.8,52.1,77.7,-12.4,18010.0,3.91,11,4,2016,0
2016-11-18,台北一,SE6 青蔥 粉蔥 ,98.6,71.0,49.0,72.1,-7.21,17348.0,-3.68,11,5,2016,0
2016-11-19,台北一,SE6 青蔥 粉蔥 ,104.6,77.5,55.7,78.5,8.88,18477.0,6.51,11,6,2016,0
2016-11-20,台北一,SE6 青蔥 粉蔥 ,111.4,79.4,53.8,80.7,2.8,18645.0,0.91,11,7,2016,0
2016-11-21,台北一,SE6 青蔥 粉蔥 ,,,,,,,,11,1,2016,1
2016-11-22,台北一,SE6 青蔥 粉蔥 ,112.3,82.3,57.3,83.3,3.22,18063.0,-3.12,11,2,2016,0
2016-11-23,台北一,SE6 青蔥 粉蔥 ,103.8,77.2,56.5,78.4,-5.88,16183.0,-10.41,11,3,2016,0
2016-11-24,台北一,SE6 青蔥 粉蔥 ,111.2,81.8,59.3,83.1,5.99,14955.0,-7.59,11,4,2016,0
2016-11-25,台北一,SE6 青蔥 粉蔥 ,107.3,80.4,62.0,82.1,-1.2,19736.0,31.97,11,5,2016,0
2016-11-26,台北一,SE6 青蔥 粉蔥 ,99.7,82.6,65.1,82.5,0.49,21325.0,8.05,11,6,2016,0
2016-11-27,台北一,SE6 青蔥 粉蔥 ,90.8,72.8,52.2,72.3,-12.36,23818.0,11.69,11,7,2016,0
2016-11-28,台北一,SE6 青蔥 粉蔥 ,,,,,,,,11,1,2016,1
2016-11-29,台北一,SE6 青蔥 粉蔥 ,88.5,69.8,57.4,71.1,-1.66,19987.0,-16.08,11,2,2016,0
2016-11-30,台北一,SE6 青蔥 粉蔥 ,83.4,66.4,51.7,66.9,-5.91,19167.0,-4.1,11,3,2016,0
2016-12-01,台北一,SE6 青蔥 粉蔥 ,82.4,66.2,50.2,66.3,-0.9,18602.0,-2.95,12,4,2016,0
2016-12-02,台北一,SE6 青蔥 粉蔥 ,84.1,68.1,50.0,67.7,2.11,17466.0,-6.11,12,5,2016,0
2016-12-03,台北一,SE6 青蔥 粉蔥 ,79.0,61.2,45.8,61.7,-8.86,21691.0,24.19,12,6,2016,0
2016-12-04,台北一,SE6 青蔥 粉蔥 ,84.0,63.3,45.4,63.9,3.57,20899.0,-3.65,12,7,2016,0
2016-12-05,台北一,SE6 青蔥 粉蔥 ,,,,,,,,12,1,2016,1
2016-12-06,台北一,SE6 青蔥 粉蔥 ,82.6,63.0,47.0,63.7,-0.31,21459.0,2.68,12,2,2016,0
2016-12-07,台北一,SE6 青蔥 粉蔥 ,86.6,63.9,47.8,65.2,2.35,19050.0,-11.23,12,3,2016,0
2016-12-08,台北一,SE6 青蔥 粉蔥 ,86.6,65.3,48.6,66.2,1.53,17727.0,-6.94,12,4,2016,0
2016-12-09,台北一,SE6 青蔥 粉蔥 ,86.7,63.4,50.5,65.5,-1.06,16581.0,-6.46,12,5,2016,0
2016-12-10,台北一,SE6 青蔥 粉蔥 ,82.1,65.0,49.7,65.3,-0.31,18295.0,10.34,12,6,2016,0
2016-12-11,台北一,SE6 青蔥 粉蔥 ,85.2,64.0,46.8,64.8,-0.77,17903.0,-2.14,12,7,2016,0
2016-12-12,台北一,SE6 青蔥 粉蔥 ,,,,,,,,12,1,2016,1
2016-12-13,台北一,SE6 青蔥 粉蔥 ,82.6,61.6,48.1,63.1,-2.62,20155.0,12.58,12,2,2016,0
2016-12-14,台北一,SE6 青蔥 粉蔥 ,76.8,58.6,42.8,59.1,-6.34,19300.0,-4.24,12,3,2016,0
2016-12-15,台北一,SE6 青蔥 粉蔥 ,74.8,57.3,40.4,57.4,-2.88,17579.0,-8.92,12,4,2016,0
2016-12-16,台北一,SE6 青蔥 粉蔥 ,75.2,56.5,39.2,56.8,-1.05,18527.0,5.39,12,5,2016,0
2016-12-17,台北一,SE6 青蔥 粉蔥 ,73.7,60.1,41.9,59.1,4.05,19696.0,6.31,12,6,2016,0
2016-12-18,台北一,SE6 青蔥 粉蔥 ,75.1,61.1,40.4,59.7,1.02,20792.0,5.56,12,7,2016,0
2016-12-19,台北一,SE6 青蔥 粉蔥 ,,,,,,,,12,1,2016,1
2016-12-20,台北一,SE6 青蔥 粉蔥 ,74.9,63.0,45.9,62.0,3.85,21886.0,5.26,12,2,2016,0
2016-12-21,台北一,SE6 青蔥 粉蔥 ,83.4,66.3,48.7,66.2,6.77,18903.0,-13.63,12,3,2016,0
2016-12-22,台北一,SE6 青蔥 粉蔥 ,87.8,67.3,46.4,67.3,1.66,15424.0,-18.4,12,4,2016,0
2016-12-23,台北一,SE6 青蔥 粉蔥 ,75.7,56.1,39.8,56.7,-15.75,22338.0,44.83,12,5,2016,0
2016-12-24,台北一,SE6 青蔥 粉蔥 ,63.1,46.2,30.4,46.4,-18.17,23989.0,7.39,12,6,2016,0
2016-12-25,台北一,SE6 青蔥 粉蔥 ,65.1,46.9,33.5,47.9,3.23,21965.0,-8.44,12,7,2016,0
2016-12-26,台北一,SE6 青蔥 粉蔥 ,,,,,,,,12,1,2016,1
2016-12-27,台北一,SE6 青蔥 粉蔥 ,63.2,48.0,33.4,48.1,0.42,22195.0,1.05,12,2,2016,0
2016-12-28,台北一,SE6 青蔥 粉蔥 ,60.0,44.2,28.8,44.3,-7.9,22116.0,-0.36,12,3,2016,0
2016-12-29,台北一,SE6 青蔥 粉蔥 ,60.6,45.8,31.8,46.0,3.84,19898.0,-10.03,12,4,2016,0
2016-12-30,台北一,SE6 青蔥 粉蔥 ,64.1,48.9,37.4,49.7,8.04,20506.0,3.06,12,5,2016,0
2016-12-31,台北一,SE6 青蔥 粉蔥 ,56.5,44.9,30.7,44.4,-10.66,25986.0,26.72,12,6,2016,0
2017-01-01,台北一,SE6 青蔥 粉蔥 ,60.9,45.7,30.1,45.6,2.7,26800.0,3.13,1,7,2017,0
2017-01-02,台北一,SE6 青蔥 粉蔥 ,,,,,,,,1,1,2017,1
2017-01-03,台北一,SE6 青蔥 粉蔥 ,59.0,42.6,26.7,42.7,-6.36,26821.0,0.08,1,2,2017,0
2017-01-04,台北一,SE6 青蔥 粉蔥 ,61.9,40.3,23.1,41.2,-3.51,25133.0,-6.29,1,3,2017,0
2017-01-05,台北一,SE6 青蔥 粉蔥 ,54.5,35.3,20.3,36.2,-12.14,26697.0,6.22,1,4,2017,0
2017-01-06,台北一,SE6 青蔥 粉蔥 ,56.4,36.0,20.6,37.0,2.21,24059.0,-9.88,1,5,2017,0
2017-01-07,台北一,SE6 青蔥 粉蔥 ,50.3,33.7,21.0,34.5,-6.76,28670.0,19.17,1,6,2017,0
2017-01-08,台北一,SE6 青蔥 粉蔥 ,43.8,30.4,16.6,30.3,-12.17,29306.0,2.22,1,7,2017,0
2017-01-09,台北一,SE6 青蔥 粉蔥 ,,,,,,,,1,1,2017,1
2017-01-10,台北一,SE6 青蔥 粉蔥 ,43.5,29.2,17.9,29.8,-1.65,32176.0,9.79,1,2,2017,0
2017-01-11,台北一,SE6 青蔥 粉蔥 ,45.4,30.2,20.6,31.3,5.03,27981.0,-13.04,1,3,2017,0
2017-01-12,台北一,SE6 青蔥 粉蔥 ,39.3,27.5,17.5,27.8,-11.18,29274.0,4.62,1,4,2017,0
2017-01-13,台北一,SE6 青蔥 粉蔥 ,41.5,28.0,15.6,28.2,1.44,26881.0,-8.17,1,5,2017,0
2017-01-14,台北一,SE6 青蔥 粉蔥 ,38.7,27.9,16.7,27.8,-1.42,27537.0,2.44,1,6,2017,0
2017-01-15,台北一,SE6 青蔥 粉蔥 ,39.4,28.3,17.4,28.3,1.8,29069.0,5.56,1,7,2017,0
2017-01-16,台北一,SE6 青蔥 粉蔥 ,,,,,,,,1,1,2017,1
2017-01-17,台北一,SE6 青蔥 粉蔥 ,40.8,29.7,19.3,29.8,5.3,31262.0,7.54,1,2,2017,0
2017-01-18,台北一,SE6 青蔥 粉蔥 ,38.5,28.1,19.8,28.5,-4.36,30156.0,-3.54,1,3,2017,0
2017-01-19,台北一,SE6 青蔥 粉蔥 ,36.0,26.0,17.6,26.3,-7.72,31155.0,3.31,1,4,2017,0
2017-01-20,台北一,SE6 青蔥 粉蔥 ,36.4,25.5,16.1,25.8,-1.9,32619.0,4.7,1,5,2017,0
2017-01-21,台北一,SE6 青蔥 粉蔥 ,38.5,27.4,19.1,28.0,8.53,31813.0,-2.47,1,6,2017,0
2017-01-22,台北一,SE6 青蔥 粉蔥 ,43.1,31.2,21.3,31.6,12.86,36243.0,13.93,1,7,2017,0
2017-01-23,台北一,SE6 青蔥 粉蔥 ,,,,,,,,1,1,2017,1
2017-01-24,台北一,SE6 青蔥 粉蔥 ,75.2,60.7,39.8,59.4,87.97,40913.0,12.89,1,2,2017,0
2017-01-25,台北一,SE6 青蔥 粉蔥 ,83.6,61.4,38.6,61.3,3.2,51218.0,25.19,1,3,2017,0
2017-01-26,台北一,SE6 青蔥 粉蔥 ,69.5,50.5,30.8,50.4,-17.78,54258.0,5.94,1,4,2017,0
2017-01-27,台北一,SE6 青蔥 粉蔥 ,38.1,25.7,16.1,26.3,-47.82,24876.0,-54.15,1,5,2017,0
2017-01-28,台北一,SE6 青蔥 粉蔥 ,,,,,,,,1,6,2017,1
2017-01-29,台北一,SE6 青蔥 粉蔥 ,,,,,,,,1,7,2017,1
2017-01-30,台北一,SE6 青蔥 粉蔥 ,,,,,,,,1,1,2017,1
2017-01-31,台北一,SE6 青蔥 粉蔥 ,,,,,,,,1,2,2017,1
2017-02-01,台北一,SE6 青蔥 粉蔥 ,,,,,,,,2,3,2017,1
2017-02-02,台北一,SE6 青蔥 粉蔥 ,37.2,27.1,16.9,27.0,2.66,32261.0,29.69,2,4,2017,0
2017-02-03,台北一,SE6 青蔥 粉蔥 ,40.1,29.3,21.1,29.8,10.37,25071.0,-22.29,2,5,2017,0
2017-02-04,台北一,SE6 青蔥 粉蔥 ,54.6,43.7,34.4,44.0,47.65,31666.0,26.31,2,6,2017,0
2017-02-05,台北一,SE6 青蔥 粉蔥 ,,,,,,,,2,7,2017,1
2017-02-06,台北一,SE6 青蔥 粉蔥 ,,,,,,,,2,1,2017,1
2017-02-07,台北一,SE6 青蔥 粉蔥 ,36.7,27.0,17.9,27.1,-38.41,42836.0,35.27,2,2,2017,0
2017-02-08,台北一,SE6 青蔥 粉蔥 ,31.6,23.2,15.4,23.3,-14.02,35513.0,-17.1,2,3,2017,0
2017-02-09,台北一,SE6 青蔥 粉蔥 ,31.8,21.5,13.5,21.9,-6.01,34568.0,-2.66,2,4,2017,0
2017-02-10,台北一,SE6 青蔥 粉蔥 ,31.0,21.7,14.4,22.1,0.91,34785.0,0.63,2,5,2017,0
2017-02-11,台北一,SE6 青蔥 粉蔥 ,36.3,26.4,16.3,26.4,19.46,40259.0,15.74,2,6,2017,0
2017-02-12,台北一,SE6 青蔥 粉蔥 ,,,,,,,,2,7,2017,1
2017-02-13,台北一,SE6 青蔥 粉蔥 ,,,,,,,,2,1,2017,1
2017-02-14,台北一,SE6 青蔥 粉蔥 ,38.5,31.3,23.3,31.1,17.8,29018.0,-27.92,2,2,2017,0
2017-02-15,台北一,SE6 青蔥 粉蔥 ,31.0,24.1,17.2,24.1,-22.51,29192.0,0.6,2,3,2017,0
2017-02-16,台北一,SE6 青蔥 粉蔥 ,32.2,24.7,18.1,24.8,2.9,26442.0,-9.42,2,4,2017,0
2017-02-17,台北一,SE6 青蔥 粉蔥 ,32.8,24.0,16.8,24.3,-2.02,29443.0,11.35,2,5,2017,0
2017-02-18,台北一,SE6 青蔥 粉蔥 ,30.7,22.1,14.4,22.3,-8.23,31918.0,8.41,2,6,2017,0
2017-02-19,台北一,SE6 青蔥 粉蔥 ,34.3,22.6,15.1,23.4,4.93,33106.0,3.72,2,7,2017,0
2017-02-20,台北一,SE6 青蔥 粉蔥 ,,,,,,,,2,1,2017,1
2017-02-21,台北一,SE6 青蔥 粉蔥 ,33.1,23.9,18.0,24.6,5.13,30627.0,-7.49,2,2,2017,0
2017-02-22,台北一,SE6 青蔥 粉蔥 ,31.1,22.5,16.5,23.0,-6.5,30614.0,-0.04,2,3,2017,0
2017-02-23,台北一,SE6 青蔥 粉蔥 ,28.2,19.7,12.9,20.0,-13.04,30414.0,-0.65,2,4,2017,0
2017-02-24,台北一,SE6 青蔥 粉蔥 ,27.3,19.6,14.6,20.1,0.5,29487.0,-3.05,2,5,2017,0
2017-02-25,台北一,SE6 青蔥 粉蔥 ,29.2,20.9,14.4,21.3,5.97,27344.0,-7.27,2,6,2017,0
2017-02-26,台北一,SE6 青蔥 粉蔥 ,28.4,19.8,13.1,20.2,-5.16,31572.0,15.46,2,7,2017,0
2017-02-27,台北一,SE6 青蔥 粉蔥 ,,,,,,,,2,1,2017,1
2017-02-28,台北一,SE6 青蔥 粉蔥 ,37.8,27.0,19.5,27.7,37.13,24814.0,-21.41,2,2,2017,0
2017-03-01,台北一,SE6 青蔥 粉蔥 ,37.2,28.1,21.6,28.6,3.25,28381.0,14.37,3,3,2017,0
2017-03-02,台北一,SE6 青蔥 粉蔥 ,34.2,25.8,20.1,26.4,-7.69,29043.0,2.33,3,4,2017,0
2017-03-03,台北一,SE6 青蔥 粉蔥 ,28.3,21.1,16.2,21.6,-18.18,36218.0,24.7,3,5,2017,0
2017-03-04,台北一,SE6 青蔥 粉蔥 ,28.3,20.0,15.2,20.7,-4.17,34425.0,-4.95,3,6,2017,0
2017-03-05,台北一,SE6 青蔥 粉蔥 ,26.2,19.0,13.6,19.3,-6.76,34600.0,0.51,3,7,2017,0
2017-03-06,台北一,SE6 青蔥 粉蔥 ,,,,,,,,3,1,2017,1
2017-03-07,台北一,SE6 青蔥 粉蔥 ,28.7,22.0,17.0,22.4,16.06,30486.0,-11.89,3,2,2017,0
2017-03-08,台北一,SE6 青蔥 粉蔥 ,27.6,19.3,15.3,20.2,-9.82,29330.0,-3.79,3,3,2017,0
2017-03-09,台北一,SE6 青蔥 粉蔥 ,28.8,22.2,16.0,22.3,10.4,26329.0,-10.23,3,4,2017,0
2017-03-10,台北一,SE6 青蔥 粉蔥 ,27.7,19.8,15.2,20.4,-8.52,28618.0,8.69,3,5,2017,0
2017-03-11,台北一,SE6 青蔥 粉蔥 ,27.5,19.4,14.4,20.0,-1.96,33482.0,17.0,3,6,2017,0
2017-03-12,台北一,SE6 青蔥 粉蔥 ,30.0,21.9,16.7,22.5,12.5,31815.0,-4.98,3,7,2017,0
2017-03-13,台北一,SE6 青蔥 粉蔥 ,,,,,,,,3,1,2017,1
2017-03-14,台北一,SE6 青蔥 粉蔥 ,27.8,21.5,16.2,21.7,-3.56,33110.0,4.07,3,2,2017,0
2017-03-15,台北一,SE6 青蔥 粉蔥 ,27.8,20.9,16.6,21.4,-1.38,28808.0,-12.99,3,3,2017,0
2017-03-16,台北一,SE6 青蔥 粉蔥 ,26.2,19.4,14.4,19.8,-7.48,33768.0,17.22,3,4,2017,0
2017-03-17,台北一,SE6 青蔥 粉蔥 ,25.0,18.4,11.8,18.4,-7.07,33396.0,-1.1,3,5,2017,0
2017-03-18,台北一,SE6 青蔥 粉蔥 ,27.1,19.2,14.7,19.9,8.15,33933.0,1.61,3,6,2017,0
2017-03-19,台北一,SE6 青蔥 粉蔥 ,26.7,19.4,15.1,20.0,0.5,35784.0,5.45,3,7,2017,0
2017-03-20,台北一,SE6 青蔥 粉蔥 ,,,,,,,,3,1,2017,1
2017-03-21,台北一,SE6 青蔥 粉蔥 ,25.0,19.1,14.4,19.4,-3.0,36283.0,1.39,3,2,2017,0
2017-03-22,台北一,SE6 青蔥 粉蔥 ,25.4,19.1,15.2,19.6,1.03,31996.0,-11.82,3,3,2017,0
2017-03-23,台北一,SE6 青蔥 粉蔥 ,21.9,16.4,12.3,16.7,-14.8,33681.0,5.27,3,4,2017,0
2017-03-24,台北一,SE6 青蔥 粉蔥 ,23.1,17.6,13.8,17.9,7.19,32144.0,-4.56,3,5,2017,0
2017-03-25,台北一,SE6 青蔥 粉蔥 ,23.6,17.7,14.0,18.1,1.12,34057.0,5.95,3,6,2017,0
2017-03-26,台北一,SE6 青蔥 粉蔥 ,20.5,16.0,11.4,16.0,-11.6,37673.0,10.62,3,7,2017,0
2017-03-27,台北一,SE6 青蔥 粉蔥 ,,,,,,,,3,1,2017,1
2017-03-28,台北一,SE6 青蔥 粉蔥 ,24.9,19.3,15.4,19.7,23.12,30897.0,-17.99,3,2,2017,0
2017-03-29,台北一,SE6 青蔥 粉蔥 ,24.6,19.0,15.1,19.3,-2.03,31710.0,2.63,3,3,2017,0
2017-03-30,台北一,SE6 青蔥 粉蔥 ,23.9,18.8,15.0,19.0,-1.55,33377.0,5.26,3,4,2017,0
2017-03-31,台北一,SE6 青蔥 粉蔥 ,23.8,17.9,14.5,18.4,-3.16,32629.0,-2.24,3,5,2017,0
2017-04-01,台北一,SE6 青蔥 粉蔥 ,21.8,17.0,12.7,17.1,-7.07,38329.0,17.47,4,6,2017,0
2017-04-02,台北一,SE6 青蔥 粉蔥 ,22.0,17.7,13.4,17.7,3.51,39723.0,3.64,4,7,2017,0
2017-04-03,台北一,SE6 青蔥 粉蔥 ,25.5,20.0,15.2,20.1,13.56,34056.0,-14.27,4,1,2017,0
2017-04-04,台北一,SE6 青蔥 粉蔥 ,,,,,,,,4,2,2017,1
2017-04-05,台北一,SE6 青蔥 粉蔥 ,,,,,,,,4,3,2017,1
2017-04-06,台北一,SE6 青蔥 粉蔥 ,27.1,21.8,16.6,21.8,8.46,31788.0,-6.66,4,4,2017,0
2017-04-07,台北一,SE6 青蔥 粉蔥 ,24.5,19.5,15.2,19.7,-9.63,36695.0,15.44,4,5,2017,0
2017-04-08,台北一,SE6 青蔥 粉蔥 ,24.6,18.5,13.7,18.8,-4.57,40656.0,10.79,4,6,2017,0
2017-04-09,台北一,SE6 青蔥 粉蔥 ,22.1,16.5,11.9,16.7,-11.17,43543.0,7.1,4,7,2017,0
2017-04-10,台北一,SE6 青蔥 粉蔥 ,,,,,,,,4,1,2017,1
2017-04-11,台北一,SE6 青蔥 粉蔥 ,21.9,16.5,11.5,16.6,-0.6,37846.0,-13.08,4,2,2017,0
2017-04-12,台北一,SE6 青蔥 粉蔥 ,21.1,14.2,8.2,14.4,-13.25,35258.0,-6.84,4,3,2017,0
2017-04-13,台北一,SE6 青蔥 粉蔥 ,21.5,15.6,10.1,15.7,9.03,30195.0,-14.36,4,4,2017,0
2017-04-14,台北一,SE6 青蔥 粉蔥 ,22.6,17.8,14.5,18.1,15.29,26930.0,-10.81,4,5,2017,0
2017-04-15,台北一,SE6 青蔥 粉蔥 ,22.3,16.9,12.6,17.1,-5.52,34633.0,28.6,4,6,2017,0
2017-04-16,台北一,SE6 青蔥 粉蔥 ,22.0,15.6,11.6,16.1,-5.85,39581.0,14.29,4,7,2017,0
2017-04-17,台北一,SE6 青蔥 粉蔥 ,,,,,,,,4,1,2017,1
2017-04-18,台北一,SE6 青蔥 粉蔥 ,22.1,15.7,10.0,15.8,-1.86,39650.0,0.17,4,2,2017,0
2017-04-19,台北一,SE6 青蔥 粉蔥 ,22.4,15.5,10.0,15.8,0.0,35547.0,-10.35,4,3,2017,0
2017-04-20,台北一,SE6 青蔥 粉蔥 ,21.6,14.2,9.6,14.8,-6.33,34358.0,-3.34,4,4,2017,0
2017-04-21,台北一,SE6 青蔥 粉蔥 ,20.8,14.4,9.4,14.7,-0.68,34128.0,-0.67,4,5,2017,0
2017-04-22,台北一,SE6 青蔥 粉蔥 ,19.7,13.7,8.7,13.9,-5.44,38556.0,12.97,4,6,2017,0
2017-04-23,台北一,SE6 青蔥 粉蔥 ,21.2,15.9,10.8,16.0,15.11,32876.0,-14.73,4,7,2017,0
2017-04-24,台北一,SE6 青蔥 粉蔥 ,,,,,,,,4,1,2017,1
2017-04-25,台北一,SE6 青蔥 粉蔥 ,25.2,19.4,15.0,19.7,23.12,30835.0,-6.21,4,2,2017,0
2017-04-26,台北一,SE6 青蔥 粉蔥 ,22.8,18.1,14.0,18.2,-7.61,32856.0,6.55,4,3,2017,0
2017-04-27,台北一,SE6 青蔥 粉蔥 ,21.5,15.9,10.9,16.1,-11.54,34363.0,4.59,4,4,2017,0
2017-04-28,台北一,SE6 青蔥 粉蔥 ,21.1,16.0,11.6,16.1,0.0,31932.0,-7.07,4,5,2017,0
2017-04-29,台北一,SE6 青蔥 粉蔥 ,24.0,19.2,15.1,19.3,19.88,28712.0,-10.08,4,6,2017,0
2017-04-30,台北一,SE6 青蔥 粉蔥 ,22.0,17.9,14.1,18.0,-6.74,35400.0,23.29,4,7,2017,0
2017-05-01,台北一,SE6 青蔥 粉蔥 ,,,,,,,,5,1,2017,1
2017-05-02,台北一,SE6 青蔥 粉蔥 ,22.5,18.0,14.8,18.3,1.67,38577.0,8.97,5,2,2017,0
2017-05-03,台北一,SE6 青蔥 粉蔥 ,22.0,17.9,13.9,17.9,-2.19,34092.0,-11.63,5,3,2017,0
2017-05-04,台北一,SE6 青蔥 粉蔥 ,22.4,17.1,12.7,17.3,-3.35,33920.0,-0.5,5,4,2017,0
2017-05-05,台北一,SE6 青蔥 粉蔥 ,22.7,16.8,12.8,17.2,-0.58,35067.0,3.38,5,5,2017,0
2017-05-06,台北一,SE6 青蔥 粉蔥 ,22.2,16.6,11.7,16.7,-2.91,35350.0,0.81,5,6,2017,0
2017-05-07,台北一,SE6 青蔥 粉蔥 ,22.2,16.3,10.9,16.4,-1.8,38374.0,8.55,5,7,2017,0
2017-05-08,台北一,SE6 青蔥 粉蔥 ,,,,,,,,5,1,2017,1
2017-05-09,台北一,SE6 青蔥 粉蔥 ,22.7,17.4,11.5,17.3,5.49,33569.0,-12.52,5,2,2017,0
2017-05-10,台北一,SE6 青蔥 粉蔥 ,22.1,16.2,10.1,16.1,-6.94,33088.0,-1.43,5,3,2017,0
2017-05-11,台北一,SE6 青蔥 粉蔥 ,21.5,15.5,10.6,15.7,-2.48,30840.0,-6.79,5,4,2017,0
2017-05-12,台北一,SE6 青蔥 粉蔥 ,20.6,14.9,10.1,15.1,-3.82,32476.0,5.3,5,5,2017,0
2017-05-13,台北一,SE6 青蔥 粉蔥 ,21.3,14.6,9.3,14.9,-1.32,33461.0,3.03,5,6,2017,0
2017-05-14,台北一,SE6 青蔥 粉蔥 ,21.1,14.8,8.8,14.9,0.0,32394.0,-3.19,5,7,2017,0
2017-05-15,台北一,SE6 青蔥 粉蔥 ,,,,,,,,5,1,2017,1
2017-05-16,台北一,SE6 青蔥 粉蔥 ,25.1,19.2,13.3,19.2,28.86,23991.0,-25.94,5,2,2017,0
2017-05-17,台北一,SE6 青蔥 粉蔥 ,21.2,16.5,11.5,16.4,-14.58,28182.0,17.47,5,3,2017,0
2017-05-18,台北一,SE6 青蔥 粉蔥 ,23.6,18.4,13.6,18.5,12.8,24573.0,-12.81,5,4,2017,0
2017-05-19,台北一,SE6 青蔥 粉蔥 ,23.5,18.2,13.5,18.3,-1.08,27605.0,12.34,5,5,2017,0
2017-05-20,台北一,SE6 青蔥 粉蔥 ,24.3,18.0,14.1,18.5,1.09,30720.0,11.28,5,6,2017,0
2017-05-21,台北一,SE6 青蔥 粉蔥 ,24.8,18.9,14.6,19.2,3.78,30814.0,0.31,5,7,2017,0
2017-05-22,台北一,SE6 青蔥 粉蔥 ,,,,,,,,5,1,2017,1
2017-05-23,台北一,SE6 青蔥 粉蔥 ,25.0,18.5,12.8,18.6,-3.12,33386.0,8.35,5,2,2017,0
2017-05-24,台北一,SE6 青蔥 粉蔥 ,23.9,16.8,10.7,17.0,-8.6,32128.0,-3.77,5,3,2017,0
2017-05-25,台北一,SE6 青蔥 粉蔥 ,21.6,14.4,7.1,14.4,-15.29,34608.0,7.72,5,4,2017,0
2017-05-26,台北一,SE6 青蔥 粉蔥 ,23.0,15.7,10.2,16.1,11.81,28451.0,-17.79,5,5,2017,0
2017-05-27,台北一,SE6 青蔥 粉蔥 ,23.0,16.7,10.6,16.7,3.73,29551.0,3.87,5,6,2017,0
2017-05-28,台北一,SE6 青蔥 粉蔥 ,23.0,16.8,10.6,16.8,0.6,30372.0,2.78,5,7,2017,0
2017-05-29,台北一,SE6 青蔥 粉蔥 ,25.0,18.2,11.7,18.3,8.93,25946.0,-14.57,5,1,2017,0
2017-05-30,台北一,SE6 青蔥 粉蔥 ,43.0,32.0,20.0,31.8,73.77,25795.0,-0.58,5,2,2017,0
2017-05-31,台北一,SE6 青蔥 粉蔥 ,,,,,,,,5,3,2017,1
2017-06-01,台北一,SE6 青蔥 粉蔥 ,,,,,,,,6,4,2017,1
2017-06-02,台北一,SE6 青蔥 粉蔥 ,31.8,23.5,16.5,23.8,-25.16,30092.0,16.66,6,5,2017,0
2017-06-03,台北一,SE6 青蔥 粉蔥 ,30.8,22.6,15.3,22.8,-4.2,25306.0,-15.9,6,6,2017,0
2017-06-04,台北一,SE6 青蔥 粉蔥 ,48.7,38.3,26.8,38.1,67.11,24869.0,-1.73,6,7,2017,0
2017-06-05,台北一,SE6 青蔥 粉蔥 ,,,,,,,,6,1,2017,1
2017-06-06,台北一,SE6 青蔥 粉蔥 ,42.9,31.3,17.3,30.8,-19.16,33436.0,34.45,6,2,2017,0
2017-06-07,台北一,SE6 青蔥 粉蔥 ,37.1,26.0,14.5,25.9,-15.91,29016.0,-13.22,6,3,2017,0
2017-06-08,台北一,SE6 青蔥 粉蔥 ,30.6,20.7,10.4,20.6,-20.46,27939.0,-3.71,6,4,2017,0
2017-06-09,台北一,SE6 青蔥 粉蔥 ,29.9,18.3,10.9,19.1,-7.28,27194.0,-2.67,6,5,2017,0
2017-06-10,台北一,SE6 青蔥 粉蔥 ,33.8,21.5,13.2,22.3,16.75,25664.0,-5.63,6,6,2017,0
2017-06-11,台北一,SE6 青蔥 粉蔥 ,35.5,22.2,12.0,22.9,2.69,25855.0,0.74,6,7,2017,0
2017-06-12,台北一,SE6 青蔥 粉蔥 ,,,,,,,,6,1,2017,1
2017-06-13,台北一,SE6 青蔥 粉蔥 ,45.1,34.4,22.0,34.0,48.47,24803.0,-4.07,6,2,2017,0
2017-06-14,台北一,SE6 青蔥 粉蔥 ,42.6,32.9,22.6,32.8,-3.53,23980.0,-3.32,6,3,2017,0
2017-06-15,台北一,SE6 青蔥 粉蔥 ,44.2,33.8,25.9,34.3,4.57,23350.0,-2.63,6,4,2017,0
2017-06-16,台北一,SE6 青蔥 粉蔥 ,42.3,29.9,21.0,30.6,-10.79,22469.0,-3.77,6,5,2017,0
2017-06-17,台北一,SE6 青蔥 粉蔥 ,39.0,26.3,14.9,26.6,-13.07,26992.0,20.13,6,6,2017,0
2017-06-18,台北一,SE6 青蔥 粉蔥 ,40.5,27.2,13.4,27.1,1.88,27573.0,2.15,6,7,2017,0
2017-06-19,台北一,SE6 青蔥 粉蔥 ,,,,,,,,6,1,2017,1
2017-06-20,台北一,SE6 青蔥 粉蔥 ,40.6,28.0,8.6,26.6,-1.85,27488.0,-0.31,6,2,2017,0
2017-06-21,台北一,SE6 青蔥 粉蔥 ,49.0,30.5,13.9,30.9,16.17,18364.0,-33.19,6,3,2017,0
2017-06-22,台北一,SE6 青蔥 粉蔥 ,50.4,35.7,20.0,35.5,14.89,16414.0,-10.62,6,4,2017,0
2017-06-23,台北一,SE6 青蔥 粉蔥 ,50.2,36.7,21.9,36.4,2.54,17442.0,6.26,6,5,2017,0
2017-06-24,台北一,SE6 青蔥 粉蔥 ,56.4,43.8,26.7,42.9,17.86,17607.0,0.95,6,6,2017,0
2017-06-25,台北一,SE6 青蔥 粉蔥 ,62.9,46.9,30.9,46.9,9.32,19832.0,12.64,6,7,2017,0
2017-06-26,台北一,SE6 青蔥 粉蔥 ,,,,,,,,6,1,2017,1
2017-06-27,台北一,SE6 青蔥 粉蔥 ,59.2,46.6,34.2,46.6,-0.64,20888.0,5.32,6,2,2017,0
2017-06-28,台北一,SE6 青蔥 粉蔥 ,58.6,44.5,31.4,44.7,-4.08,18948.0,-9.29,6,3,2017,0
2017-06-29,台北一,SE6 青蔥 粉蔥 ,58.2,42.4,25.7,42.2,-5.59,19008.0,0.32,6,4,2017,0
2017-06-30,台北一,SE6 青蔥 粉蔥 ,56.7,42.2,25.9,41.8,-0.95,18266.0,-3.9,6,5,2017,0
2017-07-01,台北一,SE6 青蔥 粉蔥 ,62.7,45.8,27.5,45.5,8.85,17791.0,-2.6,7,6,2017,0
2017-07-02,台北一,SE6 青蔥 粉蔥 ,78.0,63.0,38.0,61.0,34.07,15352.0,-13.71,7,7,2017,0
2017-07-03,台北一,SE6 青蔥 粉蔥 ,,,,,,,,7,1,2017,1
2017-07-04,台北一,SE6 青蔥 粉蔥 ,63.8,48.1,34.0,48.4,-20.66,19994.0,30.24,7,2,2017,0
2017-07-05,台北一,SE6 青蔥 粉蔥 ,64.8,49.2,37.5,50.0,3.31,16928.0,-15.33,7,3,2017,0
2017-07-06,台北一,SE6 青蔥 粉蔥 ,62.3,49.1,36.6,49.3,-1.4,16816.0,-0.66,7,4,2017,0
2017-07-07,台北一,SE6 青蔥 粉蔥 ,62.3,48.8,37.9,49.3,0.0,16028.0,-4.69,7,5,2017,0
2017-07-08,台北一,SE6 青蔥 粉蔥 ,62.8,49.2,35.9,49.3,0.0,16593.0,3.53,7,6,2017,0
2017-07-09,台北一,SE6 青蔥 粉蔥 ,66.8,53.2,37.7,52.8,7.1,15660.0,-5.62,7,7,2017,0
2017-07-10,台北一,SE6 青蔥 粉蔥 ,,,,,,,,7,1,2017,1
2017-07-11,台北一,SE6 青蔥 粉蔥 ,63.7,51.6,37.4,51.2,-3.03,15194.0,-2.98,7,2,2017,0
2017-07-12,台北一,SE6 青蔥 粉蔥 ,65.1,52.8,37.3,52.2,1.95,13144.0,-13.49,7,3,2017,0
2017-07-13,台北一,SE6 青蔥 粉蔥 ,67.8,57.1,40.2,55.9,7.09,11449.0,-12.9,7,4,2017,0
2017-07-14,台北一,SE6 青蔥 粉蔥 ,73.4,62.9,43.8,61.2,9.48,11776.0,2.86,7,5,2017,0
2017-07-15,台北一,SE6 青蔥 粉蔥 ,93.7,78.7,57.0,77.3,26.31,11504.0,-2.31,7,6,2017,0
2017-07-16,台北一,SE6 青蔥 粉蔥 ,91.7,79.5,57.1,77.5,0.26,13568.0,17.94,7,7,2017,0
2017-07-17,台北一,SE6 青蔥 粉蔥 ,,,,,,,,7,1,2017,1
2017-07-18,台北一,SE6 青蔥 粉蔥 ,92.0,84.1,57.6,80.3,3.61,12763.0,-5.93,7,2,2017,0
2017-07-19,台北一,SE6 青蔥 粉蔥 ,87.1,75.8,54.0,73.7,-8.22,11889.0,-6.85,7,3,2017,0
2017-07-20,台北一,SE6 青蔥 粉蔥 ,87.8,77.0,55.5,74.8,1.49,10714.0,-9.88,7,4,2017,0
2017-07-21,台北一,SE6 青蔥 粉蔥 ,87.0,78.5,58.7,76.3,2.01,11103.0,3.63,7,5,2017,0
2017-07-22,台北一,SE6 青蔥 粉蔥 ,86.5,78.5,58.5,76.1,-0.26,11976.0,7.86,7,6,2017,0
2017-07-23,台北一,SE6 青蔥 粉蔥 ,89.2,79.6,54.9,76.6,0.66,12387.0,3.43,7,7,2017,0
2017-07-24,台北一,SE6 青蔥 粉蔥 ,,,,,,,,7,1,2017,1
2017-07-25,台北一,SE6 青蔥 粉蔥 ,94.5,85.5,63.3,82.8,8.09,11038.0,-10.89,7,2,2017,0
2017-07-26,台北一,SE6 青蔥 粉蔥 ,96.6,89.7,75.5,88.2,6.52,9521.0,-13.74,7,3,2017,0
2017-07-27,台北一,SE6 青蔥 粉蔥 ,103.5,96.6,76.2,93.9,6.46,10872.0,14.19,7,4,2017,0
2017-07-28,台北一,SE6 青蔥 粉蔥 ,142.0,126.7,97.4,123.9,31.95,11770.0,8.26,7,5,2017,0
2017-07-29,台北一,SE6 青蔥 粉蔥 ,135.9,119.6,87.0,116.3,-6.13,18259.0,55.13,7,6,2017,0
2017-07-30,台北一,SE6 青蔥 粉蔥 ,126.7,108.4,85.1,107.4,-7.65,14807.0,-18.91,7,7,2017,0
2017-07-31,台北一,SE6 青蔥 粉蔥 ,,,,,,,,7,1,2017,1
2017-08-01,台北一,SE6 青蔥 粉蔥 ,132.2,117.3,96.5,116.1,8.1,11446.0,-22.7,8,2,2017,0
2017-08-02,台北一,SE6 青蔥 粉蔥 ,113.7,93.5,74.5,93.7,-19.29,10349.0,-9.58,8,3,2017,0
2017-08-03,台北一,SE6 青蔥 粉蔥 ,96.5,79.9,62.0,79.6,-15.05,10499.0,1.45,8,4,2017,0
2017-08-04,台北一,SE6 青蔥 粉蔥 ,106.7,90.9,69.1,89.7,12.69,8262.0,-21.31,8,5,2017,0
2017-08-05,台北一,SE6 青蔥 粉蔥 ,110.6,94.7,73.3,93.6,4.35,10936.0,32.37,8,6,2017,0
2017-08-06,台北一,SE6 青蔥 粉蔥 ,126.5,110.6,83.4,108.3,15.71,11281.0,3.15,8,7,2017,0
2017-08-07,台北一,SE6 青蔥 粉蔥 ,,,,,,,,8,1,2017,1
2017-08-08,台北一,SE6 青蔥 粉蔥 ,131.6,118.1,89.7,115.1,6.28,11816.0,4.74,8,2,2017,0
2017-08-09,台北一,SE6 青蔥 粉蔥 ,140.3,126.0,98.8,123.4,7.21,10260.0,-13.17,8,3,2017,0
2017-08-10,台北一,SE6 青蔥 粉蔥 ,148.5,130.7,91.3,126.4,2.43,10326.0,0.64,8,4,2017,0
2017-08-11,台北一,SE6 青蔥 粉蔥 ,142.3,128.4,104.2,126.3,-0.08,11722.0,13.52,8,5,2017,0
2017-08-12,台北一,SE6 青蔥 粉蔥 ,137.4,116.8,95.7,116.7,-7.6,13276.0,13.26,8,6,2017,0
2017-08-13,台北一,SE6 青蔥 粉蔥 ,133.8,111.5,87.3,111.1,-4.8,13578.0,2.27,8,7,2017,0
2017-08-14,台北一,SE6 青蔥 粉蔥 ,,,,,,,,8,1,2017,1
2017-08-15,台北一,SE6 青蔥 粉蔥 ,139.2,118.7,94.7,118.0,6.21,11441.0,-15.74,8,2,2017,0
2017-08-16,台北一,SE6 青蔥 粉蔥 ,134.0,111.5,77.8,109.2,-7.46,10772.0,-5.85,8,3,2017,0
2017-08-17,台北一,SE6 青蔥 粉蔥 ,138.3,115.5,90.3,115.0,5.31,10440.0,-3.08,8,4,2017,0
2017-08-18,台北一,SE6 青蔥 粉蔥 ,150.4,132.8,102.8,130.3,13.3,9301.0,-10.91,8,5,2017,0
2017-08-19,台北一,SE6 青蔥 粉蔥 ,156.8,143.2,113.2,139.9,7.37,9915.0,6.6,8,6,2017,0
2017-08-20,台北一,SE6 青蔥 粉蔥 ,171.4,157.5,123.6,153.5,9.72,10250.0,3.38,8,7,2017,0
2017-08-21,台北一,SE6 青蔥 粉蔥 ,,,,,,,,8,1,2017,1
2017-08-22,台北一,SE6 青蔥 粉蔥 ,164.2,147.9,114.1,144.4,-5.93,11563.0,12.81,8,2,2017,0
2017-08-23,台北一,SE6 青蔥 粉蔥 ,180.1,163.7,133.0,160.8,11.36,8980.0,-22.34,8,3,2017,0
2017-08-24,台北一,SE6 青蔥 粉蔥 ,171.9,150.4,112.8,147.2,-8.46,9142.0,1.8,8,4,2017,0
2017-08-25,台北一,SE6 青蔥 粉蔥 ,170.7,156.0,126.1,152.9,3.87,8407.0,-8.04,8,5,2017,0
2017-08-26,台北一,SE6 青蔥 粉蔥 ,161.4,143.5,118.1,142.0,-7.13,9711.0,15.51,8,6,2017,0
2017-08-27,台北一,SE6 青蔥 粉蔥 ,165.5,148.2,119.4,145.9,2.75,9378.0,-3.43,8,7,2017,0
2017-08-28,台北一,SE6 青蔥 粉蔥 ,,,,,,,,8,1,2017,1
2017-08-29,台北一,SE6 青蔥 粉蔥 ,179.3,164.5,122.6,159.1,9.05,8586.0,-8.45,8,2,2017,0
2017-08-30,台北一,SE6 青蔥 粉蔥 ,201.1,186.3,152.2,182.4,14.64,7412.0,-13.67,8,3,2017,0
2017-08-31,台北一,SE6 青蔥 粉蔥 ,195.4,172.4,141.1,170.8,-6.36,8738.0,17.89,8,4,2017,0
2017-09-01,台北一,SE6 青蔥 粉蔥 ,187.5,157.7,123.8,156.9,-8.14,9674.0,10.71,9,5,2017,0
2017-09-02,台北一,SE6 青蔥 粉蔥 ,187.1,167.0,130.5,163.7,4.33,10832.0,11.97,9,6,2017,0
2017-09-03,台北一,SE6 青蔥 粉蔥 ,178.7,160.6,133.2,158.8,-2.99,12516.0,15.55,9,7,2017,0
2017-09-04,台北一,SE6 青蔥 粉蔥 ,168.0,144.7,117.5,143.9,-9.38,11784.0,-5.85,9,1,2017,0
2017-09-05,台北一,SE6 青蔥 粉蔥 ,180.3,159.5,134.2,158.6,10.22,12263.0,4.06,9,2,2017,0
2017-09-06,台北一,SE6 青蔥 粉蔥 ,,,,,,,,9,3,2017,1
2017-09-07,台北一,SE6 青蔥 粉蔥 ,,,,,,,,9,4,2017,1
2017-09-08,台北一,SE6 青蔥 粉蔥 ,208.2,188.7,153.8,185.6,17.02,6136.0,-49.96,9,5,2017,0
2017-09-09,台北一,SE6 青蔥 粉蔥 ,216.5,195.4,157.9,192.1,3.5,7812.0,27.31,9,6,2017,0
2017-09-10,台北一,SE6 青蔥 粉蔥 ,200.2,176.6,132.0,172.4,-10.26,9672.0,23.81,9,7,2017,0
2017-09-11,台北一,SE6 青蔥 粉蔥 ,,,,,,,,9,1,2017,1
2017-09-12,台北一,SE6 青蔥 粉蔥 ,200.5,181.7,155.3,180.1,4.47,15947.0,64.88,9,2,2017,0
2017-09-13,台北一,SE6 青蔥 粉蔥 ,167.7,140.9,112.7,140.6,-21.93,15902.0,-0.28,9,3,2017,0
2017-09-14,台北一,SE6 青蔥 粉蔥 ,159.8,143.0,116.5,141.1,0.36,8644.0,-45.64,9,4,2017,0
2017-09-15,台北一,SE6 青蔥 粉蔥 ,146.3,125.1,94.6,123.2,-12.69,9304.0,7.64,9,5,2017,0
2017-09-16,台北一,SE6 青蔥 粉蔥 ,136.4,117.5,94.1,116.6,-5.36,10160.0,9.2,9,6,2017,0
2017-09-17,台北一,SE6 青蔥 粉蔥 ,147.2,130.4,96.7,127.1,9.01,10326.0,1.63,9,7,2017,0
2017-09-18,台北一,SE6 青蔥 粉蔥 ,,,,,,,,9,1,2017,1
2017-09-19,台北一,SE6 青蔥 粉蔥 ,166.3,151.7,117.4,147.8,16.29,9851.0,-4.6,9,2,2017,0
2017-09-20,台北一,SE6 青蔥 粉蔥 ,160.6,139.5,109.8,137.8,-6.77,10899.0,10.64,9,3,2017,0
2017-09-21,台北一,SE6 青蔥 粉蔥 ,150.6,132.6,101.8,130.0,-5.66,10883.0,-0.15,9,4,2017,0
2017-09-22,台北一,SE6 青蔥 粉蔥 ,151.0,132.7,95.6,128.9,-0.85,10877.0,-0.06,9,5,2017,0
2017-09-23,台北一,SE6 青蔥 粉蔥 ,153.6,132.5,91.6,128.6,-0.23,13149.0,20.89,9,6,2017,0
2017-09-24,台北一,SE6 青蔥 粉蔥 ,158.6,138.8,94.5,133.9,4.12,13450.0,2.29,9,7,2017,0
2017-09-25,台北一,SE6 青蔥 粉蔥 ,,,,,,,,9,1,2017,1
2017-09-26,台北一,SE6 青蔥 粉蔥 ,148.8,129.5,98.9,127.2,-5.0,14163.0,5.3,9,2,2017,0
2017-09-27,台北一,SE6 青蔥 粉蔥 ,144.8,116.3,87.1,116.1,-8.73,12886.0,-9.02,9,3,2017,0
2017-09-28,台北一,SE6 青蔥 粉蔥 ,131.9,99.1,70.3,99.9,-13.95,16509.0,28.12,9,4,2017,0
2017-09-29,台北一,SE6 青蔥 粉蔥 ,117.7,87.2,61.8,88.2,-11.71,17153.0,3.9,9,5,2017,0
2017-09-30,台北一,SE6 青蔥 粉蔥 ,111.3,83.8,60.3,84.6,-4.08,19040.0,11.0,9,6,2017,0
2017-10-01,台北一,SE6 青蔥 粉蔥 ,90.4,66.1,41.8,66.1,-21.87,22129.0,16.22,10,7,2017,0
2017-10-02,台北一,SE6 青蔥 粉蔥 ,,,,,,,,10,1,2017,1
2017-10-03,台北一,SE6 青蔥 粉蔥 ,109.9,92.3,68.2,91.0,37.67,18927.0,-14.47,10,2,2017,0
2017-10-04,台北一,SE6 青蔥 粉蔥 ,167.3,141.3,95.8,137.4,50.99,19484.0,2.94,10,3,2017,0
2017-10-05,台北一,SE6 青蔥 粉蔥 ,,,,,,,,10,4,2017,1
2017-10-06,台北一,SE6 青蔥 粉蔥 ,,,,,,,,10,5,2017,1
2017-10-07,台北一,SE6 青蔥 粉蔥 ,167.5,138.7,97.5,136.2,-0.87,20613.0,5.79,10,6,2017,0
2017-10-08,台北一,SE6 青蔥 粉蔥 ,131.8,107.7,81.2,107.2,-21.29,21018.0,1.96,10,7,2017,0
2017-10-09,台北一,SE6 青蔥 粉蔥 ,,,,,,,,10,1,2017,1
2017-10-10,台北一,SE6 青蔥 粉蔥 ,117.0,95.8,72.0,95.3,-11.1,16476.0,-21.61,10,2,2017,0
2017-10-11,台北一,SE6 青蔥 粉蔥 ,112.4,88.8,73.8,90.5,-5.04,14049.0,-14.73,10,3,2017,0
2017-10-12,台北一,SE6 青蔥 粉蔥 ,104.0,84.3,63.6,84.1,-7.07,13586.0,-3.3,10,4,2017,0
2017-10-13,台北一,SE6 青蔥 粉蔥 ,100.1,75.8,50.5,75.6,-10.11,15800.0,16.3,10,5,2017,0
2017-10-14,台北一,SE6 青蔥 粉蔥 ,105.6,85.2,65.4,85.3,12.83,15637.0,-1.03,10,6,2017,0
2017-10-15,台北一,SE6 青蔥 粉蔥 ,121.1,102.9,85.0,103.0,20.75,16441.0,5.14,10,7,2017,0
2017-10-16,台北一,SE6 青蔥 粉蔥 ,,,,,,,,10,1,2017,1
2017-10-17,台北一,SE6 青蔥 粉蔥 ,167.8,150.5,117.9,147.4,43.11,13984.0,-14.94,10,2,2017,0
2017-10-18,台北一,SE6 青蔥 粉蔥 ,147.0,118.8,91.6,119.0,-19.27,17012.0,21.65,10,3,2017,0
2017-10-19,台北一,SE6 青蔥 粉蔥 ,138.2,108.6,80.5,108.9,-8.49,14709.0,-13.54,10,4,2017,0
2017-10-20,台北一,SE6 青蔥 粉蔥 ,132.7,101.5,65.8,100.6,-7.62,18743.0,27.43,10,5,2017,0
2017-10-21,台北一,SE6 青蔥 粉蔥 ,145.9,115.8,80.3,114.7,14.02,15858.0,-15.39,10,6,2017,0
2017-10-22,台北一,SE6 青蔥 粉蔥 ,139.3,113.5,84.8,112.9,-1.57,17433.0,9.93,10,7,2017,0
2017-10-23,台北一,SE6 青蔥 粉蔥 ,,,,,,,,10,1,2017,1
2017-10-24,台北一,SE6 青蔥 粉蔥 ,132.0,102.3,80.4,103.9,-7.97,19001.0,8.99,10,2,2017,0
2017-10-25,台北一,SE6 青蔥 粉蔥 ,128.2,110.1,79.5,107.6,3.56,13962.0,-26.52,10,3,2017,0
2017-10-26,台北一,SE6 青蔥 粉蔥 ,168.7,135.5,113.0,137.6,27.88,11619.0,-16.78,10,4,2017,0
2017-10-27,台北一,SE6 青蔥 粉蔥 ,151.3,116.3,94.1,118.8,-13.66,14960.0,28.75,10,5,2017,0
2017-10-28,台北一,SE6 青蔥 粉蔥 ,157.0,122.9,94.3,124.0,4.38,14958.0,-0.01,10,6,2017,0
2017-10-29,台北一,SE6 青蔥 粉蔥 ,165.0,133.5,105.6,134.2,8.23,13240.0,-11.49,10,7,2017,0
2017-10-30,台北一,SE6 青蔥 粉蔥 ,,,,,,,,10,1,2017,1
2017-10-31,台北一,SE6 青蔥 粉蔥 ,148.1,113.6,88.6,115.5,-13.93,16749.0,26.5,10,2,2017,0
2017-11-01,台北一,SE6 青蔥 粉蔥 ,143.8,115.3,88.0,115.5,0.0,13305.0,-20.56,11,3,2017,0
2017-11-02,台北一,SE6 青蔥 粉蔥 ,134.9,105.8,79.5,106.4,-7.88,13656.0,2.64,11,4,2017,0
2017-11-03,台北一,SE6 青蔥 粉蔥 ,137.5,105.0,78.5,106.2,-0.19,12861.0,-5.82,11,5,2017,0
2017-11-04,台北一,SE6 青蔥 粉蔥 ,132.7,106.5,75.8,105.6,-0.56,14682.0,14.16,11,6,2017,0
2017-11-05,台北一,SE6 青蔥 粉蔥 ,133.3,104.0,81.3,105.3,-0.28,16058.0,9.37,11,7,2017,0
2017-11-06,台北一,SE6 青蔥 粉蔥 ,,,,,,,,11,1,2017,1
2017-11-07,台北一,SE6 青蔥 粉蔥 ,130.4,108.1,77.9,106.6,1.23,15757.0,-1.87,11,2,2017,0
2017-11-08,台北一,SE6 青蔥 粉蔥 ,124.1,99.9,72.8,99.3,-6.85,14276.0,-9.4,11,3,2017,0
2017-11-09,台北一,SE6 青蔥 粉蔥 ,120.3,91.8,52.9,89.7,-9.67,12836.0,-10.09,11,4,2017,0
2017-11-10,台北一,SE6 青蔥 粉蔥 ,121.0,90.5,62.5,91.0,1.45,12795.0,-0.32,11,5,2017,0
2017-11-11,台北一,SE6 青蔥 粉蔥 ,109.2,81.7,50.5,81.0,-10.99,16569.0,29.5,11,6,2017,0
2017-11-12,台北一,SE6 青蔥 粉蔥 ,105.5,77.4,50.5,77.7,-4.07,17948.0,8.32,11,7,2017,0
2017-11-13,台北一,SE6 青蔥 粉蔥 ,,,,,,,,11,1,2017,1
2017-11-14,台北一,SE6 青蔥 粉蔥 ,98.6,74.3,53.6,75.0,-3.47,16365.0,-8.82,11,2,2017,0
2017-11-15,台北一,SE6 青蔥 粉蔥 ,90.3,71.9,50.0,71.2,-5.07,15550.0,-4.98,11,3,2017,0
2017-11-16,台北一,SE6 青蔥 粉蔥 ,98.0,74.5,48.9,74.1,4.07,13031.0,-16.2,11,4,2017,0
2017-11-17,台北一,SE6 青蔥 粉蔥 ,96.9,73.0,48.7,72.9,-1.62,13879.0,6.51,11,5,2017,0
2017-11-18,台北一,SE6 青蔥 粉蔥 ,95.2,75.9,50.1,74.6,2.33,16992.0,22.43,11,6,2017,0
2017-11-19,台北一,SE6 青蔥 粉蔥 ,95.1,74.8,51.9,74.3,-0.4,17441.0,2.64,11,7,2017,0
2017-11-20,台北一,SE6 青蔥 粉蔥 ,,,,,,,,11,1,2017,1
2017-11-21,台北一,SE6 青蔥 粉蔥 ,85.7,63.6,45.5,64.4,-13.32,18122.0,3.9,11,2,2017,0
2017-11-22,台北一,SE6 青蔥 粉蔥 ,82.8,61.6,40.5,61.7,-4.19,15972.0,-11.86,11,3,2017,0
2017-11-23,台北一,SE6 青蔥 粉蔥 ,76.4,51.8,34.2,53.2,-13.78,15998.0,0.16,11,4,2017,0
2017-11-24,台北一,SE6 青蔥 粉蔥 ,77.3,52.4,38.4,54.6,2.63,16259.0,1.63,11,5,2017,0
2017-11-25,台北一,SE6 青蔥 粉蔥 ,84.9,56.8,39.9,59.0,8.06,16374.0,0.71,11,6,2017,0
2017-11-26,台北一,SE6 青蔥 粉蔥 ,81.6,56.0,38.4,57.6,-2.37,19164.0,17.04,11,7,2017,0
2017-11-27,台北一,SE6 青蔥 粉蔥 ,,,,,,,,11,1,2017,1
2017-11-28,台北一,SE6 青蔥 粉蔥 ,75.7,50.3,37.9,52.9,-8.16,21270.0,10.99,11,2,2017,0
2017-11-29,台北一,SE6 青蔥 粉蔥 ,67.9,44.8,28.1,46.0,-13.04,19802.0,-6.9,11,3,2017,0
2017-11-30,台北一,SE6 青蔥 粉蔥 ,62.0,41.2,23.3,41.8,-9.13,17989.0,-9.16,11,4,2017,0
2017-12-01,台北一,SE6 青蔥 粉蔥 ,66.6,43.2,25.2,44.2,5.74,16364.0,-9.03,12,5,2017,0
2017-12-02,台北一,SE6 青蔥 粉蔥 ,71.0,54.2,33.1,53.3,20.59,15707.0,-4.01,12,6,2017,0
2017-12-03,台北一,SE6 青蔥 粉蔥 ,68.3,48.7,32.5,49.4,-7.32,18818.0,19.81,12,7,2017,0
2017-12-04,台北一,SE6 青蔥 粉蔥 ,,,,,,,,12,1,2017,1
2017-12-05,台北一,SE6 青蔥 粉蔥 ,68.5,48.8,33.4,49.7,0.61,16235.0,-13.73,12,2,2017,0
2017-12-06,台北一,SE6 青蔥 粉蔥 ,70.6,49.4,33.9,50.5,1.61,15012.0,-7.53,12,3,2017,0
2017-12-07,台北一,SE6 青蔥 粉蔥 ,70.4,48.2,32.3,49.5,-1.98,14284.0,-4.85,12,4,2017,0
2017-12-08,台北一,SE6 青蔥 粉蔥 ,64.2,42.1,28.7,43.8,-11.52,15734.0,10.15,12,5,2017,0
2017-12-09,台北一,SE6 青蔥 粉蔥 ,67.6,48.0,34.5,49.2,12.33,16484.0,4.77,12,6,2017,0
2017-12-10,台北一,SE6 青蔥 粉蔥 ,75.6,58.1,43.0,58.6,19.11,17547.0,6.45,12,7,2017,0
2017-12-11,台北一,SE6 青蔥 粉蔥 ,,,,,,,,12,1,2017,1
2017-12-12,台北一,SE6 青蔥 粉蔥 ,65.0,48.2,35.1,48.9,-16.55,22449.0,27.94,12,2,2017,0
2017-12-13,台北一,SE6 青蔥 粉蔥 ,54.2,38.4,23.5,38.6,-21.06,20745.0,-7.59,12,3,2017,0
2017-12-14,台北一,SE6 青蔥 粉蔥 ,55.6,37.6,27.5,39.2,1.55,16983.0,-18.13,12,4,2017,0
2017-12-15,台北一,SE6 青蔥 粉蔥 ,63.0,38.5,27.0,41.1,4.85,18163.0,6.95,12,5,2017,0
2017-12-16,台北一,SE6 青蔥 粉蔥 ,64.0,41.7,30.8,44.0,7.06,20742.0,14.2,12,6,2017,0
2017-12-17,台北一,SE6 青蔥 粉蔥 ,51.0,35.4,23.5,36.1,-17.95,24435.0,17.8,12,7,2017,0
2017-12-18,台北一,SE6 青蔥 粉蔥 ,,,,,,,,12,1,2017,1
2017-12-19,台北一,SE6 青蔥 粉蔥 ,56.2,37.6,25.8,39.0,8.03,21212.0,-13.19,12,2,2017,0
2017-12-20,台北一,SE6 青蔥 粉蔥 ,57.7,36.8,25.1,38.6,-1.03,18728.0,-11.71,12,3,2017,0
2017-12-21,台北一,SE6 青蔥 粉蔥 ,61.4,45.6,31.4,45.9,18.91,19303.0,3.07,12,4,2017,0
2017-12-22,台北一,SE6 青蔥 粉蔥 ,58.5,44.7,30.9,44.7,-2.61,20881.0,8.17,12,5,2017,0
2017-12-23,台北一,SE6 青蔥 粉蔥 ,61.6,46.3,34.3,47.0,5.15,18349.0,-12.13,12,6,2017,0
2017-12-24,台北一,SE6 青蔥 粉蔥 ,60.9,42.8,32.9,44.5,-5.32,19884.0,8.37,12,7,2017,0
2017-12-25,台北一,SE6 青蔥 粉蔥 ,,,,,,,,12,1,2017,1
2017-12-26,台北一,SE6 青蔥 粉蔥 ,53.5,35.4,22.9,36.5,-17.98,26409.0,32.82,12,2,2017,0
2017-12-27,台北一,SE6 青蔥 粉蔥 ,49.3,32.9,21.2,33.8,-7.4,22580.0,-14.5,12,3,2017,0
2017-12-28,台北一,SE6 青蔥 粉蔥 ,53.1,32.3,21.6,34.3,1.48,19497.0,-13.65,12,4,2017,0
2017-12-29,台北一,SE6 青蔥 粉蔥 ,58.0,34.8,22.4,36.9,7.58,19975.0,2.45,12,5,2017,0
2017-12-30,台北一,SE6 青蔥 粉蔥 ,52.3,32.5,19.4,33.8,-8.4,24767.0,23.99,12,6,2017,0
2017-12-31,台北一,SE6 青蔥 粉蔥 ,46.8,29.0,15.8,29.9,-11.54,28053.0,13.27,12,7,2017,0
2018-01-01,台北一,SE6 青蔥 粉蔥 ,,,,,,,,1,1,2018,1
2018-01-02,台北一,SE6 青蔥 粉蔥 ,53.5,36.4,24.4,37.4,25.08,23769.0,-15.27,1,2,2018,0
2018-01-03,台北一,SE6 青蔥 粉蔥 ,44.7,27.5,19.4,29.3,-21.66,24261.0,2.07,1,3,2018,0
2018-01-04,台北一,SE6 青蔥 粉蔥 ,43.6,25.0,16.4,27.0,-7.85,21533.0,-11.24,1,4,2018,0
2018-01-05,台北一,SE6 青蔥 粉蔥 ,41.6,23.0,14.5,25.0,-7.41,25399.0,17.95,1,5,2018,0
2018-01-06,台北一,SE6 青蔥 粉蔥 ,46.2,28.2,18.9,29.9,19.6,22062.0,-13.14,1,6,2018,0
2018-01-07,台北一,SE6 青蔥 粉蔥 ,46.7,27.1,17.3,29.1,-2.68,24543.0,11.25,1,7,2018,0
2018-01-08,台北一,SE6 青蔥 粉蔥 ,,,,,,,,1,1,2018,1
2018-01-09,台北一,SE6 青蔥 粉蔥 ,49.9,34.5,20.5,34.8,19.59,22396.0,-8.75,1,2,2018,0
2018-01-10,台北一,SE6 青蔥 粉蔥 ,66.6,49.0,38.8,50.5,45.11,18394.0,-17.87,1,3,2018,0
2018-01-11,台北一,SE6 青蔥 粉蔥 ,66.5,51.3,38.3,51.8,2.57,18068.0,-1.77,1,4,2018,0
2018-01-12,台北一,SE6 青蔥 粉蔥 ,64.4,48.7,38.6,49.8,-3.86,23111.0,27.91,1,5,2018,0
2018-01-13,台北一,SE6 青蔥 粉蔥 ,60.1,44.6,33.9,45.5,-8.63,29999.0,29.8,1,6,2018,0
2018-01-14,台北一,SE6 青蔥 粉蔥 ,55.5,40.2,29.3,41.0,-9.89,31776.0,5.92,1,7,2018,0
2018-01-15,台北一,SE6 青蔥 粉蔥 ,,,,,,,,1,1,2018,1
2018-01-16,台北一,SE6 青蔥 粉蔥 ,44.5,29.2,21.3,30.6,-25.37,32725.0,2.99,1,2,2018,0
2018-01-17,台北一,SE6 青蔥 粉蔥 ,44.0,27.8,18.9,29.3,-4.25,26136.0,-20.13,1,3,2018,0
2018-01-18,台北一,SE6 青蔥 粉蔥 ,40.4,25.2,16.4,26.5,-9.56,27373.0,4.73,1,4,2018,0
2018-01-19,台北一,SE6 青蔥 粉蔥 ,42.9,24.7,13.1,26.0,-1.89,26291.0,-3.95,1,5,2018,0
2018-01-20,台北一,SE6 青蔥 粉蔥 ,39.7,24.5,17.0,26.0,0.0,29625.0,12.68,1,6,2018,0
2018-01-21,台北一,SE6 青蔥 粉蔥 ,35.9,23.1,16.5,24.4,-6.15,29649.0,0.08,1,7,2018,0
2018-01-22,台北一,SE6 青蔥 粉蔥 ,,,,,,,,1,1,2018,1
2018-01-23,台北一,SE6 青蔥 粉蔥 ,40.2,30.1,18.8,29.9,22.54,25445.0,-14.18,1,2,2018,0
2018-01-24,台北一,SE6 青蔥 粉蔥 ,39.2,29.1,21.8,29.7,-0.67,25033.0,-1.62,1,3,2018,0
2018-01-25,台北一,SE6 青蔥 粉蔥 ,34.4,23.8,16.6,24.5,-17.51,29265.0,16.91,1,4,2018,0
2018-01-26,台北一,SE6 青蔥 粉蔥 ,33.5,23.7,18.7,24.6,0.41,26027.0,-11.06,1,5,2018,0
2018-01-27,台北一,SE6 青蔥 粉蔥 ,34.0,24.3,18.4,25.1,2.03,26429.0,1.54,1,6,2018,0
2018-01-28,台北一,SE6 青蔥 粉蔥 ,36.2,26.3,20.2,27.1,7.97,26913.0,1.83,1,7,2018,0
2018-01-29,台北一,SE6 青蔥 粉蔥 ,,,,,,,,1,1,2018,1
2018-01-30,台北一,SE6 青蔥 粉蔥 ,36.2,25.4,19.1,26.3,-2.95,28006.0,4.06,1,2,2018,0
2018-01-31,台北一,SE6 青蔥 粉蔥 ,32.0,22.4,17.1,23.3,-11.41,26857.0,-4.1,1,3,2018,0
2018-02-01,台北一,SE6 青蔥 粉蔥 ,32.3,22.5,16.4,23.3,0.0,24896.0,-7.3,2,4,2018,0
2018-02-02,台北一,SE6 青蔥 粉蔥 ,32.2,22.4,17.6,23.4,0.43,25399.0,2.02,2,5,2018,0
2018-02-03,台北一,SE6 青蔥 粉蔥 ,32.2,22.6,18.3,23.6,0.85,27070.0,6.58,2,6,2018,0
2018-02-04,台北一,SE6 青蔥 粉蔥 ,33.4,23.7,18.7,24.7,4.66,28564.0,5.52,2,7,2018,0
2018-02-05,台北一,SE6 青蔥 粉蔥 ,,,,,,,,2,1,2018,1
2018-02-06,台北一,SE6 青蔥 粉蔥 ,37.5,27.3,23.2,28.5,15.38,28213.0,-1.23,2,2,2018,0
2018-02-07,台北一,SE6 青蔥 粉蔥 ,43.1,35.2,29.7,35.7,25.26,25742.0,-8.76,2,3,2018,0
2018-02-08,台北一,SE6 青蔥 粉蔥 ,37.3,27.9,23.4,28.9,-19.05,29264.0,13.68,2,4,2018,0
2018-02-09,台北一,SE6 青蔥 粉蔥 ,40.7,31.1,24.2,31.6,9.34,30501.0,4.23,2,5,2018,0
2018-02-10,台北一,SE6 青蔥 粉蔥 ,40.9,30.4,24.1,31.3,-0.95,33770.0,10.72,2,6,2018,0
2018-02-11,台北一,SE6 青蔥 粉蔥 ,40.6,29.1,21.9,30.0,-4.15,37631.0,11.43,2,7,2018,0
2018-02-12,台北一,SE6 青蔥 粉蔥 ,40.5,28.0,19.3,28.8,-4.0,40321.0,7.15,2,1,2018,0
2018-02-13,台北一,SE6 青蔥 粉蔥 ,43.9,27.4,17.7,28.7,-0.35,53029.0,31.52,2,2,2018,0
2018-02-14,台北一,SE6 青蔥 粉蔥 ,41.6,28.2,17.2,28.7,0.0,52249.0,-1.47,2,3,2018,0
2018-02-15,台北一,SE6 青蔥 粉蔥 ,37.6,25.7,15.5,26.0,-9.41,25241.0,-51.69,2,4,2018,0
2018-02-16,台北一,SE6 青蔥 粉蔥 ,,,,,,,,2,5,2018,1
2018-02-17,台北一,SE6 青蔥 粉蔥 ,,,,,,,,2,6,2018,1
2018-02-18,台北一,SE6 青蔥 粉蔥 ,,,,,,,,2,7,2018,1
2018-02-19,台北一,SE6 青蔥 粉蔥 ,,,,,,,,2,1,2018,1
2018-02-20,台北一,SE6 青蔥 粉蔥 ,,,,,,,,2,2,2018,1
2018-02-21,台北一,SE6 青蔥 粉蔥 ,53.7,43.5,32.1,43.3,66.54,24216.0,-4.06,2,3,2018,0
2018-02-22,台北一,SE6 青蔥 粉蔥 ,58.7,47.6,38.1,47.9,10.62,26632.0,9.98,2,4,2018,0
2018-02-23,台北一,SE6 青蔥 粉蔥 ,69.8,53.2,40.1,53.9,12.53,42351.0,59.02,2,5,2018,0
2018-02-24,台北一,SE6 青蔥 粉蔥 ,,,,,,,,2,6,2018,1
2018-02-25,台北一,SE6 青蔥 粉蔥 ,,,,,,,,2,7,2018,1
2018-02-26,台北一,SE6 青蔥 粉蔥 ,,,,,,,,2,1,2018,1
2018-02-27,台北一,SE6 青蔥 粉蔥 ,37.5,25.3,11.0,24.9,-53.8,55521.0,31.1,2,2,2018,0
2018-02-28,台北一,SE6 青蔥 粉蔥 ,27.6,17.5,8.2,17.7,-28.92,38573.0,-30.53,2,3,2018,0
2018-03-01,台北一,SE6 青蔥 粉蔥 ,29.2,17.1,9.1,17.9,1.13,28675.0,-25.66,3,4,2018,0
2018-03-02,台北一,SE6 青蔥 粉蔥 ,37.0,21.9,9.3,22.4,25.14,27163.0,-5.27,3,5,2018,0
2018-03-03,台北一,SE6 青蔥 粉蔥 ,53.0,34.6,16.6,34.7,54.91,27433.0,0.99,3,6,2018,0
2018-03-04,台北一,SE6 青蔥 粉蔥 ,51.0,30.1,14.8,31.2,-10.09,41148.0,49.99,3,7,2018,0
2018-03-05,台北一,SE6 青蔥 粉蔥 ,,,,,,,,3,1,2018,1
2018-03-06,台北一,SE6 青蔥 粉蔥 ,,,,,,,,3,2,2018,1
2018-03-07,台北一,SE6 青蔥 粉蔥 ,,,,,,,,3,3,2018,1
2018-03-08,台北一,SE6 青蔥 粉蔥 ,35.9,18.2,8.4,19.8,-36.54,40884.0,-0.64,3,4,2018,0
2018-03-09,台北一,SE6 青蔥 粉蔥 ,35.8,22.4,14.1,23.4,18.18,28458.0,-30.39,3,5,2018,0
2018-03-10,台北一,SE6 青蔥 粉蔥 ,37.8,24.5,17.5,25.7,9.83,30159.0,5.98,3,6,2018,0
2018-03-11,台北一,SE6 青蔥 粉蔥 ,36.4,23.0,17.2,24.5,-4.67,32507.0,7.79,3,7,2018,0
2018-03-12,台北一,SE6 青蔥 粉蔥 ,,,,,,,,3,1,2018,1
2018-03-13,台北一,SE6 青蔥 粉蔥 ,37.1,25.3,17.3,26.0,6.12,31073.0,-4.41,3,2,2018,0
2018-03-14,台北一,SE6 青蔥 粉蔥 ,36.9,25.5,19.0,26.5,1.92,26832.0,-13.65,3,3,2018,0
2018-03-15,台北一,SE6 青蔥 粉蔥 ,33.2,21.7,14.4,22.6,-14.72,26277.0,-2.07,3,4,2018,0
2018-03-16,台北一,SE6 青蔥 粉蔥 ,35.9,22.3,14.8,23.5,3.98,27086.0,3.08,3,5,2018,0
2018-03-17,台北一,SE6 青蔥 粉蔥 ,37.6,25.7,18.4,26.7,13.62,26455.0,-2.33,3,6,2018,0
2018-03-18,台北一,SE6 青蔥 粉蔥 ,41.5,27.4,19.5,28.6,7.12,29533.0,11.63,3,7,2018,0
2018-03-19,台北一,SE6 青蔥 粉蔥 ,,,,,,,,3,1,2018,1
2018-03-20,台北一,SE6 青蔥 粉蔥 ,40.2,27.6,19.0,28.4,-0.7,33537.0,13.56,3,2,2018,0
2018-03-21,台北一,SE6 青蔥 粉蔥 ,34.1,25.4,18.5,25.7,-9.51,27717.0,-17.35,3,3,2018,0
2018-03-22,台北一,SE6 青蔥 粉蔥 ,30.1,19.6,13.1,20.4,-20.62,30180.0,8.89,3,4,2018,0
2018-03-23,台北一,SE6 青蔥 粉蔥 ,30.4,20.7,13.6,21.2,3.92,30217.0,0.12,3,5,2018,0
2018-03-24,台北一,SE6 青蔥 粉蔥 ,31.1,21.7,14.2,22.1,4.25,30159.0,-0.19,3,6,2018,0
2018-03-25,台北一,SE6 青蔥 粉蔥 ,31.8,22.2,14.1,22.5,1.81,30185.0,0.09,3,7,2018,0
2018-03-26,台北一,SE6 青蔥 粉蔥 ,,,,,,,,3,1,2018,1
2018-03-27,台北一,SE6 青蔥 粉蔥 ,37.6,27.4,19.7,27.9,24.0,27487.0,-8.94,3,2,2018,0
2018-03-28,台北一,SE6 青蔥 粉蔥 ,31.9,25.2,19.7,25.4,-8.96,27438.0,-0.18,3,3,2018,0
2018-03-29,台北一,SE6 青蔥 粉蔥 ,34.3,22.7,16.1,23.7,-6.69,26391.0,-3.82,3,4,2018,0
2018-03-30,台北一,SE6 青蔥 粉蔥 ,34.2,21.4,13.6,22.4,-5.49,26913.0,1.98,3,5,2018,0
2018-03-31,台北一,SE6 青蔥 粉蔥 ,35.7,23.1,13.1,23.6,5.36,27125.0,0.79,3,6,2018,0
2018-04-01,台北一,SE6 青蔥 粉蔥 ,34.9,22.4,15.8,23.6,0.0,32324.0,19.17,4,7,2018,0
2018-04-02,台北一,SE6 青蔥 粉蔥 ,,,,,,,,4,1,2018,1
2018-04-03,台北一,SE6 青蔥 粉蔥 ,38.0,25.8,16.5,26.4,11.86,32995.0,2.08,4,2,2018,0
2018-04-04,台北一,SE6 青蔥 粉蔥 ,48.1,35.0,24.6,35.5,34.47,34506.0,4.58,4,3,2018,0
2018-04-05,台北一,SE6 青蔥 粉蔥 ,,,,,,,,4,4,2018,1
2018-04-06,台北一,SE6 青蔥 粉蔥 ,,,,,,,,4,5,2018,1
2018-04-07,台北一,SE6 青蔥 粉蔥 ,56.7,43.9,33.5,44.4,25.07,29412.0,-14.76,4,6,2018,0
2018-04-08,台北一,SE6 青蔥 粉蔥 ,43.4,32.8,26.6,33.7,-24.1,32330.0,9.92,4,7,2018,0
2018-04-09,台北一,SE6 青蔥 粉蔥 ,,,,,,,,4,1,2018,1
2018-04-10,台北一,SE6 青蔥 粉蔥 ,35.9,22.9,13.9,23.7,-29.67,33596.0,3.92,4,2,2018,0
2018-04-11,台北一,SE6 青蔥 粉蔥 ,34.5,21.9,13.7,22.8,-3.8,28638.0,-14.76,4,3,2018,0
2018-04-12,台北一,SE6 青蔥 粉蔥 ,34.9,21.5,14.0,22.7,-0.44,25058.0,-12.5,4,4,2018,0
2018-04-13,台北一,SE6 青蔥 粉蔥 ,37.3,22.0,13.3,23.3,2.64,26439.0,5.51,4,5,2018,0
2018-04-14,台北一,SE6 青蔥 粉蔥 ,39.7,25.6,14.2,26.2,12.45,25538.0,-3.41,4,6,2018,0
2018-04-15,台北一,SE6 青蔥 粉蔥 ,41.9,31.3,18.7,30.9,17.94,24046.0,-5.84,4,7,2018,0
2018-04-16,台北一,SE6 青蔥 粉蔥 ,,,,,,,,4,1,2018,1
2018-04-17,台北一,SE6 青蔥 粉蔥 ,44.9,38.6,30.3,38.2,23.62,22879.0,-4.85,4,2,2018,0
2018-04-18,台北一,SE6 青蔥 粉蔥 ,42.5,33.4,25.1,33.6,-12.04,23805.0,4.05,4,3,2018,0
2018-04-19,台北一,SE6 青蔥 粉蔥 ,44.7,35.0,27.6,35.5,5.65,22174.0,-6.85,4,4,2018,0
2018-04-20,台北一,SE6 青蔥 粉蔥 ,47.7,37.4,27.0,37.4,5.35,23188.0,4.57,4,5,2018,0
2018-04-21,台北一,SE6 青蔥 粉蔥 ,44.6,33.3,20.6,33.0,-11.76,28067.0,21.04,4,6,2018,0
2018-04-22,台北一,SE6 青蔥 粉蔥 ,43.5,31.7,19.3,31.6,-4.24,28689.0,2.22,4,7,2018,0
2018-04-23,台北一,SE6 青蔥 粉蔥 ,,,,,,,,4,1,2018,1
2018-04-24,台北一,SE6 青蔥 粉蔥 ,39.7,29.6,20.8,29.9,-5.38,30372.0,5.87,4,2,2018,0
2018-04-25,台北一,SE6 青蔥 粉蔥 ,41.0,29.9,18.7,29.9,0.0,23228.0,-23.52,4,3,2018,0
2018-04-26,台北一,SE6 青蔥 粉蔥 ,37.8,26.0,17.2,26.6,-11.04,23866.0,2.75,4,4,2018,0
2018-04-27,台北一,SE6 青蔥 粉蔥 ,42.1,30.9,18.6,30.7,15.41,22364.0,-6.29,4,5,2018,0
2018-04-28,台北一,SE6 青蔥 粉蔥 ,42.8,31.2,21.0,31.4,2.28,24471.0,9.42,4,6,2018,0
2018-04-29,台北一,SE6 青蔥 粉蔥 ,45.7,32.9,23.8,33.6,7.01,26817.0,9.59,4,7,2018,0
2018-04-30,台北一,SE6 青蔥 粉蔥 ,,,,,,,,4,1,2018,1
2018-05-01,台北一,SE6 青蔥 粉蔥 ,52.7,42.3,33.7,42.7,27.08,21380.0,-20.27,5,2,2018,0
2018-05-02,台北一,SE6 青蔥 粉蔥 ,48.4,37.9,27.0,37.8,-11.48,22882.0,7.03,5,3,2018,0
2018-05-03,台北一,SE6 青蔥 粉蔥 ,46.6,34.4,23.3,34.6,-8.47,23063.0,0.79,5,4,2018,0
2018-05-04,台北一,SE6 青蔥 粉蔥 ,49.4,38.5,27.9,38.6,11.56,21293.0,-7.67,5,5,2018,0
2018-05-05,台北一,SE6 青蔥 粉蔥 ,47.8,37.1,24.9,36.8,-4.66,24645.0,15.74,5,6,2018,0
2018-05-06,台北一,SE6 青蔥 粉蔥 ,45.7,36.0,25.8,35.9,-2.45,26453.0,7.34,5,7,2018,0
2018-05-07,台北一,SE6 青蔥 粉蔥 ,,,,,,,,5,1,2018,1
2018-05-08,台北一,SE6 青蔥 粉蔥 ,51.7,42.7,33.3,42.6,18.66,19166.0,-27.55,5,2,2018,0
2018-05-09,台北一,SE6 青蔥 粉蔥 ,49.3,42.0,35.0,42.1,-1.17,20172.0,5.25,5,3,2018,0
2018-05-10,台北一,SE6 青蔥 粉蔥 ,54.2,47.5,36.9,46.7,10.93,18636.0,-7.61,5,4,2018,0
2018-05-11,台北一,SE6 青蔥 粉蔥 ,54.1,47.4,36.4,46.6,-0.21,22433.0,20.37,5,5,2018,0
2018-05-12,台北一,SE6 青蔥 粉蔥 ,53.3,42.0,27.2,41.3,-11.37,26571.0,18.45,5,6,2018,0
2018-05-13,台北一,SE6 青蔥 粉蔥 ,44.3,33.1,22.6,33.3,-19.37,27010.0,1.65,5,7,2018,0
2018-05-14,台北一,SE6 青蔥 粉蔥 ,,,,,,,,5,1,2018,1
2018-05-15,台北一,SE6 青蔥 粉蔥 ,48.5,38.0,25.8,37.6,12.91,20834.0,-22.87,5,2,2018,0
2018-05-16,台北一,SE6 青蔥 粉蔥 ,44.9,34.1,21.9,33.8,-10.11,21890.0,5.07,5,3,2018,0
2018-05-17,台北一,SE6 青蔥 粉蔥 ,41.6,29.7,20.2,30.2,-10.65,22141.0,1.15,5,4,2018,0
2018-05-18,台北一,SE6 青蔥 粉蔥 ,45.0,31.1,19.6,31.6,4.64,20225.0,-8.65,5,5,2018,0
2018-05-19,台北一,SE6 青蔥 粉蔥 ,47.7,32.8,18.0,32.8,3.8,22318.0,10.35,5,6,2018,0
2018-05-20,台北一,SE6 青蔥 粉蔥 ,50.8,35.6,20.6,35.7,8.84,24150.0,8.21,5,7,2018,0
2018-05-21,台北一,SE6 青蔥 粉蔥 ,,,,,,,,5,1,2018,1
2018-05-22,台北一,SE6 青蔥 粉蔥 ,52.6,39.9,24.1,39.3,10.08,20395.0,-15.55,5,2,2018,0
2018-05-23,台北一,SE6 青蔥 粉蔥 ,49.8,36.4,24.2,36.6,-6.87,22268.0,9.18,5,3,2018,0
2018-05-24,台北一,SE6 青蔥 粉蔥 ,49.8,35.8,22.0,35.8,-2.19,21355.0,-4.1,5,4,2018,0
2018-05-25,台北一,SE6 青蔥 粉蔥 ,48.9,37.1,24.0,36.8,2.79,21130.0,-1.05,5,5,2018,0
2018-05-26,台北一,SE6 青蔥 粉蔥 ,47.2,35.1,21.4,34.8,-5.43,23719.0,12.25,5,6,2018,0
2018-05-27,台北一,SE6 青蔥 粉蔥 ,47.2,35.7,24.0,35.7,2.59,24466.0,3.15,5,7,2018,0
2018-05-28,台北一,SE6 青蔥 粉蔥 ,,,,,,,,5,1,2018,1
2018-05-29,台北一,SE6 青蔥 粉蔥 ,44.1,32.0,20.9,32.2,-9.8,26442.0,8.08,5,2,2018,0
2018-05-30,台北一,SE6 青蔥 粉蔥 ,41.2,28.8,20.7,29.6,-8.07,21866.0,-17.31,5,3,2018,0
2018-05-31,台北一,SE6 青蔥 粉蔥 ,41.6,29.0,17.9,29.3,-1.01,19003.0,-13.09,5,4,2018,0
2018-06-01,台北一,SE6 青蔥 粉蔥 ,47.4,36.5,23.8,36.1,23.21,17370.0,-8.59,6,5,2018,0
2018-06-02,台北一,SE6 青蔥 粉蔥 ,49.3,39.0,31.2,39.5,9.42,19909.0,14.62,6,6,2018,0
2018-06-03,台北一,SE6 青蔥 粉蔥 ,55.3,45.7,31.4,44.8,13.42,21502.0,8.0,6,7,2018,0
2018-06-04,台北一,SE6 青蔥 粉蔥 ,,,,,,,,6,1,2018,1
2018-06-05,台北一,SE6 青蔥 粉蔥 ,64.3,49.7,34.0,49.5,10.49,20258.0,-5.79,6,2,2018,0
2018-06-06,台北一,SE6 青蔥 粉蔥 ,56.9,44.9,32.9,44.9,-9.29,20641.0,1.89,6,3,2018,0
2018-06-07,台北一,SE6 青蔥 粉蔥 ,53.1,40.4,28.0,40.4,-10.02,19709.0,-4.52,6,4,2018,0
2018-06-08,台北一,SE6 青蔥 粉蔥 ,50.6,39.0,25.7,38.6,-4.46,21592.0,9.55,6,5,2018,0
2018-06-09,台北一,SE6 青蔥 粉蔥 ,51.5,38.2,26.4,38.5,-0.26,21108.0,-2.24,6,6,2018,0
2018-06-10,台北一,SE6 青蔥 粉蔥 ,52.8,36.9,26.0,37.9,-1.56,21831.0,3.43,6,7,2018,0
2018-06-11,台北一,SE6 青蔥 粉蔥 ,,,,,,,,6,1,2018,1
2018-06-12,台北一,SE6 青蔥 粉蔥 ,55.6,44.6,32.0,44.2,16.62,19821.0,-9.21,6,2,2018,0
2018-06-13,台北一,SE6 青蔥 粉蔥 ,63.0,52.0,38.1,51.4,16.29,18386.0,-7.24,6,3,2018,0
2018-06-14,台北一,SE6 青蔥 粉蔥 ,63.4,53.8,41.7,53.3,3.7,20368.0,10.78,6,4,2018,0
2018-06-15,台北一,SE6 青蔥 粉蔥 ,59.9,48.9,37.4,48.8,-8.44,23407.0,14.92,6,5,2018,0
2018-06-16,台北一,SE6 青蔥 粉蔥 ,63.4,52.7,42.0,52.7,7.99,22001.0,-6.01,6,6,2018,0
2018-06-17,台北一,SE6 青蔥 粉蔥 ,56.3,44.1,30.9,43.9,-16.7,23648.0,7.49,6,7,2018,0
2018-06-18,台北一,SE6 青蔥 粉蔥 ,51.7,34.8,22.1,35.7,-18.68,21074.0,-10.88,6,1,2018,0
2018-06-19,台北一,SE6 青蔥 粉蔥 ,,,,,,,,6,2,2018,1
2018-06-20,台北一,SE6 青蔥 粉蔥 ,,,,,,,,6,3,2018,1
2018-06-21,台北一,SE6 青蔥 粉蔥 ,66.7,58.4,43.0,57.0,59.66,15836.0,-24.86,6,4,2018,0
2018-06-22,台北一,SE6 青蔥 粉蔥 ,60.3,48.5,34.1,48.0,-15.79,17201.0,8.62,6,5,2018,0
2018-06-23,台北一,SE6 青蔥 粉蔥 ,62.0,50.5,36.1,49.9,3.96,18596.0,8.11,6,6,2018,0
2018-06-24,台北一,SE6 青蔥 粉蔥 ,55.5,43.9,33.0,44.0,-11.82,21478.0,15.5,6,7,2018,0
2018-06-25,台北一,SE6 青蔥 粉蔥 ,,,,,,,,6,1,2018,1
2018-06-26,台北一,SE6 青蔥 粉蔥 ,54.0,39.6,27.7,40.1,-8.86,22064.0,2.73,6,2,2018,0
2018-06-27,台北一,SE6 青蔥 粉蔥 ,51.7,39.7,29.9,40.1,0.0,19472.0,-11.75,6,3,2018,0
2018-06-28,台北一,SE6 青蔥 粉蔥 ,48.6,37.9,29.0,38.2,-4.74,18459.0,-5.2,6,4,2018,0
2018-06-29,台北一,SE6 青蔥 粉蔥 ,50.6,41.1,31.3,41.1,7.59,17902.0,-3.02,6,5,2018,0
2018-06-30,台北一,SE6 青蔥 粉蔥 ,50.7,41.5,31.5,41.4,0.73,18710.0,4.51,6,6,2018,0
2018-07-01,台北一,SE6 青蔥 粉蔥 ,53.3,41.7,27.9,41.2,-0.48,20613.0,10.17,7,7,2018,0
2018-07-02,台北一,SE6 青蔥 粉蔥 ,,,,,,,,7,1,2018,1
2018-07-03,台北一,SE6 青蔥 粉蔥 ,77.7,70.3,59.1,69.5,68.69,13942.0,-32.36,7,2,2018,0
2018-07-04,台北一,SE6 青蔥 粉蔥 ,55.7,44.0,33.7,44.3,-36.26,19543.0,40.17,7,3,2018,0
2018-07-05,台北一,SE6 青蔥 粉蔥 ,53.0,38.6,23.4,38.4,-13.32,20450.0,4.64,7,4,2018,0
2018-07-06,台北一,SE6 青蔥 粉蔥 ,64.7,48.3,24.6,46.9,22.14,16241.0,-20.58,7,5,2018,0
2018-07-07,台北一,SE6 青蔥 粉蔥 ,69.5,53.5,34.4,52.9,12.79,17028.0,4.85,7,6,2018,0
2018-07-08,台北一,SE6 青蔥 粉蔥 ,94.4,75.3,54.4,75.0,41.78,18278.0,7.34,7,7,2018,0
2018-07-09,台北一,SE6 青蔥 粉蔥 ,,,,,,,,7,1,2018,1
2018-07-10,台北一,SE6 青蔥 粉蔥 ,84.6,62.8,43.6,63.3,-15.6,31225.0,70.83,7,2,2018,0
2018-07-11,台北一,SE6 青蔥 粉蔥 ,61.8,40.2,20.7,40.6,-35.86,14821.0,-52.53,7,3,2018,0
2018-07-12,台北一,SE6 青蔥 粉蔥 ,72.5,54.1,36.2,54.2,33.5,16494.0,11.29,7,4,2018,0
2018-07-13,台北一,SE6 青蔥 粉蔥 ,59.2,40.0,23.9,40.7,-24.91,18854.0,14.31,7,5,2018,0
2018-07-14,台北一,SE6 青蔥 粉蔥 ,51.1,33.9,20.6,34.7,-14.74,20210.0,7.19,7,6,2018,0
2018-07-15,台北一,SE6 青蔥 粉蔥 ,52.4,37.2,24.6,37.7,8.65,19308.0,-4.46,7,7,2018,0
2018-07-16,台北一,SE6 青蔥 粉蔥 ,,,,,,,,7,1,2018,1
2018-07-17,台北一,SE6 青蔥 粉蔥 ,53.5,42.5,25.8,41.4,9.81,18643.0,-3.44,7,2,2018,0
2018-07-18,台北一,SE6 青蔥 粉蔥 ,55.7,45.3,26.5,43.6,5.31,15691.0,-15.83,7,3,2018,0
2018-07-19,台北一,SE6 青蔥 粉蔥 ,55.1,42.5,26.1,41.8,-4.13,17023.0,8.49,7,4,2018,0
2018-07-20,台北一,SE6 青蔥 粉蔥 ,54.6,43.8,28.3,42.9,2.63,17348.0,1.91,7,5,2018,0
2018-07-21,台北一,SE6 青蔥 粉蔥 ,53.3,43.2,33.0,43.2,0.7,20125.0,16.01,7,6,2018,0
2018-07-22,台北一,SE6 青蔥 粉蔥 ,58.9,47.9,36.7,47.9,10.88,19116.0,-5.01,7,7,2018,0
2018-07-23,台北一,SE6 青蔥 粉蔥 ,,,,,,,,7,1,2018,1
2018-07-24,台北一,SE6 青蔥 粉蔥 ,56.3,46.9,39.5,47.3,-1.25,20703.0,8.3,7,2,2018,0
2018-07-25,台北一,SE6 青蔥 粉蔥 ,50.6,40.9,29.9,40.7,-13.95,20518.0,-0.89,7,3,2018,0
2018-07-26,台北一,SE6 青蔥 粉蔥 ,45.6,34.7,22.7,34.5,-15.23,18750.0,-8.62,7,4,2018,0
2018-07-27,台北一,SE6 青蔥 粉蔥 ,50.1,37.4,23.5,37.2,7.83,17872.0,-4.68,7,5,2018,0
2018-07-28,台北一,SE6 青蔥 粉蔥 ,46.6,36.3,24.1,35.9,-3.49,18790.0,5.14,7,6,2018,0
2018-07-29,台北一,SE6 青蔥 粉蔥 ,47.2,35.3,24.4,35.5,-1.11,21672.0,15.34,7,7,2018,0
2018-07-30,台北一,SE6 青蔥 粉蔥 ,,,,,,,,7,1,2018,1
2018-07-31,台北一,SE6 青蔥 粉蔥 ,47.4,35.8,25.0,36.0,1.41,20703.0,-4.47,7,2,2018,0
2018-08-01,台北一,SE6 青蔥 粉蔥 ,42.0,32.6,24.5,32.9,-8.61,19716.0,-4.77,8,3,2018,0
2018-08-02,台北一,SE6 青蔥 粉蔥 ,39.3,30.8,22.3,30.8,-6.38,18840.0,-4.44,8,4,2018,0
2018-08-03,台北一,SE6 青蔥 粉蔥 ,41.8,33.5,24.3,33.3,8.12,16501.0,-12.42,8,5,2018,0
2018-08-04,台北一,SE6 青蔥 粉蔥 ,50.4,39.2,31.3,39.9,19.82,15589.0,-5.53,8,6,2018,0
2018-08-05,台北一,SE6 青蔥 粉蔥 ,55.0,43.7,34.3,44.1,10.53,16773.0,7.6,8,7,2018,0
2018-08-06,台北一,SE6 青蔥 粉蔥 ,,,,,,,,8,1,2018,1
2018-08-07,台北一,SE6 青蔥 粉蔥 ,52.5,40.8,29.2,40.8,-7.48,19546.0,16.53,8,2,2018,0
2018-08-08,台北一,SE6 青蔥 粉蔥 ,48.9,36.9,26.5,37.2,-8.82,17320.0,-11.39,8,3,2018,0
2018-08-09,台北一,SE6 青蔥 粉蔥 ,50.2,38.4,27.9,38.6,3.76,17167.0,-0.88,8,4,2018,0
2018-08-10,台北一,SE6 青蔥 粉蔥 ,46.7,35.6,25.8,35.9,-6.99,19482.0,13.49,8,5,2018,0
2018-08-11,台北一,SE6 青蔥 粉蔥 ,45.1,33.0,22.9,33.4,-6.96,21192.0,8.78,8,6,2018,0
2018-08-12,台北一,SE6 青蔥 粉蔥 ,44.2,31.7,20.6,31.9,-4.49,22220.0,4.85,8,7,2018,0
2018-08-13,台北一,SE6 青蔥 粉蔥 ,,,,,,,,8,1,2018,1
2018-08-14,台北一,SE6 青蔥 粉蔥 ,42.5,31.7,22.0,31.9,0.0,22580.0,1.62,8,2,2018,0
2018-08-15,台北一,SE6 青蔥 粉蔥 ,44.0,31.9,22.5,32.4,1.57,17675.0,-21.72,8,3,2018,0
2018-08-16,台北一,SE6 青蔥 粉蔥 ,44.0,33.2,24.4,33.6,3.7,18378.0,3.98,8,4,2018,0
2018-08-17,台北一,SE6 青蔥 粉蔥 ,43.9,33.3,25.0,33.7,0.3,18319.0,-0.32,8,5,2018,0
2018-08-18,台北一,SE6 青蔥 粉蔥 ,43.5,32.0,23.1,32.5,-3.56,22572.0,23.22,8,6,2018,0
2018-08-19,台北一,SE6 青蔥 粉蔥 ,40.2,30.0,20.1,30.0,-7.69,22210.0,-1.6,8,7,2018,0
2018-08-20,台北一,SE6 青蔥 粉蔥 ,,,,,,,,8,1,2018,1
2018-08-21,台北一,SE6 青蔥 粉蔥 ,38.1,28.5,19.7,28.7,-4.33,24603.0,10.77,8,2,2018,0
2018-08-22,台北一,SE6 青蔥 粉蔥 ,38.1,29.6,22.0,29.8,3.83,20985.0,-14.71,8,3,2018,0
2018-08-23,台北一,SE6 青蔥 粉蔥 ,42.1,33.2,23.4,33.0,10.74,21737.0,3.58,8,4,2018,0
2018-08-24,台北一,SE6 青蔥 粉蔥 ,44.5,34.7,24.4,34.6,4.85,26372.0,21.32,8,5,2018,0
2018-08-25,台北一,SE6 青蔥 粉蔥 ,51.2,37.8,27.4,38.4,10.98,28562.0,8.3,8,6,2018,0
2018-08-26,台北一,SE6 青蔥 粉蔥 ,,,,,,,,8,7,2018,1
2018-08-27,台北一,SE6 青蔥 粉蔥 ,,,,,,,,8,1,2018,1
2018-08-28,台北一,SE6 青蔥 粉蔥 ,52.3,38.9,26.9,39.2,2.08,23943.0,-16.17,8,2,2018,0
2018-08-29,台北一,SE6 青蔥 粉蔥 ,46.8,35.5,26.7,36.0,-8.16,21320.0,-10.96,8,3,2018,0
2018-08-30,台北一,SE6 青蔥 粉蔥 ,49.7,37.7,26.5,37.8,5.0,19667.0,-7.75,8,4,2018,0
2018-08-31,台北一,SE6 青蔥 粉蔥 ,54.9,38.1,25.1,38.8,2.65,20924.0,6.39,8,5,2018,0
2018-09-01,台北一,SE6 青蔥 粉蔥 ,51.3,35.3,23.3,36.1,-6.96,24605.0,17.59,9,6,2018,0
2018-09-02,台北一,SE6 青蔥 粉蔥 ,46.4,33.9,19.0,33.4,-7.48,25008.0,1.64,9,7,2018,0
2018-09-03,台北一,SE6 青蔥 粉蔥 ,,,,,,,,9,1,2018,1
2018-09-04,台北一,SE6 青蔥 粉蔥 ,53.8,40.3,25.8,40.1,20.06,21578.0,-13.72,9,2,2018,0
2018-09-05,台北一,SE6 青蔥 粉蔥 ,54.1,38.6,28.6,39.7,-1.0,19373.0,-10.22,9,3,2018,0
2018-09-06,台北一,SE6 青蔥 粉蔥 ,57.9,45.2,33.0,45.3,14.11,16397.0,-15.36,9,4,2018,0
2018-09-07,台北一,SE6 青蔥 粉蔥 ,62.9,48.9,33.2,48.5,7.06,17912.0,9.24,9,5,2018,0
2018-09-08,台北一,SE6 青蔥 粉蔥 ,72.9,60.5,44.9,59.9,23.51,16491.0,-7.93,9,6,2018,0
2018-09-09,台北一,SE6 青蔥 粉蔥 ,68.6,57.3,42.2,56.6,-5.51,20347.0,23.38,9,7,2018,0
2018-09-10,台北一,SE6 青蔥 粉蔥 ,,,,,,,,9,1,2018,1
2018-09-11,台北一,SE6 青蔥 粉蔥 ,70.0,55.6,42.4,55.9,-1.24,19671.0,-3.32,9,2,2018,0
2018-09-12,台北一,SE6 青蔥 粉蔥 ,78.6,64.5,45.6,63.5,13.6,17319.0,-11.96,9,3,2018,0
2018-09-13,台北一,SE6 青蔥 粉蔥 ,76.0,56.3,36.4,56.2,-11.5,18312.0,5.73,9,4,2018,0
2018-09-14,台北一,SE6 青蔥 粉蔥 ,69.0,46.0,25.4,46.5,-17.26,19465.0,6.3,9,5,2018,0
2018-09-15,台北一,SE6 青蔥 粉蔥 ,58.2,41.4,21.6,40.8,-12.26,18256.0,-6.21,9,6,2018,0
2018-09-16,台北一,SE6 青蔥 粉蔥 ,67.7,48.7,31.4,49.1,20.34,15394.0,-15.68,9,7,2018,0
2018-09-17,台北一,SE6 青蔥 粉蔥 ,,,,,,,,9,1,2018,1
2018-09-18,台北一,SE6 青蔥 粉蔥 ,70.2,54.7,35.2,53.9,9.78,16584.0,7.73,9,2,2018,0
2018-09-19,台北一,SE6 青蔥 粉蔥 ,72.1,54.4,30.6,53.2,-1.3,13766.0,-16.99,9,3,2018,0
2018-09-20,台北一,SE6 青蔥 粉蔥 ,77.0,63.0,43.6,61.9,16.35,13869.0,0.75,9,4,2018,0
2018-09-21,台北一,SE6 青蔥 粉蔥 ,74.3,58.6,38.5,57.7,-6.79,17234.0,24.26,9,5,2018,0
2018-09-22,台北一,SE6 青蔥 粉蔥 ,73.2,55.1,34.4,54.6,-5.37,21325.0,23.74,9,6,2018,0
2018-09-23,台北一,SE6 青蔥 粉蔥 ,75.2,58.9,37.5,57.9,6.04,22916.0,7.46,9,7,2018,0
2018-09-24,台北一,SE6 青蔥 粉蔥 ,60.8,47.8,30.7,47.0,-18.83,4131.0,-81.97,9,1,2018,0
2018-09-25,台北一,SE6 青蔥 粉蔥 ,,,,,,,,9,2,2018,1
2018-09-26,台北一,SE6 青蔥 粉蔥 ,,,,,,,,9,3,2018,1
2018-09-27,台北一,SE6 青蔥 粉蔥 ,77.5,67.8,44.0,65.0,38.3,15194.0,267.8,9,4,2018,0
2018-09-28,台北一,SE6 青蔥 粉蔥 ,75.9,65.3,46.0,63.6,-2.15,13809.0,-9.12,9,5,2018,0
2018-09-29,台北一,SE6 青蔥 粉蔥 ,80.1,67.3,50.9,66.6,4.72,12972.0,-6.06,9,6,2018,0
2018-09-30,台北一,SE6 青蔥 粉蔥 ,77.1,61.8,46.8,61.9,-7.06,13141.0,1.3,9,7,2018,0
2018-10-01,台北一,SE6 青蔥 粉蔥 ,,,,,,,,10,1,2018,1
2018-10-02,台北一,SE6 青蔥 粉蔥 ,76.9,66.2,48.1,64.7,4.52,14492.0,10.28,10,2,2018,0
2018-10-03,台北一,SE6 青蔥 粉蔥 ,78.3,62.6,46.4,62.5,-3.4,12462.0,-14.01,10,3,2018,0
2018-10-04,台北一,SE6 青蔥 粉蔥 ,77.1,65.6,47.6,64.3,2.88,11786.0,-5.42,10,4,2018,0
2018-10-05,台北一,SE6 青蔥 粉蔥 ,79.5,67.1,48.4,65.8,2.33,11303.0,-4.1,10,5,2018,0
2018-10-06,台北一,SE6 青蔥 粉蔥 ,74.6,63.9,46.5,62.6,-4.86,14236.0,25.95,10,6,2018,0
2018-10-07,台北一,SE6 青蔥 粉蔥 ,75.0,62.2,39.9,60.3,-3.67,15489.0,8.8,10,7,2018,0
2018-10-08,台北一,SE6 青蔥 粉蔥 ,,,,,,,,10,1,2018,1
2018-10-09,台北一,SE6 青蔥 粉蔥 ,78.0,64.4,44.9,63.2,4.81,15186.0,-1.96,10,2,2018,0
2018-10-10,台北一,SE6 青蔥 粉蔥 ,76.4,59.6,40.1,59.1,-6.49,13687.0,-9.87,10,3,2018,0
2018-10-11,台北一,SE6 青蔥 粉蔥 ,72.4,54.8,31.6,53.7,-9.14,13999.0,2.28,10,4,2018,0
2018-10-12,台北一,SE6 青蔥 粉蔥 ,67.2,49.0,31.5,49.2,-8.38,14168.0,1.21,10,5,2018,0
2018-10-13,台北一,SE6 青蔥 粉蔥 ,63.3,49.1,34.4,49.0,-0.41,14227.0,0.42,10,6,2018,0
2018-10-14,台北一,SE6 青蔥 粉蔥 ,68.1,56.8,39.0,55.5,13.27,14598.0,2.61,10,7,2018,0
2018-10-15,台北一,SE6 青蔥 粉蔥 ,,,,,,,,10,1,2018,1
2018-10-16,台北一,SE6 青蔥 粉蔥 ,68.3,58.0,40.4,56.6,1.98,18071.0,23.79,10,2,2018,0
2018-10-17,台北一,SE6 青蔥 粉蔥 ,62.9,47.2,27.9,46.5,-17.84,18068.0,-0.02,10,3,2018,0
2018-10-18,台北一,SE6 青蔥 粉蔥 ,63.3,53.1,35.2,51.5,10.75,12948.0,-28.34,10,4,2018,0
2018-10-19,台北一,SE6 青蔥 粉蔥 ,61.2,48.2,31.9,47.5,-7.77,17423.0,34.56,10,5,2018,0
2018-10-20,台北一,SE6 青蔥 粉蔥 ,57.6,44.5,31.2,44.5,-6.32,18998.0,9.04,10,6,2018,0
2018-10-21,台北一,SE6 青蔥 粉蔥 ,61.9,42.3,26.5,43.0,-3.37,19376.0,1.99,10,7,2018,0
2018-10-22,台北一,SE6 青蔥 粉蔥 ,,,,,,,,10,1,2018,1
2018-10-23,台北一,SE6 青蔥 粉蔥 ,60.3,44.1,29.5,44.4,3.26,21613.0,11.55,10,2,2018,0
2018-10-24,台北一,SE6 青蔥 粉蔥 ,52.7,36.4,23.5,37.1,-16.44,20071.0,-7.13,10,3,2018,0
2018-10-25,台北一,SE6 青蔥 粉蔥 ,50.1,34.5,22.9,35.3,-4.85,17844.0,-11.1,10,4,2018,0
2018-10-26,台北一,SE6 青蔥 粉蔥 ,48.7,38.0,24.9,37.5,6.23,17516.0,-1.84,10,5,2018,0
2018-10-27,台北一,SE6 青蔥 粉蔥 ,55.1,37.0,26.4,38.5,2.67,16990.0,-3.0,10,6,2018,0
2018-10-28,台北一,SE6 青蔥 粉蔥 ,56.6,40.0,26.5,40.6,5.45,18520.0,9.01,10,7,2018,0
2018-10-29,台北一,SE6 青蔥 粉蔥 ,,,,,,,,10,1,2018,1
2018-10-30,台北一,SE6 青蔥 粉蔥 ,57.6,43.2,33.4,44.1,8.62,18377.0,-0.77,10,2,2018,0
2018-10-31,台北一,SE6 青蔥 粉蔥 ,52.8,41.4,31.0,41.6,-5.67,17107.0,-6.91,10,3,2018,0
2018-11-01,台北一,SE6 青蔥 粉蔥 ,53.2,40.3,28.2,40.5,-2.64,17250.0,0.84,11,4,2018,0
2018-11-02,台北一,SE6 青蔥 粉蔥 ,50.0,39.1,26.7,38.8,-4.2,18845.0,9.25,11,5,2018,0
2018-11-03,台北一,SE6 青蔥 粉蔥 ,47.2,33.3,20.3,33.5,-13.66,22175.0,17.67,11,6,2018,0
2018-11-04,台北一,SE6 青蔥 粉蔥 ,49.0,32.3,20.2,33.2,-0.9,22581.0,1.83,11,7,2018,0
2018-11-05,台北一,SE6 青蔥 粉蔥 ,,,,,,,,11,1,2018,1
2018-11-06,台北一,SE6 青蔥 粉蔥 ,43.5,30.6,18.8,30.8,-7.23,23778.0,5.3,11,2,2018,0
2018-11-07,台北一,SE6 青蔥 粉蔥 ,45.7,30.7,19.1,31.4,1.95,18922.0,-20.42,11,3,2018,0
2018-11-08,台北一,SE6 青蔥 粉蔥 ,42.5,29.5,20.1,30.2,-3.82,19015.0,0.49,11,4,2018,0
2018-11-09,台北一,SE6 青蔥 粉蔥 ,41.2,29.1,11.1,28.0,-7.28,19867.0,4.48,11,5,2018,0
2018-11-10,台北一,SE6 青蔥 粉蔥 ,40.9,28.0,10.6,27.1,-3.21,20446.0,2.91,11,6,2018,0
2018-11-11,台北一,SE6 青蔥 粉蔥 ,46.5,33.2,15.6,32.3,19.19,18529.0,-9.38,11,7,2018,0
2018-11-12,台北一,SE6 青蔥 粉蔥 ,,,,,,,,11,1,2018,1
2018-11-13,台北一,SE6 青蔥 粉蔥 ,47.2,33.7,18.3,33.4,3.41,21497.0,16.02,11,2,2018,0
2018-11-14,台北一,SE6 青蔥 粉蔥 ,50.7,37.8,23.5,37.5,12.28,19722.0,-8.26,11,3,2018,0
2018-11-15,台北一,SE6 青蔥 粉蔥 ,48.1,34.3,20.4,34.3,-8.53,21355.0,8.28,11,4,2018,0
2018-11-16,台北一,SE6 青蔥 粉蔥 ,43.6,29.6,18.0,30.1,-12.24,22398.0,4.88,11,5,2018,0
2018-11-17,台北一,SE6 青蔥 粉蔥 ,42.1,28.5,17.0,28.9,-3.99,22576.0,0.79,11,6,2018,0
2018-11-18,台北一,SE6 青蔥 粉蔥 ,46.9,31.6,18.3,32.0,10.73,20764.0,-8.03,11,7,2018,0
2018-11-19,台北一,SE6 青蔥 粉蔥 ,,,,,,,,11,1,2018,1
2018-11-20,台北一,SE6 青蔥 粉蔥 ,44.9,32.6,23.5,33.2,3.75,22580.0,8.75,11,2,2018,0
2018-11-21,台北一,SE6 青蔥 粉蔥 ,40.7,29.9,19.3,29.9,-9.94,22816.0,1.05,11,3,2018,0
2018-11-22,台北一,SE6 青蔥 粉蔥 ,38.7,27.0,16.0,27.2,-9.03,21549.0,-5.55,11,4,2018,0
2018-11-23,台北一,SE6 青蔥 粉蔥 ,38.6,26.9,15.6,27.0,-0.74,21275.0,-1.27,11,5,2018,0
2018-11-24,台北一,SE6 青蔥 粉蔥 ,44.3,29.9,16.8,30.2,11.85,20016.0,-5.92,11,6,2018,0
2018-11-25,台北一,SE6 青蔥 粉蔥 ,48.8,34.9,18.6,34.4,13.91,20985.0,4.84,11,7,2018,0
2018-11-26,台北一,SE6 青蔥 粉蔥 ,,,,,,,,11,1,2018,1
2018-11-27,台北一,SE6 青蔥 粉蔥 ,50.0,39.2,23.2,38.2,11.05,19880.0,-5.27,11,2,2018,0
2018-11-28,台北一,SE6 青蔥 粉蔥 ,47.7,35.5,22.4,35.3,-7.59,20320.0,2.21,11,3,2018,0
2018-11-29,台北一,SE6 青蔥 粉蔥 ,44.8,35.0,24.5,34.9,-1.13,23013.0,13.25,11,4,2018,0
2018-11-30,台北一,SE6 青蔥 粉蔥 ,40.7,29.5,19.2,29.7,-14.9,25980.0,12.89,11,5,2018,0
2018-12-01,台北一,SE6 青蔥 粉蔥 ,40.1,25.9,14.6,26.5,-10.77,26784.0,3.09,12,6,2018,0
2018-12-02,台北一,SE6 青蔥 粉蔥 ,44.6,28.1,18.2,29.4,10.94,24086.0,-10.07,12,7,2018,0
2018-12-03,台北一,SE6 青蔥 粉蔥 ,,,,,,,,12,1,2018,1
2018-12-04,台北一,SE6 青蔥 粉蔥 ,42.4,26.0,16.4,27.4,-6.8,26865.0,11.54,12,2,2018,0
2018-12-05,台北一,SE6 青蔥 粉蔥 ,42.0,25.8,14.6,26.8,-2.19,25119.0,-6.5,12,3,2018,0
2018-12-06,台北一,SE6 青蔥 粉蔥 ,40.5,23.2,14.6,25.0,-6.72,22927.0,-8.73,12,4,2018,0
2018-12-07,台北一,SE6 青蔥 粉蔥 ,38.2,23.0,13.2,24.1,-3.6,23355.0,1.87,12,5,2018,0
2018-12-08,台北一,SE6 青蔥 粉蔥 ,44.6,27.2,18.8,29.0,20.33,23802.0,1.91,12,6,2018,0
2018-12-09,台北一,SE6 青蔥 粉蔥 ,43.9,28.7,18.7,29.7,2.41,23825.0,0.1,12,7,2018,0
2018-12-10,台北一,SE6 青蔥 粉蔥 ,,,,,,,,12,1,2018,1
2018-12-11,台北一,SE6 青蔥 粉蔥 ,43.2,28.1,18.9,29.3,-1.35,26051.0,9.34,12,2,2018,0
2018-12-12,台北一,SE6 青蔥 粉蔥 ,38.2,22.7,12.6,23.8,-18.77,30124.0,15.63,12,3,2018,0
2018-12-13,台北一,SE6 青蔥 粉蔥 ,35.0,22.1,11.9,22.6,-5.04,24358.0,-19.14,12,4,2018,0
2018-12-14,台北一,SE6 青蔥 粉蔥 ,34.1,21.1,13.1,22.1,-2.21,23218.0,-4.68,12,5,2018,0
2018-12-15,台北一,SE6 青蔥 粉蔥 ,36.0,24.0,16.6,24.9,12.67,23325.0,0.46,12,6,2018,0
2018-12-16,台北一,SE6 青蔥 粉蔥 ,44.7,33.2,25.2,33.9,36.14,19223.0,-17.59,12,7,2018,0
2018-12-17,台北一,SE6 青蔥 粉蔥 ,,,,,,,,12,1,2018,1
2018-12-18,台北一,SE6 青蔥 粉蔥 ,41.6,32.5,25.9,33.0,-2.65,22023.0,14.57,12,2,2018,0
2018-12-19,台北一,SE6 青蔥 粉蔥 ,40.4,26.6,20.0,28.0,-15.15,24781.0,12.52,12,3,2018,0
2018-12-20,台北一,SE6 青蔥 粉蔥 ,40.4,27.5,19.6,28.5,1.79,22217.0,-10.35,12,4,2018,0
2018-12-21,台北一,SE6 青蔥 粉蔥 ,39.2,25.7,18.0,26.9,-5.61,24201.0,8.93,12,5,2018,0
2018-12-22,台北一,SE6 青蔥 粉蔥 ,41.7,28.8,20.1,29.6,10.04,23590.0,-2.52,12,6,2018,0
2018-12-23,台北一,SE6 青蔥 粉蔥 ,39.8,26.9,17.1,27.5,-7.09,24053.0,1.96,12,7,2018,0
2018-12-24,台北一,SE6 青蔥 粉蔥 ,,,,,,,,12,1,2018,1
2018-12-25,台北一,SE6 青蔥 粉蔥 ,40.2,27.4,18.5,28.2,2.55,26193.0,8.9,12,2,2018,0
2018-12-26,台北一,SE6 青蔥 粉蔥 ,34.2,22.0,13.8,22.8,-19.15,27772.0,6.03,12,3,2018,0
2018-12-27,台北一,SE6 青蔥 粉蔥 ,30.5,20.2,10.3,20.3,-10.96,26246.0,-5.49,12,4,2018,0
2018-12-28,台北一,SE6 青蔥 粉蔥 ,28.8,17.5,11.3,18.5,-8.87,26777.0,2.02,12,5,2018,0
2018-12-29,台北一,SE6 青蔥 粉蔥 ,28.3,18.6,13.8,19.6,5.95,26542.0,-0.88,12,6,2018,0
2018-12-30,台北一,SE6 青蔥 粉蔥 ,36.4,26.6,16.5,26.6,35.71,21501.0,-18.99,12,7,2018,0
2018-12-31,台北一,SE6 青蔥 粉蔥 ,,,,,,,,12,1,2018,1
2019-01-01,台北一,SE6 青蔥 粉蔥 ,38.1,29.0,22.1,29.5,10.9,22613.0,5.17,1,2,2019,0
2019-01-02,台北一,SE6 青蔥 粉蔥 ,36.4,25.8,20.0,26.8,-9.15,21895.0,-3.18,1,3,2019,0
2019-01-03,台北一,SE6 青蔥 粉蔥 ,32.3,22.6,18.7,23.8,-11.19,23584.0,7.71,1,4,2019,0
2019-01-04,台北一,SE6 青蔥 粉蔥 ,31.1,21.5,16.0,22.3,-6.3,24812.0,5.21,1,5,2019,0
2019-01-05,台北一,SE6 青蔥 粉蔥 ,33.6,23.8,16.6,24.3,8.97,25730.0,3.7,1,6,2019,0
2019-01-06,台北一,SE6 青蔥 粉蔥 ,32.6,20.7,13.0,21.6,-11.11,27659.0,7.5,1,7,2019,0
2019-01-07,台北一,SE6 青蔥 粉蔥 ,,,,,,,,1,1,2019,1
2019-01-08,台北一,SE6 青蔥 粉蔥 ,33.0,23.2,16.6,23.8,10.19,25485.0,-7.86,1,2,2019,0
2019-01-09,台北一,SE6 青蔥 粉蔥 ,30.8,20.9,14.3,21.5,-9.66,24399.0,-4.26,1,3,2019,0
2019-01-10,台北一,SE6 青蔥 粉蔥 ,29.5,20.1,12.9,20.5,-4.65,23152.0,-5.11,1,4,2019,0
2019-01-11,台北一,SE6 青蔥 粉蔥 ,30.1,20.3,14.8,21.1,2.93,24508.0,5.86,1,5,2019,0
2019-01-12,台北一,SE6 青蔥 粉蔥 ,28.4,19.7,13.8,20.3,-3.79,26616.0,8.6,1,6,2019,0
2019-01-13,台北一,SE6 青蔥 粉蔥 ,35.2,20.5,13.5,22.0,8.37,27799.0,4.44,1,7,2019,0
2019-01-14,台北一,SE6 青蔥 粉蔥 ,,,,,,,,1,1,2019,1
2019-01-15,台北一,SE6 青蔥 粉蔥 ,33.8,24.3,17.2,24.8,12.73,25052.0,-9.88,1,2,2019,0
2019-01-16,台北一,SE6 青蔥 粉蔥 ,35.4,24.9,15.4,25.1,1.21,24156.0,-3.58,1,3,2019,0
2019-01-17,台北一,SE6 青蔥 粉蔥 ,32.4,20.8,13.7,21.7,-13.55,24055.0,-0.42,1,4,2019,0
2019-01-18,台北一,SE6 青蔥 粉蔥 ,33.2,21.9,16.1,23.0,5.99,21724.0,-9.69,1,5,2019,0
2019-01-19,台北一,SE6 青蔥 粉蔥 ,35.1,24.9,18.7,25.7,11.74,23444.0,7.92,1,6,2019,0
2019-01-20,台北一,SE6 青蔥 粉蔥 ,30.9,22.1,14.1,22.3,-13.23,28959.0,23.52,1,7,2019,0
2019-01-21,台北一,SE6 青蔥 粉蔥 ,,,,,,,,1,1,2019,1
2019-01-22,台北一,SE6 青蔥 粉蔥 ,32.6,24.9,18.6,25.2,13.0,25458.0,-12.09,1,2,2019,0
2019-01-23,台北一,SE6 青蔥 粉蔥 ,31.8,22.2,15.3,22.8,-9.52,25113.0,-1.36,1,3,2019,0
2019-01-24,台北一,SE6 青蔥 粉蔥 ,31.3,23.5,17.4,23.8,4.39,21614.0,-13.93,1,4,2019,0
2019-01-25,台北一,SE6 青蔥 粉蔥 ,30.8,22.3,17.6,23.1,-2.94,24192.0,11.93,1,5,2019,0
2019-01-26,台北一,SE6 青蔥 粉蔥 ,35.4,26.2,19.2,26.7,15.58,26216.0,8.37,1,6,2019,0
2019-01-27,台北一,SE6 青蔥 粉蔥 ,33.9,23.9,15.7,24.3,-8.99,28621.0,9.17,1,7,2019,0
2019-01-28,台北一,SE6 青蔥 粉蔥 ,,,,,,,,1,1,2019,1
2019-01-29,台北一,SE6 青蔥 粉蔥 ,33.6,25.1,17.8,25.3,4.12,29420.0,2.79,1,2,2019,0
2019-01-30,台北一,SE6 青蔥 粉蔥 ,34.2,24.5,15.8,24.7,-2.37,27640.0,-6.05,1,3,2019,0
2019-01-31,台北一,SE6 青蔥 粉蔥 ,44.0,30.3,18.5,30.7,24.29,27711.0,0.26,1,4,2019,0
2019-02-01,台北一,SE6 青蔥 粉蔥 ,62.4,44.3,26.2,44.3,44.3,31727.0,14.49,2,5,2019,0
2019-02-02,台北一,SE6 青蔥 粉蔥 ,68.4,47.6,31.9,48.6,9.71,44110.0,39.03,2,6,2019,0
2019-02-03,台北一,SE6 青蔥 粉蔥 ,65.9,46.8,32.2,47.7,-1.85,44379.0,0.61,2,7,2019,0
2019-02-04,台北一,SE6 青蔥 粉蔥 ,67.6,48.6,29.1,48.5,1.68,19760.0,-55.47,2,1,2019,0
2019-02-05,台北一,SE6 青蔥 粉蔥 ,,,,,,,,2,2,2019,1
2019-02-06,台北一,SE6 青蔥 粉蔥 ,,,,,,,,2,3,2019,1
2019-02-07,台北一,SE6 青蔥 粉蔥 ,,,,,,,,2,4,2019,1
2019-02-08,台北一,SE6 青蔥 粉蔥 ,,,,,,,,2,5,2019,1
2019-02-09,台北一,SE6 青蔥 粉蔥 ,,,,,,,,2,6,2019,1
2019-02-10,台北一,SE6 青蔥 粉蔥 ,58.9,40.2,25.7,41.1,-15.26,22279.0,12.75,2,7,2019,0
2019-02-11,台北一,SE6 青蔥 粉蔥 ,53.5,32.1,22.0,34.4,-16.3,21667.0,-2.75,2,1,2019,0
2019-02-12,台北一,SE6 青蔥 粉蔥 ,52.1,36.5,24.6,37.3,8.43,23886.0,10.24,2,2,2019,0
2019-02-13,台北一,SE6 青蔥 粉蔥 ,,,,,,,,2,3,2019,1
2019-02-14,台北一,SE6 青蔥 粉蔥 ,43.0,26.2,18.3,28.0,-24.93,28154.0,17.87,2,4,2019,0
2019-02-15,台北一,SE6 青蔥 粉蔥 ,49.7,28.9,19.7,31.2,11.43,19825.0,-29.58,2,5,2019,0
2019-02-16,台北一,SE6 青蔥 粉蔥 ,54.6,32.3,22.4,34.8,11.54,20335.0,2.57,2,6,2019,0
2019-02-17,台北一,SE6 青蔥 粉蔥 ,54.7,33.1,19.2,34.6,-0.57,24192.0,18.97,2,7,2019,0
2019-02-18,台北一,SE6 青蔥 粉蔥 ,50.1,26.2,16.1,29.0,-16.18,21676.0,-10.4,2,1,2019,0
2019-02-19,台北一,SE6 青蔥 粉蔥 ,62.5,40.9,21.6,41.4,42.76,24601.0,13.49,2,2,2019,0
2019-02-20,台北一,SE6 青蔥 粉蔥 ,,,,,,,,2,3,2019,1
2019-02-21,台北一,SE6 青蔥 粉蔥 ,,,,,,,,2,4,2019,1
2019-02-22,台北一,SE6 青蔥 粉蔥 ,58.1,37.1,20.0,37.9,-8.45,24315.0,-1.16,2,5,2019,0
2019-02-23,台北一,SE6 青蔥 粉蔥 ,58.7,37.0,24.5,38.8,2.37,23838.0,-1.96,2,6,2019,0
2019-02-24,台北一,SE6 青蔥 粉蔥 ,52.6,31.6,21.7,33.8,-12.89,24727.0,3.73,2,7,2019,0
2019-02-25,台北一,SE6 青蔥 粉蔥 ,,,,,,,,2,1,2019,1
2019-02-26,台北一,SE6 青蔥 粉蔥 ,51.3,32.8,22.2,34.3,1.48,23684.0,-4.22,2,2,2019,0
2019-02-27,台北一,SE6 青蔥 粉蔥 ,52.1,34.0,22.9,35.4,3.21,19707.0,-16.79,2,3,2019,0
2019-02-28,台北一,SE6 青蔥 粉蔥 ,52.2,36.0,24.2,36.9,4.24,19651.0,-0.28,2,4,2019,0
2019-03-01,台北一,SE6 青蔥 粉蔥 ,52.9,40.3,29.7,40.7,10.3,20487.0,4.25,3,5,2019,0
2019-03-02,台北一,SE6 青蔥 粉蔥 ,48.8,38.0,27.0,37.9,-6.88,24993.0,21.99,3,6,2019,0
2019-03-03,台北一,SE6 青蔥 粉蔥 ,53.0,39.4,29.0,40.0,5.54,23019.0,-7.9,3,7,2019,0
2019-03-04,台北一,SE6 青蔥 粉蔥 ,,,,,,,,3,1,2019,1
2019-03-05,台北一,SE6 青蔥 粉蔥 ,55.4,41.4,29.6,41.8,4.5,20791.0,-9.68,3,2,2019,0
2019-03-06,台北一,SE6 青蔥 粉蔥 ,51.9,38.2,27.5,38.8,-7.18,21132.0,1.64,3,3,2019,0
2019-03-07,台北一,SE6 青蔥 粉蔥 ,46.2,35.4,23.6,35.2,-9.28,20521.0,-2.89,3,4,2019,0
2019-03-08,台北一,SE6 青蔥 粉蔥 ,49.2,37.4,26.6,37.6,6.82,17797.0,-13.27,3,5,2019,0
2019-03-09,台北一,SE6 青蔥 粉蔥 ,52.3,43.9,32.4,43.3,15.16,18838.0,5.85,3,6,2019,0
2019-03-10,台北一,SE6 青蔥 粉蔥 ,73.9,58.4,41.7,58.1,34.18,17790.0,-5.56,3,7,2019,0
2019-03-11,台北一,SE6 青蔥 粉蔥 ,,,,,,,,3,1,2019,1
2019-03-12,台北一,SE6 青蔥 粉蔥 ,64.3,47.0,33.8,47.8,-17.73,25753.0,44.76,3,2,2019,0
2019-03-13,台北一,SE6 青蔥 粉蔥 ,54.6,42.2,30.7,42.4,-11.3,22845.0,-11.29,3,3,2019,0
2019-03-14,台北一,SE6 青蔥 粉蔥 ,58.1,46.5,31.8,45.9,8.25,19852.0,-13.1,3,4,2019,0
2019-03-15,台北一,SE6 青蔥 粉蔥 ,55.3,41.3,27.4,41.3,-10.02,24695.0,24.4,3,5,2019,0
2019-03-16,台北一,SE6 青蔥 粉蔥 ,51.8,38.4,27.6,38.9,-5.81,26228.0,6.21,3,6,2019,0
2019-03-17,台北一,SE6 青蔥 粉蔥 ,53.0,39.3,27.5,39.7,2.06,25850.0,-1.44,3,7,2019,0
2019-03-18,台北一,SE6 青蔥 粉蔥 ,,,,,,,,3,1,2019,1
2019-03-19,台北一,SE6 青蔥 粉蔥 ,49.8,36.1,27.2,37.1,-6.55,28742.0,11.19,3,2,2019,0
2019-03-20,台北一,SE6 青蔥 粉蔥 ,48.1,34.2,22.8,34.7,-6.47,25465.0,-11.4,3,3,2019,0
2019-03-21,台北一,SE6 青蔥 粉蔥 ,45.0,32.5,20.4,32.6,-6.05,22284.0,-12.49,3,4,2019,0
2019-03-22,台北一,SE6 青蔥 粉蔥 ,49.2,32.8,19.8,33.5,2.76,22187.0,-0.44,3,5,2019,0
2019-03-23,台北一,SE6 青蔥 粉蔥 ,46.5,34.2,23.2,34.5,2.99,26222.0,18.19,3,6,2019,0
2019-03-24,台北一,SE6 青蔥 粉蔥 ,45.2,31.7,21.1,32.3,-6.38,27479.0,4.79,3,7,2019,0
2019-03-25,台北一,SE6 青蔥 粉蔥 ,,,,,,,,3,1,2019,1
2019-03-26,台北一,SE6 青蔥 粉蔥 ,49.0,37.5,26.4,37.6,16.41,23160.0,-15.72,3,2,2019,0
2019-03-27,台北一,SE6 青蔥 粉蔥 ,46.7,33.1,23.0,33.8,-10.11,22127.0,-4.46,3,3,2019,0
2019-03-28,台北一,SE6 青蔥 粉蔥 ,49.9,34.4,21.2,34.9,3.25,23832.0,7.71,3,4,2019,0
2019-03-29,台北一,SE6 青蔥 粉蔥 ,47.4,29.9,17.8,31.0,-11.17,28214.0,18.39,3,5,2019,0
2019-03-30,台北一,SE6 青蔥 粉蔥 ,46.8,28.7,15.9,29.8,-3.87,29563.0,4.78,3,6,2019,0
2019-03-31,台北一,SE6 青蔥 粉蔥 ,45.6,29.3,18.2,30.4,2.01,27808.0,-5.94,3,7,2019,0
2019-04-01,台北一,SE6 青蔥 粉蔥 ,,,,,,,,4,1,2019,1
2019-04-02,台北一,SE6 青蔥 粉蔥 ,44.5,31.1,24.6,32.5,6.91,26417.0,-5.0,4,2,2019,0
2019-04-03,台北一,SE6 青蔥 粉蔥 ,48.1,33.9,25.8,35.2,8.31,27222.0,3.05,4,3,2019,0
2019-04-04,台北一,SE6 青蔥 粉蔥 ,58.3,43.8,26.0,43.1,22.44,33790.0,24.13,4,4,2019,0
2019-04-05,台北一,SE6 青蔥 粉蔥 ,,,,,,,,4,5,2019,1
2019-04-06,台北一,SE6 青蔥 粉蔥 ,,,,,,,,4,6,2019,1
2019-04-07,台北一,SE6 青蔥 粉蔥 ,57.0,40.7,26.4,41.1,-4.64,31988.0,-5.33,4,7,2019,0
2019-04-08,台北一,SE6 青蔥 粉蔥 ,,,,,,,,4,1,2019,1
2019-04-09,台北一,SE6 青蔥 粉蔥 ,50.0,32.9,22.8,34.3,-16.55,30274.0,-5.36,4,2,2019,0
2019-04-10,台北一,SE6 青蔥 粉蔥 ,46.4,29.6,16.9,30.4,-11.37,24982.0,-17.48,4,3,2019,0
2019-04-11,台北一,SE6 青蔥 粉蔥 ,36.9,22.3,14.5,23.7,-22.04,27814.0,11.34,4,4,2019,0
2019-04-12,台北一,SE6 青蔥 粉蔥 ,40.5,24.5,17.0,26.2,10.55,23922.0,-13.99,4,5,2019,0
2019-04-13,台北一,SE6 青蔥 粉蔥 ,38.6,25.5,19.3,26.9,2.67,24480.0,2.33,4,6,2019,0
2019-04-14,台北一,SE6 青蔥 粉蔥 ,38.0,26.1,19.3,27.1,0.74,27594.0,12.72,4,7,2019,0
2019-04-15,台北一,SE6 青蔥 粉蔥 ,,,,,,,,4,1,2019,1
2019-04-16,台北一,SE6 青蔥 粉蔥 ,39.0,27.4,19.2,28.1,3.69,25496.0,-7.6,4,2,2019,0
2019-04-17,台北一,SE6 青蔥 粉蔥 ,37.5,25.8,18.2,26.6,-5.34,24085.0,-5.53,4,3,2019,0
2019-04-18,台北一,SE6 青蔥 粉蔥 ,38.6,25.5,14.0,25.8,-3.01,22941.0,-4.75,4,4,2019,0
2019-04-19,台北一,SE6 青蔥 粉蔥 ,41.3,26.7,15.7,27.4,6.2,23058.0,0.51,4,5,2019,0
2019-04-20,台北一,SE6 青蔥 粉蔥 ,40.3,26.7,18.3,27.7,1.09,23107.0,0.21,4,6,2019,0
2019-04-21,台北一,SE6 青蔥 粉蔥 ,39.6,25.7,18.0,26.9,-2.89,25547.0,10.56,4,7,2019,0
2019-04-22,台北一,SE6 青蔥 粉蔥 ,,,,,,,,4,1,2019,1
2019-04-23,台北一,SE6 青蔥 粉蔥 ,43.4,29.8,18.8,30.3,12.64,23158.0,-9.35,4,2,2019,0
2019-04-24,台北一,SE6 青蔥 粉蔥 ,39.0,26.7,18.4,27.5,-9.24,23146.0,-0.05,4,3,2019,0
2019-04-25,台北一,SE6 青蔥 粉蔥 ,39.2,26.1,16.8,26.9,-2.18,21791.0,-5.85,4,4,2019,0
2019-04-26,台北一,SE6 青蔥 粉蔥 ,37.4,24.8,16.0,25.6,-4.83,25623.0,17.59,4,5,2019,0
2019-04-27,台北一,SE6 青蔥 粉蔥 ,41.5,24.6,14.4,25.9,1.17,27233.0,6.28,4,6,2019,0
2019-04-28,台北一,SE6 青蔥 粉蔥 ,41.6,26.3,15.9,27.3,5.41,28745.0,5.55,4,7,2019,0
2019-04-29,台北一,SE6 青蔥 粉蔥 ,,,,,,,,4,1,2019,1
2019-04-30,台北一,SE6 青蔥 粉蔥 ,38.0,25.0,15.0,25.6,-6.23,27839.0,-3.15,4,2,2019,0
2019-05-01,台北一,SE6 青蔥 粉蔥 ,36.3,22.1,10.2,22.6,-11.72,25932.0,-6.85,5,3,2019,0
2019-05-02,台北一,SE6 青蔥 粉蔥 ,37.4,24.9,17.1,25.8,14.16,21207.0,-18.22,5,4,2019,0
2019-05-03,台北一,SE6 青蔥 粉蔥 ,37.4,26.4,18.0,26.9,4.26,20631.0,-2.72,5,5,2019,0
2019-05-04,台北一,SE6 青蔥 粉蔥 ,38.9,28.9,20.5,29.2,8.55,22958.0,11.28,5,6,2019,0
2019-05-05,台北一,SE6 青蔥 粉蔥 ,41.2,28.0,17.8,28.6,-2.05,24703.0,7.6,5,7,2019,0
2019-05-06,台北一,SE6 青蔥 粉蔥 ,,,,,,,,5,1,2019,1
2019-05-07,台北一,SE6 青蔥 粉蔥 ,42.3,30.0,17.5,30.0,4.9,25389.0,2.78,5,2,2019,0
2019-05-08,台北一,SE6 青蔥 粉蔥 ,42.4,30.0,19.5,30.4,1.33,21704.0,-14.51,5,3,2019,0
2019-05-09,台北一,SE6 青蔥 粉蔥 ,44.2,28.3,17.0,29.2,-3.95,24187.0,11.44,5,4,2019,0
2019-05-10,台北一,SE6 青蔥 粉蔥 ,44.3,28.7,13.7,28.8,-1.37,24886.0,2.89,5,5,2019,0
2019-05-11,台北一,SE6 青蔥 粉蔥 ,42.9,27.5,15.1,28.1,-2.43,25920.0,4.15,5,6,2019,0
2019-05-12,台北一,SE6 青蔥 粉蔥 ,47.1,27.3,12.9,28.3,0.71,25448.0,-1.82,5,7,2019,0
2019-05-13,台北一,SE6 青蔥 粉蔥 ,,,,,,,,5,1,2019,1
2019-05-14,台北一,SE6 青蔥 粉蔥 ,48.4,32.0,20.8,33.1,16.96,23289.0,-8.48,5,2,2019,0
2019-05-15,台北一,SE6 青蔥 粉蔥 ,56.1,35.7,17.7,36.2,9.37,27629.0,18.64,5,3,2019,0
2019-05-16,台北一,SE6 青蔥 粉蔥 ,,,,,,,,5,4,2019,1
2019-05-17,台北一,SE6 青蔥 粉蔥 ,54.7,27.7,11.7,29.9,-17.4,35853.0,29.77,5,5,2019,0
2019-05-18,台北一,SE6 青蔥 粉蔥 ,45.3,25.9,15.7,27.7,-7.36,29274.0,-18.35,5,6,2019,0
2019-05-19,台北一,SE6 青蔥 粉蔥 ,43.8,24.7,14.7,26.5,-4.33,28622.0,-2.23,5,7,2019,0
2019-05-20,台北一,SE6 青蔥 粉蔥 ,,,,,,,,5,1,2019,1
2019-05-21,台北一,SE6 青蔥 粉蔥 ,43.2,26.2,16.6,27.7,4.53,26753.0,-6.53,5,2,2019,0
2019-05-22,台北一,SE6 青蔥 粉蔥 ,36.7,22.0,15.8,23.7,-14.44,25646.0,-4.14,5,3,2019,0
2019-05-23,台北一,SE6 青蔥 粉蔥 ,34.8,21.3,15.3,22.8,-3.8,25004.0,-2.5,5,4,2019,0
2019-05-24,台北一,SE6 青蔥 粉蔥 ,37.9,22.6,15.0,24.1,5.7,25214.0,0.84,5,5,2019,0
2019-05-25,台北一,SE6 青蔥 粉蔥 ,36.5,23.4,16.2,24.6,2.07,27832.0,10.38,5,6,2019,0
2019-05-26,台北一,SE6 青蔥 粉蔥 ,34.8,22.6,16.3,23.8,-3.25,28180.0,1.25,5,7,2019,0
2019-05-27,台北一,SE6 青蔥 粉蔥 ,,,,,,,,5,1,2019,1
2019-05-28,台北一,SE6 青蔥 粉蔥 ,34.5,22.7,16.6,23.9,0.42,28964.0,2.78,5,2,2019,0
2019-05-29,台北一,SE6 青蔥 粉蔥 ,34.1,20.9,12.5,21.9,-8.37,25248.0,-12.83,5,3,2019,0
2019-05-30,台北一,SE6 青蔥 粉蔥 ,33.0,21.5,15.6,22.6,3.2,23887.0,-5.39,5,4,2019,0
2019-05-31,台北一,SE6 青蔥 粉蔥 ,35.7,23.1,16.5,24.3,7.52,24257.0,1.55,5,5,2019,0
2019-06-01,台北一,SE6 青蔥 粉蔥 ,34.2,22.0,13.9,22.8,-6.17,26792.0,10.45,6,6,2019,0
2019-06-02,台北一,SE6 青蔥 粉蔥 ,35.4,21.5,12.9,22.5,-1.32,26801.0,0.03,6,7,2019,0
2019-06-03,台北一,SE6 青蔥 粉蔥 ,,,,,,,,6,1,2019,1
2019-06-04,台北一,SE6 青蔥 粉蔥 ,33.7,21.9,15.3,22.9,1.78,26175.0,-2.34,6,2,2019,0
2019-06-05,台北一,SE6 青蔥 粉蔥 ,32.1,22.2,14.3,22.6,-1.31,23889.0,-8.73,6,3,2019,0
2019-06-06,台北一,SE6 青蔥 粉蔥 ,36.1,24.4,15.7,25.0,10.62,26294.0,10.07,6,4,2019,0
2019-06-07,台北一,SE6 青蔥 粉蔥 ,45.9,28.8,17.2,29.9,19.6,33260.0,26.49,6,5,2019,0
2019-06-08,台北一,SE6 青蔥 粉蔥 ,29.2,15.4,11.1,17.3,-42.14,10561.0,-68.25,6,6,2019,0
2019-06-09,台北一,SE6 青蔥 粉蔥 ,,,,,,,,6,7,2019,1
2019-06-10,台北一,SE6 青蔥 粉蔥 ,,,,,,,,6,1,2019,1
2019-06-11,台北一,SE6 青蔥 粉蔥 ,35.9,24.1,16.6,24.9,43.93,28559.0,170.42,6,2,2019,0
2019-06-12,台北一,SE6 青蔥 粉蔥 ,32.9,21.4,14.5,22.3,-10.44,24311.0,-14.87,6,3,2019,0
2019-06-13,台北一,SE6 青蔥 粉蔥 ,36.8,24.6,17.0,25.5,14.35,19060.0,-21.6,6,4,2019,0
2019-06-14,台北一,SE6 青蔥 粉蔥 ,37.8,22.8,16.4,24.5,-3.92,20701.0,8.61,6,5,2019,0
2019-06-15,台北一,SE6 青蔥 粉蔥 ,35.4,23.7,17.5,24.8,1.22,24339.0,17.57,6,6,2019,0
2019-06-16,台北一,SE6 青蔥 粉蔥 ,35.1,23.8,15.9,24.5,-1.21,26397.0,8.46,6,7,2019,0
2019-06-17,台北一,SE6 青蔥 粉蔥 ,,,,,,,,6,1,2019,1
2019-06-18,台北一,SE6 青蔥 粉蔥 ,34.6,23.2,16.9,24.2,-1.22,27530.0,4.29,6,2,2019,0
2019-06-19,台北一,SE6 青蔥 粉蔥 ,32.2,21.8,15.8,22.6,-6.61,23265.0,-15.49,6,3,2019,0
2019-06-20,台北一,SE6 青蔥 粉蔥 ,29.6,20.1,14.3,20.8,-7.96,22785.0,-2.06,6,4,2019,0
2019-06-21,台北一,SE6 青蔥 粉蔥 ,31.0,21.2,14.5,21.8,4.81,22363.0,-1.85,6,5,2019,0
2019-06-22,台北一,SE6 青蔥 粉蔥 ,33.3,22.6,15.0,23.3,6.88,24163.0,8.05,6,6,2019,0
2019-06-23,台北一,SE6 青蔥 粉蔥 ,35.3,20.6,13.0,22.0,-5.58,25968.0,7.47,6,7,2019,0
2019-06-24,台北一,SE6 青蔥 粉蔥 ,,,,,,,,6,1,2019,1
2019-06-25,台北一,SE6 青蔥 粉蔥 ,34.7,26.6,18.1,26.5,20.45,21226.0,-18.26,6,2,2019,0
2019-06-26,台北一,SE6 青蔥 粉蔥 ,36.4,27.2,19.6,27.5,3.77,19715.0,-7.12,6,3,2019,0
2019-06-27,台北一,SE6 青蔥 粉蔥 ,37.1,28.2,21.2,28.6,4.0,19937.0,1.13,6,4,2019,0
2019-06-28,台北一,SE6 青蔥 粉蔥 ,35.6,25.2,18.1,25.8,-9.79,24847.0,24.63,6,5,2019,0
2019-06-29,台北一,SE6 青蔥 粉蔥 ,33.1,22.5,14.8,23.1,-10.47,27233.0,9.6,6,6,2019,0
2019-06-30,台北一,SE6 青蔥 粉蔥 ,34.3,21.0,12.3,22.0,-4.76,24248.0,-10.96,6,7,2019,0
2019-07-01,台北一,SE6 青蔥 粉蔥 ,,,,,,,,7,1,2019,1
2019-07-02,台北一,SE6 青蔥 粉蔥 ,38.0,26.4,16.9,26.8,21.82,21889.0,-9.73,7,2,2019,0
2019-07-03,台北一,SE6 青蔥 粉蔥 ,37.8,25.7,18.5,26.7,-0.37,20685.0,-5.5,7,3,2019,0
2019-07-04,台北一,SE6 青蔥 粉蔥 ,39.5,26.9,20.2,28.1,5.24,19018.0,-8.06,7,4,2019,0
2019-07-05,台北一,SE6 青蔥 粉蔥 ,41.7,28.8,20.0,29.6,5.34,20773.0,9.23,7,5,2019,0
2019-07-06,台北一,SE6 青蔥 粉蔥 ,38.5,27.0,18.2,27.5,-7.09,24040.0,15.73,7,6,2019,0
2019-07-07,台北一,SE6 青蔥 粉蔥 ,38.5,29.1,19.7,29.1,5.82,23866.0,-0.72,7,7,2019,0
2019-07-08,台北一,SE6 青蔥 粉蔥 ,,,,,,,,7,1,2019,1
2019-07-09,台北一,SE6 青蔥 粉蔥 ,36.2,27.0,19.0,27.3,-6.19,25329.0,6.13,7,2,2019,0
2019-07-10,台北一,SE6 青蔥 粉蔥 ,36.5,26.8,19.3,27.2,-0.37,21485.0,-15.18,7,3,2019,0
2019-07-11,台北一,SE6 青蔥 粉蔥 ,35.5,25.2,17.8,25.8,-5.15,21832.0,1.62,7,4,2019,0
2019-07-12,台北一,SE6 青蔥 粉蔥 ,35.7,25.9,18.3,26.3,1.94,22797.0,4.42,7,5,2019,0
2019-07-13,台北一,SE6 青蔥 粉蔥 ,37.0,27.1,18.8,27.4,4.18,21580.0,-5.34,7,6,2019,0
2019-07-14,台北一,SE6 青蔥 粉蔥 ,45.8,30.4,20.1,31.4,14.6,20835.0,-3.45,7,7,2019,0
2019-07-15,台北一,SE6 青蔥 粉蔥 ,,,,,,,,7,1,2019,1
2019-07-16,台北一,SE6 青蔥 粉蔥 ,60.0,42.0,27.6,42.7,35.99,16493.0,-20.84,7,2,2019,0
2019-07-17,台北一,SE6 青蔥 粉蔥 ,83.4,66.0,42.5,64.8,51.76,15756.0,-4.47,7,3,2019,0
2019-07-18,台北一,SE6 青蔥 粉蔥 ,53.0,39.2,25.1,39.2,-39.51,23643.0,50.06,7,4,2019,0
2019-07-19,台北一,SE6 青蔥 粉蔥 ,53.9,43.4,32.0,43.2,10.2,17857.0,-24.47,7,5,2019,0
2019-07-20,台北一,SE6 青蔥 粉蔥 ,48.7,35.4,25.7,36.1,-16.44,19415.0,8.72,7,6,2019,0
2019-07-21,台北一,SE6 青蔥 粉蔥 ,45.3,33.5,21.6,33.5,-7.2,20066.0,3.35,7,7,2019,0
2019-07-22,台北一,SE6 青蔥 粉蔥 ,,,,,,,,7,1,2019,1
2019-07-23,台北一,SE6 青蔥 粉蔥 ,43.2,34.6,25.0,34.4,2.69,17864.0,-10.97,7,2,2019,0
2019-07-24,台北一,SE6 青蔥 粉蔥 ,51.7,40.7,31.0,41.0,19.19,12444.0,-30.34,7,3,2019,0
2019-07-25,台北一,SE6 青蔥 粉蔥 ,54.6,43.7,32.2,43.6,6.34,11590.0,-6.86,7,4,2019,0
2019-07-26,台北一,SE6 青蔥 粉蔥 ,76.2,66.2,51.0,65.2,49.54,11169.0,-3.63,7,5,2019,0
2019-07-27,台北一,SE6 青蔥 粉蔥 ,72.2,62.9,46.6,61.5,-5.67,15062.0,34.86,7,6,2019,0
2019-07-28,台北一,SE6 青蔥 粉蔥 ,71.4,58.1,39.6,57.1,-7.15,15700.0,4.24,7,7,2019,0
2019-07-29,台北一,SE6 青蔥 粉蔥 ,,,,,,,,7,1,2019,1
2019-07-30,台北一,SE6 青蔥 粉蔥 ,82.2,72.5,54.7,70.8,23.99,13633.0,-13.17,7,2,2019,0
2019-07-31,台北一,SE6 青蔥 粉蔥 ,98.0,85.8,64.7,84.0,18.64,10740.0,-21.22,7,3,2019,0
2019-08-01,台北一,SE6 青蔥 粉蔥 ,99.9,90.7,70.3,88.5,5.36,11975.0,11.5,8,4,2019,0
2019-08-02,台北一,SE6 青蔥 粉蔥 ,96.0,82.3,52.4,79.1,-10.62,13054.0,9.01,8,5,2019,0
2019-08-03,台北一,SE6 青蔥 粉蔥 ,98.4,85.8,62.7,83.7,5.82,13311.0,1.97,8,6,2019,0
2019-08-04,台北一,SE6 青蔥 粉蔥 ,100.4,90.2,71.8,88.6,5.85,13655.0,2.58,8,7,2019,0
2019-08-05,台北一,SE6 青蔥 粉蔥 ,,,,,,,,8,1,2019,1
2019-08-06,台北一,SE6 青蔥 粉蔥 ,145.3,126.8,93.7,123.9,39.84,10539.0,-22.82,8,2,2019,0
2019-08-07,台北一,SE6 青蔥 粉蔥 ,147.2,131.2,96.4,127.5,2.91,11719.0,11.2,8,3,2019,0
2019-08-08,台北一,SE6 青蔥 粉蔥 ,122.7,97.5,51.3,93.3,-26.82,13355.0,13.96,8,4,2019,0
2019-08-09,台北一,SE6 青蔥 粉蔥 ,116.2,92.8,61.2,91.2,-2.25,7549.0,-43.47,8,5,2019,0
2019-08-10,台北一,SE6 青蔥 粉蔥 ,144.9,128.2,92.7,124.5,36.51,7548.0,-0.01,8,6,2019,0
2019-08-11,台北一,SE6 青蔥 粉蔥 ,110.8,91.8,61.8,89.6,-28.03,13220.0,75.15,8,7,2019,0
2019-08-12,台北一,SE6 青蔥 粉蔥 ,,,,,,,,8,1,2019,1
2019-08-13,台北一,SE6 青蔥 粉蔥 ,119.0,103.5,77.5,101.4,13.17,10785.0,-18.42,8,2,2019,0
2019-08-14,台北一,SE6 青蔥 粉蔥 ,145.9,127.9,93.8,124.7,22.98,9216.0,-14.55,8,3,2019,0
2019-08-15,台北一,SE6 青蔥 粉蔥 ,165.9,152.7,119.6,148.8,19.33,12500.0,35.63,8,4,2019,0
2019-08-16,台北一,SE6 青蔥 粉蔥 ,,,,,,,,8,5,2019,1
2019-08-17,台北一,SE6 青蔥 粉蔥 ,,,,,,,,8,6,2019,1
2019-08-18,台北一,SE6 青蔥 粉蔥 ,148.4,122.4,87.2,120.6,-18.95,12911.0,3.29,8,7,2019,0
2019-08-19,台北一,SE6 青蔥 粉蔥 ,,,,,,,,8,1,2019,1
2019-08-20,台北一,SE6 青蔥 粉蔥 ,149.5,130.8,80.8,124.5,3.23,12052.0,-6.65,8,2,2019,0
2019-08-21,台北一,SE6 青蔥 粉蔥 ,148.8,122.7,81.7,119.7,-3.86,10116.0,-16.06,8,3,2019,0
2019-08-22,台北一,SE6 青蔥 粉蔥 ,172.7,151.3,85.4,142.4,18.96,8368.0,-17.28,8,4,2019,0
2019-08-23,台北一,SE6 青蔥 粉蔥 ,156.4,136.8,96.4,132.7,-6.81,12116.0,44.79,8,5,2019,0
2019-08-24,台北一,SE6 青蔥 粉蔥 ,153.5,132.9,96.9,129.8,-2.19,11429.0,-5.67,8,6,2019,0
2019-08-25,台北一,SE6 青蔥 粉蔥 ,156.4,133.5,94.1,130.2,0.31,10741.0,-6.02,8,7,2019,0
2019-08-26,台北一,SE6 青蔥 粉蔥 ,,,,,,,,8,1,2019,1
2019-08-27,台北一,SE6 青蔥 粉蔥 ,158.1,135.7,85.8,130.2,0.0,7943.0,-26.05,8,2,2019,0
2019-08-28,台北一,SE6 青蔥 粉蔥 ,153.6,126.5,92.2,125.1,-3.92,5664.0,-28.69,8,3,2019,0
2019-08-29,台北一,SE6 青蔥 粉蔥 ,157.9,133.8,101.5,132.2,5.68,5124.0,-9.53,8,4,2019,0
2019-08-30,台北一,SE6 青蔥 粉蔥 ,175.0,155.0,126.9,153.4,16.04,3599.0,-29.76,8,5,2019,0
2019-08-31,台北一,SE6 青蔥 粉蔥 ,192.0,178.8,143.2,174.3,13.62,4097.0,13.84,8,6,2019,0
2019-09-01,台北一,SE6 青蔥 粉蔥 ,247.7,231.6,183.8,225.2,29.2,4416.0,7.79,9,7,2019,0
2019-09-02,台北一,SE6 青蔥 粉蔥 ,,,,,,,,9,1,2019,1
2019-09-03,台北一,SE6 青蔥 粉蔥 ,248.0,226.1,199.3,225.1,-0.04,4662.0,5.57,9,2,2019,0
2019-09-04,台北一,SE6 青蔥 粉蔥 ,277.9,253.1,213.8,250.2,11.15,4536.0,-2.7,9,3,2019,0
2019-09-05,台北一,SE6 青蔥 粉蔥 ,256.2,223.5,186.1,222.6,-11.03,5573.0,22.86,9,4,2019,0
2019-09-06,台北一,SE6 青蔥 粉蔥 ,243.8,211.2,140.5,203.6,-8.54,5952.0,6.8,9,5,2019,0
2019-09-07,台北一,SE6 青蔥 粉蔥 ,235.0,193.5,106.7,184.4,-9.43,7269.0,22.13,9,6,2019,0
2019-09-08,台北一,SE6 青蔥 粉蔥 ,233.5,192.3,120.9,186.3,1.03,6890.0,-5.21,9,7,2019,0
2019-09-09,台北一,SE6 青蔥 粉蔥 ,,,,,,,,9,1,2019,1
2019-09-10,台北一,SE6 青蔥 粉蔥 ,208.5,171.6,137.1,172.1,-7.62,7518.0,9.11,9,2,2019,0
2019-09-11,台北一,SE6 青蔥 粉蔥 ,200.6,158.6,131.1,161.5,-6.16,7185.0,-4.43,9,3,2019,0
2019-09-12,台北一,SE6 青蔥 粉蔥 ,190.9,167.9,132.5,165.4,2.41,7930.0,10.37,9,4,2019,0
2019-09-13,台北一,SE6 青蔥 粉蔥 ,215.9,191.4,161.6,190.4,15.11,8757.0,10.43,9,5,2019,0
2019-09-14,台北一,SE6 青蔥 粉蔥 ,178.1,140.9,126.6,145.4,-23.63,1622.0,-81.48,9,6,2019,0
2019-09-15,台北一,SE6 青蔥 粉蔥 ,,,,,,,,9,7,2019,1
2019-09-16,台北一,SE6 青蔥 粉蔥 ,,,,,,,,9,1,2019,1
2019-09-17,台北一,SE6 青蔥 粉蔥 ,271.8,252.3,208.8,247.5,70.22,4851.0,199.08,9,2,2019,0
2019-09-18,台北一,SE6 青蔥 粉蔥 ,237.7,212.7,176.8,210.5,-14.95,4131.0,-14.84,9,3,2019,0
2019-09-19,台北一,SE6 青蔥 粉蔥 ,247.6,229.3,189.7,225.0,6.89,2773.0,-32.87,9,4,2019,0
2019-09-20,台北一,SE6 青蔥 粉蔥 ,260.0,241.8,197.9,236.7,5.2,3116.0,12.37,9,5,2019,0
2019-09-21,台北一,SE6 青蔥 粉蔥 ,259.8,241.1,205.1,237.6,0.38,3846.0,23.43,9,6,2019,0
2019-09-22,台北一,SE6 青蔥 粉蔥 ,246.7,220.9,176.1,217.1,-8.63,5230.0,35.99,9,7,2019,0
2019-09-23,台北一,SE6 青蔥 粉蔥 ,,,,,,,,9,1,2019,1
2019-09-24,台北一,SE6 青蔥 粉蔥 ,269.1,241.1,193.7,237.2,9.26,3805.0,-27.25,9,2,2019,0
2019-09-25,台北一,SE6 青蔥 粉蔥 ,278.8,247.5,214.4,247.2,4.22,3729.0,-2.0,9,3,2019,0
2019-09-26,台北一,SE6 青蔥 粉蔥 ,268.4,246.9,215.6,244.9,-0.93,3694.0,-0.94,9,4,2019,0
2019-09-27,台北一,SE6 青蔥 粉蔥 ,257.5,233.7,202.7,232.3,-5.14,3407.0,-7.77,9,5,2019,0
2019-09-28,台北一,SE6 青蔥 粉蔥 ,254.4,235.0,209.6,233.8,0.65,4292.0,25.98,9,6,2019,0
2019-09-29,台北一,SE6 青蔥 粉蔥 ,244.9,216.1,182.0,215.0,-8.04,4434.0,3.31,9,7,2019,0
2019-09-30,台北一,SE6 青蔥 粉蔥 ,,,,,,,,9,1,2019,1
2019-10-01,台北一,SE6 青蔥 粉蔥 ,247.8,224.4,192.0,222.6,3.53,5395.0,21.67,10,2,2019,0
2019-10-02,台北一,SE6 青蔥 粉蔥 ,207.3,175.3,106.9,168.0,-24.53,7267.0,34.7,10,3,2019,0
2019-10-03,台北一,SE6 青蔥 粉蔥 ,209.7,175.3,143.4,175.8,4.64,5849.0,-19.51,10,4,2019,0
2019-10-04,台北一,SE6 青蔥 粉蔥 ,219.6,186.4,160.7,187.9,6.88,5341.0,-8.69,10,5,2019,0
2019-10-05,台北一,SE6 青蔥 粉蔥 ,227.0,199.5,167.3,198.5,5.64,6011.0,12.54,10,6,2019,0
2019-10-06,台北一,SE6 青蔥 粉蔥 ,260.0,238.7,215.7,238.3,20.05,5001.0,-16.8,10,7,2019,0
2019-10-07,台北一,SE6 青蔥 粉蔥 ,,,,,,,,10,1,2019,1
2019-10-08,台北一,SE6 青蔥 粉蔥 ,314.1,300.6,254.5,294.1,23.42,6878.0,37.53,10,2,2019,0
2019-10-09,台北一,SE6 青蔥 粉蔥 ,280.6,239.6,182.7,236.4,-19.62,8951.0,30.14,10,3,2019,0
2019-10-10,台北一,SE6 青蔥 粉蔥 ,217.4,193.6,147.4,189.1,-20.01,7752.0,-13.4,10,4,2019,0
2019-10-11,台北一,SE6 青蔥 粉蔥 ,253.2,218.7,181.7,218.2,15.39,6002.0,-22.57,10,5,2019,0
2019-10-12,台北一,SE6 青蔥 粉蔥 ,239.0,216.5,171.6,212.0,-2.84,7235.0,20.54,10,6,2019,0
2019-10-13,台北一,SE6 青蔥 粉蔥 ,244.6,221.5,185.6,218.9,3.25,7854.0,8.56,10,7,2019,0
2019-10-14,台北一,SE6 青蔥 粉蔥 ,,,,,,,,10,1,2019,1
2019-10-15,台北一,SE6 青蔥 粉蔥 ,215.8,185.2,149.5,184.2,-15.85,11613.0,47.86,10,2,2019,0
2019-10-16,台北一,SE6 青蔥 粉蔥 ,240.9,209.0,162.7,206.1,11.89,9764.0,-15.92,10,3,2019,0
2019-10-17,台北一,SE6 青蔥 粉蔥 ,,,,,,,,10,4,2019,1
2019-10-18,台北一,SE6 青蔥 粉蔥 ,231.0,200.8,160.2,198.7,-3.59,10155.0,4.0,10,5,2019,0
2019-10-19,台北一,SE6 青蔥 粉蔥 ,229.6,199.2,159.0,197.3,-0.7,9224.0,-9.17,10,6,2019,0
2019-10-20,台北一,SE6 青蔥 粉蔥 ,226.5,194.3,162.0,194.3,-1.52,9212.0,-0.13,10,7,2019,0
2019-10-21,台北一,SE6 青蔥 粉蔥 ,,,,,,,,10,1,2019,1
2019-10-22,台北一,SE6 青蔥 粉蔥 ,232.5,206.9,164.3,203.5,4.73,8401.0,-8.8,10,2,2019,0
2019-10-23,台北一,SE6 青蔥 粉蔥 ,220.0,193.6,144.7,189.1,-7.08,7219.0,-14.07,10,3,2019,0
2019-10-24,台北一,SE6 青蔥 粉蔥 ,234.0,209.2,169.8,206.3,9.1,6232.0,-13.67,10,4,2019,0
2019-10-25,台北一,SE6 青蔥 粉蔥 ,231.6,212.7,159.8,205.9,-0.19,6261.0,0.47,10,5,2019,0
2019-10-26,台北一,SE6 青蔥 粉蔥 ,237.1,211.5,157.6,205.9,0.0,7337.0,17.19,10,6,2019,0
2019-10-27,台北一,SE6 青蔥 粉蔥 ,240.2,224.1,183.2,219.1,6.41,6900.0,-5.96,10,7,2019,0
2019-10-28,台北一,SE6 青蔥 粉蔥 ,,,,,,,,10,1,2019,1
2019-10-29,台北一,SE6 青蔥 粉蔥 ,249.8,231.2,202.9,229.3,4.66,7361.0,6.68,10,2,2019,0
2019-10-30,台北一,SE6 青蔥 粉蔥 ,266.2,235.0,180.0,230.2,0.39,5832.0,-20.77,10,3,2019,0
2019-10-31,台北一,SE6 青蔥 粉蔥 ,252.2,207.4,161.0,207.1,-10.03,6887.0,18.09,10,4,2019,0
2019-11-01,台北一,SE6 青蔥 粉蔥 ,228.9,181.9,140.0,182.9,-11.69,7600.0,10.35,11,5,2019,0
2019-11-02,台北一,SE6 青蔥 粉蔥 ,204.5,178.9,128.2,173.9,-4.92,8122.0,6.87,11,6,2019,0
2019-11-03,台北一,SE6 青蔥 粉蔥 ,208.9,177.8,129.7,174.4,0.29,8203.0,1.0,11,7,2019,0
2019-11-04,台北一,SE6 青蔥 粉蔥 ,,,,,,,,11,1,2019,1
2019-11-05,台北一,SE6 青蔥 粉蔥 ,217.8,180.3,142.5,180.2,3.33,7368.0,-10.18,11,2,2019,0
2019-11-06,台北一,SE6 青蔥 粉蔥 ,208.5,180.2,139.5,177.7,-1.39,6551.0,-11.09,11,3,2019,0
2019-11-07,台北一,SE6 青蔥 粉蔥 ,219.3,178.5,145.2,180.0,1.29,5340.0,-18.49,11,4,2019,0
2019-11-08,台北一,SE6 青蔥 粉蔥 ,229.0,189.6,154.9,190.5,5.83,5893.0,10.36,11,5,2019,0
2019-11-09,台北一,SE6 青蔥 粉蔥 ,235.0,206.3,163.5,203.5,6.82,5477.0,-7.06,11,6,2019,0
2019-11-10,台北一,SE6 青蔥 粉蔥 ,246.1,213.2,171.2,211.4,3.88,7030.0,28.35,11,7,2019,0
2019-11-11,台北一,SE6 青蔥 粉蔥 ,,,,,,,,11,1,2019,1
2019-11-12,台北一,SE6 青蔥 粉蔥 ,289.6,243.8,192.8,242.7,14.81,6561.0,-6.67,11,2,2019,0
2019-11-13,台北一,SE6 青蔥 粉蔥 ,286.7,251.2,195.5,247.2,1.85,7610.0,15.99,11,3,2019,0
2019-11-14,台北一,SE6 青蔥 粉蔥 ,,,,,,,,11,4,2019,1
2019-11-15,台北一,SE6 青蔥 粉蔥 ,222.4,187.8,132.9,183.7,-25.69,10805.0,41.98,11,5,2019,0
2019-11-16,台北一,SE6 青蔥 粉蔥 ,214.2,185.3,145.8,183.2,-0.27,8285.0,-23.32,11,6,2019,0
2019-11-17,台北一,SE6 青蔥 粉蔥 ,198.0,172.5,129.0,168.9,-7.81,8457.0,2.08,11,7,2019,0
2019-11-18,台北一,SE6 青蔥 粉蔥 ,,,,,,,,11,1,2019,1
2019-11-19,台北一,SE6 青蔥 粉蔥 ,197.0,172.3,136.2,170.0,0.65,6505.0,-23.08,11,2,2019,0
2019-11-20,台北一,SE6 青蔥 粉蔥 ,208.3,184.0,139.5,179.9,5.82,5323.0,-18.17,11,3,2019,0
2019-11-21,台北一,SE6 青蔥 粉蔥 ,225.1,202.1,154.0,197.1,9.56,5743.0,7.89,11,4,2019,0
2019-11-22,台北一,SE6 青蔥 粉蔥 ,214.6,181.2,139.5,179.5,-8.93,7639.0,33.01,11,5,2019,0
2019-11-23,台北一,SE6 青蔥 粉蔥 ,202.5,168.7,136.3,169.0,-5.85,8783.0,14.98,11,6,2019,0
2019-11-24,台北一,SE6 青蔥 粉蔥 ,212.6,172.4,141.1,174.2,3.08,8917.0,1.53,11,7,2019,0
2019-11-25,台北一,SE6 青蔥 粉蔥 ,,,,,,,,11,1,2019,1
2019-11-26,台北一,SE6 青蔥 粉蔥 ,198.3,163.6,128.1,163.4,-6.2,11324.0,26.99,11,2,2019,0
2019-11-27,台北一,SE6 青蔥 粉蔥 ,182.4,155.2,94.9,148.6,-9.06,10589.0,-6.49,11,3,2019,0
2019-11-28,台北一,SE6 青蔥 粉蔥 ,176.1,150.2,98.5,145.0,-2.42,10037.0,-5.21,11,4,2019,0
2019-11-29,台北一,SE6 青蔥 粉蔥 ,171.2,145.5,118.1,145.1,0.07,8605.0,-14.27,11,5,2019,0
2019-11-30,台北一,SE6 青蔥 粉蔥 ,163.7,139.3,117.2,139.8,-3.65,10311.0,19.83,11,6,2019,0
2019-12-01,台北一,SE6 青蔥 粉蔥 ,164.2,140.8,110.9,139.5,-0.21,9574.0,-7.15,12,7,2019,0
2019-12-02,台北一,SE6 青蔥 粉蔥 ,,,,,,,,12,1,2019,1
2019-12-03,台北一,SE6 青蔥 粉蔥 ,173.7,152.7,122.5,150.9,8.17,10594.0,10.65,12,2,2019,0
2019-12-04,台北一,SE6 青蔥 粉蔥 ,173.6,155.0,123.6,152.4,0.99,9051.0,-14.56,12,3,2019,0
2019-12-05,台北一,SE6 青蔥 粉蔥 ,173.8,147.1,120.4,147.1,-3.48,9484.0,4.78,12,4,2019,0
2019-12-06,台北一,SE6 青蔥 粉蔥 ,163.7,138.5,98.1,135.4,-7.95,9808.0,3.42,12,5,2019,0
2019-12-07,台北一,SE6 青蔥 粉蔥 ,162.2,138.9,104.6,136.7,0.96,10149.0,3.48,12,6,2019,0
2019-12-08,台北一,SE6 青蔥 粉蔥 ,167.2,142.3,106.9,140.2,2.56,10929.0,7.69,12,7,2019,0
2019-12-09,台北一,SE6 青蔥 粉蔥 ,,,,,,,,12,1,2019,1
2019-12-10,台北一,SE6 青蔥 粉蔥 ,161.5,140.8,113.0,139.4,-0.57,12426.0,13.7,12,2,2019,0
2019-12-11,台北一,SE6 青蔥 粉蔥 ,157.1,137.0,112.5,136.1,-2.37,9993.0,-19.58,12,3,2019,0
2019-12-12,台北一,SE6 青蔥 粉蔥 ,166.3,140.6,111.6,139.9,2.79,9416.0,-5.77,12,4,2019,0
2019-12-13,台北一,SE6 青蔥 粉蔥 ,157.7,121.8,89.4,122.5,-12.44,14260.0,51.44,12,5,2019,0
2019-12-14,台北一,SE6 青蔥 粉蔥 ,144.6,110.3,68.2,108.7,-11.27,15276.0,7.12,12,6,2019,0
2019-12-15,台北一,SE6 青蔥 粉蔥 ,126.7,91.8,57.4,91.9,-15.46,16520.0,8.14,12,7,2019,0
2019-12-16,台北一,SE6 青蔥 粉蔥 ,,,,,,,,12,1,2019,1
2019-12-17,台北一,SE6 青蔥 粉蔥 ,126.6,98.0,77.6,99.7,8.49,12610.0,-23.67,12,2,2019,0
2019-12-18,台北一,SE6 青蔥 粉蔥 ,113.0,94.4,71.3,93.5,-6.22,14113.0,11.92,12,3,2019,0
2019-12-19,台北一,SE6 青蔥 粉蔥 ,103.8,78.9,56.1,79.3,-15.19,15349.0,8.76,12,4,2019,0
2019-12-20,台北一,SE6 青蔥 粉蔥 ,97.6,76.1,54.2,76.0,-4.16,14976.0,-2.43,12,5,2019,0
2019-12-21,台北一,SE6 青蔥 粉蔥 ,105.7,77.4,55.4,78.7,3.55,15028.0,0.35,12,6,2019,0
2019-12-22,台北一,SE6 青蔥 粉蔥 ,105.4,76.8,51.6,77.5,-1.52,16927.0,12.64,12,7,2019,0
2019-12-23,台北一,SE6 青蔥 粉蔥 ,,,,,,,,12,1,2019,1
2019-12-24,台北一,SE6 青蔥 粉蔥 ,96.9,78.5,54.7,77.4,-0.13,16338.0,-3.48,12,2,2019,0
2019-12-25,台北一,SE6 青蔥 粉蔥 ,84.6,66.4,47.4,66.3,-14.34,18504.0,13.26,12,3,2019,0
2019-12-26,台北一,SE6 青蔥 粉蔥 ,76.0,56.7,39.2,57.1,-13.88,20192.0,9.12,12,4,2019,0
2019-12-27,台北一,SE6 青蔥 粉蔥 ,74.1,53.8,33.7,53.9,-5.6,19747.0,-2.2,12,5,2019,0
2019-12-28,台北一,SE6 青蔥 粉蔥 ,67.6,48.8,34.7,49.8,-7.61,22677.0,14.84,12,6,2019,0
2019-12-29,台北一,SE6 青蔥 粉蔥 ,73.0,54.4,40.6,55.4,11.24,21222.0,-6.42,12,7,2019,0
2019-12-30,台北一,SE6 青蔥 粉蔥 ,,,,,,,,12,1,2019,1
2019-12-31,台北一,SE6 青蔥 粉蔥 ,104.3,74.4,56.9,76.9,38.81,15819.0,-25.46,12,2,2019,0
2020-01-01,台北一,SE6 青蔥 粉蔥 ,98.5,71.7,55.7,73.9,-3.9,17239.0,8.98,1,3,2020,0
2020-01-02,台北一,SE6 青蔥 粉蔥 ,77.4,58.4,41.5,58.8,-20.43,23451.0,36.03,1,4,2020,0
2020-01-03,台北一,SE6 青蔥 粉蔥 ,65.3,44.8,32.3,46.4,-21.09,25217.0,7.53,1,5,2020,0
2020-01-04,台北一,SE6 青蔥 粉蔥 ,64.5,48.4,36.7,49.3,6.25,23414.0,-7.15,1,6,2020,0
2020-01-05,台北一,SE6 青蔥 粉蔥 ,62.3,43.6,28.2,44.2,-10.34,29140.0,24.46,1,7,2020,0
2020-01-06,台北一,SE6 青蔥 粉蔥 ,,,,,,,,1,1,2020,1
2020-01-07,台北一,SE6 青蔥 粉蔥 ,51.7,35.5,22.6,36.2,-18.1,31456.0,7.95,1,2,2020,0
2020-01-08,台北一,SE6 青蔥 粉蔥 ,48.4,33.0,22.3,34.0,-6.08,27987.0,-11.03,1,3,2020,0
2020-01-09,台北一,SE6 青蔥 粉蔥 ,49.6,33.7,23.1,34.8,2.35,25029.0,-10.57,1,4,2020,0
2020-01-10,台北一,SE6 青蔥 粉蔥 ,51.0,33.6,23.8,35.1,0.86,26509.0,5.91,1,5,2020,0
2020-01-11,台北一,SE6 青蔥 粉蔥 ,48.3,32.8,23.2,34.0,-3.13,26830.0,1.21,1,6,2020,0
2020-01-12,台北一,SE6 青蔥 粉蔥 ,47.5,31.0,20.6,32.2,-5.29,29024.0,8.18,1,7,2020,0
2020-01-13,台北一,SE6 青蔥 粉蔥 ,,,,,,,,1,1,2020,1
2020-01-14,台北一,SE6 青蔥 粉蔥 ,50.2,33.6,23.3,34.8,8.07,28505.0,-1.79,1,2,2020,0
2020-01-15,台北一,SE6 青蔥 粉蔥 ,52.6,36.0,24.1,37.0,6.32,25174.0,-11.69,1,3,2020,0
2020-01-16,台北一,SE6 青蔥 粉蔥 ,50.0,34.0,23.5,35.1,-5.14,26708.0,6.09,1,4,2020,0
2020-01-17,台北一,SE6 青蔥 粉蔥 ,50.4,34.6,24.3,35.7,1.71,25114.0,-5.97,1,5,2020,0
2020-01-18,台北一,SE6 青蔥 粉蔥 ,49.0,35.0,26.3,36.0,0.84,26986.0,7.45,1,6,2020,0
2020-01-19,台北一,SE6 青蔥 粉蔥 ,57.0,40.7,29.3,41.7,15.83,28527.0,5.71,1,7,2020,0
2020-01-20,台北一,SE6 青蔥 粉蔥 ,,,,,,,,1,1,2020,1
2020-01-21,台北一,SE6 青蔥 粉蔥 ,76.0,58.9,42.3,59.0,41.49,38866.0,36.24,1,2,2020,0
2020-01-22,台北一,SE6 青蔥 粉蔥 ,72.2,53.0,35.2,53.3,-9.66,44799.0,15.27,1,3,2020,0
2020-01-23,台北一,SE6 青蔥 粉蔥 ,75.0,49.4,31.4,50.9,-4.5,43660.0,-2.54,1,4,2020,0
2020-01-24,台北一,SE6 青蔥 粉蔥 ,75.6,50.9,29.0,51.5,1.18,21345.0,-51.11,1,5,2020,0
2020-01-25,台北一,SE6 青蔥 粉蔥 ,,,,,,,,1,6,2020,1
2020-01-26,台北一,SE6 青蔥 粉蔥 ,,,,,,,,1,7,2020,1
2020-01-27,台北一,SE6 青蔥 粉蔥 ,,,,,,,,1,1,2020,1
2020-01-28,台北一,SE6 青蔥 粉蔥 ,,,,,,,,1,2,2020,1
2020-01-29,台北一,SE6 青蔥 粉蔥 ,,,,,,,,1,3,2020,1
2020-01-30,台北一,SE6 青蔥 粉蔥 ,63.4,42.7,29.6,44.2,-14.17,27756.0,30.04,1,4,2020,0
2020-01-31,台北一,SE6 青蔥 粉蔥 ,64.3,44.1,34.1,46.2,4.52,22458.0,-19.09,1,5,2020,0
2020-02-01,台北一,SE6 青蔥 粉蔥 ,79.1,61.4,48.7,62.4,35.06,27328.0,21.68,2,6,2020,0
2020-02-02,台北一,SE6 青蔥 粉蔥 ,,,,,,,,2,7,2020,1
2020-02-03,台北一,SE6 青蔥 粉蔥 ,,,,,,,,2,1,2020,1
2020-02-04,台北一,SE6 青蔥 粉蔥 ,62.0,44.6,30.4,45.2,-27.56,31336.0,14.67,2,2,2020,0
2020-02-05,台北一,SE6 青蔥 粉蔥 ,49.6,37.8,23.5,37.3,-17.48,24068.0,-23.19,2,3,2020,0
2020-02-06,台北一,SE6 青蔥 粉蔥 ,47.8,36.2,26.5,36.6,-1.88,22288.0,-7.4,2,4,2020,0
2020-02-07,台北一,SE6 青蔥 粉蔥 ,48.3,36.3,26.1,36.7,0.27,26400.0,18.45,2,5,2020,0
2020-02-08,台北一,SE6 青蔥 粉蔥 ,48.1,36.6,24.4,36.4,-0.82,34698.0,31.43,2,6,2020,0
2020-02-09,台北一,SE6 青蔥 粉蔥 ,,,,,,,,2,7,2020,1
2020-02-10,台北一,SE6 青蔥 粉蔥 ,,,,,,,,2,1,2020,1
2020-02-11,台北一,SE6 青蔥 粉蔥 ,46.5,33.6,22.9,34.0,-6.59,30181.0,-13.02,2,2,2020,0
2020-02-12,台北一,SE6 青蔥 粉蔥 ,43.0,33.5,25.2,33.8,-0.59,21797.0,-27.78,2,3,2020,0
2020-02-13,台北一,SE6 青蔥 粉蔥 ,42.3,32.1,24.7,32.7,-3.25,20316.0,-6.79,2,4,2020,0
2020-02-14,台北一,SE6 青蔥 粉蔥 ,43.4,31.9,21.8,32.2,-1.53,21399.0,5.33,2,5,2020,0
2020-02-15,台北一,SE6 青蔥 粉蔥 ,50.7,36.7,24.9,37.1,15.22,21113.0,-1.34,2,6,2020,0
2020-02-16,台北一,SE6 青蔥 粉蔥 ,64.1,43.0,28.3,44.3,19.41,22499.0,6.56,2,7,2020,0
2020-02-17,台北一,SE6 青蔥 粉蔥 ,,,,,,,,2,1,2020,1
2020-02-18,台北一,SE6 青蔥 粉蔥 ,52.1,37.6,27.9,38.6,-12.87,27392.0,21.75,2,2,2020,0
2020-02-19,台北一,SE6 青蔥 粉蔥 ,47.6,35.2,24.4,35.5,-8.03,24317.0,-11.23,2,3,2020,0
2020-02-20,台北一,SE6 青蔥 粉蔥 ,45.0,33.4,24.4,33.9,-4.51,24676.0,1.48,2,4,2020,0
2020-02-21,台北一,SE6 青蔥 粉蔥 ,44.1,32.8,17.7,32.0,-5.6,25696.0,4.13,2,5,2020,0
2020-02-22,台北一,SE6 青蔥 粉蔥 ,44.6,33.8,19.1,33.0,3.12,27055.0,5.29,2,6,2020,0
2020-02-23,台北一,SE6 青蔥 粉蔥 ,45.3,33.4,19.5,33.0,0.0,27586.0,1.96,2,7,2020,0
2020-02-24,台北一,SE6 青蔥 粉蔥 ,,,,,,,,2,1,2020,1
2020-02-25,台北一,SE6 青蔥 粉蔥 ,53.1,37.0,23.2,37.5,13.64,23282.0,-15.6,2,2,2020,0
2020-02-26,台北一,SE6 青蔥 粉蔥 ,50.8,37.3,26.0,37.8,0.8,22884.0,-1.71,2,3,2020,0
2020-02-27,台北一,SE6 青蔥 粉蔥 ,48.6,34.1,20.9,34.3,-9.26,24384.0,6.55,2,4,2020,0
2020-02-28,台北一,SE6 青蔥 粉蔥 ,48.8,34.5,21.9,34.9,1.75,25406.0,4.19,2,5,2020,0
2020-02-29,台北一,SE6 青蔥 粉蔥 ,48.5,34.8,24.2,35.4,1.43,25622.0,0.85,2,6,2020,0
2020-03-01,台北一,SE6 青蔥 粉蔥 ,46.5,32.8,21.5,33.3,-5.93,26247.0,2.44,3,7,2020,0
2020-03-02,台北一,SE6 青蔥 粉蔥 ,,,,,,,,3,1,2020,1
2020-03-03,台北一,SE6 青蔥 粉蔥 ,45.8,35.0,23.1,34.8,4.5,25665.0,-2.22,3,2,2020,0
2020-03-04,台北一,SE6 青蔥 粉蔥 ,42.3,33.0,24.2,33.1,-4.89,23736.0,-7.52,3,3,2020,0
2020-03-05,台北一,SE6 青蔥 粉蔥 ,40.8,29.1,16.1,28.9,-12.69,25104.0,5.76,3,4,2020,0
2020-03-06,台北一,SE6 青蔥 粉蔥 ,40.5,30.4,21.7,30.7,6.23,21037.0,-16.2,3,5,2020,0
2020-03-07,台北一,SE6 青蔥 粉蔥 ,42.8,30.7,19.6,30.9,0.65,25666.0,22.0,3,6,2020,0
2020-03-08,台北一,SE6 青蔥 粉蔥 ,47.6,34.6,24.4,35.1,13.59,25059.0,-2.36,3,7,2020,0
2020-03-09,台北一,SE6 青蔥 粉蔥 ,,,,,,,,3,1,2020,1
2020-03-10,台北一,SE6 青蔥 粉蔥 ,43.1,31.1,19.7,31.2,-11.11,27257.0,8.77,3,2,2020,0
2020-03-11,台北一,SE6 青蔥 粉蔥 ,42.3,32.4,20.9,32.1,2.88,21316.0,-21.8,3,3,2020,0
2020-03-12,台北一,SE6 青蔥 粉蔥 ,44.5,32.4,26.3,33.6,4.67,21016.0,-1.41,3,4,2020,0
2020-03-13,台北一,SE6 青蔥 粉蔥 ,41.8,31.3,23.7,31.9,-5.06,23044.0,9.65,3,5,2020,0
2020-03-14,台北一,SE6 青蔥 粉蔥 ,38.8,27.9,21.2,28.7,-10.03,27285.0,18.4,3,6,2020,0
2020-03-15,台北一,SE6 青蔥 粉蔥 ,40.3,29.7,23.0,30.5,6.27,27815.0,1.94,3,7,2020,0
2020-03-16,台北一,SE6 青蔥 粉蔥 ,,,,,,,,3,1,2020,1
2020-03-17,台北一,SE6 青蔥 粉蔥 ,41.6,31.8,23.8,32.2,5.57,27461.0,-1.27,3,2,2020,0
2020-03-18,台北一,SE6 青蔥 粉蔥 ,43.7,33.2,26.0,33.8,4.97,23967.0,-12.72,3,3,2020,0
2020-03-19,台北一,SE6 青蔥 粉蔥 ,42.1,32.8,26.5,33.4,-1.18,25094.0,4.7,3,4,2020,0
2020-03-20,台北一,SE6 青蔥 粉蔥 ,40.2,30.9,24.7,31.5,-5.69,25958.0,3.44,3,5,2020,0
2020-03-21,台北一,SE6 青蔥 粉蔥 ,41.4,31.3,25.7,32.2,2.22,29026.0,11.82,3,6,2020,0
2020-03-22,台北一,SE6 青蔥 粉蔥 ,41.2,31.8,27.1,32.8,1.86,28562.0,-1.6,3,7,2020,0
2020-03-23,台北一,SE6 青蔥 粉蔥 ,,,,,,,,3,1,2020,1
2020-03-24,台北一,SE6 青蔥 粉蔥 ,41.1,31.2,25.1,32.0,-2.44,29302.0,2.59,3,2,2020,0
2020-03-25,台北一,SE6 青蔥 粉蔥 ,37.3,28.8,21.2,29.0,-9.38,28786.0,-1.76,3,3,2020,0
2020-03-26,台北一,SE6 青蔥 粉蔥 ,32.4,25.5,15.6,24.9,-14.14,27473.0,-4.56,3,4,2020,0
2020-03-27,台北一,SE6 青蔥 粉蔥 ,33.8,24.2,16.9,24.7,-0.8,24796.0,-9.74,3,5,2020,0
2020-03-28,台北一,SE6 青蔥 粉蔥 ,31.2,23.2,13.6,22.8,-7.69,26450.0,6.67,3,6,2020,0
2020-03-29,台北一,SE6 青蔥 粉蔥 ,31.6,23.3,14.4,23.2,1.75,29303.0,10.79,3,7,2020,0
2020-03-30,台北一,SE6 青蔥 粉蔥 ,,,,,,,,3,1,2020,1
2020-03-31,台北一,SE6 青蔥 粉蔥 ,33.3,24.9,17.7,25.1,8.19,27070.0,-7.62,3,2,2020,0
2020-04-01,台北一,SE6 青蔥 粉蔥 ,34.3,24.7,16.6,25.0,-0.4,26005.0,-3.93,4,3,2020,0
2020-04-02,台北一,SE6 青蔥 粉蔥 ,39.3,31.3,23.4,31.3,25.2,25915.0,-0.35,4,4,2020,0
2020-04-03,台北一,SE6 青蔥 粉蔥 ,56.3,46.8,34.2,46.2,47.6,32105.0,23.89,4,5,2020,0
2020-04-04,台北一,SE6 青蔥 粉蔥 ,37.3,28.2,21.9,28.7,-37.88,24449.0,-23.85,4,6,2020,0
2020-04-05,台北一,SE6 青蔥 粉蔥 ,,,,,,,,4,7,2020,1
2020-04-06,台北一,SE6 青蔥 粉蔥 ,,,,,,,,4,1,2020,1
2020-04-07,台北一,SE6 青蔥 粉蔥 ,36.2,26.7,18.3,27.0,-5.92,31885.0,30.41,4,2,2020,0
2020-04-08,台北一,SE6 青蔥 粉蔥 ,34.6,25.1,18.2,25.6,-5.19,27398.0,-14.07,4,3,2020,0
2020-04-09,台北一,SE6 青蔥 粉蔥 ,34.5,26.9,20.4,27.1,5.86,24057.0,-12.19,4,4,2020,0
2020-04-10,台北一,SE6 青蔥 粉蔥 ,33.6,25.2,18.2,25.5,-5.9,26092.0,8.46,4,5,2020,0
2020-04-11,台北一,SE6 青蔥 粉蔥 ,34.8,25.8,19.4,26.4,3.53,28872.0,10.65,4,6,2020,0
2020-04-12,台北一,SE6 青蔥 粉蔥 ,32.8,24.1,17.1,24.5,-7.2,29922.0,3.64,4,7,2020,0
2020-04-13,台北一,SE6 青蔥 粉蔥 ,,,,,,,,4,1,2020,1
2020-04-14,台北一,SE6 青蔥 粉蔥 ,33.6,24.7,18.2,25.2,2.86,28929.0,-3.32,4,2,2020,0
2020-04-15,台北一,SE6 青蔥 粉蔥 ,34.6,27.1,22.0,27.6,9.52,24387.0,-15.7,4,3,2020,0
2020-04-16,台北一,SE6 青蔥 粉蔥 ,33.2,26.0,21.3,26.5,-3.99,24531.0,0.59,4,4,2020,0
2020-04-17,台北一,SE6 青蔥 粉蔥 ,33.8,25.1,19.2,25.7,-3.02,26681.0,8.76,4,5,2020,0
2020-04-18,台北一,SE6 青蔥 粉蔥 ,33.0,24.6,17.6,24.9,-3.11,31262.0,17.17,4,6,2020,0
2020-04-19,台北一,SE6 青蔥 粉蔥 ,34.3,25.5,18.2,25.8,3.61,28823.0,-7.8,4,7,2020,0
2020-04-20,台北一,SE6 青蔥 粉蔥 ,,,,,,,,4,1,2020,1
2020-04-21,台北一,SE6 青蔥 粉蔥 ,36.4,26.9,20.1,27.4,6.2,27640.0,-4.1,4,2,2020,0
2020-04-22,台北一,SE6 青蔥 粉蔥 ,32.9,23.8,17.4,24.4,-10.95,29612.0,7.13,4,3,2020,0
2020-04-23,台北一,SE6 青蔥 粉蔥 ,29.5,21.2,10.8,20.8,-14.75,30141.0,1.79,4,4,2020,0
2020-04-24,台北一,SE6 青蔥 粉蔥 ,29.0,19.2,12.8,19.9,-4.33,27339.0,-9.3,4,5,2020,0
2020-04-25,台北一,SE6 青蔥 粉蔥 ,30.9,21.1,15.9,22.0,10.55,26951.0,-1.42,4,6,2020,0
2020-04-26,台北一,SE6 青蔥 粉蔥 ,36.8,24.1,17.8,25.4,15.45,27178.0,0.84,4,7,2020,0
2020-04-27,台北一,SE6 青蔥 粉蔥 ,,,,,,,,4,1,2020,1
2020-04-28,台北一,SE6 青蔥 粉蔥 ,32.0,23.2,15.6,23.4,-7.87,30011.0,10.42,4,2,2020,0
2020-04-29,台北一,SE6 青蔥 粉蔥 ,30.5,21.6,14.9,22.1,-5.56,29221.0,-2.63,4,3,2020,0
2020-04-30,台北一,SE6 青蔥 粉蔥 ,29.6,20.1,14.3,20.8,-5.88,27630.0,-5.44,4,4,2020,0
2020-05-01,台北一,SE6 青蔥 粉蔥 ,31.4,20.4,15.0,21.5,3.37,26138.0,-5.4,5,5,2020,0
2020-05-02,台北一,SE6 青蔥 粉蔥 ,34.4,21.2,15.3,22.6,5.12,28293.0,8.24,5,6,2020,0
2020-05-03,台北一,SE6 青蔥 粉蔥 ,36.6,22.4,16.4,24.0,6.19,27597.0,-2.46,5,7,2020,0
2020-05-04,台北一,SE6 青蔥 粉蔥 ,,,,,,,,5,1,2020,1
2020-05-05,台北一,SE6 青蔥 粉蔥 ,33.0,22.7,14.4,23.1,-3.75,28469.0,3.16,5,2,2020,0
2020-05-06,台北一,SE6 青蔥 粉蔥 ,32.4,22.1,15.5,22.9,-0.87,25867.0,-9.14,5,3,2020,0
2020-05-07,台北一,SE6 青蔥 粉蔥 ,32.0,21.1,13.6,21.8,-4.8,23782.0,-8.06,5,4,2020,0
2020-05-08,台北一,SE6 青蔥 粉蔥 ,33.3,22.3,16.2,23.3,6.88,24872.0,4.58,5,5,2020,0
2020-05-09,台北一,SE6 青蔥 粉蔥 ,33.2,23.2,16.8,23.9,2.58,27223.0,9.45,5,6,2020,0
2020-05-10,台北一,SE6 青蔥 粉蔥 ,33.2,22.5,16.6,23.4,-2.09,25499.0,-6.33,5,7,2020,0
2020-05-11,台北一,SE6 青蔥 粉蔥 ,,,,,,,,5,1,2020,1
2020-05-12,台北一,SE6 青蔥 粉蔥 ,36.0,28.8,22.3,29.0,23.93,20934.0,-17.9,5,2,2020,0
2020-05-13,台北一,SE6 青蔥 粉蔥 ,28.2,20.4,14.9,20.8,-28.28,26151.0,24.92,5,3,2020,0
2020-05-14,台北一,SE6 青蔥 粉蔥 ,30.9,21.6,16.4,22.4,7.69,23483.0,-10.2,5,4,2020,0
2020-05-15,台北一,SE6 青蔥 粉蔥 ,33.2,24.4,18.0,24.8,10.71,21681.0,-7.67,5,5,2020,0
2020-05-16,台北一,SE6 青蔥 粉蔥 ,38.5,29.1,23.9,29.9,20.56,21696.0,0.07,5,6,2020,0
2020-05-17,台北一,SE6 青蔥 粉蔥 ,43.9,33.2,24.5,33.6,12.37,23712.0,9.29,5,7,2020,0
2020-05-18,台北一,SE6 青蔥 粉蔥 ,,,,,,,,5,1,2020,1
2020-05-19,台北一,SE6 青蔥 粉蔥 ,38.1,30.9,23.4,30.8,-8.33,25645.0,8.15,5,2,2020,0
2020-05-20,台北一,SE6 青蔥 粉蔥 ,37.6,29.8,23.2,30.0,-2.6,23537.0,-8.22,5,3,2020,0
2020-05-21,台北一,SE6 青蔥 粉蔥 ,39.5,30.3,24.0,30.9,3.0,22304.0,-5.24,5,4,2020,0
2020-05-22,台北一,SE6 青蔥 粉蔥 ,37.4,30.0,23.8,30.3,-1.94,22277.0,-0.12,5,5,2020,0
2020-05-23,台北一,SE6 青蔥 粉蔥 ,37.1,29.5,22.4,29.6,-2.31,25217.0,13.2,5,6,2020,0
2020-05-24,台北一,SE6 青蔥 粉蔥 ,40.3,29.3,20.8,29.8,0.68,25945.0,2.89,5,7,2020,0
2020-05-25,台北一,SE6 青蔥 粉蔥 ,,,,,,,,5,1,2020,1
2020-05-26,台北一,SE6 青蔥 粉蔥 ,37.4,28.4,20.8,28.7,-3.69,26442.0,1.92,5,2,2020,0
2020-05-27,台北一,SE6 青蔥 粉蔥 ,39.3,29.4,20.6,29.6,3.14,21251.0,-19.63,5,3,2020,0
2020-05-28,台北一,SE6 青蔥 粉蔥 ,42.8,31.6,21.6,31.9,7.77,20160.0,-5.13,5,4,2020,0
2020-05-29,台北一,SE6 青蔥 粉蔥 ,38.0,29.0,19.2,28.8,-9.72,23753.0,17.82,5,5,2020,0
2020-05-30,台北一,SE6 青蔥 粉蔥 ,38.4,29.4,20.2,29.4,2.08,25364.0,6.78,5,6,2020,0
2020-05-31,台北一,SE6 青蔥 粉蔥 ,40.9,30.4,21.3,30.7,4.42,26197.0,3.28,5,7,2020,0
2020-06-01,台北一,SE6 青蔥 粉蔥 ,,,,,,,,6,1,2020,1
2020-06-02,台北一,SE6 青蔥 粉蔥 ,44.3,34.1,23.2,34.0,10.75,23931.0,-8.65,6,2,2020,0
2020-06-03,台北一,SE6 青蔥 粉蔥 ,52.1,38.4,28.0,39.0,14.71,22001.0,-8.06,6,3,2020,0
2020-06-04,台北一,SE6 青蔥 粉蔥 ,49.0,33.9,22.8,34.7,-11.03,22067.0,0.3,6,4,2020,0
2020-06-05,台北一,SE6 青蔥 粉蔥 ,52.2,33.3,22.5,34.9,0.58,22721.0,2.96,6,5,2020,0
2020-06-06,台北一,SE6 青蔥 粉蔥 ,57.6,38.0,26.8,39.7,13.75,22094.0,-2.76,6,6,2020,0
2020-06-07,台北一,SE6 青蔥 粉蔥 ,54.2,35.5,25.4,37.2,-6.3,23765.0,7.56,6,7,2020,0
2020-06-08,台北一,SE6 青蔥 粉蔥 ,,,,,,,,6,1,2020,1
2020-06-09,台北一,SE6 青蔥 粉蔥 ,47.0,36.2,26.0,36.3,-2.42,24251.0,2.05,6,2,2020,0
2020-06-10,台北一,SE6 青蔥 粉蔥 ,48.6,37.4,28.2,37.8,4.13,19899.0,-17.95,6,3,2020,0
2020-06-11,台北一,SE6 青蔥 粉蔥 ,53.2,37.9,27.9,38.9,2.91,17734.0,-10.88,6,4,2020,0
2020-06-12,台北一,SE6 青蔥 粉蔥 ,55.3,39.4,29.5,40.6,4.37,19596.0,10.5,6,5,2020,0
2020-06-13,台北一,SE6 青蔥 粉蔥 ,47.1,37.3,29.6,37.7,-7.14,22234.0,13.46,6,6,2020,0
2020-06-14,台北一,SE6 青蔥 粉蔥 ,46.5,36.0,26.8,36.2,-3.98,21974.0,-1.17,6,7,2020,0
2020-06-15,台北一,SE6 青蔥 粉蔥 ,,,,,,,,6,1,2020,1
2020-06-16,台北一,SE6 青蔥 粉蔥 ,56.1,43.2,32.0,43.6,20.44,20284.0,-7.69,6,2,2020,0
2020-06-17,台北一,SE6 青蔥 粉蔥 ,52.8,38.4,29.2,39.4,-9.63,21160.0,4.32,6,3,2020,0
2020-06-18,台北一,SE6 青蔥 粉蔥 ,52.5,39.4,30.8,40.3,2.28,17602.0,-16.81,6,4,2020,0
2020-06-19,台北一,SE6 青蔥 粉蔥 ,55.4,42.5,32.8,43.1,6.95,18027.0,2.41,6,5,2020,0
2020-06-20,台北一,SE6 青蔥 粉蔥 ,56.0,44.5,33.7,44.6,3.48,19340.0,7.28,6,6,2020,0
2020-06-21,台北一,SE6 青蔥 粉蔥 ,53.9,43.1,32.9,43.2,-3.14,21502.0,11.18,6,7,2020,0
2020-06-22,台北一,SE6 青蔥 粉蔥 ,,,,,,,,6,1,2020,1
2020-06-23,台北一,SE6 青蔥 粉蔥 ,62.7,52.9,41.0,52.4,21.3,19941.0,-7.26,6,2,2020,0
2020-06-24,台北一,SE6 青蔥 粉蔥 ,71.7,59.9,44.2,59.1,12.79,23532.0,18.01,6,3,2020,0
2020-06-25,台北一,SE6 青蔥 粉蔥 ,78.4,65.1,45.3,63.8,7.95,26698.0,13.45,6,4,2020,0
2020-06-26,台北一,SE6 青蔥 粉蔥 ,,,,,,,,6,5,2020,1
2020-06-27,台北一,SE6 青蔥 粉蔥 ,,,,,,,,6,6,2020,1
2020-06-28,台北一,SE6 青蔥 粉蔥 ,78.7,63.4,43.3,62.4,-2.19,22558.0,-15.51,6,7,2020,0
2020-06-29,台北一,SE6 青蔥 粉蔥 ,,,,,,,,6,1,2020,1
2020-06-30,台北一,SE6 青蔥 粉蔥 ,74.8,61.8,45.4,61.1,-2.08,20373.0,-9.69,6,2,2020,0
2020-07-01,台北一,SE6 青蔥 粉蔥 ,73.2,62.3,50.6,62.2,1.8,17365.0,-14.76,7,3,2020,0
2020-07-02,台北一,SE6 青蔥 粉蔥 ,78.8,63.5,50.0,63.8,2.57,15071.0,-13.21,7,4,2020,0
2020-07-03,台北一,SE6 青蔥 粉蔥 ,82.8,69.8,50.4,68.6,7.52,14337.0,-4.87,7,5,2020,0
2020-07-04,台北一,SE6 青蔥 粉蔥 ,81.5,69.2,49.8,67.8,-1.17,16128.0,12.49,7,6,2020,0
2020-07-05,台北一,SE6 青蔥 粉蔥 ,81.5,69.9,49.8,68.2,0.59,18108.0,12.28,7,7,2020,0
2020-07-06,台北一,SE6 青蔥 粉蔥 ,,,,,,,,7,1,2020,1
2020-07-07,台北一,SE6 青蔥 粉蔥 ,83.4,72.0,51.9,70.2,2.93,18223.0,0.64,7,2,2020,0
2020-07-08,台北一,SE6 青蔥 粉蔥 ,114.4,93.0,59.5,90.6,29.06,12861.0,-29.42,7,3,2020,0
2020-07-09,台北一,SE6 青蔥 粉蔥 ,109.5,82.2,51.3,81.4,-10.15,14954.0,16.27,7,4,2020,0
2020-07-10,台北一,SE6 青蔥 粉蔥 ,100.4,80.0,54.2,78.9,-3.07,16166.0,8.1,7,5,2020,0
2020-07-11,台北一,SE6 青蔥 粉蔥 ,104.8,83.8,60.7,83.4,5.7,15326.0,-5.2,7,6,2020,0
2020-07-12,台北一,SE6 青蔥 粉蔥 ,102.1,88.2,62.3,85.8,2.88,16814.0,9.71,7,7,2020,0
2020-07-13,台北一,SE6 青蔥 粉蔥 ,,,,,,,,7,1,2020,1
2020-07-14,台北一,SE6 青蔥 粉蔥 ,114.5,96.4,67.9,94.4,10.02,16940.0,0.75,7,2,2020,0
2020-07-15,台北一,SE6 青蔥 粉蔥 ,129.5,106.3,79.9,105.7,11.97,17460.0,3.07,7,3,2020,0
2020-07-16,台北一,SE6 青蔥 粉蔥 ,,,,,,,,7,4,2020,1
2020-07-17,台北一,SE6 青蔥 粉蔥 ,135.8,120.9,81.0,115.9,9.65,18142.0,3.91,7,5,2020,0
2020-07-18,台北一,SE6 青蔥 粉蔥 ,133.5,107.6,72.6,105.8,-8.71,18070.0,-0.4,7,6,2020,0
2020-07-19,台北一,SE6 青蔥 粉蔥 ,120.0,97.4,62.5,95.0,-10.21,18602.0,2.94,7,7,2020,0
2020-07-20,台北一,SE6 青蔥 粉蔥 ,,,,,,,,7,1,2020,1
2020-07-21,台北一,SE6 青蔥 粉蔥 ,128.6,102.9,68.5,101.2,6.53,15224.0,-18.16,7,2,2020,0
2020-07-22,台北一,SE6 青蔥 粉蔥 ,107.1,89.7,65.8,88.4,-12.65,14269.0,-6.27,7,3,2020,0
2020-07-23,台北一,SE6 青蔥 粉蔥 ,128.8,107.1,78.5,105.7,19.57,12151.0,-14.84,7,4,2020,0
2020-07-24,台北一,SE6 青蔥 粉蔥 ,131.0,113.0,84.0,110.8,4.82,12971.0,6.75,7,5,2020,0
2020-07-25,台北一,SE6 青蔥 粉蔥 ,121.4,102.3,75.0,100.6,-9.21,16682.0,28.61,7,6,2020,0
2020-07-26,台北一,SE6 青蔥 粉蔥 ,123.9,98.6,71.5,98.3,-2.29,15477.0,-7.22,7,7,2020,0
2020-07-27,台北一,SE6 青蔥 粉蔥 ,,,,,,,,7,1,2020,1
2020-07-28,台北一,SE6 青蔥 粉蔥 ,116.0,97.1,79.7,97.4,-0.92,16786.0,8.46,7,2,2020,0
2020-07-29,台北一,SE6 青蔥 粉蔥 ,123.8,105.0,80.7,103.9,6.67,12794.0,-23.78,7,3,2020,0
2020-07-30,台北一,SE6 青蔥 粉蔥 ,120.6,105.5,76.8,102.8,-1.06,13178.0,3.0,7,4,2020,0
2020-07-31,台北一,SE6 青蔥 粉蔥 ,120.9,106.8,84.8,105.2,2.33,15058.0,14.27,7,5,2020,0
2020-08-01,台北一,SE6 青蔥 粉蔥 ,107.0,95.1,75.3,93.5,-11.12,16894.0,12.19,8,6,2020,0
2020-08-02,台北一,SE6 青蔥 粉蔥 ,126.7,114.0,94.3,112.6,20.43,13867.0,-17.92,8,7,2020,0
2020-08-03,台北一,SE6 青蔥 粉蔥 ,,,,,,,,8,1,2020,1
2020-08-04,台北一,SE6 青蔥 粉蔥 ,147.7,132.1,105.7,130.0,15.45,12187.0,-12.12,8,2,2020,0
2020-08-05,台北一,SE6 青蔥 粉蔥 ,158.9,147.4,122.3,144.7,11.31,11505.0,-5.6,8,3,2020,0
2020-08-06,台北一,SE6 青蔥 粉蔥 ,143.5,128.4,96.4,125.0,-13.61,13536.0,17.65,8,4,2020,0
2020-08-07,台北一,SE6 青蔥 粉蔥 ,151.1,135.6,103.7,132.3,5.84,13505.0,-0.23,8,5,2020,0
2020-08-08,台北一,SE6 青蔥 粉蔥 ,147.9,134.6,105.8,131.5,-0.6,12859.0,-4.78,8,6,2020,0
2020-08-09,台北一,SE6 青蔥 粉蔥 ,156.8,140.8,108.8,137.6,4.64,12617.0,-1.88,8,7,2020,0
2020-08-10,台北一,SE6 青蔥 粉蔥 ,,,,,,,,8,1,2020,1
2020-08-11,台北一,SE6 青蔥 粉蔥 ,149.8,138.3,106.3,134.2,-2.47,15918.0,26.16,8,2,2020,0
2020-08-12,台北一,SE6 青蔥 粉蔥 ,152.0,141.1,119.4,138.9,3.5,15459.0,-2.88,8,3,2020,0
2020-08-13,台北一,SE6 青蔥 粉蔥 ,,,,,,,,8,4,2020,1
2020-08-14,台北一,SE6 青蔥 粉蔥 ,147.6,129.5,102.6,127.8,-7.99,15916.0,2.96,8,5,2020,0
2020-08-15,台北一,SE6 青蔥 粉蔥 ,155.1,130.8,96.4,128.8,0.78,14919.0,-6.26,8,6,2020,0
2020-08-16,台北一,SE6 青蔥 粉蔥 ,149.4,122.2,74.8,118.2,-8.23,16089.0,7.84,8,7,2020,0
2020-08-17,台北一,SE6 青蔥 粉蔥 ,,,,,,,,8,1,2020,1
2020-08-18,台北一,SE6 青蔥 粉蔥 ,150.3,128.8,84.7,124.3,5.16,13219.0,-17.84,8,2,2020,0
2020-08-19,台北一,SE6 青蔥 粉蔥 ,149.1,121.5,84.4,119.6,-3.78,12375.0,-6.38,8,3,2020,0
2020-08-20,台北一,SE6 青蔥 粉蔥 ,139.6,111.1,74.3,109.4,-8.53,14203.0,14.77,8,4,2020,0
2020-08-21,台北一,SE6 青蔥 粉蔥 ,130.6,104.6,80.0,104.9,-4.11,13656.0,-3.85,8,5,2020,0
2020-08-22,台北一,SE6 青蔥 粉蔥 ,144.1,122.4,92.1,120.7,15.06,11030.0,-19.23,8,6,2020,0
2020-08-23,台北一,SE6 青蔥 粉蔥 ,146.9,117.0,82.3,116.0,-3.89,15945.0,44.56,8,7,2020,0
2020-08-24,台北一,SE6 青蔥 粉蔥 ,,,,,,,,8,1,2020,1
2020-08-25,台北一,SE6 青蔥 粉蔥 ,132.7,102.4,76.8,103.4,-10.86,18811.0,17.97,8,2,2020,0
2020-08-26,台北一,SE6 青蔥 粉蔥 ,126.6,97.0,73.2,98.2,-5.03,14781.0,-21.42,8,3,2020,0
2020-08-27,台北一,SE6 青蔥 粉蔥 ,115.1,87.0,68.2,88.9,-9.47,14327.0,-3.07,8,4,2020,0
2020-08-28,台北一,SE6 青蔥 粉蔥 ,119.8,100.8,82.3,100.9,13.5,13733.0,-4.15,8,5,2020,0
2020-08-29,台北一,SE6 青蔥 粉蔥 ,125.7,102.6,80.0,102.7,1.78,16752.0,21.98,8,6,2020,0
2020-08-30,台北一,SE6 青蔥 粉蔥 ,123.7,103.6,82.8,103.4,0.68,18282.0,9.13,8,7,2020,0
2020-08-31,台北一,SE6 青蔥 粉蔥 ,,,,,,,,8,1,2020,1
2020-09-01,台北一,SE6 青蔥 粉蔥 ,126.7,99.8,75.2,100.3,-3.0,25492.0,39.44,9,2,2020,0
2020-09-02,台北一,SE6 青蔥 粉蔥 ,139.5,116.1,88.4,115.3,14.96,20690.0,-18.84,9,3,2020,0
2020-09-03,台北一,SE6 青蔥 粉蔥 ,,,,,,,,9,4,2020,1
2020-09-04,台北一,SE6 青蔥 粉蔥 ,,,,,,,,9,5,2020,1
2020-09-05,台北一,SE6 青蔥 粉蔥 ,119.4,94.3,66.2,93.7,-18.73,24317.0,17.53,9,6,2020,0
2020-09-06,台北一,SE6 青蔥 粉蔥 ,117.3,89.5,59.9,89.2,-4.8,20256.0,-16.7,9,7,2020,0
2020-09-07,台北一,SE6 青蔥 粉蔥 ,,,,,,,,9,1,2020,1
2020-09-08,台北一,SE6 青蔥 粉蔥 ,103.3,83.1,66.6,83.9,-5.94,21466.0,5.97,9,2,2020,0
2020-09-09,台北一,SE6 青蔥 粉蔥 ,96.0,77.9,57.6,77.4,-7.75,19935.0,-7.13,9,3,2020,0
2020-09-10,台北一,SE6 青蔥 粉蔥 ,84.4,65.3,49.2,65.9,-14.86,19167.0,-3.85,9,4,2020,0
2020-09-11,台北一,SE6 青蔥 粉蔥 ,85.5,67.2,44.3,66.2,0.46,16362.0,-14.63,9,5,2020,0
2020-09-12,台北一,SE6 青蔥 粉蔥 ,82.9,65.7,43.8,64.8,-2.11,20497.0,25.27,9,6,2020,0
2020-09-13,台北一,SE6 青蔥 粉蔥 ,75.9,59.4,40.5,58.9,-9.1,22067.0,7.66,9,7,2020,0
2020-09-14,台北一,SE6 青蔥 粉蔥 ,,,,,,,,9,1,2020,1
2020-09-15,台北一,SE6 青蔥 粉蔥 ,71.1,54.1,38.0,54.3,-7.81,22233.0,0.75,9,2,2020,0
2020-09-16,台北一,SE6 青蔥 粉蔥 ,70.5,51.9,34.5,52.2,-3.87,19192.0,-13.68,9,3,2020,0
2020-09-17,台北一,SE6 青蔥 粉蔥 ,68.1,48.3,30.0,48.6,-6.9,18645.0,-2.85,9,4,2020,0
2020-09-18,台北一,SE6 青蔥 粉蔥 ,71.0,51.7,32.8,51.8,6.58,18034.0,-3.28,9,5,2020,0
2020-09-19,台北一,SE6 青蔥 粉蔥 ,68.3,45.7,30.1,47.1,-9.07,21781.0,20.78,9,6,2020,0
2020-09-20,台北一,SE6 青蔥 粉蔥 ,75.3,50.4,36.0,52.5,11.46,19847.0,-8.88,9,7,2020,0
2020-09-21,台北一,SE6 青蔥 粉蔥 ,,,,,,,,9,1,2020,1
2020-09-22,台北一,SE6 青蔥 粉蔥 ,72.9,55.7,39.0,55.8,6.29,19323.0,-2.64,9,2,2020,0
2020-09-23,台北一,SE6 青蔥 粉蔥 ,77.4,59.0,39.8,58.9,5.56,23074.0,19.41,9,3,2020,0
2020-09-24,台北一,SE6 青蔥 粉蔥 ,,,,,,,,9,4,2020,1
2020-09-25,台北一,SE6 青蔥 粉蔥 ,68.0,48.4,30.7,48.8,-17.15,28428.0,23.2,9,5,2020,0
2020-09-26,台北一,SE6 青蔥 粉蔥 ,59.1,43.2,28.9,43.6,-10.66,25212.0,-11.31,9,6,2020,0
2020-09-27,台北一,SE6 青蔥 粉蔥 ,56.2,42.4,31.9,43.0,-1.38,26677.0,5.81,9,7,2020,0
2020-09-28,台北一,SE6 青蔥 粉蔥 ,,,,,,,,9,1,2020,1
2020-09-29,台北一,SE6 青蔥 粉蔥 ,49.4,35.7,23.4,36.0,-16.28,31643.0,18.62,9,2,2020,0
2020-09-30,台北一,SE6 青蔥 粉蔥 ,49.6,33.1,24.1,34.6,-3.89,27852.0,-11.98,9,3,2020,0
2020-10-01,台北一,SE6 青蔥 粉蔥 ,59.6,39.4,25.2,40.6,17.34,28898.0,3.76,10,4,2020,0
2020-10-02,台北一,SE6 青蔥 粉蔥 ,,,,,,,,10,5,2020,1
2020-10-03,台北一,SE6 青蔥 粉蔥 ,,,,,,,,10,6,2020,1
2020-10-04,台北一,SE6 青蔥 粉蔥 ,69.5,51.2,36.0,51.8,27.59,22426.0,-22.4,10,7,2020,0
2020-10-05,台北一,SE6 青蔥 粉蔥 ,,,,,,,,10,1,2020,1
2020-10-06,台北一,SE6 青蔥 粉蔥 ,57.3,40.7,29.4,41.7,-19.5,25511.0,13.76,10,2,2020,0
2020-10-07,台北一,SE6 青蔥 粉蔥 ,61.8,45.7,34.1,46.6,11.75,20515.0,-19.58,10,3,2020,0
2020-10-08,台北一,SE6 青蔥 粉蔥 ,57.4,39.4,30.5,41.2,-11.59,20967.0,2.2,10,4,2020,0
2020-10-09,台北一,SE6 青蔥 粉蔥 ,57.4,38.6,28.0,40.2,-2.43,21798.0,3.96,10,5,2020,0
2020-10-10,台北一,SE6 青蔥 粉蔥 ,53.4,36.8,27.6,38.3,-4.73,23669.0,8.58,10,6,2020,0
2020-10-11,台北一,SE6 青蔥 粉蔥 ,53.1,37.2,27.6,38.5,0.52,23900.0,0.98,10,7,2020,0
2020-10-12,台北一,SE6 青蔥 粉蔥 ,,,,,,,,10,1,2020,1
2020-10-13,台北一,SE6 青蔥 粉蔥 ,52.4,35.2,27.8,37.1,-3.64,24957.0,4.42,10,2,2020,0
2020-10-14,台北一,SE6 青蔥 粉蔥 ,47.7,30.9,19.5,32.0,-13.75,24892.0,-0.26,10,3,2020,0
2020-10-15,台北一,SE6 青蔥 粉蔥 ,49.4,30.2,19.5,31.9,-0.31,21657.0,-13.0,10,4,2020,0
2020-10-16,台北一,SE6 青蔥 粉蔥 ,54.7,30.3,20.4,33.2,4.08,19709.0,-8.99,10,5,2020,0
2020-10-17,台北一,SE6 青蔥 粉蔥 ,53.7,33.1,21.4,34.9,5.12,21379.0,8.47,10,6,2020,0
2020-10-18,台北一,SE6 青蔥 粉蔥 ,55.3,34.6,20.8,36.0,3.15,22561.0,5.53,10,7,2020,0
2020-10-19,台北一,SE6 青蔥 粉蔥 ,,,,,,,,10,1,2020,1
2020-10-20,台北一,SE6 青蔥 粉蔥 ,55.1,36.0,23.7,37.3,3.61,22045.0,-2.29,10,2,2020,0
2020-10-21,台北一,SE6 青蔥 粉蔥 ,49.4,31.7,20.9,33.0,-11.53,23736.0,7.67,10,3,2020,0
2020-10-22,台北一,SE6 青蔥 粉蔥 ,46.3,29.6,20.7,31.2,-5.45,21823.0,-8.06,10,4,2020,0
2020-10-23,台北一,SE6 青蔥 粉蔥 ,52.4,30.8,20.1,33.0,5.77,22038.0,0.99,10,5,2020,0
2020-10-24,台北一,SE6 青蔥 粉蔥 ,53.4,34.8,22.4,36.1,9.39,23048.0,4.58,10,6,2020,0
2020-10-25,台北一,SE6 青蔥 粉蔥 ,58.1,39.1,28.7,40.8,13.02,23542.0,2.14,10,7,2020,0
2020-10-26,台北一,SE6 青蔥 粉蔥 ,,,,,,,,10,1,2020,1
2020-10-27,台北一,SE6 青蔥 粉蔥 ,59.6,38.1,26.6,40.1,-1.72,24256.0,3.03,10,2,2020,0
2020-10-28,台北一,SE6 青蔥 粉蔥 ,51.6,34.3,23.3,35.6,-11.22,23229.0,-4.23,10,3,2020,0
2020-10-29,台北一,SE6 青蔥 粉蔥 ,48.5,30.9,23.2,32.9,-7.58,22250.0,-4.21,10,4,2020,0
2020-10-30,台北一,SE6 青蔥 粉蔥 ,53.0,32.1,23.6,34.6,5.17,23013.0,3.43,10,5,2020,0
2020-10-31,台北一,SE6 青蔥 粉蔥 ,51.4,29.2,19.1,31.6,-8.67,26304.0,14.3,10,6,2020,0
2020-11-01,台北一,SE6 青蔥 粉蔥 ,53.4,31.4,20.0,33.6,6.33,25982.0,-1.22,11,7,2020,0
2020-11-02,台北一,SE6 青蔥 粉蔥 ,,,,,,,,11,1,2020,1
2020-11-03,台北一,SE6 青蔥 粉蔥 ,57.3,33.4,22.5,36.0,7.14,24054.0,-7.42,11,2,2020,0
2020-11-04,台北一,SE6 青蔥 粉蔥 ,54.6,31.0,21.3,33.8,-6.11,21878.0,-9.05,11,3,2020,0
2020-11-05,台北一,SE6 青蔥 粉蔥 ,55.7,33.7,22.8,35.9,6.21,20140.0,-7.94,11,4,2020,0
2020-11-06,台北一,SE6 青蔥 粉蔥 ,52.9,32.4,20.9,34.2,-4.74,22082.0,9.64,11,5,2020,0
2020-11-07,台北一,SE6 青蔥 粉蔥 ,56.8,34.0,23.3,36.4,6.43,22140.0,0.26,11,6,2020,0
2020-11-08,台北一,SE6 青蔥 粉蔥 ,54.7,33.0,23.6,35.4,-2.75,23230.0,4.92,11,7,2020,0
2020-11-09,台北一,SE6 青蔥 粉蔥 ,,,,,,,,11,1,2020,1
2020-11-10,台北一,SE6 青蔥 粉蔥 ,58.6,35.2,25.0,37.8,6.78,23553.0,1.39,11,2,2020,0
2020-11-11,台北一,SE6 青蔥 粉蔥 ,61.0,38.6,27.6,40.9,8.2,25401.0,7.85,11,3,2020,0
2020-11-12,台北一,SE6 青蔥 粉蔥 ,,,,,,,,11,4,2020,1
2020-11-13,台北一,SE6 青蔥 粉蔥 ,56.8,35.6,23.2,37.3,-8.8,26727.0,5.22,11,5,2020,0
2020-11-14,台北一,SE6 青蔥 粉蔥 ,50.4,34.0,23.8,35.2,-5.63,24541.0,-8.18,11,6,2020,0
2020-11-15,台北一,SE6 青蔥 粉蔥 ,52.2,32.7,23.4,34.7,-1.42,25225.0,2.79,11,7,2020,0
2020-11-16,台北一,SE6 青蔥 粉蔥 ,,,,,,,,11,1,2020,1
2020-11-17,台北一,SE6 青蔥 粉蔥 ,56.1,34.8,25.6,37.2,7.2,19799.0,-21.51,11,2,2020,0
2020-11-18,台北一,SE6 青蔥 粉蔥 ,52.7,35.3,25.0,36.7,-1.34,18333.0,-7.4,11,3,2020,0
2020-11-19,台北一,SE6 青蔥 粉蔥 ,52.2,32.7,25.6,35.2,-4.09,18852.0,2.83,11,4,2020,0
2020-11-20,台北一,SE6 青蔥 粉蔥 ,53.3,33.0,19.9,34.4,-2.27,21600.0,14.58,11,5,2020,0
2020-11-21,台北一,SE6 青蔥 粉蔥 ,57.0,36.0,21.9,37.4,8.72,22466.0,4.01,11,6,2020,0
2020-11-22,台北一,SE6 青蔥 粉蔥 ,55.7,33.8,18.4,35.1,-6.15,25600.0,13.95,11,7,2020,0
2020-11-23,台北一,SE6 青蔥 粉蔥 ,,,,,,,,11,1,2020,1
2020-11-24,台北一,SE6 青蔥 粉蔥 ,57.8,34.8,22.3,36.9,5.13,22768.0,-11.06,11,2,2020,0
2020-11-25,台北一,SE6 青蔥 粉蔥 ,48.6,31.2,14.9,31.4,-14.91,23442.0,2.96,11,3,2020,0
2020-11-26,台北一,SE6 青蔥 粉蔥 ,47.9,30.4,18.6,31.5,0.32,21001.0,-10.41,11,4,2020,0
2020-11-27,台北一,SE6 青蔥 粉蔥 ,50.4,32.2,19.4,33.3,5.71,20918.0,-0.4,11,5,2020,0
2020-11-28,台北一,SE6 青蔥 粉蔥 ,48.8,31.1,18.6,32.2,-3.3,24224.0,15.8,11,6,2020,0
2020-11-29,台北一,SE6 青蔥 粉蔥 ,46.8,31.2,18.4,31.7,-1.55,24350.0,0.52,11,7,2020,0
2020-11-30,台北一,SE6 青蔥 粉蔥 ,,,,,,,,11,1,2020,1
2020-12-01,台北一,SE6 青蔥 粉蔥 ,51.3,34.0,21.7,35.0,10.41,21151.0,-13.14,12,2,2020,0
2020-12-02,台北一,SE6 青蔥 粉蔥 ,44.4,30.0,18.4,30.6,-12.57,23373.0,10.51,12,3,2020,0
2020-12-03,台北一,SE6 青蔥 粉蔥 ,40.9,28.0,19.7,28.9,-5.56,22330.0,-4.46,12,4,2020,0
2020-12-04,台北一,SE6 青蔥 粉蔥 ,42.2,27.9,18.2,28.8,-0.35,23203.0,3.91,12,5,2020,0
2020-12-05,台北一,SE6 青蔥 粉蔥 ,45.4,32.2,22.9,33.0,14.58,22790.0,-1.78,12,6,2020,0
2020-12-06,台北一,SE6 青蔥 粉蔥 ,44.6,31.9,22.5,32.6,-1.21,25830.0,13.34,12,7,2020,0
2020-12-07,台北一,SE6 青蔥 粉蔥 ,,,,,,,,12,1,2020,1
2020-12-08,台北一,SE6 青蔥 粉蔥 ,48.1,34.7,23.5,35.1,7.67,25314.0,-2.0,12,2,2020,0
2020-12-09,台北一,SE6 青蔥 粉蔥 ,46.5,29.9,19.5,31.1,-11.4,22781.0,-10.01,12,3,2020,0
2020-12-10,台北一,SE6 青蔥 粉蔥 ,42.2,28.3,19.3,29.2,-6.11,21267.0,-6.65,12,4,2020,0
2020-12-11,台北一,SE6 青蔥 粉蔥 ,44.7,28.8,18.9,30.0,2.74,23504.0,10.52,12,5,2020,0
2020-12-12,台北一,SE6 青蔥 粉蔥 ,47.7,33.0,22.8,33.9,13.0,23098.0,-1.73,12,6,2020,0
2020-12-13,台北一,SE6 青蔥 粉蔥 ,42.6,29.4,20.2,30.2,-10.91,28380.0,22.87,12,7,2020,0
2020-12-14,台北一,SE6 青蔥 粉蔥 ,,,,,,,,12,1,2020,1
2020-12-15,台北一,SE6 青蔥 粉蔥 ,42.2,28.7,21.1,29.9,-0.99,27170.0,-4.26,12,2,2020,0
2020-12-16,台北一,SE6 青蔥 粉蔥 ,44.6,29.2,23.2,31.1,4.01,23025.0,-15.26,12,3,2020,0
2020-12-17,台北一,SE6 青蔥 粉蔥 ,42.9,27.4,20.8,29.2,-6.11,22027.0,-4.33,12,4,2020,0
2020-12-18,台北一,SE6 青蔥 粉蔥 ,43.7,28.6,21.5,30.2,3.42,24394.0,10.75,12,5,2020,0
2020-12-19,台北一,SE6 青蔥 粉蔥 ,41.2,28.3,19.1,29.1,-3.64,26824.0,9.96,12,6,2020,0
2020-12-20,台北一,SE6 青蔥 粉蔥 ,41.3,27.3,17.9,28.2,-3.09,27762.0,3.5,12,7,2020,0
2020-12-21,台北一,SE6 青蔥 粉蔥 ,,,,,,,,12,1,2020,1
2020-12-22,台北一,SE6 青蔥 粉蔥 ,46.2,36.2,25.4,36.0,27.66,19446.0,-29.95,12,2,2020,0
2020-12-23,台北一,SE6 青蔥 粉蔥 ,40.7,28.3,19.6,29.1,-19.17,22397.0,15.18,12,3,2020,0
2020-12-24,台北一,SE6 青蔥 粉蔥 ,37.3,25.4,12.4,25.2,-13.4,25768.0,15.05,12,4,2020,0
2020-12-25,台北一,SE6 青蔥 粉蔥 ,39.4,27.7,17.8,28.1,11.51,25118.0,-2.52,12,5,2020,0
2020-12-26,台北一,SE6 青蔥 粉蔥 ,41.0,28.0,17.9,28.5,1.42,26366.0,4.97,12,6,2020,0
2020-12-27,台北一,SE6 青蔥 粉蔥 ,40.4,27.6,16.5,27.9,-2.11,29064.0,10.23,12,7,2020,0
2020-12-28,台北一,SE6 青蔥 粉蔥 ,,,,,,,,12,1,2020,1
2020-12-29,台北一,SE6 青蔥 粉蔥 ,38.2,26.8,18.7,27.4,-1.79,28754.0,-1.07,12,2,2020,0
2020-12-30,台北一,SE6 青蔥 粉蔥 ,35.2,26.8,18.6,26.8,-2.19,24880.0,-13.47,12,3,2020,0
2020-12-31,台北一,SE6 青蔥 粉蔥 ,39.7,29.0,21.9,29.7,10.82,22953.0,-7.75,12,4,2020,0
2021-01-01,台北一,SE6 青蔥 粉蔥 ,41.5,30.4,22.6,31.1,4.71,22635.0,-1.39,1,5,2021,0
2021-01-02,台北一,SE6 青蔥 粉蔥 ,43.1,33.2,25.9,33.7,8.36,22445.0,-0.84,1,6,2021,0
2021-01-03,台北一,SE6 青蔥 粉蔥 ,45.1,35.1,26.4,35.4,5.04,23364.0,4.09,1,7,2021,0
2021-01-04,台北一,SE6 青蔥 粉蔥 ,,,,,,,,1,1,2021,1
2021-01-05,台北一,SE6 青蔥 粉蔥 ,42.9,30.4,22.1,31.2,-11.86,28286.0,21.07,1,2,2021,0
2021-01-06,台北一,SE6 青蔥 粉蔥 ,39.9,29.1,21.4,29.7,-4.81,25669.0,-9.25,1,3,2021,0
2021-01-07,台北一,SE6 青蔥 粉蔥 ,39.4,27.0,17.8,27.6,-7.07,26204.0,2.08,1,4,2021,0
2021-01-08,台北一,SE6 青蔥 粉蔥 ,39.4,26.9,17.3,27.5,-0.36,26810.0,2.31,1,5,2021,0
2021-01-09,台北一,SE6 青蔥 粉蔥 ,40.9,29.4,24.0,30.6,11.27,24782.0,-7.56,1,6,2021,0
2021-01-10,台北一,SE6 青蔥 粉蔥 ,43.3,33.0,25.1,33.5,9.48,24901.0,0.48,1,7,2021,0
2021-01-11,台北一,SE6 青蔥 粉蔥 ,,,,,,,,1,1,2021,1
2021-01-12,台北一,SE6 青蔥 粉蔥 ,43.3,32.9,24.8,33.4,-0.3,29060.0,16.7,1,2,2021,0
2021-01-13,台北一,SE6 青蔥 粉蔥 ,52.3,41.6,34.3,42.3,26.65,29330.0,0.93,1,3,2021,0
2021-01-14,台北一,SE6 青蔥 粉蔥 ,,,,,,,,1,4,2021,1
2021-01-15,台北一,SE6 青蔥 粉蔥 ,43.0,31.0,22.8,31.8,-24.82,37380.0,27.45,1,5,2021,0
2021-01-16,台北一,SE6 青蔥 粉蔥 ,42.9,31.2,23.2,31.9,0.31,30395.0,-18.69,1,6,2021,0
2021-01-17,台北一,SE6 青蔥 粉蔥 ,39.5,29.4,19.6,29.4,-7.84,32184.0,5.89,1,7,2021,0
2021-01-18,台北一,SE6 青蔥 粉蔥 ,,,,,,,,1,1,2021,1
2021-01-19,台北一,SE6 青蔥 粉蔥 ,39.0,28.4,21.3,29.1,-1.02,31584.0,-1.86,1,2,2021,0
2021-01-20,台北一,SE6 青蔥 粉蔥 ,39.0,27.4,19.2,28.1,-3.44,28022.0,-11.28,1,3,2021,0
2021-01-21,台北一,SE6 青蔥 粉蔥 ,36.6,25.0,15.6,25.4,-9.61,27536.0,-1.73,1,4,2021,0
2021-01-22,台北一,SE6 青蔥 粉蔥 ,38.3,24.4,14.1,25.1,-1.18,29711.0,7.9,1,5,2021,0
2021-01-23,台北一,SE6 青蔥 粉蔥 ,38.3,24.4,11.8,24.6,-1.99,29358.0,-1.19,1,6,2021,0
2021-01-24,台北一,SE6 青蔥 粉蔥 ,39.1,25.4,13.0,25.7,4.47,31745.0,8.13,1,7,2021,0
2021-01-25,台北一,SE6 青蔥 粉蔥 ,,,,,,,,1,1,2021,1
2021-01-26,台北一,SE6 青蔥 粉蔥 ,40.4,28.1,18.7,28.7,11.67,28367.0,-10.64,1,2,2021,0
2021-01-27,台北一,SE6 青蔥 粉蔥 ,34.8,25.3,14.7,25.1,-12.54,29169.0,2.83,1,3,2021,0
2021-01-28,台北一,SE6 青蔥 粉蔥 ,34.4,24.4,11.7,23.9,-4.78,28741.0,-1.47,1,4,2021,0
2021-01-29,台北一,SE6 青蔥 粉蔥 ,35.6,24.4,11.5,24.1,0.84,27547.0,-4.15,1,5,2021,0
2021-01-30,台北一,SE6 青蔥 粉蔥 ,33.4,23.1,10.4,22.6,-6.22,31116.0,12.96,1,6,2021,0
2021-01-31,台北一,SE6 青蔥 粉蔥 ,35.2,22.8,10.1,22.7,0.44,31606.0,1.57,1,7,2021,0
2021-02-01,台北一,SE6 青蔥 粉蔥 ,,,,,,,,2,1,2021,1
2021-02-02,台北一,SE6 青蔥 粉蔥 ,41.5,29.1,19.4,29.6,30.4,27674.0,-12.44,2,2,2021,0
2021-02-03,台北一,SE6 青蔥 粉蔥 ,40.9,29.5,17.8,29.4,-0.68,29525.0,6.69,2,3,2021,0
2021-02-04,台北一,SE6 青蔥 粉蔥 ,47.9,30.4,16.3,31.1,5.78,38795.0,31.4,2,4,2021,0
2021-02-05,台北一,SE6 青蔥 粉蔥 ,,,,,,,,2,5,2021,1
2021-02-06,台北一,SE6 青蔥 粉蔥 ,44.2,29.0,15.8,29.4,-5.47,42191.0,8.75,2,6,2021,0
2021-02-07,台北一,SE6 青蔥 粉蔥 ,51.6,34.0,17.8,34.3,16.67,36504.0,-13.48,2,7,2021,0
2021-02-08,台北一,SE6 青蔥 粉蔥 ,50.7,30.7,10.2,30.6,-10.79,38000.0,4.1,2,1,2021,0
2021-02-09,台北一,SE6 青蔥 粉蔥 ,55.7,36.2,19.7,36.8,20.26,40960.0,7.79,2,2,2021,0
2021-02-10,台北一,SE6 青蔥 粉蔥 ,65.1,45.0,24.6,44.9,22.01,43921.0,7.23,2,3,2021,0
2021-02-11,台北一,SE6 青蔥 粉蔥 ,84.6,59.9,30.6,59.0,31.4,23885.0,-45.62,2,4,2021,0
2021-02-12,台北一,SE6 青蔥 粉蔥 ,,,,,,,,2,5,2021,1
2021-02-13,台北一,SE6 青蔥 粉蔥 ,,,,,,,,2,6,2021,1
2021-02-14,台北一,SE6 青蔥 粉蔥 ,,,,,,,,2,7,2021,1
2021-02-15,台北一,SE6 青蔥 粉蔥 ,,,,,,,,2,1,2021,1
2021-02-16,台北一,SE6 青蔥 粉蔥 ,,,,,,,,2,2,2021,1
2021-02-17,台北一,SE6 青蔥 粉蔥 ,63.9,44.4,26.3,44.7,-24.24,29149.0,22.04,2,3,2021,0
2021-02-18,台北一,SE6 青蔥 粉蔥 ,63.1,42.2,25.1,43.0,-3.8,26142.0,-10.32,2,4,2021,0
2021-02-19,台北一,SE6 青蔥 粉蔥 ,66.8,50.8,31.9,50.2,16.74,31116.0,19.03,2,5,2021,0
2021-02-20,台北一,SE6 青蔥 粉蔥 ,,,,,,,,2,6,2021,1
2021-02-21,台北一,SE6 青蔥 粉蔥 ,49.7,31.3,15.9,31.9,-36.45,40803.0,31.13,2,7,2021,0
2021-02-22,台北一,SE6 青蔥 粉蔥 ,,,,,,,,2,1,2021,1
2021-02-23,台北一,SE6 青蔥 粉蔥 ,49.4,30.4,16.4,31.4,-1.57,30483.0,-25.29,2,2,2021,0
2021-02-24,台北一,SE6 青蔥 粉蔥 ,52.8,33.2,17.4,34.0,8.28,24793.0,-18.67,2,3,2021,0
2021-02-25,台北一,SE6 青蔥 粉蔥 ,55.1,35.4,17.8,35.8,5.29,23478.0,-5.3,2,4,2021,0
2021-02-26,台北一,SE6 青蔥 粉蔥 ,58.2,39.9,23.0,40.2,12.29,25506.0,8.64,2,5,2021,0
2021-02-27,台北一,SE6 青蔥 粉蔥 ,52.7,35.8,20.3,36.0,-10.45,33994.0,33.28,2,6,2021,0
2021-02-28,台北一,SE6 青蔥 粉蔥 ,,,,,,,,2,7,2021,1
2021-03-01,台北一,SE6 青蔥 粉蔥 ,,,,,,,,3,1,2021,1
2021-03-02,台北一,SE6 青蔥 粉蔥 ,59.6,41.1,25.6,41.7,15.83,25857.0,-23.94,3,2,2021,0
2021-03-03,台北一,SE6 青蔥 粉蔥 ,57.8,37.2,25.0,38.9,-6.71,23533.0,-8.99,3,3,2021,0
2021-03-04,台北一,SE6 青蔥 粉蔥 ,53.0,34.3,23.1,35.8,-7.97,23580.0,0.2,3,4,2021,0
2021-03-05,台北一,SE6 青蔥 粉蔥 ,50.0,32.3,21.5,33.7,-5.87,24452.0,3.7,3,5,2021,0
2021-03-06,台北一,SE6 青蔥 粉蔥 ,48.8,32.6,21.8,33.7,0.0,25898.0,5.91,3,6,2021,0
2021-03-07,台北一,SE6 青蔥 粉蔥 ,50.3,32.7,18.7,33.4,-0.89,26111.0,0.82,3,7,2021,0
2021-03-08,台北一,SE6 青蔥 粉蔥 ,,,,,,,,3,1,2021,1
2021-03-09,台北一,SE6 青蔥 粉蔥 ,54.7,34.3,21.1,35.8,7.19,24512.0,-6.12,3,2,2021,0
2021-03-10,台北一,SE6 青蔥 粉蔥 ,53.3,34.0,23.6,35.8,0.0,24202.0,-1.26,3,3,2021,0
2021-03-11,台北一,SE6 青蔥 粉蔥 ,46.7,32.3,23.0,33.3,-6.98,24228.0,0.11,3,4,2021,0
2021-03-12,台北一,SE6 青蔥 粉蔥 ,45.6,29.9,22.0,31.5,-5.41,24787.0,2.31,3,5,2021,0
2021-03-13,台北一,SE6 青蔥 粉蔥 ,48.8,35.1,24.9,35.8,13.65,25307.0,2.1,3,6,2021,0
2021-03-14,台北一,SE6 青蔥 粉蔥 ,48.4,33.5,24.3,34.7,-3.07,27082.0,7.01,3,7,2021,0
2021-03-15,台北一,SE6 青蔥 粉蔥 ,,,,,,,,3,1,2021,1
2021-03-16,台北一,SE6 青蔥 粉蔥 ,47.4,34.2,24.9,35.0,0.86,27897.0,3.01,3,2,2021,0
2021-03-17,台北一,SE6 青蔥 粉蔥 ,42.1,28.9,19.3,29.6,-15.43,28577.0,2.44,3,3,2021,0
2021-03-18,台北一,SE6 青蔥 粉蔥 ,42.8,28.4,18.7,29.4,-0.68,26043.0,-8.87,3,4,2021,0
2021-03-19,台北一,SE6 青蔥 粉蔥 ,49.6,29.9,18.0,31.5,7.14,28193.0,8.26,3,5,2021,0
2021-03-20,台北一,SE6 青蔥 粉蔥 ,47.9,29.8,15.7,30.6,-2.86,32891.0,16.66,3,6,2021,0
2021-03-21,台北一,SE6 青蔥 粉蔥 ,49.5,28.1,12.5,29.3,-4.25,38636.0,17.47,3,7,2021,0
2021-03-22,台北一,SE6 青蔥 粉蔥 ,,,,,,,,3,1,2021,1
2021-03-23,台北一,SE6 青蔥 粉蔥 ,,,,,,,,3,2,2021,1
2021-03-24,台北一,SE6 青蔥 粉蔥 ,42.6,29.0,17.2,29.4,0.34,33752.0,-12.64,3,3,2021,0
2021-03-25,台北一,SE6 青蔥 粉蔥 ,41.2,26.8,16.8,27.7,-5.78,27832.0,-17.54,3,4,2021,0
2021-03-26,台北一,SE6 青蔥 粉蔥 ,45.7,28.6,18.3,30.0,8.3,26602.0,-4.42,3,5,2021,0
2021-03-27,台北一,SE6 青蔥 粉蔥 ,44.5,30.1,20.1,31.0,3.33,29649.0,11.45,3,6,2021,0
2021-03-28,台北一,SE6 青蔥 粉蔥 ,43.3,28.4,17.5,29.2,-5.81,32351.0,9.11,3,7,2021,0
2021-03-29,台北一,SE6 青蔥 粉蔥 ,,,,,,,,3,1,2021,1
2021-03-30,台北一,SE6 青蔥 粉蔥 ,39.5,27.1,17.3,27.6,-5.48,29750.0,-8.04,3,2,2021,0
2021-03-31,台北一,SE6 青蔥 粉蔥 ,43.3,27.8,16.0,28.5,3.26,24366.0,-18.1,3,3,2021,0
2021-04-01,台北一,SE6 青蔥 粉蔥 ,51.5,32.0,16.9,32.9,15.44,25700.0,5.47,4,4,2021,0
2021-04-02,台北一,SE6 青蔥 粉蔥 ,48.5,31.3,13.7,31.2,-5.17,31457.0,22.4,4,5,2021,0
2021-04-03,台北一,SE6 青蔥 粉蔥 ,46.4,29.6,17.2,30.5,-2.24,37831.0,20.26,4,6,2021,0
2021-04-04,台北一,SE6 青蔥 粉蔥 ,,,,,,,,4,7,2021,1
2021-04-05,台北一,SE6 青蔥 粉蔥 ,,,,,,,,4,1,2021,1
2021-04-06,台北一,SE6 青蔥 粉蔥 ,45.4,31.1,17.5,31.2,2.3,29142.0,-22.97,4,2,2021,0
2021-04-07,台北一,SE6 青蔥 粉蔥 ,44.2,29.4,15.5,29.6,-5.13,27137.0,-6.88,4,3,2021,0
2021-04-08,台北一,SE6 青蔥 粉蔥 ,42.9,28.5,16.1,28.9,-2.36,25145.0,-7.34,4,4,2021,0
2021-04-09,台北一,SE6 青蔥 粉蔥 ,38.8,25.0,16.5,26.1,-9.69,26027.0,3.51,4,5,2021,0
2021-04-10,台北一,SE6 青蔥 粉蔥 ,42.5,27.7,18.8,28.9,10.73,26670.0,2.47,4,6,2021,0
2021-04-11,台北一,SE6 青蔥 粉蔥 ,43.8,26.6,17.5,28.2,-2.42,25325.0,-5.04,4,7,2021,0
2021-04-12,台北一,SE6 青蔥 粉蔥 ,,,,,,,,4,1,2021,1
2021-04-13,台北一,SE6 青蔥 粉蔥 ,50.9,31.1,20.0,32.9,16.67,25660.0,1.32,4,2,2021,0
2021-04-14,台北一,SE6 青蔥 粉蔥 ,49.8,32.2,21.0,33.4,1.52,25309.0,-1.37,4,3,2021,0
2021-04-15,台北一,SE6 青蔥 粉蔥 ,42.7,29.0,18.6,29.7,-11.08,24798.0,-2.02,4,4,2021,0
2021-04-16,台北一,SE6 青蔥 粉蔥 ,41.0,27.5,18.3,28.3,-4.71,26690.0,7.63,4,5,2021,0
2021-04-17,台北一,SE6 青蔥 粉蔥 ,41.1,27.5,18.4,28.4,0.35,29209.0,9.44,4,6,2021,0
2021-04-18,台北一,SE6 青蔥 粉蔥 ,39.9,28.0,18.6,28.5,0.35,27530.0,-5.75,4,7,2021,0
2021-04-19,台北一,SE6 青蔥 粉蔥 ,,,,,,,,4,1,2021,1
2021-04-20,台北一,SE6 青蔥 粉蔥 ,43.8,29.6,19.8,30.5,7.02,26868.0,-2.4,4,2,2021,0
2021-04-21,台北一,SE6 青蔥 粉蔥 ,41.7,28.8,19.4,29.5,-3.28,26473.0,-1.47,4,3,2021,0
2021-04-22,台北一,SE6 青蔥 粉蔥 ,41.1,26.1,15.5,27.0,-8.47,27292.0,3.09,4,4,2021,0
2021-04-23,台北一,SE6 青蔥 粉蔥 ,39.8,24.8,13.6,25.6,-5.19,26845.0,-1.64,4,5,2021,0
2021-04-24,台北一,SE6 青蔥 粉蔥 ,39.8,25.2,13.5,25.8,0.78,26793.0,-0.19,4,6,2021,0
2021-04-25,台北一,SE6 青蔥 粉蔥 ,42.5,28.2,16.1,28.6,10.85,25487.0,-4.87,4,7,2021,0
2021-04-26,台北一,SE6 青蔥 粉蔥 ,,,,,,,,4,1,2021,1
2021-04-27,台北一,SE6 青蔥 粉蔥 ,44.7,32.7,21.9,32.9,15.03,23077.0,-9.46,4,2,2021,0
2021-04-28,台北一,SE6 青蔥 粉蔥 ,47.2,30.5,17.9,31.3,-4.86,23843.0,3.32,4,3,2021,0
2021-04-29,台北一,SE6 青蔥 粉蔥 ,41.1,25.4,14.0,26.3,-15.97,25309.0,6.15,4,4,2021,0
2021-04-30,台北一,SE6 青蔥 粉蔥 ,39.2,24.9,14.0,25.6,-2.66,25459.0,0.59,4,5,2021,0
2021-05-01,台北一,SE6 青蔥 粉蔥 ,44.7,28.7,20.2,30.2,17.97,22735.0,-10.7,5,6,2021,0
2021-05-02,台北一,SE6 青蔥 粉蔥 ,44.9,28.8,18.6,29.9,-0.99,27440.0,20.69,5,7,2021,0
2021-05-03,台北一,SE6 青蔥 粉蔥 ,,,,,,,,5,1,2021,1
2021-05-04,台北一,SE6 青蔥 粉蔥 ,44.9,29.3,18.5,30.3,1.34,26668.0,-2.81,5,2,2021,0
2021-05-05,台北一,SE6 青蔥 粉蔥 ,44.6,29.5,19.4,30.5,0.66,25321.0,-5.05,5,3,2021,0
2021-05-06,台北一,SE6 青蔥 粉蔥 ,44.6,26.0,15.1,27.5,-9.84,24708.0,-2.42,5,4,2021,0
2021-05-07,台北一,SE6 青蔥 粉蔥 ,44.7,29.7,16.8,30.1,9.45,26298.0,6.44,5,5,2021,0
2021-05-08,台北一,SE6 青蔥 粉蔥 ,47.0,28.4,18.3,30.1,0.0,28460.0,8.22,5,6,2021,0
2021-05-09,台北一,SE6 青蔥 粉蔥 ,42.9,27.2,15.9,28.1,-6.64,28372.0,-0.31,5,7,2021,0
2021-05-10,台北一,SE6 青蔥 粉蔥 ,,,,,,,,5,1,2021,1
2021-05-11,台北一,SE6 青蔥 粉蔥 ,44.5,31.9,18.9,31.8,13.17,24272.0,-14.45,5,2,2021,0
2021-05-12,台北一,SE6 青蔥 粉蔥 ,40.6,30.0,16.9,29.5,-7.23,23899.0,-1.54,5,3,2021,0
2021-05-13,台北一,SE6 青蔥 粉蔥 ,36.9,24.2,12.8,24.4,-17.29,24164.0,1.11,5,4,2021,0
2021-05-14,台北一,SE6 青蔥 粉蔥 ,44.8,23.9,13.9,26.1,6.97,23095.0,-4.42,5,5,2021,0
2021-05-15,台北一,SE6 青蔥 粉蔥 ,44.7,26.7,15.0,28.0,7.28,24413.0,5.71,5,6,2021,0
2021-05-16,台北一,SE6 青蔥 粉蔥 ,56.3,33.5,19.9,35.4,26.43,23396.0,-4.17,5,7,2021,0
2021-05-17,台北一,SE6 青蔥 粉蔥 ,,,,,,,,5,1,2021,1
2021-05-18,台北一,SE6 青蔥 粉蔥 ,89.2,66.3,40.9,65.8,85.88,19128.0,-18.24,5,2,2021,0
2021-05-19,台北一,SE6 青蔥 粉蔥 ,39.6,25.8,16.8,26.8,-59.27,24443.0,27.79,5,3,2021,0
2021-05-20,台北一,SE6 青蔥 粉蔥 ,44.1,25.9,13.5,27.1,1.12,16795.0,-31.29,5,4,2021,0
2021-05-21,台北一,SE6 青蔥 粉蔥 ,40.9,25.1,12.2,25.5,-5.9,18237.0,8.59,5,5,2021,0
2021-05-22,台北一,SE6 青蔥 粉蔥 ,53.2,36.3,23.0,37.0,45.1,15184.0,-16.74,5,6,2021,0
2021-05-23,台北一,SE6 青蔥 粉蔥 ,53.6,38.6,27.7,39.4,6.49,16697.0,9.96,5,7,2021,0
2021-05-24,台北一,SE6 青蔥 粉蔥 ,,,,,,,,5,1,2021,1
2021-05-25,台北一,SE6 青蔥 粉蔥 ,56.0,40.0,30.0,41.2,4.57,18068.0,8.21,5,2,2021,0
2021-05-26,台北一,SE6 青蔥 粉蔥 ,57.5,41.0,29.7,42.0,1.94,16869.0,-6.64,5,3,2021,0
2021-05-27,台北一,SE6 青蔥 粉蔥 ,45.8,30.1,19.2,31.1,-25.95,18181.0,7.78,5,4,2021,0
2021-05-28,台北一,SE6 青蔥 粉蔥 ,53.0,35.1,21.9,36.0,15.76,17758.0,-2.33,5,5,2021,0
2021-05-29,台北一,SE6 青蔥 粉蔥 ,64.5,42.0,22.9,42.7,18.61,19789.0,11.44,5,6,2021,0
2021-05-30,台北一,SE6 青蔥 粉蔥 ,78.3,57.2,41.2,58.3,36.53,19653.0,-0.69,5,7,2021,0
2021-05-31,台北一,SE6 青蔥 粉蔥 ,,,,,,,,5,1,2021,1
2021-06-01,台北一,SE6 青蔥 粉蔥 ,81.3,54.0,41.8,57.0,-2.23,21616.0,9.99,6,2,2021,0
2021-06-02,台北一,SE6 青蔥 粉蔥 ,69.1,48.3,36.4,50.1,-12.11,25123.0,16.22,6,3,2021,0
2021-06-03,台北一,SE6 青蔥 粉蔥 ,,,,,,,,6,4,2021,1
2021-06-04,台北一,SE6 青蔥 粉蔥 ,60.0,39.2,24.3,40.4,-19.36,29446.0,17.21,6,5,2021,0
2021-06-05,台北一,SE6 青蔥 粉蔥 ,58.2,37.1,24.2,38.8,-3.96,23335.0,-20.75,6,6,2021,0
2021-06-06,台北一,SE6 青蔥 粉蔥 ,57.1,40.2,28.2,41.2,6.19,22184.0,-4.93,6,7,2021,0
2021-06-07,台北一,SE6 青蔥 粉蔥 ,,,,,,,,6,1,2021,1
2021-06-08,台北一,SE6 青蔥 粉蔥 ,63.4,49.1,32.6,48.6,17.96,20574.0,-7.26,6,2,2021,0
2021-06-09,台北一,SE6 青蔥 粉蔥 ,56.6,44.1,31.6,44.1,-9.26,18779.0,-8.72,6,3,2021,0
2021-06-10,台北一,SE6 青蔥 粉蔥 ,55.9,37.0,24.4,38.3,-13.15,18749.0,-0.16,6,4,2021,0
2021-06-11,台北一,SE6 青蔥 粉蔥 ,55.1,35.9,22.1,37.0,-3.39,20471.0,9.18,6,5,2021,0
2021-06-12,台北一,SE6 青蔥 粉蔥 ,64.3,44.1,27.6,44.8,21.08,21249.0,3.8,6,6,2021,0
2021-06-13,台北一,SE6 青蔥 粉蔥 ,68.5,45.8,31.0,47.4,5.8,21655.0,1.91,6,7,2021,0
2021-06-14,台北一,SE6 青蔥 粉蔥 ,79.4,53.4,36.0,55.1,16.24,20063.0,-7.35,6,1,2021,0
2021-06-15,台北一,SE6 青蔥 粉蔥 ,,,,,,,,6,2,2021,1
2021-06-16,台北一,SE6 青蔥 粉蔥 ,,,,,,,,6,3,2021,1
2021-06-17,台北一,SE6 青蔥 粉蔥 ,41.4,24.4,9.8,24.9,-54.81,23427.0,16.77,6,4,2021,0
2021-06-18,台北一,SE6 青蔥 粉蔥 ,58.5,41.8,26.8,42.2,69.48,17990.0,-23.21,6,5,2021,0
2021-06-19,台北一,SE6 青蔥 粉蔥 ,65.7,44.3,31.3,46.0,9.0,19647.0,9.21,6,6,2021,0
2000-01-02,台北二,SE6 青蔥 粉蔥 ,39.9,30.2,19.4,30.0,,4380.0,,1,7,2000,0
2000-01-03,台北二,SE6 青蔥 粉蔥 ,37.2,25.2,19.0,26.4,-12.0,5000.0,14.16,1,1,2000,0
2000-01-04,台北二,SE6 青蔥 粉蔥 ,36.9,25.9,17.2,26.3,-0.38,3500.0,-30.0,1,2,2000,0
2000-01-05,台北二,SE6 青蔥 粉蔥 ,31.1,22.0,16.6,22.8,-13.31,4777.0,36.49,1,3,2000,0
2000-01-06,台北二,SE6 青蔥 粉蔥 ,28.5,21.1,15.4,21.4,-6.14,4560.0,-4.54,1,4,2000,0
2000-01-07,台北二,SE6 青蔥 粉蔥 ,26.4,18.7,9.4,18.4,-14.02,5880.0,28.95,1,5,2000,0
2000-01-08,台北二,SE6 青蔥 粉蔥 ,36.7,30.0,24.0,30.2,64.13,3640.0,-38.1,1,6,2000,0
2000-01-09,台北二,SE6 青蔥 粉蔥 ,,,,,,,,1,7,2000,1
2000-01-10,台北二,SE6 青蔥 粉蔥 ,,,,,,,,1,1,2000,1
2000-01-11,台北二,SE6 青蔥 粉蔥 ,37.2,32.8,25.0,32.1,6.29,2140.0,-41.21,1,2,2000,0
2000-01-12,台北二,SE6 青蔥 粉蔥 ,34.3,21.9,10.2,22.0,-31.46,4146.0,93.74,1,3,2000,0
2000-01-13,台北二,SE6 青蔥 粉蔥 ,31.2,18.8,9.5,19.4,-11.82,4728.0,14.04,1,4,2000,0
2000-01-14,台北二,SE6 青蔥 粉蔥 ,33.7,18.5,6.6,19.2,-1.03,5625.0,18.97,1,5,2000,0
2000-01-15,台北二,SE6 青蔥 粉蔥 ,36.3,29.5,11.9,27.3,42.19,3390.0,-39.73,1,6,2000,0
2000-01-16,台北二,SE6 青蔥 粉蔥 ,,,,,,,,1,7,2000,1
2000-01-17,台北二,SE6 青蔥 粉蔥 ,28.8,22.2,12.1,21.5,-21.25,4920.0,45.13,1,1,2000,0
2000-01-18,台北二,SE6 青蔥 粉蔥 ,24.2,14.5,8.9,15.3,-28.84,6768.0,37.56,1,2,2000,0
2000-01-19,台北二,SE6 青蔥 粉蔥 ,22.6,11.9,6.8,13.0,-15.03,6644.0,-1.83,1,3,2000,0
2000-01-20,台北二,SE6 青蔥 粉蔥 ,23.8,15.4,9.5,15.9,22.31,5732.0,-13.73,1,4,2000,0
2000-01-21,台北二,SE6 青蔥 粉蔥 ,29.3,19.3,12.5,19.9,25.16,5676.0,-0.98,1,5,2000,0
2000-01-22,台北二,SE6 青蔥 粉蔥 ,21.7,17.2,11.5,16.9,-15.08,8023.0,41.35,1,6,2000,0
2000-01-23,台北二,SE6 青蔥 粉蔥 ,,,,,,,,1,7,2000,1
2000-01-24,台北二,SE6 青蔥 粉蔥 ,22.0,14.7,10.6,15.4,-8.88,7932.0,-1.13,1,1,2000,0
2000-01-25,台北二,SE6 青蔥 粉蔥 ,16.5,9.7,5.0,10.1,-34.42,7344.0,-7.41,1,2,2000,0
2000-01-26,台北二,SE6 青蔥 粉蔥 ,16.3,9.1,4.7,9.7,-3.96,6636.0,-9.64,1,3,2000,0
2000-01-27,台北二,SE6 青蔥 粉蔥 ,24.6,12.5,6.7,13.8,42.27,4480.0,-32.49,1,4,2000,0
2000-01-28,台北二,SE6 青蔥 粉蔥 ,29.9,16.3,10.2,17.8,28.99,5004.0,11.7,1,5,2000,0
2000-01-29,台北二,SE6 青蔥 粉蔥 ,30.0,19.4,13.3,20.3,14.04,5155.0,3.02,1,6,2000,0
2000-01-30,台北二,SE6 青蔥 粉蔥 ,25.3,17.1,12.9,17.9,-11.82,6479.0,25.68,1,7,2000,0
2000-01-31,台北二,SE6 青蔥 粉蔥 ,26.9,16.2,9.8,17.1,-4.47,8326.0,28.51,1,1,2000,0
2000-02-01,台北二,SE6 青蔥 粉蔥 ,23.6,14.9,10.7,15.8,-7.6,10288.0,23.56,2,2,2000,0
2000-02-02,台北二,SE6 青蔥 粉蔥 ,30.2,16.8,7.4,17.6,11.39,11384.0,10.65,2,3,2000,0
2000-02-03,台北二,SE6 青蔥 粉蔥 ,33.1,23.3,17.3,24.0,36.36,10924.0,-4.04,2,4,2000,0
2000-02-04,台北二,SE6 青蔥 粉蔥 ,23.3,9.8,6.5,11.9,-50.42,9395.0,-14.0,2,5,2000,0
2000-02-05,台北二,SE6 青蔥 粉蔥 ,,,,,,,,2,6,2000,1
2000-02-06,台北二,SE6 青蔥 粉蔥 ,,,,,,,,2,7,2000,1
2000-02-07,台北二,SE6 青蔥 粉蔥 ,,,,,,,,2,1,2000,1
2000-02-08,台北二,SE6 青蔥 粉蔥 ,,,,,,,,2,2,2000,1
2000-02-09,台北二,SE6 青蔥 粉蔥 ,,,,,,,,2,3,2000,1
2000-02-10,台北二,SE6 青蔥 粉蔥 ,31.5,24.1,15.6,23.9,100.84,3089.0,-67.12,2,4,2000,0
2000-02-11,台北二,SE6 青蔥 粉蔥 ,40.4,27.1,19.2,28.2,17.99,4615.0,49.4,2,5,2000,0
2000-02-12,台北二,SE6 青蔥 粉蔥 ,30.1,18.6,13.5,19.9,-29.43,3746.0,-18.83,2,6,2000,0
2000-02-13,台北二,SE6 青蔥 粉蔥 ,28.2,15.0,10.7,16.8,-15.58,4277.0,14.18,2,7,2000,0
2000-02-14,台北二,SE6 青蔥 粉蔥 ,,,,,,,,2,1,2000,1
2000-02-15,台北二,SE6 青蔥 粉蔥 ,23.1,11.5,6.6,12.9,-23.21,5790.0,35.38,2,2,2000,0
2000-02-16,台北二,SE6 青蔥 粉蔥 ,18.7,14.2,7.3,13.7,6.2,1940.0,-66.49,2,3,2000,0
2000-02-17,台北二,SE6 青蔥 粉蔥 ,13.5,6.0,3.6,7.0,-48.91,4864.0,150.72,2,4,2000,0
2000-02-18,台北二,SE6 青蔥 粉蔥 ,16.8,7.5,5.7,9.0,28.57,4620.0,-5.02,2,5,2000,0
2000-02-19,台北二,SE6 青蔥 粉蔥 ,40.4,18.3,12.7,21.6,140.0,5371.0,16.26,2,6,2000,0
2000-02-20,台北二,SE6 青蔥 粉蔥 ,,,,,,,,2,7,2000,1
2000-02-21,台北二,SE6 青蔥 粉蔥 ,,,,,,,,2,1,2000,1
2000-02-22,台北二,SE6 青蔥 粉蔥 ,22.2,19.3,15.2,19.1,-11.57,4350.0,-19.01,2,2,2000,0
2000-02-23,台北二,SE6 青蔥 粉蔥 ,23.2,17.8,12.7,17.9,-6.28,3200.0,-26.44,2,3,2000,0
2000-02-24,台北二,SE6 青蔥 粉蔥 ,31.9,21.7,14.7,22.3,24.58,5129.0,60.28,2,4,2000,0
2000-02-25,台北二,SE6 青蔥 粉蔥 ,18.0,10.9,4.4,11.1,-50.22,7292.0,42.17,2,5,2000,0
2000-02-26,台北二,SE6 青蔥 粉蔥 ,17.3,13.5,6.9,12.9,16.22,5485.0,-24.78,2,6,2000,0
2000-02-27,台北二,SE6 青蔥 粉蔥 ,24.0,18.6,9.0,17.8,37.98,1374.0,-74.95,2,7,2000,0
2000-02-28,台北二,SE6 青蔥 粉蔥 ,35.8,23.9,12.1,23.9,34.27,4397.0,220.01,2,1,2000,0
2000-02-29,台北二,SE6 青蔥 粉蔥 ,,,,,,,,2,2,2000,1
2000-03-01,台北二,SE6 青蔥 粉蔥 ,43.0,35.7,26.1,35.2,47.28,960.0,-78.17,3,3,2000,0
2000-03-02,台北二,SE6 青蔥 粉蔥 ,40.4,29.6,18.0,29.4,-16.48,1130.0,17.71,3,4,2000,0
2000-03-03,台北二,SE6 青蔥 粉蔥 ,37.7,21.0,6.7,21.4,-27.21,2700.0,138.94,3,5,2000,0
2000-03-04,台北二,SE6 青蔥 粉蔥 ,26.9,15.9,10.2,16.9,-21.03,6488.0,140.3,3,6,2000,0
2000-03-05,台北二,SE6 青蔥 粉蔥 ,23.8,11.6,6.1,13.0,-23.08,8610.0,32.71,3,7,2000,0
2000-03-06,台北二,SE6 青蔥 粉蔥 ,20.2,13.0,6.1,13.0,0.0,7530.0,-12.54,3,1,2000,0
2000-03-07,台北二,SE6 青蔥 粉蔥 ,20.7,14.1,8.4,14.3,10.0,8360.0,11.02,3,2,2000,0
2000-03-08,台北二,SE6 青蔥 粉蔥 ,,,,,,,,3,3,2000,1
2000-03-09,台北二,SE6 青蔥 粉蔥 ,24.9,19.4,13.1,19.2,34.27,4127.0,-50.63,3,4,2000,0
2000-03-10,台北二,SE6 青蔥 粉蔥 ,24.7,17.9,11.7,18.0,-6.25,6724.0,62.93,3,5,2000,0
2000-03-11,台北二,SE6 青蔥 粉蔥 ,27.9,14.5,9.1,16.1,-10.56,6951.0,3.38,3,6,2000,0
2000-03-12,台北二,SE6 青蔥 粉蔥 ,25.9,16.0,10.1,16.8,4.35,4919.0,-29.23,3,7,2000,0
2000-03-13,台北二,SE6 青蔥 粉蔥 ,27.5,19.7,12.4,19.8,17.86,5040.0,2.46,3,1,2000,0
2000-03-14,台北二,SE6 青蔥 粉蔥 ,32.6,17.6,11.4,19.4,-2.02,7577.0,50.34,3,2,2000,0
2000-03-15,台北二,SE6 青蔥 粉蔥 ,,,,,,,,3,3,2000,1
2000-03-16,台北二,SE6 青蔥 粉蔥 ,27.0,17.5,11.9,18.3,-5.67,5378.0,-29.02,3,4,2000,0
2000-03-17,台北二,SE6 青蔥 粉蔥 ,23.2,16.4,10.3,16.5,-9.84,7506.0,39.57,3,5,2000,0
2000-03-18,台北二,SE6 青蔥 粉蔥 ,20.5,13.6,8.7,14.0,-15.15,7917.0,5.48,3,6,2000,0
2000-03-19,台北二,SE6 青蔥 粉蔥 ,21.3,15.6,9.7,15.6,11.43,8093.0,2.22,3,7,2000,0
2000-03-20,台北二,SE6 青蔥 粉蔥 ,26.9,19.6,11.8,19.5,25.0,5751.0,-28.94,3,1,2000,0
2000-03-21,台北二,SE6 青蔥 粉蔥 ,30.5,21.4,14.5,21.8,11.79,7896.0,37.3,3,2,2000,0
2000-03-22,台北二,SE6 青蔥 粉蔥 ,,,,,,,,3,3,2000,1
2000-03-23,台北二,SE6 青蔥 粉蔥 ,29.0,20.3,11.9,20.4,-6.42,6350.0,-19.58,3,4,2000,0
2000-03-24,台北二,SE6 青蔥 粉蔥 ,33.6,19.7,13.2,21.2,3.92,5539.0,-12.77,3,5,2000,0
2000-03-25,台北二,SE6 青蔥 粉蔥 ,33.1,17.8,11.2,19.6,-7.55,7422.0,34.0,3,6,2000,0
2000-03-26,台北二,SE6 青蔥 粉蔥 ,27.2,16.5,5.5,16.5,-15.82,7864.0,5.96,3,7,2000,0
2000-03-27,台北二,SE6 青蔥 粉蔥 ,28.8,19.3,7.6,18.9,14.55,5044.0,-35.86,3,1,2000,0
2000-03-28,台北二,SE6 青蔥 粉蔥 ,33.3,21.9,13.2,22.4,18.52,4447.0,-11.84,3,2,2000,0
2000-03-29,台北二,SE6 青蔥 粉蔥 ,32.6,23.0,16.8,23.7,5.8,4367.0,-1.8,3,3,2000,0
2000-03-30,台北二,SE6 青蔥 粉蔥 ,,,,,,,,3,4,2000,1
2000-03-31,台北二,SE6 青蔥 粉蔥 ,27.0,20.6,14.6,20.7,-12.66,6106.0,39.82,3,5,2000,0
2000-04-01,台北二,SE6 青蔥 粉蔥 ,26.9,17.5,11.6,18.2,-12.08,6720.0,10.06,4,6,2000,0
2000-04-02,台北二,SE6 青蔥 粉蔥 ,28.0,19.5,14.2,20.1,10.44,5634.0,-16.16,4,7,2000,0
2000-04-03,台北二,SE6 青蔥 粉蔥 ,33.4,27.2,13.8,25.8,28.36,3705.0,-34.24,4,1,2000,0
2000-04-04,台北二,SE6 青蔥 粉蔥 ,,,,,,,,4,2,2000,1
2000-04-05,台北二,SE6 青蔥 粉蔥 ,,,,,,,,4,3,2000,1
2000-04-06,台北二,SE6 青蔥 粉蔥 ,26.4,22.0,15.5,21.6,-16.28,6488.0,75.11,4,4,2000,0
2000-04-07,台北二,SE6 青蔥 粉蔥 ,26.6,19.6,12.9,19.7,-8.8,5522.0,-14.89,4,5,2000,0
2000-04-08,台北二,SE6 青蔥 粉蔥 ,28.0,21.6,15.1,21.6,9.64,4914.0,-11.01,4,6,2000,0
2000-04-09,台北二,SE6 青蔥 粉蔥 ,26.2,19.9,11.9,19.6,-9.26,4874.0,-0.81,4,7,2000,0
2000-04-10,台北二,SE6 青蔥 粉蔥 ,30.1,24.2,18.4,24.2,23.47,2154.0,-55.81,4,1,2000,0
2000-04-11,台北二,SE6 青蔥 粉蔥 ,22.0,20.3,16.0,19.8,-18.18,1102.0,-48.84,4,2,2000,0
2000-04-12,台北二,SE6 青蔥 粉蔥 ,22.8,15.8,12.0,16.4,-17.17,4324.0,292.38,4,3,2000,0
2000-04-13,台北二,SE6 青蔥 粉蔥 ,20.6,17.1,13.0,17.0,3.66,4270.0,-1.25,4,4,2000,0
2000-04-14,台北二,SE6 青蔥 粉蔥 ,,,,,,,,4,5,2000,1
2000-04-15,台北二,SE6 青蔥 粉蔥 ,25.5,15.2,8.0,15.8,-7.06,1430.0,-66.51,4,6,2000,0
2000-04-16,台北二,SE6 青蔥 粉蔥 ,22.6,18.2,13.5,18.2,15.19,5423.0,279.23,4,7,2000,0
2000-04-17,台北二,SE6 青蔥 粉蔥 ,24.0,21.3,17.1,21.0,15.38,4148.0,-23.51,4,1,2000,0
2000-04-18,台北二,SE6 青蔥 粉蔥 ,22.4,17.0,13.6,17.4,-17.14,6301.0,51.9,4,2,2000,0
2000-04-19,台北二,SE6 青蔥 粉蔥 ,23.5,16.8,11.8,17.2,-1.15,5604.0,-11.06,4,3,2000,0
2000-04-20,台北二,SE6 青蔥 粉蔥 ,32.3,25.5,19.1,25.5,48.26,4542.0,-18.95,4,4,2000,0
2000-04-21,台北二,SE6 青蔥 粉蔥 ,,,,,,,,4,5,2000,1
2000-04-22,台北二,SE6 青蔥 粉蔥 ,30.1,22.3,16.2,22.6,-11.37,6513.0,43.39,4,6,2000,0
2000-04-23,台北二,SE6 青蔥 粉蔥 ,21.1,18.2,13.1,17.8,-21.24,4070.0,-37.51,4,7,2000,0
2000-04-24,台北二,SE6 青蔥 粉蔥 ,26.3,16.1,10.7,17.0,-4.49,6384.0,56.86,4,1,2000,0
2000-04-25,台北二,SE6 青蔥 粉蔥 ,17.0,10.0,5.5,10.5,-38.24,6444.0,0.94,4,2,2000,0
2000-04-26,台北二,SE6 青蔥 粉蔥 ,21.2,14.4,7.2,14.4,37.14,4554.0,-29.33,4,3,2000,0
2000-04-27,台北二,SE6 青蔥 粉蔥 ,25.6,18.2,9.5,17.9,24.31,4125.0,-9.42,4,4,2000,0
2000-04-28,台北二,SE6 青蔥 粉蔥 ,26.7,22.6,18.8,22.7,26.82,1977.0,-52.07,4,5,2000,0
2000-04-29,台北二,SE6 青蔥 粉蔥 ,,,,,,,,4,6,2000,1
2000-04-30,台北二,SE6 青蔥 粉蔥 ,35.1,28.9,19.1,28.2,24.23,3321.0,67.98,4,7,2000,0
2000-05-01,台北二,SE6 青蔥 粉蔥 ,31.6,28.2,21.7,27.6,-2.13,508.0,-84.7,5,1,2000,0
2000-05-02,台北二,SE6 青蔥 粉蔥 ,25.6,20.9,15.7,20.8,-24.64,2820.0,455.12,5,2,2000,0
2000-05-03,台北二,SE6 青蔥 粉蔥 ,23.1,15.5,7.8,15.5,-25.48,6563.0,132.73,5,3,2000,0
2000-05-04,台北二,SE6 青蔥 粉蔥 ,26.9,19.3,9.7,18.9,21.94,5665.0,-13.68,5,4,2000,0
2000-05-05,台北二,SE6 青蔥 粉蔥 ,36.2,25.2,13.2,25.0,32.28,6419.0,13.31,5,5,2000,0
2000-05-06,台北二,SE6 青蔥 粉蔥 ,,,,,,,,5,6,2000,1
2000-05-07,台北二,SE6 青蔥 粉蔥 ,23.4,18.5,14.0,18.6,-25.6,3450.0,-46.25,5,7,2000,0
2000-05-08,台北二,SE6 青蔥 粉蔥 ,20.7,17.8,15.0,17.8,-4.3,3206.0,-7.07,5,1,2000,0
2000-05-09,台北二,SE6 青蔥 粉蔥 ,31.0,23.5,16.5,23.6,32.58,5215.0,62.66,5,2,2000,0
2000-05-10,台北二,SE6 青蔥 粉蔥 ,33.8,21.4,15.8,22.8,-3.39,6229.0,19.44,5,3,2000,0
2000-05-11,台北二,SE6 青蔥 粉蔥 ,20.3,17.0,13.0,16.9,-25.88,3780.0,-39.32,5,4,2000,0
2000-05-12,台北二,SE6 青蔥 粉蔥 ,36.9,24.9,16.3,25.6,51.48,6399.0,69.29,5,5,2000,0
2000-05-13,台北二,SE6 青蔥 粉蔥 ,,,,,,,,5,6,2000,1
2000-05-14,台北二,SE6 青蔥 粉蔥 ,31.1,20.2,12.0,20.7,-19.14,7403.0,15.69,5,7,2000,0
2000-05-15,台北二,SE6 青蔥 粉蔥 ,29.8,16.4,8.1,17.4,-15.94,6686.0,-9.69,5,1,2000,0
2000-05-16,台北二,SE6 青蔥 粉蔥 ,28.5,13.5,7.1,15.2,-12.64,7149.0,6.92,5,2,2000,0
2000-05-17,台北二,SE6 青蔥 粉蔥 ,26.0,14.5,5.6,15.0,-1.32,5809.0,-18.74,5,3,2000,0
2000-05-18,台北二,SE6 青蔥 粉蔥 ,26.2,21.2,12.9,20.6,37.33,994.0,-82.89,5,4,2000,0
2000-05-19,台北二,SE6 青蔥 粉蔥 ,44.9,31.0,20.2,31.6,53.4,2104.0,111.67,5,5,2000,0
2000-05-20,台北二,SE6 青蔥 粉蔥 ,,,,,,,,5,6,2000,1
2000-05-21,台北二,SE6 青蔥 粉蔥 ,37.8,29.0,20.9,29.1,-7.91,4822.0,129.18,5,7,2000,0
2000-05-22,台北二,SE6 青蔥 粉蔥 ,38.0,30.2,24.5,30.6,5.15,3966.0,-17.75,5,1,2000,0
2000-05-23,台北二,SE6 青蔥 粉蔥 ,35.8,26.9,17.6,26.8,-12.42,4433.0,11.78,5,2,2000,0
2000-05-24,台北二,SE6 青蔥 粉蔥 ,28.3,24.7,19.4,24.3,-9.33,1840.0,-58.49,5,3,2000,0
2000-05-25,台北二,SE6 青蔥 粉蔥 ,28.4,22.2,16.7,22.3,-8.23,3434.0,86.63,5,4,2000,0
2000-05-26,台北二,SE6 青蔥 粉蔥 ,33.1,24.8,18.5,25.2,13.0,2698.0,-21.43,5,5,2000,0
2000-05-27,台北二,SE6 青蔥 粉蔥 ,46.7,31.0,22.5,32.4,28.57,4021.0,49.04,5,6,2000,0
2000-05-28,台北二,SE6 青蔥 粉蔥 ,,,,,,,,5,7,2000,1
2000-05-29,台北二,SE6 青蔥 粉蔥 ,33.2,28.0,22.3,27.9,-13.89,2961.0,-26.36,5,1,2000,0
2000-05-30,台北二,SE6 青蔥 粉蔥 ,34.2,30.4,22.4,29.6,6.09,2265.0,-23.51,5,2,2000,0
2000-05-31,台北二,SE6 青蔥 粉蔥 ,28.4,21.6,15.8,21.8,-26.35,3627.0,60.13,5,3,2000,0
2000-06-01,台北二,SE6 青蔥 粉蔥 ,18.5,12.1,7.7,12.5,-42.66,3322.0,-8.41,6,4,2000,0
2000-06-02,台北二,SE6 青蔥 粉蔥 ,12.0,9.4,6.9,9.4,-24.8,520.0,-84.35,6,5,2000,0
2000-06-03,台北二,SE6 青蔥 粉蔥 ,15.0,10.0,5.0,10.0,6.38,180.0,-65.38,6,6,2000,0
2000-06-04,台北二,SE6 青蔥 粉蔥 ,26.0,24.5,16.1,23.1,131.0,440.0,144.44,6,7,2000,0
2000-06-05,台北二,SE6 青蔥 粉蔥 ,28.0,26.8,18.0,25.3,9.52,660.0,50.0,6,1,2000,0
2000-06-06,台北二,SE6 青蔥 粉蔥 ,25.7,20.9,13.0,20.3,-19.76,1247.0,88.94,6,2,2000,0
2000-06-07,台北二,SE6 青蔥 粉蔥 ,,,,,,,,6,3,2000,1
2000-06-08,台北二,SE6 青蔥 粉蔥 ,,,,,,,,6,4,2000,1
2000-06-09,台北二,SE6 青蔥 粉蔥 ,28.0,25.7,21.7,25.4,25.12,519.0,-58.38,6,5,2000,0
2000-06-10,台北二,SE6 青蔥 粉蔥 ,27.6,20.0,12.0,19.9,-21.65,980.0,88.82,6,6,2000,0
2000-06-11,台北二,SE6 青蔥 粉蔥 ,23.7,17.4,7.2,16.6,-16.58,860.0,-12.24,6,7,2000,0
2000-06-12,台北二,SE6 青蔥 粉蔥 ,17.3,12.0,6.1,11.9,-28.31,840.0,-2.33,6,1,2000,0
2000-06-13,台北二,SE6 青蔥 粉蔥 ,15.0,14.7,14.0,14.6,22.69,280.0,-66.67,6,2,2000,0
2000-06-14,台北二,SE6 青蔥 粉蔥 ,34.0,30.5,28.0,30.7,110.27,320.0,14.29,6,3,2000,0
2000-06-15,台北二,SE6 青蔥 粉蔥 ,27.0,24.8,20.7,24.4,-20.52,1280.0,300.0,6,4,2000,0
2000-06-16,台北二,SE6 青蔥 粉蔥 ,16.0,15.5,15.0,15.5,-36.48,200.0,-84.38,6,5,2000,0
2000-06-17,台北二,SE6 青蔥 粉蔥 ,29.4,23.7,18.6,23.8,53.55,1550.0,675.0,6,6,2000,0
2000-06-18,台北二,SE6 青蔥 粉蔥 ,,,,,,,,6,7,2000,1
2000-06-19,台北二,SE6 青蔥 粉蔥 ,24.3,19.7,18.0,20.3,-14.71,780.0,-49.68,6,1,2000,0
2000-06-20,台北二,SE6 青蔥 粉蔥 ,19.6,15.4,12.2,15.6,-23.15,1240.0,58.97,6,2,2000,0
2000-06-21,台北二,SE6 青蔥 粉蔥 ,22.3,18.4,11.2,17.8,14.1,2011.0,62.18,6,3,2000,0
2000-06-22,台北二,SE6 青蔥 粉蔥 ,25.1,21.9,20.0,22.2,24.72,980.0,-51.27,6,4,2000,0
2000-06-23,台北二,SE6 青蔥 粉蔥 ,25.2,23.9,12.1,21.8,-1.8,1220.0,24.49,6,5,2000,0
2000-06-24,台北二,SE6 青蔥 粉蔥 ,24.6,23.4,22.0,23.3,6.88,804.0,-34.1,6,6,2000,0
2000-06-25,台北二,SE6 青蔥 粉蔥 ,25.5,23.4,21.0,23.3,0.0,864.0,7.46,6,7,2000,0
2000-06-26,台北二,SE6 青蔥 粉蔥 ,,,,,,,,6,1,2000,1
2000-06-27,台北二,SE6 青蔥 粉蔥 ,28.0,26.4,23.3,26.1,12.02,1204.0,39.35,6,2,2000,0
2000-06-28,台北二,SE6 青蔥 粉蔥 ,18.8,18.0,15.8,17.7,-32.18,960.0,-20.27,6,3,2000,0
2000-06-29,台北二,SE6 青蔥 粉蔥 ,16.0,15.0,11.7,14.6,-17.51,580.0,-39.58,6,4,2000,0
2000-06-30,台北二,SE6 青蔥 粉蔥 ,20.0,19.3,13.2,18.2,24.66,920.0,58.62,6,5,2000,0
2000-07-01,台北二,SE6 青蔥 粉蔥 ,18.0,16.9,14.4,16.6,-8.79,1160.0,26.09,7,6,2000,0
2000-07-02,台北二,SE6 青蔥 粉蔥 ,18.5,16.5,4.0,14.4,-13.25,1150.0,-0.86,7,7,2000,0
2000-07-03,台北二,SE6 青蔥 粉蔥 ,15.0,13.8,13.0,13.9,-3.47,940.0,-18.26,7,1,2000,0
2000-07-04,台北二,SE6 青蔥 粉蔥 ,,,,,,,,7,2,2000,1
2000-07-05,台北二,SE6 青蔥 粉蔥 ,21.8,19.7,17.6,19.7,41.73,720.0,-23.4,7,3,2000,0
2000-07-06,台北二,SE6 青蔥 粉蔥 ,23.0,21.4,18.4,21.1,7.11,693.0,-3.75,7,4,2000,0
2000-07-07,台北二,SE6 青蔥 粉蔥 ,15.0,15.0,15.0,15.0,-28.91,400.0,-42.28,7,5,2000,0
2000-07-08,台北二,SE6 青蔥 粉蔥 ,17.0,13.5,11.2,13.7,-8.67,220.0,-45.0,7,6,2000,0
2000-07-09,台北二,SE6 青蔥 粉蔥 ,21.0,19.4,17.6,19.4,41.61,280.0,27.27,7,7,2000,0
2000-07-10,台北二,SE6 青蔥 粉蔥 ,22.5,17.6,13.3,17.7,-8.76,570.0,103.57,7,1,2000,0
2000-07-11,台北二,SE6 青蔥 粉蔥 ,,,,,,,,7,2,2000,1
2000-07-12,台北二,SE6 青蔥 粉蔥 ,21.2,17.1,9.7,16.4,-7.34,1670.0,192.98,7,3,2000,0
2000-07-13,台北二,SE6 青蔥 粉蔥 ,24.4,20.8,14.0,20.1,22.56,531.0,-68.2,7,4,2000,0
2000-07-14,台北二,SE6 青蔥 粉蔥 ,23.0,17.3,9.4,16.9,-15.92,591.0,11.3,7,5,2000,0
2000-07-15,台北二,SE6 青蔥 粉蔥 ,41.4,22.7,13.6,24.6,45.56,444.0,-24.87,7,6,2000,0
2000-07-16,台北二,SE6 青蔥 粉蔥 ,30.0,22.0,11.3,21.4,-13.01,513.0,15.54,7,7,2000,0
2000-07-17,台北二,SE6 青蔥 粉蔥 ,30.0,27.8,18.7,26.5,23.83,620.0,20.86,7,1,2000,0
2000-07-18,台北二,SE6 青蔥 粉蔥 ,,,,,,,,7,2,2000,1
2000-07-19,台北二,SE6 青蔥 粉蔥 ,29.4,26.2,21.4,25.9,-2.26,840.0,35.48,7,3,2000,0
2000-07-20,台北二,SE6 青蔥 粉蔥 ,24.9,22.6,16.3,21.8,-15.83,820.0,-2.38,7,4,2000,0
2000-07-21,台北二,SE6 青蔥 粉蔥 ,24.2,20.5,12.2,19.6,-10.09,820.0,0.0,7,5,2000,0
2000-07-22,台北二,SE6 青蔥 粉蔥 ,23.0,20.1,17.4,20.1,2.55,460.0,-43.9,7,6,2000,0
2000-07-23,台北二,SE6 青蔥 粉蔥 ,24.4,22.4,20.0,22.3,10.95,555.0,20.65,7,7,2000,0
2000-07-24,台北二,SE6 青蔥 粉蔥 ,34.0,32.8,28.8,32.3,44.84,320.0,-42.34,7,1,2000,0
2000-07-25,台北二,SE6 青蔥 粉蔥 ,30.0,26.2,23.0,26.3,-18.58,580.0,81.25,7,2,2000,0
2000-07-26,台北二,SE6 青蔥 粉蔥 ,,,,,,,,7,3,2000,1
2000-07-27,台北二,SE6 青蔥 粉蔥 ,27.0,27.0,27.0,27.0,2.66,220.0,-62.07,7,4,2000,0
2000-07-28,台北二,SE6 青蔥 粉蔥 ,26.8,23.6,23.0,24.1,-10.74,560.0,154.55,7,5,2000,0
2000-07-29,台北二,SE6 青蔥 粉蔥 ,25.5,21.6,20.0,22.0,-8.71,440.0,-21.43,7,6,2000,0
2000-07-30,台北二,SE6 青蔥 粉蔥 ,21.9,19.3,17.0,19.4,-11.82,680.0,54.55,7,7,2000,0
2000-07-31,台北二,SE6 青蔥 粉蔥 ,32.5,28.0,25.2,28.4,46.39,780.0,14.71,7,1,2000,0
2000-08-01,台北二,SE6 青蔥 粉蔥 ,27.1,20.6,18.9,21.5,-24.3,2079.0,166.54,8,2,2000,0
2000-08-02,台北二,SE6 青蔥 粉蔥 ,,,,,,,,8,3,2000,1
2000-08-03,台北二,SE6 青蔥 粉蔥 ,16.0,12.7,10.0,12.8,-40.47,1220.0,-41.32,8,4,2000,0
2000-08-04,台北二,SE6 青蔥 粉蔥 ,17.5,14.1,11.2,14.2,10.94,780.0,-36.07,8,5,2000,0
2000-08-05,台北二,SE6 青蔥 粉蔥 ,20.4,11.9,7.0,12.6,-11.27,860.0,10.26,8,6,2000,0
2000-08-06,台北二,SE6 青蔥 粉蔥 ,20.6,15.7,11.2,15.8,25.4,1040.0,20.93,8,7,2000,0
2000-08-07,台北二,SE6 青蔥 粉蔥 ,23.7,13.9,4.3,14.0,-11.39,840.0,-19.23,8,1,2000,0
2000-08-08,台北二,SE6 青蔥 粉蔥 ,32.9,24.7,7.0,22.8,62.86,712.0,-15.24,8,2,2000,0
2000-08-09,台北二,SE6 青蔥 粉蔥 ,,,,,,,,8,3,2000,1
2000-08-10,台北二,SE6 青蔥 粉蔥 ,22.0,22.0,22.0,22.0,-3.51,100.0,-85.96,8,4,2000,0
2000-08-11,台北二,SE6 青蔥 粉蔥 ,25.0,22.0,14.8,21.2,-3.64,520.0,420.0,8,5,2000,0
2000-08-12,台北二,SE6 青蔥 粉蔥 ,20.0,15.3,9.3,15.0,-29.25,877.0,68.65,8,6,2000,0
2000-08-13,台北二,SE6 青蔥 粉蔥 ,27.0,20.1,17.0,20.8,38.67,500.0,-42.99,8,7,2000,0
2000-08-14,台北二,SE6 青蔥 粉蔥 ,43.3,33.3,22.0,33.1,59.13,700.0,40.0,8,1,2000,0
2000-08-15,台北二,SE6 青蔥 粉蔥 ,,,,,,,,8,2,2000,1
2000-08-16,台北二,SE6 青蔥 粉蔥 ,,,,,,,,8,3,2000,1
2000-08-17,台北二,SE6 青蔥 粉蔥 ,26.0,22.7,20.0,22.8,-31.12,780.0,11.43,8,4,2000,0
2000-08-18,台北二,SE6 青蔥 粉蔥 ,21.9,19.1,16.0,19.0,-16.67,557.0,-28.59,8,5,2000,0
2000-08-19,台北二,SE6 青蔥 粉蔥 ,20.0,17.4,15.0,17.5,-7.89,480.0,-13.82,8,6,2000,0
2000-08-20,台北二,SE6 青蔥 粉蔥 ,19.1,16.7,12.2,16.3,-6.86,720.0,50.0,8,7,2000,0
2000-08-21,台北二,SE6 青蔥 粉蔥 ,28.0,26.9,25.0,26.7,63.8,280.0,-61.11,8,1,2000,0
2000-08-22,台北二,SE6 青蔥 粉蔥 ,42.0,40.8,36.0,40.1,50.19,300.0,7.14,8,2,2000,0
2000-08-23,台北二,SE6 青蔥 粉蔥 ,29.9,28.0,28.0,28.4,-29.18,540.0,80.0,8,3,2000,0
2000-08-24,台北二,SE6 青蔥 粉蔥 ,,,,,,,,8,4,2000,1
2000-08-25,台北二,SE6 青蔥 粉蔥 ,28.7,25.9,20.7,25.4,-10.56,820.0,51.85,8,5,2000,0
2000-08-26,台北二,SE6 青蔥 粉蔥 ,26.4,16.5,14.3,18.0,-29.13,860.0,4.88,8,6,2000,0
2000-08-27,台北二,SE6 青蔥 粉蔥 ,15.0,13.6,10.8,13.3,-26.11,800.0,-6.98,8,7,2000,0
2000-08-28,台北二,SE6 青蔥 粉蔥 ,21.3,15.4,14.0,16.3,22.56,1070.0,33.75,8,1,2000,0
2000-08-29,台北二,SE6 青蔥 粉蔥 ,26.7,23.8,20.0,23.6,44.79,580.0,-45.79,8,2,2000,0
2000-08-30,台北二,SE6 青蔥 粉蔥 ,50.0,45.5,34.0,44.1,86.86,735.0,26.72,8,3,2000,0
2000-08-31,台北二,SE6 青蔥 粉蔥 ,,,,,,,,8,4,2000,1
2000-09-01,台北二,SE6 青蔥 粉蔥 ,27.4,18.4,11.7,18.9,-57.14,720.0,-2.04,9,5,2000,0
2000-09-02,台北二,SE6 青蔥 粉蔥 ,30.0,25.0,19.6,24.9,31.75,560.0,-22.22,9,6,2000,0
2000-09-03,台北二,SE6 青蔥 粉蔥 ,,,,,,,,9,7,2000,1
2000-09-04,台北二,SE6 青蔥 粉蔥 ,,,,,,,,9,1,2000,1
2000-09-05,台北二,SE6 青蔥 粉蔥 ,,,,,,,,9,2,2000,1
2000-09-06,台北二,SE6 青蔥 粉蔥 ,,,,,,,,9,3,2000,1
2000-09-07,台北二,SE6 青蔥 粉蔥 ,,,,,,,,9,4,2000,1
2000-09-08,台北二,SE6 青蔥 粉蔥 ,,,,,,,,9,5,2000,1
2000-09-09,台北二,SE6 青蔥 粉蔥 ,,,,,,,,9,6,2000,1
2000-09-10,台北二,SE6 青蔥 粉蔥 ,,,,,,,,9,7,2000,1
2000-09-11,台北二,SE6 青蔥 粉蔥 ,,,,,,,,9,1,2000,1
2000-09-12,台北二,SE6 青蔥 粉蔥 ,,,,,,,,9,2,2000,1
2000-09-13,台北二,SE6 青蔥 粉蔥 ,,,,,,,,9,3,2000,1
2000-09-14,台北二,SE6 青蔥 粉蔥 ,,,,,,,,9,4,2000,1
2000-09-15,台北二,SE6 青蔥 粉蔥 ,,,,,,,,9,5,2000,1
2000-09-16,台北二,SE6 青蔥 粉蔥 ,,,,,,,,9,6,2000,1
2000-09-17,台北二,SE6 青蔥 粉蔥 ,,,,,,,,9,7,2000,1
2000-09-18,台北二,SE6 青蔥 粉蔥 ,,,,,,,,9,1,2000,1
2000-09-19,台北二,SE6 青蔥 粉蔥 ,,,,,,,,9,2,2000,1
2000-09-20,台北二,SE6 青蔥 粉蔥 ,,,,,,,,9,3,2000,1
2000-09-21,台北二,SE6 青蔥 粉蔥 ,40.0,40.0,40.0,40.0,60.64,150.0,-73.21,9,4,2000,0
2000-09-22,台北二,SE6 青蔥 粉蔥 ,,,,,,,,9,5,2000,1
2000-09-23,台北二,SE6 青蔥 粉蔥 ,,,,,,,,9,6,2000,1
2000-09-24,台北二,SE6 青蔥 粉蔥 ,,,,,,,,9,7,2000,1
2000-09-25,台北二,SE6 青蔥 粉蔥 ,,,,,,,,9,1,2000,1
2000-09-26,台北二,SE6 青蔥 粉蔥 ,,,,,,,,9,2,2000,1
2000-09-27,台北二,SE6 青蔥 粉蔥 ,,,,,,,,9,3,2000,1
2000-09-28,台北二,SE6 青蔥 粉蔥 ,,,,,,,,9,4,2000,1
2000-09-29,台北二,SE6 青蔥 粉蔥 ,,,,,,,,9,5,2000,1
2000-09-30,台北二,SE6 青蔥 粉蔥 ,,,,,,,,9,6,2000,1
2000-10-01,台北二,SE6 青蔥 粉蔥 ,,,,,,,,10,7,2000,1
2000-10-02,台北二,SE6 青蔥 粉蔥 ,,,,,,,,10,1,2000,1
2000-10-03,台北二,SE6 青蔥 粉蔥 ,,,,,,,,10,2,2000,1
2000-10-04,台北二,SE6 青蔥 粉蔥 ,,,,,,,,10,3,2000,1
2000-10-05,台北二,SE6 青蔥 粉蔥 ,21.6,18.6,15.3,18.5,-53.75,610.0,306.67,10,4,2000,0
2000-10-06,台北二,SE6 青蔥 粉蔥 ,16.0,15.7,11.0,14.8,-20.0,156.0,-74.43,10,5,2000,0
2000-10-07,台北二,SE6 青蔥 粉蔥 ,,,,,,,,10,6,2000,1
2000-10-08,台北二,SE6 青蔥 粉蔥 ,,,,,,,,10,7,2000,1
2000-10-09,台北二,SE6 青蔥 粉蔥 ,,,,,,,,10,1,2000,1
2000-10-10,台北二,SE6 青蔥 粉蔥 ,,,,,,,,10,2,2000,1
2000-10-11,台北二,SE6 青蔥 粉蔥 ,,,,,,,,10,3,2000,1
2000-10-12,台北二,SE6 青蔥 粉蔥 ,,,,,,,,10,4,2000,1
2000-10-13,台北二,SE6 青蔥 粉蔥 ,,,,,,,,10,5,2000,1
2000-10-14,台北二,SE6 青蔥 粉蔥 ,,,,,,,,10,6,2000,1
2000-10-15,台北二,SE6 青蔥 粉蔥 ,,,,,,,,10,7,2000,1
2000-10-16,台北二,SE6 青蔥 粉蔥 ,,,,,,,,10,1,2000,1
2000-10-17,台北二,SE6 青蔥 粉蔥 ,27.0,24.7,18.5,23.9,61.49,960.0,515.38,10,2,2000,0
2000-10-18,台北二,SE6 青蔥 粉蔥 ,,,,,,,,10,3,2000,1
2000-10-19,台北二,SE6 青蔥 粉蔥 ,22.0,16.3,10.0,16.2,-32.22,762.0,-20.62,10,4,2000,0
2000-10-20,台北二,SE6 青蔥 粉蔥 ,,,,,,,,10,5,2000,1
2000-10-21,台北二,SE6 青蔥 粉蔥 ,32.0,27.3,22.6,27.3,68.52,980.0,28.61,10,6,2000,0
2000-10-22,台北二,SE6 青蔥 粉蔥 ,,,,,,,,10,7,2000,1
2000-10-23,台北二,SE6 青蔥 粉蔥 ,35.0,24.7,20.0,25.8,-5.49,1124.0,14.69,10,1,2000,0
2000-10-24,台北二,SE6 青蔥 粉蔥 ,,,,,,,,10,2,2000,1
2000-10-25,台北二,SE6 青蔥 粉蔥 ,37.9,27.4,20.0,28.0,8.53,1040.0,-7.47,10,3,2000,0
2000-10-26,台北二,SE6 青蔥 粉蔥 ,,,,,,,,10,4,2000,1
2000-10-27,台北二,SE6 青蔥 粉蔥 ,29.0,20.7,16.3,21.5,-23.21,1540.0,48.08,10,5,2000,0
2000-10-28,台北二,SE6 青蔥 粉蔥 ,38.6,36.3,27.8,35.1,63.26,1354.0,-12.08,10,6,2000,0
2000-10-29,台北二,SE6 青蔥 粉蔥 ,,,,,,,,10,7,2000,1
2000-10-30,台北二,SE6 青蔥 粉蔥 ,30.0,26.8,23.1,26.7,-23.93,1560.0,15.21,10,1,2000,0
2000-10-31,台北二,SE6 青蔥 粉蔥 ,32.7,25.2,21.4,26.0,-2.62,1240.0,-20.51,10,2,2000,0
2000-11-01,台北二,SE6 青蔥 粉蔥 ,39.8,27.6,21.8,28.9,11.15,1366.0,10.16,11,3,2000,0
2000-11-02,台北二,SE6 青蔥 粉蔥 ,28.0,26.5,22.0,25.9,-10.38,160.0,-88.29,11,4,2000,0
2000-11-03,台北二,SE6 青蔥 粉蔥 ,35.7,28.3,26.1,29.3,13.13,540.0,237.5,11,5,2000,0
2000-11-04,台北二,SE6 青蔥 粉蔥 ,65.0,50.4,38.3,50.9,73.72,426.0,-21.11,11,6,2000,0
2000-11-05,台北二,SE6 青蔥 粉蔥 ,,,,,,,,11,7,2000,1
2000-11-06,台北二,SE6 青蔥 粉蔥 ,60.0,45.7,28.8,45.2,-11.2,800.0,87.79,11,1,2000,0
2000-11-07,台北二,SE6 青蔥 粉蔥 ,56.0,39.8,20.8,39.2,-13.27,824.0,3.0,11,2,2000,0
2000-11-08,台北二,SE6 青蔥 粉蔥 ,49.0,28.9,18.4,30.8,-21.43,1004.0,21.84,11,3,2000,0
2000-11-09,台北二,SE6 青蔥 粉蔥 ,62.3,42.8,20.6,42.3,37.34,940.0,-6.37,11,4,2000,0
2000-11-10,台北二,SE6 青蔥 粉蔥 ,62.7,47.6,28.3,46.7,10.4,860.0,-8.51,11,5,2000,0
2000-11-11,台北二,SE6 青蔥 粉蔥 ,77.1,60.6,31.1,58.0,24.2,840.0,-2.33,11,6,2000,0
2000-11-12,台北二,SE6 青蔥 粉蔥 ,,,,,,,,11,7,2000,1
2000-11-13,台北二,SE6 青蔥 粉蔥 ,120.0,120.0,120.0,120.0,106.9,300.0,-64.29,11,1,2000,0
2000-11-14,台北二,SE6 青蔥 粉蔥 ,70.0,68.3,61.5,67.3,-43.92,400.0,33.33,11,2,2000,0
2000-11-15,台北二,SE6 青蔥 粉蔥 ,71.7,59.1,50.5,59.9,-11.0,640.0,60.0,11,3,2000,0
2000-11-16,台北二,SE6 青蔥 粉蔥 ,70.0,63.8,55.0,63.3,5.68,520.0,-18.75,11,4,2000,0
2000-11-17,台北二,SE6 青蔥 粉蔥 ,82.0,71.4,52.1,69.7,10.11,660.0,26.92,11,5,2000,0
2000-11-18,台北二,SE6 青蔥 粉蔥 ,80.0,75.7,48.5,71.1,2.01,940.0,42.42,11,6,2000,0
2000-11-19,台北二,SE6 青蔥 粉蔥 ,90.0,84.7,69.1,82.6,16.17,1260.0,34.04,11,7,2000,0
2000-11-20,台北二,SE6 青蔥 粉蔥 ,,,,,,,,11,1,2000,1
2000-11-21,台北二,SE6 青蔥 粉蔥 ,75.7,53.6,42.5,55.8,-32.45,1763.0,39.92,11,2,2000,0
2000-11-22,台北二,SE6 青蔥 粉蔥 ,70.0,58.6,47.1,58.6,5.02,1668.0,-5.39,11,3,2000,0
2000-11-23,台北二,SE6 青蔥 粉蔥 ,67.7,57.6,44.1,56.9,-2.9,1780.0,6.71,11,4,2000,0
2000-11-24,台北二,SE6 青蔥 粉蔥 ,68.0,54.6,38.0,53.9,-5.27,1813.0,1.85,11,5,2000,0
2000-11-25,台北二,SE6 青蔥 粉蔥 ,78.5,62.1,41.9,61.4,13.91,1640.0,-9.54,11,6,2000,0
2000-11-26,台北二,SE6 青蔥 粉蔥 ,79.1,62.8,39.0,61.3,-0.16,2080.0,26.83,11,7,2000,0
2000-11-27,台北二,SE6 青蔥 粉蔥 ,80.9,68.8,46.4,66.7,8.81,2340.0,12.5,11,1,2000,0
2000-11-28,台北二,SE6 青蔥 粉蔥 ,,,,,,,,11,2,2000,1
2000-11-29,台北二,SE6 青蔥 粉蔥 ,70.8,63.1,45.6,61.1,-8.4,1850.0,-20.94,11,3,2000,0
2000-11-30,台北二,SE6 青蔥 粉蔥 ,70.6,55.0,40.1,55.2,-9.66,1840.0,-0.54,11,4,2000,0
2000-12-01,台北二,SE6 青蔥 粉蔥 ,76.6,65.0,44.3,63.2,14.49,1660.0,-9.78,12,5,2000,0
2000-12-02,台北二,SE6 青蔥 粉蔥 ,67.2,59.1,43.8,57.6,-8.86,1840.0,10.84,12,6,2000,0
2000-12-03,台北二,SE6 青蔥 粉蔥 ,80.3,64.0,53.3,65.1,13.02,2020.0,9.78,12,7,2000,0
2000-12-04,台北二,SE6 青蔥 粉蔥 ,83.4,72.0,63.8,72.7,11.67,1940.0,-3.96,12,1,2000,0
2000-12-05,台北二,SE6 青蔥 粉蔥 ,,,,,,,,12,2,2000,1
2000-12-06,台北二,SE6 青蔥 粉蔥 ,80.6,68.2,54.3,67.9,-6.6,2420.0,24.74,12,3,2000,0
2000-12-07,台北二,SE6 青蔥 粉蔥 ,82.7,63.3,49.9,64.5,-5.01,1864.0,-22.98,12,4,2000,0
2000-12-08,台北二,SE6 青蔥 粉蔥 ,70.4,60.3,46.0,59.5,-7.75,2158.0,15.77,12,5,2000,0
2000-12-09,台北二,SE6 青蔥 粉蔥 ,70.5,56.8,43.1,56.8,-4.54,1976.0,-8.43,12,6,2000,0
2000-12-10,台北二,SE6 青蔥 粉蔥 ,75.0,57.0,39.0,57.0,0.35,1900.0,-3.85,12,7,2000,0
2000-12-11,台北二,SE6 青蔥 粉蔥 ,78.9,65.7,46.6,64.5,13.16,2460.0,29.47,12,1,2000,0
2000-12-12,台北二,SE6 青蔥 粉蔥 ,,,,,,,,12,2,2000,1
2000-12-13,台北二,SE6 青蔥 粉蔥 ,67.3,60.0,48.3,59.1,-8.37,2317.0,-5.81,12,3,2000,0
2000-12-14,台北二,SE6 青蔥 粉蔥 ,70.2,56.3,40.5,55.9,-5.41,1878.0,-18.95,12,4,2000,0
2000-12-15,台北二,SE6 青蔥 粉蔥 ,69.6,64.2,54.3,63.3,13.24,1740.0,-7.35,12,5,2000,0
2000-12-16,台北二,SE6 青蔥 粉蔥 ,69.8,64.7,57.7,64.3,1.58,1984.0,14.02,12,6,2000,0
2000-12-17,台北二,SE6 青蔥 粉蔥 ,68.9,63.1,51.6,61.9,-3.73,2156.0,8.67,12,7,2000,0
2000-12-18,台北二,SE6 青蔥 粉蔥 ,80.9,71.0,62.3,71.2,15.02,1732.0,-19.67,12,1,2000,0
2000-12-19,台北二,SE6 青蔥 粉蔥 ,69.0,63.5,56.3,63.2,-11.24,2640.0,52.42,12,2,2000,0
2000-12-20,台北二,SE6 青蔥 粉蔥 ,,,,,,,,12,3,2000,1
2000-12-21,台北二,SE6 青蔥 粉蔥 ,64.1,56.3,43.9,55.4,-12.34,2440.0,-7.58,12,4,2000,0
2000-12-22,台北二,SE6 青蔥 粉蔥 ,70.0,61.7,49.2,60.8,9.75,1420.0,-41.8,12,5,2000,0
2000-12-23,台北二,SE6 青蔥 粉蔥 ,71.5,58.6,44.5,58.4,-3.95,1720.0,21.13,12,6,2000,0
2000-12-24,台北二,SE6 青蔥 粉蔥 ,71.6,63.4,48.2,62.0,6.16,1520.0,-11.63,12,7,2000,0
2000-12-25,台北二,SE6 青蔥 粉蔥 ,64.9,57.9,50.7,57.8,-6.77,1666.0,9.61,12,1,2000,0
2000-12-26,台北二,SE6 青蔥 粉蔥 ,75.0,64.3,54.8,64.5,11.59,1332.0,-20.05,12,2,2000,0
2000-12-27,台北二,SE6 青蔥 粉蔥 ,66.4,60.5,49.3,59.4,-7.91,2506.0,88.14,12,3,2000,0
2000-12-28,台北二,SE6 青蔥 粉蔥 ,,,,,,,,12,4,2000,1
2000-12-29,台北二,SE6 青蔥 粉蔥 ,66.0,55.9,45.9,55.9,-5.89,2162.0,-13.73,12,5,2000,0
2000-12-30,台北二,SE6 青蔥 粉蔥 ,68.3,57.2,44.6,56.9,1.79,2160.0,-0.09,12,6,2000,0
2000-12-31,台北二,SE6 青蔥 粉蔥 ,62.7,53.3,42.1,52.9,-7.03,1700.0,-21.3,12,7,2000,0
2001-01-01,台北二,SE6 青蔥 粉蔥 ,66.2,58.1,44.5,57.0,7.75,1300.0,-23.53,1,1,2001,0
2001-01-02,台北二,SE6 青蔥 粉蔥 ,58.6,52.8,38.7,51.1,-10.35,1713.0,31.77,1,2,2001,0
2001-01-03,台北二,SE6 青蔥 粉蔥 ,56.4,52.0,41.6,50.8,-0.59,2111.0,23.23,1,3,2001,0
2001-01-04,台北二,SE6 青蔥 粉蔥 ,,,,,,,,1,4,2001,1
2001-01-05,台北二,SE6 青蔥 粉蔥 ,59.7,53.2,43.3,52.5,3.35,1840.0,-12.84,1,5,2001,0
2001-01-06,台北二,SE6 青蔥 粉蔥 ,55.0,49.6,42.0,49.2,-6.29,1580.0,-14.13,1,6,2001,0
2001-01-07,台北二,SE6 青蔥 粉蔥 ,53.0,50.3,41.9,49.1,-0.2,1620.0,2.53,1,7,2001,0
2001-01-08,台北二,SE6 青蔥 粉蔥 ,60.5,54.9,46.1,54.3,10.59,1300.0,-19.75,1,1,2001,0
2001-01-09,台北二,SE6 青蔥 粉蔥 ,54.9,46.6,40.7,47.1,-13.26,1996.0,53.54,1,2,2001,0
2001-01-10,台北二,SE6 青蔥 粉蔥 ,37.4,32.1,28.4,32.4,-31.21,2893.0,44.94,1,3,2001,0
2001-01-11,台北二,SE6 青蔥 粉蔥 ,,,,,,,,1,4,2001,1
2001-01-12,台北二,SE6 青蔥 粉蔥 ,36.6,24.7,14.8,25.1,-22.53,3955.0,36.71,1,5,2001,0
2001-01-13,台北二,SE6 青蔥 粉蔥 ,42.5,31.8,21.0,31.8,26.69,2298.0,-41.9,1,6,2001,0
2001-01-14,台北二,SE6 青蔥 粉蔥 ,42.4,36.2,28.2,35.8,12.58,2040.0,-11.23,1,7,2001,0
2001-01-15,台北二,SE6 青蔥 粉蔥 ,35.9,31.2,24.8,30.8,-13.97,2260.0,10.78,1,1,2001,0
2001-01-16,台北二,SE6 青蔥 粉蔥 ,44.4,35.1,25.2,35.0,13.64,1720.0,-23.89,1,2,2001,0
2001-01-17,台北二,SE6 青蔥 粉蔥 ,37.5,31.4,23.5,31.0,-11.43,2090.0,21.51,1,3,2001,0
2001-01-18,台北二,SE6 青蔥 粉蔥 ,40.4,33.8,23.3,33.0,6.45,1840.0,-11.96,1,4,2001,0
2001-01-19,台北二,SE6 青蔥 粉蔥 ,37.9,31.5,18.6,30.2,-8.48,2320.0,26.09,1,5,2001,0
2001-01-20,台北二,SE6 青蔥 粉蔥 ,41.7,28.3,16.4,28.6,-5.3,4440.0,91.38,1,6,2001,0
2001-01-21,台北二,SE6 青蔥 粉蔥 ,42.2,34.6,23.3,33.9,18.53,5600.0,26.13,1,7,2001,0
2001-01-22,台北二,SE6 青蔥 粉蔥 ,43.9,36.6,28.6,36.4,7.37,7220.0,28.93,1,1,2001,0
2001-01-23,台北二,SE6 青蔥 粉蔥 ,55.4,36.0,22.2,37.1,1.92,2452.0,-66.04,1,2,2001,0
2001-01-24,台北二,SE6 青蔥 粉蔥 ,,,,,,,,1,3,2001,1
2001-01-25,台北二,SE6 青蔥 粉蔥 ,,,,,,,,1,4,2001,1
2001-01-26,台北二,SE6 青蔥 粉蔥 ,,,,,,,,1,5,2001,1
2001-01-27,台北二,SE6 青蔥 粉蔥 ,,,,,,,,1,6,2001,1
2001-01-28,台北二,SE6 青蔥 粉蔥 ,,,,,,,,1,7,2001,1
2001-01-29,台北二,SE6 青蔥 粉蔥 ,45.3,35.1,28.3,35.7,-3.77,2430.0,-0.9,1,1,2001,0
2001-01-30,台北二,SE6 青蔥 粉蔥 ,52.7,37.0,23.6,37.4,4.76,2360.0,-2.88,1,2,2001,0
2001-01-31,台北二,SE6 青蔥 粉蔥 ,53.1,43.2,21.6,40.8,9.09,2760.0,16.95,1,3,2001,0
2001-02-01,台北二,SE6 青蔥 粉蔥 ,34.8,27.0,18.9,26.9,-34.07,3180.0,15.22,2,4,2001,0
2001-02-02,台北二,SE6 青蔥 粉蔥 ,,,,,,,,2,5,2001,1
2001-02-03,台北二,SE6 青蔥 粉蔥 ,48.0,44.0,35.3,43.1,60.22,1900.0,-40.25,2,6,2001,0
2001-02-04,台北二,SE6 青蔥 粉蔥 ,40.0,33.1,21.4,32.1,-25.52,2340.0,23.16,2,7,2001,0
2001-02-05,台北二,SE6 青蔥 粉蔥 ,33.8,30.7,18.6,28.9,-9.97,2540.0,8.55,2,1,2001,0
2001-02-06,台北二,SE6 青蔥 粉蔥 ,25.9,22.7,16.3,22.1,-23.53,2680.0,5.51,2,2,2001,0
2001-02-07,台北二,SE6 青蔥 粉蔥 ,43.7,32.6,14.4,31.2,41.18,3940.0,47.01,2,3,2001,0
2001-02-08,台北二,SE6 青蔥 粉蔥 ,,,,,,,,2,4,2001,1
2001-02-09,台北二,SE6 青蔥 粉蔥 ,,,,,,,,2,5,2001,1
2001-02-10,台北二,SE6 青蔥 粉蔥 ,50.5,43.1,29.8,41.9,34.29,1780.0,-54.82,2,6,2001,0
2001-02-11,台北二,SE6 青蔥 粉蔥 ,45.1,36.8,25.0,36.1,-13.84,3100.0,74.16,2,7,2001,0
2001-02-12,台北二,SE6 青蔥 粉蔥 ,37.1,29.6,22.7,29.7,-17.73,2440.0,-21.29,2,1,2001,0
2001-02-13,台北二,SE6 青蔥 粉蔥 ,34.6,28.3,14.8,26.9,-9.43,1940.0,-20.49,2,2,2001,0
2001-02-14,台北二,SE6 青蔥 粉蔥 ,25.8,21.3,12.8,20.5,-23.79,2280.0,17.53,2,3,2001,0
2001-02-15,台北二,SE6 青蔥 粉蔥 ,33.3,23.4,15.9,23.9,16.59,1929.0,-15.39,2,4,2001,0
2001-02-16,台北二,SE6 青蔥 粉蔥 ,40.0,30.0,19.5,29.9,25.1,2286.0,18.51,2,5,2001,0
2001-02-17,台北二,SE6 青蔥 粉蔥 ,,,,,,,,2,6,2001,1
2001-02-18,台北二,SE6 青蔥 粉蔥 ,37.6,30.3,23.5,30.4,1.67,2674.0,16.97,2,7,2001,0
2001-02-19,台北二,SE6 青蔥 粉蔥 ,41.4,31.3,14.9,30.0,-1.32,2560.0,-4.26,2,1,2001,0
2001-02-20,台北二,SE6 青蔥 粉蔥 ,23.7,17.0,12.3,17.4,-42.0,1080.0,-57.81,2,2,2001,0
2001-02-21,台北二,SE6 青蔥 粉蔥 ,39.6,27.6,10.4,26.6,52.87,2980.0,175.93,2,3,2001,0
2001-02-22,台北二,SE6 青蔥 粉蔥 ,34.9,20.8,14.1,22.3,-16.17,2559.0,-14.13,2,4,2001,0
2001-02-23,台北二,SE6 青蔥 粉蔥 ,35.3,24.6,17.5,25.3,13.45,2620.0,2.38,2,5,2001,0
2001-02-24,台北二,SE6 青蔥 粉蔥 ,33.3,26.0,17.8,25.8,1.98,3666.0,39.92,2,6,2001,0
2001-02-25,台北二,SE6 青蔥 粉蔥 ,,,,,,,,2,7,2001,1
2001-02-26,台北二,SE6 青蔥 粉蔥 ,41.8,29.2,15.8,29.0,12.4,2960.0,-19.26,2,1,2001,0
2001-02-27,台北二,SE6 青蔥 粉蔥 ,36.3,23.3,11.8,23.6,-18.62,2680.0,-9.46,2,2,2001,0
2001-02-28,台北二,SE6 青蔥 粉蔥 ,32.3,23.7,13.4,23.3,-1.27,2780.0,3.73,2,3,2001,0
2001-03-01,台北二,SE6 青蔥 粉蔥 ,32.5,21.1,11.4,21.4,-8.15,2620.0,-5.76,3,4,2001,0
2001-03-02,台北二,SE6 青蔥 粉蔥 ,30.8,26.1,14.2,24.6,14.95,2440.0,-6.87,3,5,2001,0
2001-03-03,台北二,SE6 青蔥 粉蔥 ,31.4,24.9,12.9,23.8,-3.25,4384.0,79.67,3,6,2001,0
2001-03-04,台北二,SE6 青蔥 粉蔥 ,,,,,,,,3,7,2001,1
2001-03-05,台北二,SE6 青蔥 粉蔥 ,,,,,,,,3,1,2001,1
2001-03-06,台北二,SE6 青蔥 粉蔥 ,26.8,24.9,19.5,24.2,1.68,2540.0,-42.06,3,2,2001,0
2001-03-07,台北二,SE6 青蔥 粉蔥 ,25.2,18.4,14.8,19.1,-21.07,3348.0,31.81,3,3,2001,0
2001-03-08,台北二,SE6 青蔥 粉蔥 ,19.1,15.2,12.6,15.5,-18.85,3368.0,0.6,3,4,2001,0
2001-03-09,台北二,SE6 青蔥 粉蔥 ,20.0,17.3,14.5,17.3,11.61,2720.0,-19.24,3,5,2001,0
2001-03-10,台北二,SE6 青蔥 粉蔥 ,25.6,21.4,13.3,20.6,19.08,3768.0,38.53,3,6,2001,0
2001-03-11,台北二,SE6 青蔥 粉蔥 ,,,,,,,,3,7,2001,1
2001-03-12,台北二,SE6 青蔥 粉蔥 ,28.6,23.8,19.1,23.8,15.53,3820.0,1.38,3,1,2001,0
2001-03-13,台北二,SE6 青蔥 粉蔥 ,24.7,20.6,14.6,20.2,-15.13,3300.0,-13.61,3,2,2001,0
2001-03-14,台北二,SE6 青蔥 粉蔥 ,27.7,21.0,15.1,21.1,4.46,3140.0,-4.85,3,3,2001,0
2001-03-15,台北二,SE6 青蔥 粉蔥 ,23.1,17.7,13.9,18.0,-14.69,3260.0,3.82,3,4,2001,0
2001-03-16,台北二,SE6 青蔥 粉蔥 ,22.7,18.5,11.9,18.0,0.0,3600.0,10.43,3,5,2001,0
2001-03-17,台北二,SE6 青蔥 粉蔥 ,23.4,19.8,13.5,19.2,6.67,3750.0,4.17,3,6,2001,0
2001-03-18,台北二,SE6 青蔥 粉蔥 ,23.2,18.3,11.0,17.8,-7.29,4166.0,11.09,3,7,2001,0
2001-03-19,台北二,SE6 青蔥 粉蔥 ,,,,,,,,3,1,2001,1
2001-03-20,台北二,SE6 青蔥 粉蔥 ,23.3,18.3,16.3,18.9,6.18,2720.0,-34.71,3,2,2001,0
2001-03-21,台北二,SE6 青蔥 粉蔥 ,25.0,17.8,9.6,17.6,-6.88,3420.0,25.74,3,3,2001,0
2001-03-22,台北二,SE6 青蔥 粉蔥 ,20.8,13.9,4.4,13.4,-23.86,4142.0,21.11,3,4,2001,0
2001-03-23,台北二,SE6 青蔥 粉蔥 ,19.4,15.3,8.0,14.7,9.7,3760.0,-9.22,3,5,2001,0
2001-03-24,台北二,SE6 青蔥 粉蔥 ,23.0,15.9,8.8,15.9,8.16,3720.0,-1.06,3,6,2001,0
2001-03-25,台北二,SE6 青蔥 粉蔥 ,,,,,,,,3,7,2001,1
2001-03-26,台北二,SE6 青蔥 粉蔥 ,26.1,20.1,9.8,19.2,20.75,3500.0,-5.91,3,1,2001,0
2001-03-27,台北二,SE6 青蔥 粉蔥 ,,,,,,,,3,2,2001,1
2001-03-28,台北二,SE6 青蔥 粉蔥 ,28.0,21.2,12.3,20.8,8.33,3880.0,10.86,3,3,2001,0
2001-03-29,台北二,SE6 青蔥 粉蔥 ,28.2,23.3,12.5,22.1,6.25,2900.0,-25.26,3,4,2001,0
2001-03-30,台北二,SE6 青蔥 粉蔥 ,22.5,18.6,14.2,18.5,-16.29,4320.0,48.97,3,5,2001,0
2001-03-31,台北二,SE6 青蔥 粉蔥 ,24.0,20.9,16.8,20.7,11.89,4140.0,-4.17,3,6,2001,0
2001-04-01,台北二,SE6 青蔥 粉蔥 ,21.5,17.8,12.0,17.4,-15.94,4400.0,6.28,4,7,2001,0
2001-04-02,台北二,SE6 青蔥 粉蔥 ,21.9,17.8,11.6,17.4,0.0,3640.0,-17.27,4,1,2001,0
2001-04-03,台北二,SE6 青蔥 粉蔥 ,24.0,20.0,16.1,20.0,14.94,3440.0,-5.49,4,2,2001,0
2001-04-04,台北二,SE6 青蔥 粉蔥 ,24.4,20.5,14.0,20.0,0.0,4918.0,42.97,4,3,2001,0
2001-04-05,台北二,SE6 青蔥 粉蔥 ,,,,,,,,4,4,2001,1
2001-04-06,台北二,SE6 青蔥 粉蔥 ,,,,,,,,4,5,2001,1
2001-04-07,台北二,SE6 青蔥 粉蔥 ,23.2,19.1,14.4,19.0,-5.0,5000.0,1.67,4,6,2001,0
2001-04-08,台北二,SE6 青蔥 粉蔥 ,21.6,17.5,13.3,17.5,-7.89,4780.0,-4.4,4,7,2001,0
2001-04-09,台北二,SE6 青蔥 粉蔥 ,22.8,18.8,15.6,19.0,8.57,5160.0,7.95,4,1,2001,0
2001-04-10,台北二,SE6 青蔥 粉蔥 ,,,,,,,,4,2,2001,1
2001-04-11,台北二,SE6 青蔥 粉蔥 ,22.8,17.6,13.5,17.8,-6.32,5360.0,3.88,4,3,2001,0
2001-04-12,台北二,SE6 青蔥 粉蔥 ,19.9,15.8,12.3,15.9,-10.67,4600.0,-14.18,4,4,2001,0
2001-04-13,台北二,SE6 青蔥 粉蔥 ,19.4,15.8,11.3,15.6,-1.89,4820.0,4.78,4,5,2001,0
2001-04-14,台北二,SE6 青蔥 粉蔥 ,17.4,13.3,9.7,13.4,-14.1,4860.0,0.83,4,6,2001,0
2001-04-15,台北二,SE6 青蔥 粉蔥 ,16.3,12.0,9.3,12.3,-8.21,4820.0,-0.82,4,7,2001,0
2001-04-16,台北二,SE6 青蔥 粉蔥 ,19.3,14.2,11.4,14.7,19.51,5000.0,3.73,4,1,2001,0
2001-04-17,台北二,SE6 青蔥 粉蔥 ,21.9,18.5,13.8,18.2,23.81,4210.0,-15.8,4,2,2001,0
2001-04-18,台北二,SE6 青蔥 粉蔥 ,,,,,,,,4,3,2001,1
2001-04-19,台北二,SE6 青蔥 粉蔥 ,23.8,19.5,16.2,19.7,8.24,3940.0,-6.41,4,4,2001,0
2001-04-20,台北二,SE6 青蔥 粉蔥 ,19.3,17.1,13.4,16.8,-14.72,3880.0,-1.52,4,5,2001,0
2001-04-21,台北二,SE6 青蔥 粉蔥 ,19.8,14.1,9.9,14.4,-14.29,3560.0,-8.25,4,6,2001,0
2001-04-22,台北二,SE6 青蔥 粉蔥 ,15.3,10.8,8.1,11.2,-22.22,4320.0,21.35,4,7,2001,0
2001-04-23,台北二,SE6 青蔥 粉蔥 ,13.3,9.9,7.5,10.1,-9.82,4780.0,10.65,4,1,2001,0
2001-04-24,台北二,SE6 青蔥 粉蔥 ,20.7,13.7,9.4,14.2,40.59,5426.0,13.51,4,2,2001,0
2001-04-25,台北二,SE6 青蔥 粉蔥 ,,,,,,,,4,3,2001,1
2001-04-26,台北二,SE6 青蔥 粉蔥 ,17.0,13.5,9.0,13.3,-6.34,4340.0,-20.01,4,4,2001,0
2001-04-27,台北二,SE6 青蔥 粉蔥 ,17.5,15.0,10.7,14.6,9.77,3920.0,-9.68,4,5,2001,0
2001-04-28,台北二,SE6 青蔥 粉蔥 ,20.1,13.5,8.7,13.8,-5.48,4260.0,8.67,4,6,2001,0
2001-04-29,台北二,SE6 青蔥 粉蔥 ,17.8,11.6,7.0,11.9,-13.77,3700.0,-13.15,4,7,2001,0
2001-04-30,台北二,SE6 青蔥 粉蔥 ,17.7,10.4,5.4,10.8,-9.24,3420.0,-7.57,4,1,2001,0
2001-05-01,台北二,SE6 青蔥 粉蔥 ,17.8,12.9,6.3,12.5,15.74,3748.0,9.59,5,2,2001,0
2001-05-02,台北二,SE6 青蔥 粉蔥 ,,,,,,,,5,3,2001,1
2001-05-03,台北二,SE6 青蔥 粉蔥 ,16.1,12.4,7.0,12.1,-3.2,3880.0,3.52,5,4,2001,0
2001-05-04,台北二,SE6 青蔥 粉蔥 ,15.7,12.5,7.9,12.2,0.83,4040.0,4.12,5,5,2001,0
2001-05-05,台北二,SE6 青蔥 粉蔥 ,13.6,10.7,7.5,10.6,-13.11,4040.0,0.0,5,6,2001,0
2001-05-06,台北二,SE6 青蔥 粉蔥 ,13.0,9.3,6.1,9.4,-11.32,4160.0,2.97,5,7,2001,0
2001-05-07,台北二,SE6 青蔥 粉蔥 ,19.3,14.4,9.6,14.4,53.19,3360.0,-19.23,5,1,2001,0
2001-05-08,台北二,SE6 青蔥 粉蔥 ,22.7,16.2,9.9,16.2,12.5,3685.0,9.67,5,2,2001,0
2001-05-09,台北二,SE6 青蔥 粉蔥 ,,,,,,,,5,3,2001,1
2001-05-10,台北二,SE6 青蔥 粉蔥 ,21.6,18.0,14.4,18.0,11.11,4540.0,23.2,5,4,2001,0
2001-05-11,台北二,SE6 青蔥 粉蔥 ,19.8,16.9,12.2,16.5,-8.33,4400.0,-3.08,5,5,2001,0
2001-05-12,台北二,SE6 青蔥 粉蔥 ,21.7,17.3,11.1,16.9,2.42,4783.0,8.7,5,6,2001,0
2001-05-13,台北二,SE6 青蔥 粉蔥 ,22.1,18.2,9.4,17.2,1.78,4860.0,1.61,5,7,2001,0
2001-05-14,台北二,SE6 青蔥 粉蔥 ,22.1,16.6,8.7,16.1,-6.4,4888.0,0.58,5,1,2001,0
2001-05-15,台北二,SE6 青蔥 粉蔥 ,19.8,17.2,11.5,16.6,3.11,4680.0,-4.26,5,2,2001,0
2001-05-16,台北二,SE6 青蔥 粉蔥 ,25.1,20.5,12.6,19.8,19.28,5470.0,16.88,5,3,2001,0
2001-05-17,台北二,SE6 青蔥 粉蔥 ,,,,,,,,5,4,2001,1
2001-05-18,台北二,SE6 青蔥 粉蔥 ,25.9,21.0,14.4,20.7,4.55,5280.0,-3.47,5,5,2001,0
2001-05-19,台北二,SE6 青蔥 粉蔥 ,24.0,20.7,14.3,20.1,-2.9,5134.0,-2.77,5,6,2001,0
2001-05-20,台北二,SE6 青蔥 粉蔥 ,21.9,16.9,12.3,17.0,-15.42,5330.0,3.82,5,7,2001,0
2001-05-21,台北二,SE6 青蔥 粉蔥 ,22.7,17.2,11.6,17.2,1.18,5140.0,-3.56,5,1,2001,0
2001-05-22,台北二,SE6 青蔥 粉蔥 ,19.8,14.8,5.2,13.9,-19.19,6046.0,17.63,5,2,2001,0
2001-05-23,台北二,SE6 青蔥 粉蔥 ,18.5,14.7,11.1,14.7,5.76,5120.0,-15.32,5,3,2001,0
2001-05-24,台北二,SE6 青蔥 粉蔥 ,25.3,19.5,11.4,19.1,29.93,5338.0,4.26,5,4,2001,0
2001-05-25,台北二,SE6 青蔥 粉蔥 ,,,,,,,,5,5,2001,1
2001-05-26,台北二,SE6 青蔥 粉蔥 ,31.3,26.9,15.7,25.5,33.51,5224.0,-2.14,5,6,2001,0
2001-05-27,台北二,SE6 青蔥 粉蔥 ,33.4,28.8,18.7,27.7,8.63,5086.0,-2.64,5,7,2001,0
2001-05-28,台北二,SE6 青蔥 粉蔥 ,36.3,28.3,20.4,28.3,2.17,4964.0,-2.4,5,1,2001,0
2001-05-29,台北二,SE6 青蔥 粉蔥 ,23.2,19.5,13.7,19.1,-32.51,4790.0,-3.51,5,2,2001,0
2001-05-30,台北二,SE6 青蔥 粉蔥 ,19.8,15.3,8.7,14.8,-22.51,4644.0,-3.05,5,3,2001,0
2001-05-31,台北二,SE6 青蔥 粉蔥 ,26.7,22.6,13.1,21.5,45.27,4946.0,6.5,5,4,2001,0
2001-06-01,台北二,SE6 青蔥 粉蔥 ,,,,,,,,6,5,2001,1
2001-06-02,台北二,SE6 青蔥 粉蔥 ,21.4,16.1,5.9,15.1,-29.77,7872.0,59.16,6,6,2001,0
2001-06-03,台北二,SE6 青蔥 粉蔥 ,16.9,12.9,5.6,12.2,-19.21,6540.0,-16.92,6,7,2001,0
2001-06-04,台北二,SE6 青蔥 粉蔥 ,15.1,11.5,6.4,11.2,-8.2,5140.0,-21.41,6,1,2001,0
2001-06-05,台北二,SE6 青蔥 粉蔥 ,18.0,13.7,8.4,13.5,20.54,4020.0,-21.79,6,2,2001,0
2001-06-06,台北二,SE6 青蔥 粉蔥 ,9.4,5.3,5.0,6.1,-54.81,1500.0,-62.69,6,3,2001,0
2001-06-07,台北二,SE6 青蔥 粉蔥 ,19.2,15.7,8.6,15.0,145.9,5680.0,278.67,6,4,2001,0
2001-06-08,台北二,SE6 青蔥 粉蔥 ,,,,,,,,6,5,2001,1
2001-06-09,台北二,SE6 青蔥 粉蔥 ,28.0,19.3,7.8,18.7,24.67,4200.0,-26.06,6,6,2001,0
2001-06-10,台北二,SE6 青蔥 粉蔥 ,29.9,19.1,7.6,18.9,1.07,4252.0,1.24,6,7,2001,0
2001-06-11,台北二,SE6 青蔥 粉蔥 ,25.3,15.9,6.1,15.8,-16.4,4820.0,13.36,6,1,2001,0
2001-06-12,台北二,SE6 青蔥 粉蔥 ,16.3,11.2,5.4,11.0,-30.38,5088.0,5.56,6,2,2001,0
2001-06-13,台北二,SE6 青蔥 粉蔥 ,17.0,11.5,3.8,11.0,0.0,4104.0,-19.34,6,3,2001,0
2001-06-14,台北二,SE6 青蔥 粉蔥 ,17.2,12.3,4.8,11.8,7.27,4147.0,1.05,6,4,2001,0
2001-06-15,台北二,SE6 青蔥 粉蔥 ,33.0,21.1,7.7,20.8,76.27,4049.0,-2.36,6,5,2001,0
2001-06-16,台北二,SE6 青蔥 粉蔥 ,,,,,,,,6,6,2001,1
2001-06-17,台北二,SE6 青蔥 粉蔥 ,29.5,22.6,7.9,21.0,0.96,4791.0,18.33,6,7,2001,0
2001-06-18,台北二,SE6 青蔥 粉蔥 ,32.1,22.0,6.9,21.0,0.0,4234.0,-11.63,6,1,2001,0
2001-06-19,台北二,SE6 青蔥 粉蔥 ,30.2,22.2,7.3,20.8,-0.95,3650.0,-13.79,6,2,2001,0
2001-06-20,台北二,SE6 青蔥 粉蔥 ,18.5,14.2,5.4,13.3,-36.06,3888.0,6.52,6,3,2001,0
2001-06-21,台北二,SE6 青蔥 粉蔥 ,26.9,16.7,5.0,16.4,23.31,3530.0,-9.21,6,4,2001,0
2001-06-22,台北二,SE6 青蔥 粉蔥 ,29.6,22.9,6.8,21.0,28.05,2527.0,-28.41,6,5,2001,0
2001-06-23,台北二,SE6 青蔥 粉蔥 ,35.0,33.3,18.5,30.7,46.19,2004.0,-20.7,6,6,2001,0
2001-06-24,台北二,SE6 青蔥 粉蔥 ,45.0,41.2,24.1,38.5,25.41,1915.0,-4.44,6,7,2001,0
2001-06-25,台北二,SE6 青蔥 粉蔥 ,48.8,42.4,22.6,39.7,3.12,2614.0,36.5,6,1,2001,0
2001-06-26,台北二,SE6 青蔥 粉蔥 ,,,,,,,,6,2,2001,1
2001-06-27,台北二,SE6 青蔥 粉蔥 ,,,,,,,,6,3,2001,1
2001-06-28,台北二,SE6 青蔥 粉蔥 ,25.8,22.1,12.4,20.9,-47.36,3162.0,20.96,6,4,2001,0
2001-06-29,台北二,SE6 青蔥 粉蔥 ,20.0,15.3,8.5,14.9,-28.71,3435.0,8.63,6,5,2001,0
2001-06-30,台北二,SE6 青蔥 粉蔥 ,36.2,28.0,14.6,27.0,81.21,1226.0,-64.31,6,6,2001,0
2001-07-01,台北二,SE6 青蔥 粉蔥 ,28.2,20.1,8.9,19.5,-27.78,1735.0,41.52,7,7,2001,0
2001-07-02,台北二,SE6 青蔥 粉蔥 ,38.9,26.3,14.7,26.5,35.9,1120.0,-35.45,7,1,2001,0
2001-07-03,台北二,SE6 青蔥 粉蔥 ,40.0,25.8,13.0,26.1,-1.51,1080.0,-3.57,7,2,2001,0
2001-07-04,台北二,SE6 青蔥 粉蔥 ,42.0,36.4,27.4,35.7,36.78,1095.0,1.39,7,3,2001,0
2001-07-05,台北二,SE6 青蔥 粉蔥 ,45.6,37.3,26.7,36.8,3.08,1410.0,28.77,7,4,2001,0
2001-07-06,台北二,SE6 青蔥 粉蔥 ,33.3,23.2,18.7,24.3,-33.97,1750.0,24.11,7,5,2001,0
2001-07-07,台北二,SE6 青蔥 粉蔥 ,,,,,,,,7,6,2001,1
2001-07-08,台北二,SE6 青蔥 粉蔥 ,39.5,28.9,16.5,28.5,17.28,1280.0,-26.86,7,7,2001,0
2001-07-09,台北二,SE6 青蔥 粉蔥 ,35.8,23.8,14.2,24.3,-14.74,1937.0,51.33,7,1,2001,0
2001-07-10,台北二,SE6 青蔥 粉蔥 ,27.7,19.6,10.0,19.3,-20.58,2123.0,9.6,7,2,2001,0
2001-07-11,台北二,SE6 青蔥 粉蔥 ,32.5,24.4,9.5,23.0,19.17,1975.0,-6.97,7,3,2001,0
2001-07-12,台北二,SE6 青蔥 粉蔥 ,44.2,38.9,23.5,36.9,60.43,1561.0,-20.96,7,4,2001,0
2001-07-13,台北二,SE6 青蔥 粉蔥 ,50.7,42.6,30.5,41.8,13.28,1414.0,-9.42,7,5,2001,0
2001-07-14,台北二,SE6 青蔥 粉蔥 ,51.4,38.8,22.6,38.1,-8.85,2677.0,89.32,7,6,2001,0
2001-07-15,台北二,SE6 青蔥 粉蔥 ,,,,,,,,7,7,2001,1
2001-07-16,台北二,SE6 青蔥 粉蔥 ,43.7,32.4,19.6,32.1,-15.75,3650.0,36.35,7,1,2001,0
2001-07-17,台北二,SE6 青蔥 粉蔥 ,39.4,27.3,16.2,27.5,-14.33,2260.0,-38.08,7,2,2001,0
2001-07-18,台北二,SE6 青蔥 粉蔥 ,35.3,28.4,20.1,28.1,2.18,2744.0,21.42,7,3,2001,0
2001-07-19,台北二,SE6 青蔥 粉蔥 ,40.4,30.2,18.2,29.8,6.05,2065.0,-24.74,7,4,2001,0
2001-07-20,台北二,SE6 青蔥 粉蔥 ,39.0,27.5,16.4,27.5,-7.72,2423.0,17.34,7,5,2001,0
2001-07-21,台北二,SE6 青蔥 粉蔥 ,27.0,23.4,18.4,23.1,-16.0,1482.0,-38.84,7,6,2001,0
2001-07-22,台北二,SE6 青蔥 粉蔥 ,53.1,36.9,23.5,37.5,62.34,3156.0,112.96,7,7,2001,0
2001-07-23,台北二,SE6 青蔥 粉蔥 ,,,,,,,,7,1,2001,1
2001-07-24,台北二,SE6 青蔥 粉蔥 ,46.5,36.3,27.9,36.6,-2.4,1692.0,-46.39,7,2,2001,0
2001-07-25,台北二,SE6 青蔥 粉蔥 ,54.3,38.4,25.4,39.0,6.56,2545.0,50.41,7,3,2001,0
2001-07-26,台北二,SE6 青蔥 粉蔥 ,46.1,34.0,21.9,34.0,-12.82,2129.0,-16.35,7,4,2001,0
2001-07-27,台北二,SE6 青蔥 粉蔥 ,42.9,35.0,24.5,34.4,1.18,1366.0,-35.84,7,5,2001,0
2001-07-28,台北二,SE6 青蔥 粉蔥 ,43.7,31.8,25.6,32.9,-4.36,1145.0,-16.18,7,6,2001,0
2001-07-29,台北二,SE6 青蔥 粉蔥 ,47.0,42.4,31.3,41.1,24.92,1345.0,17.47,7,7,2001,0
2001-07-30,台北二,SE6 青蔥 粉蔥 ,,,,,,,,7,1,2001,1
2001-07-31,台北二,SE6 青蔥 粉蔥 ,68.0,61.5,41.9,58.8,43.07,1277.0,-5.06,7,2,2001,0
2001-08-01,台北二,SE6 青蔥 粉蔥 ,36.2,29.9,19.2,29.0,-50.68,1623.0,27.09,8,3,2001,0
2001-08-02,台北二,SE6 青蔥 粉蔥 ,25.0,17.3,8.9,17.2,-40.69,1356.0,-16.45,8,4,2001,0
2001-08-03,台北二,SE6 青蔥 粉蔥 ,30.0,25.4,12.6,23.7,37.79,1138.0,-16.08,8,5,2001,0
2001-08-04,台北二,SE6 青蔥 粉蔥 ,40.0,32.7,12.0,30.0,26.58,1244.0,9.31,8,6,2001,0
2001-08-05,台北二,SE6 青蔥 粉蔥 ,42.7,31.9,25.9,32.8,9.33,1353.0,8.76,8,7,2001,0
2001-08-06,台北二,SE6 青蔥 粉蔥 ,,,,,,,,8,1,2001,1
2001-08-07,台北二,SE6 青蔥 粉蔥 ,52.5,40.3,32.5,41.1,25.3,1306.0,-3.47,8,2,2001,0
2001-08-08,台北二,SE6 青蔥 粉蔥 ,40.0,35.8,29.2,35.3,-14.11,1310.0,0.31,8,3,2001,0
2001-08-09,台北二,SE6 青蔥 粉蔥 ,60.0,56.1,48.5,55.4,56.94,482.0,-63.21,8,4,2001,0
2001-08-10,台北二,SE6 青蔥 粉蔥 ,50.0,45.5,33.6,44.0,-20.58,684.0,41.91,8,5,2001,0
2001-08-11,台北二,SE6 青蔥 粉蔥 ,60.6,48.3,36.1,48.3,9.77,963.0,40.79,8,6,2001,0
2001-08-12,台北二,SE6 青蔥 粉蔥 ,47.5,39.0,30.8,39.1,-19.05,1200.0,24.61,8,7,2001,0
2001-08-13,台北二,SE6 青蔥 粉蔥 ,54.3,45.8,34.9,45.3,15.86,930.0,-22.5,8,1,2001,0
2001-08-14,台北二,SE6 青蔥 粉蔥 ,,,,,,,,8,2,2001,1
2001-08-15,台北二,SE6 青蔥 粉蔥 ,52.0,45.8,39.1,45.7,0.88,960.0,3.23,8,3,2001,0
2001-08-16,台北二,SE6 青蔥 粉蔥 ,41.7,35.3,28.6,35.3,-22.76,1423.0,48.23,8,4,2001,0
2001-08-17,台北二,SE6 青蔥 粉蔥 ,50.0,40.3,31.9,40.6,15.01,1090.0,-23.4,8,5,2001,0
2001-08-18,台北二,SE6 青蔥 粉蔥 ,54.3,41.9,29.4,41.9,3.2,1220.0,11.93,8,6,2001,0
2001-08-19,台北二,SE6 青蔥 粉蔥 ,45.0,36.8,25.5,36.2,-13.6,1510.0,23.77,8,7,2001,0
2001-08-20,台北二,SE6 青蔥 粉蔥 ,45.5,39.9,35.0,40.0,10.5,1420.0,-5.96,8,1,2001,0
2001-08-21,台北二,SE6 青蔥 粉蔥 ,,,,,,,,8,2,2001,1
2001-08-22,台北二,SE6 青蔥 粉蔥 ,58.8,44.7,27.4,44.1,10.25,2000.0,40.85,8,3,2001,0
2001-08-23,台北二,SE6 青蔥 粉蔥 ,42.5,37.7,29.7,37.0,-16.1,1220.0,-39.0,8,4,2001,0
2001-08-24,台北二,SE6 青蔥 粉蔥 ,44.3,36.4,30.7,36.8,-0.54,1220.0,0.0,8,5,2001,0
2001-08-25,台北二,SE6 青蔥 粉蔥 ,40.0,35.5,27.7,34.8,-5.43,1100.0,-9.84,8,6,2001,0
2001-08-26,台北二,SE6 青蔥 粉蔥 ,48.0,35.5,26.3,36.2,4.02,1060.0,-3.64,8,7,2001,0
2001-08-27,台北二,SE6 青蔥 粉蔥 ,61.4,39.1,27.5,41.2,13.81,1226.0,15.66,8,1,2001,0
2001-08-28,台北二,SE6 青蔥 粉蔥 ,,,,,,,,8,2,2001,1
2001-08-29,台北二,SE6 青蔥 粉蔥 ,55.9,42.1,26.7,41.8,1.46,2913.0,137.6,8,3,2001,0
2001-08-30,台北二,SE6 青蔥 粉蔥 ,42.4,30.1,23.0,31.2,-25.36,2545.0,-12.63,8,4,2001,0
2001-08-31,台北二,SE6 青蔥 粉蔥 ,40.9,28.2,20.7,29.2,-6.41,2853.0,12.1,8,5,2001,0
2001-09-01,台北二,SE6 青蔥 粉蔥 ,39.2,29.3,19.7,29.4,0.68,1818.0,-36.28,9,6,2001,0
2001-09-02,台北二,SE6 青蔥 粉蔥 ,40.4,36.6,26.6,35.4,20.41,1917.0,5.45,9,7,2001,0
2001-09-03,台北二,SE6 青蔥 粉蔥 ,,,,,,,,9,1,2001,1
2001-09-04,台北二,SE6 青蔥 粉蔥 ,,,,,,,,9,2,2001,1
2001-09-05,台北二,SE6 青蔥 粉蔥 ,42.6,35.5,21.3,34.1,-3.67,1388.0,-27.6,9,3,2001,0
2001-09-06,台北二,SE6 青蔥 粉蔥 ,42.8,38.1,26.3,36.7,7.62,1412.0,1.73,9,4,2001,0
2001-09-07,台北二,SE6 青蔥 粉蔥 ,51.0,39.8,29.3,39.9,8.72,1387.0,-1.77,9,5,2001,0
2001-09-08,台北二,SE6 青蔥 粉蔥 ,54.1,37.3,25.8,38.3,-4.01,1215.0,-12.4,9,6,2001,0
2001-09-09,台北二,SE6 青蔥 粉蔥 ,45.0,37.9,25.7,36.9,-3.66,1269.0,4.44,9,7,2001,0
2001-09-10,台北二,SE6 青蔥 粉蔥 ,46.5,39.8,34.6,40.1,8.67,1261.0,-0.63,9,1,2001,0
2001-09-11,台北二,SE6 青蔥 粉蔥 ,56.3,47.0,36.9,46.9,16.96,764.0,-39.41,9,2,2001,0
2001-09-12,台北二,SE6 青蔥 粉蔥 ,,,,,,,,9,3,2001,1
2001-09-13,台北二,SE6 青蔥 粉蔥 ,59.9,48.4,39.1,48.9,4.26,771.0,0.92,9,4,2001,0
2001-09-14,台北二,SE6 青蔥 粉蔥 ,60.0,53.1,44.3,52.7,7.77,706.0,-8.43,9,5,2001,0
2001-09-15,台北二,SE6 青蔥 粉蔥 ,65.6,52.4,43.0,53.2,0.95,818.0,15.86,9,6,2001,0
2001-09-16,台北二,SE6 青蔥 粉蔥 ,70.0,62.2,48.2,60.9,14.47,1357.0,65.89,9,7,2001,0
2001-09-17,台北二,SE6 青蔥 粉蔥 ,37.3,32.1,30.9,32.9,-45.98,1105.0,-18.57,9,1,2001,0
2001-09-18,台北二,SE6 青蔥 粉蔥 ,65.0,55.4,50.0,56.2,70.82,560.0,-49.32,9,2,2001,0
2001-09-19,台北二,SE6 青蔥 粉蔥 ,,,,,,,,9,3,2001,1
2001-09-20,台北二,SE6 青蔥 粉蔥 ,65.9,55.8,48.2,56.3,0.18,340.0,-39.29,9,4,2001,0
2001-09-21,台北二,SE6 青蔥 粉蔥 ,67.4,52.7,18.7,48.8,-13.32,816.0,140.0,9,5,2001,0
2001-09-22,台北二,SE6 青蔥 粉蔥 ,63.1,20.6,4.7,25.9,-46.93,1738.0,112.99,9,6,2001,0
2001-09-23,台北二,SE6 青蔥 粉蔥 ,100.0,80.4,37.8,75.8,192.66,564.0,-67.55,9,7,2001,0
2001-09-24,台北二,SE6 青蔥 粉蔥 ,105.5,92.9,74.7,91.8,21.11,361.0,-35.99,9,1,2001,0
2001-09-25,台北二,SE6 青蔥 粉蔥 ,107.6,92.1,75.7,91.9,0.11,580.0,60.66,9,2,2001,0
2001-09-26,台北二,SE6 青蔥 粉蔥 ,,,,,,,,9,3,2001,1
2001-09-27,台北二,SE6 青蔥 粉蔥 ,111.9,95.8,93.1,98.5,7.18,760.0,31.03,9,4,2001,0
2001-09-28,台北二,SE6 青蔥 粉蔥 ,90.8,75.7,48.9,73.4,-25.48,858.0,12.89,9,5,2001,0
2001-09-29,台北二,SE6 青蔥 粉蔥 ,96.0,81.4,20.0,72.0,-1.91,800.0,-6.76,9,6,2001,0
2001-09-30,台北二,SE6 青蔥 粉蔥 ,48.4,23.7,15.7,27.1,-62.36,1170.0,46.25,9,7,2001,0
2001-10-01,台北二,SE6 青蔥 粉蔥 ,67.8,36.9,20.0,39.7,46.49,759.0,-35.13,10,1,2001,0
2001-10-02,台北二,SE6 青蔥 粉蔥 ,,,,,,,,10,2,2001,1
2001-10-03,台北二,SE6 青蔥 粉蔥 ,,,,,,,,10,3,2001,1
2001-10-04,台北二,SE6 青蔥 粉蔥 ,200.0,130.0,40.0,126.0,217.38,493.0,-35.05,10,4,2001,0
2001-10-05,台北二,SE6 青蔥 粉蔥 ,160.0,151.2,150.0,152.7,21.19,441.0,-10.55,10,5,2001,0
2001-10-06,台北二,SE6 青蔥 粉蔥 ,220.2,206.0,195.0,206.6,35.3,425.0,-3.63,10,6,2001,0
2001-10-07,台北二,SE6 青蔥 粉蔥 ,180.0,169.7,149.3,167.7,-18.83,667.0,56.94,10,7,2001,0
2001-10-08,台北二,SE6 青蔥 粉蔥 ,167.8,158.2,145.0,157.5,-6.08,318.0,-52.32,10,1,2001,0
2001-10-09,台北二,SE6 青蔥 粉蔥 ,162.1,145.3,129.7,145.5,-7.62,561.0,76.42,10,2,2001,0
2001-10-10,台北二,SE6 青蔥 粉蔥 ,150.0,131.9,90.9,127.3,-12.51,607.0,8.2,10,3,2001,0
2001-10-11,台北二,SE6 青蔥 粉蔥 ,,,,,,,,10,4,2001,1
2001-10-12,台北二,SE6 青蔥 粉蔥 ,165.0,151.8,130.0,150.1,17.91,833.0,37.23,10,5,2001,0
2001-10-13,台北二,SE6 青蔥 粉蔥 ,140.0,133.0,113.6,130.5,-13.06,941.0,12.97,10,6,2001,0
2001-10-14,台北二,SE6 青蔥 粉蔥 ,128.3,114.7,108.4,116.2,-10.96,1200.0,27.52,10,7,2001,0
2001-10-15,台北二,SE6 青蔥 粉蔥 ,128.3,118.5,94.1,115.6,-0.52,1367.0,13.92,10,1,2001,0
2001-10-16,台北二,SE6 青蔥 粉蔥 ,113.9,99.9,92.4,101.2,-12.46,1521.0,11.27,10,2,2001,0
2001-10-17,台北二,SE6 青蔥 粉蔥 ,125.0,97.0,80.0,99.2,-1.98,997.0,-34.45,10,3,2001,0
2001-10-18,台北二,SE6 青蔥 粉蔥 ,127.6,98.8,71.3,99.1,-0.1,2573.0,158.07,10,4,2001,0
2001-10-19,台北二,SE6 青蔥 粉蔥 ,,,,,,,,10,5,2001,1
2001-10-20,台北二,SE6 青蔥 粉蔥 ,102.1,74.9,54.5,76.3,-23.01,2172.0,-15.58,10,6,2001,0
2001-10-21,台北二,SE6 青蔥 粉蔥 ,113.9,79.7,53.5,81.3,6.55,1612.0,-25.78,10,7,2001,0
2001-10-22,台北二,SE6 青蔥 粉蔥 ,108.7,79.5,62.2,81.9,0.74,2181.0,35.3,10,1,2001,0
2001-10-23,台北二,SE6 青蔥 粉蔥 ,101.5,69.4,53.1,72.6,-11.36,2647.0,21.37,10,2,2001,0
2001-10-24,台北二,SE6 青蔥 粉蔥 ,110.0,66.6,40.0,70.0,-3.58,660.0,-75.07,10,3,2001,0
2001-10-25,台北二,SE6 青蔥 粉蔥 ,71.7,57.5,45.5,57.9,-17.29,5597.0,748.03,10,4,2001,0
2001-10-26,台北二,SE6 青蔥 粉蔥 ,,,,,,,,10,5,2001,1
2001-10-27,台北二,SE6 青蔥 粉蔥 ,106.5,74.5,55.2,77.0,32.99,2057.0,-63.25,10,6,2001,0
2001-10-28,台北二,SE6 青蔥 粉蔥 ,108.0,52.6,38.8,60.9,-20.91,2450.0,19.11,10,7,2001,0
2001-10-29,台北二,SE6 青蔥 粉蔥 ,99.2,48.5,31.1,55.2,-9.36,2738.0,11.76,10,1,2001,0
2001-10-30,台北二,SE6 青蔥 粉蔥 ,98.5,50.3,30.6,56.0,1.45,2509.0,-8.36,10,2,2001,0
2001-10-31,台北二,SE6 青蔥 粉蔥 ,75.1,42.7,31.2,46.8,-16.43,2426.0,-3.31,10,3,2001,0
2001-11-01,台北二,SE6 青蔥 粉蔥 ,85.7,42.6,28.1,48.3,3.21,2450.0,0.99,11,4,2001,0
2001-11-02,台北二,SE6 青蔥 粉蔥 ,,,,,,,,11,5,2001,1
2001-11-03,台北二,SE6 青蔥 粉蔥 ,83.3,45.9,35.4,51.3,6.21,2453.0,0.12,11,6,2001,0
2001-11-04,台北二,SE6 青蔥 粉蔥 ,87.1,38.9,29.5,46.7,-8.97,2327.0,-5.14,11,7,2001,0
2001-11-05,台北二,SE6 青蔥 粉蔥 ,83.1,40.3,28.7,46.5,-0.43,2416.0,3.82,11,1,2001,0
2001-11-06,台北二,SE6 青蔥 粉蔥 ,72.4,34.8,25.0,40.4,-13.12,1780.0,-26.32,11,2,2001,0
2001-11-07,台北二,SE6 青蔥 粉蔥 ,57.4,29.4,22.4,33.6,-16.83,2300.0,29.21,11,3,2001,0
2001-11-08,台北二,SE6 青蔥 粉蔥 ,58.8,28.3,20.7,32.9,-2.08,2625.0,14.13,11,4,2001,0
2001-11-09,台北二,SE6 青蔥 粉蔥 ,48.9,27.5,19.6,30.2,-8.21,2772.0,5.6,11,5,2001,0
2001-11-10,台北二,SE6 青蔥 粉蔥 ,,,,,,,,11,6,2001,1
2001-11-11,台北二,SE6 青蔥 粉蔥 ,67.4,34.1,28.6,39.7,31.46,2695.0,-2.78,11,7,2001,0
2001-11-12,台北二,SE6 青蔥 粉蔥 ,48.2,31.7,22.6,33.2,-16.37,2569.0,-4.68,11,1,2001,0
2001-11-13,台北二,SE6 青蔥 粉蔥 ,85.0,78.9,70.0,78.3,135.84,180.0,-92.99,11,2,2001,0
2001-11-14,台北二,SE6 青蔥 粉蔥 ,36.5,22.4,13.8,23.5,-69.99,8001.0,4345.0,11,3,2001,0
2001-11-15,台北二,SE6 青蔥 粉蔥 ,41.0,18.4,11.2,21.5,-8.51,2336.0,-70.8,11,4,2001,0
2001-11-16,台北二,SE6 青蔥 粉蔥 ,51.0,23.1,16.6,27.3,26.98,2089.0,-10.57,11,5,2001,0
2001-11-17,台北二,SE6 青蔥 粉蔥 ,,,,,,,,11,6,2001,1
2001-11-18,台北二,SE6 青蔥 粉蔥 ,65.8,25.3,18.8,32.1,17.58,1959.0,-6.22,11,7,2001,0
2001-11-19,台北二,SE6 青蔥 粉蔥 ,61.9,32.0,23.7,36.3,13.08,2666.0,36.09,11,1,2001,0
2001-11-20,台北二,SE6 青蔥 粉蔥 ,78.8,36.4,25.0,42.6,17.36,1115.0,-58.18,11,2,2001,0
2001-11-21,台北二,SE6 青蔥 粉蔥 ,48.6,21.1,15.2,25.4,-40.38,3304.0,196.32,11,3,2001,0
2001-11-22,台北二,SE6 青蔥 粉蔥 ,39.5,20.2,14.2,22.9,-9.84,2870.0,-13.14,11,4,2001,0
2001-11-23,台北二,SE6 青蔥 粉蔥 ,44.3,29.7,16.6,30.0,31.0,2546.0,-11.29,11,5,2001,0
2001-11-24,台北二,SE6 青蔥 粉蔥 ,,,,,,,,11,6,2001,1
2001-11-25,台北二,SE6 青蔥 粉蔥 ,47.4,43.5,24.9,40.5,35.0,1000.0,-60.72,11,7,2001,0
2001-11-26,台北二,SE6 青蔥 粉蔥 ,42.4,36.8,30.5,36.7,-9.38,820.0,-18.0,11,1,2001,0
2001-11-27,台北二,SE6 青蔥 粉蔥 ,41.4,19.6,13.4,22.7,-38.15,2591.0,215.98,11,2,2001,0
2001-11-28,台北二,SE6 青蔥 粉蔥 ,48.0,35.8,22.9,35.7,57.27,700.0,-72.98,11,3,2001,0
2001-11-29,台北二,SE6 青蔥 粉蔥 ,39.8,28.3,17.5,28.4,-20.45,1158.0,65.43,11,4,2001,0
2001-11-30,台北二,SE6 青蔥 粉蔥 ,40.0,35.6,27.1,34.8,22.54,960.0,-17.1,11,5,2001,0
2001-12-01,台北二,SE6 青蔥 粉蔥 ,,,,,,,,12,6,2001,1
2001-12-02,台北二,SE6 青蔥 粉蔥 ,42.0,30.4,27.2,32.1,-7.76,1101.0,14.69,12,7,2001,0
2001-12-03,台北二,SE6 青蔥 粉蔥 ,48.9,44.8,40.9,44.9,39.88,540.0,-50.95,12,1,2001,0
2001-12-04,台北二,SE6 青蔥 粉蔥 ,45.0,28.4,10.6,28.2,-37.19,1568.0,190.37,12,2,2001,0
2001-12-05,台北二,SE6 青蔥 粉蔥 ,37.2,23.2,8.2,23.0,-18.44,1366.0,-12.88,12,3,2001,0
2001-12-06,台北二,SE6 青蔥 粉蔥 ,40.0,34.9,26.0,34.2,48.7,600.0,-56.08,12,4,2001,0
2001-12-07,台北二,SE6 青蔥 粉蔥 ,40.0,35.1,25.7,34.2,0.0,650.0,8.33,12,5,2001,0
2001-12-08,台北二,SE6 青蔥 粉蔥 ,60.0,55.4,47.0,54.6,59.65,620.0,-4.62,12,6,2001,0
2001-12-09,台北二,SE6 青蔥 粉蔥 ,,,,,,,,12,7,2001,1
2001-12-10,台北二,SE6 青蔥 粉蔥 ,43.8,41.3,40.0,41.6,-23.81,860.0,38.71,12,1,2001,0
2001-12-11,台北二,SE6 青蔥 粉蔥 ,35.7,31.2,26.2,31.1,-25.24,1180.0,37.21,12,2,2001,0
2001-12-12,台北二,SE6 青蔥 粉蔥 ,28.9,22.5,16.5,22.6,-27.33,1440.0,22.03,12,3,2001,0
2001-12-13,台北二,SE6 青蔥 粉蔥 ,25.0,18.7,10.0,18.2,-19.47,1880.0,30.56,12,4,2001,0
2001-12-14,台北二,SE6 青蔥 粉蔥 ,25.2,19.2,8.5,18.3,0.55,1761.0,-6.33,12,5,2001,0
2001-12-15,台北二,SE6 青蔥 粉蔥 ,29.9,25.4,19.8,25.2,37.7,1560.0,-11.41,12,6,2001,0
2001-12-16,台北二,SE6 青蔥 粉蔥 ,42.8,25.7,14.9,27.0,7.14,4450.0,185.26,12,7,2001,0
2001-12-17,台北二,SE6 青蔥 粉蔥 ,,,,,,,,12,1,2001,1
2001-12-18,台北二,SE6 青蔥 粉蔥 ,41.1,27.1,16.0,27.7,2.59,2481.0,-44.25,12,2,2001,0
2001-12-19,台北二,SE6 青蔥 粉蔥 ,35.0,29.5,20.0,28.7,3.61,1020.0,-58.89,12,3,2001,0
2001-12-20,台北二,SE6 青蔥 粉蔥 ,34.9,28.4,25.0,29.0,1.05,820.0,-19.61,12,4,2001,0
2001-12-21,台北二,SE6 青蔥 粉蔥 ,32.5,28.5,21.5,27.9,-3.79,800.0,-2.44,12,5,2001,0
2001-12-22,台北二,SE6 青蔥 粉蔥 ,29.0,24.4,12.5,22.9,-17.92,1040.0,30.0,12,6,2001,0
2001-12-23,台北二,SE6 青蔥 粉蔥 ,40.4,36.1,16.1,33.0,44.1,920.0,-11.54,12,7,2001,0
2001-12-24,台北二,SE6 青蔥 粉蔥 ,,,,,,,,12,1,2001,1
2001-12-25,台北二,SE6 青蔥 粉蔥 ,41.0,28.8,9.5,27.4,-16.97,1240.0,34.78,12,2,2001,0
2001-12-26,台北二,SE6 青蔥 粉蔥 ,35.0,30.2,23.0,29.7,8.39,760.0,-38.71,12,3,2001,0
2001-12-27,台北二,SE6 青蔥 粉蔥 ,29.5,17.3,8.0,17.9,-39.73,1105.0,45.39,12,4,2001,0
2001-12-28,台北二,SE6 青蔥 粉蔥 ,28.0,25.2,19.6,24.6,37.43,820.0,-25.79,12,5,2001,0
2001-12-29,台北二,SE6 青蔥 粉蔥 ,25.0,21.7,20.0,22.0,-10.57,300.0,-63.41,12,6,2001,0
2001-12-30,台北二,SE6 青蔥 粉蔥 ,22.5,19.2,15.0,19.0,-13.64,1300.0,333.33,12,7,2001,0
2001-12-31,台北二,SE6 青蔥 粉蔥 ,,,,,,,,12,1,2001,1
2002-01-01,台北二,SE6 青蔥 粉蔥 ,23.7,19.4,13.0,19.0,0.0,1520.0,16.92,1,2,2002,0
2002-01-02,台北二,SE6 青蔥 粉蔥 ,18.0,13.5,10.0,13.7,-27.89,1740.0,14.47,1,3,2002,0
2002-01-03,台北二,SE6 青蔥 粉蔥 ,18.9,14.4,8.4,14.1,2.92,2342.0,34.6,1,4,2002,0
2002-01-04,台北二,SE6 青蔥 粉蔥 ,18.1,14.4,8.0,13.9,-1.42,1885.0,-19.51,1,5,2002,0
2002-01-05,台北二,SE6 青蔥 粉蔥 ,20.4,18.5,13.4,17.9,28.78,1380.0,-26.79,1,6,2002,0
2002-01-06,台北二,SE6 青蔥 粉蔥 ,20.6,16.8,13.2,16.8,-6.15,1440.0,4.35,1,7,2002,0
2002-01-07,台北二,SE6 青蔥 粉蔥 ,,,,,,,,1,1,2002,1
2002-01-08,台北二,SE6 青蔥 粉蔥 ,17.0,11.0,7.6,11.5,-31.55,3308.0,129.72,1,2,2002,0
2002-01-09,台北二,SE6 青蔥 粉蔥 ,15.0,10.1,6.6,10.4,-9.57,4523.0,36.73,1,3,2002,0
2002-01-10,台北二,SE6 青蔥 粉蔥 ,16.0,14.0,10.9,13.8,32.69,2108.0,-53.39,1,4,2002,0
2002-01-11,台北二,SE6 青蔥 粉蔥 ,16.2,12.8,8.5,12.6,-8.7,2488.0,18.03,1,5,2002,0
2002-01-12,台北二,SE6 青蔥 粉蔥 ,14.1,10.7,5.6,10.3,-18.25,2288.0,-8.04,1,6,2002,0
2002-01-13,台北二,SE6 青蔥 粉蔥 ,15.0,11.8,9.5,12.0,16.5,1943.0,-15.08,1,7,2002,0
2002-01-14,台北二,SE6 青蔥 粉蔥 ,14.6,9.4,7.8,10.1,-15.83,2440.0,25.58,1,1,2002,0
2002-01-15,台北二,SE6 青蔥 粉蔥 ,,,,,,,,1,2,2002,1
2002-01-16,台北二,SE6 青蔥 粉蔥 ,18.6,12.0,7.2,12.3,21.78,2912.0,19.34,1,3,2002,0
2002-01-17,台北二,SE6 青蔥 粉蔥 ,17.3,8.7,4.2,9.5,-22.76,4830.0,65.87,1,4,2002,0
2002-01-18,台北二,SE6 青蔥 粉蔥 ,28.3,15.7,11.5,17.4,83.16,1970.0,-59.21,1,5,2002,0
2002-01-19,台北二,SE6 青蔥 粉蔥 ,21.0,16.8,12.9,16.9,-2.87,1900.0,-3.55,1,6,2002,0
2002-01-20,台北二,SE6 青蔥 粉蔥 ,20.1,16.9,14.4,17.0,0.59,2180.0,14.74,1,7,2002,0
2002-01-21,台北二,SE6 青蔥 粉蔥 ,,,,,,,,1,1,2002,1
2002-01-22,台北二,SE6 青蔥 粉蔥 ,21.6,16.4,13.0,16.8,-1.18,2332.0,6.97,1,2,2002,0
2002-01-23,台北二,SE6 青蔥 粉蔥 ,17.7,12.1,7.9,12.4,-26.19,2636.0,13.04,1,3,2002,0
2002-01-24,台北二,SE6 青蔥 粉蔥 ,20.0,14.5,9.7,14.6,17.74,2884.0,9.41,1,4,2002,0
2002-01-25,台北二,SE6 青蔥 粉蔥 ,14.8,11.7,8.5,11.7,-19.86,3076.0,6.66,1,5,2002,0
2002-01-26,台北二,SE6 青蔥 粉蔥 ,13.9,10.7,6.1,10.4,-11.11,2740.0,-10.92,1,6,2002,0
2002-01-27,台北二,SE6 青蔥 粉蔥 ,16.0,12.0,7.4,11.8,13.46,2300.0,-16.06,1,7,2002,0
2002-01-28,台北二,SE6 青蔥 粉蔥 ,14.2,10.4,6.5,10.4,-11.86,2570.0,11.74,1,1,2002,0
2002-01-29,台北二,SE6 青蔥 粉蔥 ,,,,,,,,1,2,2002,1
2002-01-30,台北二,SE6 青蔥 粉蔥 ,17.5,11.6,7.7,12.0,15.38,3500.0,36.19,1,3,2002,0
2002-01-31,台北二,SE6 青蔥 粉蔥 ,17.0,15.2,11.3,14.8,23.33,1812.0,-48.23,1,4,2002,0
2002-02-01,台北二,SE6 青蔥 粉蔥 ,16.4,13.4,11.2,13.6,-8.11,2028.0,11.92,2,5,2002,0
2002-02-02,台北二,SE6 青蔥 粉蔥 ,16.0,13.1,9.3,12.9,-5.15,1596.0,-21.3,2,6,2002,0
2002-02-03,台北二,SE6 青蔥 粉蔥 ,18.4,9.2,4.8,10.2,-20.93,4089.0,156.2,2,7,2002,0
2002-02-04,台北二,SE6 青蔥 粉蔥 ,,,,,,,,2,1,2002,1
2002-02-05,台北二,SE6 青蔥 粉蔥 ,16.2,9.6,4.0,9.8,-3.92,4016.0,-1.79,2,2,2002,0
2002-02-06,台北二,SE6 青蔥 粉蔥 ,25.8,16.2,11.5,17.2,75.51,2020.0,-49.7,2,3,2002,0
2002-02-07,台北二,SE6 青蔥 粉蔥 ,17.0,14.5,11.2,14.3,-16.86,2820.0,39.6,2,4,2002,0
2002-02-08,台北二,SE6 青蔥 粉蔥 ,23.7,18.6,15.0,18.9,32.17,3420.0,21.28,2,5,2002,0
2002-02-09,台北二,SE6 青蔥 粉蔥 ,22.1,12.9,4.8,13.1,-30.69,8089.0,136.52,2,6,2002,0
2002-02-10,台北二,SE6 青蔥 粉蔥 ,27.6,14.3,6.1,15.3,16.79,8905.0,10.09,2,7,2002,0
2002-02-11,台北二,SE6 青蔥 粉蔥 ,21.0,15.1,10.6,15.4,0.65,1660.0,-81.36,2,1,2002,0
2002-02-12,台北二,SE6 青蔥 粉蔥 ,,,,,,,,2,2,2002,1
2002-02-13,台北二,SE6 青蔥 粉蔥 ,,,,,,,,2,3,2002,1
2002-02-14,台北二,SE6 青蔥 粉蔥 ,,,,,,,,2,4,2002,1
2002-02-15,台北二,SE6 青蔥 粉蔥 ,,,,,,,,2,5,2002,1
2002-02-16,台北二,SE6 青蔥 粉蔥 ,,,,,,,,2,6,2002,1
2002-02-17,台北二,SE6 青蔥 粉蔥 ,23.4,15.4,7.0,15.3,-0.65,1800.0,8.43,2,7,2002,0
2002-02-18,台北二,SE6 青蔥 粉蔥 ,16.1,10.7,4.9,10.6,-30.72,2510.0,39.44,2,1,2002,0
2002-02-19,台北二,SE6 青蔥 粉蔥 ,13.4,10.6,4.0,9.8,-7.55,2080.0,-17.13,2,2,2002,0
2002-02-20,台北二,SE6 青蔥 粉蔥 ,12.6,8.2,3.0,8.0,-18.37,2485.0,19.47,2,3,2002,0
2002-02-21,台北二,SE6 青蔥 粉蔥 ,14.8,7.1,2.7,7.7,-3.75,3100.0,24.75,2,4,2002,0
2002-02-22,台北二,SE6 青蔥 粉蔥 ,20.3,13.9,4.0,13.2,71.43,1820.0,-41.29,2,5,2002,0
2002-02-23,台北二,SE6 青蔥 粉蔥 ,24.7,18.7,6.1,17.4,31.82,2040.0,12.09,2,6,2002,0
2002-02-24,台北二,SE6 青蔥 粉蔥 ,19.6,16.8,9.9,16.0,-8.05,2580.0,26.47,2,7,2002,0
2002-02-25,台北二,SE6 青蔥 粉蔥 ,14.3,11.6,6.3,11.1,-30.63,4027.0,56.09,2,1,2002,0
2002-02-26,台北二,SE6 青蔥 粉蔥 ,17.7,11.6,5.7,11.6,4.5,6895.0,71.22,2,2,2002,0
2002-02-27,台北二,SE6 青蔥 粉蔥 ,,,,,,,,2,3,2002,1
2002-02-28,台北二,SE6 青蔥 粉蔥 ,,,,,,,,2,4,2002,1
2002-03-01,台北二,SE6 青蔥 粉蔥 ,18.5,14.3,6.4,13.6,17.24,4340.0,-37.06,3,5,2002,0
2002-03-02,台北二,SE6 青蔥 粉蔥 ,15.5,9.7,4.0,9.7,-28.68,6740.0,55.3,3,6,2002,0
2002-03-03,台北二,SE6 青蔥 粉蔥 ,12.7,8.9,5.1,8.9,-8.25,3760.0,-44.21,3,7,2002,0
2002-03-04,台北二,SE6 青蔥 粉蔥 ,,,,,,,,3,1,2002,1
2002-03-05,台北二,SE6 青蔥 粉蔥 ,21.0,16.3,8.6,15.7,76.4,2860.0,-23.94,3,2,2002,0
2002-03-06,台北二,SE6 青蔥 粉蔥 ,16.0,10.7,5.2,10.7,-31.85,3280.0,14.69,3,3,2002,0
2002-03-07,台北二,SE6 青蔥 粉蔥 ,14.6,11.3,6.3,11.0,2.8,3180.0,-3.05,3,4,2002,0
2002-03-08,台北二,SE6 青蔥 粉蔥 ,12.3,7.5,4.1,7.8,-29.09,5537.0,74.12,3,5,2002,0
2002-03-09,台北二,SE6 青蔥 粉蔥 ,12.3,9.9,5.2,9.4,20.51,3260.0,-41.12,3,6,2002,0
2002-03-10,台北二,SE6 青蔥 粉蔥 ,19.9,14.6,7.8,14.3,52.13,2741.0,-15.92,3,7,2002,0
2002-03-11,台北二,SE6 青蔥 粉蔥 ,,,,,,,,3,1,2002,1
2002-03-12,台北二,SE6 青蔥 粉蔥 ,22.2,18.8,11.1,18.0,25.87,3116.0,13.68,3,2,2002,0
2002-03-13,台北二,SE6 青蔥 粉蔥 ,19.4,16.2,11.7,15.9,-11.67,2780.0,-10.78,3,3,2002,0
2002-03-14,台北二,SE6 青蔥 粉蔥 ,17.5,13.1,4.9,12.3,-22.64,3445.0,23.92,3,4,2002,0
2002-03-15,台北二,SE6 青蔥 粉蔥 ,14.5,12.4,7.6,11.8,-4.07,2940.0,-14.66,3,5,2002,0
2002-03-16,台北二,SE6 青蔥 粉蔥 ,15.0,12.8,8.8,12.4,5.08,2663.0,-9.42,3,6,2002,0
2002-03-17,台北二,SE6 青蔥 粉蔥 ,15.1,12.0,7.7,11.8,-4.84,3306.0,24.15,3,7,2002,0
2002-03-18,台北二,SE6 青蔥 粉蔥 ,,,,,,,,3,1,2002,1
2002-03-19,台北二,SE6 青蔥 粉蔥 ,15.1,13.0,10.1,12.8,8.47,3680.0,11.31,3,2,2002,0
2002-03-20,台北二,SE6 青蔥 粉蔥 ,16.1,14.2,10.0,13.7,7.03,3024.0,-17.83,3,3,2002,0
2002-03-21,台北二,SE6 青蔥 粉蔥 ,18.3,15.4,9.2,14.8,8.03,3220.0,6.48,3,4,2002,0
2002-03-22,台北二,SE6 青蔥 粉蔥 ,17.8,14.7,9.7,14.3,-3.38,3240.0,0.62,3,5,2002,0
2002-03-23,台北二,SE6 青蔥 粉蔥 ,16.2,13.9,6.8,12.9,-9.79,3580.0,10.49,3,6,2002,0
2002-03-24,台北二,SE6 青蔥 粉蔥 ,17.6,14.7,9.7,14.3,10.85,3484.0,-2.68,3,7,2002,0
2002-03-25,台北二,SE6 青蔥 粉蔥 ,,,,,,,,3,1,2002,1
2002-03-26,台北二,SE6 青蔥 粉蔥 ,17.8,15.1,8.0,14.2,-0.7,3670.0,5.34,3,2,2002,0
2002-03-27,台北二,SE6 青蔥 粉蔥 ,17.6,14.0,8.2,13.6,-4.23,3634.0,-0.98,3,3,2002,0
2002-03-28,台北二,SE6 青蔥 粉蔥 ,15.6,10.8,6.5,10.9,-19.85,3317.0,-8.72,3,4,2002,0
2002-03-29,台北二,SE6 青蔥 粉蔥 ,13.5,9.9,6.3,9.9,-9.17,4040.0,21.8,3,5,2002,0
2002-03-30,台北二,SE6 青蔥 粉蔥 ,9.0,6.1,3.0,6.1,-38.38,3696.0,-8.51,3,6,2002,0
2002-03-31,台北二,SE6 青蔥 粉蔥 ,12.8,8.7,5.2,8.8,44.26,3307.0,-10.52,3,7,2002,0
2002-04-01,台北二,SE6 青蔥 粉蔥 ,18.9,13.4,8.7,13.6,54.55,2320.0,-29.85,4,1,2002,0
2002-04-02,台北二,SE6 青蔥 粉蔥 ,16.7,14.0,8.5,13.5,-0.74,3060.0,31.9,4,2,2002,0
2002-04-03,台北二,SE6 青蔥 粉蔥 ,16.7,12.5,5.8,12.0,-11.11,4624.0,51.11,4,3,2002,0
2002-04-04,台北二,SE6 青蔥 粉蔥 ,21.3,15.0,6.7,14.6,21.67,6449.0,39.47,4,4,2002,0
2002-04-05,台北二,SE6 青蔥 粉蔥 ,,,,,,,,4,5,2002,1
2002-04-06,台北二,SE6 青蔥 粉蔥 ,,,,,,,,4,6,2002,1
2002-04-07,台北二,SE6 青蔥 粉蔥 ,19.9,15.0,13.2,15.6,6.85,5300.0,-17.82,4,7,2002,0
2002-04-08,台北二,SE6 青蔥 粉蔥 ,19.5,15.1,11.5,15.3,-1.92,6370.0,20.19,4,1,2002,0
2002-04-09,台北二,SE6 青蔥 粉蔥 ,16.9,11.1,5.7,11.2,-26.8,6412.0,0.66,4,2,2002,0
2002-04-10,台北二,SE6 青蔥 粉蔥 ,16.1,9.4,4.5,9.7,-13.39,5329.0,-16.89,4,3,2002,0
2002-04-11,台北二,SE6 青蔥 粉蔥 ,13.0,8.6,5.3,8.8,-9.28,3824.0,-28.24,4,4,2002,0
2002-04-12,台北二,SE6 青蔥 粉蔥 ,10.6,8.0,5.7,8.0,-9.09,3420.0,-10.56,4,5,2002,0
2002-04-13,台北二,SE6 青蔥 粉蔥 ,12.3,9.2,5.9,9.2,15.0,4433.0,29.62,4,6,2002,0
2002-04-14,台北二,SE6 青蔥 粉蔥 ,20.6,17.2,12.0,16.9,83.7,3640.0,-17.89,4,7,2002,0
2002-04-15,台北二,SE6 青蔥 粉蔥 ,,,,,,,,4,1,2002,1
2002-04-16,台北二,SE6 青蔥 粉蔥 ,23.9,17.9,9.9,17.5,3.55,4017.0,10.36,4,2,2002,0
2002-04-17,台北二,SE6 青蔥 粉蔥 ,18.9,13.3,6.0,13.0,-25.71,3580.0,-10.88,4,3,2002,0
2002-04-18,台北二,SE6 青蔥 粉蔥 ,16.3,13.9,7.2,13.0,0.0,2720.0,-24.02,4,4,2002,0
2002-04-19,台北二,SE6 青蔥 粉蔥 ,11.8,9.8,6.8,9.6,-26.15,2889.0,6.21,4,5,2002,0
2002-04-20,台北二,SE6 青蔥 粉蔥 ,17.8,15.9,13.0,15.7,63.54,2280.0,-21.08,4,6,2002,0
2002-04-21,台北二,SE6 青蔥 粉蔥 ,18.0,12.7,7.2,12.7,-19.11,5563.0,143.99,4,7,2002,0
2002-04-22,台北二,SE6 青蔥 粉蔥 ,,,,,,,,4,1,2002,1
2002-04-23,台北二,SE6 青蔥 粉蔥 ,17.7,15.1,10.9,14.8,16.54,2600.0,-53.26,4,2,2002,0
2002-04-24,台北二,SE6 青蔥 粉蔥 ,21.7,17.2,9.9,16.6,12.16,2100.0,-19.23,4,3,2002,0
2002-04-25,台北二,SE6 青蔥 粉蔥 ,21.1,13.7,4.5,13.3,-19.88,3529.0,68.05,4,4,2002,0
2002-04-26,台北二,SE6 青蔥 粉蔥 ,17.2,15.1,11.1,14.7,10.53,2660.0,-24.62,4,5,2002,0
2002-04-27,台北二,SE6 青蔥 粉蔥 ,19.7,16.9,12.7,16.6,12.93,2878.0,8.2,4,6,2002,0
2002-04-28,台北二,SE6 青蔥 粉蔥 ,22.6,19.4,12.9,18.7,12.65,3320.0,15.36,4,7,2002,0
2002-04-29,台北二,SE6 青蔥 粉蔥 ,,,,,,,,4,1,2002,1
2002-04-30,台北二,SE6 青蔥 粉蔥 ,21.0,18.2,12.0,17.5,-6.42,3451.0,3.95,4,2,2002,0
2002-05-01,台北二,SE6 青蔥 粉蔥 ,18.9,15.7,11.0,15.4,-12.0,3752.0,8.72,5,3,2002,0
2002-05-02,台北二,SE6 青蔥 粉蔥 ,22.6,14.4,10.3,15.2,-1.3,3520.0,-6.18,5,4,2002,0
2002-05-03,台北二,SE6 青蔥 粉蔥 ,17.5,13.6,10.3,13.7,-9.87,3616.0,2.73,5,5,2002,0
2002-05-04,台北二,SE6 青蔥 粉蔥 ,17.0,13.9,9.8,13.7,0.0,3500.0,-3.21,5,6,2002,0
2002-05-05,台北二,SE6 青蔥 粉蔥 ,17.2,14.9,11.5,14.7,7.3,3004.0,-14.17,5,7,2002,0
2002-05-06,台北二,SE6 青蔥 粉蔥 ,,,,,,,,5,1,2002,1
2002-05-07,台北二,SE6 青蔥 粉蔥 ,21.8,16.6,10.4,16.4,11.56,2894.0,-3.66,5,2,2002,0
2002-05-08,台北二,SE6 青蔥 粉蔥 ,21.6,18.5,13.5,18.1,10.37,2440.0,-15.69,5,3,2002,0
2002-05-09,台北二,SE6 青蔥 粉蔥 ,25.1,20.0,12.5,19.5,7.73,2280.0,-6.56,5,4,2002,0
2002-05-10,台北二,SE6 青蔥 粉蔥 ,29.0,26.5,17.5,25.2,29.23,2140.0,-6.14,5,5,2002,0
2002-05-11,台北二,SE6 青蔥 粉蔥 ,27.8,24.8,20.2,24.5,-2.78,2200.0,2.8,5,6,2002,0
2002-05-12,台北二,SE6 青蔥 粉蔥 ,35.5,30.7,25.0,30.5,24.49,1940.0,-11.82,5,7,2002,0
2002-05-13,台北二,SE6 青蔥 粉蔥 ,,,,,,,,5,1,2002,1
2002-05-14,台北二,SE6 青蔥 粉蔥 ,31.1,26.2,16.2,25.1,-17.7,2960.0,52.58,5,2,2002,0
2002-05-15,台北二,SE6 青蔥 粉蔥 ,20.0,17.6,14.7,17.5,-30.28,2280.0,-22.97,5,3,2002,0
2002-05-16,台北二,SE6 青蔥 粉蔥 ,18.5,15.2,11.9,15.2,-13.14,1880.0,-17.54,5,4,2002,0
2002-05-17,台北二,SE6 青蔥 粉蔥 ,18.5,15.5,12.4,15.5,1.97,1880.0,0.0,5,5,2002,0
2002-05-18,台北二,SE6 青蔥 粉蔥 ,25.8,17.9,14.4,18.7,20.65,1600.0,-14.89,5,6,2002,0
2002-05-19,台北二,SE6 青蔥 粉蔥 ,29.2,23.7,14.6,23.0,22.99,2720.0,70.0,5,7,2002,0
2002-05-20,台北二,SE6 青蔥 粉蔥 ,,,,,,,,5,1,2002,1
2002-05-21,台北二,SE6 青蔥 粉蔥 ,27.7,21.7,15.6,21.7,-5.65,1680.0,-38.24,5,2,2002,0
2002-05-22,台北二,SE6 青蔥 粉蔥 ,26.7,21.3,13.7,20.9,-3.69,1800.0,7.14,5,3,2002,0
2002-05-23,台北二,SE6 青蔥 粉蔥 ,26.2,19.4,15.4,19.9,-4.78,1260.0,-30.0,5,4,2002,0
2002-05-24,台北二,SE6 青蔥 粉蔥 ,26.4,21.0,15.2,20.9,5.03,1080.0,-14.29,5,5,2002,0
2002-05-25,台北二,SE6 青蔥 粉蔥 ,30.4,26.9,18.8,26.0,24.4,1100.0,1.85,5,6,2002,0
2002-05-26,台北二,SE6 青蔥 粉蔥 ,32.5,29.5,26.5,29.5,13.46,1080.0,-1.82,5,7,2002,0
2002-05-27,台北二,SE6 青蔥 粉蔥 ,,,,,,,,5,1,2002,1
2002-05-28,台北二,SE6 青蔥 粉蔥 ,26.2,18.6,13.4,19.1,-35.25,5520.0,411.11,5,2,2002,0
2002-05-29,台北二,SE6 青蔥 粉蔥 ,21.3,16.2,10.9,16.2,-15.18,3540.0,-35.87,5,3,2002,0
2002-05-30,台北二,SE6 青蔥 粉蔥 ,24.0,16.7,12.7,17.4,7.41,2780.0,-21.47,5,4,2002,0
2002-05-31,台北二,SE6 青蔥 粉蔥 ,28.9,25.1,19.1,24.7,41.95,1606.0,-42.23,5,5,2002,0
2002-06-01,台北二,SE6 青蔥 粉蔥 ,29.1,25.5,22.0,25.5,3.24,2220.0,38.23,6,6,2002,0
2002-06-02,台北二,SE6 青蔥 粉蔥 ,29.8,24.3,18.4,24.2,-5.1,3440.0,54.95,6,7,2002,0
2002-06-03,台北二,SE6 青蔥 粉蔥 ,,,,,,,,6,1,2002,1
2002-06-04,台北二,SE6 青蔥 粉蔥 ,33.8,27.2,20.2,27.1,11.98,2480.0,-27.91,6,2,2002,0
2002-06-05,台北二,SE6 青蔥 粉蔥 ,23.3,17.0,8.4,16.6,-38.75,5228.0,110.81,6,3,2002,0
2002-06-06,台北二,SE6 青蔥 粉蔥 ,25.0,23.8,18.8,23.1,39.16,340.0,-93.5,6,4,2002,0
2002-06-07,台北二,SE6 青蔥 粉蔥 ,22.2,14.5,10.6,15.3,-33.77,2120.0,523.53,6,5,2002,0
2002-06-08,台北二,SE6 青蔥 粉蔥 ,25.1,19.0,12.8,19.0,24.18,1420.0,-33.02,6,6,2002,0
2002-06-09,台北二,SE6 青蔥 粉蔥 ,22.8,17.8,14.0,18.0,-5.26,2140.0,50.7,6,7,2002,0
2002-06-10,台北二,SE6 青蔥 粉蔥 ,,,,,,,,6,1,2002,1
2002-06-11,台北二,SE6 青蔥 粉蔥 ,23.1,20.0,15.0,19.6,8.89,1680.0,-21.5,6,2,2002,0
2002-06-12,台北二,SE6 青蔥 粉蔥 ,20.9,15.5,10.5,15.6,-20.41,2324.0,38.33,6,3,2002,0
2002-06-13,台北二,SE6 青蔥 粉蔥 ,19.0,16.7,10.8,16.0,2.56,1550.0,-33.3,6,4,2002,0
2002-06-14,台北二,SE6 青蔥 粉蔥 ,19.8,14.5,9.1,14.5,-9.38,2233.0,44.06,6,5,2002,0
2002-06-15,台北二,SE6 青蔥 粉蔥 ,26.8,21.0,12.9,20.6,42.07,1221.0,-45.32,6,6,2002,0
2002-06-16,台北二,SE6 青蔥 粉蔥 ,,,,,,,,6,7,2002,1
2002-06-17,台北二,SE6 青蔥 粉蔥 ,,,,,,,,6,1,2002,1
2002-06-18,台北二,SE6 青蔥 粉蔥 ,26.6,24.8,17.3,23.6,14.56,1400.0,14.66,6,2,2002,0
2002-06-19,台北二,SE6 青蔥 粉蔥 ,21.5,18.0,15.0,18.1,-23.31,2026.0,44.71,6,3,2002,0
2002-06-20,台北二,SE6 青蔥 粉蔥 ,24.6,17.0,11.3,17.4,-3.87,1540.0,-23.99,6,4,2002,0
2002-06-21,台北二,SE6 青蔥 粉蔥 ,20.7,15.5,12.0,15.8,-9.2,1440.0,-6.49,6,5,2002,0
2002-06-22,台北二,SE6 青蔥 粉蔥 ,25.9,21.2,16.0,21.1,33.54,1680.0,16.67,6,6,2002,0
2002-06-23,台北二,SE6 青蔥 粉蔥 ,23.1,18.9,13.7,18.7,-11.37,2560.0,52.38,6,7,2002,0
2002-06-24,台北二,SE6 青蔥 粉蔥 ,,,,,,,,6,1,2002,1
2002-06-25,台北二,SE6 青蔥 粉蔥 ,24.1,20.4,13.8,19.8,5.88,2176.0,-15.0,6,2,2002,0
2002-06-26,台北二,SE6 青蔥 粉蔥 ,26.6,22.4,15.2,21.8,10.1,2033.0,-6.57,6,3,2002,0
2002-06-27,台北二,SE6 青蔥 粉蔥 ,28.9,23.2,18.5,23.4,7.34,2439.0,19.97,6,4,2002,0
2002-06-28,台北二,SE6 青蔥 粉蔥 ,24.0,20.1,16.8,20.2,-13.68,3091.0,26.73,6,5,2002,0
2002-06-29,台北二,SE6 青蔥 粉蔥 ,24.2,20.9,15.9,20.6,1.98,2749.0,-11.06,6,6,2002,0
2002-06-30,台北二,SE6 青蔥 粉蔥 ,24.6,19.5,15.8,19.8,-3.88,3368.0,22.52,6,7,2002,0
2002-07-01,台北二,SE6 青蔥 粉蔥 ,,,,,,,,7,1,2002,1
2002-07-02,台北二,SE6 青蔥 粉蔥 ,21.9,19.4,16.3,19.3,-2.53,3859.0,14.58,7,2,2002,0
2002-07-03,台北二,SE6 青蔥 粉蔥 ,25.5,21.0,14.8,20.6,6.74,3042.0,-21.17,7,3,2002,0
2002-07-04,台北二,SE6 青蔥 粉蔥 ,25.7,22.1,14.8,21.4,3.88,2970.0,-2.37,7,4,2002,0
2002-07-05,台北二,SE6 青蔥 粉蔥 ,22.7,19.8,16.2,19.6,-8.41,4381.0,47.51,7,5,2002,0
2002-07-06,台北二,SE6 青蔥 粉蔥 ,22.3,17.2,14.6,17.7,-9.69,3597.0,-17.9,7,6,2002,0
2002-07-07,台北二,SE6 青蔥 粉蔥 ,22.2,18.9,13.6,18.5,4.52,3096.0,-13.93,7,7,2002,0
2002-07-08,台北二,SE6 青蔥 粉蔥 ,,,,,,,,7,1,2002,1
2002-07-09,台北二,SE6 青蔥 粉蔥 ,31.6,26.2,19.6,25.9,40.0,2947.0,-4.81,7,2,2002,0
2002-07-10,台北二,SE6 青蔥 粉蔥 ,36.1,29.3,23.9,29.6,14.29,2145.0,-27.21,7,3,2002,0
2002-07-11,台北二,SE6 青蔥 粉蔥 ,32.7,27.2,22.9,27.4,-7.43,2527.0,17.81,7,4,2002,0
2002-07-12,台北二,SE6 青蔥 粉蔥 ,24.3,17.6,11.8,17.8,-35.04,3633.0,43.77,7,5,2002,0
2002-07-13,台北二,SE6 青蔥 粉蔥 ,23.5,12.9,6.1,13.7,-23.03,4119.0,13.38,7,6,2002,0
2002-07-14,台北二,SE6 青蔥 粉蔥 ,23.9,15.3,11.0,16.2,18.25,3107.0,-24.57,7,7,2002,0
2002-07-15,台北二,SE6 青蔥 粉蔥 ,,,,,,,,7,1,2002,1
2002-07-16,台北二,SE6 青蔥 粉蔥 ,42.9,32.5,23.4,32.8,102.47,1606.0,-48.31,7,2,2002,0
2002-07-17,台北二,SE6 青蔥 粉蔥 ,42.1,33.2,22.6,32.8,0.0,2298.0,43.09,7,3,2002,0
2002-07-18,台北二,SE6 青蔥 粉蔥 ,42.0,34.6,24.0,33.9,3.35,1826.0,-20.54,7,4,2002,0
2002-07-19,台北二,SE6 青蔥 粉蔥 ,37.8,29.3,19.3,29.0,-14.45,3016.0,65.17,7,5,2002,0
2002-07-20,台北二,SE6 青蔥 粉蔥 ,34.5,21.3,14.4,22.6,-22.07,2768.0,-8.22,7,6,2002,0
2002-07-21,台北二,SE6 青蔥 粉蔥 ,27.3,18.0,13.2,18.9,-16.37,2956.0,6.79,7,7,2002,0
2002-07-22,台北二,SE6 青蔥 粉蔥 ,,,,,,,,7,1,2002,1
2002-07-23,台北二,SE6 青蔥 粉蔥 ,37.4,29.3,24.2,29.9,58.2,1324.0,-55.21,7,2,2002,0
2002-07-24,台北二,SE6 青蔥 粉蔥 ,45.3,35.2,30.6,36.3,21.4,1222.0,-7.7,7,3,2002,0
2002-07-25,台北二,SE6 青蔥 粉蔥 ,42.0,38.5,31.8,37.9,4.41,1502.0,22.91,7,4,2002,0
2002-07-26,台北二,SE6 青蔥 粉蔥 ,46.0,34.4,23.5,34.5,-8.97,2000.0,33.16,7,5,2002,0
2002-07-27,台北二,SE6 青蔥 粉蔥 ,40.0,32.1,22.9,31.8,-7.83,743.0,-62.85,7,6,2002,0
2002-07-28,台北二,SE6 青蔥 粉蔥 ,41.4,37.1,23.2,35.2,10.69,1680.0,126.11,7,7,2002,0
2002-07-29,台北二,SE6 青蔥 粉蔥 ,,,,,,,,7,1,2002,1
2002-07-30,台北二,SE6 青蔥 粉蔥 ,36.3,28.1,21.7,28.5,-19.03,2101.0,25.06,7,2,2002,0
2002-07-31,台北二,SE6 青蔥 粉蔥 ,31.0,28.4,25.0,28.2,-1.05,1604.0,-23.66,7,3,2002,0
2002-08-01,台北二,SE6 青蔥 粉蔥 ,31.1,22.0,13.7,22.2,-21.28,1400.0,-12.72,8,4,2002,0
2002-08-02,台北二,SE6 青蔥 粉蔥 ,36.1,31.7,25.6,31.4,41.44,1363.0,-2.64,8,5,2002,0
2002-08-03,台北二,SE6 青蔥 粉蔥 ,38.6,34.2,28.0,33.8,7.64,1229.0,-9.83,8,6,2002,0
2002-08-04,台北二,SE6 青蔥 粉蔥 ,43.1,39.3,32.5,38.7,14.5,1536.0,24.98,8,7,2002,0
2002-08-05,台北二,SE6 青蔥 粉蔥 ,,,,,,,,8,1,2002,1
2002-08-06,台北二,SE6 青蔥 粉蔥 ,38.4,34.0,27.5,33.6,-13.18,1953.0,27.15,8,2,2002,0
2002-08-07,台北二,SE6 青蔥 粉蔥 ,37.6,30.0,21.8,29.9,-11.01,1386.0,-29.03,8,3,2002,0
2002-08-08,台北二,SE6 青蔥 粉蔥 ,34.6,26.0,20.0,26.5,-11.37,1078.0,-22.22,8,4,2002,0
2002-08-09,台北二,SE6 青蔥 粉蔥 ,28.2,21.5,14.7,21.5,-18.87,2105.0,95.27,8,5,2002,0
2002-08-10,台北二,SE6 青蔥 粉蔥 ,21.6,13.1,8.7,13.9,-35.35,2575.0,22.33,8,6,2002,0
2002-08-11,台北二,SE6 青蔥 粉蔥 ,37.4,25.4,10.5,24.8,78.42,1047.0,-59.34,8,7,2002,0
2002-08-12,台北二,SE6 青蔥 粉蔥 ,,,,,,,,8,1,2002,1
2002-08-13,台北二,SE6 青蔥 粉蔥 ,34.8,31.9,27.1,31.5,27.02,1334.0,27.41,8,2,2002,0
2002-08-14,台北二,SE6 青蔥 粉蔥 ,35.6,28.7,21.9,28.7,-8.89,1365.0,2.32,8,3,2002,0
2002-08-15,台北二,SE6 青蔥 粉蔥 ,36.7,28.4,22.4,28.9,0.7,1250.0,-8.42,8,4,2002,0
2002-08-16,台北二,SE6 青蔥 粉蔥 ,32.9,27.1,15.9,26.0,-10.03,1286.0,2.88,8,5,2002,0
2002-08-17,台北二,SE6 青蔥 粉蔥 ,36.0,25.4,10.3,24.5,-5.77,910.0,-29.24,8,6,2002,0
2002-08-18,台北二,SE6 青蔥 粉蔥 ,35.9,25.9,14.0,25.5,4.08,540.0,-40.66,8,7,2002,0
2002-08-19,台北二,SE6 青蔥 粉蔥 ,,,,,,,,8,1,2002,1
2002-08-20,台北二,SE6 青蔥 粉蔥 ,35.8,25.2,17.7,25.8,1.18,1550.0,187.04,8,2,2002,0
2002-08-21,台北二,SE6 青蔥 粉蔥 ,34.2,29.7,24.2,29.5,14.34,1216.0,-21.55,8,3,2002,0
2002-08-22,台北二,SE6 青蔥 粉蔥 ,35.6,29.9,25.8,30.2,2.37,1372.0,12.83,8,4,2002,0
2002-08-23,台北二,SE6 青蔥 粉蔥 ,44.1,39.2,33.0,38.9,28.81,755.0,-44.97,8,5,2002,0
2002-08-24,台北二,SE6 青蔥 粉蔥 ,,,,,,,,8,6,2002,1
2002-08-25,台北二,SE6 青蔥 粉蔥 ,,,,,,,,8,7,2002,1
2002-08-26,台北二,SE6 青蔥 粉蔥 ,35.0,34.5,31.2,34.0,-12.6,480.0,-36.42,8,1,2002,0
2002-08-27,台北二,SE6 青蔥 粉蔥 ,31.6,21.1,16.0,22.2,-34.71,1067.0,122.29,8,2,2002,0
2002-08-28,台北二,SE6 青蔥 粉蔥 ,35.0,26.5,21.5,27.2,22.52,1036.0,-2.91,8,3,2002,0
2002-08-29,台北二,SE6 青蔥 粉蔥 ,33.2,25.3,17.7,25.4,-6.62,1911.0,84.46,8,4,2002,0
2002-08-30,台北二,SE6 青蔥 粉蔥 ,32.8,26.9,21.2,27.0,6.3,1747.0,-8.58,8,5,2002,0
2002-08-31,台北二,SE6 青蔥 粉蔥 ,28.9,25.3,17.8,24.5,-9.26,1771.0,1.37,8,6,2002,0
2002-09-01,台北二,SE6 青蔥 粉蔥 ,29.8,25.5,22.6,25.7,4.9,1708.0,-3.56,9,7,2002,0
2002-09-02,台北二,SE6 青蔥 粉蔥 ,,,,,,,,9,1,2002,1
2002-09-03,台北二,SE6 青蔥 粉蔥 ,38.9,29.2,22.1,29.7,15.56,2513.0,47.13,9,2,2002,0
2002-09-04,台北二,SE6 青蔥 粉蔥 ,43.3,37.1,30.9,37.1,24.92,2855.0,13.61,9,3,2002,0
2002-09-05,台北二,SE6 青蔥 粉蔥 ,40.6,32.5,20.3,31.7,-14.56,4614.0,61.61,9,4,2002,0
2002-09-06,台北二,SE6 青蔥 粉蔥 ,31.9,22.4,16.8,23.2,-26.81,3644.0,-21.02,9,5,2002,0
2002-09-07,台北二,SE6 青蔥 粉蔥 ,23.0,16.6,13.7,17.3,-25.43,2900.0,-20.42,9,6,2002,0
2002-09-08,台北二,SE6 青蔥 粉蔥 ,17.9,13.3,12.0,14.0,-19.08,2500.0,-13.79,9,7,2002,0
2002-09-09,台北二,SE6 青蔥 粉蔥 ,,,,,,,,9,1,2002,1
2002-09-10,台北二,SE6 青蔥 粉蔥 ,19.7,15.4,12.3,15.6,11.43,3185.0,27.4,9,2,2002,0
2002-09-11,台北二,SE6 青蔥 粉蔥 ,14.9,10.6,6.0,10.5,-32.69,3417.0,7.28,9,3,2002,0
2002-09-12,台北二,SE6 青蔥 粉蔥 ,15.0,11.9,10.5,12.2,16.19,2788.0,-18.41,9,4,2002,0
2002-09-13,台北二,SE6 青蔥 粉蔥 ,28.0,23.1,10.4,21.5,76.23,1513.0,-45.73,9,5,2002,0
2002-09-14,台北二,SE6 青蔥 粉蔥 ,31.8,26.2,18.1,25.7,19.53,2679.0,77.07,9,6,2002,0
2002-09-15,台北二,SE6 青蔥 粉蔥 ,30.6,26.1,16.5,25.1,-2.33,3280.0,22.43,9,7,2002,0
2002-09-16,台北二,SE6 青蔥 粉蔥 ,,,,,,,,9,1,2002,1
2002-09-17,台北二,SE6 青蔥 粉蔥 ,23.3,19.4,14.6,19.2,-23.51,3692.0,12.56,9,2,2002,0
2002-09-18,台北二,SE6 青蔥 粉蔥 ,26.5,21.8,14.5,21.3,10.94,1862.0,-49.57,9,3,2002,0
2002-09-19,台北二,SE6 青蔥 粉蔥 ,23.1,18.3,12.8,18.2,-14.55,3075.0,65.15,9,4,2002,0
2002-09-20,台北二,SE6 青蔥 粉蔥 ,21.5,16.0,11.2,16.2,-10.99,3871.0,25.89,9,5,2002,0
2002-09-21,台北二,SE6 青蔥 粉蔥 ,17.4,11.4,6.7,11.7,-27.78,4753.0,22.78,9,6,2002,0
2002-09-22,台北二,SE6 青蔥 粉蔥 ,,,,,,,,9,7,2002,1
2002-09-23,台北二,SE6 青蔥 粉蔥 ,,,,,,,,9,1,2002,1
2002-09-24,台北二,SE6 青蔥 粉蔥 ,26.5,20.7,12.2,20.2,72.65,2885.0,-39.3,9,2,2002,0
2002-09-25,台北二,SE6 青蔥 粉蔥 ,25.5,18.9,10.5,18.5,-8.42,3523.0,22.11,9,3,2002,0
2002-09-26,台北二,SE6 青蔥 粉蔥 ,18.9,14.3,9.1,14.2,-23.24,1740.0,-50.61,9,4,2002,0
2002-09-27,台北二,SE6 青蔥 粉蔥 ,17.3,13.6,7.2,13.1,-7.75,3181.0,82.82,9,5,2002,0
2002-09-28,台北二,SE6 青蔥 粉蔥 ,17.6,13.1,8.1,13.0,-0.76,3660.0,15.06,9,6,2002,0
2002-09-29,台北二,SE6 青蔥 粉蔥 ,21.5,16.5,12.3,16.6,27.69,4338.0,18.52,9,7,2002,0
2002-09-30,台北二,SE6 青蔥 粉蔥 ,,,,,,,,9,1,2002,1
2002-10-01,台北二,SE6 青蔥 粉蔥 ,16.8,11.6,6.3,11.6,-30.12,7066.0,62.89,10,2,2002,0
2002-10-02,台北二,SE6 青蔥 粉蔥 ,13.6,10.3,7.8,10.5,-9.48,2560.0,-63.77,10,3,2002,0
2002-10-03,台北二,SE6 青蔥 粉蔥 ,14.0,11.6,8.5,11.4,8.57,3234.0,26.33,10,4,2002,0
2002-10-04,台北二,SE6 青蔥 粉蔥 ,15.6,12.2,8.7,12.2,7.02,3243.0,0.28,10,5,2002,0
2002-10-05,台北二,SE6 青蔥 粉蔥 ,14.4,11.7,7.8,11.5,-5.74,4984.0,53.68,10,6,2002,0
2002-10-06,台北二,SE6 青蔥 粉蔥 ,15.7,12.7,8.7,12.5,8.7,5342.0,7.18,10,7,2002,0
2002-10-07,台北二,SE6 青蔥 粉蔥 ,,,,,,,,10,1,2002,1
2002-10-08,台北二,SE6 青蔥 粉蔥 ,13.5,11.2,10.0,11.4,-8.8,3260.0,-38.97,10,2,2002,0
2002-10-09,台北二,SE6 青蔥 粉蔥 ,13.6,10.1,6.4,10.0,-12.28,4341.0,33.16,10,3,2002,0
2002-10-10,台北二,SE6 青蔥 粉蔥 ,16.1,12.3,8.9,12.4,24.0,3136.0,-27.76,10,4,2002,0
2002-10-11,台北二,SE6 青蔥 粉蔥 ,14.8,12.0,8.3,11.8,-4.84,4467.0,42.44,10,5,2002,0
2002-10-12,台北二,SE6 青蔥 粉蔥 ,16.1,12.7,9.2,12.7,7.63,4627.0,3.58,10,6,2002,0
2002-10-13,台北二,SE6 青蔥 粉蔥 ,14.1,9.8,6.7,10.0,-21.26,6753.0,45.95,10,7,2002,0
2002-10-14,台北二,SE6 青蔥 粉蔥 ,,,,,,,,10,1,2002,1
2002-10-15,台北二,SE6 青蔥 粉蔥 ,12.1,8.1,5.1,8.3,-17.0,7010.0,3.81,10,2,2002,0
2002-10-16,台北二,SE6 青蔥 粉蔥 ,11.1,8.2,5.0,8.1,-2.41,4582.0,-34.64,10,3,2002,0
2002-10-17,台北二,SE6 青蔥 粉蔥 ,12.7,7.0,4.7,7.7,-4.94,3795.0,-17.18,10,4,2002,0
2002-10-18,台北二,SE6 青蔥 粉蔥 ,13.6,9.8,4.9,9.6,24.68,3060.0,-19.37,10,5,2002,0
2002-10-19,台北二,SE6 青蔥 粉蔥 ,15.2,11.4,8.0,11.5,19.79,1866.0,-39.02,10,6,2002,0
2002-10-20,台北二,SE6 青蔥 粉蔥 ,24.3,16.3,8.5,16.3,41.74,3840.0,105.79,10,7,2002,0
2002-10-21,台北二,SE6 青蔥 粉蔥 ,,,,,,,,10,1,2002,1
2002-10-22,台北二,SE6 青蔥 粉蔥 ,19.8,14.9,9.0,14.7,-9.82,3942.0,2.66,10,2,2002,0
2002-10-23,台北二,SE6 青蔥 粉蔥 ,13.3,9.3,5.9,9.4,-36.05,5419.0,37.47,10,3,2002,0
2002-10-24,台北二,SE6 青蔥 粉蔥 ,12.4,9.1,6.3,9.2,-2.13,4250.0,-21.57,10,4,2002,0
2002-10-25,台北二,SE6 青蔥 粉蔥 ,12.4,9.2,5.7,9.1,-1.09,5030.0,18.35,10,5,2002,0
2002-10-26,台北二,SE6 青蔥 粉蔥 ,12.8,8.6,5.9,8.9,-2.2,3602.0,-28.39,10,6,2002,0
2002-10-27,台北二,SE6 青蔥 粉蔥 ,12.6,8.2,4.2,8.3,-6.74,2092.0,-41.92,10,7,2002,0
2002-10-28,台北二,SE6 青蔥 粉蔥 ,,,,,,,,10,1,2002,1
2002-10-29,台北二,SE6 青蔥 粉蔥 ,,,,,,,,10,2,2002,1
2002-10-30,台北二,SE6 青蔥 粉蔥 ,,,,,,,,10,3,2002,1
2002-10-31,台北二,SE6 青蔥 粉蔥 ,5.0,4.9,4.0,4.8,-42.17,160.0,-92.35,10,4,2002,0
2002-11-01,台北二,SE6 青蔥 粉蔥 ,,,,,,,,11,5,2002,1
2002-11-02,台北二,SE6 青蔥 粉蔥 ,15.0,11.7,7.3,11.5,139.58,510.0,218.75,11,6,2002,0
2002-11-03,台北二,SE6 青蔥 粉蔥 ,,,,,,,,11,7,2002,1
2002-11-04,台北二,SE6 青蔥 粉蔥 ,,,,,,,,11,1,2002,1
2002-11-05,台北二,SE6 青蔥 粉蔥 ,21.6,17.1,13.8,17.3,50.43,2940.0,476.47,11,2,2002,0
2002-11-06,台北二,SE6 青蔥 粉蔥 ,17.3,14.0,12.3,14.3,-17.34,3440.0,17.01,11,3,2002,0
2002-11-07,台北二,SE6 青蔥 粉蔥 ,13.2,7.8,5.0,8.3,-41.96,2241.0,-34.85,11,4,2002,0
2002-11-08,台北二,SE6 青蔥 粉蔥 ,18.0,16.3,14.7,16.3,96.39,460.0,-79.47,11,5,2002,0
2002-11-09,台北二,SE6 青蔥 粉蔥 ,14.0,13.9,11.8,13.5,-17.18,480.0,4.35,11,6,2002,0
2002-11-10,台北二,SE6 青蔥 粉蔥 ,16.8,14.1,12.3,14.3,5.93,820.0,70.83,11,7,2002,0
2002-11-11,台北二,SE6 青蔥 粉蔥 ,,,,,,,,11,1,2002,1
2002-11-12,台北二,SE6 青蔥 粉蔥 ,20.9,17.0,15.4,17.4,21.68,680.0,-17.07,11,2,2002,0
2002-11-13,台北二,SE6 青蔥 粉蔥 ,21.2,18.0,15.9,18.2,4.6,660.0,-2.94,11,3,2002,0
2002-11-14,台北二,SE6 青蔥 粉蔥 ,15.2,13.3,10.2,13.1,-28.02,1000.0,51.52,11,4,2002,0
2002-11-15,台北二,SE6 青蔥 粉蔥 ,12.0,10.8,9.8,10.8,-17.56,940.0,-6.0,11,5,2002,0
2002-11-16,台北二,SE6 青蔥 粉蔥 ,13.3,12.0,12.0,12.3,13.89,840.0,-10.64,11,6,2002,0
2002-11-17,台北二,SE6 青蔥 粉蔥 ,23.0,19.9,14.9,19.5,58.54,680.0,-19.05,11,7,2002,0
2002-11-18,台北二,SE6 青蔥 粉蔥 ,,,,,,,,11,1,2002,1
2002-11-19,台北二,SE6 青蔥 粉蔥 ,22.8,21.2,20.0,21.3,9.23,740.0,8.82,11,2,2002,0
2002-11-20,台北二,SE6 青蔥 粉蔥 ,20.0,17.7,8.5,16.3,-23.47,1162.0,57.03,11,3,2002,0
2002-11-21,台北二,SE6 青蔥 粉蔥 ,22.0,19.7,15.1,19.2,17.79,620.0,-46.64,11,4,2002,0
2002-11-22,台北二,SE6 青蔥 粉蔥 ,20.0,19.5,13.7,18.4,-4.17,460.0,-25.81,11,5,2002,0
2002-11-23,台北二,SE6 青蔥 粉蔥 ,19.5,16.7,12.1,16.3,-11.41,520.0,13.04,11,6,2002,0
2002-11-24,台北二,SE6 青蔥 粉蔥 ,15.8,13.5,11.9,13.6,-16.56,660.0,26.92,11,7,2002,0
2002-11-25,台北二,SE6 青蔥 粉蔥 ,,,,,,,,11,1,2002,1
2002-11-26,台北二,SE6 青蔥 粉蔥 ,17.9,16.6,15.0,16.5,21.32,440.0,-33.33,11,2,2002,0
2002-11-27,台北二,SE6 青蔥 粉蔥 ,17.8,8.5,4.6,9.6,-41.82,780.0,77.27,11,3,2002,0
2002-11-28,台北二,SE6 青蔥 粉蔥 ,11.7,9.1,6.9,9.2,-4.17,602.0,-22.82,11,4,2002,0
2002-11-29,台北二,SE6 青蔥 粉蔥 ,13.3,9.7,7.0,9.9,7.61,603.0,0.17,11,5,2002,0
2002-11-30,台北二,SE6 青蔥 粉蔥 ,15.0,9.4,6.1,9.9,0.0,580.0,-3.81,11,6,2002,0
2002-12-01,台北二,SE6 青蔥 粉蔥 ,20.0,20.0,20.0,20.0,102.02,200.0,-65.52,12,7,2002,0
2002-12-02,台北二,SE6 青蔥 粉蔥 ,,,,,,,,12,1,2002,1
2002-12-03,台北二,SE6 青蔥 粉蔥 ,28.7,26.7,26.0,26.9,34.5,360.0,80.0,12,2,2002,0
2002-12-04,台北二,SE6 青蔥 粉蔥 ,,,,,,,,12,3,2002,1
2002-12-05,台北二,SE6 青蔥 粉蔥 ,21.5,15.9,13.0,16.4,-39.03,600.0,66.67,12,4,2002,0
2002-12-06,台北二,SE6 青蔥 粉蔥 ,16.6,12.1,11.0,12.8,-21.95,680.0,13.33,12,5,2002,0
2002-12-07,台北二,SE6 青蔥 粉蔥 ,12.0,10.4,9.8,10.6,-17.19,860.0,26.47,12,6,2002,0
2002-12-08,台北二,SE6 青蔥 粉蔥 ,16.3,12.0,10.2,12.5,17.92,1180.0,37.21,12,7,2002,0
2002-12-09,台北二,SE6 青蔥 粉蔥 ,,,,,,,,12,1,2002,1
2002-12-10,台北二,SE6 青蔥 粉蔥 ,21.0,17.0,12.4,16.9,35.2,1040.0,-11.86,12,2,2002,0
2002-12-11,台北二,SE6 青蔥 粉蔥 ,26.0,20.2,14.2,20.2,19.53,1180.0,13.46,12,3,2002,0
2002-12-12,台北二,SE6 青蔥 粉蔥 ,18.6,13.3,7.3,13.2,-34.65,1440.0,22.03,12,4,2002,0
2002-12-13,台北二,SE6 青蔥 粉蔥 ,21.0,14.4,12.1,15.3,15.91,1860.0,29.17,12,5,2002,0
2002-12-14,台北二,SE6 青蔥 粉蔥 ,19.6,16.0,12.0,15.9,3.92,1720.0,-7.53,12,6,2002,0
2002-12-15,台北二,SE6 青蔥 粉蔥 ,20.8,15.3,8.5,15.0,-5.66,1997.0,16.1,12,7,2002,0
2002-12-16,台北二,SE6 青蔥 粉蔥 ,,,,,,,,12,1,2002,1
2002-12-17,台北二,SE6 青蔥 粉蔥 ,14.5,12.4,9.8,12.3,-18.0,1960.0,-1.85,12,2,2002,0
2002-12-18,台北二,SE6 青蔥 粉蔥 ,10.8,9.4,5.0,8.8,-28.46,2375.0,21.17,12,3,2002,0
2002-12-19,台北二,SE6 青蔥 粉蔥 ,10.7,9.6,7.6,9.4,6.82,1540.0,-35.16,12,4,2002,0
2002-12-20,台北二,SE6 青蔥 粉蔥 ,11.8,9.9,4.3,9.2,-2.13,1899.0,23.31,12,5,2002,0
2002-12-21,台北二,SE6 青蔥 粉蔥 ,16.6,14.7,13.0,14.8,60.87,1560.0,-17.85,12,6,2002,0
2002-12-22,台北二,SE6 青蔥 粉蔥 ,17.9,15.2,13.7,15.5,4.73,1460.0,-6.41,12,7,2002,0
2002-12-23,台北二,SE6 青蔥 粉蔥 ,,,,,,,,12,1,2002,1
2002-12-24,台北二,SE6 青蔥 粉蔥 ,21.6,19.9,18.1,19.9,28.39,1560.0,6.85,12,2,2002,0
2002-12-25,台北二,SE6 青蔥 粉蔥 ,21.5,18.8,17.1,19.0,-4.52,1700.0,8.97,12,3,2002,0
2002-12-26,台北二,SE6 青蔥 粉蔥 ,12.4,10.1,9.1,10.4,-45.26,2080.0,22.35,12,4,2002,0
2002-12-27,台北二,SE6 青蔥 粉蔥 ,7.0,6.0,5.9,6.2,-40.38,1960.0,-5.77,12,5,2002,0
2002-12-28,台北二,SE6 青蔥 粉蔥 ,11.6,9.0,7.0,9.1,46.77,1360.0,-30.61,12,6,2002,0
2002-12-29,台北二,SE6 青蔥 粉蔥 ,25.1,17.2,13.4,18.0,97.8,1680.0,23.53,12,7,2002,0
2002-12-30,台北二,SE6 青蔥 粉蔥 ,,,,,,,,12,1,2002,1
2002-12-31,台北二,SE6 青蔥 粉蔥 ,29.1,24.2,19.7,24.3,35.0,2020.0,20.24,12,2,2002,0
2003-01-01,台北二,SE6 青蔥 粉蔥 ,25.4,21.0,19.4,21.6,-11.11,2120.0,4.95,1,3,2003,0
2003-01-02,台北二,SE6 青蔥 粉蔥 ,24.9,20.4,17.7,20.8,-3.7,2040.0,-3.77,1,4,2003,0
2003-01-03,台北二,SE6 青蔥 粉蔥 ,28.8,22.9,18.4,23.2,11.54,2000.0,-1.96,1,5,2003,0
2003-01-04,台北二,SE6 青蔥 粉蔥 ,25.9,20.5,17.0,20.9,-9.91,2120.0,6.0,1,6,2003,0
2003-01-05,台北二,SE6 青蔥 粉蔥 ,24.1,20.3,15.7,20.1,-3.83,2740.0,29.25,1,7,2003,0
2003-01-06,台北二,SE6 青蔥 粉蔥 ,,,,,,,,1,1,2003,1
2003-01-07,台北二,SE6 青蔥 粉蔥 ,22.4,19.1,14.4,18.8,-6.47,2440.0,-10.95,1,2,2003,0
2003-01-08,台北二,SE6 青蔥 粉蔥 ,31.6,26.3,22.1,26.5,40.96,1020.0,-58.2,1,3,2003,0
2003-01-09,台北二,SE6 青蔥 粉蔥 ,28.9,22.9,14.6,22.4,-15.47,1860.0,82.35,1,4,2003,0
2003-01-10,台北二,SE6 青蔥 粉蔥 ,28.4,23.0,16.1,22.7,1.34,1560.0,-16.13,1,5,2003,0
2003-01-11,台北二,SE6 青蔥 粉蔥 ,21.5,16.6,9.1,16.1,-29.07,2346.0,50.38,1,6,2003,0
2003-01-12,台北二,SE6 青蔥 粉蔥 ,21.9,15.3,13.3,16.2,0.62,2140.0,-8.78,1,7,2003,0
2003-01-13,台北二,SE6 青蔥 粉蔥 ,,,,,,,,1,1,2003,1
2003-01-14,台北二,SE6 青蔥 粉蔥 ,23.5,19.8,17.5,20.1,24.07,1920.0,-10.28,1,2,2003,0
2003-01-15,台北二,SE6 青蔥 粉蔥 ,28.9,22.3,7.9,20.8,3.48,2544.0,32.5,1,3,2003,0
2003-01-16,台北二,SE6 青蔥 粉蔥 ,27.2,22.6,19.0,22.8,9.62,2100.0,-17.45,1,4,2003,0
2003-01-17,台北二,SE6 青蔥 粉蔥 ,24.1,17.2,15.0,18.2,-20.18,2660.0,26.67,1,5,2003,0
2003-01-18,台北二,SE6 青蔥 粉蔥 ,17.2,12.1,7.6,12.2,-32.97,3520.0,32.33,1,6,2003,0
2003-01-19,台北二,SE6 青蔥 粉蔥 ,16.0,9.9,8.0,10.7,-12.3,2740.0,-22.16,1,7,2003,0
2003-01-20,台北二,SE6 青蔥 粉蔥 ,,,,,,,,1,1,2003,1
2003-01-21,台北二,SE6 青蔥 粉蔥 ,22.3,17.5,14.8,17.9,67.29,2620.0,-4.38,1,2,2003,0
2003-01-22,台北二,SE6 青蔥 粉蔥 ,19.8,14.9,9.9,14.9,-16.76,2832.0,8.09,1,3,2003,0
2003-01-23,台北二,SE6 青蔥 粉蔥 ,17.9,13.3,8.5,13.3,-10.74,3307.0,16.77,1,4,2003,0
2003-01-24,台北二,SE6 青蔥 粉蔥 ,18.1,13.3,9.9,13.6,2.26,3120.0,-5.65,1,5,2003,0
2003-01-25,台北二,SE6 青蔥 粉蔥 ,16.5,13.6,9.3,13.3,-2.21,3760.0,20.51,1,6,2003,0
2003-01-26,台北二,SE6 青蔥 粉蔥 ,18.8,15.1,7.0,14.2,6.77,3760.0,0.0,1,7,2003,0
2003-01-27,台北二,SE6 青蔥 粉蔥 ,15.4,12.2,9.1,12.2,-14.08,4160.0,10.64,1,1,2003,0
2003-01-28,台北二,SE6 青蔥 粉蔥 ,16.2,11.4,9.9,12.0,-1.64,4400.0,5.77,1,2,2003,0
2003-01-29,台北二,SE6 青蔥 粉蔥 ,24.7,19.8,12.2,19.3,60.83,6480.0,47.27,1,3,2003,0
2003-01-30,台北二,SE6 青蔥 粉蔥 ,39.6,33.5,25.6,33.1,71.5,7100.0,9.57,1,4,2003,0
2003-01-31,台北二,SE6 青蔥 粉蔥 ,44.4,30.9,17.3,30.9,-6.65,2960.0,-58.31,1,5,2003,0
2003-02-01,台北二,SE6 青蔥 粉蔥 ,,,,,,,,2,6,2003,1
2003-02-02,台北二,SE6 青蔥 粉蔥 ,,,,,,,,2,7,2003,1
2003-02-03,台北二,SE6 青蔥 粉蔥 ,,,,,,,,2,1,2003,1
2003-02-04,台北二,SE6 青蔥 粉蔥 ,,,,,,,,2,2,2003,1
2003-02-05,台北二,SE6 青蔥 粉蔥 ,,,,,,,,2,3,2003,1
2003-02-06,台北二,SE6 青蔥 粉蔥 ,26.8,23.1,19.4,23.1,-25.24,3900.0,31.76,2,4,2003,0
2003-02-07,台北二,SE6 青蔥 粉蔥 ,27.5,18.9,13.4,19.5,-15.58,3420.0,-12.31,2,5,2003,0
2003-02-08,台北二,SE6 青蔥 粉蔥 ,26.6,15.3,9.0,16.3,-16.41,3580.0,4.68,2,6,2003,0
2003-02-09,台北二,SE6 青蔥 粉蔥 ,23.3,15.7,7.6,15.6,-4.29,3980.0,11.17,2,7,2003,0
2003-02-10,台北二,SE6 青蔥 粉蔥 ,,,,,,,,2,1,2003,1
2003-02-11,台北二,SE6 青蔥 粉蔥 ,16.2,13.0,5.8,12.2,-21.79,4100.0,3.02,2,2,2003,0
2003-02-12,台北二,SE6 青蔥 粉蔥 ,12.9,10.1,6.8,10.0,-18.03,3860.0,-5.85,2,3,2003,0
2003-02-13,台北二,SE6 青蔥 粉蔥 ,13.1,9.4,5.7,9.4,-6.0,3300.0,-14.51,2,4,2003,0
2003-02-14,台北二,SE6 青蔥 粉蔥 ,14.3,11.8,9.6,11.9,26.6,2360.0,-28.48,2,5,2003,0
2003-02-15,台北二,SE6 青蔥 粉蔥 ,23.6,19.2,16.2,19.5,63.87,4060.0,72.03,2,6,2003,0
2003-02-16,台北二,SE6 青蔥 粉蔥 ,,,,,,,,2,7,2003,1
2003-02-17,台北二,SE6 青蔥 粉蔥 ,,,,,,,,2,1,2003,1
2003-02-18,台北二,SE6 青蔥 粉蔥 ,25.1,20.0,15.2,20.0,2.56,2820.0,-30.54,2,2,2003,0
2003-02-19,台北二,SE6 青蔥 粉蔥 ,20.8,16.3,12.8,16.5,-17.5,2560.0,-9.22,2,3,2003,0
2003-02-20,台北二,SE6 青蔥 粉蔥 ,20.2,17.4,14.4,17.4,5.45,1960.0,-23.44,2,4,2003,0
2003-02-21,台北二,SE6 青蔥 粉蔥 ,19.2,14.7,12.5,15.2,-12.64,2780.0,41.84,2,5,2003,0
2003-02-22,台北二,SE6 青蔥 粉蔥 ,19.3,15.6,10.8,15.4,1.32,3200.0,15.11,2,6,2003,0
2003-02-23,台北二,SE6 青蔥 粉蔥 ,21.7,18.0,12.1,17.5,13.64,3240.0,1.25,2,7,2003,0
2003-02-24,台北二,SE6 青蔥 粉蔥 ,,,,,,,,2,1,2003,1
2003-02-25,台北二,SE6 青蔥 粉蔥 ,20.1,15.9,10.4,15.6,-10.86,4400.0,35.8,2,2,2003,0
2003-02-26,台北二,SE6 青蔥 粉蔥 ,21.5,17.3,14.2,17.5,12.18,2860.0,-35.0,2,3,2003,0
2003-02-27,台北二,SE6 青蔥 粉蔥 ,19.8,16.2,13.5,16.4,-6.29,2680.0,-6.29,2,4,2003,0
2003-02-28,台北二,SE6 青蔥 粉蔥 ,20.2,15.2,10.2,15.2,-7.32,2660.0,-0.75,2,5,2003,0
2003-03-01,台北二,SE6 青蔥 粉蔥 ,18.6,14.1,9.3,14.1,-7.24,3020.0,13.53,3,6,2003,0
2003-03-02,台北二,SE6 青蔥 粉蔥 ,19.9,16.5,10.8,16.0,13.48,3420.0,13.25,3,7,2003,0
2003-03-03,台北二,SE6 青蔥 粉蔥 ,,,,,,,,3,1,2003,1
2003-03-04,台北二,SE6 青蔥 粉蔥 ,19.2,17.3,12.3,16.7,4.37,3240.0,-5.26,3,2,2003,0
2003-03-05,台北二,SE6 青蔥 粉蔥 ,18.7,15.7,11.2,15.4,-7.78,3115.0,-3.86,3,3,2003,0
2003-03-06,台北二,SE6 青蔥 粉蔥 ,20.3,17.6,13.1,17.2,11.69,3480.0,11.72,3,4,2003,0
2003-03-07,台北二,SE6 青蔥 粉蔥 ,16.8,14.6,10.8,14.3,-16.86,3480.0,0.0,3,5,2003,0
2003-03-08,台北二,SE6 青蔥 粉蔥 ,19.8,17.1,13.9,17.0,18.88,3100.0,-10.92,3,6,2003,0
2003-03-09,台北二,SE6 青蔥 粉蔥 ,23.6,19.3,17.0,19.7,15.88,3340.0,7.74,3,7,2003,0
2003-03-10,台北二,SE6 青蔥 粉蔥 ,,,,,,,,3,1,2003,1
2003-03-11,台北二,SE6 青蔥 粉蔥 ,21.4,17.7,14.3,17.8,-9.64,3640.0,8.98,3,2,2003,0
2003-03-12,台北二,SE6 青蔥 粉蔥 ,18.1,14.5,11.8,14.7,-17.42,3480.0,-4.4,3,3,2003,0
2003-03-13,台北二,SE6 青蔥 粉蔥 ,18.2,15.7,11.8,15.4,4.76,3420.0,-1.72,3,4,2003,0
2003-03-14,台北二,SE6 青蔥 粉蔥 ,16.2,14.6,12.1,14.4,-6.49,3280.0,-4.09,3,5,2003,0
2003-03-15,台北二,SE6 青蔥 粉蔥 ,18.0,15.1,10.9,14.9,3.47,3480.0,6.1,3,6,2003,0
2003-03-16,台北二,SE6 青蔥 粉蔥 ,19.0,14.9,13.2,15.4,3.36,3400.0,-2.3,3,7,2003,0
2003-03-17,台北二,SE6 青蔥 粉蔥 ,,,,,,,,3,1,2003,1
2003-03-18,台北二,SE6 青蔥 粉蔥 ,18.8,16.1,12.7,16.0,3.9,4020.0,18.24,3,2,2003,0
2003-03-19,台北二,SE6 青蔥 粉蔥 ,15.7,12.6,10.6,12.8,-20.0,3860.0,-3.98,3,3,2003,0
2003-03-20,台北二,SE6 青蔥 粉蔥 ,13.9,11.2,8.8,11.2,-12.5,4000.0,3.63,3,4,2003,0
2003-03-21,台北二,SE6 青蔥 粉蔥 ,15.5,11.8,9.3,12.0,7.14,4500.0,12.5,3,5,2003,0
2003-03-22,台北二,SE6 青蔥 粉蔥 ,15.8,13.1,11.9,13.4,11.67,4000.0,-11.11,3,6,2003,0
2003-03-23,台北二,SE6 青蔥 粉蔥 ,,,,,,,,3,7,2003,1
2003-03-24,台北二,SE6 青蔥 粉蔥 ,,,,,,,,3,1,2003,1
2003-03-25,台北二,SE6 青蔥 粉蔥 ,20.7,17.4,15.1,17.6,31.34,3520.0,-12.0,3,2,2003,0
2003-03-26,台北二,SE6 青蔥 粉蔥 ,19.3,17.0,15.3,17.1,-2.84,3600.0,2.27,3,3,2003,0
2003-03-27,台北二,SE6 青蔥 粉蔥 ,,,,,,,,3,4,2003,1
2003-03-28,台北二,SE6 青蔥 粉蔥 ,19.3,16.5,14.5,16.7,-2.34,3000.0,-16.67,3,5,2003,0
2003-03-29,台北二,SE6 青蔥 粉蔥 ,19.6,17.7,14.7,17.5,4.79,3120.0,4.0,3,6,2003,0
2003-03-30,台北二,SE6 青蔥 粉蔥 ,24.1,20.7,16.4,20.5,17.14,3160.0,1.28,3,7,2003,0
2003-03-31,台北二,SE6 青蔥 粉蔥 ,,,,,,,,3,1,2003,1
2003-04-01,台北二,SE6 青蔥 粉蔥 ,20.0,17.7,16.1,17.8,-13.17,3580.0,13.29,4,2,2003,0
2003-04-02,台北二,SE6 青蔥 粉蔥 ,18.8,14.9,12.1,15.1,-15.17,3500.0,-2.23,4,3,2003,0
2003-04-03,台北二,SE6 青蔥 粉蔥 ,15.4,13.4,11.6,13.5,-10.6,3140.0,-10.29,4,4,2003,0
2003-04-04,台北二,SE6 青蔥 粉蔥 ,14.8,12.2,9.8,12.2,-9.63,3040.0,-3.18,4,5,2003,0
2003-04-05,台北二,SE6 青蔥 粉蔥 ,27.7,21.7,16.3,21.8,78.69,3740.0,23.03,4,6,2003,0
2003-04-06,台北二,SE6 青蔥 粉蔥 ,,,,,,,,4,7,2003,1
2003-04-07,台北二,SE6 青蔥 粉蔥 ,,,,,,,,4,1,2003,1
2003-04-08,台北二,SE6 青蔥 粉蔥 ,,,,,,,,4,2,2003,1
2003-04-09,台北二,SE6 青蔥 粉蔥 ,29.6,26.2,18.2,25.3,16.06,1940.0,-48.13,4,3,2003,0
2003-04-10,台北二,SE6 青蔥 粉蔥 ,29.0,26.4,23.5,26.3,3.95,1640.0,-15.46,4,4,2003,0
2003-04-11,台北二,SE6 青蔥 粉蔥 ,21.7,19.0,16.7,19.0,-27.76,2600.0,58.54,4,5,2003,0
2003-04-12,台北二,SE6 青蔥 粉蔥 ,23.2,19.9,18.3,20.3,6.84,2200.0,-15.38,4,6,2003,0
2003-04-13,台北二,SE6 青蔥 粉蔥 ,24.0,20.0,16.5,20.1,-0.99,3140.0,42.73,4,7,2003,0
2003-04-14,台北二,SE6 青蔥 粉蔥 ,,,,,,,,4,1,2003,1
2003-04-15,台北二,SE6 青蔥 粉蔥 ,19.9,16.6,14.9,16.9,-15.92,3260.0,3.82,4,2,2003,0
2003-04-16,台北二,SE6 青蔥 粉蔥 ,16.3,14.0,12.0,14.1,-16.57,3100.0,-4.91,4,3,2003,0
2003-04-17,台北二,SE6 青蔥 粉蔥 ,19.3,16.5,14.4,16.6,17.73,2340.0,-24.52,4,4,2003,0
2003-04-18,台北二,SE6 青蔥 粉蔥 ,23.6,19.4,16.5,19.7,18.67,2440.0,4.27,4,5,2003,0
2003-04-19,台北二,SE6 青蔥 粉蔥 ,21.3,17.3,14.2,17.5,-11.17,2700.0,10.66,4,6,2003,0
2003-04-20,台北二,SE6 青蔥 粉蔥 ,21.2,18.1,14.3,17.9,2.29,3260.0,20.74,4,7,2003,0
2003-04-21,台北二,SE6 青蔥 粉蔥 ,,,,,,,,4,1,2003,1
2003-04-22,台北二,SE6 青蔥 粉蔥 ,26.9,24.0,20.0,23.8,32.96,1920.0,-41.1,4,2,2003,0
2003-04-23,台北二,SE6 青蔥 粉蔥 ,33.9,28.9,21.8,28.5,19.75,2060.0,7.29,4,3,2003,0
2003-04-24,台北二,SE6 青蔥 粉蔥 ,21.3,18.8,15.1,18.5,-35.09,2520.0,22.33,4,4,2003,0
2003-04-25,台北二,SE6 青蔥 粉蔥 ,13.3,11.5,10.0,11.5,-37.84,2840.0,12.7,4,5,2003,0
2003-04-26,台北二,SE6 青蔥 粉蔥 ,11.9,10.4,9.1,10.4,-9.57,2680.0,-5.63,4,6,2003,0
2003-04-27,台北二,SE6 青蔥 粉蔥 ,12.2,10.7,9.2,10.7,2.88,2560.0,-4.48,4,7,2003,0
2003-04-28,台北二,SE6 青蔥 粉蔥 ,,,,,,,,4,1,2003,1
2003-04-29,台北二,SE6 青蔥 粉蔥 ,22.3,19.5,14.5,19.0,77.57,1740.0,-32.03,4,2,2003,0
2003-04-30,台北二,SE6 青蔥 粉蔥 ,17.7,16.2,13.9,16.0,-15.79,1980.0,13.79,4,3,2003,0
2003-05-01,台北二,SE6 青蔥 粉蔥 ,15.5,14.6,13.7,14.6,-8.75,2200.0,11.11,5,4,2003,0
2003-05-02,台北二,SE6 青蔥 粉蔥 ,15.2,14.4,12.6,14.2,-2.74,2300.0,4.55,5,5,2003,0
2003-05-03,台北二,SE6 青蔥 粉蔥 ,,,,,,,,5,6,2003,1
2003-05-04,台北二,SE6 青蔥 粉蔥 ,22.7,19.1,16.2,19.2,35.21,2180.0,-5.22,5,7,2003,0
2003-05-05,台北二,SE6 青蔥 粉蔥 ,,,,,,,,5,1,2003,1
2003-05-06,台北二,SE6 青蔥 粉蔥 ,20.6,18.9,16.4,18.7,-2.6,2300.0,5.5,5,2,2003,0
2003-05-07,台北二,SE6 青蔥 粉蔥 ,14.4,13.4,12.2,13.4,-28.34,2600.0,13.04,5,3,2003,0
2003-05-08,台北二,SE6 青蔥 粉蔥 ,11.3,10.0,8.3,9.9,-26.12,3100.0,19.23,5,4,2003,0
2003-05-09,台北二,SE6 青蔥 粉蔥 ,10.6,8.2,6.2,8.3,-16.16,3060.0,-1.29,5,5,2003,0
2003-05-10,台北二,SE6 青蔥 粉蔥 ,17.9,15.6,13.6,15.6,87.95,2580.0,-15.69,5,6,2003,0
2003-05-11,台北二,SE6 青蔥 粉蔥 ,22.2,19.9,18.1,20.0,28.21,2680.0,3.88,5,7,2003,0
2003-05-12,台北二,SE6 青蔥 粉蔥 ,,,,,,,,5,1,2003,1
2003-05-13,台北二,SE6 青蔥 粉蔥 ,24.2,22.5,20.5,22.4,12.0,2540.0,-5.22,5,2,2003,0
2003-05-14,台北二,SE6 青蔥 粉蔥 ,17.0,15.8,11.7,15.2,-32.14,2200.0,-13.39,5,3,2003,0
2003-05-15,台北二,SE6 青蔥 粉蔥 ,15.0,12.4,8.8,12.2,-19.74,1860.0,-15.45,5,4,2003,0
2003-05-16,台北二,SE6 青蔥 粉蔥 ,10.6,9.1,6.6,8.9,-27.05,1720.0,-7.53,5,5,2003,0
2003-05-17,台北二,SE6 青蔥 粉蔥 ,15.8,13.5,7.1,12.7,42.7,1420.0,-17.44,5,6,2003,0
2003-05-18,台北二,SE6 青蔥 粉蔥 ,16.2,14.7,12.2,14.5,14.17,1440.0,1.41,5,7,2003,0
2003-05-19,台北二,SE6 青蔥 粉蔥 ,,,,,,,,5,1,2003,1
2003-05-20,台北二,SE6 青蔥 粉蔥 ,18.2,16.7,15.1,16.7,15.17,1360.0,-5.56,5,2,2003,0
2003-05-21,台北二,SE6 青蔥 粉蔥 ,18.9,16.7,14.2,16.6,-0.6,1160.0,-14.71,5,3,2003,0
2003-05-22,台北二,SE6 青蔥 粉蔥 ,18.5,17.4,14.9,17.1,3.01,820.0,-29.31,5,4,2003,0
2003-05-23,台北二,SE6 青蔥 粉蔥 ,23.4,19.9,17.1,20.0,16.96,700.0,-14.63,5,5,2003,0
2003-05-24,台北二,SE6 青蔥 粉蔥 ,17.0,15.3,11.9,14.9,-25.5,800.0,14.29,5,6,2003,0
2003-05-25,台北二,SE6 青蔥 粉蔥 ,16.5,14.5,13.3,14.7,-1.34,840.0,5.0,5,7,2003,0
2003-05-26,台北二,SE6 青蔥 粉蔥 ,,,,,,,,5,1,2003,1
2003-05-27,台北二,SE6 青蔥 粉蔥 ,16.6,15.6,13.4,15.4,4.76,480.0,-42.86,5,2,2003,0
2003-05-28,台北二,SE6 青蔥 粉蔥 ,17.0,15.2,13.6,15.3,-0.65,720.0,50.0,5,3,2003,0
2003-05-29,台北二,SE6 青蔥 粉蔥 ,16.0,15.9,14.0,15.5,1.31,440.0,-38.89,5,4,2003,0
2003-05-30,台北二,SE6 青蔥 粉蔥 ,15.0,12.8,11.0,12.9,-16.77,280.0,-36.36,5,5,2003,0
2003-05-31,台北二,SE6 青蔥 粉蔥 ,13.0,13.0,13.0,13.0,0.78,60.0,-78.57,5,6,2003,0
2003-06-01,台北二,SE6 青蔥 粉蔥 ,,,,,,,,6,7,2003,1
2003-06-02,台北二,SE6 青蔥 粉蔥 ,,,,,,,,6,1,2003,1
2003-06-03,台北二,SE6 青蔥 粉蔥 ,,,,,,,,6,2,2003,1
2003-06-04,台北二,SE6 青蔥 粉蔥 ,,,,,,,,6,3,2003,1
2003-06-05,台北二,SE6 青蔥 粉蔥 ,,,,,,,,6,4,2003,1
2003-06-06,台北二,SE6 青蔥 粉蔥 ,,,,,,,,6,5,2003,1
2003-06-07,台北二,SE6 青蔥 粉蔥 ,,,,,,,,6,6,2003,1
2003-06-08,台北二,SE6 青蔥 粉蔥 ,,,,,,,,6,7,2003,1
2003-06-09,台北二,SE6 青蔥 粉蔥 ,,,,,,,,6,1,2003,1
2003-06-10,台北二,SE6 青蔥 粉蔥 ,,,,,,,,6,2,2003,1
2003-06-11,台北二,SE6 青蔥 粉蔥 ,,,,,,,,6,3,2003,1
2003-06-12,台北二,SE6 青蔥 粉蔥 ,,,,,,,,6,4,2003,1
2003-06-13,台北二,SE6 青蔥 粉蔥 ,,,,,,,,6,5,2003,1
2003-06-14,台北二,SE6 青蔥 粉蔥 ,,,,,,,,6,6,2003,1
2003-06-15,台北二,SE6 青蔥 粉蔥 ,,,,,,,,6,7,2003,1
2003-06-16,台北二,SE6 青蔥 粉蔥 ,,,,,,,,6,1,2003,1
2003-06-17,台北二,SE6 青蔥 粉蔥 ,,,,,,,,6,2,2003,1
2003-06-18,台北二,SE6 青蔥 粉蔥 ,,,,,,,,6,3,2003,1
2003-06-19,台北二,SE6 青蔥 粉蔥 ,,,,,,,,6,4,2003,1
2003-06-20,台北二,SE6 青蔥 粉蔥 ,,,,,,,,6,5,2003,1
2003-06-21,台北二,SE6 青蔥 粉蔥 ,,,,,,,,6,6,2003,1
2003-06-22,台北二,SE6 青蔥 粉蔥 ,,,,,,,,6,7,2003,1
2003-06-23,台北二,SE6 青蔥 粉蔥 ,,,,,,,,6,1,2003,1
2003-06-24,台北二,SE6 青蔥 粉蔥 ,10.0,10.0,10.0,10.0,-23.08,40.0,-33.33,6,2,2003,0
2003-06-25,台北二,SE6 青蔥 粉蔥 ,,,,,,,,6,3,2003,1
2003-06-26,台北二,SE6 青蔥 粉蔥 ,,,,,,,,6,4,2003,1
2003-06-27,台北二,SE6 青蔥 粉蔥 ,,,,,,,,6,5,2003,1
2003-06-28,台北二,SE6 青蔥 粉蔥 ,,,,,,,,6,6,2003,1
2003-06-29,台北二,SE6 青蔥 粉蔥 ,,,,,,,,6,7,2003,1
2003-06-30,台北二,SE6 青蔥 粉蔥 ,,,,,,,,6,1,2003,1
2003-07-01,台北二,SE6 青蔥 粉蔥 ,14.7,9.7,7.5,10.3,3.0,1129.0,2722.5,7,2,2003,0
2003-07-02,台北二,SE6 青蔥 粉蔥 ,,,,,,,,7,3,2003,1
2003-07-03,台北二,SE6 青蔥 粉蔥 ,,,,,,,,7,4,2003,1
2003-07-04,台北二,SE6 青蔥 粉蔥 ,,,,,,,,7,5,2003,1
2003-07-05,台北二,SE6 青蔥 粉蔥 ,,,,,,,,7,6,2003,1
2003-07-06,台北二,SE6 青蔥 粉蔥 ,,,,,,,,7,7,2003,1
2003-07-07,台北二,SE6 青蔥 粉蔥 ,,,,,,,,7,1,2003,1
2003-07-08,台北二,SE6 青蔥 粉蔥 ,,,,,,,,7,2,2003,1
2003-07-09,台北二,SE6 青蔥 粉蔥 ,,,,,,,,7,3,2003,1
2003-07-10,台北二,SE6 青蔥 粉蔥 ,,,,,,,,7,4,2003,1
2003-07-11,台北二,SE6 青蔥 粉蔥 ,,,,,,,,7,5,2003,1
2003-07-12,台北二,SE6 青蔥 粉蔥 ,,,,,,,,7,6,2003,1
2003-07-13,台北二,SE6 青蔥 粉蔥 ,,,,,,,,7,7,2003,1
2003-07-14,台北二,SE6 青蔥 粉蔥 ,,,,,,,,7,1,2003,1
2003-07-15,台北二,SE6 青蔥 粉蔥 ,20.3,17.5,14.1,17.4,68.93,1629.0,44.29,7,2,2003,0
2003-07-16,台北二,SE6 青蔥 粉蔥 ,16.0,16.0,16.0,16.0,-8.05,100.0,-93.86,7,3,2003,0
2003-07-17,台北二,SE6 青蔥 粉蔥 ,9.0,9.0,9.0,9.0,-43.75,120.0,20.0,7,4,2003,0
2003-07-18,台北二,SE6 青蔥 粉蔥 ,8.0,8.0,8.0,8.0,-11.11,100.0,-16.67,7,5,2003,0
2003-07-19,台北二,SE6 青蔥 粉蔥 ,,,,,,,,7,6,2003,1
2003-07-20,台北二,SE6 青蔥 粉蔥 ,,,,,,,,7,7,2003,1
2003-07-21,台北二,SE6 青蔥 粉蔥 ,,,,,,,,7,1,2003,1
2003-07-22,台北二,SE6 青蔥 粉蔥 ,,,,,,,,7,2,2003,1
2003-07-23,台北二,SE6 青蔥 粉蔥 ,,,,,,,,7,3,2003,1
2003-07-24,台北二,SE6 青蔥 粉蔥 ,,,,,,,,7,4,2003,1
2003-07-25,台北二,SE6 青蔥 粉蔥 ,,,,,,,,7,5,2003,1
2003-07-26,台北二,SE6 青蔥 粉蔥 ,,,,,,,,7,6,2003,1
2003-07-27,台北二,SE6 青蔥 粉蔥 ,,,,,,,,7,7,2003,1
2003-07-28,台北二,SE6 青蔥 粉蔥 ,,,,,,,,7,1,2003,1
2003-07-29,台北二,SE6 青蔥 粉蔥 ,8.0,8.0,8.0,8.0,0.0,40.0,-60.0,7,2,2003,0
2003-07-30,台北二,SE6 青蔥 粉蔥 ,,,,,,,,7,3,2003,1
2003-07-31,台北二,SE6 青蔥 粉蔥 ,,,,,,,,7,4,2003,1
2003-08-01,台北二,SE6 青蔥 粉蔥 ,,,,,,,,8,5,2003,1
2003-08-02,台北二,SE6 青蔥 粉蔥 ,,,,,,,,8,6,2003,1
2003-08-03,台北二,SE6 青蔥 粉蔥 ,,,,,,,,8,7,2003,1
2003-08-04,台北二,SE6 青蔥 粉蔥 ,,,,,,,,8,1,2003,1
2003-08-05,台北二,SE6 青蔥 粉蔥 ,,,,,,,,8,2,2003,1
2003-08-06,台北二,SE6 青蔥 粉蔥 ,,,,,,,,8,3,2003,1
2003-08-07,台北二,SE6 青蔥 粉蔥 ,,,,,,,,8,4,2003,1
2003-08-08,台北二,SE6 青蔥 粉蔥 ,,,,,,,,8,5,2003,1
2003-08-09,台北二,SE6 青蔥 粉蔥 ,,,,,,,,8,6,2003,1
2003-08-10,台北二,SE6 青蔥 粉蔥 ,,,,,,,,8,7,2003,1
2003-08-11,台北二,SE6 青蔥 粉蔥 ,,,,,,,,8,1,2003,1
2003-08-12,台北二,SE6 青蔥 粉蔥 ,,,,,,,,8,2,2003,1
2003-08-13,台北二,SE6 青蔥 粉蔥 ,,,,,,,,8,3,2003,1
2003-08-14,台北二,SE6 青蔥 粉蔥 ,,,,,,,,8,4,2003,1
2003-08-15,台北二,SE6 青蔥 粉蔥 ,,,,,,,,8,5,2003,1
2003-08-16,台北二,SE6 青蔥 粉蔥 ,,,,,,,,8,6,2003,1
2003-08-17,台北二,SE6 青蔥 粉蔥 ,15.0,15.0,15.0,15.0,87.5,40.0,0.0,8,7,2003,0
2003-08-18,台北二,SE6 青蔥 粉蔥 ,,,,,,,,8,1,2003,1
2003-08-19,台北二,SE6 青蔥 粉蔥 ,,,,,,,,8,2,2003,1
2003-08-20,台北二,SE6 青蔥 粉蔥 ,,,,,,,,8,3,2003,1
2003-08-21,台北二,SE6 青蔥 粉蔥 ,,,,,,,,8,4,2003,1
2003-08-22,台北二,SE6 青蔥 粉蔥 ,18.0,18.0,18.0,18.0,20.0,40.0,0.0,8,5,2003,0
2003-08-23,台北二,SE6 青蔥 粉蔥 ,,,,,,,,8,6,2003,1
2003-08-24,台北二,SE6 青蔥 粉蔥 ,23.0,20.7,16.0,20.2,12.22,200.0,400.0,8,7,2003,0
2003-08-25,台北二,SE6 青蔥 粉蔥 ,,,,,,,,8,1,2003,1
2003-08-26,台北二,SE6 青蔥 粉蔥 ,,,,,,,,8,2,2003,1
2003-08-27,台北二,SE6 青蔥 粉蔥 ,,,,,,,,8,3,2003,1
2003-08-28,台北二,SE6 青蔥 粉蔥 ,,,,,,,,8,4,2003,1
2003-08-29,台北二,SE6 青蔥 粉蔥 ,,,,,,,,8,5,2003,1
2003-08-30,台北二,SE6 青蔥 粉蔥 ,22.0,22.0,22.0,22.0,8.91,100.0,-50.0,8,6,2003,0
2003-08-31,台北二,SE6 青蔥 粉蔥 ,,,,,,,,8,7,2003,1
2003-09-01,台北二,SE6 青蔥 粉蔥 ,,,,,,,,9,1,2003,1
2003-09-02,台北二,SE6 青蔥 粉蔥 ,23.0,23.0,23.0,23.0,4.55,60.0,-40.0,9,2,2003,0
2003-09-03,台北二,SE6 青蔥 粉蔥 ,,,,,,,,9,3,2003,1
2003-09-04,台北二,SE6 青蔥 粉蔥 ,14.9,13.0,13.0,13.4,-41.74,124.0,106.67,9,4,2003,0
2003-09-05,台北二,SE6 青蔥 粉蔥 ,,,,,,,,9,5,2003,1
2003-09-06,台北二,SE6 青蔥 粉蔥 ,8.0,8.0,8.0,8.0,-40.3,18.0,-85.48,9,6,2003,0
2003-09-07,台北二,SE6 青蔥 粉蔥 ,,,,,,,,9,7,2003,1
2003-09-08,台北二,SE6 青蔥 粉蔥 ,,,,,,,,9,1,2003,1
2003-09-09,台北二,SE6 青蔥 粉蔥 ,,,,,,,,9,2,2003,1
2003-09-10,台北二,SE6 青蔥 粉蔥 ,,,,,,,,9,3,2003,1
2003-09-11,台北二,SE6 青蔥 粉蔥 ,,,,,,,,9,4,2003,1
2003-09-12,台北二,SE6 青蔥 粉蔥 ,,,,,,,,9,5,2003,1
2003-09-13,台北二,SE6 青蔥 粉蔥 ,,,,,,,,9,6,2003,1
2003-09-14,台北二,SE6 青蔥 粉蔥 ,,,,,,,,9,7,2003,1
2003-09-15,台北二,SE6 青蔥 粉蔥 ,,,,,,,,9,1,2003,1
2003-09-16,台北二,SE6 青蔥 粉蔥 ,,,,,,,,9,2,2003,1
2003-09-17,台北二,SE6 青蔥 粉蔥 ,,,,,,,,9,3,2003,1
2003-09-18,台北二,SE6 青蔥 粉蔥 ,,,,,,,,9,4,2003,1
2003-09-19,台北二,SE6 青蔥 粉蔥 ,,,,,,,,9,5,2003,1
2003-09-20,台北二,SE6 青蔥 粉蔥 ,,,,,,,,9,6,2003,1
2003-09-21,台北二,SE6 青蔥 粉蔥 ,,,,,,,,9,7,2003,1
2003-09-22,台北二,SE6 青蔥 粉蔥 ,,,,,,,,9,1,2003,1
2003-09-23,台北二,SE6 青蔥 粉蔥 ,,,,,,,,9,2,2003,1
2003-09-24,台北二,SE6 青蔥 粉蔥 ,,,,,,,,9,3,2003,1
2003-09-25,台北二,SE6 青蔥 粉蔥 ,,,,,,,,9,4,2003,1
2003-09-26,台北二,SE6 青蔥 粉蔥 ,,,,,,,,9,5,2003,1
2003-09-27,台北二,SE6 青蔥 粉蔥 ,,,,,,,,9,6,2003,1
2003-09-28,台北二,SE6 青蔥 粉蔥 ,,,,,,,,9,7,2003,1
2003-09-29,台北二,SE6 青蔥 粉蔥 ,,,,,,,,9,1,2003,1
2003-09-30,台北二,SE6 青蔥 粉蔥 ,35.0,35.0,35.0,35.0,337.5,40.0,122.22,9,2,2003,0
2003-10-01,台北二,SE6 青蔥 粉蔥 ,38.0,38.0,38.0,38.0,8.57,60.0,50.0,10,3,2003,0
2003-10-02,台北二,SE6 青蔥 粉蔥 ,,,,,,,,10,4,2003,1
2003-10-03,台北二,SE6 青蔥 粉蔥 ,34.0,34.0,34.0,34.0,-10.53,60.0,0.0,10,5,2003,0
2003-10-04,台北二,SE6 青蔥 粉蔥 ,32.0,32.0,32.0,32.0,-5.88,40.0,-33.33,10,6,2003,0
2003-10-05,台北二,SE6 青蔥 粉蔥 ,,,,,,,,10,7,2003,1
2003-10-06,台北二,SE6 青蔥 粉蔥 ,,,,,,,,10,1,2003,1
2003-10-07,台北二,SE6 青蔥 粉蔥 ,,,,,,,,10,2,2003,1
2003-10-08,台北二,SE6 青蔥 粉蔥 ,,,,,,,,10,3,2003,1
2003-10-09,台北二,SE6 青蔥 粉蔥 ,,,,,,,,10,4,2003,1
2003-10-10,台北二,SE6 青蔥 粉蔥 ,,,,,,,,10,5,2003,1
2003-10-11,台北二,SE6 青蔥 粉蔥 ,,,,,,,,10,6,2003,1
2003-10-12,台北二,SE6 青蔥 粉蔥 ,,,,,,,,10,7,2003,1
2003-10-13,台北二,SE6 青蔥 粉蔥 ,,,,,,,,10,1,2003,1
2003-10-14,台北二,SE6 青蔥 粉蔥 ,,,,,,,,10,2,2003,1
2003-10-15,台北二,SE6 青蔥 粉蔥 ,,,,,,,,10,3,2003,1
2003-10-16,台北二,SE6 青蔥 粉蔥 ,,,,,,,,10,4,2003,1
2003-10-17,台北二,SE6 青蔥 粉蔥 ,,,,,,,,10,5,2003,1
2003-10-18,台北二,SE6 青蔥 粉蔥 ,,,,,,,,10,6,2003,1
2003-10-19,台北二,SE6 青蔥 粉蔥 ,,,,,,,,10,7,2003,1
2003-10-20,台北二,SE6 青蔥 粉蔥 ,,,,,,,,10,1,2003,1
2003-10-21,台北二,SE6 青蔥 粉蔥 ,38.0,38.0,38.0,38.0,18.75,40.0,0.0,10,2,2003,0
2003-10-22,台北二,SE6 青蔥 粉蔥 ,40.0,40.0,40.0,40.0,5.26,60.0,50.0,10,3,2003,0
2003-10-23,台北二,SE6 青蔥 粉蔥 ,,,,,,,,10,4,2003,1
2003-10-24,台北二,SE6 青蔥 粉蔥 ,,,,,,,,10,5,2003,1
2003-10-25,台北二,SE6 青蔥 粉蔥 ,,,,,,,,10,6,2003,1
2003-10-26,台北二,SE6 青蔥 粉蔥 ,,,,,,,,10,7,2003,1
2003-10-27,台北二,SE6 青蔥 粉蔥 ,,,,,,,,10,1,2003,1
2003-10-28,台北二,SE6 青蔥 粉蔥 ,,,,,,,,10,2,2003,1
2003-10-29,台北二,SE6 青蔥 粉蔥 ,,,,,,,,10,3,2003,1
2003-10-30,台北二,SE6 青蔥 粉蔥 ,,,,,,,,10,4,2003,1
2003-10-31,台北二,SE6 青蔥 粉蔥 ,,,,,,,,10,5,2003,1
2003-11-01,台北二,SE6 青蔥 粉蔥 ,,,,,,,,11,6,2003,1
2003-11-02,台北二,SE6 青蔥 粉蔥 ,,,,,,,,11,7,2003,1
2003-11-03,台北二,SE6 青蔥 粉蔥 ,,,,,,,,11,1,2003,1
2003-11-04,台北二,SE6 青蔥 粉蔥 ,,,,,,,,11,2,2003,1
2003-11-05,台北二,SE6 青蔥 粉蔥 ,,,,,,,,11,3,2003,1
2003-11-06,台北二,SE6 青蔥 粉蔥 ,,,,,,,,11,4,2003,1
2003-11-07,台北二,SE6 青蔥 粉蔥 ,,,,,,,,11,5,2003,1
2003-11-08,台北二,SE6 青蔥 粉蔥 ,,,,,,,,11,6,2003,1
2003-11-09,台北二,SE6 青蔥 粉蔥 ,,,,,,,,11,7,2003,1
2003-11-10,台北二,SE6 青蔥 粉蔥 ,,,,,,,,11,1,2003,1
2003-11-11,台北二,SE6 青蔥 粉蔥 ,46.0,45.3,45.0,45.4,13.5,320.0,433.33,11,2,2003,0
2003-11-12,台北二,SE6 青蔥 粉蔥 ,45.0,45.0,41.0,44.2,-2.64,380.0,18.75,11,3,2003,0
2003-11-13,台北二,SE6 青蔥 粉蔥 ,45.0,44.5,35.0,42.7,-3.39,260.0,-31.58,11,4,2003,0
2003-11-14,台北二,SE6 青蔥 粉蔥 ,43.0,43.0,43.0,43.0,0.7,200.0,-23.08,11,5,2003,0
2003-11-15,台北二,SE6 青蔥 粉蔥 ,43.0,43.0,43.0,43.0,0.0,220.0,10.0,11,6,2003,0
2003-11-16,台北二,SE6 青蔥 粉蔥 ,43.0,43.0,43.0,43.0,0.0,200.0,-9.09,11,7,2003,0
2003-11-17,台北二,SE6 青蔥 粉蔥 ,,,,,,,,11,1,2003,1
2003-11-18,台北二,SE6 青蔥 粉蔥 ,47.0,45.5,45.0,45.7,6.28,460.0,130.0,11,2,2003,0
2003-11-19,台北二,SE6 青蔥 粉蔥 ,51.0,49.4,20.7,44.0,-3.72,565.0,22.83,11,3,2003,0
2003-11-20,台北二,SE6 青蔥 粉蔥 ,54.2,46.6,26.9,44.2,0.45,1000.0,76.99,11,4,2003,0
2003-11-21,台北二,SE6 青蔥 粉蔥 ,44.6,41.2,35.5,40.8,-7.69,960.0,-4.0,11,5,2003,0
2003-11-22,台北二,SE6 青蔥 粉蔥 ,52.0,45.7,38.3,45.5,11.52,1200.0,25.0,11,6,2003,0
2003-11-23,台北二,SE6 青蔥 粉蔥 ,67.2,46.1,29.7,47.0,3.3,2935.0,144.58,11,7,2003,0
2003-11-24,台北二,SE6 青蔥 粉蔥 ,,,,,,,,11,1,2003,1
2003-11-25,台北二,SE6 青蔥 粉蔥 ,57.1,51.7,48.3,52.1,10.85,1140.0,-61.16,11,2,2003,0
2003-11-26,台北二,SE6 青蔥 粉蔥 ,44.6,40.3,37.9,40.7,-21.88,1280.0,12.28,11,3,2003,0
2003-11-27,台北二,SE6 青蔥 粉蔥 ,49.1,42.9,34.9,42.5,4.42,1180.0,-7.81,11,4,2003,0
2003-11-28,台北二,SE6 青蔥 粉蔥 ,62.0,52.3,41.6,52.1,22.59,1080.0,-8.47,11,5,2003,0
2003-11-29,台北二,SE6 青蔥 粉蔥 ,60.5,59.1,56.2,58.8,12.86,1160.0,7.41,11,6,2003,0
2003-11-30,台北二,SE6 青蔥 粉蔥 ,70.0,67.5,61.6,66.8,13.61,1408.0,21.38,11,7,2003,0
2003-12-01,台北二,SE6 青蔥 粉蔥 ,,,,,,,,12,1,2003,1
2003-12-02,台北二,SE6 青蔥 粉蔥 ,72.2,68.6,55.6,66.7,-0.15,1790.0,27.13,12,2,2003,0
2003-12-03,台北二,SE6 青蔥 粉蔥 ,69.0,57.3,50.0,58.2,-12.74,1900.0,6.15,12,3,2003,0
2003-12-04,台北二,SE6 青蔥 粉蔥 ,53.5,44.1,38.6,44.9,-22.85,2200.0,15.79,12,4,2003,0
2003-12-05,台北二,SE6 青蔥 粉蔥 ,45.0,41.5,36.0,41.1,-8.46,1900.0,-13.64,12,5,2003,0
2003-12-06,台北二,SE6 青蔥 粉蔥 ,46.6,38.6,31.5,38.8,-5.6,2020.0,6.32,12,6,2003,0
2003-12-07,台北二,SE6 青蔥 粉蔥 ,45.4,40.8,35.0,40.6,4.64,2100.0,3.96,12,7,2003,0
2003-12-08,台北二,SE6 青蔥 粉蔥 ,,,,,,,,12,1,2003,1
2003-12-09,台北二,SE6 青蔥 粉蔥 ,72.2,58.5,43.5,58.2,43.35,1660.0,-20.95,12,2,2003,0
2003-12-10,台北二,SE6 青蔥 粉蔥 ,61.9,48.9,33.4,48.4,-16.84,1960.0,18.07,12,3,2003,0
2003-12-11,台北二,SE6 青蔥 粉蔥 ,60.1,46.5,27.2,45.4,-6.2,1260.0,-35.71,12,4,2003,0
2003-12-12,台北二,SE6 青蔥 粉蔥 ,45.6,37.6,33.4,38.4,-15.42,1320.0,4.76,12,5,2003,0
2003-12-13,台北二,SE6 青蔥 粉蔥 ,68.8,59.5,42.3,57.9,50.78,1040.0,-21.21,12,6,2003,0
2003-12-14,台北二,SE6 青蔥 粉蔥 ,69.6,59.8,48.2,59.4,2.59,2004.0,92.69,12,7,2003,0
2003-12-15,台北二,SE6 青蔥 粉蔥 ,,,,,,,,12,1,2003,1
2003-12-16,台北二,SE6 青蔥 粉蔥 ,60.1,45.4,34.9,46.2,-22.22,4841.0,141.57,12,2,2003,0
2003-12-17,台北二,SE6 青蔥 粉蔥 ,60.0,39.7,30.0,41.9,-9.31,2840.0,-41.33,12,3,2003,0
2003-12-18,台北二,SE6 青蔥 粉蔥 ,54.9,38.5,29.9,40.1,-4.3,3820.0,34.51,12,4,2003,0
2003-12-19,台北二,SE6 青蔥 粉蔥 ,60.2,49.9,36.4,49.3,22.94,2088.0,-45.34,12,5,2003,0
2003-12-20,台北二,SE6 青蔥 粉蔥 ,58.7,51.5,39.9,50.6,2.64,1640.0,-21.46,12,6,2003,0
2003-12-21,台北二,SE6 青蔥 粉蔥 ,53.0,40.1,31.5,41.0,-18.97,6030.0,267.68,12,7,2003,0
2003-12-22,台北二,SE6 青蔥 粉蔥 ,,,,,,,,12,1,2003,1
2003-12-23,台北二,SE6 青蔥 粉蔥 ,57.9,47.7,41.3,48.5,18.29,3100.0,-48.59,12,2,2003,0
2003-12-24,台北二,SE6 青蔥 粉蔥 ,61.0,48.4,34.5,48.1,-0.82,3119.0,0.61,12,3,2003,0
2003-12-25,台北二,SE6 青蔥 粉蔥 ,58.5,47.0,37.9,47.5,-1.25,2780.0,-10.87,12,4,2003,0
2003-12-26,台北二,SE6 青蔥 粉蔥 ,58.6,38.3,27.7,40.3,-15.16,4075.0,46.58,12,5,2003,0
2003-12-27,台北二,SE6 青蔥 粉蔥 ,55.9,49.1,38.5,48.3,19.85,2240.0,-45.03,12,6,2003,0
2003-12-28,台北二,SE6 青蔥 粉蔥 ,53.2,44.0,32.7,43.6,-9.73,2380.0,6.25,12,7,2003,0
2003-12-29,台北二,SE6 青蔥 粉蔥 ,,,,,,,,12,1,2003,1
2003-12-30,台北二,SE6 青蔥 粉蔥 ,60.0,56.2,48.5,55.4,27.06,2420.0,1.68,12,2,2003,0
2003-12-31,台北二,SE6 青蔥 粉蔥 ,70.0,65.3,57.7,64.7,16.79,1390.0,-42.56,12,3,2003,0
2004-01-01,台北二,SE6 青蔥 粉蔥 ,78.3,69.9,63.0,70.2,8.5,1565.0,12.59,1,4,2004,0
2004-01-02,台北二,SE6 青蔥 粉蔥 ,72.3,64.3,49.5,62.9,-10.4,1416.0,-9.52,1,5,2004,0
2004-01-03,台北二,SE6 青蔥 粉蔥 ,66.7,55.6,43.8,55.4,-11.92,2032.0,43.5,1,6,2004,0
2004-01-04,台北二,SE6 青蔥 粉蔥 ,67.5,55.4,41.8,55.1,-0.54,3615.0,77.9,1,7,2004,0
2004-01-05,台北二,SE6 青蔥 粉蔥 ,,,,,,,,1,1,2004,1
2004-01-06,台北二,SE6 青蔥 粉蔥 ,60.9,52.5,42.4,52.2,-5.26,2940.0,-18.67,1,2,2004,0
2004-01-07,台北二,SE6 青蔥 粉蔥 ,52.5,42.6,24.5,40.9,-21.65,4795.0,63.1,1,3,2004,0
2004-01-08,台北二,SE6 青蔥 粉蔥 ,53.2,37.6,24.3,38.1,-6.85,3710.0,-22.63,1,4,2004,0
2004-01-09,台北二,SE6 青蔥 粉蔥 ,52.7,38.8,27.8,39.4,3.41,4088.0,10.19,1,5,2004,0
2004-01-10,台北二,SE6 青蔥 粉蔥 ,50.1,44.3,28.9,42.4,7.61,4148.0,1.47,1,6,2004,0
2004-01-11,台北二,SE6 青蔥 粉蔥 ,56.4,45.9,35.8,46.0,8.49,5284.0,27.39,1,7,2004,0
2004-01-12,台北二,SE6 青蔥 粉蔥 ,,,,,,,,1,1,2004,1
2004-01-13,台北二,SE6 青蔥 粉蔥 ,53.0,45.5,35.2,44.9,-2.39,5663.0,7.17,1,2,2004,0
2004-01-14,台北二,SE6 青蔥 粉蔥 ,57.1,41.5,31.2,42.5,-5.35,5187.0,-8.41,1,3,2004,0
2004-01-15,台北二,SE6 青蔥 粉蔥 ,52.1,40.7,22.2,39.3,-7.53,3260.0,-37.15,1,4,2004,0
2004-01-16,台北二,SE6 青蔥 粉蔥 ,46.9,37.8,29.1,37.9,-3.56,5483.0,68.19,1,5,2004,0
2004-01-17,台北二,SE6 青蔥 粉蔥 ,40.0,34.2,24.5,33.4,-11.87,7420.0,35.33,1,6,2004,0
2004-01-18,台北二,SE6 青蔥 粉蔥 ,46.7,39.0,29.3,38.6,15.57,5620.0,-24.26,1,7,2004,0
2004-01-19,台北二,SE6 青蔥 粉蔥 ,52.6,42.8,35.3,43.3,12.18,7820.0,39.15,1,1,2004,0
2004-01-20,台北二,SE6 青蔥 粉蔥 ,41.9,35.5,27.8,35.2,-18.71,7362.0,-5.86,1,2,2004,0
2004-01-21,台北二,SE6 青蔥 粉蔥 ,46.1,25.6,18.8,28.4,-19.32,6060.0,-17.69,1,3,2004,0
2004-01-22,台北二,SE6 青蔥 粉蔥 ,,,,,,,,1,4,2004,1
2004-01-23,台北二,SE6 青蔥 粉蔥 ,,,,,,,,1,5,2004,1
2004-01-24,台北二,SE6 青蔥 粉蔥 ,,,,,,,,1,6,2004,1
2004-01-25,台北二,SE6 青蔥 粉蔥 ,,,,,,,,1,7,2004,1
2004-01-26,台北二,SE6 青蔥 粉蔥 ,,,,,,,,1,1,2004,1
2004-01-27,台北二,SE6 青蔥 粉蔥 ,55.9,45.3,38.4,46.0,61.97,2980.0,-50.83,1,2,2004,0
2004-01-28,台北二,SE6 青蔥 粉蔥 ,62.8,51.0,43.6,51.9,12.83,1820.0,-38.93,1,3,2004,0
2004-01-29,台北二,SE6 青蔥 粉蔥 ,56.2,43.5,37.4,44.8,-13.68,3473.0,90.82,1,4,2004,0
2004-01-30,台北二,SE6 青蔥 粉蔥 ,44.6,36.6,28.2,36.5,-18.53,4260.0,22.66,1,5,2004,0
2004-01-31,台北二,SE6 青蔥 粉蔥 ,47.3,37.9,28.7,37.9,3.84,4141.0,-2.79,1,6,2004,0
2004-02-01,台北二,SE6 青蔥 粉蔥 ,48.0,40.3,31.5,40.1,5.8,4012.0,-3.12,2,7,2004,0
2004-02-02,台北二,SE6 青蔥 粉蔥 ,,,,,,,,2,1,2004,1
2004-02-03,台北二,SE6 青蔥 粉蔥 ,51.3,44.5,38.2,44.6,11.22,3290.0,-18.0,2,2,2004,0
2004-02-04,台北二,SE6 青蔥 粉蔥 ,47.3,40.3,28.9,39.4,-11.66,3079.0,-6.41,2,3,2004,0
2004-02-05,台北二,SE6 青蔥 粉蔥 ,46.4,33.1,24.8,34.1,-13.45,6397.0,107.76,2,4,2004,0
2004-02-06,台北二,SE6 青蔥 粉蔥 ,,,,,,,,2,5,2004,1
2004-02-07,台北二,SE6 青蔥 粉蔥 ,59.1,49.7,41.1,49.9,46.33,4260.0,-33.41,2,6,2004,0
2004-02-08,台北二,SE6 青蔥 粉蔥 ,59.5,47.0,39.9,48.1,-3.61,4442.0,4.27,2,7,2004,0
2004-02-09,台北二,SE6 青蔥 粉蔥 ,,,,,,,,2,1,2004,1
2004-02-10,台北二,SE6 青蔥 粉蔥 ,58.1,46.8,36.7,47.1,-2.08,4959.0,11.64,2,2,2004,0
2004-02-11,台北二,SE6 青蔥 粉蔥 ,55.2,45.3,35.1,45.2,-4.03,5748.0,15.91,2,3,2004,0
2004-02-12,台北二,SE6 青蔥 粉蔥 ,49.2,34.4,27.3,36.0,-20.35,6566.0,14.23,2,4,2004,0
2004-02-13,台北二,SE6 青蔥 粉蔥 ,45.6,33.4,24.1,34.0,-5.56,5788.0,-11.85,2,5,2004,0
2004-02-14,台北二,SE6 青蔥 粉蔥 ,43.2,31.4,22.5,32.0,-5.88,6333.0,9.42,2,6,2004,0
2004-02-15,台北二,SE6 青蔥 粉蔥 ,45.7,34.1,25.3,34.7,8.44,5887.0,-7.04,2,7,2004,0
2004-02-16,台北二,SE6 青蔥 粉蔥 ,,,,,,,,2,1,2004,1
2004-02-17,台北二,SE6 青蔥 粉蔥 ,47.3,39.9,28.1,39.0,12.39,4490.0,-23.73,2,2,2004,0
2004-02-18,台北二,SE6 青蔥 粉蔥 ,44.8,34.4,26.8,35.0,-10.26,5640.0,25.61,2,3,2004,0
2004-02-19,台北二,SE6 青蔥 粉蔥 ,44.5,31.9,25.1,33.0,-5.71,5024.0,-10.92,2,4,2004,0
2004-02-20,台北二,SE6 青蔥 粉蔥 ,39.5,28.3,20.5,29.0,-12.12,6016.0,19.75,2,5,2004,0
2004-02-21,台北二,SE6 青蔥 粉蔥 ,39.6,26.5,19.2,27.7,-4.48,6609.0,9.86,2,6,2004,0
2004-02-22,台北二,SE6 青蔥 粉蔥 ,44.9,28.2,20.1,29.9,7.94,6714.0,1.59,2,7,2004,0
2004-02-23,台北二,SE6 青蔥 粉蔥 ,,,,,,,,2,1,2004,1
2004-02-24,台北二,SE6 青蔥 粉蔥 ,47.5,32.4,20.6,33.0,10.37,6765.0,0.76,2,2,2004,0
2004-02-25,台北二,SE6 青蔥 粉蔥 ,42.6,32.1,22.8,32.3,-2.12,5344.0,-21.01,2,3,2004,0
2004-02-26,台北二,SE6 青蔥 粉蔥 ,42.6,29.9,19.2,30.3,-6.19,5979.0,11.88,2,4,2004,0
2004-02-27,台北二,SE6 青蔥 粉蔥 ,42.9,30.8,21.9,31.4,3.63,5355.0,-10.44,2,5,2004,0
2004-02-28,台北二,SE6 青蔥 粉蔥 ,37.3,28.9,22.9,29.4,-6.37,5547.0,3.59,2,6,2004,0
2004-02-29,台北二,SE6 青蔥 粉蔥 ,41.4,32.6,21.3,32.1,9.18,6460.0,16.46,2,7,2004,0
2004-03-01,台北二,SE6 青蔥 粉蔥 ,,,,,,,,3,1,2004,1
2004-03-02,台北二,SE6 青蔥 粉蔥 ,47.8,30.9,22.0,32.5,1.25,6040.0,-6.5,3,2,2004,0
2004-03-03,台北二,SE6 青蔥 粉蔥 ,49.8,29.4,19.6,31.5,-3.08,5960.0,-1.32,3,3,2004,0
2004-03-04,台北二,SE6 青蔥 粉蔥 ,46.0,31.3,23.7,32.7,3.81,5040.0,-15.44,3,4,2004,0
2004-03-05,台北二,SE6 青蔥 粉蔥 ,38.4,30.9,21.9,30.6,-6.42,6419.0,27.36,3,5,2004,0
2004-03-06,台北二,SE6 青蔥 粉蔥 ,40.4,32.8,23.1,32.3,5.56,5935.0,-7.54,3,6,2004,0
2004-03-07,台北二,SE6 青蔥 粉蔥 ,49.3,33.6,24.4,34.9,8.05,5832.0,-1.74,3,7,2004,0
2004-03-08,台北二,SE6 青蔥 粉蔥 ,,,,,,,,3,1,2004,1
2004-03-09,台北二,SE6 青蔥 粉蔥 ,42.1,34.9,26.4,34.6,-0.86,6587.0,12.95,3,2,2004,0
2004-03-10,台北二,SE6 青蔥 粉蔥 ,46.1,32.9,25.4,34.0,-1.73,5480.0,-16.81,3,3,2004,0
2004-03-11,台北二,SE6 青蔥 粉蔥 ,41.7,31.8,23.2,32.0,-5.88,6066.0,10.69,3,4,2004,0
2004-03-12,台北二,SE6 青蔥 粉蔥 ,36.5,26.8,21.0,27.6,-13.75,6887.0,13.53,3,5,2004,0
2004-03-13,台北二,SE6 青蔥 粉蔥 ,34.0,24.8,18.7,25.4,-7.97,8037.0,16.7,3,6,2004,0
2004-03-14,台北二,SE6 青蔥 粉蔥 ,31.8,22.7,15.2,23.0,-9.45,8743.0,8.78,3,7,2004,0
2004-03-15,台北二,SE6 青蔥 粉蔥 ,,,,,,,,3,1,2004,1
2004-03-16,台北二,SE6 青蔥 粉蔥 ,39.1,28.6,19.2,28.9,25.65,6850.0,-21.65,3,2,2004,0
2004-03-17,台北二,SE6 青蔥 粉蔥 ,33.0,26.9,17.2,26.2,-9.34,6410.0,-6.42,3,3,2004,0
2004-03-18,台北二,SE6 青蔥 粉蔥 ,30.2,24.0,18.1,24.1,-8.02,6801.0,6.1,3,4,2004,0
2004-03-19,台北二,SE6 青蔥 粉蔥 ,32.3,26.3,17.8,25.8,7.05,6113.0,-10.12,3,5,2004,0
2004-03-20,台北二,SE6 青蔥 粉蔥 ,30.9,24.9,17.5,24.6,-4.65,7386.0,20.82,3,6,2004,0
2004-03-21,台北二,SE6 青蔥 粉蔥 ,32.4,25.7,19.1,25.7,4.47,6606.0,-10.56,3,7,2004,0
2004-03-22,台北二,SE6 青蔥 粉蔥 ,,,,,,,,3,1,2004,1
2004-03-23,台北二,SE6 青蔥 粉蔥 ,32.3,26.2,20.6,26.3,2.33,8525.0,29.05,3,2,2004,0
2004-03-24,台北二,SE6 青蔥 粉蔥 ,28.4,24.2,17.2,23.6,-10.27,4800.0,-43.7,3,3,2004,0
2004-03-25,台北二,SE6 青蔥 粉蔥 ,29.7,23.8,16.7,23.6,0.0,6570.0,36.88,3,4,2004,0
2004-03-26,台北二,SE6 青蔥 粉蔥 ,29.2,21.0,12.2,20.9,-11.44,7795.0,18.65,3,5,2004,0
2004-03-27,台北二,SE6 青蔥 粉蔥 ,26.3,19.8,10.8,19.3,-7.66,7063.0,-9.39,3,6,2004,0
2004-03-28,台北二,SE6 青蔥 粉蔥 ,31.8,23.0,14.0,23.0,19.17,7096.0,0.47,3,7,2004,0
2004-03-29,台北二,SE6 青蔥 粉蔥 ,,,,,,,,3,1,2004,1
2004-03-30,台北二,SE6 青蔥 粉蔥 ,27.7,19.4,12.3,19.7,-14.35,10732.0,51.24,3,2,2004,0
2004-03-31,台北二,SE6 青蔥 粉蔥 ,30.3,20.4,13.3,21.0,6.6,8030.0,-25.18,3,3,2004,0
2004-04-01,台北二,SE6 青蔥 粉蔥 ,27.2,20.0,12.8,20.0,-4.76,8495.0,5.79,4,4,2004,0
2004-04-02,台北二,SE6 青蔥 粉蔥 ,27.2,18.6,11.0,18.8,-6.0,10125.0,19.19,4,5,2004,0
2004-04-03,台北二,SE6 青蔥 粉蔥 ,35.3,24.3,13.7,24.4,29.79,11475.0,13.33,4,6,2004,0
2004-04-04,台北二,SE6 青蔥 粉蔥 ,,,,,,,,4,7,2004,1
2004-04-05,台北二,SE6 青蔥 粉蔥 ,,,,,,,,4,1,2004,1
2004-04-06,台北二,SE6 青蔥 粉蔥 ,31.6,26.8,18.3,26.1,6.97,6408.0,-44.16,4,2,2004,0
2004-04-07,台北二,SE6 青蔥 粉蔥 ,25.4,16.4,9.9,16.9,-35.25,11225.0,75.17,4,3,2004,0
2004-04-08,台北二,SE6 青蔥 粉蔥 ,23.0,13.9,9.8,14.9,-11.83,9395.0,-16.3,4,4,2004,0
2004-04-09,台北二,SE6 青蔥 粉蔥 ,23.2,15.6,10.3,16.0,7.38,7780.0,-17.19,4,5,2004,0
2004-04-10,台北二,SE6 青蔥 粉蔥 ,24.4,15.9,10.5,16.5,3.12,8965.0,15.23,4,6,2004,0
2004-04-11,台北二,SE6 青蔥 粉蔥 ,26.8,18.5,11.1,18.7,13.33,9679.0,7.96,4,7,2004,0
2004-04-12,台北二,SE6 青蔥 粉蔥 ,,,,,,,,4,1,2004,1
2004-04-13,台北二,SE6 青蔥 粉蔥 ,29.7,16.1,9.7,17.6,-5.88,10120.0,4.56,4,2,2004,0
2004-04-14,台北二,SE6 青蔥 粉蔥 ,26.2,19.7,11.2,19.3,9.66,6935.0,-31.47,4,3,2004,0
2004-04-15,台北二,SE6 青蔥 粉蔥 ,22.6,14.9,9.8,15.4,-20.21,8980.0,29.49,4,4,2004,0
2004-04-16,台北二,SE6 青蔥 粉蔥 ,27.6,18.0,10.6,18.4,19.48,7163.0,-20.23,4,5,2004,0
2004-04-17,台北二,SE6 青蔥 粉蔥 ,32.8,18.9,10.7,20.1,9.24,8950.0,24.95,4,6,2004,0
2004-04-18,台北二,SE6 青蔥 粉蔥 ,28.1,16.9,9.6,17.7,-11.94,10269.0,14.74,4,7,2004,0
2004-04-19,台北二,SE6 青蔥 粉蔥 ,,,,,,,,4,1,2004,1
2004-04-20,台北二,SE6 青蔥 粉蔥 ,31.3,16.7,9.9,18.3,3.39,9040.0,-11.97,4,2,2004,0
2004-04-21,台北二,SE6 青蔥 粉蔥 ,29.1,16.6,9.3,17.6,-3.83,7989.0,-11.63,4,3,2004,0
2004-04-22,台北二,SE6 青蔥 粉蔥 ,26.6,15.2,7.6,16.0,-9.09,7090.0,-11.25,4,4,2004,0
2004-04-23,台北二,SE6 青蔥 粉蔥 ,25.2,16.2,9.6,16.7,4.37,5800.0,-18.19,4,5,2004,0
2004-04-24,台北二,SE6 青蔥 粉蔥 ,25.8,17.5,8.3,17.3,3.59,6117.0,5.47,4,6,2004,0
2004-04-25,台北二,SE6 青蔥 粉蔥 ,37.5,27.6,18.0,27.7,60.12,5600.0,-8.45,4,7,2004,0
2004-04-26,台北二,SE6 青蔥 粉蔥 ,,,,,,,,4,1,2004,1
2004-04-27,台北二,SE6 青蔥 粉蔥 ,30.1,19.7,12.5,20.3,-26.71,8530.0,52.32,4,2,2004,0
2004-04-28,台北二,SE6 青蔥 粉蔥 ,24.9,14.9,10.4,16.0,-21.18,7740.0,-9.26,4,3,2004,0
2004-04-29,台北二,SE6 青蔥 粉蔥 ,24.0,13.2,8.6,14.5,-9.38,8004.0,3.41,4,4,2004,0
2004-04-30,台北二,SE6 青蔥 粉蔥 ,22.4,16.7,11.4,16.8,15.86,3660.0,-54.27,4,5,2004,0
2004-05-01,台北二,SE6 青蔥 粉蔥 ,21.5,13.0,6.7,13.4,-20.24,7274.0,98.74,5,6,2004,0
2004-05-02,台北二,SE6 青蔥 粉蔥 ,24.4,17.8,11.8,17.9,33.58,4954.0,-31.89,5,7,2004,0
2004-05-03,台北二,SE6 青蔥 粉蔥 ,,,,,,,,5,1,2004,1
2004-05-04,台北二,SE6 青蔥 粉蔥 ,27.8,17.8,10.0,18.3,2.23,6661.0,34.46,5,2,2004,0
2004-05-05,台北二,SE6 青蔥 粉蔥 ,24.6,12.8,7.8,14.2,-22.4,7500.0,12.6,5,3,2004,0
2004-05-06,台北二,SE6 青蔥 粉蔥 ,23.3,15.9,9.0,16.0,12.68,7250.0,-3.33,5,4,2004,0
2004-05-07,台北二,SE6 青蔥 粉蔥 ,26.1,14.2,8.9,15.5,-3.12,6943.0,-4.23,5,5,2004,0
2004-05-08,台北二,SE6 青蔥 粉蔥 ,22.8,14.0,9.3,14.9,-3.87,7861.0,13.22,5,6,2004,0
2004-05-09,台北二,SE6 青蔥 粉蔥 ,21.2,15.8,10.6,15.9,6.71,4898.0,-37.69,5,7,2004,0
2004-05-10,台北二,SE6 青蔥 粉蔥 ,,,,,,,,5,1,2004,1
2004-05-11,台北二,SE6 青蔥 粉蔥 ,30.1,16.9,9.8,18.1,13.84,7346.0,49.98,5,2,2004,0
2004-05-12,台北二,SE6 青蔥 粉蔥 ,28.9,13.2,8.2,15.4,-14.92,6745.0,-8.18,5,3,2004,0
2004-05-13,台北二,SE6 青蔥 粉蔥 ,22.7,10.0,5.7,11.7,-24.03,8795.0,30.39,5,4,2004,0
2004-05-14,台北二,SE6 青蔥 粉蔥 ,17.8,10.2,5.4,10.8,-7.69,7215.0,-17.96,5,5,2004,0
2004-05-15,台北二,SE6 青蔥 粉蔥 ,19.0,10.8,5.2,11.3,4.63,7882.0,9.24,5,6,2004,0
2004-05-16,台北二,SE6 青蔥 粉蔥 ,19.1,13.1,7.5,13.2,16.81,6724.0,-14.69,5,7,2004,0
2004-05-17,台北二,SE6 青蔥 粉蔥 ,,,,,,,,5,1,2004,1
2004-05-18,台北二,SE6 青蔥 粉蔥 ,22.7,15.6,10.5,16.0,21.21,6584.0,-2.08,5,2,2004,0
2004-05-19,台北二,SE6 青蔥 粉蔥 ,23.7,16.6,11.1,16.9,5.62,6005.0,-8.79,5,3,2004,0
2004-05-20,台北二,SE6 青蔥 粉蔥 ,21.8,12.6,7.2,13.3,-21.3,7335.0,22.15,5,4,2004,0
2004-05-21,台北二,SE6 青蔥 粉蔥 ,22.3,12.7,7.3,13.5,1.5,6314.0,-13.92,5,5,2004,0
2004-05-22,台北二,SE6 青蔥 粉蔥 ,22.0,14.7,7.9,14.8,9.63,5005.0,-20.73,5,6,2004,0
2004-05-23,台北二,SE6 青蔥 粉蔥 ,26.5,17.7,11.4,18.2,22.97,5756.0,15.0,5,7,2004,0
2004-05-24,台北二,SE6 青蔥 粉蔥 ,,,,,,,,5,1,2004,1
2004-05-25,台北二,SE6 青蔥 粉蔥 ,29.3,17.9,11.7,19.0,4.4,7972.0,38.5,5,2,2004,0
2004-05-26,台北二,SE6 青蔥 粉蔥 ,24.0,14.9,8.8,15.5,-18.42,7273.0,-8.77,5,3,2004,0
2004-05-27,台北二,SE6 青蔥 粉蔥 ,25.9,11.7,6.6,13.5,-12.9,6965.0,-4.23,5,4,2004,0
2004-05-28,台北二,SE6 青蔥 粉蔥 ,24.8,10.6,5.7,12.5,-7.41,6168.0,-11.44,5,5,2004,0
2004-05-29,台北二,SE6 青蔥 粉蔥 ,30.6,16.9,9.3,18.1,44.8,4878.0,-20.91,5,6,2004,0
2004-05-30,台北二,SE6 青蔥 粉蔥 ,26.9,16.2,9.5,17.0,-6.08,6543.0,34.13,5,7,2004,0
2004-05-31,台北二,SE6 青蔥 粉蔥 ,,,,,,,,5,1,2004,1
2004-06-01,台北二,SE6 青蔥 粉蔥 ,27.2,16.6,11.3,17.7,4.12,6388.0,-2.37,6,2,2004,0
2004-06-02,台北二,SE6 青蔥 粉蔥 ,22.4,15.3,9.9,15.7,-11.3,6216.0,-2.69,6,3,2004,0
2004-06-03,台北二,SE6 青蔥 粉蔥 ,19.8,12.8,6.7,13.0,-17.2,6468.0,4.05,6,4,2004,0
2004-06-04,台北二,SE6 青蔥 粉蔥 ,19.7,11.6,6.7,12.3,-5.38,6320.0,-2.29,6,5,2004,0
2004-06-05,台北二,SE6 青蔥 粉蔥 ,23.5,13.0,7.0,13.9,13.01,4751.0,-24.83,6,6,2004,0
2004-06-06,台北二,SE6 青蔥 粉蔥 ,26.1,16.0,11.5,17.1,23.02,4964.0,4.48,6,7,2004,0
2004-06-07,台北二,SE6 青蔥 粉蔥 ,,,,,,,,6,1,2004,1
2004-06-08,台北二,SE6 青蔥 粉蔥 ,31.5,22.0,15.2,22.5,31.58,3975.0,-19.92,6,2,2004,0
2004-06-09,台北二,SE6 青蔥 粉蔥 ,37.9,30.1,26.2,30.9,37.33,4276.0,7.57,6,3,2004,0
2004-06-10,台北二,SE6 青蔥 粉蔥 ,28.7,18.1,13.1,19.2,-37.86,5594.0,30.82,6,4,2004,0
2004-06-11,台北二,SE6 青蔥 粉蔥 ,25.5,12.0,8.4,14.0,-27.08,6025.0,7.7,6,5,2004,0
2004-06-12,台北二,SE6 青蔥 粉蔥 ,31.5,12.3,8.1,15.3,9.29,4500.0,-25.31,6,6,2004,0
2004-06-13,台北二,SE6 青蔥 粉蔥 ,31.1,13.1,7.8,15.6,1.96,4858.0,7.96,6,7,2004,0
2004-06-14,台北二,SE6 青蔥 粉蔥 ,,,,,,,,6,1,2004,1
2004-06-15,台北二,SE6 青蔥 粉蔥 ,28.3,16.4,12.2,18.0,15.38,4053.0,-16.57,6,2,2004,0
2004-06-16,台北二,SE6 青蔥 粉蔥 ,26.5,15.8,11.1,17.0,-5.56,2978.0,-26.52,6,3,2004,0
2004-06-17,台北二,SE6 青蔥 粉蔥 ,25.7,15.0,10.3,16.2,-4.71,2920.0,-1.95,6,4,2004,0
2004-06-18,台北二,SE6 青蔥 粉蔥 ,24.5,13.5,8.9,14.8,-8.64,3281.0,12.36,6,5,2004,0
2004-06-19,台北二,SE6 青蔥 粉蔥 ,23.3,15.0,9.0,15.5,4.73,2944.0,-10.27,6,6,2004,0
2004-06-20,台北二,SE6 青蔥 粉蔥 ,30.8,14.5,9.9,16.8,8.39,3201.0,8.73,6,7,2004,0
2004-06-21,台北二,SE6 青蔥 粉蔥 ,22.9,16.4,12.7,17.0,1.19,2920.0,-8.78,6,1,2004,0
2004-06-22,台北二,SE6 青蔥 粉蔥 ,27.3,15.7,13.0,17.5,2.94,3465.0,18.66,6,2,2004,0
2004-06-23,台北二,SE6 青蔥 粉蔥 ,,,,,,,,6,3,2004,1
2004-06-24,台北二,SE6 青蔥 粉蔥 ,,,,,,,,6,4,2004,1
2004-06-25,台北二,SE6 青蔥 粉蔥 ,19.9,13.0,7.4,13.3,-24.0,4643.0,34.0,6,5,2004,0
2004-06-26,台北二,SE6 青蔥 粉蔥 ,15.7,12.7,9.4,12.6,-5.26,576.0,-87.59,6,6,2004,0
2004-06-27,台北二,SE6 青蔥 粉蔥 ,13.3,10.2,7.9,10.4,-17.46,1020.0,77.08,6,7,2004,0
2004-06-28,台北二,SE6 青蔥 粉蔥 ,,,,,,,,6,1,2004,1
2004-06-29,台北二,SE6 青蔥 粉蔥 ,18.6,15.9,11.7,15.6,50.0,2917.0,185.98,6,2,2004,0
2004-06-30,台北二,SE6 青蔥 粉蔥 ,17.2,12.4,10.1,12.9,-17.31,2863.0,-1.85,6,3,2004,0
2004-07-01,台北二,SE6 青蔥 粉蔥 ,17.4,12.1,9.0,12.5,-3.1,4370.0,52.64,7,4,2004,0
2004-07-02,台北二,SE6 青蔥 粉蔥 ,13.4,8.6,4.1,8.6,-31.2,5032.0,15.15,7,5,2004,0
2004-07-03,台北二,SE6 青蔥 粉蔥 ,17.0,9.4,6.9,10.4,20.93,3475.0,-30.94,7,6,2004,0
2004-07-04,台北二,SE6 青蔥 粉蔥 ,25.6,20.9,17.6,21.2,103.85,796.0,-77.09,7,7,2004,0
2004-07-05,台北二,SE6 青蔥 粉蔥 ,,,,,,,,7,1,2004,1
2004-07-06,台北二,SE6 青蔥 粉蔥 ,36.0,10.9,4.6,14.7,-30.66,3375.0,323.99,7,2,2004,0
2004-07-07,台北二,SE6 青蔥 粉蔥 ,15.7,6.9,2.7,7.8,-46.94,2677.0,-20.68,7,3,2004,0
2004-07-08,台北二,SE6 青蔥 粉蔥 ,20.0,14.0,7.1,13.8,76.92,700.0,-73.85,7,4,2004,0
2004-07-09,台北二,SE6 青蔥 粉蔥 ,16.5,12.8,8.8,12.8,-7.25,720.0,2.86,7,5,2004,0
2004-07-10,台北二,SE6 青蔥 粉蔥 ,14.5,11.0,10.0,11.5,-10.16,320.0,-55.56,7,6,2004,0
2004-07-11,台北二,SE6 青蔥 粉蔥 ,28.0,23.0,13.4,22.1,92.17,900.0,181.25,7,7,2004,0
2004-07-12,台北二,SE6 青蔥 粉蔥 ,,,,,,,,7,1,2004,1
2004-07-13,台北二,SE6 青蔥 粉蔥 ,30.0,28.4,25.3,28.1,27.15,602.0,-33.11,7,2,2004,0
2004-07-14,台北二,SE6 青蔥 粉蔥 ,16.7,12.2,10.0,12.7,-54.8,270.0,-55.15,7,3,2004,0
2004-07-15,台北二,SE6 青蔥 粉蔥 ,25.0,22.6,18.4,22.2,74.8,432.0,60.0,7,4,2004,0
2004-07-16,台北二,SE6 青蔥 粉蔥 ,30.6,20.7,13.6,21.3,-4.05,897.0,107.64,7,5,2004,0
2004-07-17,台北二,SE6 青蔥 粉蔥 ,41.0,32.2,19.0,31.3,46.95,880.0,-1.9,7,6,2004,0
2004-07-18,台北二,SE6 青蔥 粉蔥 ,35.7,28.2,20.5,28.2,-9.9,1122.0,27.5,7,7,2004,0
2004-07-19,台北二,SE6 青蔥 粉蔥 ,,,,,,,,7,1,2004,1
2004-07-20,台北二,SE6 青蔥 粉蔥 ,27.9,24.3,18.3,23.8,-15.6,1780.0,58.65,7,2,2004,0
2004-07-21,台北二,SE6 青蔥 粉蔥 ,24.4,17.9,11.8,18.0,-24.37,2398.0,34.72,7,3,2004,0
2004-07-22,台北二,SE6 青蔥 粉蔥 ,19.3,14.3,10.1,14.5,-19.44,1989.0,-17.06,7,4,2004,0
2004-07-23,台北二,SE6 青蔥 粉蔥 ,24.8,19.9,13.1,19.5,34.48,933.0,-53.09,7,5,2004,0
2004-07-24,台北二,SE6 青蔥 粉蔥 ,23.9,17.2,13.4,17.8,-8.72,740.0,-20.69,7,6,2004,0
2004-07-25,台北二,SE6 青蔥 粉蔥 ,23.9,19.7,11.0,18.8,5.62,800.0,8.11,7,7,2004,0
2004-07-26,台北二,SE6 青蔥 粉蔥 ,,,,,,,,7,1,2004,1
2004-07-27,台北二,SE6 青蔥 粉蔥 ,25.0,22.5,9.9,20.5,9.04,1181.0,47.62,7,2,2004,0
2004-07-28,台北二,SE6 青蔥 粉蔥 ,30.7,24.9,20.3,25.1,22.44,602.0,-49.03,7,3,2004,0
2004-07-29,台北二,SE6 青蔥 粉蔥 ,35.0,29.8,22.5,29.3,16.73,458.0,-23.92,7,4,2004,0
2004-07-30,台北二,SE6 青蔥 粉蔥 ,28.0,24.4,13.6,23.0,-21.5,779.0,70.09,7,5,2004,0
2004-07-31,台北二,SE6 青蔥 粉蔥 ,25.7,22.4,18.9,22.4,-2.61,826.0,6.03,7,6,2004,0
2004-08-01,台北二,SE6 青蔥 粉蔥 ,26.1,22.5,19.1,22.5,0.45,1107.0,34.02,8,7,2004,0
2004-08-02,台北二,SE6 青蔥 粉蔥 ,,,,,,,,8,1,2004,1
2004-08-03,台北二,SE6 青蔥 粉蔥 ,39.3,27.0,20.4,28.1,24.89,1210.0,9.3,8,2,2004,0
2004-08-04,台北二,SE6 青蔥 粉蔥 ,27.6,20.0,10.9,19.7,-29.89,643.0,-46.86,8,3,2004,0
2004-08-05,台北二,SE6 青蔥 粉蔥 ,28.2,26.0,15.9,24.4,23.86,1035.0,60.96,8,4,2004,0
2004-08-06,台北二,SE6 青蔥 粉蔥 ,30.0,23.9,17.6,23.9,-2.05,1115.0,7.73,8,5,2004,0
2004-08-07,台北二,SE6 青蔥 粉蔥 ,25.0,19.7,15.5,19.9,-16.74,2020.0,81.17,8,6,2004,0
2004-08-08,台北二,SE6 青蔥 粉蔥 ,23.7,16.6,13.6,17.4,-12.56,1606.0,-20.5,8,7,2004,0
2004-08-09,台北二,SE6 青蔥 粉蔥 ,,,,,,,,8,1,2004,1
2004-08-10,台北二,SE6 青蔥 粉蔥 ,37.6,26.7,21.2,27.8,59.77,1302.0,-18.93,8,2,2004,0
2004-08-11,台北二,SE6 青蔥 粉蔥 ,43.9,26.6,18.6,28.5,2.52,1437.0,10.37,8,3,2004,0
2004-08-12,台北二,SE6 青蔥 粉蔥 ,43.0,34.8,25.9,34.7,21.75,1721.0,19.76,8,4,2004,0
2004-08-13,台北二,SE6 青蔥 粉蔥 ,34.5,27.0,22.2,27.5,-20.75,2627.0,52.64,8,5,2004,0
2004-08-14,台北二,SE6 青蔥 粉蔥 ,28.9,23.8,20.0,24.1,-12.36,2214.0,-15.72,8,6,2004,0
2004-08-15,台北二,SE6 青蔥 粉蔥 ,22.1,17.1,10.3,16.8,-30.29,3020.0,36.4,8,7,2004,0
2004-08-16,台北二,SE6 青蔥 粉蔥 ,,,,,,,,8,1,2004,1
2004-08-17,台北二,SE6 青蔥 粉蔥 ,27.1,23.4,13.8,22.2,32.14,1888.0,-37.48,8,2,2004,0
2004-08-18,台北二,SE6 青蔥 粉蔥 ,27.2,19.6,15.0,20.2,-9.01,1392.0,-26.27,8,3,2004,0
2004-08-19,台北二,SE6 青蔥 粉蔥 ,22.0,15.4,12.3,16.1,-20.3,1577.0,13.29,8,4,2004,0
2004-08-20,台北二,SE6 青蔥 粉蔥 ,18.8,13.8,8.0,13.6,-15.53,1764.0,11.86,8,5,2004,0
2004-08-21,台北二,SE6 青蔥 粉蔥 ,20.3,15.8,10.8,15.7,15.44,1202.0,-31.86,8,6,2004,0
2004-08-22,台北二,SE6 青蔥 粉蔥 ,32.5,22.7,15.2,23.2,47.77,1017.0,-15.39,8,7,2004,0
2004-08-23,台北二,SE6 青蔥 粉蔥 ,,,,,,,,8,1,2004,1
2004-08-24,台北二,SE6 青蔥 粉蔥 ,49.5,41.0,25.4,39.6,70.69,1771.0,74.14,8,2,2004,0
2004-08-25,台北二,SE6 青蔥 粉蔥 ,42.7,33.6,23.2,33.4,-15.66,2891.0,63.24,8,3,2004,0
2004-08-26,台北二,SE6 青蔥 粉蔥 ,46.0,37.8,26.5,37.2,11.38,1912.0,-33.86,8,4,2004,0
2004-08-27,台北二,SE6 青蔥 粉蔥 ,32.7,19.7,10.8,20.5,-44.89,2536.0,32.64,8,5,2004,0
2004-08-28,台北二,SE6 青蔥 粉蔥 ,20.0,13.7,10.9,14.4,-29.76,1214.0,-52.13,8,6,2004,0
2004-08-29,台北二,SE6 青蔥 粉蔥 ,30.1,20.8,10.7,20.6,43.06,2149.0,77.02,8,7,2004,0
2004-08-30,台北二,SE6 青蔥 粉蔥 ,32.3,22.4,11.6,22.2,7.77,2463.0,14.61,8,1,2004,0
2004-08-31,台北二,SE6 青蔥 粉蔥 ,,,,,,,,8,2,2004,1
2004-09-01,台北二,SE6 青蔥 粉蔥 ,,,,,,,,9,3,2004,1
2004-09-02,台北二,SE6 青蔥 粉蔥 ,29.6,23.7,14.0,23.0,3.6,1819.0,-26.15,9,4,2004,0
2004-09-03,台北二,SE6 青蔥 粉蔥 ,26.9,23.2,18.4,23.0,0.0,1540.0,-15.34,9,5,2004,0
2004-09-04,台北二,SE6 青蔥 粉蔥 ,34.0,30.2,26.9,30.3,31.74,912.0,-40.78,9,6,2004,0
2004-09-05,台北二,SE6 青蔥 粉蔥 ,36.6,30.5,22.6,30.2,-0.33,1786.0,95.83,9,7,2004,0
2004-09-06,台北二,SE6 青蔥 粉蔥 ,,,,,,,,9,1,2004,1
2004-09-07,台北二,SE6 青蔥 粉蔥 ,31.5,25.7,19.0,25.5,-15.56,2756.0,54.31,9,2,2004,0
2004-09-08,台北二,SE6 青蔥 粉蔥 ,22.6,18.2,13.7,18.2,-28.63,2784.0,1.02,9,3,2004,0
2004-09-09,台北二,SE6 青蔥 粉蔥 ,26.1,19.8,13.2,19.7,8.24,1786.0,-35.85,9,4,2004,0
2004-09-10,台北二,SE6 青蔥 粉蔥 ,32.5,25.0,18.0,25.1,27.41,1190.0,-33.37,9,5,2004,0
2004-09-11,台北二,SE6 青蔥 粉蔥 ,33.7,25.7,18.5,25.8,2.79,1606.0,34.96,9,6,2004,0
2004-09-12,台北二,SE6 青蔥 粉蔥 ,63.2,56.6,45.4,55.7,115.89,1726.0,7.47,9,7,2004,0
2004-09-13,台北二,SE6 青蔥 粉蔥 ,,,,,,,,9,1,2004,1
2004-09-14,台北二,SE6 青蔥 粉蔥 ,41.4,29.5,21.3,30.2,-45.78,3867.0,124.04,9,2,2004,0
2004-09-15,台北二,SE6 青蔥 粉蔥 ,34.6,22.3,14.1,23.1,-23.51,1997.0,-48.36,9,3,2004,0
2004-09-16,台北二,SE6 青蔥 粉蔥 ,32.4,18.7,10.4,19.8,-14.29,2312.0,15.77,9,4,2004,0
2004-09-17,台北二,SE6 青蔥 粉蔥 ,30.9,23.3,12.6,22.7,14.65,1527.0,-33.95,9,5,2004,0
2004-09-18,台北二,SE6 青蔥 粉蔥 ,32.0,24.2,12.5,23.4,3.08,2073.0,35.76,9,6,2004,0
2004-09-19,台北二,SE6 青蔥 粉蔥 ,30.1,21.8,11.4,21.4,-8.55,2612.0,26.0,9,7,2004,0
2004-09-20,台北二,SE6 青蔥 粉蔥 ,,,,,,,,9,1,2004,1
2004-09-21,台北二,SE6 青蔥 粉蔥 ,39.3,31.1,18.5,30.2,41.12,2193.0,-16.04,9,2,2004,0
2004-09-22,台北二,SE6 青蔥 粉蔥 ,56.1,42.0,32.7,43.0,42.38,927.0,-57.73,9,3,2004,0
2004-09-23,台北二,SE6 青蔥 粉蔥 ,66.1,48.6,31.6,48.7,13.26,1625.0,75.3,9,4,2004,0
2004-09-24,台北二,SE6 青蔥 粉蔥 ,52.0,42.3,35.4,42.9,-11.91,2735.0,68.31,9,5,2004,0
2004-09-25,台北二,SE6 青蔥 粉蔥 ,51.5,44.9,38.2,44.9,4.66,2345.0,-14.26,9,6,2004,0
2004-09-26,台北二,SE6 青蔥 粉蔥 ,44.7,34.5,25.9,34.8,-22.49,2392.0,2.0,9,7,2004,0
2004-09-27,台北二,SE6 青蔥 粉蔥 ,42.1,35.2,27.3,35.0,0.57,2398.0,0.25,9,1,2004,0
2004-09-28,台北二,SE6 青蔥 粉蔥 ,33.1,28.5,21.6,28.0,-20.0,900.0,-62.47,9,2,2004,0
2004-09-29,台北二,SE6 青蔥 粉蔥 ,,,,,,,,9,3,2004,1
2004-09-30,台北二,SE6 青蔥 粉蔥 ,,,,,,,,9,4,2004,1
2004-10-01,台北二,SE6 青蔥 粉蔥 ,27.8,19.4,14.1,20.0,-28.57,2457.0,173.0,10,5,2004,0
2004-10-02,台北二,SE6 青蔥 粉蔥 ,60.0,42.2,27.1,42.7,113.5,944.0,-61.58,10,6,2004,0
2004-10-03,台北二,SE6 青蔥 粉蔥 ,85.6,73.7,57.4,72.8,70.49,1087.0,15.15,10,7,2004,0
2004-10-04,台北二,SE6 青蔥 粉蔥 ,,,,,,,,10,1,2004,1
2004-10-05,台北二,SE6 青蔥 粉蔥 ,68.0,58.4,52.2,59.1,-18.82,1489.0,36.98,10,2,2004,0
2004-10-06,台北二,SE6 青蔥 粉蔥 ,50.4,44.8,37.8,44.5,-24.7,2339.0,57.09,10,3,2004,0
2004-10-07,台北二,SE6 青蔥 粉蔥 ,44.9,34.4,26.7,35.0,-21.35,2056.0,-12.1,10,4,2004,0
2004-10-08,台北二,SE6 青蔥 粉蔥 ,51.2,41.9,33.3,42.0,20.0,1306.0,-36.48,10,5,2004,0
2004-10-09,台北二,SE6 青蔥 粉蔥 ,51.4,44.1,34.6,43.6,3.81,1810.0,38.59,10,6,2004,0
2004-10-10,台北二,SE6 青蔥 粉蔥 ,44.1,37.5,30.7,37.5,-13.99,3173.0,75.3,10,7,2004,0
2004-10-11,台北二,SE6 青蔥 粉蔥 ,,,,,,,,10,1,2004,1
2004-10-12,台北二,SE6 青蔥 粉蔥 ,55.3,47.6,40.2,47.7,27.2,1273.0,-59.88,10,2,2004,0
2004-10-13,台北二,SE6 青蔥 粉蔥 ,,,,,,,,10,3,2004,1
2004-10-14,台北二,SE6 青蔥 粉蔥 ,51.3,41.1,29.3,40.8,-14.47,2763.0,117.05,10,4,2004,0
2004-10-15,台北二,SE6 青蔥 粉蔥 ,48.8,41.6,32.4,41.2,0.98,2707.0,-2.03,10,5,2004,0
2004-10-16,台北二,SE6 青蔥 粉蔥 ,52.7,44.8,40.6,45.5,10.44,3034.0,12.08,10,6,2004,0
2004-10-17,台北二,SE6 青蔥 粉蔥 ,45.8,37.9,31.6,38.2,-16.04,4552.0,50.03,10,7,2004,0
2004-10-18,台北二,SE6 青蔥 粉蔥 ,,,,,,,,10,1,2004,1
2004-10-19,台北二,SE6 青蔥 粉蔥 ,44.6,36.4,31.5,37.0,-3.14,3275.0,-28.05,10,2,2004,0
2004-10-20,台北二,SE6 青蔥 粉蔥 ,33.8,29.6,26.4,29.8,-19.46,1620.0,-50.53,10,3,2004,0
2004-10-21,台北二,SE6 青蔥 粉蔥 ,29.1,22.8,17.8,23.1,-22.48,3129.0,93.15,10,4,2004,0
2004-10-22,台北二,SE6 青蔥 粉蔥 ,34.5,26.0,18.2,26.1,12.99,3203.0,2.36,10,5,2004,0
2004-10-23,台北二,SE6 青蔥 粉蔥 ,38.2,34.6,25.0,33.4,27.97,1526.0,-52.36,10,6,2004,0
2004-10-24,台北二,SE6 青蔥 粉蔥 ,38.8,31.1,21.0,30.6,-8.38,4247.0,178.31,10,7,2004,0
2004-10-25,台北二,SE6 青蔥 粉蔥 ,,,,,,,,10,1,2004,1
2004-10-26,台北二,SE6 青蔥 粉蔥 ,40.3,28.9,19.1,29.2,-4.58,5180.0,21.97,10,2,2004,0
2004-10-27,台北二,SE6 青蔥 粉蔥 ,28.4,19.7,9.5,19.4,-33.56,5550.0,7.14,10,3,2004,0
2004-10-28,台北二,SE6 青蔥 粉蔥 ,24.7,15.5,10.5,16.4,-15.46,4469.0,-19.48,10,4,2004,0
2004-10-29,台北二,SE6 青蔥 粉蔥 ,21.6,16.7,11.9,16.7,1.83,3269.0,-26.85,10,5,2004,0
2004-10-30,台北二,SE6 青蔥 粉蔥 ,31.0,21.9,12.4,21.8,30.54,3401.0,4.04,10,6,2004,0
2004-10-31,台北二,SE6 青蔥 粉蔥 ,27.6,20.1,14.7,20.5,-5.96,5067.0,48.99,10,7,2004,0
2004-11-01,台北二,SE6 青蔥 粉蔥 ,,,,,,,,11,1,2004,1
2004-11-02,台北二,SE6 青蔥 粉蔥 ,28.6,23.1,15.0,22.6,10.24,4567.0,-9.87,11,2,2004,0
2004-11-03,台北二,SE6 青蔥 粉蔥 ,25.2,19.1,14.0,19.3,-14.6,5102.0,11.71,11,3,2004,0
2004-11-04,台北二,SE6 青蔥 粉蔥 ,27.2,18.6,11.3,18.9,-2.07,5223.0,2.37,11,4,2004,0
2004-11-05,台北二,SE6 青蔥 粉蔥 ,25.9,18.8,11.1,18.7,-1.06,6053.0,15.89,11,5,2004,0
2004-11-06,台北二,SE6 青蔥 粉蔥 ,24.3,16.1,9.8,16.5,-11.76,6128.0,1.24,11,6,2004,0
2004-11-07,台北二,SE6 青蔥 粉蔥 ,21.8,13.6,8.8,14.3,-13.33,6864.0,12.01,11,7,2004,0
2004-11-08,台北二,SE6 青蔥 粉蔥 ,,,,,,,,11,1,2004,1
2004-11-09,台北二,SE6 青蔥 粉蔥 ,21.7,14.3,8.8,14.6,2.1,2696.0,-60.72,11,2,2004,0
2004-11-10,台北二,SE6 青蔥 粉蔥 ,16.9,10.1,5.8,10.6,-27.4,7708.0,185.91,11,3,2004,0
2004-11-11,台北二,SE6 青蔥 粉蔥 ,11.0,6.0,3.9,6.6,-37.74,7089.0,-8.03,11,4,2004,0
2004-11-12,台北二,SE6 青蔥 粉蔥 ,13.4,6.3,3.0,7.1,7.58,5373.0,-24.21,11,5,2004,0
2004-11-13,台北二,SE6 青蔥 粉蔥 ,24.6,14.8,8.3,15.5,118.31,3481.0,-35.21,11,6,2004,0
2004-11-14,台北二,SE6 青蔥 粉蔥 ,25.8,13.7,5.5,14.5,-6.45,5479.0,57.4,11,7,2004,0
2004-11-15,台北二,SE6 青蔥 粉蔥 ,,,,,,,,11,1,2004,1
2004-11-16,台北二,SE6 青蔥 粉蔥 ,21.0,13.6,6.7,13.7,-5.52,3312.0,-39.55,11,2,2004,0
2004-11-17,台北二,SE6 青蔥 粉蔥 ,19.5,11.4,6.4,12.0,-12.41,6875.0,107.58,11,3,2004,0
2004-11-18,台北二,SE6 青蔥 粉蔥 ,16.7,10.1,4.7,10.3,-14.17,6778.0,-1.41,11,4,2004,0
2004-11-19,台北二,SE6 青蔥 粉蔥 ,16.4,10.2,5.0,10.4,0.97,5490.0,-19.0,11,5,2004,0
2004-11-20,台北二,SE6 青蔥 粉蔥 ,18.1,10.6,4.9,11.0,5.77,5842.0,6.41,11,6,2004,0
2004-11-21,台北二,SE6 青蔥 粉蔥 ,22.2,12.6,6.1,13.2,20.0,5350.0,-8.42,11,7,2004,0
2004-11-22,台北二,SE6 青蔥 粉蔥 ,,,,,,,,11,1,2004,1
2004-11-23,台北二,SE6 青蔥 粉蔥 ,30.0,14.8,7.4,16.4,24.24,5100.0,-4.67,11,2,2004,0
2004-11-24,台北二,SE6 青蔥 粉蔥 ,34.0,17.8,7.4,19.0,15.85,4860.0,-4.71,11,3,2004,0
2004-11-25,台北二,SE6 青蔥 粉蔥 ,26.9,11.3,6.2,13.4,-29.47,6687.0,37.59,11,4,2004,0
2004-11-26,台北二,SE6 青蔥 粉蔥 ,18.2,8.4,4.9,9.7,-27.61,7586.0,13.44,11,5,2004,0
2004-11-27,台北二,SE6 青蔥 粉蔥 ,19.4,8.4,4.6,9.9,2.06,6536.0,-13.84,11,6,2004,0
2004-11-28,台北二,SE6 青蔥 粉蔥 ,37.8,14.6,8.9,18.1,82.83,5575.0,-14.7,11,7,2004,0
2004-11-29,台北二,SE6 青蔥 粉蔥 ,,,,,,,,11,1,2004,1
2004-11-30,台北二,SE6 青蔥 粉蔥 ,27.3,14.9,10.4,16.5,-8.84,5611.0,0.65,11,2,2004,0
2004-12-01,台北二,SE6 青蔥 粉蔥 ,25.7,14.0,7.3,15.0,-9.09,3783.0,-32.58,12,3,2004,0
2004-12-02,台北二,SE6 青蔥 粉蔥 ,20.4,11.8,6.2,12.4,-17.33,6187.0,63.55,12,4,2004,0
2004-12-03,台北二,SE6 青蔥 粉蔥 ,29.8,16.9,7.9,17.6,41.94,4938.0,-20.19,12,5,2004,0
2004-12-04,台北二,SE6 青蔥 粉蔥 ,35.2,19.6,10.2,20.9,18.75,5499.0,11.36,12,6,2004,0
2004-12-05,台北二,SE6 青蔥 粉蔥 ,36.0,17.6,10.5,19.8,-5.26,5678.0,3.26,12,7,2004,0
2004-12-06,台北二,SE6 青蔥 粉蔥 ,,,,,,,,12,1,2004,1
2004-12-07,台北二,SE6 青蔥 粉蔥 ,45.0,21.7,10.7,24.1,21.72,5534.0,-2.54,12,2,2004,0
2004-12-08,台北二,SE6 青蔥 粉蔥 ,47.5,19.2,8.3,22.7,-5.81,6141.0,10.97,12,3,2004,0
2004-12-09,台北二,SE6 青蔥 粉蔥 ,39.6,19.0,9.5,21.2,-6.61,5934.0,-3.37,12,4,2004,0
2004-12-10,台北二,SE6 青蔥 粉蔥 ,27.6,15.0,7.3,16.0,-24.53,8142.0,37.21,12,5,2004,0
2004-12-11,台北二,SE6 青蔥 粉蔥 ,29.1,14.9,7.7,16.3,1.88,8073.0,-0.85,12,6,2004,0
2004-12-12,台北二,SE6 青蔥 粉蔥 ,32.3,18.9,9.3,19.6,20.25,5032.0,-37.67,12,7,2004,0
2004-12-13,台北二,SE6 青蔥 粉蔥 ,,,,,,,,12,1,2004,1
2004-12-14,台北二,SE6 青蔥 粉蔥 ,41.7,22.9,14.8,25.1,28.06,5697.0,13.22,12,2,2004,0
2004-12-15,台北二,SE6 青蔥 粉蔥 ,41.8,24.9,18.8,27.1,7.97,5347.0,-6.14,12,3,2004,0
2004-12-16,台北二,SE6 青蔥 粉蔥 ,30.9,19.7,13.8,20.8,-23.25,6626.0,23.92,12,4,2004,0
2004-12-17,台北二,SE6 青蔥 粉蔥 ,28.9,16.8,10.4,17.9,-13.94,6739.0,1.71,12,5,2004,0
2004-12-18,台北二,SE6 青蔥 粉蔥 ,30.6,18.0,10.4,19.0,6.15,6090.0,-9.63,12,6,2004,0
2004-12-19,台北二,SE6 青蔥 粉蔥 ,27.6,17.3,10.1,18.0,-5.26,6968.0,14.42,12,7,2004,0
2004-12-20,台北二,SE6 青蔥 粉蔥 ,,,,,,,,12,1,2004,1
2004-12-21,台北二,SE6 青蔥 粉蔥 ,33.2,18.7,9.9,19.8,10.0,6200.0,-11.02,12,2,2004,0
2004-12-22,台北二,SE6 青蔥 粉蔥 ,37.0,21.9,12.5,23.0,16.16,4087.0,-34.08,12,3,2004,0
2004-12-23,台北二,SE6 青蔥 粉蔥 ,25.7,14.1,9.0,15.4,-33.04,6943.0,69.88,12,4,2004,0
2004-12-24,台北二,SE6 青蔥 粉蔥 ,20.8,10.7,5.1,11.6,-24.68,6741.0,-2.91,12,5,2004,0
2004-12-25,台北二,SE6 青蔥 粉蔥 ,28.0,15.9,7.2,16.6,43.1,5281.0,-21.66,12,6,2004,0
2004-12-26,台北二,SE6 青蔥 粉蔥 ,26.7,15.1,9.2,16.2,-2.41,5802.0,9.87,12,7,2004,0
2004-12-27,台北二,SE6 青蔥 粉蔥 ,,,,,,,,12,1,2004,1
2004-12-28,台北二,SE6 青蔥 粉蔥 ,33.5,21.5,10.2,21.6,33.33,5233.0,-9.81,12,2,2004,0
2004-12-29,台北二,SE6 青蔥 粉蔥 ,30.7,19.9,10.7,20.2,-6.48,5010.0,-4.26,12,3,2004,0
2004-12-30,台北二,SE6 青蔥 粉蔥 ,25.4,15.3,9.2,16.1,-20.3,6753.0,34.79,12,4,2004,0
2004-12-31,台北二,SE6 青蔥 粉蔥 ,25.1,14.0,6.9,14.8,-8.07,6164.0,-8.72,12,5,2004,0
2005-01-01,台北二,SE6 青蔥 粉蔥 ,28.7,17.5,7.2,17.7,19.59,4586.0,-25.6,1,6,2005,0
2005-01-02,台北二,SE6 青蔥 粉蔥 ,34.7,23.4,12.3,23.4,32.2,5354.0,16.75,1,7,2005,0
2005-01-03,台北二,SE6 青蔥 粉蔥 ,,,,,,,,1,1,2005,1
2005-01-04,台北二,SE6 青蔥 粉蔥 ,33.8,21.8,12.5,22.3,-4.7,6621.0,23.66,1,2,2005,0
2005-01-05,台北二,SE6 青蔥 粉蔥 ,28.1,21.1,14.4,21.2,-4.93,6060.0,-8.47,1,3,2005,0
2005-01-06,台北二,SE6 青蔥 粉蔥 ,24.5,16.1,9.5,16.5,-22.17,7230.0,19.31,1,4,2005,0
2005-01-07,台北二,SE6 青蔥 粉蔥 ,24.9,17.0,10.6,17.3,4.85,5871.0,-18.8,1,5,2005,0
2005-01-08,台北二,SE6 青蔥 粉蔥 ,23.6,17.3,10.3,17.2,-0.58,6500.0,10.71,1,6,2005,0
2005-01-09,台北二,SE6 青蔥 粉蔥 ,24.4,17.5,10.9,17.6,2.33,7426.0,14.25,1,7,2005,0
2005-01-10,台北二,SE6 青蔥 粉蔥 ,,,,,,,,1,1,2005,1
2005-01-11,台北二,SE6 青蔥 粉蔥 ,28.5,18.1,11.2,18.8,6.82,6698.0,-9.8,1,2,2005,0
2005-01-12,台北二,SE6 青蔥 粉蔥 ,24.3,16.9,10.4,17.1,-9.04,5532.0,-17.41,1,3,2005,0
2005-01-13,台北二,SE6 青蔥 粉蔥 ,27.3,16.9,8.5,17.3,1.17,5400.0,-2.39,1,4,2005,0
2005-01-14,台北二,SE6 青蔥 粉蔥 ,32.5,20.5,10.8,21.0,21.39,4656.0,-13.78,1,5,2005,0
2005-01-15,台北二,SE6 青蔥 粉蔥 ,35.6,21.5,11.1,22.3,6.19,4442.0,-4.6,1,6,2005,0
2005-01-16,台北二,SE6 青蔥 粉蔥 ,36.1,23.0,13.8,23.7,6.28,6824.0,53.62,1,7,2005,0
2005-01-17,台北二,SE6 青蔥 粉蔥 ,,,,,,,,1,1,2005,1
2005-01-18,台北二,SE6 青蔥 粉蔥 ,36.6,21.4,13.3,22.8,-3.8,8082.0,18.43,1,2,2005,0
2005-01-19,台北二,SE6 青蔥 粉蔥 ,35.1,19.5,12.3,21.2,-7.02,6540.0,-19.08,1,3,2005,0
2005-01-20,台北二,SE6 青蔥 粉蔥 ,33.3,16.0,11.0,18.5,-12.74,6988.0,6.85,1,4,2005,0
2005-01-21,台北二,SE6 青蔥 粉蔥 ,28.7,15.1,9.5,16.7,-9.73,7130.0,2.03,1,5,2005,0
2005-01-22,台北二,SE6 青蔥 粉蔥 ,27.6,12.4,8.5,14.7,-11.98,9419.0,32.1,1,6,2005,0
2005-01-23,台北二,SE6 青蔥 粉蔥 ,28.7,14.5,6.5,15.7,6.8,7407.0,-21.36,1,7,2005,0
2005-01-24,台北二,SE6 青蔥 粉蔥 ,23.5,10.3,4.6,11.8,-24.84,8651.0,16.79,1,1,2005,0
2005-01-25,台北二,SE6 青蔥 粉蔥 ,22.1,9.2,3.7,10.7,-9.32,7620.0,-11.92,1,2,2005,0
2005-01-26,台北二,SE6 青蔥 粉蔥 ,,,,,,,,1,3,2005,1
2005-01-27,台北二,SE6 青蔥 粉蔥 ,27.5,16.8,6.7,17.0,58.88,4746.0,-37.72,1,4,2005,0
2005-01-28,台北二,SE6 青蔥 粉蔥 ,27.2,15.9,6.7,16.3,-4.12,6160.0,29.79,1,5,2005,0
2005-01-29,台北二,SE6 青蔥 粉蔥 ,25.6,15.9,8.3,16.3,0.0,7318.0,18.8,1,6,2005,0
2005-01-30,台北二,SE6 青蔥 粉蔥 ,22.0,11.9,5.4,12.6,-22.7,8867.0,21.17,1,7,2005,0
2005-01-31,台北二,SE6 青蔥 粉蔥 ,,,,,,,,1,1,2005,1
2005-02-01,台北二,SE6 青蔥 粉蔥 ,22.6,12.7,8.8,13.9,10.32,8958.0,1.03,2,2,2005,0
2005-02-02,台北二,SE6 青蔥 粉蔥 ,20.1,10.0,6.4,11.3,-18.71,7956.0,-11.19,2,3,2005,0
2005-02-03,台北二,SE6 青蔥 粉蔥 ,22.8,10.2,6.4,12.0,6.19,6628.0,-16.69,2,4,2005,0
2005-02-04,台北二,SE6 青蔥 粉蔥 ,26.5,12.6,6.7,14.2,18.33,7407.0,11.75,2,5,2005,0
2005-02-05,台北二,SE6 青蔥 粉蔥 ,34.5,23.3,13.4,23.6,66.2,7445.0,0.51,2,6,2005,0
2005-02-06,台北二,SE6 青蔥 粉蔥 ,32.9,21.0,13.0,21.8,-7.63,11369.0,52.71,2,7,2005,0
2005-02-07,台北二,SE6 青蔥 粉蔥 ,38.7,24.5,13.1,25.1,15.14,13914.0,22.39,2,1,2005,0
2005-02-08,台北二,SE6 青蔥 粉蔥 ,38.3,20.2,8.8,21.5,-14.34,9507.0,-31.67,2,2,2005,0
2005-02-09,台北二,SE6 青蔥 粉蔥 ,,,,,,,,2,3,2005,1
2005-02-10,台北二,SE6 青蔥 粉蔥 ,,,,,,,,2,4,2005,1
2005-02-11,台北二,SE6 青蔥 粉蔥 ,,,,,,,,2,5,2005,1
2005-02-12,台北二,SE6 青蔥 粉蔥 ,,,,,,,,2,6,2005,1
2005-02-13,台北二,SE6 青蔥 粉蔥 ,,,,,,,,2,7,2005,1
2005-02-14,台北二,SE6 青蔥 粉蔥 ,29.4,15.8,6.8,16.7,-22.33,7565.0,-20.43,2,1,2005,0
2005-02-15,台北二,SE6 青蔥 粉蔥 ,25.7,13.8,7.7,15.0,-10.18,7137.0,-5.66,2,2,2005,0
2005-02-16,台北二,SE6 青蔥 粉蔥 ,20.2,9.9,5.1,11.0,-26.67,7738.0,8.42,2,3,2005,0
2005-02-17,台北二,SE6 青蔥 粉蔥 ,17.3,10.0,4.8,10.4,-5.45,5670.0,-26.73,2,4,2005,0
2005-02-18,台北二,SE6 青蔥 粉蔥 ,18.4,9.8,3.9,10.4,0.0,5200.0,-8.29,2,5,2005,0
2005-02-19,台北二,SE6 青蔥 粉蔥 ,32.2,20.7,9.0,20.7,99.04,3846.0,-26.04,2,6,2005,0
2005-02-20,台北二,SE6 青蔥 粉蔥 ,41.2,30.8,16.6,30.0,44.93,3620.0,-5.88,2,7,2005,0
2005-02-21,台北二,SE6 青蔥 粉蔥 ,40.6,28.0,15.8,28.1,-6.33,3844.0,6.19,2,1,2005,0
2005-02-22,台北二,SE6 青蔥 粉蔥 ,32.1,23.8,14.6,23.6,-16.01,6682.0,73.83,2,2,2005,0
2005-02-23,台北二,SE6 青蔥 粉蔥 ,38.0,21.8,13.6,23.4,-0.85,10227.0,53.05,2,3,2005,0
2005-02-24,台北二,SE6 青蔥 粉蔥 ,,,,,,,,2,4,2005,1
2005-02-25,台北二,SE6 青蔥 粉蔥 ,,,,,,,,2,5,2005,1
2005-02-26,台北二,SE6 青蔥 粉蔥 ,34.0,21.6,13.0,22.4,-4.27,9477.0,-7.33,2,6,2005,0
2005-02-27,台北二,SE6 青蔥 粉蔥 ,26.8,16.0,8.3,16.6,-25.89,9446.0,-0.33,2,7,2005,0
2005-02-28,台北二,SE6 青蔥 粉蔥 ,,,,,,,,2,1,2005,1
2005-03-01,台北二,SE6 青蔥 粉蔥 ,24.4,15.1,8.5,15.6,-6.02,9742.0,3.13,3,2,2005,0
2005-03-02,台北二,SE6 青蔥 粉蔥 ,20.9,11.5,6.1,12.3,-21.15,6485.0,-33.43,3,3,2005,0
2005-03-03,台北二,SE6 青蔥 粉蔥 ,21.9,14.0,8.8,14.5,17.89,6817.0,5.12,3,4,2005,0
2005-03-04,台北二,SE6 青蔥 粉蔥 ,31.8,19.7,9.6,20.1,38.62,4773.0,-29.98,3,5,2005,0
2005-03-05,台北二,SE6 青蔥 粉蔥 ,33.0,17.2,9.4,18.8,-6.47,5863.0,22.84,3,6,2005,0
2005-03-06,台北二,SE6 青蔥 粉蔥 ,47.0,24.2,16.8,27.3,45.21,7739.0,32.0,3,7,2005,0
2005-03-07,台北二,SE6 青蔥 粉蔥 ,,,,,,,,3,1,2005,1
2005-03-08,台北二,SE6 青蔥 粉蔥 ,34.0,19.5,14.0,21.3,-21.98,11152.0,44.1,3,2,2005,0
2005-03-09,台北二,SE6 青蔥 粉蔥 ,27.4,13.3,8.8,15.2,-28.64,10407.0,-6.68,3,3,2005,0
2005-03-10,台北二,SE6 青蔥 粉蔥 ,14.2,9.5,5.8,9.7,-36.18,7989.0,-23.23,3,4,2005,0
2005-03-11,台北二,SE6 青蔥 粉蔥 ,20.6,10.0,6.1,11.3,16.49,7235.0,-9.44,3,5,2005,0
2005-03-12,台北二,SE6 青蔥 粉蔥 ,25.1,10.5,6.0,12.5,10.62,7812.0,7.98,3,6,2005,0
2005-03-13,台北二,SE6 青蔥 粉蔥 ,24.8,10.4,5.0,12.2,-2.4,8705.0,11.43,3,7,2005,0
2005-03-14,台北二,SE6 青蔥 粉蔥 ,,,,,,,,3,1,2005,1
2005-03-15,台北二,SE6 青蔥 粉蔥 ,19.0,14.2,9.0,14.1,15.57,5513.0,-36.67,3,2,2005,0
2005-03-16,台北二,SE6 青蔥 粉蔥 ,16.3,11.9,9.2,12.3,-12.77,5815.0,5.48,3,3,2005,0
2005-03-17,台北二,SE6 青蔥 粉蔥 ,13.3,9.9,7.1,10.0,-18.7,6064.0,4.28,3,4,2005,0
2005-03-18,台北二,SE6 青蔥 粉蔥 ,17.9,11.5,6.9,11.9,19.0,7530.0,24.18,3,5,2005,0
2005-03-19,台北二,SE6 青蔥 粉蔥 ,15.0,12.4,8.4,12.1,1.68,6280.0,-16.6,3,6,2005,0
2005-03-20,台北二,SE6 青蔥 粉蔥 ,20.3,13.6,8.9,14.0,15.7,8691.0,38.39,3,7,2005,0
2005-03-21,台北二,SE6 青蔥 粉蔥 ,,,,,,,,3,1,2005,1
2005-03-22,台北二,SE6 青蔥 粉蔥 ,22.9,12.8,8.3,13.9,-0.71,8051.0,-7.36,3,2,2005,0
2005-03-23,台北二,SE6 青蔥 粉蔥 ,17.7,9.7,6.2,10.6,-23.74,6410.0,-20.38,3,3,2005,0
2005-03-24,台北二,SE6 青蔥 粉蔥 ,18.9,11.8,7.9,12.4,16.98,7375.0,15.05,3,4,2005,0
2005-03-25,台北二,SE6 青蔥 粉蔥 ,16.8,11.3,7.6,11.7,-5.65,7318.0,-0.77,3,5,2005,0
2005-03-26,台北二,SE6 青蔥 粉蔥 ,17.9,12.6,8.2,12.8,9.4,6740.0,-7.9,3,6,2005,0
2005-03-27,台北二,SE6 青蔥 粉蔥 ,17.1,12.0,6.8,12.0,-6.25,8526.0,26.5,3,7,2005,0
2005-03-28,台北二,SE6 青蔥 粉蔥 ,,,,,,,,3,1,2005,1
2005-03-29,台北二,SE6 青蔥 粉蔥 ,21.9,13.7,8.3,14.3,19.17,5844.0,-31.46,3,2,2005,0
2005-03-30,台北二,SE6 青蔥 粉蔥 ,16.1,8.6,4.2,9.2,-35.66,7849.0,34.31,3,3,2005,0
2005-03-31,台北二,SE6 青蔥 粉蔥 ,17.0,11.2,4.7,11.1,20.65,6338.0,-19.25,3,4,2005,0
2005-04-01,台北二,SE6 青蔥 粉蔥 ,23.9,15.9,8.0,15.9,43.24,4193.0,-33.84,4,5,2005,0
2005-04-02,台北二,SE6 青蔥 粉蔥 ,22.6,15.8,9.8,16.0,0.63,6236.0,48.72,4,6,2005,0
2005-04-03,台北二,SE6 青蔥 粉蔥 ,19.9,13.8,8.1,13.9,-13.12,7900.0,26.68,4,7,2005,0
2005-04-04,台北二,SE6 青蔥 粉蔥 ,36.7,22.3,13.4,23.4,68.35,10017.0,26.8,4,1,2005,0
2005-04-05,台北二,SE6 青蔥 粉蔥 ,,,,,,,,4,2,2005,1
2005-04-06,台北二,SE6 青蔥 粉蔥 ,,,,,,,,4,3,2005,1
2005-04-07,台北二,SE6 青蔥 粉蔥 ,29.0,18.5,11.2,19.1,-18.38,7645.0,-23.68,4,4,2005,0
2005-04-08,台北二,SE6 青蔥 粉蔥 ,23.2,16.2,10.5,16.5,-13.61,7079.0,-7.4,4,5,2005,0
2005-04-09,台北二,SE6 青蔥 粉蔥 ,22.1,14.6,9.0,15.0,-9.09,8518.0,20.33,4,6,2005,0
2005-04-10,台北二,SE6 青蔥 粉蔥 ,25.5,11.9,5.8,13.4,-10.67,8498.0,-0.23,4,7,2005,0
2005-04-11,台北二,SE6 青蔥 粉蔥 ,,,,,,,,4,1,2005,1
2005-04-12,台北二,SE6 青蔥 粉蔥 ,30.9,14.7,8.7,16.7,24.63,7315.0,-13.92,4,2,2005,0
2005-04-13,台北二,SE6 青蔥 粉蔥 ,20.8,11.0,6.4,12.0,-28.14,7369.0,0.74,4,3,2005,0
2005-04-14,台北二,SE6 青蔥 粉蔥 ,17.6,9.6,6.5,10.6,-11.67,6156.0,-16.46,4,4,2005,0
2005-04-15,台北二,SE6 青蔥 粉蔥 ,16.4,8.4,6.3,9.6,-9.43,6993.0,13.6,4,5,2005,0
2005-04-16,台北二,SE6 青蔥 粉蔥 ,16.7,11.8,7.3,11.9,23.96,6326.0,-9.54,4,6,2005,0
2005-04-17,台北二,SE6 青蔥 粉蔥 ,17.6,12.1,7.1,12.2,2.52,6000.0,-5.15,4,7,2005,0
2005-04-18,台北二,SE6 青蔥 粉蔥 ,,,,,,,,4,1,2005,1
2005-04-19,台北二,SE6 青蔥 粉蔥 ,27.1,20.1,13.8,20.2,65.57,4960.0,-17.33,4,2,2005,0
2005-04-20,台北二,SE6 青蔥 粉蔥 ,22.7,16.1,12.0,16.6,-17.82,5925.0,19.46,4,3,2005,0
2005-04-21,台北二,SE6 青蔥 粉蔥 ,19.6,11.7,6.8,12.3,-25.9,8551.0,44.32,4,4,2005,0
2005-04-22,台北二,SE6 青蔥 粉蔥 ,18.8,9.5,5.3,10.5,-14.63,7565.0,-11.53,4,5,2005,0
2005-04-23,台北二,SE6 青蔥 粉蔥 ,17.9,9.7,5.9,10.6,0.95,7750.0,2.45,4,6,2005,0
2005-04-24,台北二,SE6 青蔥 粉蔥 ,19.2,9.3,5.2,10.4,-1.89,6806.0,-12.18,4,7,2005,0
2005-04-25,台北二,SE6 青蔥 粉蔥 ,,,,,,,,4,1,2005,1
2005-04-26,台北二,SE6 青蔥 粉蔥 ,19.8,12.3,7.0,12.8,23.08,5744.0,-15.6,4,2,2005,0
2005-04-27,台北二,SE6 青蔥 粉蔥 ,20.5,11.3,6.9,12.3,-3.91,3020.0,-47.42,4,3,2005,0
2005-04-28,台北二,SE6 青蔥 粉蔥 ,17.2,11.3,5.9,11.4,-7.32,3857.0,27.72,4,4,2005,0
2005-04-29,台北二,SE6 青蔥 粉蔥 ,17.4,10.9,6.8,11.4,0.0,4525.0,17.32,4,5,2005,0
2005-04-30,台北二,SE6 青蔥 粉蔥 ,22.0,16.2,8.4,15.8,38.6,4114.0,-9.08,4,6,2005,0
2005-05-01,台北二,SE6 青蔥 粉蔥 ,23.8,15.9,10.0,16.3,3.16,4892.0,18.91,5,7,2005,0
2005-05-02,台北二,SE6 青蔥 粉蔥 ,,,,,,,,5,1,2005,1
2005-05-03,台北二,SE6 青蔥 粉蔥 ,30.2,16.3,8.1,17.4,6.75,5382.0,10.02,5,2,2005,0
2005-05-04,台北二,SE6 青蔥 粉蔥 ,31.4,18.7,11.1,19.7,13.22,5259.0,-2.29,5,3,2005,0
2005-05-05,台北二,SE6 青蔥 粉蔥 ,25.6,17.5,10.1,17.6,-10.66,3066.0,-41.7,5,4,2005,0
2005-05-06,台北二,SE6 青蔥 粉蔥 ,21.3,14.9,9.3,15.1,-14.2,5493.0,79.16,5,5,2005,0
2005-05-07,台北二,SE6 青蔥 粉蔥 ,23.8,15.0,9.8,15.7,3.97,4314.0,-21.46,5,6,2005,0
2005-05-08,台北二,SE6 青蔥 粉蔥 ,22.1,11.8,8.1,13.2,-15.92,4989.0,15.65,5,7,2005,0
2005-05-09,台北二,SE6 青蔥 粉蔥 ,,,,,,,,5,1,2005,1
2005-05-10,台北二,SE6 青蔥 粉蔥 ,25.1,16.6,10.2,17.0,28.79,3830.0,-23.23,5,2,2005,0
2005-05-11,台北二,SE6 青蔥 粉蔥 ,25.1,17.4,10.9,17.6,3.53,2447.0,-36.11,5,3,2005,0
2005-05-12,台北二,SE6 青蔥 粉蔥 ,27.2,17.0,11.9,18.0,2.27,3580.0,46.3,5,4,2005,0
2005-05-13,台北二,SE6 青蔥 粉蔥 ,25.6,16.8,10.3,17.3,-3.89,3539.0,-1.15,5,5,2005,0
2005-05-14,台北二,SE6 青蔥 粉蔥 ,30.5,22.7,14.3,22.6,30.64,2562.0,-27.61,5,6,2005,0
2005-05-15,台北二,SE6 青蔥 粉蔥 ,26.7,18.3,14.8,19.3,-14.6,3265.0,27.44,5,7,2005,0
2005-05-16,台北二,SE6 青蔥 粉蔥 ,,,,,,,,5,1,2005,1
2005-05-17,台北二,SE6 青蔥 粉蔥 ,29.5,18.5,11.2,19.2,-0.52,3470.0,6.28,5,2,2005,0
2005-05-18,台北二,SE6 青蔥 粉蔥 ,23.1,15.4,7.2,15.3,-20.31,2723.0,-21.53,5,3,2005,0
2005-05-19,台北二,SE6 青蔥 粉蔥 ,20.2,14.1,10.4,14.6,-4.58,1937.0,-28.87,5,4,2005,0
2005-05-20,台北二,SE6 青蔥 粉蔥 ,22.1,15.8,9.4,15.8,8.22,2067.0,6.71,5,5,2005,0
2005-05-21,台北二,SE6 青蔥 粉蔥 ,29.8,25.6,20.6,25.4,60.76,720.0,-65.17,5,6,2005,0
2005-05-22,台北二,SE6 青蔥 粉蔥 ,36.4,32.4,29.1,32.5,27.95,1320.0,83.33,5,7,2005,0
2005-05-23,台北二,SE6 青蔥 粉蔥 ,,,,,,,,5,1,2005,1
2005-05-24,台北二,SE6 青蔥 粉蔥 ,39.7,35.0,30.0,34.9,7.38,1160.0,-12.12,5,2,2005,0
2005-05-25,台北二,SE6 青蔥 粉蔥 ,39.8,34.5,27.8,34.2,-2.01,1719.0,48.19,5,3,2005,0
2005-05-26,台北二,SE6 青蔥 粉蔥 ,35.6,30.4,22.6,29.9,-12.57,2021.0,17.57,5,4,2005,0
2005-05-27,台北二,SE6 青蔥 粉蔥 ,31.3,30.0,23.0,28.9,-3.34,1172.0,-42.01,5,5,2005,0
2005-05-28,台北二,SE6 青蔥 粉蔥 ,35.1,30.7,26.4,30.7,6.23,1465.0,25.0,5,6,2005,0
2005-05-29,台北二,SE6 青蔥 粉蔥 ,35.0,26.3,21.5,27.1,-11.73,1680.0,14.68,5,7,2005,0
2005-05-30,台北二,SE6 青蔥 粉蔥 ,,,,,,,,5,1,2005,1
2005-05-31,台北二,SE6 青蔥 粉蔥 ,38.5,33.3,27.9,33.3,22.88,1352.0,-19.52,5,2,2005,0
2005-06-01,台北二,SE6 青蔥 粉蔥 ,34.7,28.1,23.4,28.5,-14.41,1765.0,30.55,6,3,2005,0
2005-06-02,台北二,SE6 青蔥 粉蔥 ,32.2,20.0,12.6,20.9,-26.67,1627.0,-7.82,6,4,2005,0
2005-06-03,台北二,SE6 青蔥 粉蔥 ,33.7,27.8,23.0,28.0,33.97,695.0,-57.28,6,5,2005,0
2005-06-04,台北二,SE6 青蔥 粉蔥 ,39.2,28.7,22.6,29.6,5.71,1136.0,63.45,6,6,2005,0
2005-06-05,台北二,SE6 青蔥 粉蔥 ,46.9,36.3,22.6,35.7,20.61,717.0,-36.88,6,7,2005,0
2005-06-06,台北二,SE6 青蔥 粉蔥 ,,,,,,,,6,1,2005,1
2005-06-07,台北二,SE6 青蔥 粉蔥 ,52.1,46.5,36.2,45.6,27.73,368.0,-48.68,6,2,2005,0
2005-06-08,台北二,SE6 青蔥 粉蔥 ,60.5,50.9,38.6,50.4,10.53,1177.0,219.84,6,3,2005,0
2005-06-09,台北二,SE6 青蔥 粉蔥 ,52.2,44.1,29.9,42.9,-14.88,1042.0,-11.47,6,4,2005,0
2005-06-10,台北二,SE6 青蔥 粉蔥 ,50.3,38.9,25.2,38.4,-10.49,1448.0,38.96,6,5,2005,0
2005-06-11,台北二,SE6 青蔥 粉蔥 ,45.2,37.3,29.8,37.4,-2.6,1101.0,-23.96,6,6,2005,0
2005-06-12,台北二,SE6 青蔥 粉蔥 ,,,,,,,,6,7,2005,1
2005-06-13,台北二,SE6 青蔥 粉蔥 ,,,,,,,,6,1,2005,1
2005-06-14,台北二,SE6 青蔥 粉蔥 ,70.0,52.5,35.0,52.5,40.37,600.0,-45.5,6,2,2005,0
2005-06-15,台北二,SE6 青蔥 粉蔥 ,58.6,46.5,37.9,47.2,-10.1,1044.0,74.0,6,3,2005,0
2005-06-16,台北二,SE6 青蔥 粉蔥 ,51.2,40.7,35.4,41.7,-11.65,798.0,-23.56,6,4,2005,0
2005-06-17,台北二,SE6 青蔥 粉蔥 ,52.4,36.7,2.0,32.9,-21.1,964.0,20.8,6,5,2005,0
2005-06-18,台北二,SE6 青蔥 粉蔥 ,56.6,37.0,5.8,34.7,5.47,1489.0,54.46,6,6,2005,0
2005-06-19,台北二,SE6 青蔥 粉蔥 ,48.4,26.9,7.1,27.2,-21.61,1528.0,2.62,6,7,2005,0
2005-06-20,台北二,SE6 青蔥 粉蔥 ,,,,,,,,6,1,2005,1
2005-06-21,台北二,SE6 青蔥 粉蔥 ,57.5,44.0,30.6,44.0,61.76,227.0,-85.14,6,2,2005,0
2005-06-22,台北二,SE6 青蔥 粉蔥 ,105.0,80.5,44.0,78.1,77.5,79.0,-65.2,6,3,2005,0
2005-06-23,台北二,SE6 青蔥 粉蔥 ,,,,,,,,6,4,2005,1
2005-06-24,台北二,SE6 青蔥 粉蔥 ,120.0,97.3,80.0,98.4,25.99,37.0,-53.16,6,5,2005,0
2005-06-25,台北二,SE6 青蔥 粉蔥 ,196.7,177.6,170.0,179.9,82.83,103.0,178.38,6,6,2005,0
2005-06-26,台北二,SE6 青蔥 粉蔥 ,115.0,115.0,115.0,115.0,-36.08,40.0,-61.17,6,7,2005,0
2005-06-27,台北二,SE6 青蔥 粉蔥 ,,,,,,,,6,1,2005,1
2005-06-28,台北二,SE6 青蔥 粉蔥 ,,,,,,,,6,2,2005,1
2005-06-29,台北二,SE6 青蔥 粉蔥 ,60.0,54.4,35.0,51.7,-55.04,60.0,50.0,6,3,2005,0
2005-06-30,台北二,SE6 青蔥 粉蔥 ,60.0,60.0,60.0,60.0,16.05,20.0,-66.67,6,4,2005,0
2005-07-01,台北二,SE6 青蔥 粉蔥 ,42.0,39.6,36.0,39.3,-34.5,120.0,500.0,7,5,2005,0
2005-07-02,台北二,SE6 青蔥 粉蔥 ,72.0,72.0,72.0,72.0,83.21,20.0,-83.33,7,6,2005,0
2005-07-03,台北二,SE6 青蔥 粉蔥 ,86.1,71.8,58.0,71.9,-0.14,700.0,3400.0,7,7,2005,0
2005-07-04,台北二,SE6 青蔥 粉蔥 ,,,,,,,,7,1,2005,1
2005-07-05,台北二,SE6 青蔥 粉蔥 ,120.0,109.9,95.0,108.9,51.46,99.0,-85.86,7,2,2005,0
2005-07-06,台北二,SE6 青蔥 粉蔥 ,140.0,120.5,100.0,120.3,10.47,107.0,8.08,7,3,2005,0
2005-07-07,台北二,SE6 青蔥 粉蔥 ,100.0,93.3,60.0,88.0,-26.85,75.0,-29.91,7,4,2005,0
2005-07-08,台北二,SE6 青蔥 粉蔥 ,110.0,86.2,68.0,87.3,-0.8,90.0,20.0,7,5,2005,0
2005-07-09,台北二,SE6 青蔥 粉蔥 ,114.5,80.5,66.2,84.4,-3.32,158.0,75.56,7,6,2005,0
2005-07-10,台北二,SE6 青蔥 粉蔥 ,139.1,80.3,70.0,90.0,6.64,163.0,3.16,7,7,2005,0
2005-07-11,台北二,SE6 青蔥 粉蔥 ,,,,,,,,7,1,2005,1
2005-07-12,台北二,SE6 青蔥 粉蔥 ,150.0,75.7,50.0,85.4,-5.11,179.0,9.82,7,2,2005,0
2005-07-13,台北二,SE6 青蔥 粉蔥 ,65.7,51.6,48.0,53.7,-37.12,89.0,-50.28,7,3,2005,0
2005-07-14,台北二,SE6 青蔥 粉蔥 ,130.0,122.0,79.3,115.1,114.34,171.0,92.13,7,4,2005,0
2005-07-15,台北二,SE6 青蔥 粉蔥 ,160.0,130.5,75.8,125.5,9.04,155.0,-9.36,7,5,2005,0
2005-07-16,台北二,SE6 青蔥 粉蔥 ,180.0,149.3,93.8,144.4,15.06,193.0,24.52,7,6,2005,0
2005-07-17,台北二,SE6 青蔥 粉蔥 ,180.0,146.5,100.0,143.9,-0.35,147.0,-23.83,7,7,2005,0
2005-07-18,台北二,SE6 青蔥 粉蔥 ,,,,,,,,7,1,2005,1
2005-07-19,台北二,SE6 青蔥 粉蔥 ,260.0,168.3,126.0,178.2,23.84,200.0,36.05,7,2,2005,0
2005-07-20,台北二,SE6 青蔥 粉蔥 ,148.9,106.0,68.1,107.0,-39.96,337.0,68.5,7,3,2005,0
2005-07-21,台北二,SE6 青蔥 粉蔥 ,88.9,61.9,50.0,64.9,-39.35,243.0,-27.89,7,4,2005,0
2005-07-22,台北二,SE6 青蔥 粉蔥 ,67.7,40.1,30.0,43.6,-32.82,261.0,7.41,7,5,2005,0
2005-07-23,台北二,SE6 青蔥 粉蔥 ,66.3,44.2,26.1,45.0,3.21,380.0,45.59,7,6,2005,0
2005-07-24,台北二,SE6 青蔥 粉蔥 ,68.3,44.6,35.0,47.4,5.33,291.0,-23.42,7,7,2005,0
2005-07-25,台北二,SE6 青蔥 粉蔥 ,,,,,,,,7,1,2005,1
2005-07-26,台北二,SE6 青蔥 粉蔥 ,110.0,101.7,95.0,102.0,115.19,300.0,3.09,7,2,2005,0
2005-07-27,台北二,SE6 青蔥 粉蔥 ,155.0,147.2,128.5,145.0,42.16,340.0,13.33,7,3,2005,0
2005-07-28,台北二,SE6 青蔥 粉蔥 ,227.5,220.0,220.0,221.5,52.76,173.0,-49.12,7,4,2005,0
2005-07-29,台北二,SE6 青蔥 粉蔥 ,178.9,165.0,165.0,167.8,-24.24,180.0,4.05,7,5,2005,0
2005-07-30,台北二,SE6 青蔥 粉蔥 ,170.0,154.4,95.0,145.7,-13.17,77.0,-57.22,7,6,2005,0
2005-07-31,台北二,SE6 青蔥 粉蔥 ,,,,,,,,7,7,2005,1
2005-08-01,台北二,SE6 青蔥 粉蔥 ,,,,,,,,8,1,2005,1
2005-08-02,台北二,SE6 青蔥 粉蔥 ,100.0,100.0,84.4,96.9,-33.49,308.0,300.0,8,2,2005,0
2005-08-03,台北二,SE6 青蔥 粉蔥 ,195.0,122.1,110.0,134.3,38.6,56.0,-81.82,8,3,2005,0
2005-08-04,台北二,SE6 青蔥 粉蔥 ,80.0,80.0,80.0,80.0,-40.43,48.0,-14.29,8,4,2005,0
2005-08-05,台北二,SE6 青蔥 粉蔥 ,129.7,74.4,60.0,82.6,3.25,918.0,1812.5,8,5,2005,0
2005-08-06,台北二,SE6 青蔥 粉蔥 ,155.0,148.9,140.0,148.3,79.54,60.0,-93.46,8,6,2005,0
2005-08-07,台北二,SE6 青蔥 粉蔥 ,67.9,25.5,12.8,31.4,-78.83,1135.0,1791.67,8,7,2005,0
2005-08-08,台北二,SE6 青蔥 粉蔥 ,,,,,,,,8,1,2005,1
2005-08-09,台北二,SE6 青蔥 粉蔥 ,85.9,58.6,36.5,59.6,89.81,169.0,-85.11,8,2,2005,0
2005-08-10,台北二,SE6 青蔥 粉蔥 ,90.0,85.0,80.0,85.0,42.62,80.0,-52.66,8,3,2005,0
2005-08-11,台北二,SE6 青蔥 粉蔥 ,102.3,66.2,50.0,70.2,-17.41,203.0,153.75,8,4,2005,0
2005-08-12,台北二,SE6 青蔥 粉蔥 ,97.7,74.4,60.3,76.2,8.55,214.0,5.42,8,5,2005,0
2005-08-13,台北二,SE6 青蔥 粉蔥 ,122.2,71.2,52.2,77.6,1.84,360.0,68.22,8,6,2005,0
2005-08-14,台北二,SE6 青蔥 粉蔥 ,,,,,,,,8,7,2005,1
2005-08-15,台北二,SE6 青蔥 粉蔥 ,,,,,,,,8,1,2005,1
2005-08-16,台北二,SE6 青蔥 粉蔥 ,119.3,94.7,57.8,92.2,18.81,270.0,-25.0,8,2,2005,0
2005-08-17,台北二,SE6 青蔥 粉蔥 ,129.0,103.2,68.2,101.4,9.98,334.0,23.7,8,3,2005,0
2005-08-18,台北二,SE6 青蔥 粉蔥 ,116.0,99.1,66.0,95.9,-5.42,417.0,24.85,8,4,2005,0
2005-08-19,台北二,SE6 青蔥 粉蔥 ,130.9,96.5,60.0,96.1,0.21,640.0,53.48,8,5,2005,0
2005-08-20,台北二,SE6 青蔥 粉蔥 ,,,,,,,,8,6,2005,1
2005-08-21,台北二,SE6 青蔥 粉蔥 ,,,,,,,,8,7,2005,1
2005-08-22,台北二,SE6 青蔥 粉蔥 ,112.9,92.3,79.5,93.8,-2.39,380.0,-40.62,8,1,2005,0
2005-08-23,台北二,SE6 青蔥 粉蔥 ,130.1,92.6,58.9,93.4,-0.43,339.0,-10.79,8,2,2005,0
2005-08-24,台北二,SE6 青蔥 粉蔥 ,87.0,81.8,80.0,82.5,-11.67,324.0,-4.42,8,3,2005,0
2005-08-25,台北二,SE6 青蔥 粉蔥 ,136.3,93.0,68.2,96.7,17.21,559.0,72.53,8,4,2005,0
2005-08-26,台北二,SE6 青蔥 粉蔥 ,130.3,108.9,79.9,107.4,11.07,472.0,-15.56,8,5,2005,0
2005-08-27,台北二,SE6 青蔥 粉蔥 ,132.4,116.6,100.0,116.4,8.38,420.0,-11.02,8,6,2005,0
2005-08-28,台北二,SE6 青蔥 粉蔥 ,149.8,133.7,106.2,131.4,12.89,424.0,0.95,8,7,2005,0
2005-08-29,台北二,SE6 青蔥 粉蔥 ,,,,,,,,8,1,2005,1
2005-08-30,台北二,SE6 青蔥 粉蔥 ,178.4,153.5,145.0,156.8,19.33,403.0,-4.95,8,2,2005,0
2005-08-31,台北二,SE6 青蔥 粉蔥 ,260.0,247.2,235.7,247.5,57.84,235.0,-41.69,8,3,2005,0
2005-09-01,台北二,SE6 青蔥 粉蔥 ,180.0,166.7,152.1,166.5,-32.73,341.0,45.11,9,4,2005,0
2005-09-02,台北二,SE6 青蔥 粉蔥 ,196.7,164.0,155.0,168.8,1.38,240.0,-29.62,9,5,2005,0
2005-09-03,台北二,SE6 青蔥 粉蔥 ,165.3,88.8,49.6,96.2,-43.01,527.0,119.58,9,6,2005,0
2005-09-04,台北二,SE6 青蔥 粉蔥 ,111.0,89.4,50.0,85.8,-10.81,195.0,-63.0,9,7,2005,0
2005-09-05,台北二,SE6 青蔥 粉蔥 ,,,,,,,,9,1,2005,1
2005-09-06,台北二,SE6 青蔥 粉蔥 ,98.7,52.6,40.0,59.3,-30.89,139.0,-28.72,9,2,2005,0
2005-09-07,台北二,SE6 青蔥 粉蔥 ,180.0,180.0,180.0,180.0,203.54,20.0,-85.61,9,3,2005,0
2005-09-08,台北二,SE6 青蔥 粉蔥 ,,,,,,,,9,4,2005,1
2005-09-09,台北二,SE6 青蔥 粉蔥 ,,,,,,,,9,5,2005,1
2005-09-10,台北二,SE6 青蔥 粉蔥 ,260.0,238.4,215.0,238.1,32.28,41.0,105.0,9,6,2005,0
2005-09-11,台北二,SE6 青蔥 粉蔥 ,150.0,148.6,140.0,147.1,-38.22,77.0,87.8,9,7,2005,0
2005-09-12,台北二,SE6 青蔥 粉蔥 ,,,,,,,,9,1,2005,1
2005-09-13,台北二,SE6 青蔥 粉蔥 ,165.0,165.0,165.0,165.0,12.17,40.0,-48.05,9,2,2005,0
2005-09-14,台北二,SE6 青蔥 粉蔥 ,180.0,43.7,10.0,64.2,-61.09,440.0,1000.0,9,3,2005,0
2005-09-15,台北二,SE6 青蔥 粉蔥 ,140.0,129.8,100.0,125.9,96.11,82.0,-81.36,9,4,2005,0
2005-09-16,台北二,SE6 青蔥 粉蔥 ,135.7,125.8,46.7,111.9,-11.12,469.0,471.95,9,5,2005,0
2005-09-17,台北二,SE6 青蔥 粉蔥 ,,,,,,,,9,6,2005,1
2005-09-18,台北二,SE6 青蔥 粉蔥 ,95.0,92.3,90.0,92.4,-17.43,42.0,-91.04,9,7,2005,0
2005-09-19,台北二,SE6 青蔥 粉蔥 ,,,,,,,,9,1,2005,1
2005-09-20,台北二,SE6 青蔥 粉蔥 ,,,,,,,,9,2,2005,1
2005-09-21,台北二,SE6 青蔥 粉蔥 ,210.0,193.3,143.3,186.7,102.06,180.0,328.57,9,3,2005,0
2005-09-22,台北二,SE6 青蔥 粉蔥 ,210.0,158.6,150.0,167.1,-10.5,140.0,-22.22,9,4,2005,0
2005-09-23,台北二,SE6 青蔥 粉蔥 ,186.5,152.6,137.1,156.2,-6.52,340.0,142.86,9,5,2005,0
2005-09-24,台北二,SE6 青蔥 粉蔥 ,124.7,108.2,97.8,109.4,-29.96,1237.0,263.82,9,6,2005,0
2005-09-25,台北二,SE6 青蔥 粉蔥 ,109.0,74.5,56.0,77.7,-28.98,1000.0,-19.16,9,7,2005,0
2005-09-26,台北二,SE6 青蔥 粉蔥 ,,,,,,,,9,1,2005,1
2005-09-27,台北二,SE6 青蔥 粉蔥 ,,,,,,,,9,2,2005,1
2005-09-28,台北二,SE6 青蔥 粉蔥 ,,,,,,,,9,3,2005,1
2005-09-29,台北二,SE6 青蔥 粉蔥 ,,,,,,,,9,4,2005,1
2005-09-30,台北二,SE6 青蔥 粉蔥 ,,,,,,,,9,5,2005,1
2005-10-01,台北二,SE6 青蔥 粉蔥 ,,,,,,,,10,6,2005,1
2005-10-02,台北二,SE6 青蔥 粉蔥 ,130.7,103.3,92.8,106.7,37.32,1816.0,81.6,10,7,2005,0
2005-10-03,台北二,SE6 青蔥 粉蔥 ,,,,,,,,10,1,2005,1
2005-10-04,台北二,SE6 青蔥 粉蔥 ,,,,,,,,10,2,2005,1
2005-10-05,台北二,SE6 青蔥 粉蔥 ,,,,,,,,10,3,2005,1
2005-10-06,台北二,SE6 青蔥 粉蔥 ,,,,,,,,10,4,2005,1
2005-10-07,台北二,SE6 青蔥 粉蔥 ,112.6,74.1,57.0,78.3,-26.62,580.0,-68.06,10,5,2005,0
2005-10-08,台北二,SE6 青蔥 粉蔥 ,,,,,,,,10,6,2005,1
2005-10-09,台北二,SE6 青蔥 粉蔥 ,,,,,,,,10,7,2005,1
2005-10-10,台北二,SE6 青蔥 粉蔥 ,,,,,,,,10,1,2005,1
2005-10-11,台北二,SE6 青蔥 粉蔥 ,,,,,,,,10,2,2005,1
2005-10-12,台北二,SE6 青蔥 粉蔥 ,,,,,,,,10,3,2005,1
2005-10-13,台北二,SE6 青蔥 粉蔥 ,,,,,,,,10,4,2005,1
2005-10-14,台北二,SE6 青蔥 粉蔥 ,160.0,160.0,160.0,160.0,104.34,20.0,-96.55,10,5,2005,0
2005-10-15,台北二,SE6 青蔥 粉蔥 ,170.0,168.9,165.0,168.3,5.19,60.0,200.0,10,6,2005,0
2005-10-16,台北二,SE6 青蔥 粉蔥 ,,,,,,,,10,7,2005,1
2005-10-17,台北二,SE6 青蔥 粉蔥 ,,,,,,,,10,1,2005,1
2005-10-18,台北二,SE6 青蔥 粉蔥 ,,,,,,,,10,2,2005,1
2005-10-19,台北二,SE6 青蔥 粉蔥 ,,,,,,,,10,3,2005,1
2005-10-20,台北二,SE6 青蔥 粉蔥 ,,,,,,,,10,4,2005,1
2005-10-21,台北二,SE6 青蔥 粉蔥 ,,,,,,,,10,5,2005,1
2005-10-22,台北二,SE6 青蔥 粉蔥 ,,,,,,,,10,6,2005,1
2005-10-23,台北二,SE6 青蔥 粉蔥 ,,,,,,,,10,7,2005,1
2005-10-24,台北二,SE6 青蔥 粉蔥 ,,,,,,,,10,1,2005,1
2005-10-25,台北二,SE6 青蔥 粉蔥 ,109.5,99.9,85.8,99.0,-41.18,1460.0,2333.33,10,2,2005,0
2005-10-26,台北二,SE6 青蔥 粉蔥 ,96.1,82.8,70.2,82.9,-16.26,1148.0,-21.37,10,3,2005,0
2005-10-27,台北二,SE6 青蔥 粉蔥 ,,,,,,,,10,4,2005,1
2005-10-28,台北二,SE6 青蔥 粉蔥 ,,,,,,,,10,5,2005,1
2005-10-29,台北二,SE6 青蔥 粉蔥 ,,,,,,,,10,6,2005,1
2005-10-30,台北二,SE6 青蔥 粉蔥 ,,,,,,,,10,7,2005,1
2005-10-31,台北二,SE6 青蔥 粉蔥 ,,,,,,,,10,1,2005,1
2005-11-01,台北二,SE6 青蔥 粉蔥 ,,,,,,,,11,2,2005,1
2005-11-02,台北二,SE6 青蔥 粉蔥 ,,,,,,,,11,3,2005,1
2005-11-03,台北二,SE6 青蔥 粉蔥 ,,,,,,,,11,4,2005,1
2005-11-04,台北二,SE6 青蔥 粉蔥 ,,,,,,,,11,5,2005,1
2005-11-05,台北二,SE6 青蔥 粉蔥 ,,,,,,,,11,6,2005,1
2005-11-06,台北二,SE6 青蔥 粉蔥 ,35.0,35.0,35.0,35.0,-57.78,69.0,-93.99,11,7,2005,0
2005-11-07,台北二,SE6 青蔥 粉蔥 ,,,,,,,,11,1,2005,1
2005-11-08,台北二,SE6 青蔥 粉蔥 ,,,,,,,,11,2,2005,1
2005-11-09,台北二,SE6 青蔥 粉蔥 ,75.0,75.0,75.0,75.0,114.29,120.0,73.91,11,3,2005,0
2005-11-10,台北二,SE6 青蔥 粉蔥 ,,,,,,,,11,4,2005,1
2005-11-11,台北二,SE6 青蔥 粉蔥 ,82.0,82.0,82.0,82.0,9.33,120.0,0.0,11,5,2005,0
2005-11-12,台北二,SE6 青蔥 粉蔥 ,80.0,74.8,62.0,73.3,-10.61,280.0,133.33,11,6,2005,0
2005-11-13,台北二,SE6 青蔥 粉蔥 ,90.0,80.4,70.3,80.3,9.55,320.0,14.29,11,7,2005,0
2005-11-14,台北二,SE6 青蔥 粉蔥 ,,,,,,,,11,1,2005,1
2005-11-15,台北二,SE6 青蔥 粉蔥 ,80.0,67.8,60.3,68.8,-14.32,320.0,0.0,11,2,2005,0
2005-11-16,台北二,SE6 青蔥 粉蔥 ,100.0,77.8,65.0,79.7,15.84,300.0,-6.25,11,3,2005,0
2005-11-17,台北二,SE6 青蔥 粉蔥 ,86.0,70.6,59.4,71.4,-10.41,360.0,20.0,11,4,2005,0
2005-11-18,台北二,SE6 青蔥 粉蔥 ,167.8,106.4,63.2,110.0,54.06,540.0,50.0,11,5,2005,0
2005-11-19,台北二,SE6 青蔥 粉蔥 ,110.0,92.5,62.5,90.0,-18.18,240.0,-55.56,11,6,2005,0
2005-11-20,台北二,SE6 青蔥 粉蔥 ,100.0,93.9,60.0,88.3,-1.89,300.0,25.0,11,7,2005,0
2005-11-21,台北二,SE6 青蔥 粉蔥 ,,,,,,,,11,1,2005,1
2005-11-22,台北二,SE6 青蔥 粉蔥 ,,,,,,,,11,2,2005,1
2005-11-23,台北二,SE6 青蔥 粉蔥 ,,,,,,,,11,3,2005,1
2005-11-24,台北二,SE6 青蔥 粉蔥 ,,,,,,,,11,4,2005,1
2005-11-25,台北二,SE6 青蔥 粉蔥 ,,,,,,,,11,5,2005,1
2005-11-26,台北二,SE6 青蔥 粉蔥 ,115.0,88.3,70.0,90.0,1.93,100.0,-66.67,11,6,2005,0
2005-11-27,台北二,SE6 青蔥 粉蔥 ,63.2,49.9,32.3,49.0,-45.56,3927.0,3827.0,11,7,2005,0
2005-11-28,台北二,SE6 青蔥 粉蔥 ,,,,,,,,11,1,2005,1
2005-11-29,台北二,SE6 青蔥 粉蔥 ,135.0,112.5,77.5,110.0,124.49,120.0,-96.94,11,2,2005,0
2005-11-30,台北二,SE6 青蔥 粉蔥 ,110.0,99.8,82.2,98.3,-10.64,180.0,50.0,11,3,2005,0
2005-12-01,台北二,SE6 青蔥 粉蔥 ,105.0,91.4,70.1,89.9,-8.55,140.0,-22.22,12,4,2005,0
2005-12-02,台北二,SE6 青蔥 粉蔥 ,105.0,95.0,72.5,92.5,2.89,160.0,14.29,12,5,2005,0
2005-12-03,台北二,SE6 青蔥 粉蔥 ,110.0,106.2,78.6,101.4,9.62,140.0,-12.5,12,6,2005,0
2005-12-04,台北二,SE6 青蔥 粉蔥 ,110.0,98.2,90.0,98.9,-2.47,180.0,28.57,12,7,2005,0
2005-12-05,台北二,SE6 青蔥 粉蔥 ,,,,,,,,12,1,2005,1
2005-12-06,台北二,SE6 青蔥 粉蔥 ,150.0,147.6,126.6,143.9,45.5,196.0,8.89,12,2,2005,0
2005-12-07,台北二,SE6 青蔥 粉蔥 ,140.0,116.3,92.5,116.3,-19.18,240.0,22.45,12,3,2005,0
2005-12-08,台北二,SE6 青蔥 粉蔥 ,105.0,97.5,90.0,97.5,-16.17,160.0,-33.33,12,4,2005,0
2005-12-09,台北二,SE6 青蔥 粉蔥 ,105.0,103.2,70.0,96.9,-0.62,104.0,-35.0,12,5,2005,0
2005-12-10,台北二,SE6 青蔥 粉蔥 ,110.0,73.7,60.0,78.2,-19.3,280.0,169.23,12,6,2005,0
2005-12-11,台北二,SE6 青蔥 粉蔥 ,80.0,67.8,55.0,67.7,-13.43,79.0,-71.79,12,7,2005,0
2005-12-12,台北二,SE6 青蔥 粉蔥 ,,,,,,,,12,1,2005,1
2005-12-13,台北二,SE6 青蔥 粉蔥 ,96.2,77.3,55.8,76.8,13.44,268.0,239.24,12,2,2005,0
2005-12-14,台北二,SE6 青蔥 粉蔥 ,85.0,69.4,60.0,70.7,-7.94,300.0,11.94,12,3,2005,0
2005-12-15,台北二,SE6 青蔥 粉蔥 ,,,,,,,,12,4,2005,1
2005-12-16,台北二,SE6 青蔥 粉蔥 ,80.0,78.7,47.0,72.6,2.69,93.0,-69.0,12,5,2005,0
2005-12-17,台北二,SE6 青蔥 粉蔥 ,90.0,88.9,85.0,88.3,21.63,60.0,-35.48,12,6,2005,0
2005-12-18,台北二,SE6 青蔥 粉蔥 ,80.0,77.5,75.0,77.5,-12.23,80.0,33.33,12,7,2005,0
2005-12-19,台北二,SE6 青蔥 粉蔥 ,,,,,,,,12,1,2005,1
2005-12-20,台北二,SE6 青蔥 粉蔥 ,95.0,90.5,80.0,89.3,15.23,140.0,75.0,12,2,2005,0
2005-12-21,台北二,SE6 青蔥 粉蔥 ,95.0,79.4,75.0,81.7,-8.51,60.0,-57.14,12,3,2005,0
2005-12-22,台北二,SE6 青蔥 粉蔥 ,95.0,83.3,80.0,85.0,4.04,60.0,0.0,12,4,2005,0
2005-12-23,台北二,SE6 青蔥 粉蔥 ,,,,,,,,12,5,2005,1
2005-12-24,台北二,SE6 青蔥 粉蔥 ,,,,,,,,12,6,2005,1
2005-12-25,台北二,SE6 青蔥 粉蔥 ,70.0,70.0,70.0,70.0,-17.65,27.0,-55.0,12,7,2005,0
2005-12-26,台北二,SE6 青蔥 粉蔥 ,,,,,,,,12,1,2005,1
2005-12-27,台北二,SE6 青蔥 粉蔥 ,73.7,57.8,56.0,60.6,-13.43,256.0,848.15,12,2,2005,0
2005-12-28,台北二,SE6 青蔥 粉蔥 ,50.3,26.6,20.0,30.0,-50.5,1492.0,482.81,12,3,2005,0
2005-12-29,台北二,SE6 青蔥 粉蔥 ,48.2,31.1,19.8,32.2,7.33,1101.0,-26.21,12,4,2005,0
2005-12-30,台北二,SE6 青蔥 粉蔥 ,74.3,39.5,23.3,43.2,34.16,956.0,-13.17,12,5,2005,0
2005-12-31,台北二,SE6 青蔥 粉蔥 ,50.0,47.5,45.0,47.5,9.95,360.0,-62.34,12,6,2005,0
2006-01-01,台北二,SE6 青蔥 粉蔥 ,85.0,85.0,85.0,85.0,78.95,48.0,-86.67,1,7,2006,0
2006-01-02,台北二,SE6 青蔥 粉蔥 ,,,,,,,,1,1,2006,1
2006-01-03,台北二,SE6 青蔥 粉蔥 ,79.8,52.4,23.1,52.0,-38.82,1250.0,2504.17,1,2,2006,0
2006-01-04,台北二,SE6 青蔥 粉蔥 ,,,,,,,,1,3,2006,1
2006-01-05,台北二,SE6 青蔥 粉蔥 ,89.5,78.0,60.0,76.7,47.5,360.0,-71.2,1,4,2006,0
2006-01-06,台北二,SE6 青蔥 粉蔥 ,68.4,60.4,57.3,61.4,-19.95,740.0,105.56,1,5,2006,0
2006-01-07,台北二,SE6 青蔥 粉蔥 ,88.0,86.2,86.0,86.5,40.88,160.0,-78.38,1,6,2006,0
2006-01-08,台北二,SE6 青蔥 粉蔥 ,85.0,84.3,83.0,84.2,-2.66,300.0,87.5,1,7,2006,0
2006-01-09,台北二,SE6 青蔥 粉蔥 ,,,,,,,,1,1,2006,1
2006-01-10,台北二,SE6 青蔥 粉蔥 ,,,,,,,,1,2,2006,1
2006-01-11,台北二,SE6 青蔥 粉蔥 ,56.3,50.7,46.1,50.9,-39.55,580.0,93.33,1,3,2006,0
2006-01-12,台北二,SE6 青蔥 粉蔥 ,50.0,49.1,32.3,45.9,-9.82,204.0,-64.83,1,4,2006,0
2006-01-13,台北二,SE6 青蔥 粉蔥 ,95.0,85.0,43.0,78.6,71.24,176.0,-13.73,1,5,2006,0
2006-01-14,台北二,SE6 青蔥 粉蔥 ,,,,,,,,1,6,2006,1
2006-01-15,台北二,SE6 青蔥 粉蔥 ,50.4,37.2,26.5,37.7,-52.04,2182.0,1139.77,1,7,2006,0
2006-01-16,台北二,SE6 青蔥 粉蔥 ,,,,,,,,1,1,2006,1
2006-01-17,台北二,SE6 青蔥 粉蔥 ,57.5,47.9,37.0,47.6,26.26,1805.0,-17.28,1,2,2006,0
2006-01-18,台北二,SE6 青蔥 粉蔥 ,52.7,48.1,34.4,46.3,-2.73,1220.0,-32.41,1,3,2006,0
2006-01-19,台北二,SE6 青蔥 粉蔥 ,55.7,51.5,26.2,47.3,2.16,1540.0,26.23,1,4,2006,0
2006-01-20,台北二,SE6 青蔥 粉蔥 ,50.7,46.4,35.5,45.1,-4.65,2034.0,32.08,1,5,2006,0
2006-01-21,台北二,SE6 青蔥 粉蔥 ,55.5,50.1,41.0,49.4,9.53,2343.0,15.19,1,6,2006,0
2006-01-22,台北二,SE6 青蔥 粉蔥 ,57.3,50.2,35.9,48.7,-1.42,2426.0,3.54,1,7,2006,0
2006-01-23,台北二,SE6 青蔥 粉蔥 ,,,,,,,,1,1,2006,1
2006-01-24,台北二,SE6 青蔥 粉蔥 ,55.1,47.2,28.1,45.0,-7.6,3639.0,50.0,1,2,2006,0
2006-01-25,台北二,SE6 青蔥 粉蔥 ,62.9,54.8,42.6,54.0,20.0,4468.0,22.78,1,3,2006,0
2006-01-26,台北二,SE6 青蔥 粉蔥 ,69.6,59.9,42.8,58.4,8.15,3427.0,-23.3,1,4,2006,0
2006-01-27,台北二,SE6 青蔥 粉蔥 ,82.7,69.6,61.6,70.6,20.89,3521.0,2.74,1,5,2006,0
2006-01-28,台北二,SE6 青蔥 粉蔥 ,68.8,61.5,55.9,61.9,-12.32,2327.0,-33.91,1,6,2006,0
2006-01-29,台北二,SE6 青蔥 粉蔥 ,,,,,,,,1,7,2006,1
2006-01-30,台北二,SE6 青蔥 粉蔥 ,,,,,,,,1,1,2006,1
2006-01-31,台北二,SE6 青蔥 粉蔥 ,,,,,,,,1,2,2006,1
2006-02-01,台北二,SE6 青蔥 粉蔥 ,,,,,,,,2,3,2006,1
2006-02-02,台北二,SE6 青蔥 粉蔥 ,,,,,,,,2,4,2006,1
2006-02-03,台北二,SE6 青蔥 粉蔥 ,49.2,38.2,28.4,38.4,-37.96,3260.0,40.09,2,5,2006,0
2006-02-04,台北二,SE6 青蔥 粉蔥 ,47.1,40.8,24.3,38.8,1.04,2314.0,-29.02,2,6,2006,0
2006-02-05,台北二,SE6 青蔥 粉蔥 ,53.6,49.1,36.6,47.5,22.42,2218.0,-4.15,2,7,2006,0
2006-02-06,台北二,SE6 青蔥 粉蔥 ,,,,,,,,2,1,2006,1
2006-02-07,台北二,SE6 青蔥 粉蔥 ,57.5,48.4,26.8,45.9,-3.37,3587.0,61.72,2,2,2006,0
2006-02-08,台北二,SE6 青蔥 粉蔥 ,55.2,44.9,22.4,42.5,-7.41,3315.0,-7.58,2,3,2006,0
2006-02-09,台北二,SE6 青蔥 粉蔥 ,47.9,42.2,30.8,41.1,-3.29,2247.0,-32.22,2,4,2006,0
2006-02-10,台北二,SE6 青蔥 粉蔥 ,45.7,43.3,33.1,41.7,1.46,2596.0,15.53,2,5,2006,0
2006-02-11,台北二,SE6 青蔥 粉蔥 ,46.7,41.6,32.3,40.7,-2.4,3305.0,27.31,2,6,2006,0
2006-02-12,台北二,SE6 青蔥 粉蔥 ,56.8,45.4,36.0,45.8,12.53,3516.0,6.38,2,7,2006,0
2006-02-13,台北二,SE6 青蔥 粉蔥 ,,,,,,,,2,1,2006,1
2006-02-14,台北二,SE6 青蔥 粉蔥 ,,,,,,,,2,2,2006,1
2006-02-15,台北二,SE6 青蔥 粉蔥 ,46.9,40.5,30.2,39.7,-13.32,3811.0,8.39,2,3,2006,0
2006-02-16,台北二,SE6 青蔥 粉蔥 ,49.5,31.6,17.8,32.4,-18.39,3783.0,-0.73,2,4,2006,0
2006-02-17,台北二,SE6 青蔥 粉蔥 ,43.5,33.7,19.4,32.8,1.23,3242.0,-14.3,2,5,2006,0
2006-02-18,台北二,SE6 青蔥 粉蔥 ,41.8,34.5,23.1,33.7,2.74,2710.0,-16.41,2,6,2006,0
2006-02-19,台北二,SE6 青蔥 粉蔥 ,43.5,36.6,18.8,34.4,2.08,3514.0,29.67,2,7,2006,0
2006-02-20,台北二,SE6 青蔥 粉蔥 ,,,,,,,,2,1,2006,1
2006-02-21,台北二,SE6 青蔥 粉蔥 ,44.2,39.4,30.0,38.4,11.63,2834.0,-19.35,2,2,2006,0
2006-02-22,台北二,SE6 青蔥 粉蔥 ,45.3,40.1,32.2,39.6,3.13,2445.0,-13.73,2,3,2006,0
2006-02-23,台北二,SE6 青蔥 粉蔥 ,50.9,39.3,18.1,37.4,-5.56,3321.0,35.83,2,4,2006,0
2006-02-24,台北二,SE6 青蔥 粉蔥 ,52.6,41.6,16.2,38.7,3.48,3006.0,-9.49,2,5,2006,0
2006-02-25,台北二,SE6 青蔥 粉蔥 ,54.2,38.8,17.6,37.6,-2.84,4101.0,36.43,2,6,2006,0
2006-02-26,台北二,SE6 青蔥 粉蔥 ,49.7,30.3,14.2,31.0,-17.55,4944.0,20.56,2,7,2006,0
2006-02-27,台北二,SE6 青蔥 粉蔥 ,,,,,,,,2,1,2006,1
2006-02-28,台北二,SE6 青蔥 粉蔥 ,52.9,40.1,21.5,38.9,25.48,2869.0,-41.97,2,2,2006,0
2006-03-01,台北二,SE6 青蔥 粉蔥 ,49.0,37.6,22.0,36.8,-5.4,2450.0,-14.6,3,3,2006,0
2006-03-02,台北二,SE6 青蔥 粉蔥 ,49.5,34.6,14.7,33.6,-8.7,3563.0,45.43,3,4,2006,0
2006-03-03,台北二,SE6 青蔥 粉蔥 ,52.0,46.9,27.5,44.0,30.95,2041.0,-42.72,3,5,2006,0
2006-03-04,台北二,SE6 青蔥 粉蔥 ,53.5,48.1,31.3,45.8,4.09,2455.0,20.28,3,6,2006,0
2006-03-05,台北二,SE6 青蔥 粉蔥 ,51.0,41.8,25.5,40.4,-11.79,3441.0,40.16,3,7,2006,0
2006-03-06,台北二,SE6 青蔥 粉蔥 ,,,,,,,,3,1,2006,1
2006-03-07,台北二,SE6 青蔥 粉蔥 ,46.8,35.1,23.4,35.1,-13.12,3917.0,13.83,3,2,2006,0
2006-03-08,台北二,SE6 青蔥 粉蔥 ,46.7,32.1,20.2,32.7,-6.84,3367.0,-14.04,3,3,2006,0
2006-03-09,台北二,SE6 青蔥 粉蔥 ,42.9,28.9,17.6,29.4,-10.09,3674.0,9.12,3,4,2006,0
2006-03-10,台北二,SE6 青蔥 粉蔥 ,34.2,23.9,13.0,23.8,-19.05,4423.0,20.39,3,5,2006,0
2006-03-11,台北二,SE6 青蔥 粉蔥 ,30.4,24.8,13.5,23.7,-0.42,4436.0,0.29,3,6,2006,0
2006-03-12,台北二,SE6 青蔥 粉蔥 ,26.1,21.2,13.3,20.6,-13.08,4479.0,0.97,3,7,2006,0
2006-03-13,台北二,SE6 青蔥 粉蔥 ,,,,,,,,3,1,2006,1
2006-03-14,台北二,SE6 青蔥 粉蔥 ,32.4,24.2,19.5,24.9,20.87,3546.0,-20.83,3,2,2006,0
2006-03-15,台北二,SE6 青蔥 粉蔥 ,33.7,29.1,16.1,27.4,10.04,3588.0,1.18,3,3,2006,0
2006-03-16,台北二,SE6 青蔥 粉蔥 ,38.5,27.4,15.7,27.3,-0.36,5285.0,47.3,3,4,2006,0
2006-03-17,台北二,SE6 青蔥 粉蔥 ,29.2,23.2,16.4,23.1,-15.38,4529.0,-14.3,3,5,2006,0
2006-03-18,台北二,SE6 青蔥 粉蔥 ,24.2,20.2,14.1,19.8,-14.29,4171.0,-7.9,3,6,2006,0
2006-03-19,台北二,SE6 青蔥 粉蔥 ,25.2,18.1,8.6,17.6,-11.11,6017.0,44.26,3,7,2006,0
2006-03-20,台北二,SE6 青蔥 粉蔥 ,,,,,,,,3,1,2006,1
2006-03-21,台北二,SE6 青蔥 粉蔥 ,24.4,17.8,8.9,17.4,-1.14,6219.0,3.36,3,2,2006,0
2006-03-22,台北二,SE6 青蔥 粉蔥 ,21.3,15.7,9.8,15.7,-9.77,5253.0,-15.53,3,3,2006,0
2006-03-23,台北二,SE6 青蔥 粉蔥 ,20.7,14.0,7.2,14.0,-10.83,5383.0,2.47,3,4,2006,0
2006-03-24,台北二,SE6 青蔥 粉蔥 ,21.7,14.2,6.0,14.1,0.71,3918.0,-27.22,3,5,2006,0
2006-03-25,台北二,SE6 青蔥 粉蔥 ,28.6,17.8,7.5,17.9,26.95,3121.0,-20.34,3,6,2006,0
2006-03-26,台北二,SE6 青蔥 粉蔥 ,33.2,25.7,14.5,25.0,39.66,2521.0,-19.22,3,7,2006,0
2006-03-27,台北二,SE6 青蔥 粉蔥 ,,,,,,,,3,1,2006,1
2006-03-28,台北二,SE6 青蔥 粉蔥 ,36.0,27.1,18.3,27.1,8.4,4478.0,77.63,3,2,2006,0
2006-03-29,台北二,SE6 青蔥 粉蔥 ,29.7,23.7,16.1,23.4,-13.65,5351.0,19.5,3,3,2006,0
2006-03-30,台北二,SE6 青蔥 粉蔥 ,29.1,22.2,15.5,22.2,-5.13,4990.0,-6.75,3,4,2006,0
2006-03-31,台北二,SE6 青蔥 粉蔥 ,28.2,18.3,12.5,19.1,-13.96,5474.0,9.7,3,5,2006,0
2006-04-01,台北二,SE6 青蔥 粉蔥 ,23.7,17.0,11.1,17.2,-9.95,6214.0,13.52,4,6,2006,0
2006-04-02,台北二,SE6 青蔥 粉蔥 ,17.5,14.4,10.3,14.2,-17.44,5520.0,-11.17,4,7,2006,0
2006-04-03,台北二,SE6 青蔥 粉蔥 ,27.8,15.6,11.7,17.2,21.13,4451.0,-19.37,4,1,2006,0
2006-04-04,台北二,SE6 青蔥 粉蔥 ,29.0,17.5,11.2,18.5,7.56,7259.0,63.09,4,2,2006,0
2006-04-05,台北二,SE6 青蔥 粉蔥 ,,,,,,,,4,3,2006,1
2006-04-06,台北二,SE6 青蔥 粉蔥 ,,,,,,,,4,4,2006,1
2006-04-07,台北二,SE6 青蔥 粉蔥 ,25.0,17.5,12.2,17.9,-3.24,5431.0,-25.18,4,5,2006,0
2006-04-08,台北二,SE6 青蔥 粉蔥 ,23.2,16.8,10.5,16.8,-6.15,7247.0,33.44,4,6,2006,0
2006-04-09,台北二,SE6 青蔥 粉蔥 ,24.2,17.5,10.2,17.4,3.57,7494.0,3.41,4,7,2006,0
2006-04-10,台北二,SE6 青蔥 粉蔥 ,,,,,,,,4,1,2006,1
2006-04-11,台北二,SE6 青蔥 粉蔥 ,22.9,16.9,9.6,16.7,-4.02,6666.0,-11.05,4,2,2006,0
2006-04-12,台北二,SE6 青蔥 粉蔥 ,23.3,13.3,6.3,13.9,-16.77,6265.0,-6.02,4,3,2006,0
2006-04-13,台北二,SE6 青蔥 粉蔥 ,17.7,10.6,4.9,10.9,-21.58,5875.0,-6.23,4,4,2006,0
2006-04-14,台北二,SE6 青蔥 粉蔥 ,16.2,9.2,4.7,9.7,-11.01,4743.0,-19.27,4,5,2006,0
2006-04-15,台北二,SE6 青蔥 粉蔥 ,17.9,13.3,5.7,12.7,30.93,4641.0,-2.15,4,6,2006,0
2006-04-16,台北二,SE6 青蔥 粉蔥 ,19.9,15.1,8.0,14.6,14.96,4540.0,-2.18,4,7,2006,0
2006-04-17,台北二,SE6 青蔥 粉蔥 ,,,,,,,,4,1,2006,1
2006-04-18,台北二,SE6 青蔥 粉蔥 ,23.5,18.8,12.9,18.6,27.4,5269.0,16.06,4,2,2006,0
2006-04-19,台北二,SE6 青蔥 粉蔥 ,19.1,15.5,12.6,15.6,-16.13,5479.0,3.99,4,3,2006,0
2006-04-20,台北二,SE6 青蔥 粉蔥 ,17.4,13.5,9.2,13.4,-14.1,5946.0,8.52,4,4,2006,0
2006-04-21,台北二,SE6 青蔥 粉蔥 ,18.7,13.4,8.7,13.6,1.49,6431.0,8.16,4,5,2006,0
2006-04-22,台北二,SE6 青蔥 粉蔥 ,17.8,13.6,9.9,13.7,0.74,6028.0,-6.27,4,6,2006,0
2006-04-23,台北二,SE6 青蔥 粉蔥 ,15.0,11.7,8.7,11.8,-13.87,7617.0,26.36,4,7,2006,0
2006-04-24,台北二,SE6 青蔥 粉蔥 ,,,,,,,,4,1,2006,1
2006-04-25,台北二,SE6 青蔥 粉蔥 ,14.5,11.1,7.1,11.0,-6.78,7702.0,1.12,4,2,2006,0
2006-04-26,台北二,SE6 青蔥 粉蔥 ,13.3,10.5,7.5,10.5,-4.55,5908.0,-23.29,4,3,2006,0
2006-04-27,台北二,SE6 青蔥 粉蔥 ,10.4,7.4,5.0,7.5,-28.57,5374.0,-9.04,4,4,2006,0
2006-04-28,台北二,SE6 青蔥 粉蔥 ,13.3,8.9,6.0,9.2,22.67,4536.0,-15.59,4,5,2006,0
2006-04-29,台北二,SE6 青蔥 粉蔥 ,19.0,15.3,9.8,14.9,61.96,3997.0,-11.88,4,6,2006,0
2006-04-30,台北二,SE6 青蔥 粉蔥 ,17.4,13.7,10.8,13.9,-6.71,5833.0,45.93,4,7,2006,0
2006-05-01,台北二,SE6 青蔥 粉蔥 ,,,,,,,,5,1,2006,1
2006-05-02,台北二,SE6 青蔥 粉蔥 ,18.1,13.6,9.8,13.8,-0.72,6382.0,9.41,5,2,2006,0
2006-05-03,台北二,SE6 青蔥 粉蔥 ,17.5,12.2,9.3,12.7,-7.97,5398.0,-15.42,5,3,2006,0
2006-05-04,台北二,SE6 青蔥 粉蔥 ,16.5,10.5,5.9,10.8,-14.96,6270.0,16.15,5,4,2006,0
2006-05-05,台北二,SE6 青蔥 粉蔥 ,13.9,9.9,6.6,10.0,-7.41,5442.0,-13.21,5,5,2006,0
2006-05-06,台北二,SE6 青蔥 粉蔥 ,14.4,10.9,7.0,10.8,8.0,5219.0,-4.1,5,6,2006,0
2006-05-07,台北二,SE6 青蔥 粉蔥 ,17.2,11.9,6.1,11.8,9.26,5959.0,14.18,5,7,2006,0
2006-05-08,台北二,SE6 青蔥 粉蔥 ,,,,,,,,5,1,2006,1
2006-05-09,台北二,SE6 青蔥 粉蔥 ,29.6,15.5,9.6,17.1,44.92,6416.0,7.67,5,2,2006,0
2006-05-10,台北二,SE6 青蔥 粉蔥 ,27.4,14.2,9.8,15.9,-7.02,5608.0,-12.59,5,3,2006,0
2006-05-11,台北二,SE6 青蔥 粉蔥 ,21.3,11.3,5.8,12.2,-23.27,5890.0,5.03,5,4,2006,0
2006-05-12,台北二,SE6 青蔥 粉蔥 ,26.6,15.5,8.2,16.3,33.61,5247.0,-10.92,5,5,2006,0
2006-05-13,台北二,SE6 青蔥 粉蔥 ,28.8,17.4,10.6,18.3,12.27,4726.0,-9.93,5,6,2006,0
2006-05-14,台北二,SE6 青蔥 粉蔥 ,26.2,18.1,11.0,18.3,0.0,5415.0,14.58,5,7,2006,0
2006-05-15,台北二,SE6 青蔥 粉蔥 ,,,,,,,,5,1,2006,1
2006-05-16,台北二,SE6 青蔥 粉蔥 ,27.9,18.7,13.3,19.5,6.56,5544.0,2.38,5,2,2006,0
2006-05-17,台北二,SE6 青蔥 粉蔥 ,26.2,16.0,10.0,16.8,-13.85,5709.0,2.98,5,3,2006,0
2006-05-18,台北二,SE6 青蔥 粉蔥 ,22.1,11.3,6.1,12.4,-26.19,4975.0,-12.86,5,4,2006,0
2006-05-19,台北二,SE6 青蔥 粉蔥 ,21.2,13.5,6.7,13.7,10.48,3185.0,-35.98,5,5,2006,0
2006-05-20,台北二,SE6 青蔥 粉蔥 ,21.8,14.8,8.1,14.9,8.76,3521.0,10.55,5,6,2006,0
2006-05-21,台北二,SE6 青蔥 粉蔥 ,27.8,18.1,7.1,17.9,20.13,4226.0,20.02,5,7,2006,0
2006-05-22,台北二,SE6 青蔥 粉蔥 ,,,,,,,,5,1,2006,1
2006-05-23,台北二,SE6 青蔥 粉蔥 ,31.9,24.1,11.9,23.2,29.61,3698.0,-12.49,5,2,2006,0
2006-05-24,台北二,SE6 青蔥 粉蔥 ,28.9,22.6,14.1,22.1,-4.74,3514.0,-4.98,5,3,2006,0
2006-05-25,台北二,SE6 青蔥 粉蔥 ,29.6,18.1,10.7,18.9,-14.48,3886.0,10.59,5,4,2006,0
2006-05-26,台北二,SE6 青蔥 粉蔥 ,20.1,15.4,7.8,14.8,-21.69,4672.0,20.23,5,5,2006,0
2006-05-27,台北二,SE6 青蔥 粉蔥 ,20.4,13.9,6.1,13.7,-7.43,4315.0,-7.64,5,6,2006,0
2006-05-28,台北二,SE6 青蔥 粉蔥 ,23.5,17.6,9.3,17.1,24.82,3397.0,-21.27,5,7,2006,0
2006-05-29,台北二,SE6 青蔥 粉蔥 ,18.1,13.2,8.8,13.3,-22.22,1996.0,-41.24,5,1,2006,0
2006-05-30,台北二,SE6 青蔥 粉蔥 ,21.4,14.6,10.1,15.1,13.53,2022.0,1.3,5,2,2006,0
2006-05-31,台北二,SE6 青蔥 粉蔥 ,26.3,20.9,14.5,20.7,37.09,2280.0,12.76,5,3,2006,0
2006-06-01,台北二,SE6 青蔥 粉蔥 ,,,,,,,,6,4,2006,1
2006-06-02,台北二,SE6 青蔥 粉蔥 ,,,,,,,,6,5,2006,1
2006-06-03,台北二,SE6 青蔥 粉蔥 ,32.6,26.9,16.1,25.9,25.12,3569.0,56.54,6,6,2006,0
2006-06-04,台北二,SE6 青蔥 粉蔥 ,30.5,24.4,18.6,24.5,-5.41,3529.0,-1.12,6,7,2006,0
2006-06-05,台北二,SE6 青蔥 粉蔥 ,,,,,,,,6,1,2006,1
2006-06-06,台北二,SE6 青蔥 粉蔥 ,31.9,25.2,12.5,24.0,-2.04,3415.0,-3.23,6,2,2006,0
2006-06-07,台北二,SE6 青蔥 粉蔥 ,28.2,17.9,8.0,18.0,-25.0,3410.0,-0.15,6,3,2006,0
2006-06-08,台北二,SE6 青蔥 粉蔥 ,29.0,18.1,11.9,19.0,5.56,2205.0,-35.34,6,4,2006,0
2006-06-09,台北二,SE6 青蔥 粉蔥 ,31.6,21.4,11.9,21.6,13.68,1899.0,-13.88,6,5,2006,0
2006-06-10,台北二,SE6 青蔥 粉蔥 ,49.1,33.5,16.9,33.3,54.17,680.0,-64.19,6,6,2006,0
2006-06-11,台北二,SE6 青蔥 粉蔥 ,76.5,67.0,60.5,67.6,103.0,405.0,-40.44,6,7,2006,0
2006-06-12,台北二,SE6 青蔥 粉蔥 ,,,,,,,,6,1,2006,1
2006-06-13,台北二,SE6 青蔥 粉蔥 ,66.0,44.2,32.3,46.2,-31.66,1884.0,365.19,6,2,2006,0
2006-06-14,台北二,SE6 青蔥 粉蔥 ,38.5,19.9,5.0,20.6,-55.41,2667.0,41.56,6,3,2006,0
2006-06-15,台北二,SE6 青蔥 粉蔥 ,22.9,11.5,5.0,12.5,-39.32,2001.0,-24.97,6,4,2006,0
2006-06-16,台北二,SE6 青蔥 粉蔥 ,33.9,17.9,7.8,19.1,52.8,622.0,-68.92,6,5,2006,0
2006-06-17,台北二,SE6 青蔥 粉蔥 ,46.0,39.6,15.2,36.0,88.48,353.0,-43.25,6,6,2006,0
2006-06-18,台北二,SE6 青蔥 粉蔥 ,64.5,61.0,57.7,61.0,69.44,348.0,-1.42,6,7,2006,0
2006-06-19,台北二,SE6 青蔥 粉蔥 ,,,,,,,,6,1,2006,1
2006-06-20,台北二,SE6 青蔥 粉蔥 ,58.9,53.8,44.6,53.0,-13.11,478.0,37.36,6,2,2006,0
2006-06-21,台北二,SE6 青蔥 粉蔥 ,80.0,69.6,40.0,65.7,23.96,302.0,-36.82,6,3,2006,0
2006-06-22,台北二,SE6 青蔥 粉蔥 ,80.0,72.1,47.2,68.7,4.57,555.0,83.77,6,4,2006,0
2006-06-23,台北二,SE6 青蔥 粉蔥 ,84.0,76.9,30.0,68.9,0.29,461.0,-16.94,6,5,2006,0
2006-06-24,台北二,SE6 青蔥 粉蔥 ,82.3,77.9,55.5,74.3,7.84,434.0,-5.86,6,6,2006,0
2006-06-25,台北二,SE6 青蔥 粉蔥 ,70.0,66.2,59.3,65.6,-11.71,491.0,13.13,6,7,2006,0
2006-06-26,台北二,SE6 青蔥 粉蔥 ,,,,,,,,6,1,2006,1
2006-06-27,台北二,SE6 青蔥 粉蔥 ,70.0,58.5,40.0,57.1,-12.96,592.0,20.57,6,2,2006,0
2006-06-28,台北二,SE6 青蔥 粉蔥 ,60.0,56.8,29.2,51.9,-9.11,648.0,9.46,6,3,2006,0
2006-06-29,台北二,SE6 青蔥 粉蔥 ,55.0,49.8,38.3,48.6,-6.36,450.0,-30.56,6,4,2006,0
2006-06-30,台北二,SE6 青蔥 粉蔥 ,62.0,55.9,40.5,54.1,11.32,301.0,-33.11,6,5,2006,0
2006-07-01,台北二,SE6 青蔥 粉蔥 ,57.0,42.0,19.9,40.5,-25.14,405.0,34.55,7,6,2006,0
2006-07-02,台北二,SE6 青蔥 粉蔥 ,66.0,62.3,62.0,63.0,55.56,80.0,-80.25,7,7,2006,0
2006-07-03,台北二,SE6 青蔥 粉蔥 ,,,,,,,,7,1,2006,1
2006-07-04,台北二,SE6 青蔥 粉蔥 ,102.0,89.9,54.3,85.2,35.24,265.0,231.25,7,2,2006,0
2006-07-05,台北二,SE6 青蔥 粉蔥 ,85.9,57.2,42.0,59.9,-29.69,339.0,27.92,7,3,2006,0
2006-07-06,台北二,SE6 青蔥 粉蔥 ,58.5,46.9,40.3,47.9,-20.03,425.0,25.37,7,4,2006,0
2006-07-07,台北二,SE6 青蔥 粉蔥 ,88.8,65.1,35.0,63.8,33.19,278.0,-34.59,7,5,2006,0
2006-07-08,台北二,SE6 青蔥 粉蔥 ,70.0,55.4,47.8,56.8,-10.97,263.0,-5.4,7,6,2006,0
2006-07-09,台北二,SE6 青蔥 粉蔥 ,85.0,74.0,52.9,72.0,26.76,216.0,-17.87,7,7,2006,0
2006-07-10,台北二,SE6 青蔥 粉蔥 ,,,,,,,,7,1,2006,1
2006-07-11,台北二,SE6 青蔥 粉蔥 ,87.6,80.7,72.4,80.4,11.67,497.0,130.09,7,2,2006,0
2006-07-12,台北二,SE6 青蔥 粉蔥 ,92.0,80.0,67.1,79.8,-0.75,673.0,35.41,7,3,2006,0
2006-07-13,台北二,SE6 青蔥 粉蔥 ,110.2,91.7,73.4,91.7,14.91,990.0,47.1,7,4,2006,0
2006-07-14,台北二,SE6 青蔥 粉蔥 ,79.4,75.5,66.3,74.4,-18.87,625.0,-36.87,7,5,2006,0
2006-07-15,台北二,SE6 青蔥 粉蔥 ,83.4,77.7,65.0,76.3,2.55,504.0,-19.36,7,6,2006,0
2006-07-16,台北二,SE6 青蔥 粉蔥 ,49.8,27.4,10.0,28.4,-62.78,1126.0,123.41,7,7,2006,0
2006-07-17,台北二,SE6 青蔥 粉蔥 ,,,,,,,,7,1,2006,1
2006-07-18,台北二,SE6 青蔥 粉蔥 ,37.0,34.2,26.1,33.1,16.55,244.0,-78.33,7,2,2006,0
2006-07-19,台北二,SE6 青蔥 粉蔥 ,80.0,59.3,25.0,56.6,71.0,197.0,-19.26,7,3,2006,0
2006-07-20,台北二,SE6 青蔥 粉蔥 ,65.0,61.5,54.6,60.8,7.42,157.0,-20.3,7,4,2006,0
2006-07-21,台北二,SE6 青蔥 粉蔥 ,98.2,80.1,55.2,78.7,29.44,219.0,39.49,7,5,2006,0
2006-07-22,台北二,SE6 青蔥 粉蔥 ,142.9,127.7,96.8,124.6,58.32,341.0,55.71,7,6,2006,0
2006-07-23,台北二,SE6 青蔥 粉蔥 ,,,,,,,,7,7,2006,1
2006-07-24,台北二,SE6 青蔥 粉蔥 ,,,,,,,,7,1,2006,1
2006-07-25,台北二,SE6 青蔥 粉蔥 ,149.5,139.1,123.3,138.0,10.75,498.0,46.04,7,2,2006,0
2006-07-26,台北二,SE6 青蔥 粉蔥 ,100.0,98.8,90.0,97.3,-29.49,287.0,-42.37,7,3,2006,0
2006-07-27,台北二,SE6 青蔥 粉蔥 ,98.0,79.2,61.4,79.4,-18.4,277.0,-3.48,7,4,2006,0
2006-07-28,台北二,SE6 青蔥 粉蔥 ,62.8,56.6,46.2,55.7,-29.85,364.0,31.41,7,5,2006,0
2006-07-29,台北二,SE6 青蔥 粉蔥 ,62.3,48.6,41.9,50.0,-10.23,516.0,41.76,7,6,2006,0
2006-07-30,台北二,SE6 青蔥 粉蔥 ,88.8,56.1,42.0,59.8,19.6,240.0,-53.49,7,7,2006,0
2006-07-31,台北二,SE6 青蔥 粉蔥 ,,,,,,,,7,1,2006,1
2006-08-01,台北二,SE6 青蔥 粉蔥 ,192.6,140.6,99.2,142.7,138.63,173.0,-27.92,8,2,2006,0
2006-08-02,台北二,SE6 青蔥 粉蔥 ,179.0,133.6,120.0,139.9,-1.96,162.0,-6.36,8,3,2006,0
2006-08-03,台北二,SE6 青蔥 粉蔥 ,122.4,102.1,90.0,103.7,-25.88,271.0,67.28,8,4,2006,0
2006-08-04,台北二,SE6 青蔥 粉蔥 ,150.0,98.1,77.6,104.4,0.68,178.0,-34.32,8,5,2006,0
2006-08-05,台北二,SE6 青蔥 粉蔥 ,161.9,125.4,90.8,125.8,20.5,236.0,32.58,8,6,2006,0
2006-08-06,台北二,SE6 青蔥 粉蔥 ,154.7,133.7,85.9,128.4,2.07,425.0,80.08,8,7,2006,0
2006-08-07,台北二,SE6 青蔥 粉蔥 ,138.0,84.1,33.0,84.7,-34.03,819.0,92.71,8,1,2006,0
2006-08-08,台北二,SE6 青蔥 粉蔥 ,128.5,110.8,90.0,110.2,30.11,424.0,-48.23,8,2,2006,0
2006-08-09,台北二,SE6 青蔥 粉蔥 ,,,,,,,,8,3,2006,1
2006-08-10,台北二,SE6 青蔥 粉蔥 ,,,,,,,,8,4,2006,1
2006-08-11,台北二,SE6 青蔥 粉蔥 ,179.4,164.3,136.2,161.7,46.73,227.0,-46.46,8,5,2006,0
2006-08-12,台北二,SE6 青蔥 粉蔥 ,159.0,130.9,86.4,127.6,-21.09,376.0,65.64,8,6,2006,0
2006-08-13,台北二,SE6 青蔥 粉蔥 ,128.4,116.8,90.8,113.9,-10.74,292.0,-22.34,8,7,2006,0
2006-08-14,台北二,SE6 青蔥 粉蔥 ,,,,,,,,8,1,2006,1
2006-08-15,台北二,SE6 青蔥 粉蔥 ,110.0,105.8,68.6,99.2,-12.91,355.0,21.58,8,2,2006,0
2006-08-16,台北二,SE6 青蔥 粉蔥 ,135.8,113.2,106.7,116.4,17.34,508.0,43.1,8,3,2006,0
2006-08-17,台北二,SE6 青蔥 粉蔥 ,115.0,82.1,70.0,86.3,-25.86,80.0,-84.25,8,4,2006,0
2006-08-18,台北二,SE6 青蔥 粉蔥 ,122.3,111.2,84.5,108.1,25.26,876.0,995.0,8,5,2006,0
2006-08-19,台北二,SE6 青蔥 粉蔥 ,106.0,92.2,69.1,90.3,-16.47,1071.0,22.26,8,6,2006,0
2006-08-20,台北二,SE6 青蔥 粉蔥 ,100.0,79.1,61.4,79.7,-11.74,702.0,-34.45,8,7,2006,0
2006-08-21,台北二,SE6 青蔥 粉蔥 ,,,,,,,,8,1,2006,1
2006-08-22,台北二,SE6 青蔥 粉蔥 ,85.2,81.2,74.1,80.6,1.13,845.0,20.37,8,2,2006,0
2006-08-23,台北二,SE6 青蔥 粉蔥 ,125.0,115.0,98.5,113.7,41.07,615.0,-27.22,8,3,2006,0
2006-08-24,台北二,SE6 青蔥 粉蔥 ,130.0,111.3,83.6,109.5,-3.69,1092.0,77.56,8,4,2006,0
2006-08-25,台北二,SE6 青蔥 粉蔥 ,145.0,110.0,90.7,113.1,3.29,1154.0,5.68,8,5,2006,0
2006-08-26,台北二,SE6 青蔥 粉蔥 ,127.4,103.4,77.4,103.0,-8.93,1207.0,4.59,8,6,2006,0
2006-08-27,台北二,SE6 青蔥 粉蔥 ,67.2,53.5,38.8,53.3,-48.25,1568.0,29.91,8,7,2006,0
2006-08-28,台北二,SE6 青蔥 粉蔥 ,,,,,,,,8,1,2006,1
2006-08-29,台北二,SE6 青蔥 粉蔥 ,62.1,53.9,40.9,52.9,-0.75,1100.0,-29.85,8,2,2006,0
2006-08-30,台北二,SE6 青蔥 粉蔥 ,79.6,68.9,55.3,68.3,29.11,1268.0,15.27,8,3,2006,0
2006-08-31,台北二,SE6 青蔥 粉蔥 ,74.1,59.2,46.4,59.6,-12.74,1255.0,-1.03,8,4,2006,0
2006-09-01,台北二,SE6 青蔥 粉蔥 ,110.6,73.7,64.2,79.2,32.89,1220.0,-2.79,9,5,2006,0
2006-09-02,台北二,SE6 青蔥 粉蔥 ,119.4,80.3,64.8,85.0,7.32,1463.0,19.92,9,6,2006,0
2006-09-03,台北二,SE6 青蔥 粉蔥 ,55.0,48.8,45.0,49.3,-42.0,140.0,-90.43,9,7,2006,0
2006-09-04,台北二,SE6 青蔥 粉蔥 ,,,,,,,,9,1,2006,1
2006-09-05,台北二,SE6 青蔥 粉蔥 ,,,,,,,,9,2,2006,1
2006-09-06,台北二,SE6 青蔥 粉蔥 ,113.0,93.8,64.6,91.8,86.21,1503.0,973.57,9,3,2006,0
2006-09-07,台北二,SE6 青蔥 粉蔥 ,84.3,69.3,60.8,70.6,-23.09,641.0,-57.35,9,4,2006,0
2006-09-08,台北二,SE6 青蔥 粉蔥 ,50.0,50.0,50.0,50.0,-29.18,80.0,-87.52,9,5,2006,0
2006-09-09,台北二,SE6 青蔥 粉蔥 ,,,,,,,,9,6,2006,1
2006-09-10,台北二,SE6 青蔥 粉蔥 ,87.1,79.4,59.0,76.8,53.6,748.0,835.0,9,7,2006,0
2006-09-11,台北二,SE6 青蔥 粉蔥 ,,,,,,,,9,1,2006,1
2006-09-12,台北二,SE6 青蔥 粉蔥 ,,,,,,,,9,2,2006,1
2006-09-13,台北二,SE6 青蔥 粉蔥 ,77.3,66.8,53.4,66.2,-13.8,753.0,0.67,9,3,2006,0
2006-09-14,台北二,SE6 青蔥 粉蔥 ,,,,,,,,9,4,2006,1
2006-09-15,台北二,SE6 青蔥 粉蔥 ,102.0,99.5,52.5,90.6,36.86,480.0,-36.25,9,5,2006,0
2006-09-16,台北二,SE6 青蔥 粉蔥 ,102.0,94.8,40.7,85.4,-5.74,600.0,25.0,9,6,2006,0
2006-09-17,台北二,SE6 青蔥 粉蔥 ,92.8,68.8,47.1,69.3,-18.85,860.0,43.33,9,7,2006,0
2006-09-18,台北二,SE6 青蔥 粉蔥 ,,,,,,,,9,1,2006,1
2006-09-19,台北二,SE6 青蔥 粉蔥 ,109.2,80.5,48.9,79.9,15.3,540.0,-37.21,9,2,2006,0
2006-09-20,台北二,SE6 青蔥 粉蔥 ,100.0,87.9,53.1,83.3,4.26,580.0,7.41,9,3,2006,0
2006-09-21,台北二,SE6 青蔥 粉蔥 ,95.5,93.5,86.2,92.4,10.92,560.0,-3.45,9,4,2006,0
2006-09-22,台北二,SE6 青蔥 粉蔥 ,106.5,88.3,72.0,88.7,-4.0,460.0,-17.86,9,5,2006,0
2006-09-23,台北二,SE6 青蔥 粉蔥 ,110.0,107.8,106.0,107.9,21.65,300.0,-34.78,9,6,2006,0
2006-09-24,台北二,SE6 青蔥 粉蔥 ,110.0,104.1,80.4,100.6,-6.77,440.0,46.67,9,7,2006,0
2006-09-25,台北二,SE6 青蔥 粉蔥 ,,,,,,,,9,1,2006,1
2006-09-26,台北二,SE6 青蔥 粉蔥 ,93.0,88.8,85.0,88.9,-11.63,420.0,-4.55,9,2,2006,0
2006-09-27,台北二,SE6 青蔥 粉蔥 ,90.0,78.3,70.8,79.2,-10.91,240.0,-42.86,9,3,2006,0
2006-09-28,台北二,SE6 青蔥 粉蔥 ,70.0,66.9,50.0,64.2,-18.94,240.0,0.0,9,4,2006,0
2006-09-29,台北二,SE6 青蔥 粉蔥 ,55.6,39.7,27.7,40.5,-36.92,1371.0,471.25,9,5,2006,0
2006-09-30,台北二,SE6 青蔥 粉蔥 ,43.0,39.7,30.8,38.6,-4.69,2155.0,57.18,9,6,2006,0
2006-10-01,台北二,SE6 青蔥 粉蔥 ,,,,,,,,10,7,2006,1
2006-10-02,台北二,SE6 青蔥 粉蔥 ,,,,,,,,10,1,2006,1
2006-10-03,台北二,SE6 青蔥 粉蔥 ,,,,,,,,10,2,2006,1
2006-10-04,台北二,SE6 青蔥 粉蔥 ,35.2,31.0,25.3,30.7,-20.47,2578.0,19.63,10,3,2006,0
2006-10-05,台北二,SE6 青蔥 粉蔥 ,35.0,32.0,32.0,32.6,6.19,150.0,-94.18,10,4,2006,0
2006-10-06,台北二,SE6 青蔥 粉蔥 ,38.0,32.0,20.0,30.8,-5.52,150.0,0.0,10,5,2006,0
2006-10-07,台北二,SE6 青蔥 粉蔥 ,,,,,,,,10,6,2006,1
2006-10-08,台北二,SE6 青蔥 粉蔥 ,,,,,,,,10,7,2006,1
2006-10-09,台北二,SE6 青蔥 粉蔥 ,85.0,74.3,66.8,74.9,143.18,260.0,73.33,10,1,2006,0
2006-10-10,台北二,SE6 青蔥 粉蔥 ,79.0,66.8,57.0,67.3,-10.15,280.0,7.69,10,2,2006,0
2006-10-11,台北二,SE6 青蔥 粉蔥 ,70.0,62.9,38.0,59.3,-11.89,180.0,-35.71,10,3,2006,0
2006-10-12,台北二,SE6 青蔥 粉蔥 ,8.0,8.0,8.0,8.0,-86.51,60.0,-66.67,10,4,2006,0
2006-10-13,台北二,SE6 青蔥 粉蔥 ,28.0,25.4,10.0,22.9,186.25,84.0,40.0,10,5,2006,0
2006-10-14,台北二,SE6 青蔥 粉蔥 ,27.3,22.5,17.2,22.4,-2.18,2687.0,3098.81,10,6,2006,0
2006-10-15,台北二,SE6 青蔥 粉蔥 ,27.3,22.9,19.6,23.1,3.13,2573.0,-4.24,10,7,2006,0
2006-10-16,台北二,SE6 青蔥 粉蔥 ,,,,,,,,10,1,2006,1
2006-10-17,台北二,SE6 青蔥 粉蔥 ,38.0,38.0,38.0,38.0,64.5,160.0,-93.78,10,2,2006,0
2006-10-18,台北二,SE6 青蔥 粉蔥 ,39.0,30.9,20.7,30.5,-19.74,460.0,187.5,10,3,2006,0
2006-10-19,台北二,SE6 青蔥 粉蔥 ,27.4,22.3,15.5,22.0,-27.87,3389.0,636.74,10,4,2006,0
2006-10-20,台北二,SE6 青蔥 粉蔥 ,10.0,10.0,10.0,10.0,-54.55,80.0,-97.64,10,5,2006,0
2006-10-21,台北二,SE6 青蔥 粉蔥 ,36.0,36.0,27.7,34.3,243.0,240.0,200.0,10,6,2006,0
2006-10-22,台北二,SE6 青蔥 粉蔥 ,30.0,28.6,28.0,28.7,-16.33,220.0,-8.33,10,7,2006,0
2006-10-23,台北二,SE6 青蔥 粉蔥 ,,,,,,,,10,1,2006,1
2006-10-24,台北二,SE6 青蔥 粉蔥 ,33.0,33.0,33.0,33.0,14.98,60.0,-72.73,10,2,2006,0
2006-10-25,台北二,SE6 青蔥 粉蔥 ,22.1,15.3,9.5,15.5,-53.03,4794.0,7890.0,10,3,2006,0
2006-10-26,台北二,SE6 青蔥 粉蔥 ,20.8,14.0,10.0,14.6,-5.81,3214.0,-32.96,10,4,2006,0
2006-10-27,台北二,SE6 青蔥 粉蔥 ,24.2,16.8,10.1,16.9,15.75,3111.0,-3.2,10,5,2006,0
2006-10-28,台北二,SE6 青蔥 粉蔥 ,32.0,32.0,32.0,32.0,89.35,60.0,-98.07,10,6,2006,0
2006-10-29,台北二,SE6 青蔥 粉蔥 ,35.0,35.0,35.0,35.0,9.38,60.0,0.0,10,7,2006,0
2006-10-30,台北二,SE6 青蔥 粉蔥 ,34.0,34.0,34.0,34.0,-2.86,60.0,0.0,10,1,2006,0
2006-10-31,台北二,SE6 青蔥 粉蔥 ,,,,,,,,10,2,2006,1
2006-11-01,台北二,SE6 青蔥 粉蔥 ,36.0,36.0,36.0,36.0,5.88,60.0,0.0,11,3,2006,0
2006-11-02,台北二,SE6 青蔥 粉蔥 ,35.0,35.0,35.0,35.0,-2.78,60.0,0.0,11,4,2006,0
2006-11-03,台北二,SE6 青蔥 粉蔥 ,35.0,35.0,35.0,35.0,0.0,60.0,0.0,11,5,2006,0
2006-11-04,台北二,SE6 青蔥 粉蔥 ,27.7,19.1,11.8,19.3,-44.86,3043.0,4971.67,11,6,2006,0
2006-11-05,台北二,SE6 青蔥 粉蔥 ,35.0,35.0,35.0,35.0,81.35,200.0,-93.43,11,7,2006,0
2006-11-06,台北二,SE6 青蔥 粉蔥 ,,,,,,,,11,1,2006,1
2006-11-07,台北二,SE6 青蔥 粉蔥 ,33.0,33.0,28.0,32.0,-8.57,220.0,10.0,11,2,2006,0
2006-11-08,台北二,SE6 青蔥 粉蔥 ,47.5,32.1,25.0,33.8,5.62,480.0,118.18,11,3,2006,0
2006-11-09,台北二,SE6 青蔥 粉蔥 ,43.7,31.5,19.4,31.5,-6.8,460.0,-4.17,11,4,2006,0
2006-11-10,台北二,SE6 青蔥 粉蔥 ,35.0,28.9,26.0,29.5,-6.35,300.0,-34.78,11,5,2006,0
2006-11-11,台北二,SE6 青蔥 粉蔥 ,38.0,28.1,21.4,28.7,-2.71,1220.0,306.67,11,6,2006,0
2006-11-12,台北二,SE6 青蔥 粉蔥 ,26.8,20.8,19.0,21.6,-24.74,400.0,-67.21,11,7,2006,0
2006-11-13,台北二,SE6 青蔥 粉蔥 ,,,,,,,,11,1,2006,1
2006-11-14,台北二,SE6 青蔥 粉蔥 ,20.0,20.0,20.0,20.0,-7.41,160.0,-60.0,11,2,2006,0
2006-11-15,台北二,SE6 青蔥 粉蔥 ,29.5,20.4,17.0,21.5,7.5,1300.0,712.5,11,3,2006,0
2006-11-16,台北二,SE6 青蔥 粉蔥 ,35.9,20.9,12.0,22.1,2.79,1280.0,-1.54,11,4,2006,0
2006-11-17,台北二,SE6 青蔥 粉蔥 ,31.8,19.4,13.4,20.6,-6.79,1040.0,-18.75,11,5,2006,0
2006-11-18,台北二,SE6 青蔥 粉蔥 ,37.7,24.0,14.9,24.9,20.87,1260.0,21.15,11,6,2006,0
2006-11-19,台北二,SE6 青蔥 粉蔥 ,32.0,27.0,13.3,25.3,1.61,796.0,-36.83,11,7,2006,0
2006-11-20,台北二,SE6 青蔥 粉蔥 ,,,,,,,,11,1,2006,1
2006-11-21,台北二,SE6 青蔥 粉蔥 ,34.0,29.6,27.8,30.1,18.97,819.0,2.89,11,2,2006,0
2006-11-22,台北二,SE6 青蔥 粉蔥 ,29.9,25.6,21.3,25.6,-14.95,840.0,2.56,11,3,2006,0
2006-11-23,台北二,SE6 青蔥 粉蔥 ,26.8,21.2,12.1,20.5,-19.92,840.0,0.0,11,4,2006,0
2006-11-24,台北二,SE6 青蔥 粉蔥 ,29.7,20.6,12.7,20.9,1.95,920.0,9.52,11,5,2006,0
2006-11-25,台北二,SE6 青蔥 粉蔥 ,34.8,22.2,17.0,23.7,13.4,1220.0,32.61,11,6,2006,0
2006-11-26,台北二,SE6 青蔥 粉蔥 ,33.9,25.2,15.4,25.0,5.49,1499.0,22.87,11,7,2006,0
2006-11-27,台北二,SE6 青蔥 粉蔥 ,,,,,,,,11,1,2006,1
2006-11-28,台北二,SE6 青蔥 粉蔥 ,30.8,24.1,18.5,24.3,-2.8,1820.0,21.41,11,2,2006,0
2006-11-29,台北二,SE6 青蔥 粉蔥 ,22.6,18.2,14.0,18.3,-24.69,1060.0,-41.76,11,3,2006,0
2006-11-30,台北二,SE6 青蔥 粉蔥 ,25.0,18.7,14.7,19.2,4.92,960.0,-9.43,11,4,2006,0
2006-12-01,台北二,SE6 青蔥 粉蔥 ,24.6,19.4,17.7,20.1,4.69,1000.0,4.17,12,5,2006,0
2006-12-02,台北二,SE6 青蔥 粉蔥 ,33.2,28.4,25.3,28.7,42.79,780.0,-22.0,12,6,2006,0
2006-12-03,台北二,SE6 青蔥 粉蔥 ,35.0,35.0,35.0,35.0,21.95,240.0,-69.23,12,7,2006,0
2006-12-04,台北二,SE6 青蔥 粉蔥 ,,,,,,,,12,1,2006,1
2006-12-05,台北二,SE6 青蔥 粉蔥 ,41.3,36.0,36.0,37.1,6.0,340.0,41.67,12,2,2006,0
2006-12-06,台北二,SE6 青蔥 粉蔥 ,42.0,38.4,37.0,38.8,4.58,380.0,11.76,12,3,2006,0
2006-12-07,台北二,SE6 青蔥 粉蔥 ,36.1,27.2,22.0,28.0,-27.84,640.0,68.42,12,4,2006,0
2006-12-08,台北二,SE6 青蔥 粉蔥 ,37.5,30.9,28.0,31.6,12.86,540.0,-15.62,12,5,2006,0
2006-12-09,台北二,SE6 青蔥 粉蔥 ,28.7,22.8,20.0,23.4,-25.95,840.0,55.56,12,6,2006,0
2006-12-10,台北二,SE6 青蔥 粉蔥 ,31.5,25.2,21.1,25.7,9.83,1100.0,30.95,12,7,2006,0
2006-12-11,台北二,SE6 青蔥 粉蔥 ,,,,,,,,12,1,2006,1
2006-12-12,台北二,SE6 青蔥 粉蔥 ,30.7,25.8,21.2,25.8,0.39,1340.0,21.82,12,2,2006,0
2006-12-13,台北二,SE6 青蔥 粉蔥 ,32.5,26.9,24.5,27.6,6.98,1020.0,-23.88,12,3,2006,0
2006-12-14,台北二,SE6 青蔥 粉蔥 ,34.5,23.3,20.0,24.9,-9.78,1320.0,29.41,12,4,2006,0
2006-12-15,台北二,SE6 青蔥 粉蔥 ,31.5,26.4,23.0,26.7,7.23,1040.0,-21.21,12,5,2006,0
2006-12-16,台北二,SE6 青蔥 粉蔥 ,39.5,30.6,25.0,31.3,17.23,760.0,-26.92,12,6,2006,0
2006-12-17,台北二,SE6 青蔥 粉蔥 ,43.0,38.5,35.5,38.8,23.96,780.0,2.63,12,7,2006,0
2006-12-18,台北二,SE6 青蔥 粉蔥 ,,,,,,,,12,1,2006,1
2006-12-19,台北二,SE6 青蔥 粉蔥 ,44.2,39.1,31.3,38.6,-0.52,1068.0,36.92,12,2,2006,0
2006-12-20,台北二,SE6 青蔥 粉蔥 ,46.3,39.9,32.1,39.6,2.59,1280.0,19.85,12,3,2006,0
2006-12-21,台北二,SE6 青蔥 粉蔥 ,42.7,33.4,24.0,33.4,-15.66,1560.0,21.88,12,4,2006,0
2006-12-22,台北二,SE6 青蔥 粉蔥 ,33.1,26.1,20.2,26.3,-21.26,1790.0,14.74,12,5,2006,0
2006-12-23,台北二,SE6 青蔥 粉蔥 ,25.5,21.1,18.2,21.4,-18.63,960.0,-46.37,12,6,2006,0
2006-12-24,台北二,SE6 青蔥 粉蔥 ,27.9,21.4,14.7,21.3,-0.47,1721.0,79.27,12,7,2006,0
2006-12-25,台北二,SE6 青蔥 粉蔥 ,,,,,,,,12,1,2006,1
2006-12-26,台北二,SE6 青蔥 粉蔥 ,35.9,28.4,25.0,29.2,37.09,1360.0,-20.98,12,2,2006,0
2006-12-27,台北二,SE6 青蔥 粉蔥 ,30.2,25.0,20.0,25.0,-14.38,1440.0,5.88,12,3,2006,0
2006-12-28,台北二,SE6 青蔥 粉蔥 ,29.3,23.4,18.2,23.6,-5.6,1200.0,-16.67,12,4,2006,0
2006-12-29,台北二,SE6 青蔥 粉蔥 ,39.1,26.3,20.4,27.7,17.37,1100.0,-8.33,12,5,2006,0
2006-12-30,台北二,SE6 青蔥 粉蔥 ,43.1,28.5,22.9,30.3,9.39,1171.0,6.45,12,6,2006,0
2006-12-31,台北二,SE6 青蔥 粉蔥 ,39.8,25.8,20.0,27.4,-9.57,920.0,-21.43,12,7,2006,0
2007-01-01,台北二,SE6 青蔥 粉蔥 ,,,,,,,,1,1,2007,1
2007-01-02,台北二,SE6 青蔥 粉蔥 ,46.4,31.4,23.0,32.7,19.34,1034.0,12.39,1,2,2007,0
2007-01-03,台北二,SE6 青蔥 粉蔥 ,42.5,31.8,24.3,32.4,-0.92,940.0,-9.09,1,3,2007,0
2007-01-04,台北二,SE6 青蔥 粉蔥 ,37.8,24.7,17.5,25.9,-20.06,1060.0,12.77,1,4,2007,0
2007-01-05,台北二,SE6 青蔥 粉蔥 ,38.7,29.0,18.9,28.9,11.58,900.0,-15.09,1,5,2007,0
2007-01-06,台北二,SE6 青蔥 粉蔥 ,37.9,21.7,7.3,22.0,-23.88,1620.0,80.0,1,6,2007,0
2007-01-07,台北二,SE6 青蔥 粉蔥 ,33.3,26.5,19.6,26.5,20.45,1242.0,-23.33,1,7,2007,0
2007-01-08,台北二,SE6 青蔥 粉蔥 ,,,,,,,,1,1,2007,1
2007-01-09,台北二,SE6 青蔥 粉蔥 ,32.5,23.9,15.3,23.9,-9.81,2883.0,132.13,1,2,2007,0
2007-01-10,台北二,SE6 青蔥 粉蔥 ,34.1,20.1,14.5,21.8,-8.79,3315.0,14.98,1,3,2007,0
2007-01-11,台北二,SE6 青蔥 粉蔥 ,33.2,25.6,18.4,25.7,17.89,1360.0,-58.97,1,4,2007,0
2007-01-12,台北二,SE6 青蔥 粉蔥 ,33.3,21.6,13.7,22.4,-12.84,1588.0,16.76,1,5,2007,0
2007-01-13,台北二,SE6 青蔥 粉蔥 ,26.7,14.5,10.5,16.1,-28.12,3844.0,142.07,1,6,2007,0
2007-01-14,台北二,SE6 青蔥 粉蔥 ,22.9,14.2,11.2,15.3,-4.97,3836.0,-0.21,1,7,2007,0
2007-01-15,台北二,SE6 青蔥 粉蔥 ,,,,,,,,1,1,2007,1
2007-01-16,台北二,SE6 青蔥 粉蔥 ,28.7,16.8,11.5,18.1,18.3,4245.0,10.66,1,2,2007,0
2007-01-17,台北二,SE6 青蔥 粉蔥 ,22.2,11.9,8.1,13.2,-27.07,4557.0,7.35,1,3,2007,0
2007-01-18,台北二,SE6 青蔥 粉蔥 ,22.2,11.8,7.2,13.0,-1.52,3426.0,-24.82,1,4,2007,0
2007-01-19,台北二,SE6 青蔥 粉蔥 ,29.5,14.8,9.9,16.8,29.23,2132.0,-37.77,1,5,2007,0
2007-01-20,台北二,SE6 青蔥 粉蔥 ,35.9,21.8,17.0,23.6,40.48,2088.0,-2.06,1,6,2007,0
2007-01-21,台北二,SE6 青蔥 粉蔥 ,36.2,23.7,18.5,25.2,6.78,2240.0,7.28,1,7,2007,0
2007-01-22,台北二,SE6 青蔥 粉蔥 ,,,,,,,,1,1,2007,1
2007-01-23,台北二,SE6 青蔥 粉蔥 ,31.9,22.2,14.1,22.5,-10.71,4335.0,93.53,1,2,2007,0
2007-01-24,台北二,SE6 青蔥 粉蔥 ,27.9,21.1,12.8,20.8,-7.56,1780.0,-58.94,1,3,2007,0
2007-01-25,台北二,SE6 青蔥 粉蔥 ,26.1,16.7,11.1,17.5,-15.87,3080.0,73.03,1,4,2007,0
2007-01-26,台北二,SE6 青蔥 粉蔥 ,27.0,18.2,10.7,18.5,5.71,3766.0,22.27,1,5,2007,0
2007-01-27,台北二,SE6 青蔥 粉蔥 ,27.3,19.2,13.5,19.7,6.49,4382.0,16.36,1,6,2007,0
2007-01-28,台北二,SE6 青蔥 粉蔥 ,27.2,22.4,16.3,22.1,12.18,4555.0,3.95,1,7,2007,0
2007-01-29,台北二,SE6 青蔥 粉蔥 ,,,,,,,,1,1,2007,1
2007-01-30,台北二,SE6 青蔥 粉蔥 ,26.4,17.4,13.6,18.4,-16.74,5983.0,31.35,1,2,2007,0
2007-01-31,台北二,SE6 青蔥 粉蔥 ,29.2,22.8,11.7,21.9,19.02,2026.0,-66.14,1,3,2007,0
2007-02-01,台北二,SE6 青蔥 粉蔥 ,28.6,24.9,17.3,24.1,10.05,1440.0,-28.92,2,4,2007,0
2007-02-02,台北二,SE6 青蔥 粉蔥 ,23.2,21.7,16.5,20.9,-13.28,1460.0,1.39,2,5,2007,0
2007-02-03,台北二,SE6 青蔥 粉蔥 ,23.3,18.7,15.1,18.9,-9.57,1920.0,31.51,2,6,2007,0
2007-02-04,台北二,SE6 青蔥 粉蔥 ,28.0,23.8,14.3,22.7,20.11,1200.0,-37.5,2,7,2007,0
2007-02-05,台北二,SE6 青蔥 粉蔥 ,,,,,,,,2,1,2007,1
2007-02-06,台北二,SE6 青蔥 粉蔥 ,25.2,21.9,18.5,21.9,-3.52,1300.0,8.33,2,2,2007,0
2007-02-07,台北二,SE6 青蔥 粉蔥 ,26.6,23.1,17.8,22.8,4.11,1300.0,0.0,2,3,2007,0
2007-02-08,台北二,SE6 青蔥 粉蔥 ,23.1,20.0,13.8,19.4,-14.91,1240.0,-4.62,2,4,2007,0
2007-02-09,台北二,SE6 青蔥 粉蔥 ,26.2,19.8,16.0,20.3,4.64,1560.0,25.81,2,5,2007,0
2007-02-10,台北二,SE6 青蔥 粉蔥 ,21.5,13.0,6.8,13.5,-33.5,4522.0,189.87,2,6,2007,0
2007-02-11,台北二,SE6 青蔥 粉蔥 ,30.2,21.5,5.3,20.0,48.15,2335.0,-48.36,2,7,2007,0
2007-02-12,台北二,SE6 青蔥 粉蔥 ,,,,,,,,2,1,2007,1
2007-02-13,台北二,SE6 青蔥 粉蔥 ,25.3,14.5,8.1,15.4,-23.0,9002.0,285.52,2,2,2007,0
2007-02-14,台北二,SE6 青蔥 粉蔥 ,25.4,15.4,9.3,16.2,5.19,7303.0,-18.87,2,3,2007,0
2007-02-15,台北二,SE6 青蔥 粉蔥 ,37.5,29.9,20.4,29.5,82.1,3220.0,-55.91,2,4,2007,0
2007-02-16,台北二,SE6 青蔥 粉蔥 ,61.8,49.0,31.5,48.1,63.05,4470.0,38.82,2,5,2007,0
2007-02-17,台北二,SE6 青蔥 粉蔥 ,40.7,27.7,21.0,29.0,-39.71,2480.0,-44.52,2,6,2007,0
2007-02-18,台北二,SE6 青蔥 粉蔥 ,,,,,,,,2,7,2007,1
2007-02-19,台北二,SE6 青蔥 粉蔥 ,,,,,,,,2,1,2007,1
2007-02-20,台北二,SE6 青蔥 粉蔥 ,,,,,,,,2,2,2007,1
2007-02-21,台北二,SE6 青蔥 粉蔥 ,,,,,,,,2,3,2007,1
2007-02-22,台北二,SE6 青蔥 粉蔥 ,,,,,,,,2,4,2007,1
2007-02-23,台北二,SE6 青蔥 粉蔥 ,19.6,12.7,7.0,12.9,-55.52,3100.0,25.0,2,5,2007,0
2007-02-24,台北二,SE6 青蔥 粉蔥 ,21.3,17.0,9.2,16.3,26.36,2140.0,-30.97,2,6,2007,0
2007-02-25,台北二,SE6 青蔥 粉蔥 ,21.5,15.3,9.9,15.4,-5.52,2100.0,-1.87,2,7,2007,0
2007-02-26,台北二,SE6 青蔥 粉蔥 ,,,,,,,,2,1,2007,1
2007-02-27,台北二,SE6 青蔥 粉蔥 ,28.2,22.1,16.0,22.1,43.51,2120.0,0.95,2,2,2007,0
2007-02-28,台北二,SE6 青蔥 粉蔥 ,24.8,18.9,14.3,19.2,-13.12,2200.0,3.77,2,3,2007,0
2007-03-01,台北二,SE6 青蔥 粉蔥 ,18.8,12.5,6.3,12.5,-34.9,4762.0,116.45,3,4,2007,0
2007-03-02,台北二,SE6 青蔥 粉蔥 ,16.9,11.7,5.3,11.4,-8.8,4948.0,3.91,3,5,2007,0
2007-03-03,台北二,SE6 青蔥 粉蔥 ,20.4,17.1,14.6,17.3,51.75,2280.0,-53.92,3,6,2007,0
2007-03-04,台北二,SE6 青蔥 粉蔥 ,23.6,19.1,9.1,18.0,4.05,4728.0,107.37,3,7,2007,0
2007-03-05,台北二,SE6 青蔥 粉蔥 ,,,,,,,,3,1,2007,1
2007-03-06,台北二,SE6 青蔥 粉蔥 ,,,,,,,,3,2,2007,1
2007-03-07,台北二,SE6 青蔥 粉蔥 ,24.8,15.6,9.1,16.1,-10.56,5898.0,24.75,3,3,2007,0
2007-03-08,台北二,SE6 青蔥 粉蔥 ,23.7,13.4,6.6,14.1,-12.42,7450.0,26.31,3,4,2007,0
2007-03-09,台北二,SE6 青蔥 粉蔥 ,18.5,12.3,8.0,12.7,-9.93,7671.0,2.97,3,5,2007,0
2007-03-10,台北二,SE6 青蔥 粉蔥 ,17.6,10.4,6.2,11.0,-13.39,8569.0,11.71,3,6,2007,0
2007-03-11,台北二,SE6 青蔥 粉蔥 ,20.4,13.6,8.4,13.9,26.36,6358.0,-25.8,3,7,2007,0
2007-03-12,台北二,SE6 青蔥 粉蔥 ,,,,,,,,3,1,2007,1
2007-03-13,台北二,SE6 青蔥 粉蔥 ,22.0,15.8,11.3,16.1,15.83,7056.0,10.98,3,2,2007,0
2007-03-14,台北二,SE6 青蔥 粉蔥 ,18.3,13.7,9.6,13.8,-14.29,6856.0,-2.83,3,3,2007,0
2007-03-15,台北二,SE6 青蔥 粉蔥 ,16.7,10.2,6.5,10.7,-22.46,6535.0,-4.68,3,4,2007,0
2007-03-16,台北二,SE6 青蔥 粉蔥 ,15.6,9.5,5.4,9.9,-7.48,4969.0,-23.96,3,5,2007,0
2007-03-17,台北二,SE6 青蔥 粉蔥 ,20.5,18.1,15.0,17.9,80.81,1580.0,-68.2,3,6,2007,0
2007-03-18,台北二,SE6 青蔥 粉蔥 ,19.2,14.9,8.9,14.5,-18.99,5092.0,222.28,3,7,2007,0
2007-03-19,台北二,SE6 青蔥 粉蔥 ,,,,,,,,3,1,2007,1
2007-03-20,台北二,SE6 青蔥 粉蔥 ,21.9,16.2,9.9,16.1,11.03,6320.0,24.12,3,2,2007,0
2007-03-21,台北二,SE6 青蔥 粉蔥 ,17.4,12.0,6.1,11.9,-26.09,4082.0,-35.41,3,3,2007,0
2007-03-22,台北二,SE6 青蔥 粉蔥 ,18.5,14.7,7.9,14.1,18.49,3062.0,-24.99,3,4,2007,0
2007-03-23,台北二,SE6 青蔥 粉蔥 ,21.2,16.8,9.9,16.3,15.6,2299.0,-24.92,3,5,2007,0
2007-03-24,台北二,SE6 青蔥 粉蔥 ,23.5,18.6,12.7,18.4,12.88,3096.0,34.67,3,6,2007,0
2007-03-25,台北二,SE6 青蔥 粉蔥 ,22.8,19.1,12.2,18.4,0.0,3046.0,-1.61,3,7,2007,0
2007-03-26,台北二,SE6 青蔥 粉蔥 ,,,,,,,,3,1,2007,1
2007-03-27,台北二,SE6 青蔥 粉蔥 ,16.5,13.1,7.6,12.7,-30.98,8022.0,163.36,3,2,2007,0
2007-03-28,台北二,SE6 青蔥 粉蔥 ,15.4,12.6,6.4,11.9,-6.3,7284.0,-9.2,3,3,2007,0
2007-03-29,台北二,SE6 青蔥 粉蔥 ,18.9,12.2,5.6,12.2,2.52,6217.0,-14.65,3,4,2007,0
2007-03-30,台北二,SE6 青蔥 粉蔥 ,20.7,17.8,13.5,17.6,44.26,2440.0,-60.75,3,5,2007,0
2007-03-31,台北二,SE6 青蔥 粉蔥 ,21.7,15.3,6.0,14.7,-16.48,6117.0,150.7,3,6,2007,0
2007-04-01,台北二,SE6 青蔥 粉蔥 ,17.2,13.1,4.3,12.1,-17.69,7912.0,29.34,4,7,2007,0
2007-04-02,台北二,SE6 青蔥 粉蔥 ,,,,,,,,4,1,2007,1
2007-04-03,台北二,SE6 青蔥 粉蔥 ,20.4,16.6,10.0,16.1,33.06,6317.0,-20.16,4,2,2007,0
2007-04-04,台北二,SE6 青蔥 粉蔥 ,29.9,24.1,17.4,23.9,48.45,6266.0,-0.81,4,3,2007,0
2007-04-05,台北二,SE6 青蔥 粉蔥 ,,,,,,,,4,4,2007,1
2007-04-06,台北二,SE6 青蔥 粉蔥 ,,,,,,,,4,5,2007,1
2007-04-07,台北二,SE6 青蔥 粉蔥 ,32.2,24.9,17.7,24.9,4.18,6705.0,7.01,4,6,2007,0
2007-04-08,台北二,SE6 青蔥 粉蔥 ,24.1,19.9,15.1,19.8,-20.48,9447.0,40.89,4,7,2007,0
2007-04-09,台北二,SE6 青蔥 粉蔥 ,,,,,,,,4,1,2007,1
2007-04-10,台北二,SE6 青蔥 粉蔥 ,21.0,13.8,8.1,14.1,-28.79,9506.0,0.62,4,2,2007,0
2007-04-11,台北二,SE6 青蔥 粉蔥 ,14.7,10.5,5.7,10.4,-26.24,7044.0,-25.9,4,3,2007,0
2007-04-12,台北二,SE6 青蔥 粉蔥 ,17.9,13.0,6.2,12.6,21.15,7070.0,0.37,4,4,2007,0
2007-04-13,台北二,SE6 青蔥 粉蔥 ,20.3,14.1,8.6,14.2,12.7,5600.0,-20.79,4,5,2007,0
2007-04-14,台北二,SE6 青蔥 粉蔥 ,16.9,13.4,8.0,13.0,-8.45,8026.0,43.32,4,6,2007,0
2007-04-15,台北二,SE6 青蔥 粉蔥 ,15.3,11.4,6.9,11.3,-13.08,8507.0,5.99,4,7,2007,0
2007-04-16,台北二,SE6 青蔥 粉蔥 ,,,,,,,,4,1,2007,1
2007-04-17,台北二,SE6 青蔥 粉蔥 ,25.4,20.7,10.6,19.6,73.45,5420.0,-36.29,4,2,2007,0
2007-04-18,台北二,SE6 青蔥 粉蔥 ,24.3,19.8,11.7,19.1,-2.55,5513.0,1.72,4,3,2007,0
2007-04-19,台北二,SE6 青蔥 粉蔥 ,27.3,18.6,11.6,18.9,-1.05,5830.0,5.75,4,4,2007,0
2007-04-20,台北二,SE6 青蔥 粉蔥 ,20.5,17.6,10.5,16.8,-11.11,4666.0,-19.97,4,5,2007,0
2007-04-21,台北二,SE6 青蔥 粉蔥 ,16.9,13.6,7.2,13.0,-22.62,8172.0,75.14,4,6,2007,0
2007-04-22,台北二,SE6 青蔥 粉蔥 ,22.9,13.4,6.6,14.0,7.69,6501.0,-20.45,4,7,2007,0
2007-04-23,台北二,SE6 青蔥 粉蔥 ,,,,,,,,4,1,2007,1
2007-04-24,台北二,SE6 青蔥 粉蔥 ,23.1,15.6,8.6,15.7,12.14,6562.0,0.94,4,2,2007,0
2007-04-25,台北二,SE6 青蔥 粉蔥 ,18.4,13.2,8.0,13.2,-15.92,6640.0,1.19,4,3,2007,0
2007-04-26,台北二,SE6 青蔥 粉蔥 ,19.2,11.2,6.4,11.8,-10.61,6066.0,-8.64,4,4,2007,0
2007-04-27,台北二,SE6 青蔥 粉蔥 ,17.3,14.8,9.5,14.3,21.19,5295.0,-12.71,4,5,2007,0
2007-04-28,台北二,SE6 青蔥 粉蔥 ,16.3,14.6,7.6,13.5,-5.59,6533.0,23.38,4,6,2007,0
2007-04-29,台北二,SE6 青蔥 粉蔥 ,19.3,15.1,8.0,14.5,7.41,5668.0,-13.24,4,7,2007,0
2007-04-30,台北二,SE6 青蔥 粉蔥 ,,,,,,,,4,1,2007,1
2007-05-01,台北二,SE6 青蔥 粉蔥 ,23.6,19.7,13.7,19.3,33.1,5404.0,-4.66,5,2,2007,0
2007-05-02,台北二,SE6 青蔥 粉蔥 ,25.5,21.0,12.7,20.2,4.66,5825.0,7.79,5,3,2007,0
2007-05-03,台北二,SE6 青蔥 粉蔥 ,25.9,19.2,9.8,18.6,-7.92,5438.0,-6.64,5,4,2007,0
2007-05-04,台北二,SE6 青蔥 粉蔥 ,23.0,16.4,8.9,16.2,-12.9,6854.0,26.04,5,5,2007,0
2007-05-05,台北二,SE6 青蔥 粉蔥 ,20.9,13.6,7.3,13.8,-14.81,6406.0,-6.54,5,6,2007,0
2007-05-06,台北二,SE6 青蔥 粉蔥 ,21.3,14.4,7.1,14.4,4.35,5469.0,-14.63,5,7,2007,0
2007-05-07,台北二,SE6 青蔥 粉蔥 ,,,,,,,,5,1,2007,1
2007-05-08,台北二,SE6 青蔥 粉蔥 ,26.5,21.8,15.4,21.5,49.31,4174.0,-23.68,5,2,2007,0
2007-05-09,台北二,SE6 青蔥 粉蔥 ,25.2,20.3,12.1,19.7,-8.37,5222.0,25.11,5,3,2007,0
2007-05-10,台北二,SE6 青蔥 粉蔥 ,26.7,19.5,12.6,19.6,-0.51,3673.0,-29.66,5,4,2007,0
2007-05-11,台北二,SE6 青蔥 粉蔥 ,22.8,17.2,10.2,16.9,-13.78,5206.0,41.74,5,5,2007,0
2007-05-12,台北二,SE6 青蔥 粉蔥 ,27.2,16.0,10.0,17.0,0.59,5237.0,0.6,5,6,2007,0
2007-05-13,台北二,SE6 青蔥 粉蔥 ,15.2,12.0,7.1,11.7,-31.18,1247.0,-76.19,5,7,2007,0
2007-05-14,台北二,SE6 青蔥 粉蔥 ,,,,,,,,5,1,2007,1
2007-05-15,台北二,SE6 青蔥 粉蔥 ,22.4,17.1,10.7,16.9,44.44,2449.0,96.39,5,2,2007,0
2007-05-16,台北二,SE6 青蔥 粉蔥 ,25.5,15.8,8.8,16.3,-3.55,5126.0,109.31,5,3,2007,0
2007-05-17,台北二,SE6 青蔥 粉蔥 ,14.6,8.8,4.9,9.2,-43.56,1746.0,-65.94,5,4,2007,0
2007-05-18,台北二,SE6 青蔥 粉蔥 ,18.3,13.5,6.6,13.1,42.39,2336.0,33.79,5,5,2007,0
2007-05-19,台北二,SE6 青蔥 粉蔥 ,16.2,13.3,5.4,12.3,-6.11,1982.0,-15.15,5,6,2007,0
2007-05-20,台北二,SE6 青蔥 粉蔥 ,15.3,11.7,6.8,11.4,-7.32,2701.0,36.28,5,7,2007,0
2007-05-21,台北二,SE6 青蔥 粉蔥 ,,,,,,,,5,1,2007,1
2007-05-22,台北二,SE6 青蔥 粉蔥 ,17.8,14.5,8.5,14.0,22.81,2144.0,-20.62,5,2,2007,0
2007-05-23,台北二,SE6 青蔥 粉蔥 ,16.1,12.5,5.7,11.9,-15.0,2410.0,12.41,5,3,2007,0
2007-05-24,台北二,SE6 青蔥 粉蔥 ,14.6,10.8,5.6,10.5,-11.76,2716.0,12.7,5,4,2007,0
2007-05-25,台北二,SE6 青蔥 粉蔥 ,14.2,10.7,6.4,10.5,0.0,1957.0,-27.95,5,5,2007,0
2007-05-26,台北二,SE6 青蔥 粉蔥 ,14.1,12.4,8.2,11.9,13.33,1483.0,-24.22,5,6,2007,0
2007-05-27,台北二,SE6 青蔥 粉蔥 ,16.2,12.9,7.7,12.5,5.04,2452.0,65.34,5,7,2007,0
2007-05-28,台北二,SE6 青蔥 粉蔥 ,,,,,,,,5,1,2007,1
2007-05-29,台北二,SE6 青蔥 粉蔥 ,15.2,14.2,9.9,13.6,8.8,1770.0,-27.81,5,2,2007,0
2007-05-30,台北二,SE6 青蔥 粉蔥 ,15.6,13.6,7.0,12.7,-6.62,1716.0,-3.05,5,3,2007,0
2007-05-31,台北二,SE6 青蔥 粉蔥 ,15.6,13.5,9.0,13.0,2.36,1820.0,6.06,5,4,2007,0
2007-06-01,台北二,SE6 青蔥 粉蔥 ,15.5,14.0,10.7,13.6,4.62,1560.0,-14.29,6,5,2007,0
2007-06-02,台北二,SE6 青蔥 粉蔥 ,13.8,10.1,6.4,10.1,-25.74,2640.0,69.23,6,6,2007,0
2007-06-03,台北二,SE6 青蔥 粉蔥 ,16.4,14.0,11.1,13.9,37.62,1702.0,-35.53,6,7,2007,0
2007-06-04,台北二,SE6 青蔥 粉蔥 ,,,,,,,,6,1,2007,1
2007-06-05,台北二,SE6 青蔥 粉蔥 ,17.6,15.7,12.5,15.4,10.79,1346.0,-20.92,6,2,2007,0
2007-06-06,台北二,SE6 青蔥 粉蔥 ,16.0,12.9,9.3,12.8,-16.88,2620.0,94.65,6,3,2007,0
2007-06-07,台北二,SE6 青蔥 粉蔥 ,16.4,14.6,10.9,14.2,10.94,1419.0,-45.84,6,4,2007,0
2007-06-08,台北二,SE6 青蔥 粉蔥 ,37.8,29.9,22.7,30.0,111.27,354.0,-75.05,6,5,2007,0
2007-06-09,台北二,SE6 青蔥 粉蔥 ,34.9,26.5,21.2,27.1,-9.67,1226.0,246.33,6,6,2007,0
2007-06-10,台北二,SE6 青蔥 粉蔥 ,37.7,25.8,18.4,26.7,-1.48,696.0,-43.23,6,7,2007,0
2007-06-11,台北二,SE6 青蔥 粉蔥 ,,,,,,,,6,1,2007,1
2007-06-12,台北二,SE6 青蔥 粉蔥 ,23.8,16.8,9.6,16.7,-37.45,1444.0,107.47,6,2,2007,0
2007-06-13,台北二,SE6 青蔥 粉蔥 ,16.7,7.3,4.1,8.5,-49.1,2135.0,47.85,6,3,2007,0
2007-06-14,台北二,SE6 青蔥 粉蔥 ,10.4,5.4,3.0,5.9,-30.59,1145.0,-46.37,6,4,2007,0
2007-06-15,台北二,SE6 青蔥 粉蔥 ,39.5,22.4,4.9,22.3,277.97,598.0,-47.77,6,5,2007,0
2007-06-16,台北二,SE6 青蔥 粉蔥 ,24.1,12.8,7.0,13.9,-37.67,933.0,56.02,6,6,2007,0
2007-06-17,台北二,SE6 青蔥 粉蔥 ,18.8,8.5,5.0,9.9,-28.78,805.0,-13.72,6,7,2007,0
2007-06-18,台北二,SE6 青蔥 粉蔥 ,34.7,22.3,8.5,22.0,122.22,1337.0,66.09,6,1,2007,0
2007-06-19,台北二,SE6 青蔥 粉蔥 ,28.0,21.5,12.4,21.0,-4.55,722.0,-46.0,6,2,2007,0
2007-06-20,台北二,SE6 青蔥 粉蔥 ,,,,,,,,6,3,2007,1
2007-06-21,台北二,SE6 青蔥 粉蔥 ,,,,,,,,6,4,2007,1
2007-06-22,台北二,SE6 青蔥 粉蔥 ,33.8,29.7,16.2,27.8,32.38,814.0,12.74,6,5,2007,0
2007-06-23,台北二,SE6 青蔥 粉蔥 ,23.0,19.1,18.0,19.7,-29.14,300.0,-63.14,6,6,2007,0
2007-06-24,台北二,SE6 青蔥 粉蔥 ,24.9,20.2,15.1,20.1,2.03,650.0,116.67,6,7,2007,0
2007-06-25,台北二,SE6 青蔥 粉蔥 ,,,,,,,,6,1,2007,1
2007-06-26,台北二,SE6 青蔥 粉蔥 ,22.3,15.7,11.7,16.2,-19.4,644.0,-0.92,6,2,2007,0
2007-06-27,台北二,SE6 青蔥 粉蔥 ,25.0,15.6,7.0,15.7,-3.09,895.0,38.98,6,3,2007,0
2007-06-28,台北二,SE6 青蔥 粉蔥 ,26.6,14.9,8.9,16.1,2.55,756.0,-15.53,6,4,2007,0
2007-06-29,台北二,SE6 青蔥 粉蔥 ,27.1,13.4,8.0,15.1,-6.21,1391.0,83.99,6,5,2007,0
2007-06-30,台北二,SE6 青蔥 粉蔥 ,22.8,11.7,6.8,12.9,-14.57,1469.0,5.61,6,6,2007,0
2007-07-01,台北二,SE6 青蔥 粉蔥 ,24.2,16.3,8.2,16.3,26.36,860.0,-41.46,7,7,2007,0
2007-07-02,台北二,SE6 青蔥 粉蔥 ,,,,,,,,7,1,2007,1
2007-07-03,台北二,SE6 青蔥 粉蔥 ,30.8,15.5,10.0,17.4,6.75,1088.0,26.51,7,2,2007,0
2007-07-04,台北二,SE6 青蔥 粉蔥 ,29.4,20.9,10.8,20.6,18.39,709.0,-34.83,7,3,2007,0
2007-07-05,台北二,SE6 青蔥 粉蔥 ,24.0,17.2,4.7,16.0,-22.33,807.0,13.82,7,4,2007,0
2007-07-06,台北二,SE6 青蔥 粉蔥 ,24.5,19.5,13.5,19.3,20.63,929.0,15.12,7,5,2007,0
2007-07-07,台北二,SE6 青蔥 粉蔥 ,28.5,19.6,12.7,20.0,3.63,1017.0,9.47,7,6,2007,0
2007-07-08,台北二,SE6 青蔥 粉蔥 ,37.3,26.9,20.4,27.7,38.5,728.0,-28.42,7,7,2007,0
2007-07-09,台北二,SE6 青蔥 粉蔥 ,,,,,,,,7,1,2007,1
2007-07-10,台北二,SE6 青蔥 粉蔥 ,32.4,24.8,20.4,25.4,-8.3,970.0,33.24,7,2,2007,0
2007-07-11,台北二,SE6 青蔥 粉蔥 ,34.0,27.0,22.2,27.5,8.27,770.0,-20.62,7,3,2007,0
2007-07-12,台北二,SE6 青蔥 粉蔥 ,32.5,19.9,15.7,21.6,-21.45,1067.0,38.57,7,4,2007,0
2007-07-13,台北二,SE6 青蔥 粉蔥 ,35.1,23.9,19.3,25.2,16.67,664.0,-37.77,7,5,2007,0
2007-07-14,台北二,SE6 青蔥 粉蔥 ,23.9,21.6,17.1,21.1,-16.27,336.0,-49.4,7,6,2007,0
2007-07-15,台北二,SE6 青蔥 粉蔥 ,31.9,21.0,18.0,22.6,7.11,463.0,37.8,7,7,2007,0
2007-07-16,台北二,SE6 青蔥 粉蔥 ,,,,,,,,7,1,2007,1
2007-07-17,台北二,SE6 青蔥 粉蔥 ,32.0,21.8,14.8,22.4,-0.88,662.0,42.98,7,2,2007,0
2007-07-18,台北二,SE6 青蔥 粉蔥 ,24.0,14.2,8.4,15.0,-33.04,917.0,38.52,7,3,2007,0
2007-07-19,台北二,SE6 青蔥 粉蔥 ,15.7,11.0,8.0,11.4,-24.0,301.0,-67.18,7,4,2007,0
2007-07-20,台北二,SE6 青蔥 粉蔥 ,,,,,,,,7,5,2007,1
2007-07-21,台北二,SE6 青蔥 粉蔥 ,,,,,,,,7,6,2007,1
2007-07-22,台北二,SE6 青蔥 粉蔥 ,24.1,18.4,8.2,17.5,53.51,599.0,99.0,7,7,2007,0
2007-07-23,台北二,SE6 青蔥 粉蔥 ,,,,,,,,7,1,2007,1
2007-07-24,台北二,SE6 青蔥 粉蔥 ,27.0,27.0,27.0,27.0,54.29,20.0,-96.66,7,2,2007,0
2007-07-25,台北二,SE6 青蔥 粉蔥 ,23.0,23.0,23.0,23.0,-14.81,20.0,0.0,7,3,2007,0
2007-07-26,台北二,SE6 青蔥 粉蔥 ,22.0,20.7,20.0,20.8,-9.57,100.0,400.0,7,4,2007,0
2007-07-27,台北二,SE6 青蔥 粉蔥 ,22.2,17.0,16.0,17.8,-14.42,120.0,20.0,7,5,2007,0
2007-07-28,台北二,SE6 青蔥 粉蔥 ,,,,,,,,7,6,2007,1
2007-07-29,台北二,SE6 青蔥 粉蔥 ,,,,,,,,7,7,2007,1
2007-07-30,台北二,SE6 青蔥 粉蔥 ,,,,,,,,7,1,2007,1
2007-07-31,台北二,SE6 青蔥 粉蔥 ,,,,,,,,7,2,2007,1
2007-08-01,台北二,SE6 青蔥 粉蔥 ,,,,,,,,8,3,2007,1
2007-08-02,台北二,SE6 青蔥 粉蔥 ,,,,,,,,8,4,2007,1
2007-08-03,台北二,SE6 青蔥 粉蔥 ,23.0,23.0,23.0,23.0,29.21,26.0,-78.33,8,5,2007,0
2007-08-04,台北二,SE6 青蔥 粉蔥 ,18.0,18.0,18.0,18.0,-21.74,38.0,46.15,8,6,2007,0
2007-08-05,台北二,SE6 青蔥 粉蔥 ,23.0,23.0,23.0,23.0,27.78,21.0,-44.74,8,7,2007,0
2007-08-06,台北二,SE6 青蔥 粉蔥 ,,,,,,,,8,1,2007,1
2007-08-07,台北二,SE6 青蔥 粉蔥 ,43.0,42.7,42.0,42.6,85.22,100.0,376.19,8,2,2007,0
2007-08-08,台北二,SE6 青蔥 粉蔥 ,65.0,65.0,65.0,65.0,52.58,140.0,40.0,8,3,2007,0
2007-08-09,台北二,SE6 青蔥 粉蔥 ,53.7,52.0,50.9,52.1,-19.85,180.0,28.57,8,4,2007,0
2007-08-10,台北二,SE6 青蔥 粉蔥 ,,,,,,,,8,5,2007,1
2007-08-11,台北二,SE6 青蔥 粉蔥 ,,,,,,,,8,6,2007,1
2007-08-12,台北二,SE6 青蔥 粉蔥 ,26.8,25.5,16.0,23.9,-54.13,260.0,44.44,8,7,2007,0
2007-08-13,台北二,SE6 青蔥 粉蔥 ,,,,,,,,8,1,2007,1
2007-08-14,台北二,SE6 青蔥 粉蔥 ,31.4,28.1,20.8,27.3,14.23,411.0,58.08,8,2,2007,0
2007-08-15,台北二,SE6 青蔥 粉蔥 ,55.0,46.0,20.0,42.6,56.04,62.0,-84.91,8,3,2007,0
2007-08-16,台北二,SE6 青蔥 粉蔥 ,15.0,15.0,15.0,15.0,-64.79,40.0,-35.48,8,4,2007,0
2007-08-17,台北二,SE6 青蔥 粉蔥 ,,,,,,,,8,5,2007,1
2007-08-18,台北二,SE6 青蔥 粉蔥 ,53.0,20.5,10.0,24.9,66.0,384.0,860.0,8,6,2007,0
2007-08-19,台北二,SE6 青蔥 粉蔥 ,45.0,45.0,45.0,45.0,80.72,60.0,-84.38,8,7,2007,0
2007-08-20,台北二,SE6 青蔥 粉蔥 ,,,,,,,,8,1,2007,1
2007-08-21,台北二,SE6 青蔥 粉蔥 ,55.7,12.4,4.8,19.5,-56.67,794.0,1223.33,8,2,2007,0
2007-08-22,台北二,SE6 青蔥 粉蔥 ,,,,,,,,8,3,2007,1
2007-08-23,台北二,SE6 青蔥 粉蔥 ,70.0,69.4,68.0,69.2,254.87,47.0,-94.08,8,4,2007,0
2007-08-24,台北二,SE6 青蔥 粉蔥 ,105.0,76.6,25.7,72.1,4.19,93.0,97.87,8,5,2007,0
2007-08-25,台北二,SE6 青蔥 粉蔥 ,97.9,73.2,47.6,73.0,1.25,350.0,276.34,8,6,2007,0
2007-08-26,台北二,SE6 青蔥 粉蔥 ,180.2,132.1,110.4,137.4,88.22,719.0,105.43,8,7,2007,0
2007-08-27,台北二,SE6 青蔥 粉蔥 ,198.6,135.5,60.3,133.1,-3.13,556.0,-22.67,8,1,2007,0
2007-08-28,台北二,SE6 青蔥 粉蔥 ,,,,,,,,8,2,2007,1
2007-08-29,台北二,SE6 青蔥 粉蔥 ,,,,,,,,8,3,2007,1
2007-08-30,台北二,SE6 青蔥 粉蔥 ,134.5,84.8,45.9,86.9,-34.71,1097.0,97.3,8,4,2007,0
2007-08-31,台北二,SE6 青蔥 粉蔥 ,116.9,85.3,65.0,87.5,0.69,438.0,-60.07,8,5,2007,0
2007-09-01,台北二,SE6 青蔥 粉蔥 ,70.0,70.0,70.0,70.0,-20.0,24.0,-94.52,9,6,2007,0
2007-09-02,台北二,SE6 青蔥 粉蔥 ,112.5,75.1,70.0,81.5,16.43,300.0,1150.0,9,7,2007,0
2007-09-03,台北二,SE6 青蔥 粉蔥 ,,,,,,,,9,1,2007,1
2007-09-04,台北二,SE6 青蔥 粉蔥 ,101.9,80.0,52.1,78.8,-3.31,887.0,195.67,9,2,2007,0
2007-09-05,台北二,SE6 青蔥 粉蔥 ,80.9,67.3,51.5,66.8,-15.23,424.0,-52.2,9,3,2007,0
2007-09-06,台北二,SE6 青蔥 粉蔥 ,61.9,49.1,39.0,49.6,-25.75,296.0,-30.19,9,4,2007,0
2007-09-07,台北二,SE6 青蔥 粉蔥 ,110.3,69.1,39.8,71.5,44.15,676.0,128.38,9,5,2007,0
2007-09-08,台北二,SE6 青蔥 粉蔥 ,71.3,57.3,48.2,58.3,-18.46,212.0,-68.64,9,6,2007,0
2007-09-09,台北二,SE6 青蔥 粉蔥 ,75.0,60.3,46.8,60.5,3.77,625.0,194.81,9,7,2007,0
2007-09-10,台北二,SE6 青蔥 粉蔥 ,,,,,,,,9,1,2007,1
2007-09-11,台北二,SE6 青蔥 粉蔥 ,100.0,81.7,52.0,79.4,31.24,140.0,-77.6,9,2,2007,0
2007-09-12,台北二,SE6 青蔥 粉蔥 ,105.0,95.0,55.0,89.0,12.09,156.0,11.43,9,3,2007,0
2007-09-13,台北二,SE6 青蔥 粉蔥 ,88.3,62.6,45.4,64.3,-27.75,970.0,521.79,9,4,2007,0
2007-09-14,台北二,SE6 青蔥 粉蔥 ,82.0,43.7,30.0,48.6,-24.42,310.0,-68.04,9,5,2007,0
2007-09-15,台北二,SE6 青蔥 粉蔥 ,45.0,42.8,35.0,41.7,-14.2,120.0,-61.29,9,6,2007,0
2007-09-16,台北二,SE6 青蔥 粉蔥 ,103.3,81.3,65.4,82.5,97.84,510.0,325.0,9,7,2007,0
2007-09-17,台北二,SE6 青蔥 粉蔥 ,,,,,,,,9,1,2007,1
2007-09-18,台北二,SE6 青蔥 粉蔥 ,110.0,75.6,48.0,76.9,-6.79,225.0,-55.88,9,2,2007,0
2007-09-19,台北二,SE6 青蔥 粉蔥 ,,,,,,,,9,3,2007,1
2007-09-20,台北二,SE6 青蔥 粉蔥 ,55.0,55.0,55.0,55.0,-28.48,120.0,-46.67,9,4,2007,0
2007-09-21,台北二,SE6 青蔥 粉蔥 ,89.8,61.9,42.8,63.7,15.82,439.0,265.83,9,5,2007,0
2007-09-22,台北二,SE6 青蔥 粉蔥 ,60.0,49.8,11.5,44.2,-30.61,400.0,-8.88,9,6,2007,0
2007-09-23,台北二,SE6 青蔥 粉蔥 ,61.1,42.7,19.4,41.7,-5.66,700.0,75.0,9,7,2007,0
2007-09-24,台北二,SE6 青蔥 粉蔥 ,43.0,43.0,34.2,41.2,-1.2,119.0,-83.0,9,1,2007,0
2007-09-25,台北二,SE6 青蔥 粉蔥 ,55.0,55.0,55.0,55.0,33.5,100.0,-15.97,9,2,2007,0
2007-09-26,台北二,SE6 青蔥 粉蔥 ,,,,,,,,9,3,2007,1
2007-09-27,台北二,SE6 青蔥 粉蔥 ,,,,,,,,9,4,2007,1
2007-09-28,台北二,SE6 青蔥 粉蔥 ,,,,,,,,9,5,2007,1
2007-09-29,台北二,SE6 青蔥 粉蔥 ,65.0,63.6,60.0,63.2,14.91,189.0,89.0,9,6,2007,0
2007-09-30,台北二,SE6 青蔥 粉蔥 ,76.0,76.0,76.0,76.0,20.25,38.0,-79.89,9,7,2007,0
2007-10-01,台北二,SE6 青蔥 粉蔥 ,,,,,,,,10,1,2007,1
2007-10-02,台北二,SE6 青蔥 粉蔥 ,120.0,86.4,60.6,88.0,15.79,630.0,1557.89,10,2,2007,0
2007-10-03,台北二,SE6 青蔥 粉蔥 ,100.0,99.3,95.0,98.6,12.05,140.0,-77.78,10,3,2007,0
2007-10-04,台北二,SE6 青蔥 粉蔥 ,,,,,,,,10,4,2007,1
2007-10-05,台北二,SE6 青蔥 粉蔥 ,76.0,72.6,70.0,72.7,-26.27,110.0,-21.43,10,5,2007,0
2007-10-06,台北二,SE6 青蔥 粉蔥 ,38.0,38.0,38.0,38.0,-47.73,120.0,9.09,10,6,2007,0
2007-10-07,台北二,SE6 青蔥 粉蔥 ,,,,,,,,10,7,2007,1
2007-10-08,台北二,SE6 青蔥 粉蔥 ,,,,,,,,10,1,2007,1
2007-10-09,台北二,SE6 青蔥 粉蔥 ,,,,,,,,10,2,2007,1
2007-10-10,台北二,SE6 青蔥 粉蔥 ,55.0,46.7,10.9,41.2,8.42,198.0,65.0,10,3,2007,0
2007-10-11,台北二,SE6 青蔥 粉蔥 ,70.0,70.0,70.0,70.0,69.9,40.0,-79.8,10,4,2007,0
2007-10-12,台北二,SE6 青蔥 粉蔥 ,165.0,141.5,60.0,129.9,85.57,83.0,107.5,10,5,2007,0
2007-10-13,台北二,SE6 青蔥 粉蔥 ,,,,,,,,10,6,2007,1
2007-10-14,台北二,SE6 青蔥 粉蔥 ,,,,,,,,10,7,2007,1
2007-10-15,台北二,SE6 青蔥 粉蔥 ,,,,,,,,10,1,2007,1
2007-10-16,台北二,SE6 青蔥 粉蔥 ,192.5,116.8,106.6,129.9,0.0,224.0,169.88,10,2,2007,0
2007-10-17,台北二,SE6 青蔥 粉蔥 ,106.0,96.2,85.0,95.9,-26.17,500.0,123.21,10,3,2007,0
2007-10-18,台北二,SE6 青蔥 粉蔥 ,134.2,109.4,100.0,112.5,17.31,240.0,-52.0,10,4,2007,0
2007-10-19,台北二,SE6 青蔥 粉蔥 ,153.0,106.0,43.7,102.9,-8.53,521.0,117.08,10,5,2007,0
2007-10-20,台北二,SE6 青蔥 粉蔥 ,220.0,192.1,130.0,185.3,80.08,156.0,-70.06,10,6,2007,0
2007-10-21,台北二,SE6 青蔥 粉蔥 ,210.0,151.0,76.4,147.9,-20.18,258.0,65.38,10,7,2007,0
2007-10-22,台北二,SE6 青蔥 粉蔥 ,,,,,,,,10,1,2007,1
2007-10-23,台北二,SE6 青蔥 粉蔥 ,211.8,118.9,61.2,125.9,-14.87,513.0,98.84,10,2,2007,0
2007-10-24,台北二,SE6 青蔥 粉蔥 ,194.4,101.8,59.0,111.8,-11.2,454.0,-11.5,10,3,2007,0
2007-10-25,台北二,SE6 青蔥 粉蔥 ,170.0,80.6,28.6,88.1,-21.2,233.0,-48.68,10,4,2007,0
2007-10-26,台北二,SE6 青蔥 粉蔥 ,,,,,,,,10,5,2007,1
2007-10-27,台北二,SE6 青蔥 粉蔥 ,162.0,148.3,82.7,137.9,56.53,300.0,28.76,10,6,2007,0
2007-10-28,台北二,SE6 青蔥 粉蔥 ,160.0,140.6,89.4,134.3,-2.61,320.0,6.67,10,7,2007,0
2007-10-29,台北二,SE6 青蔥 粉蔥 ,,,,,,,,10,1,2007,1
2007-10-30,台北二,SE6 青蔥 粉蔥 ,158.0,153.1,142.9,152.0,13.18,280.0,-12.5,10,2,2007,0
2007-10-31,台北二,SE6 青蔥 粉蔥 ,140.0,133.3,110.0,130.0,-14.47,260.0,-7.14,10,3,2007,0
2007-11-01,台北二,SE6 青蔥 粉蔥 ,133.0,118.1,95.0,116.5,-10.38,300.0,15.38,11,4,2007,0
2007-11-02,台北二,SE6 青蔥 粉蔥 ,120.0,112.4,78.2,107.1,-8.07,260.0,-13.33,11,5,2007,0
2007-11-03,台北二,SE6 青蔥 粉蔥 ,120.0,120.0,120.0,120.0,12.04,140.0,-46.15,11,6,2007,0
2007-11-04,台北二,SE6 青蔥 粉蔥 ,150.0,147.5,145.0,147.5,22.92,160.0,14.29,11,7,2007,0
2007-11-05,台北二,SE6 青蔥 粉蔥 ,,,,,,,,11,1,2007,1
2007-11-06,台北二,SE6 青蔥 粉蔥 ,40.0,40.0,40.0,40.0,-72.88,20.0,-87.5,11,2,2007,0
2007-11-07,台北二,SE6 青蔥 粉蔥 ,,,,,,,,11,3,2007,1
2007-11-08,台北二,SE6 青蔥 粉蔥 ,,,,,,,,11,4,2007,1
2007-11-09,台北二,SE6 青蔥 粉蔥 ,,,,,,,,11,5,2007,1
2007-11-10,台北二,SE6 青蔥 粉蔥 ,80.0,80.0,80.0,80.0,100.0,40.0,100.0,11,6,2007,0
2007-11-11,台北二,SE6 青蔥 粉蔥 ,,,,,,,,11,7,2007,1
2007-11-12,台北二,SE6 青蔥 粉蔥 ,,,,,,,,11,1,2007,1
2007-11-13,台北二,SE6 青蔥 粉蔥 ,,,,,,,,11,2,2007,1
2007-11-14,台北二,SE6 青蔥 粉蔥 ,,,,,,,,11,3,2007,1
2007-11-15,台北二,SE6 青蔥 粉蔥 ,58.0,55.9,55.0,56.2,-29.75,240.0,500.0,11,4,2007,0
2007-11-16,台北二,SE6 青蔥 粉蔥 ,,,,,,,,11,5,2007,1
2007-11-17,台北二,SE6 青蔥 粉蔥 ,50.0,50.0,50.0,50.0,-11.03,20.0,-91.67,11,6,2007,0
2007-11-18,台北二,SE6 青蔥 粉蔥 ,85.0,82.0,61.7,78.6,57.2,460.0,2200.0,11,7,2007,0
2007-11-19,台北二,SE6 青蔥 粉蔥 ,,,,,,,,11,1,2007,1
2007-11-20,台北二,SE6 青蔥 粉蔥 ,69.3,67.4,60.9,66.5,-15.39,460.0,0.0,11,2,2007,0
2007-11-21,台北二,SE6 青蔥 粉蔥 ,67.5,54.3,42.0,54.5,-18.05,600.0,30.43,11,3,2007,0
2007-11-22,台北二,SE6 青蔥 粉蔥 ,55.8,21.7,12.3,26.6,-51.19,2140.0,256.67,11,4,2007,0
2007-11-23,台北二,SE6 青蔥 粉蔥 ,83.0,76.0,70.0,76.2,186.47,280.0,-86.92,11,5,2007,0
2007-11-24,台北二,SE6 青蔥 粉蔥 ,79.7,73.4,65.0,73.0,-4.2,460.0,64.29,11,6,2007,0
2007-11-25,台北二,SE6 青蔥 粉蔥 ,73.0,61.4,43.6,60.2,-17.53,900.0,95.65,11,7,2007,0
2007-11-26,台北二,SE6 青蔥 粉蔥 ,,,,,,,,11,1,2007,1
2007-11-27,台北二,SE6 青蔥 粉蔥 ,67.6,44.2,38.2,47.6,-20.93,1100.0,22.22,11,2,2007,0
2007-11-28,台北二,SE6 青蔥 粉蔥 ,32.0,32.0,32.0,32.0,-32.77,40.0,-96.36,11,3,2007,0
2007-11-29,台北二,SE6 青蔥 粉蔥 ,68.0,57.7,52.9,58.8,83.75,280.0,600.0,11,4,2007,0
2007-11-30,台北二,SE6 青蔥 粉蔥 ,59.6,52.4,45.9,52.5,-10.71,720.0,157.14,11,5,2007,0
2007-12-01,台北二,SE6 青蔥 粉蔥 ,61.0,34.0,21.1,36.8,-29.9,1680.0,133.33,12,6,2007,0
2007-12-02,台北二,SE6 青蔥 粉蔥 ,66.1,40.2,19.6,41.2,11.96,1460.0,-13.1,12,7,2007,0
2007-12-03,台北二,SE6 青蔥 粉蔥 ,,,,,,,,12,1,2007,1
2007-12-04,台北二,SE6 青蔥 粉蔥 ,75.8,46.7,25.0,48.2,16.99,1458.0,-0.14,12,2,2007,0
2007-12-05,台北二,SE6 青蔥 粉蔥 ,72.7,44.5,22.0,45.7,-5.19,1314.0,-9.88,12,3,2007,0
2007-12-06,台北二,SE6 青蔥 粉蔥 ,61.3,48.1,35.1,48.1,5.25,780.0,-40.64,12,4,2007,0
2007-12-07,台北二,SE6 青蔥 粉蔥 ,69.2,41.8,31.1,45.1,-6.24,860.0,10.26,12,5,2007,0
2007-12-08,台北二,SE6 青蔥 粉蔥 ,59.2,50.7,36.4,49.6,9.98,840.0,-2.33,12,6,2007,0
2007-12-09,台北二,SE6 青蔥 粉蔥 ,71.1,57.8,37.9,56.5,13.91,580.0,-30.95,12,7,2007,0
2007-12-10,台北二,SE6 青蔥 粉蔥 ,,,,,,,,12,1,2007,1
2007-12-11,台北二,SE6 青蔥 粉蔥 ,83.5,54.3,31.1,55.5,-1.77,860.0,48.28,12,2,2007,0
2007-12-12,台北二,SE6 青蔥 粉蔥 ,63.7,57.6,41.9,55.7,0.36,580.0,-32.56,12,3,2007,0
2007-12-13,台北二,SE6 青蔥 粉蔥 ,66.9,51.6,42.5,52.9,-5.03,580.0,0.0,12,4,2007,0
2007-12-14,台北二,SE6 青蔥 粉蔥 ,61.3,18.7,7.6,25.0,-52.74,1415.0,143.97,12,5,2007,0
2007-12-15,台北二,SE6 青蔥 粉蔥 ,80.0,67.5,49.6,66.4,165.6,280.0,-80.21,12,6,2007,0
2007-12-16,台北二,SE6 青蔥 粉蔥 ,70.9,62.5,39.6,59.6,-10.24,560.0,100.0,12,7,2007,0
2007-12-17,台北二,SE6 青蔥 粉蔥 ,,,,,,,,12,1,2007,1
2007-12-18,台北二,SE6 青蔥 粉蔥 ,55.4,34.5,27.0,37.2,-37.58,1980.0,253.57,12,2,2007,0
2007-12-19,台北二,SE6 青蔥 粉蔥 ,54.1,41.2,32.6,42.1,13.17,1020.0,-48.48,12,3,2007,0
2007-12-20,台北二,SE6 青蔥 粉蔥 ,64.0,46.6,41.3,49.0,16.39,1140.0,11.76,12,4,2007,0
2007-12-21,台北二,SE6 青蔥 粉蔥 ,51.8,43.8,38.0,44.3,-9.59,1460.0,28.07,12,5,2007,0
2007-12-22,台北二,SE6 青蔥 粉蔥 ,65.1,51.2,33.8,50.5,14.0,1460.0,0.0,12,6,2007,0
2007-12-23,台北二,SE6 青蔥 粉蔥 ,72.1,58.4,45.0,58.5,15.84,996.0,-31.78,12,7,2007,0
2007-12-24,台北二,SE6 青蔥 粉蔥 ,,,,,,,,12,1,2007,1
2007-12-25,台北二,SE6 青蔥 粉蔥 ,68.4,53.3,37.9,53.2,-9.06,1575.0,58.13,12,2,2007,0
2007-12-26,台北二,SE6 青蔥 粉蔥 ,58.4,48.5,35.7,47.9,-9.96,1460.0,-7.3,12,3,2007,0
2007-12-27,台北二,SE6 青蔥 粉蔥 ,70.3,51.8,34.3,52.0,8.56,1140.0,-21.92,12,4,2007,0
2007-12-28,台北二,SE6 青蔥 粉蔥 ,71.4,53.9,36.1,53.8,3.46,1070.0,-6.14,12,5,2007,0
2007-12-29,台北二,SE6 青蔥 粉蔥 ,71.1,52.4,29.8,51.7,-3.9,1688.0,57.76,12,6,2007,0
2007-12-30,台北二,SE6 青蔥 粉蔥 ,80.5,60.2,44.1,61.0,17.99,1705.0,1.01,12,7,2007,0
2007-12-31,台北二,SE6 青蔥 粉蔥 ,,,,,,,,12,1,2007,1
2008-01-01,台北二,SE6 青蔥 粉蔥 ,78.1,60.1,45.5,60.8,-0.33,1808.0,6.04,1,2,2008,0
2008-01-02,台北二,SE6 青蔥 粉蔥 ,69.6,50.1,30.5,50.1,-17.6,1675.0,-7.36,1,3,2008,0
2008-01-03,台北二,SE6 青蔥 粉蔥 ,70.9,52.7,38.1,53.4,6.59,1240.0,-25.97,1,4,2008,0
2008-01-04,台北二,SE6 青蔥 粉蔥 ,75.8,55.7,34.2,55.4,3.75,1470.0,18.55,1,5,2008,0
2008-01-05,台北二,SE6 青蔥 粉蔥 ,70.2,53.2,31.8,52.3,-5.6,1620.0,10.2,1,6,2008,0
2008-01-06,台北二,SE6 青蔥 粉蔥 ,61.6,44.0,28.6,44.4,-15.11,2480.0,53.09,1,7,2008,0
2008-01-07,台北二,SE6 青蔥 粉蔥 ,,,,,,,,1,1,2008,1
2008-01-08,台北二,SE6 青蔥 粉蔥 ,60.0,45.1,40.2,47.1,6.08,2040.0,-17.74,1,2,2008,0
2008-01-09,台北二,SE6 青蔥 粉蔥 ,55.2,40.2,20.0,39.1,-16.99,1864.0,-8.63,1,3,2008,0
2008-01-10,台北二,SE6 青蔥 粉蔥 ,62.1,39.8,30.5,42.4,8.44,1476.0,-20.82,1,4,2008,0
2008-01-11,台北二,SE6 青蔥 粉蔥 ,52.5,35.1,28.5,37.3,-12.03,2300.0,55.83,1,5,2008,0
2008-01-12,台北二,SE6 青蔥 粉蔥 ,53.1,35.4,27.9,37.5,0.54,2602.0,13.13,1,6,2008,0
2008-01-13,台北二,SE6 青蔥 粉蔥 ,53.5,43.1,34.8,43.5,16.0,1818.0,-30.13,1,7,2008,0
2008-01-14,台北二,SE6 青蔥 粉蔥 ,,,,,,,,1,1,2008,1
2008-01-15,台北二,SE6 青蔥 粉蔥 ,61.7,48.7,33.6,48.3,11.03,1465.0,-19.42,1,2,2008,0
2008-01-16,台北二,SE6 青蔥 粉蔥 ,63.3,46.0,37.7,47.8,-1.04,1580.0,7.85,1,3,2008,0
2008-01-17,台北二,SE6 青蔥 粉蔥 ,58.2,38.0,26.1,39.7,-16.95,2917.0,84.62,1,4,2008,0
2008-01-18,台北二,SE6 青蔥 粉蔥 ,68.8,47.9,40.1,50.5,27.2,2145.0,-26.47,1,5,2008,0
2008-01-19,台北二,SE6 青蔥 粉蔥 ,73.6,50.0,42.2,53.2,5.35,2280.0,6.29,1,6,2008,0
2008-01-20,台北二,SE6 青蔥 粉蔥 ,62.3,43.7,27.8,44.3,-16.73,4750.0,108.33,1,7,2008,0
2008-01-21,台北二,SE6 青蔥 粉蔥 ,,,,,,,,1,1,2008,1
2008-01-22,台北二,SE6 青蔥 粉蔥 ,61.6,43.2,25.9,43.4,-2.03,3997.0,-15.85,1,2,2008,0
2008-01-23,台北二,SE6 青蔥 粉蔥 ,54.1,39.0,23.9,39.0,-10.14,3232.0,-19.14,1,3,2008,0
2008-01-24,台北二,SE6 青蔥 粉蔥 ,39.6,24.8,11.6,25.1,-35.64,5041.0,55.97,1,4,2008,0
2008-01-25,台北二,SE6 青蔥 粉蔥 ,38.9,26.5,12.6,26.2,4.38,3982.0,-21.01,1,5,2008,0
2008-01-26,台北二,SE6 青蔥 粉蔥 ,38.4,30.7,25.0,31.1,18.7,3943.0,-0.98,1,6,2008,0
2008-01-27,台北二,SE6 青蔥 粉蔥 ,36.5,28.0,16.8,27.4,-11.9,3815.0,-3.25,1,7,2008,0
2008-01-28,台北二,SE6 青蔥 粉蔥 ,,,,,,,,1,1,2008,1
2008-01-29,台北二,SE6 青蔥 粉蔥 ,44.5,32.7,16.9,31.9,16.42,5451.0,42.88,1,2,2008,0
2008-01-30,台北二,SE6 青蔥 粉蔥 ,59.7,45.4,34.9,46.2,44.83,1864.0,-65.8,1,3,2008,0
2008-01-31,台北二,SE6 青蔥 粉蔥 ,66.0,39.7,19.9,41.0,-11.26,3440.0,84.55,1,4,2008,0
2008-02-01,台北二,SE6 青蔥 粉蔥 ,55.8,33.3,16.3,34.4,-16.1,6680.0,94.19,2,5,2008,0
2008-02-02,台北二,SE6 青蔥 粉蔥 ,52.5,39.8,22.2,38.8,12.79,7311.0,9.45,2,6,2008,0
2008-02-03,台北二,SE6 青蔥 粉蔥 ,48.4,33.5,17.3,33.2,-14.43,10387.0,42.07,2,7,2008,0
2008-02-04,台北二,SE6 青蔥 粉蔥 ,58.4,39.0,22.1,39.5,18.98,8377.0,-19.35,2,1,2008,0
2008-02-05,台北二,SE6 青蔥 粉蔥 ,51.7,35.9,22.8,36.5,-7.59,12323.0,47.11,2,2,2008,0
2008-02-06,台北二,SE6 青蔥 粉蔥 ,56.9,32.6,16.2,34.2,-6.3,4697.0,-61.88,2,3,2008,0
2008-02-07,台北二,SE6 青蔥 粉蔥 ,,,,,,,,2,4,2008,1
2008-02-08,台北二,SE6 青蔥 粉蔥 ,,,,,,,,2,5,2008,1
2008-02-09,台北二,SE6 青蔥 粉蔥 ,,,,,,,,2,6,2008,1
2008-02-10,台北二,SE6 青蔥 粉蔥 ,,,,,,,,2,7,2008,1
2008-02-11,台北二,SE6 青蔥 粉蔥 ,,,,,,,,2,1,2008,1
2008-02-12,台北二,SE6 青蔥 粉蔥 ,58.4,41.0,29.2,42.1,23.1,4190.0,-10.79,2,2,2008,0
2008-02-13,台北二,SE6 青蔥 粉蔥 ,54.1,46.0,41.5,46.7,10.93,1580.0,-62.29,2,3,2008,0
2008-02-14,台北二,SE6 青蔥 粉蔥 ,58.9,46.1,25.4,44.5,-4.71,4777.0,202.34,2,4,2008,0
2008-02-15,台北二,SE6 青蔥 粉蔥 ,48.4,36.2,19.3,35.2,-20.9,3727.0,-21.98,2,5,2008,0
2008-02-16,台北二,SE6 青蔥 粉蔥 ,38.1,26.4,14.6,26.4,-25.0,3267.0,-12.34,2,6,2008,0
2008-02-17,台北二,SE6 青蔥 粉蔥 ,43.6,37.2,23.2,35.7,35.23,4245.0,29.94,2,7,2008,0
2008-02-18,台北二,SE6 青蔥 粉蔥 ,,,,,,,,2,1,2008,1
2008-02-19,台北二,SE6 青蔥 粉蔥 ,50.4,39.8,27.1,39.4,10.36,2062.0,-51.43,2,2,2008,0
2008-02-20,台北二,SE6 青蔥 粉蔥 ,47.3,37.5,17.9,35.6,-9.64,3331.0,61.54,2,3,2008,0
2008-02-21,台北二,SE6 青蔥 粉蔥 ,50.8,38.3,24.0,38.0,6.74,4021.0,20.71,2,4,2008,0
2008-02-22,台北二,SE6 青蔥 粉蔥 ,,,,,,,,2,5,2008,1
2008-02-23,台北二,SE6 青蔥 粉蔥 ,,,,,,,,2,6,2008,1
2008-02-24,台北二,SE6 青蔥 粉蔥 ,45.2,31.7,10.9,30.2,-20.53,4311.0,7.21,2,7,2008,0
2008-02-25,台北二,SE6 青蔥 粉蔥 ,,,,,,,,2,1,2008,1
2008-02-26,台北二,SE6 青蔥 粉蔥 ,57.4,33.6,23.5,36.3,20.2,2832.0,-34.31,2,2,2008,0
2008-02-27,台北二,SE6 青蔥 粉蔥 ,53.3,41.0,27.0,40.7,12.12,5293.0,86.9,2,3,2008,0
2008-02-28,台北二,SE6 青蔥 粉蔥 ,49.7,35.7,24.9,36.4,-10.57,4922.0,-7.01,2,4,2008,0
2008-02-29,台北二,SE6 青蔥 粉蔥 ,49.8,38.5,24.6,38.0,4.4,4360.0,-11.42,2,5,2008,0
2008-03-01,台北二,SE6 青蔥 粉蔥 ,48.6,37.5,25.7,37.4,-1.58,5732.0,31.47,3,6,2008,0
2008-03-02,台北二,SE6 青蔥 粉蔥 ,41.9,34.3,24.9,33.9,-9.36,1117.0,-80.51,3,7,2008,0
2008-03-03,台北二,SE6 青蔥 粉蔥 ,,,,,,,,3,1,2008,1
2008-03-04,台北二,SE6 青蔥 粉蔥 ,47.1,39.5,31.7,39.5,16.52,3054.0,173.41,3,2,2008,0
2008-03-05,台北二,SE6 青蔥 粉蔥 ,45.7,39.0,27.3,38.0,-3.8,1372.0,-55.08,3,3,2008,0
2008-03-06,台北二,SE6 青蔥 粉蔥 ,45.0,36.0,29.0,36.4,-4.21,4172.0,204.08,3,4,2008,0
2008-03-07,台北二,SE6 青蔥 粉蔥 ,57.9,40.8,30.2,42.1,15.66,3842.0,-7.91,3,5,2008,0
2008-03-08,台北二,SE6 青蔥 粉蔥 ,56.7,38.8,27.3,40.1,-4.75,3605.0,-6.17,3,6,2008,0
2008-03-09,台北二,SE6 青蔥 粉蔥 ,55.2,43.5,34.4,44.0,9.73,5040.0,39.81,3,7,2008,0
2008-03-10,台北二,SE6 青蔥 粉蔥 ,,,,,,,,3,1,2008,1
2008-03-11,台北二,SE6 青蔥 粉蔥 ,51.0,44.5,33.7,43.6,-0.91,4636.0,-8.02,3,2,2008,0
2008-03-12,台北二,SE6 青蔥 粉蔥 ,48.9,40.4,27.7,39.5,-9.4,4455.0,-3.9,3,3,2008,0
2008-03-13,台北二,SE6 青蔥 粉蔥 ,47.4,35.0,25.3,35.5,-10.13,4460.0,0.11,3,4,2008,0
2008-03-14,台北二,SE6 青蔥 粉蔥 ,47.2,37.5,28.9,37.7,6.2,5357.0,20.11,3,5,2008,0
2008-03-15,台北二,SE6 青蔥 粉蔥 ,44.0,36.2,24.8,35.5,-5.84,4982.0,-7.0,3,6,2008,0
2008-03-16,台北二,SE6 青蔥 粉蔥 ,50.1,40.3,34.7,41.1,15.77,5352.0,7.43,3,7,2008,0
2008-03-17,台北二,SE6 青蔥 粉蔥 ,,,,,,,,3,1,2008,1
2008-03-18,台北二,SE6 青蔥 粉蔥 ,53.7,40.1,29.4,40.7,-0.97,3515.0,-34.32,3,2,2008,0
2008-03-19,台北二,SE6 青蔥 粉蔥 ,43.6,31.3,15.4,30.6,-24.82,5367.0,52.69,3,3,2008,0
2008-03-20,台北二,SE6 青蔥 粉蔥 ,52.1,42.8,31.3,42.4,38.56,4961.0,-7.56,3,4,2008,0
2008-03-21,台北二,SE6 青蔥 粉蔥 ,52.9,45.0,31.5,43.9,3.54,5881.0,18.54,3,5,2008,0
2008-03-22,台北二,SE6 青蔥 粉蔥 ,53.1,45.3,36.0,45.0,2.51,4961.0,-15.64,3,6,2008,0
2008-03-23,台北二,SE6 青蔥 粉蔥 ,54.7,45.5,31.3,44.5,-1.11,3835.0,-22.7,3,7,2008,0
2008-03-24,台北二,SE6 青蔥 粉蔥 ,,,,,,,,3,1,2008,1
2008-03-25,台北二,SE6 青蔥 粉蔥 ,52.1,45.4,34.7,44.6,0.22,4862.0,26.78,3,2,2008,0
2008-03-26,台北二,SE6 青蔥 粉蔥 ,49.3,43.8,32.6,42.7,-4.26,5027.0,3.39,3,3,2008,0
2008-03-27,台北二,SE6 青蔥 粉蔥 ,44.8,40.0,30.9,39.1,-8.43,3976.0,-20.91,3,4,2008,0
2008-03-28,台北二,SE6 青蔥 粉蔥 ,41.0,35.6,26.5,34.8,-11.0,5362.0,34.86,3,5,2008,0
2008-03-29,台北二,SE6 青蔥 粉蔥 ,46.5,34.3,21.9,34.3,-1.44,8193.0,52.8,3,6,2008,0
2008-03-30,台北二,SE6 青蔥 粉蔥 ,43.3,33.8,23.5,33.6,-2.04,7459.0,-8.96,3,7,2008,0
2008-03-31,台北二,SE6 青蔥 粉蔥 ,,,,,,,,3,1,2008,1
2008-04-01,台北二,SE6 青蔥 粉蔥 ,39.5,31.1,15.2,29.6,-11.9,6951.0,-6.81,4,2,2008,0
2008-04-02,台北二,SE6 青蔥 粉蔥 ,40.2,35.0,26.6,34.4,16.22,5926.0,-14.75,4,3,2008,0
2008-04-03,台北二,SE6 青蔥 粉蔥 ,57.1,49.7,32.7,47.8,38.95,7766.0,31.05,4,4,2008,0
2008-04-04,台北二,SE6 青蔥 粉蔥 ,,,,,,,,4,5,2008,1
2008-04-05,台北二,SE6 青蔥 粉蔥 ,,,,,,,,4,6,2008,1
2008-04-06,台北二,SE6 青蔥 粉蔥 ,50.5,42.7,32.4,42.2,-11.72,9227.0,18.81,4,7,2008,0
2008-04-07,台北二,SE6 青蔥 粉蔥 ,39.7,29.4,20.9,29.8,-29.38,7890.0,-14.49,4,1,2008,0
2008-04-08,台北二,SE6 青蔥 粉蔥 ,36.8,24.8,11.7,24.6,-17.45,7688.0,-2.56,4,2,2008,0
2008-04-09,台北二,SE6 青蔥 粉蔥 ,34.0,27.0,15.8,26.2,6.5,6616.0,-13.94,4,3,2008,0
2008-04-10,台北二,SE6 青蔥 粉蔥 ,31.4,25.8,15.3,24.8,-5.34,6171.0,-6.73,4,4,2008,0
2008-04-11,台北二,SE6 青蔥 粉蔥 ,31.1,26.0,13.9,24.6,-0.81,6650.0,7.76,4,5,2008,0
2008-04-12,台北二,SE6 青蔥 粉蔥 ,33.9,26.5,16.0,25.9,5.28,7433.0,11.77,4,6,2008,0
2008-04-13,台北二,SE6 青蔥 粉蔥 ,35.6,25.5,15.2,25.4,-1.93,8297.0,11.62,4,7,2008,0
2008-04-14,台北二,SE6 青蔥 粉蔥 ,,,,,,,,4,1,2008,1
2008-04-15,台北二,SE6 青蔥 粉蔥 ,37.2,27.6,18.1,27.6,8.66,7473.0,-9.93,4,2,2008,0
2008-04-16,台北二,SE6 青蔥 粉蔥 ,32.4,26.4,19.4,26.2,-5.07,7140.0,-4.46,4,3,2008,0
2008-04-17,台北二,SE6 青蔥 粉蔥 ,31.2,21.8,14.7,22.3,-14.89,7947.0,11.3,4,4,2008,0
2008-04-18,台北二,SE6 青蔥 粉蔥 ,27.9,20.6,13.1,20.6,-7.62,8421.0,5.96,4,5,2008,0
2008-04-19,台北二,SE6 青蔥 粉蔥 ,31.8,24.6,17.2,24.5,18.93,6952.0,-17.44,4,6,2008,0
2008-04-20,台北二,SE6 青蔥 粉蔥 ,29.2,23.7,15.0,23.0,-6.12,8351.0,20.12,4,7,2008,0
2008-04-21,台北二,SE6 青蔥 粉蔥 ,,,,,,,,4,1,2008,1
2008-04-22,台北二,SE6 青蔥 粉蔥 ,32.9,27.0,16.7,26.1,13.48,6067.0,-27.35,4,2,2008,0
2008-04-23,台北二,SE6 青蔥 粉蔥 ,30.7,24.6,17.6,24.4,-6.51,6680.0,10.1,4,3,2008,0
2008-04-24,台北二,SE6 青蔥 粉蔥 ,30.5,23.1,12.5,22.5,-7.79,6980.0,4.49,4,4,2008,0
2008-04-25,台北二,SE6 青蔥 粉蔥 ,28.0,21.7,14.9,21.6,-4.0,7113.0,1.91,4,5,2008,0
2008-04-26,台北二,SE6 青蔥 粉蔥 ,32.5,26.0,19.8,26.0,20.37,6785.0,-4.61,4,6,2008,0
2008-04-27,台北二,SE6 青蔥 粉蔥 ,32.5,27.1,20.4,26.9,3.46,7098.0,4.61,4,7,2008,0
2008-04-28,台北二,SE6 青蔥 粉蔥 ,,,,,,,,4,1,2008,1
2008-04-29,台北二,SE6 青蔥 粉蔥 ,37.8,31.7,24.9,31.6,17.47,6281.0,-11.51,4,2,2008,0
2008-04-30,台北二,SE6 青蔥 粉蔥 ,33.6,27.9,21.0,27.7,-12.34,6983.0,11.18,4,3,2008,0
2008-05-01,台北二,SE6 青蔥 粉蔥 ,35.4,26.7,16.1,26.3,-5.05,7850.0,12.42,5,4,2008,0
2008-05-02,台北二,SE6 青蔥 粉蔥 ,29.8,21.9,14.2,21.9,-16.73,5719.0,-27.15,5,5,2008,0
2008-05-03,台北二,SE6 青蔥 粉蔥 ,34.8,26.2,14.5,25.6,16.89,7475.0,30.7,5,6,2008,0
2008-05-04,台北二,SE6 青蔥 粉蔥 ,31.7,22.1,10.4,21.7,-15.23,9043.0,20.98,5,7,2008,0
2008-05-05,台北二,SE6 青蔥 粉蔥 ,,,,,,,,5,1,2008,1
2008-05-06,台北二,SE6 青蔥 粉蔥 ,30.1,25.5,16.5,24.6,13.36,6907.0,-23.62,5,2,2008,0
2008-05-07,台北二,SE6 青蔥 粉蔥 ,30.5,24.1,14.0,23.4,-4.88,7061.0,2.23,5,3,2008,0
2008-05-08,台北二,SE6 青蔥 粉蔥 ,27.5,21.1,11.9,20.6,-11.97,7520.0,6.5,5,4,2008,0
2008-05-09,台北二,SE6 青蔥 粉蔥 ,27.4,21.9,15.6,21.7,5.34,7418.0,-1.36,5,5,2008,0
2008-05-10,台北二,SE6 青蔥 粉蔥 ,31.4,24.7,18.1,24.7,13.82,6442.0,-13.16,5,6,2008,0
2008-05-11,台北二,SE6 青蔥 粉蔥 ,36.3,29.2,21.9,29.1,17.81,5686.0,-11.74,5,7,2008,0
2008-05-12,台北二,SE6 青蔥 粉蔥 ,,,,,,,,5,1,2008,1
2008-05-13,台北二,SE6 青蔥 粉蔥 ,39.3,35.2,27.4,34.5,18.56,5788.0,1.79,5,2,2008,0
2008-05-14,台北二,SE6 青蔥 粉蔥 ,34.9,30.3,22.1,29.6,-14.2,7296.0,26.05,5,3,2008,0
2008-05-15,台北二,SE6 青蔥 粉蔥 ,31.4,23.5,15.4,23.5,-20.61,8036.0,10.14,5,4,2008,0
2008-05-16,台北二,SE6 青蔥 粉蔥 ,39.6,31.4,16.5,30.1,28.09,4538.0,-43.53,5,5,2008,0
2008-05-17,台北二,SE6 青蔥 粉蔥 ,40.4,32.9,21.7,32.2,6.98,5925.0,30.56,5,6,2008,0
2008-05-18,台北二,SE6 青蔥 粉蔥 ,39.2,32.1,25.4,32.2,0.0,6523.0,10.09,5,7,2008,0
2008-05-19,台北二,SE6 青蔥 粉蔥 ,,,,,,,,5,1,2008,1
2008-05-20,台北二,SE6 青蔥 粉蔥 ,40.9,30.6,20.3,30.6,-4.97,7876.0,20.74,5,2,2008,0
2008-05-21,台北二,SE6 青蔥 粉蔥 ,33.7,23.0,14.6,23.4,-23.53,7119.0,-9.61,5,3,2008,0
2008-05-22,台北二,SE6 青蔥 粉蔥 ,31.8,20.1,10.1,20.4,-12.82,7862.0,10.44,5,4,2008,0
2008-05-23,台北二,SE6 青蔥 粉蔥 ,33.1,25.2,15.3,24.8,21.57,5040.0,-35.89,5,5,2008,0
2008-05-24,台北二,SE6 青蔥 粉蔥 ,30.2,22.5,12.7,22.1,-10.89,7879.0,56.33,5,6,2008,0
2008-05-25,台北二,SE6 青蔥 粉蔥 ,28.3,20.1,10.6,19.9,-9.95,7323.0,-7.06,5,7,2008,0
2008-05-26,台北二,SE6 青蔥 粉蔥 ,,,,,,,,5,1,2008,1
2008-05-27,台北二,SE6 青蔥 粉蔥 ,31.4,22.3,14.7,22.6,13.57,6121.0,-16.41,5,2,2008,0
2008-05-28,台北二,SE6 青蔥 粉蔥 ,33.3,25.8,16.9,25.5,12.83,4939.0,-19.31,5,3,2008,0
2008-05-29,台北二,SE6 青蔥 粉蔥 ,29.9,20.1,12.6,20.6,-19.22,7337.0,48.55,5,4,2008,0
2008-05-30,台北二,SE6 青蔥 粉蔥 ,30.2,18.0,7.2,18.3,-11.17,7355.0,0.25,5,5,2008,0
2008-05-31,台北二,SE6 青蔥 粉蔥 ,26.2,17.3,10.1,17.6,-3.83,8058.0,9.56,5,6,2008,0
2008-06-01,台北二,SE6 青蔥 粉蔥 ,27.9,16.8,11.7,18.0,2.27,7688.0,-4.59,6,7,2008,0
2008-06-02,台北二,SE6 青蔥 粉蔥 ,,,,,,,,6,1,2008,1
2008-06-03,台北二,SE6 青蔥 粉蔥 ,36.2,27.6,18.2,27.5,52.78,5532.0,-28.04,6,2,2008,0
2008-06-04,台北二,SE6 青蔥 粉蔥 ,41.2,34.0,24.8,33.6,22.18,6783.0,22.61,6,3,2008,0
2008-06-05,台北二,SE6 青蔥 粉蔥 ,36.6,29.3,19.9,28.9,-13.99,6921.0,2.03,6,4,2008,0
2008-06-06,台北二,SE6 青蔥 粉蔥 ,32.8,23.0,11.3,22.6,-21.8,6303.0,-8.93,6,5,2008,0
2008-06-07,台北二,SE6 青蔥 粉蔥 ,30.0,22.1,10.9,21.4,-5.31,7368.0,16.9,6,6,2008,0
2008-06-08,台北二,SE6 青蔥 粉蔥 ,34.0,24.9,12.6,24.3,13.55,7345.0,-0.31,6,7,2008,0
2008-06-09,台北二,SE6 青蔥 粉蔥 ,,,,,,,,6,1,2008,1
2008-06-10,台北二,SE6 青蔥 粉蔥 ,,,,,,,,6,2,2008,1
2008-06-11,台北二,SE6 青蔥 粉蔥 ,32.5,22.8,11.8,22.5,-7.41,6784.0,-7.64,6,3,2008,0
2008-06-12,台北二,SE6 青蔥 粉蔥 ,25.7,17.6,9.8,17.6,-21.78,6841.0,0.84,6,4,2008,0
2008-06-13,台北二,SE6 青蔥 粉蔥 ,29.1,22.2,16.0,22.3,26.7,5084.0,-25.68,6,5,2008,0
2008-06-14,台北二,SE6 青蔥 粉蔥 ,27.2,22.7,14.1,21.9,-1.79,5502.0,8.22,6,6,2008,0
2008-06-15,台北二,SE6 青蔥 粉蔥 ,32.1,24.0,15.4,23.9,9.13,5002.0,-9.09,6,7,2008,0
2008-06-16,台北二,SE6 青蔥 粉蔥 ,,,,,,,,6,1,2008,1
2008-06-17,台北二,SE6 青蔥 粉蔥 ,32.2,23.4,15.1,23.5,-1.67,6215.0,24.25,6,2,2008,0
2008-06-18,台北二,SE6 青蔥 粉蔥 ,26.0,19.0,14.0,19.4,-17.45,5343.0,-14.03,6,3,2008,0
2008-06-19,台北二,SE6 青蔥 粉蔥 ,21.2,15.1,10.3,15.4,-20.62,7745.0,44.96,6,4,2008,0
2008-06-20,台北二,SE6 青蔥 粉蔥 ,22.3,14.5,8.3,14.9,-3.25,6113.0,-21.07,6,5,2008,0
2008-06-21,台北二,SE6 青蔥 粉蔥 ,24.0,18.9,11.4,18.4,23.49,3946.0,-35.45,6,6,2008,0
2008-06-22,台北二,SE6 青蔥 粉蔥 ,32.4,26.5,20.2,26.5,44.02,3340.0,-15.36,6,7,2008,0
2008-06-23,台北二,SE6 青蔥 粉蔥 ,,,,,,,,6,1,2008,1
2008-06-24,台北二,SE6 青蔥 粉蔥 ,40.5,32.3,26.3,32.8,23.77,3379.0,1.17,6,2,2008,0
2008-06-25,台北二,SE6 青蔥 粉蔥 ,35.6,23.7,17.3,24.8,-24.39,4402.0,30.28,6,3,2008,0
2008-06-26,台北二,SE6 青蔥 粉蔥 ,28.6,19.0,11.2,19.4,-21.77,3989.0,-9.38,6,4,2008,0
2008-06-27,台北二,SE6 青蔥 粉蔥 ,27.0,17.5,8.1,17.5,-9.79,3520.0,-11.76,6,5,2008,0
2008-06-28,台北二,SE6 青蔥 粉蔥 ,23.2,17.8,7.8,16.9,-3.43,3076.0,-12.61,6,6,2008,0
2008-06-29,台北二,SE6 青蔥 粉蔥 ,24.8,15.2,8.5,15.8,-6.51,3250.0,5.66,6,7,2008,0
2008-06-30,台北二,SE6 青蔥 粉蔥 ,,,,,,,,6,1,2008,1
2008-07-01,台北二,SE6 青蔥 粉蔥 ,24.9,18.9,13.7,19.1,20.89,2459.0,-24.34,7,2,2008,0
2008-07-02,台北二,SE6 青蔥 粉蔥 ,27.1,22.8,15.6,22.2,16.23,2499.0,1.63,7,3,2008,0
2008-07-03,台北二,SE6 青蔥 粉蔥 ,26.4,17.9,11.6,18.4,-17.12,3207.0,28.33,7,4,2008,0
2008-07-04,台北二,SE6 青蔥 粉蔥 ,27.6,18.6,11.9,19.1,3.8,2751.0,-14.22,7,5,2008,0
2008-07-05,台北二,SE6 青蔥 粉蔥 ,25.7,18.9,11.4,18.8,-1.57,2510.0,-8.76,7,6,2008,0
2008-07-06,台北二,SE6 青蔥 粉蔥 ,27.3,18.5,13.1,19.2,2.13,3536.0,40.88,7,7,2008,0
2008-07-07,台北二,SE6 青蔥 粉蔥 ,,,,,,,,7,1,2008,1
2008-07-08,台北二,SE6 青蔥 粉蔥 ,25.9,18.4,12.4,18.7,-2.6,1912.0,-45.93,7,2,2008,0
2008-07-09,台北二,SE6 青蔥 粉蔥 ,22.8,15.4,11.1,16.0,-14.44,2332.0,21.97,7,3,2008,0
2008-07-10,台北二,SE6 青蔥 粉蔥 ,19.3,12.3,8.3,12.9,-19.37,2080.0,-10.81,7,4,2008,0
2008-07-11,台北二,SE6 青蔥 粉蔥 ,20.0,11.3,7.9,12.3,-4.65,1250.0,-39.9,7,5,2008,0
2008-07-12,台北二,SE6 青蔥 粉蔥 ,30.1,15.0,10.7,17.2,39.84,811.0,-35.12,7,6,2008,0
2008-07-13,台北二,SE6 青蔥 粉蔥 ,30.4,20.9,14.8,21.6,25.58,1909.0,135.39,7,7,2008,0
2008-07-14,台北二,SE6 青蔥 粉蔥 ,,,,,,,,7,1,2008,1
2008-07-15,台北二,SE6 青蔥 粉蔥 ,30.3,20.9,11.6,20.9,-3.24,1744.0,-8.64,7,2,2008,0
2008-07-16,台北二,SE6 青蔥 粉蔥 ,32.8,26.0,16.1,25.4,21.53,1768.0,1.38,7,3,2008,0
2008-07-17,台北二,SE6 青蔥 粉蔥 ,39.6,31.6,19.2,30.7,20.87,3326.0,88.12,7,4,2008,0
2008-07-18,台北二,SE6 青蔥 粉蔥 ,34.9,22.4,11.4,22.7,-26.06,3179.0,-4.42,7,5,2008,0
2008-07-19,台北二,SE6 青蔥 粉蔥 ,41.2,34.9,25.2,34.2,50.66,1298.0,-59.17,7,6,2008,0
2008-07-20,台北二,SE6 青蔥 粉蔥 ,31.2,19.8,10.1,20.1,-41.23,2843.0,119.03,7,7,2008,0
2008-07-21,台北二,SE6 青蔥 粉蔥 ,,,,,,,,7,1,2008,1
2008-07-22,台北二,SE6 青蔥 粉蔥 ,27.2,13.5,5.3,14.6,-27.36,2450.0,-13.82,7,2,2008,0
2008-07-23,台北二,SE6 青蔥 粉蔥 ,27.9,7.5,2.4,10.6,-27.4,1295.0,-47.14,7,3,2008,0
2008-07-24,台北二,SE6 青蔥 粉蔥 ,27.7,9.6,4.6,12.2,15.09,1247.0,-3.71,7,4,2008,0
2008-07-25,台北二,SE6 青蔥 粉蔥 ,30.7,14.6,4.8,15.9,30.33,963.0,-22.77,7,5,2008,0
2008-07-26,台北二,SE6 青蔥 粉蔥 ,35.6,21.9,7.9,21.8,37.11,1376.0,42.89,7,6,2008,0
2008-07-27,台北二,SE6 青蔥 粉蔥 ,58.8,44.2,12.5,40.8,87.16,822.0,-40.26,7,7,2008,0
2008-07-28,台北二,SE6 青蔥 粉蔥 ,,,,,,,,7,1,2008,1
2008-07-29,台北二,SE6 青蔥 粉蔥 ,64.1,46.4,20.5,44.8,9.8,1009.0,22.75,7,2,2008,0
2008-07-30,台北二,SE6 青蔥 粉蔥 ,36.8,26.9,14.2,26.3,-41.29,925.0,-8.33,7,3,2008,0
2008-07-31,台北二,SE6 青蔥 粉蔥 ,39.2,22.0,9.1,22.9,-12.93,1104.0,19.35,7,4,2008,0
2008-08-01,台北二,SE6 青蔥 粉蔥 ,27.1,14.4,7.0,15.4,-32.75,1213.0,9.87,8,5,2008,0
2008-08-02,台北二,SE6 青蔥 粉蔥 ,31.8,18.8,4.2,18.5,20.13,691.0,-43.03,8,6,2008,0
2008-08-03,台北二,SE6 青蔥 粉蔥 ,29.6,18.0,5.8,17.9,-3.24,426.0,-38.35,8,7,2008,0
2008-08-04,台北二,SE6 青蔥 粉蔥 ,,,,,,,,8,1,2008,1
2008-08-05,台北二,SE6 青蔥 粉蔥 ,48.4,29.9,24.0,32.4,81.01,466.0,9.39,8,2,2008,0
2008-08-06,台北二,SE6 青蔥 粉蔥 ,54.6,34.1,17.4,34.9,7.72,624.0,33.91,8,3,2008,0
2008-08-07,台北二,SE6 青蔥 粉蔥 ,39.3,31.3,30.0,32.6,-6.59,324.0,-48.08,8,4,2008,0
2008-08-08,台北二,SE6 青蔥 粉蔥 ,49.6,36.6,28.0,37.5,15.03,358.0,10.49,8,5,2008,0
2008-08-09,台北二,SE6 青蔥 粉蔥 ,44.9,34.8,8.2,31.5,-16.0,783.0,118.72,8,6,2008,0
2008-08-10,台北二,SE6 青蔥 粉蔥 ,41.9,33.1,27.0,33.6,6.67,682.0,-12.9,8,7,2008,0
2008-08-11,台北二,SE6 青蔥 粉蔥 ,,,,,,,,8,1,2008,1
2008-08-12,台北二,SE6 青蔥 粉蔥 ,37.1,30.9,25.0,30.9,-8.04,468.0,-31.38,8,2,2008,0
2008-08-13,台北二,SE6 青蔥 粉蔥 ,34.0,26.8,15.7,26.0,-15.86,557.0,19.02,8,3,2008,0
2008-08-14,台北二,SE6 青蔥 粉蔥 ,45.0,28.6,17.1,29.6,13.85,359.0,-35.55,8,4,2008,0
2008-08-15,台北二,SE6 青蔥 粉蔥 ,47.6,34.2,25.2,35.1,18.58,356.0,-0.84,8,5,2008,0
2008-08-16,台北二,SE6 青蔥 粉蔥 ,55.0,52.4,43.0,51.1,45.58,325.0,-8.71,8,6,2008,0
2008-08-17,台北二,SE6 青蔥 粉蔥 ,75.4,57.5,33.0,56.2,9.98,273.0,-16.0,8,7,2008,0
2008-08-18,台北二,SE6 青蔥 粉蔥 ,,,,,,,,8,1,2008,1
2008-08-19,台北二,SE6 青蔥 粉蔥 ,,,,,,,,8,2,2008,1
2008-08-20,台北二,SE6 青蔥 粉蔥 ,65.6,50.5,39.6,51.4,-8.54,630.0,130.77,8,3,2008,0
2008-08-21,台北二,SE6 青蔥 粉蔥 ,35.7,24.2,12.8,24.2,-52.92,1467.0,132.86,8,4,2008,0
2008-08-22,台北二,SE6 青蔥 粉蔥 ,37.4,27.4,15.2,26.9,11.16,648.0,-55.83,8,5,2008,0
2008-08-23,台北二,SE6 青蔥 粉蔥 ,35.0,28.6,21.1,28.4,5.58,495.0,-23.61,8,6,2008,0
2008-08-24,台北二,SE6 青蔥 粉蔥 ,26.5,25.0,21.1,24.5,-13.73,618.0,24.85,8,7,2008,0
2008-08-25,台北二,SE6 青蔥 粉蔥 ,,,,,,,,8,1,2008,1
2008-08-26,台北二,SE6 青蔥 粉蔥 ,49.8,34.9,20.6,35.0,42.86,832.0,34.63,8,2,2008,0
2008-08-27,台北二,SE6 青蔥 粉蔥 ,40.0,28.9,17.8,28.9,-17.43,818.0,-1.68,8,3,2008,0
2008-08-28,台北二,SE6 青蔥 粉蔥 ,45.0,32.4,20.3,32.5,12.46,412.0,-49.63,8,4,2008,0
2008-08-29,台北二,SE6 青蔥 粉蔥 ,42.0,35.0,18.6,33.1,1.85,361.0,-12.38,8,5,2008,0
2008-08-30,台北二,SE6 青蔥 粉蔥 ,56.0,36.9,16.5,36.6,10.57,507.0,40.44,8,6,2008,0
2008-08-31,台北二,SE6 青蔥 粉蔥 ,67.0,50.4,24.9,48.7,33.06,779.0,53.65,8,7,2008,0
2008-09-01,台北二,SE6 青蔥 粉蔥 ,,,,,,,,9,1,2008,1
2008-09-02,台北二,SE6 青蔥 粉蔥 ,59.1,40.1,24.1,40.7,-16.43,998.0,28.11,9,2,2008,0
2008-09-03,台北二,SE6 青蔥 粉蔥 ,55.0,46.9,33.9,45.9,12.78,642.0,-35.67,9,3,2008,0
2008-09-04,台北二,SE6 青蔥 粉蔥 ,54.1,41.5,30.9,41.9,-8.71,1677.0,161.21,9,4,2008,0
2008-09-05,台北二,SE6 青蔥 粉蔥 ,55.2,37.0,23.9,38.0,-9.31,1350.0,-19.5,9,5,2008,0
2008-09-06,台北二,SE6 青蔥 粉蔥 ,50.6,37.8,28.8,38.6,1.58,1296.0,-4.0,9,6,2008,0
2008-09-07,台北二,SE6 青蔥 粉蔥 ,39.8,30.3,22.3,30.6,-20.73,2553.0,96.99,9,7,2008,0
2008-09-08,台北二,SE6 青蔥 粉蔥 ,,,,,,,,9,1,2008,1
2008-09-09,台北二,SE6 青蔥 粉蔥 ,41.8,30.3,19.0,30.3,-0.98,1717.0,-32.75,9,2,2008,0
2008-09-10,台北二,SE6 青蔥 粉蔥 ,49.2,30.2,20.6,32.1,5.94,1248.0,-27.32,9,3,2008,0
2008-09-11,台北二,SE6 青蔥 粉蔥 ,57.8,41.0,26.3,41.5,29.28,1900.0,52.24,9,4,2008,0
2008-09-12,台北二,SE6 青蔥 粉蔥 ,59.9,35.8,20.9,37.7,-9.16,1435.0,-24.47,9,5,2008,0
2008-09-13,台北二,SE6 青蔥 粉蔥 ,49.8,30.8,17.1,31.8,-15.65,1131.0,-21.18,9,6,2008,0
2008-09-14,台北二,SE6 青蔥 粉蔥 ,38.8,27.7,17.4,27.9,-12.26,1800.0,59.15,9,7,2008,0
2008-09-15,台北二,SE6 青蔥 粉蔥 ,,,,,,,,9,1,2008,1
2008-09-16,台北二,SE6 青蔥 粉蔥 ,,,,,,,,9,2,2008,1
2008-09-17,台北二,SE6 青蔥 粉蔥 ,50.2,38.2,28.9,38.7,38.71,1164.0,-35.33,9,3,2008,0
2008-09-18,台北二,SE6 青蔥 粉蔥 ,65.0,40.1,20.6,41.2,6.46,921.0,-20.88,9,4,2008,0
2008-09-19,台北二,SE6 青蔥 粉蔥 ,83.8,55.2,40.3,57.9,40.53,1423.0,54.51,9,5,2008,0
2008-09-20,台北二,SE6 青蔥 粉蔥 ,95.9,69.5,46.9,70.3,21.42,687.0,-51.72,9,6,2008,0
2008-09-21,台北二,SE6 青蔥 粉蔥 ,100.0,85.8,54.6,82.4,17.21,680.0,-1.02,9,7,2008,0
2008-09-22,台北二,SE6 青蔥 粉蔥 ,,,,,,,,9,1,2008,1
2008-09-23,台北二,SE6 青蔥 粉蔥 ,104.3,77.9,44.8,76.6,-7.04,1642.0,141.47,9,2,2008,0
2008-09-24,台北二,SE6 青蔥 粉蔥 ,77.6,44.1,29.9,48.0,-37.34,3119.0,89.95,9,3,2008,0
2008-09-25,台北二,SE6 青蔥 粉蔥 ,58.7,35.7,23.5,37.8,-21.25,1453.0,-53.41,9,4,2008,0
2008-09-26,台北二,SE6 青蔥 粉蔥 ,84.2,58.5,43.5,60.7,60.58,535.0,-63.18,9,5,2008,0
2008-09-27,台北二,SE6 青蔥 粉蔥 ,107.5,68.8,42.5,71.3,17.46,659.0,23.18,9,6,2008,0
2008-09-28,台北二,SE6 青蔥 粉蔥 ,130.8,69.4,37.2,75.2,5.47,1160.0,76.02,9,7,2008,0
2008-09-29,台北二,SE6 青蔥 粉蔥 ,,,,,,,,9,1,2008,1
2008-09-30,台北二,SE6 青蔥 粉蔥 ,68.7,49.0,32.3,49.6,-34.04,2246.0,93.62,9,2,2008,0
2008-10-01,台北二,SE6 青蔥 粉蔥 ,50.0,50.0,50.0,50.0,0.81,30.0,-98.66,10,3,2008,0
2008-10-02,台北二,SE6 青蔥 粉蔥 ,52.0,42.0,25.0,40.6,-18.8,232.0,673.33,10,4,2008,0
2008-10-03,台北二,SE6 青蔥 粉蔥 ,130.0,76.3,55.0,82.8,103.94,100.0,-56.9,10,5,2008,0
2008-10-04,台北二,SE6 青蔥 粉蔥 ,134.2,82.3,49.4,86.1,3.99,358.0,258.0,10,6,2008,0
2008-10-05,台北二,SE6 青蔥 粉蔥 ,163.0,103.8,49.6,104.8,21.72,997.0,178.49,10,7,2008,0
2008-10-06,台北二,SE6 青蔥 粉蔥 ,,,,,,,,10,1,2008,1
2008-10-07,台北二,SE6 青蔥 粉蔥 ,210.2,132.2,60.3,133.4,27.29,1160.0,16.35,10,2,2008,0
2008-10-08,台北二,SE6 青蔥 粉蔥 ,178.0,120.4,96.1,127.0,-4.8,895.0,-22.84,10,3,2008,0
2008-10-09,台北二,SE6 青蔥 粉蔥 ,215.9,103.8,78.0,121.0,-4.72,853.0,-4.69,10,4,2008,0
2008-10-10,台北二,SE6 青蔥 粉蔥 ,191.9,72.4,28.0,87.4,-27.77,940.0,10.2,10,5,2008,0
2008-10-11,台北二,SE6 青蔥 粉蔥 ,150.9,56.4,23.7,68.8,-21.28,969.0,3.09,10,6,2008,0
2008-10-12,台北二,SE6 青蔥 粉蔥 ,160.0,93.6,31.9,94.5,37.35,522.0,-46.13,10,7,2008,0
2008-10-13,台北二,SE6 青蔥 粉蔥 ,,,,,,,,10,1,2008,1
2008-10-14,台北二,SE6 青蔥 粉蔥 ,140.1,106.4,67.1,105.3,11.43,1303.0,149.62,10,2,2008,0
2008-10-15,台北二,SE6 青蔥 粉蔥 ,118.4,86.5,52.7,86.1,-18.23,1421.0,9.06,10,3,2008,0
2008-10-16,台北二,SE6 青蔥 粉蔥 ,130.1,80.4,47.0,83.7,-2.79,997.0,-29.84,10,4,2008,0
2008-10-17,台北二,SE6 青蔥 粉蔥 ,190.9,112.0,44.9,114.4,36.68,978.0,-1.91,10,5,2008,0
2008-10-18,台北二,SE6 青蔥 粉蔥 ,201.7,107.6,61.6,117.2,2.45,646.0,-33.95,10,6,2008,0
2008-10-19,台北二,SE6 青蔥 粉蔥 ,187.3,105.2,65.8,113.7,-2.99,1157.0,79.1,10,7,2008,0
2008-10-20,台北二,SE6 青蔥 粉蔥 ,,,,,,,,10,1,2008,1
2008-10-21,台北二,SE6 青蔥 粉蔥 ,169.5,97.8,35.0,99.6,-12.4,895.0,-22.64,10,2,2008,0
2008-10-22,台北二,SE6 青蔥 粉蔥 ,171.7,76.3,33.8,86.9,-12.75,1200.0,34.08,10,3,2008,0
2008-10-23,台北二,SE6 青蔥 粉蔥 ,128.7,75.7,32.5,77.7,-10.59,1792.0,49.33,10,4,2008,0
2008-10-24,台北二,SE6 青蔥 粉蔥 ,140.6,76.3,42.5,82.4,6.05,1272.0,-29.02,10,5,2008,0
2008-10-25,台北二,SE6 青蔥 粉蔥 ,162.3,104.6,59.0,107.0,29.85,1316.0,3.46,10,6,2008,0
2008-10-26,台北二,SE6 青蔥 粉蔥 ,164.8,98.1,51.4,102.1,-4.58,2257.0,71.5,10,7,2008,0
2008-10-27,台北二,SE6 青蔥 粉蔥 ,,,,,,,,10,1,2008,1
2008-10-28,台北二,SE6 青蔥 粉蔥 ,143.2,86.4,59.8,92.4,-9.5,2295.0,1.68,10,2,2008,0
2008-10-29,台北二,SE6 青蔥 粉蔥 ,158.9,77.0,57.2,89.4,-3.25,1821.0,-20.65,10,3,2008,0
2008-10-30,台北二,SE6 青蔥 粉蔥 ,174.6,91.8,51.8,100.4,12.3,976.0,-46.4,10,4,2008,0
2008-10-31,台北二,SE6 青蔥 粉蔥 ,152.0,75.4,51.5,86.0,-14.34,2026.0,107.58,10,5,2008,0
2008-11-01,台北二,SE6 青蔥 粉蔥 ,200.0,193.3,125.3,181.0,110.47,314.0,-84.5,11,6,2008,0
2008-11-02,台北二,SE6 青蔥 粉蔥 ,147.1,74.6,58.9,86.0,-52.49,2624.0,735.67,11,7,2008,0
2008-11-03,台北二,SE6 青蔥 粉蔥 ,,,,,,,,11,1,2008,1
2008-11-04,台北二,SE6 青蔥 粉蔥 ,100.0,65.5,59.0,71.1,-17.33,2670.0,1.75,11,2,2008,0
2008-11-05,台北二,SE6 青蔥 粉蔥 ,104.7,61.3,26.6,63.0,-11.39,2612.0,-2.17,11,3,2008,0
2008-11-06,台北二,SE6 青蔥 粉蔥 ,102.9,58.9,50.3,66.0,4.76,2690.0,2.99,11,4,2008,0
2008-11-07,台北二,SE6 青蔥 粉蔥 ,94.5,56.0,40.3,60.6,-8.18,2930.0,8.92,11,5,2008,0
2008-11-08,台北二,SE6 青蔥 粉蔥 ,93.7,58.8,51.3,64.3,6.11,2751.0,-6.11,11,6,2008,0
2008-11-09,台北二,SE6 青蔥 粉蔥 ,94.9,61.1,48.8,65.4,1.71,2630.0,-4.4,11,7,2008,0
2008-11-10,台北二,SE6 青蔥 粉蔥 ,,,,,,,,11,1,2008,1
2008-11-11,台北二,SE6 青蔥 粉蔥 ,109.1,85.1,53.4,83.5,27.68,2485.0,-5.51,11,2,2008,0
2008-11-12,台北二,SE6 青蔥 粉蔥 ,105.0,84.8,67.2,85.4,2.28,2750.0,10.66,11,3,2008,0
2008-11-13,台北二,SE6 青蔥 粉蔥 ,108.0,73.6,54.5,76.6,-10.3,2826.0,2.76,11,4,2008,0
2008-11-14,台北二,SE6 青蔥 粉蔥 ,109.5,77.3,64.2,81.1,5.87,2160.0,-23.57,11,5,2008,0
2008-11-15,台北二,SE6 青蔥 粉蔥 ,115.4,79.8,66.7,84.3,3.95,1982.0,-8.24,11,6,2008,0
2008-11-16,台北二,SE6 青蔥 粉蔥 ,102.6,90.1,74.8,89.6,6.29,1708.0,-13.82,11,7,2008,0
2008-11-17,台北二,SE6 青蔥 粉蔥 ,,,,,,,,11,1,2008,1
2008-11-18,台北二,SE6 青蔥 粉蔥 ,104.8,87.2,64.4,86.2,-3.79,2550.0,49.3,11,2,2008,0
2008-11-19,台北二,SE6 青蔥 粉蔥 ,95.6,65.2,47.2,67.7,-21.46,2638.0,3.45,11,3,2008,0
2008-11-20,台北二,SE6 青蔥 粉蔥 ,123.4,70.0,55.9,77.8,14.92,872.0,-66.94,11,4,2008,0
2008-11-21,台北二,SE6 青蔥 粉蔥 ,129.0,82.0,62.2,87.4,12.34,978.0,12.16,11,5,2008,0
2008-11-22,台北二,SE6 青蔥 粉蔥 ,118.6,103.3,79.4,101.6,16.25,1038.0,6.13,11,6,2008,0
2008-11-23,台北二,SE6 青蔥 粉蔥 ,101.7,91.8,68.7,89.2,-12.2,1792.0,72.64,11,7,2008,0
2008-11-24,台北二,SE6 青蔥 粉蔥 ,,,,,,,,11,1,2008,1
2008-11-25,台北二,SE6 青蔥 粉蔥 ,93.0,75.0,54.0,74.4,-16.59,2884.0,60.94,11,2,2008,0
2008-11-26,台北二,SE6 青蔥 粉蔥 ,78.8,55.7,43.6,57.9,-22.18,1750.0,-39.32,11,3,2008,0
2008-11-27,台北二,SE6 青蔥 粉蔥 ,85.2,73.3,60.7,73.1,26.25,1040.0,-40.57,11,4,2008,0
2008-11-28,台北二,SE6 青蔥 粉蔥 ,100.0,87.8,68.3,86.3,18.06,240.0,-76.92,11,5,2008,0
2008-11-29,台北二,SE6 青蔥 粉蔥 ,110.6,68.5,58.1,74.8,-13.33,1900.0,691.67,11,6,2008,0
2008-11-30,台北二,SE6 青蔥 粉蔥 ,91.9,67.5,54.5,69.8,-6.68,1512.0,-20.42,11,7,2008,0
2008-12-01,台北二,SE6 青蔥 粉蔥 ,,,,,,,,12,1,2008,1
2008-12-02,台北二,SE6 青蔥 粉蔥 ,103.1,82.7,68.0,83.8,20.06,1806.0,19.44,12,2,2008,0
2008-12-03,台北二,SE6 青蔥 粉蔥 ,94.4,84.4,71.4,83.8,0.0,1212.0,-32.89,12,3,2008,0
2008-12-04,台北二,SE6 青蔥 粉蔥 ,98.1,90.7,68.8,87.8,4.77,1129.0,-6.85,12,4,2008,0
2008-12-05,台北二,SE6 青蔥 粉蔥 ,94.0,70.0,54.4,71.7,-18.34,2696.0,138.8,12,5,2008,0
2008-12-06,台北二,SE6 青蔥 粉蔥 ,104.6,70.0,50.3,73.0,1.81,2373.0,-11.98,12,6,2008,0
2008-12-07,台北二,SE6 青蔥 粉蔥 ,103.4,84.2,74.1,86.0,17.81,1267.0,-46.61,12,7,2008,0
2008-12-08,台北二,SE6 青蔥 粉蔥 ,,,,,,,,12,1,2008,1
2008-12-09,台北二,SE6 青蔥 粉蔥 ,104.9,88.9,55.1,85.3,-0.81,1860.0,46.8,12,2,2008,0
2008-12-10,台北二,SE6 青蔥 粉蔥 ,119.5,95.0,82.8,97.5,14.3,1720.0,-7.53,12,3,2008,0
2008-12-11,台北二,SE6 青蔥 粉蔥 ,124.6,102.8,85.0,103.6,6.26,2362.0,37.33,12,4,2008,0
2008-12-12,台北二,SE6 青蔥 粉蔥 ,117.3,79.5,56.8,82.6,-20.27,2612.0,10.58,12,5,2008,0
2008-12-13,台北二,SE6 青蔥 粉蔥 ,107.1,77.7,58.8,79.8,-3.39,3962.0,51.68,12,6,2008,0
2008-12-14,台北二,SE6 青蔥 粉蔥 ,122.7,95.2,71.8,96.0,20.3,1488.0,-62.44,12,7,2008,0
2008-12-15,台北二,SE6 青蔥 粉蔥 ,,,,,,,,12,1,2008,1
2008-12-16,台北二,SE6 青蔥 粉蔥 ,134.9,105.7,88.0,108.0,12.5,716.0,-51.88,12,2,2008,0
2008-12-17,台北二,SE6 青蔥 粉蔥 ,133.7,111.3,77.8,109.1,1.02,858.0,19.83,12,3,2008,0
2008-12-18,台北二,SE6 青蔥 粉蔥 ,125.8,103.6,72.0,101.7,-6.78,1321.0,53.96,12,4,2008,0
2008-12-19,台北二,SE6 青蔥 粉蔥 ,108.9,88.7,68.4,88.7,-12.78,2257.0,70.86,12,5,2008,0
2008-12-20,台北二,SE6 青蔥 粉蔥 ,114.2,93.2,78.0,94.3,6.31,2043.0,-9.48,12,6,2008,0
2008-12-21,台北二,SE6 青蔥 粉蔥 ,128.3,114.1,74.2,108.9,15.48,1460.0,-28.54,12,7,2008,0
2008-12-22,台北二,SE6 青蔥 粉蔥 ,,,,,,,,12,1,2008,1
2008-12-23,台北二,SE6 青蔥 粉蔥 ,109.3,87.4,66.1,87.5,-19.65,2752.0,88.49,12,2,2008,0
2008-12-24,台北二,SE6 青蔥 粉蔥 ,89.4,62.5,42.6,63.9,-26.97,1859.0,-32.45,12,3,2008,0
2008-12-25,台北二,SE6 青蔥 粉蔥 ,94.4,64.3,39.3,65.3,2.19,1528.0,-17.81,12,4,2008,0
2008-12-26,台北二,SE6 青蔥 粉蔥 ,96.0,66.3,30.8,65.2,-0.15,1879.0,22.97,12,5,2008,0
2008-12-27,台北二,SE6 青蔥 粉蔥 ,97.6,65.6,40.0,66.9,2.61,2982.0,58.7,12,6,2008,0
2008-12-28,台北二,SE6 青蔥 粉蔥 ,74.9,57.7,40.4,57.7,-13.75,3041.0,1.98,12,7,2008,0
2008-12-29,台北二,SE6 青蔥 粉蔥 ,,,,,,,,12,1,2008,1
2008-12-30,台北二,SE6 青蔥 粉蔥 ,68.3,52.4,25.4,50.2,-13.0,3292.0,8.25,12,2,2008,0
2008-12-31,台北二,SE6 青蔥 粉蔥 ,60.8,45.1,27.9,44.8,-10.76,2837.0,-13.82,12,3,2008,0
2009-01-01,台北二,SE6 青蔥 粉蔥 ,68.8,42.2,19.9,43.0,-4.02,3619.0,27.56,1,4,2009,0
2009-01-02,台北二,SE6 青蔥 粉蔥 ,63.6,44.0,22.9,43.7,1.63,3530.0,-2.46,1,5,2009,0
2009-01-03,台北二,SE6 青蔥 粉蔥 ,80.6,47.6,28.0,50.3,15.1,4270.0,20.96,1,6,2009,0
2009-01-04,台北二,SE6 青蔥 粉蔥 ,70.9,49.7,32.6,50.5,0.4,3834.0,-10.21,1,7,2009,0
2009-01-05,台北二,SE6 青蔥 粉蔥 ,,,,,,,,1,1,2009,1
2009-01-06,台北二,SE6 青蔥 粉蔥 ,60.3,47.2,32.3,46.8,-7.33,5736.0,49.61,1,2,2009,0
2009-01-07,台北二,SE6 青蔥 粉蔥 ,54.9,38.3,23.1,38.6,-17.52,4358.0,-24.02,1,3,2009,0
2009-01-08,台北二,SE6 青蔥 粉蔥 ,56.3,37.2,19.5,37.5,-2.85,4697.0,7.78,1,4,2009,0
2009-01-09,台北二,SE6 青蔥 粉蔥 ,52.5,34.3,19.8,35.0,-6.67,5597.0,19.16,1,5,2009,0
2009-01-10,台北二,SE6 青蔥 粉蔥 ,54.1,35.4,21.6,36.4,4.0,6125.0,9.43,1,6,2009,0
2009-01-11,台北二,SE6 青蔥 粉蔥 ,47.3,30.9,21.2,32.2,-11.54,5965.0,-2.61,1,7,2009,0
2009-01-12,台北二,SE6 青蔥 粉蔥 ,,,,,,,,1,1,2009,1
2009-01-13,台北二,SE6 青蔥 粉蔥 ,51.6,36.7,25.2,37.4,16.15,4983.0,-16.46,1,2,2009,0
2009-01-14,台北二,SE6 青蔥 粉蔥 ,52.4,36.7,29.0,38.3,2.41,4467.0,-10.36,1,3,2009,0
2009-01-15,台北二,SE6 青蔥 粉蔥 ,52.4,35.5,22.4,36.2,-5.48,4700.0,5.22,1,4,2009,0
2009-01-16,台北二,SE6 青蔥 粉蔥 ,55.2,36.1,21.6,37.0,2.21,4622.0,-1.66,1,5,2009,0
2009-01-17,台北二,SE6 青蔥 粉蔥 ,56.9,39.1,23.6,39.6,7.03,5504.0,19.08,1,6,2009,0
2009-01-18,台北二,SE6 青蔥 粉蔥 ,47.2,31.3,17.7,31.8,-19.7,7714.0,40.15,1,7,2009,0
2009-01-19,台北二,SE6 青蔥 粉蔥 ,,,,,,,,1,1,2009,1
2009-01-20,台北二,SE6 青蔥 粉蔥 ,50.6,31.5,18.3,32.7,2.83,8525.0,10.51,1,2,2009,0
2009-01-21,台北二,SE6 青蔥 粉蔥 ,42.0,25.5,11.3,26.0,-20.49,11654.0,36.7,1,3,2009,0
2009-01-22,台北二,SE6 青蔥 粉蔥 ,41.0,27.3,15.9,27.7,6.54,10620.0,-8.87,1,4,2009,0
2009-01-23,台北二,SE6 青蔥 粉蔥 ,47.2,36.4,21.1,35.5,28.16,9641.0,-9.22,1,5,2009,0
2009-01-24,台北二,SE6 青蔥 粉蔥 ,59.7,49.0,31.2,47.6,34.08,10439.0,8.28,1,6,2009,0
2009-01-25,台北二,SE6 青蔥 粉蔥 ,79.4,54.2,29.7,54.3,14.08,7956.0,-23.79,1,7,2009,0
2009-01-26,台北二,SE6 青蔥 粉蔥 ,,,,,,,,1,1,2009,1
2009-01-27,台北二,SE6 青蔥 粉蔥 ,,,,,,,,1,2,2009,1
2009-01-28,台北二,SE6 青蔥 粉蔥 ,,,,,,,,1,3,2009,1
2009-01-29,台北二,SE6 青蔥 粉蔥 ,,,,,,,,1,4,2009,1
2009-01-30,台北二,SE6 青蔥 粉蔥 ,,,,,,,,1,5,2009,1
2009-01-31,台北二,SE6 青蔥 粉蔥 ,44.6,32.6,17.6,32.0,-41.07,7649.0,-3.86,1,6,2009,0
2009-02-01,台北二,SE6 青蔥 粉蔥 ,37.3,28.7,15.8,27.8,-13.12,7758.0,1.43,2,7,2009,0
2009-02-02,台北二,SE6 青蔥 粉蔥 ,,,,,,,,2,1,2009,1
2009-02-03,台北二,SE6 青蔥 粉蔥 ,36.2,29.0,18.5,28.3,1.8,7689.0,-0.89,2,2,2009,0
2009-02-04,台北二,SE6 青蔥 粉蔥 ,30.4,19.7,12.4,20.4,-27.92,7627.0,-0.81,2,3,2009,0
2009-02-05,台北二,SE6 青蔥 粉蔥 ,27.1,16.7,8.0,17.0,-16.67,6993.0,-8.31,2,4,2009,0
2009-02-06,台北二,SE6 青蔥 粉蔥 ,27.0,17.8,11.6,18.4,8.24,6277.0,-10.24,2,5,2009,0
2009-02-07,台北二,SE6 青蔥 粉蔥 ,28.5,18.5,10.7,18.9,2.72,8306.0,32.32,2,6,2009,0
2009-02-08,台北二,SE6 青蔥 粉蔥 ,30.2,22.3,12.0,21.8,15.34,9181.0,10.53,2,7,2009,0
2009-02-09,台北二,SE6 青蔥 粉蔥 ,34.6,25.9,12.3,25.0,14.68,10231.0,11.44,2,1,2009,0
2009-02-10,台北二,SE6 青蔥 粉蔥 ,,,,,,,,2,2,2009,1
2009-02-11,台北二,SE6 青蔥 粉蔥 ,,,,,,,,2,3,2009,1
2009-02-12,台北二,SE6 青蔥 粉蔥 ,36.0,22.8,9.8,22.9,-8.4,8998.0,-12.05,2,4,2009,0
2009-02-13,台北二,SE6 青蔥 粉蔥 ,35.3,23.8,15.3,24.4,6.55,7639.0,-15.1,2,5,2009,0
2009-02-14,台北二,SE6 青蔥 粉蔥 ,32.2,21.2,13.0,21.8,-10.66,10212.0,33.68,2,6,2009,0
2009-02-15,台北二,SE6 青蔥 粉蔥 ,28.8,18.7,10.8,19.1,-12.39,11614.0,13.73,2,7,2009,0
2009-02-16,台北二,SE6 青蔥 粉蔥 ,,,,,,,,2,1,2009,1
2009-02-17,台北二,SE6 青蔥 粉蔥 ,27.3,17.3,10.8,18.0,-5.76,10800.0,-7.01,2,2,2009,0
2009-02-18,台北二,SE6 青蔥 粉蔥 ,23.3,14.0,10.2,15.1,-16.11,10985.0,1.71,2,3,2009,0
2009-02-19,台北二,SE6 青蔥 粉蔥 ,17.0,12.3,8.4,12.5,-17.22,9541.0,-13.15,2,4,2009,0
2009-02-20,台北二,SE6 青蔥 粉蔥 ,19.0,14.3,9.8,14.4,15.2,7710.0,-19.19,2,5,2009,0
2009-02-21,台北二,SE6 青蔥 粉蔥 ,27.9,22.5,16.2,22.3,54.86,7593.0,-1.52,2,6,2009,0
2009-02-22,台北二,SE6 青蔥 粉蔥 ,28.6,21.0,14.5,21.2,-4.93,11227.0,47.86,2,7,2009,0
2009-02-23,台北二,SE6 青蔥 粉蔥 ,,,,,,,,2,1,2009,1
2009-02-24,台北二,SE6 青蔥 粉蔥 ,28.8,19.3,13.3,20.0,-5.66,11926.0,6.23,2,2,2009,0
2009-02-25,台北二,SE6 青蔥 粉蔥 ,24.9,14.9,9.9,15.9,-20.5,11393.0,-4.47,2,3,2009,0
2009-02-26,台北二,SE6 青蔥 粉蔥 ,20.7,13.6,8.5,14.0,-11.95,10045.0,-11.83,2,4,2009,0
2009-02-27,台北二,SE6 青蔥 粉蔥 ,23.6,13.1,7.8,14.2,1.43,8439.0,-15.99,2,5,2009,0
2009-02-28,台北二,SE6 青蔥 粉蔥 ,26.7,16.8,11.0,17.6,23.94,9519.0,12.8,2,6,2009,0
2009-03-01,台北二,SE6 青蔥 粉蔥 ,25.5,16.1,9.7,16.7,-5.11,13259.0,39.29,3,7,2009,0
2009-03-02,台北二,SE6 青蔥 粉蔥 ,,,,,,,,3,1,2009,1
2009-03-03,台北二,SE6 青蔥 粉蔥 ,24.7,17.0,10.4,17.2,2.99,12926.0,-2.51,3,2,2009,0
2009-03-04,台北二,SE6 青蔥 粉蔥 ,23.0,13.9,8.7,14.7,-14.53,10678.0,-17.39,3,3,2009,0
2009-03-05,台北二,SE6 青蔥 粉蔥 ,24.0,17.1,11.6,17.4,18.37,8381.0,-21.51,3,4,2009,0
2009-03-06,台北二,SE6 青蔥 粉蔥 ,21.6,14.1,10.6,14.9,-14.37,11399.0,36.01,3,5,2009,0
2009-03-07,台北二,SE6 青蔥 粉蔥 ,20.0,13.2,8.7,13.7,-8.05,11439.0,0.35,3,6,2009,0
2009-03-08,台北二,SE6 青蔥 粉蔥 ,25.0,15.8,9.9,16.5,20.44,8148.0,-28.77,3,7,2009,0
2009-03-09,台北二,SE6 青蔥 粉蔥 ,,,,,,,,3,1,2009,1
2009-03-10,台北二,SE6 青蔥 粉蔥 ,25.9,19.3,14.3,19.6,18.79,10765.0,32.12,3,2,2009,0
2009-03-11,台北二,SE6 青蔥 粉蔥 ,24.1,16.0,12.5,16.9,-13.78,13176.0,22.4,3,3,2009,0
2009-03-12,台北二,SE6 青蔥 粉蔥 ,20.5,13.2,7.9,13.6,-19.53,13029.0,-1.12,3,4,2009,0
2009-03-13,台北二,SE6 青蔥 粉蔥 ,21.1,12.6,9.4,13.7,0.74,11489.0,-11.82,3,5,2009,0
2009-03-14,台北二,SE6 青蔥 粉蔥 ,20.1,12.3,7.7,12.9,-5.84,12286.0,6.94,3,6,2009,0
2009-03-15,台北二,SE6 青蔥 粉蔥 ,19.1,12.8,9.1,13.3,3.1,13254.0,7.88,3,7,2009,0
2009-03-16,台北二,SE6 青蔥 粉蔥 ,,,,,,,,3,1,2009,1
2009-03-17,台北二,SE6 青蔥 粉蔥 ,22.7,14.5,9.4,15.1,13.53,12096.0,-8.74,3,2,2009,0
2009-03-18,台北二,SE6 青蔥 粉蔥 ,17.1,12.1,8.9,12.5,-17.22,13424.0,10.98,3,3,2009,0
2009-03-19,台北二,SE6 青蔥 粉蔥 ,17.0,10.9,7.6,11.4,-8.8,12212.0,-9.03,3,4,2009,0
2009-03-20,台北二,SE6 青蔥 粉蔥 ,14.8,9.8,6.2,10.1,-11.4,13816.0,13.13,3,5,2009,0
2009-03-21,台北二,SE6 青蔥 粉蔥 ,15.9,11.5,6.9,11.5,13.86,11981.0,-13.28,3,6,2009,0
2009-03-22,台北二,SE6 青蔥 粉蔥 ,16.5,11.4,6.3,11.4,-0.87,12910.0,7.75,3,7,2009,0
2009-03-23,台北二,SE6 青蔥 粉蔥 ,,,,,,,,3,1,2009,1
2009-03-24,台北二,SE6 青蔥 粉蔥 ,21.7,12.1,7.5,13.1,14.91,11338.0,-12.18,3,2,2009,0
2009-03-25,台北二,SE6 青蔥 粉蔥 ,19.1,14.1,8.0,13.9,6.11,8510.0,-24.94,3,3,2009,0
2009-03-26,台北二,SE6 青蔥 粉蔥 ,17.8,13.2,7.4,13.0,-6.47,10540.0,23.85,3,4,2009,0
2009-03-27,台北二,SE6 青蔥 粉蔥 ,17.6,12.4,7.9,12.6,-3.08,10805.0,2.51,3,5,2009,0
2009-03-28,台北二,SE6 青蔥 粉蔥 ,18.5,12.2,8.4,12.7,0.79,10897.0,0.85,3,6,2009,0
2009-03-29,台北二,SE6 青蔥 粉蔥 ,18.7,13.1,7.4,13.1,3.15,9982.0,-8.4,3,7,2009,0
2009-03-30,台北二,SE6 青蔥 粉蔥 ,,,,,,,,3,1,2009,1
2009-03-31,台北二,SE6 青蔥 粉蔥 ,21.4,13.7,9.8,14.4,9.92,10782.0,8.01,3,2,2009,0
2009-04-01,台北二,SE6 青蔥 粉蔥 ,20.7,14.2,11.0,14.9,3.47,10205.0,-5.35,4,3,2009,0
2009-04-02,台北二,SE6 青蔥 粉蔥 ,22.0,15.2,11.6,15.8,6.04,11378.0,11.49,4,4,2009,0
2009-04-03,台北二,SE6 青蔥 粉蔥 ,31.3,21.3,13.4,21.7,37.34,15392.0,35.28,4,5,2009,0
2009-04-04,台北二,SE6 青蔥 粉蔥 ,,,,,,,,4,6,2009,1
2009-04-05,台北二,SE6 青蔥 粉蔥 ,,,,,,,,4,7,2009,1
2009-04-06,台北二,SE6 青蔥 粉蔥 ,,,,,,,,4,1,2009,1
2009-04-07,台北二,SE6 青蔥 粉蔥 ,24.8,15.0,8.6,15.7,-27.65,15052.0,-2.21,4,2,2009,0
2009-04-08,台北二,SE6 青蔥 粉蔥 ,19.8,12.0,5.6,12.3,-21.66,13349.0,-11.31,4,3,2009,0
2009-04-09,台北二,SE6 青蔥 粉蔥 ,16.9,12.0,6.6,11.9,-3.25,10358.0,-22.41,4,4,2009,0
2009-04-10,台北二,SE6 青蔥 粉蔥 ,16.4,11.7,8.0,11.9,0.0,9108.0,-12.07,4,5,2009,0
2009-04-11,台北二,SE6 青蔥 粉蔥 ,17.1,11.9,7.2,12.0,0.84,9053.0,-0.6,4,6,2009,0
2009-04-12,台北二,SE6 青蔥 粉蔥 ,16.8,13.1,8.4,12.9,7.5,10802.0,19.32,4,7,2009,0
2009-04-13,台北二,SE6 青蔥 粉蔥 ,,,,,,,,4,1,2009,1
2009-04-14,台北二,SE6 青蔥 粉蔥 ,20.0,15.0,10.4,15.1,17.05,10412.0,-3.61,4,2,2009,0
2009-04-15,台北二,SE6 青蔥 粉蔥 ,18.3,13.2,8.3,13.2,-12.58,9579.0,-8.0,4,3,2009,0
2009-04-16,台北二,SE6 青蔥 粉蔥 ,16.6,10.2,4.4,10.3,-21.97,10682.0,11.51,4,4,2009,0
2009-04-17,台北二,SE6 青蔥 粉蔥 ,15.8,10.8,6.0,10.8,4.85,9244.0,-13.46,4,5,2009,0
2009-04-18,台北二,SE6 青蔥 粉蔥 ,18.4,12.7,7.2,12.8,18.52,8770.0,-5.13,4,6,2009,0
2009-04-19,台北二,SE6 青蔥 粉蔥 ,20.1,14.2,7.2,14.0,9.37,9226.0,5.2,4,7,2009,0
2009-04-20,台北二,SE6 青蔥 粉蔥 ,,,,,,,,4,1,2009,1
2009-04-21,台北二,SE6 青蔥 粉蔥 ,21.9,14.8,7.6,14.8,5.71,9833.0,6.58,4,2,2009,0
2009-04-22,台北二,SE6 青蔥 粉蔥 ,19.8,13.5,7.4,13.6,-8.11,9780.0,-0.54,4,3,2009,0
2009-04-23,台北二,SE6 青蔥 粉蔥 ,20.4,13.7,6.5,13.6,0.0,9104.0,-6.91,4,4,2009,0
2009-04-24,台北二,SE6 青蔥 粉蔥 ,20.4,13.4,6.6,13.4,-1.47,6990.0,-23.22,4,5,2009,0
2009-04-25,台北二,SE6 青蔥 粉蔥 ,24.7,15.8,10.2,16.4,22.39,8624.0,23.38,4,6,2009,0
2009-04-26,台北二,SE6 青蔥 粉蔥 ,22.7,15.7,10.2,16.0,-2.44,11390.0,32.07,4,7,2009,0
2009-04-27,台北二,SE6 青蔥 粉蔥 ,,,,,,,,4,1,2009,1
2009-04-28,台北二,SE6 青蔥 粉蔥 ,27.9,19.4,12.6,19.8,23.75,9051.0,-20.54,4,2,2009,0
2009-04-29,台北二,SE6 青蔥 粉蔥 ,18.9,14.5,10.5,14.6,-26.26,12678.0,40.07,4,3,2009,0
2009-04-30,台北二,SE6 青蔥 粉蔥 ,20.6,13.6,8.7,14.0,-4.11,12440.0,-1.88,4,4,2009,0
2009-05-01,台北二,SE6 青蔥 粉蔥 ,18.2,13.2,8.4,13.3,-5.0,10851.0,-12.77,5,5,2009,0
2009-05-02,台北二,SE6 青蔥 粉蔥 ,16.3,13.3,8.3,12.9,-3.01,11480.0,5.8,5,6,2009,0
2009-05-03,台北二,SE6 青蔥 粉蔥 ,15.4,12.4,8.2,12.2,-5.43,10941.0,-4.7,5,7,2009,0
2009-05-04,台北二,SE6 青蔥 粉蔥 ,,,,,,,,5,1,2009,1
2009-05-05,台北二,SE6 青蔥 粉蔥 ,20.2,14.5,10.8,14.9,22.13,8945.0,-18.24,5,2,2009,0
2009-05-06,台北二,SE6 青蔥 粉蔥 ,18.3,12.9,8.2,13.0,-12.75,10614.0,18.66,5,3,2009,0
2009-05-07,台北二,SE6 青蔥 粉蔥 ,17.9,12.2,8.9,12.7,-2.31,9308.0,-12.3,5,4,2009,0
2009-05-08,台北二,SE6 青蔥 粉蔥 ,16.0,12.1,7.6,12.0,-5.51,8841.0,-5.02,5,5,2009,0
2009-05-09,台北二,SE6 青蔥 粉蔥 ,17.1,14.1,7.9,13.5,12.5,9594.0,8.52,5,6,2009,0
2009-05-10,台北二,SE6 青蔥 粉蔥 ,17.1,13.1,8.7,13.0,-3.7,11463.0,19.48,5,7,2009,0
2009-05-11,台北二,SE6 青蔥 粉蔥 ,,,,,,,,5,1,2009,1
2009-05-12,台北二,SE6 青蔥 粉蔥 ,18.8,13.8,8.4,13.8,6.15,9880.0,-13.81,5,2,2009,0
2009-05-13,台北二,SE6 青蔥 粉蔥 ,15.8,10.9,7.6,11.2,-18.84,9714.0,-1.68,5,3,2009,0
2009-05-14,台北二,SE6 青蔥 粉蔥 ,13.6,9.1,5.7,9.3,-16.96,10219.0,5.2,5,4,2009,0
2009-05-15,台北二,SE6 青蔥 粉蔥 ,16.7,12.0,6.4,11.8,26.88,7672.0,-24.92,5,5,2009,0
2009-05-16,台北二,SE6 青蔥 粉蔥 ,16.2,12.3,6.7,12.0,1.69,8694.0,13.32,5,6,2009,0
2009-05-17,台北二,SE6 青蔥 粉蔥 ,22.2,15.4,8.3,15.3,27.5,6183.0,-28.88,5,7,2009,0
2009-05-18,台北二,SE6 青蔥 粉蔥 ,,,,,,,,5,1,2009,1
2009-05-19,台北二,SE6 青蔥 粉蔥 ,21.3,13.9,9.4,14.5,-5.23,6711.0,8.54,5,2,2009,0
2009-05-20,台北二,SE6 青蔥 粉蔥 ,19.8,15.0,9.9,15.0,3.45,7445.0,10.94,5,3,2009,0
2009-05-21,台北二,SE6 青蔥 粉蔥 ,16.4,13.7,9.2,13.4,-10.67,8338.0,11.99,5,4,2009,0
2009-05-22,台北二,SE6 青蔥 粉蔥 ,16.0,12.9,8.3,12.6,-5.97,8248.0,-1.08,5,5,2009,0
2009-05-23,台北二,SE6 青蔥 粉蔥 ,18.3,12.3,6.9,12.4,-1.59,9491.0,15.07,5,6,2009,0
2009-05-24,台北二,SE6 青蔥 粉蔥 ,18.2,11.7,7.4,12.2,-1.61,8891.0,-6.32,5,7,2009,0
2009-05-25,台北二,SE6 青蔥 粉蔥 ,,,,,,,,5,1,2009,1
2009-05-26,台北二,SE6 青蔥 粉蔥 ,18.3,13.8,8.9,13.7,12.3,6850.0,-22.96,5,2,2009,0
2009-05-27,台北二,SE6 青蔥 粉蔥 ,21.3,17.2,9.2,16.4,19.71,6875.0,0.36,5,3,2009,0
2009-05-28,台北二,SE6 青蔥 粉蔥 ,30.2,25.0,15.4,24.1,46.95,6710.0,-2.4,5,4,2009,0
2009-05-29,台北二,SE6 青蔥 粉蔥 ,,,,,,,,5,5,2009,1
2009-05-30,台北二,SE6 青蔥 粉蔥 ,,,,,,,,5,6,2009,1
2009-05-31,台北二,SE6 青蔥 粉蔥 ,24.7,17.2,8.8,17.0,-29.46,10830.0,61.4,5,7,2009,0
2009-06-01,台北二,SE6 青蔥 粉蔥 ,,,,,,,,6,1,2009,1
2009-06-02,台北二,SE6 青蔥 粉蔥 ,20.3,15.2,9.8,15.2,-10.59,10070.0,-7.02,6,2,2009,0
2009-06-03,台北二,SE6 青蔥 粉蔥 ,20.1,12.4,7.7,13.0,-14.47,8728.0,-13.33,6,3,2009,0
2009-06-04,台北二,SE6 青蔥 粉蔥 ,16.6,12.8,7.7,12.6,-3.08,6008.0,-31.16,6,4,2009,0
2009-06-05,台北二,SE6 青蔥 粉蔥 ,16.0,11.8,7.2,11.7,-7.14,6685.0,11.27,6,5,2009,0
2009-06-06,台北二,SE6 青蔥 粉蔥 ,18.4,13.2,9.2,13.4,14.53,7503.0,12.24,6,6,2009,0
2009-06-07,台北二,SE6 青蔥 粉蔥 ,18.0,13.4,9.2,13.5,0.75,9501.0,26.63,6,7,2009,0
2009-06-08,台北二,SE6 青蔥 粉蔥 ,,,,,,,,6,1,2009,1
2009-06-09,台北二,SE6 青蔥 粉蔥 ,22.1,16.7,8.9,16.2,20.0,6389.0,-32.75,6,2,2009,0
2009-06-10,台北二,SE6 青蔥 粉蔥 ,17.6,13.9,8.1,13.5,-16.67,7168.0,12.19,6,3,2009,0
2009-06-11,台北二,SE6 青蔥 粉蔥 ,17.3,11.8,6.0,11.8,-12.59,6276.0,-12.44,6,4,2009,0
2009-06-12,台北二,SE6 青蔥 粉蔥 ,17.1,13.4,8.1,13.1,11.02,5713.0,-8.97,6,5,2009,0
2009-06-13,台北二,SE6 青蔥 粉蔥 ,19.3,16.5,11.1,16.0,22.14,5619.0,-1.65,6,6,2009,0
2009-06-14,台北二,SE6 青蔥 粉蔥 ,21.8,16.6,10.4,16.4,2.5,6398.0,13.86,6,7,2009,0
2009-06-15,台北二,SE6 青蔥 粉蔥 ,,,,,,,,6,1,2009,1
2009-06-16,台北二,SE6 青蔥 粉蔥 ,24.3,18.2,11.5,18.1,10.37,6579.0,2.83,6,2,2009,0
2009-06-17,台北二,SE6 青蔥 粉蔥 ,20.6,16.5,9.4,15.9,-12.15,6352.0,-3.45,6,3,2009,0
2009-06-18,台北二,SE6 青蔥 粉蔥 ,21.7,15.7,7.8,15.3,-3.77,5628.0,-11.4,6,4,2009,0
2009-06-19,台北二,SE6 青蔥 粉蔥 ,22.8,17.8,9.4,17.1,11.76,5295.0,-5.92,6,5,2009,0
2009-06-20,台北二,SE6 青蔥 粉蔥 ,29.6,24.6,17.3,24.1,40.94,6338.0,19.7,6,6,2009,0
2009-06-21,台北二,SE6 青蔥 粉蔥 ,28.9,25.5,16.7,24.5,1.66,7022.0,10.79,6,7,2009,0
2009-06-22,台北二,SE6 青蔥 粉蔥 ,,,,,,,,6,1,2009,1
2009-06-23,台北二,SE6 青蔥 粉蔥 ,26.8,22.5,12.8,21.4,-12.65,6688.0,-4.76,6,2,2009,0
2009-06-24,台北二,SE6 青蔥 粉蔥 ,16.8,12.9,7.2,12.5,-41.59,6044.0,-9.63,6,3,2009,0
2009-06-25,台北二,SE6 青蔥 粉蔥 ,17.6,13.8,6.3,13.1,4.8,4339.0,-28.21,6,4,2009,0
2009-06-26,台北二,SE6 青蔥 粉蔥 ,24.0,19.8,8.8,18.5,41.22,4268.0,-1.64,6,5,2009,0
2009-06-27,台北二,SE6 青蔥 粉蔥 ,23.9,20.3,13.8,19.7,6.49,5347.0,25.28,6,6,2009,0
2009-06-28,台北二,SE6 青蔥 粉蔥 ,17.9,14.8,8.2,14.1,-28.43,7120.0,33.16,6,7,2009,0
2009-06-29,台北二,SE6 青蔥 粉蔥 ,,,,,,,,6,1,2009,1
2009-06-30,台北二,SE6 青蔥 粉蔥 ,19.3,16.0,10.0,15.5,9.93,5543.0,-22.15,6,2,2009,0
2009-07-01,台北二,SE6 青蔥 粉蔥 ,20.9,16.1,11.7,16.2,4.52,4236.0,-23.58,7,3,2009,0
2009-07-02,台北二,SE6 青蔥 粉蔥 ,21.7,18.6,11.5,17.8,9.88,3386.0,-20.07,7,4,2009,0
2009-07-03,台北二,SE6 青蔥 粉蔥 ,26.6,21.7,14.8,21.3,19.66,3127.0,-7.65,7,5,2009,0
2009-07-04,台北二,SE6 青蔥 粉蔥 ,28.7,25.2,16.9,24.3,14.08,3790.0,21.2,7,6,2009,0
2009-07-05,台北二,SE6 青蔥 粉蔥 ,25.1,20.5,13.6,20.0,-17.7,5224.0,37.84,7,7,2009,0
2009-07-06,台北二,SE6 青蔥 粉蔥 ,,,,,,,,7,1,2009,1
2009-07-07,台北二,SE6 青蔥 粉蔥 ,25.0,22.5,14.6,21.4,7.0,4591.0,-12.12,7,2,2009,0
2009-07-08,台北二,SE6 青蔥 粉蔥 ,24.9,20.5,12.3,19.7,-7.94,4237.0,-7.71,7,3,2009,0
2009-07-09,台北二,SE6 青蔥 粉蔥 ,22.0,17.3,9.4,16.7,-15.23,4464.0,5.36,7,4,2009,0
2009-07-10,台北二,SE6 青蔥 粉蔥 ,21.4,16.4,9.1,15.9,-4.79,3965.0,-11.18,7,5,2009,0
2009-07-11,台北二,SE6 青蔥 粉蔥 ,20.5,15.9,10.6,15.7,-1.26,4900.0,23.58,7,6,2009,0
2009-07-12,台北二,SE6 青蔥 粉蔥 ,22.5,17.9,14.6,18.1,15.29,3241.0,-33.86,7,7,2009,0
2009-07-13,台北二,SE6 青蔥 粉蔥 ,,,,,,,,7,1,2009,1
2009-07-14,台北二,SE6 青蔥 粉蔥 ,31.3,24.5,19.6,24.9,37.57,3167.0,-2.28,7,2,2009,0
2009-07-15,台北二,SE6 青蔥 粉蔥 ,29.1,24.9,16.4,24.1,-3.21,4010.0,26.62,7,3,2009,0
2009-07-16,台北二,SE6 青蔥 粉蔥 ,25.3,22.4,15.4,21.6,-10.37,3754.0,-6.38,7,4,2009,0
2009-07-17,台北二,SE6 青蔥 粉蔥 ,26.4,21.2,13.5,20.7,-4.17,4223.0,12.49,7,5,2009,0
2009-07-18,台北二,SE6 青蔥 粉蔥 ,29.4,23.7,13.4,22.8,10.14,4897.0,15.96,7,6,2009,0
2009-07-19,台北二,SE6 青蔥 粉蔥 ,30.4,22.6,13.5,22.3,-2.19,4565.0,-6.78,7,7,2009,0
2009-07-20,台北二,SE6 青蔥 粉蔥 ,,,,,,,,7,1,2009,1
2009-07-21,台北二,SE6 青蔥 粉蔥 ,28.0,21.0,11.3,20.5,-8.07,3854.0,-15.58,7,2,2009,0
2009-07-22,台北二,SE6 青蔥 粉蔥 ,23.9,17.2,9.6,17.0,-17.07,4116.0,6.8,7,3,2009,0
2009-07-23,台北二,SE6 青蔥 粉蔥 ,22.4,15.4,7.6,15.3,-10.0,3232.0,-21.48,7,4,2009,0
2009-07-24,台北二,SE6 青蔥 粉蔥 ,17.0,13.7,8.1,13.3,-13.07,3108.0,-3.84,7,5,2009,0
2009-07-25,台北二,SE6 青蔥 粉蔥 ,23.0,18.4,10.7,17.8,33.83,2497.0,-19.66,7,6,2009,0
2009-07-26,台北二,SE6 青蔥 粉蔥 ,21.0,17.0,13.2,17.0,-4.49,3380.0,35.36,7,7,2009,0
2009-07-27,台北二,SE6 青蔥 粉蔥 ,,,,,,,,7,1,2009,1
2009-07-28,台北二,SE6 青蔥 粉蔥 ,30.3,25.2,17.9,24.8,45.88,2821.0,-16.54,7,2,2009,0
2009-07-29,台北二,SE6 青蔥 粉蔥 ,29.7,23.7,14.2,23.0,-7.26,2613.0,-7.37,7,3,2009,0
2009-07-30,台北二,SE6 青蔥 粉蔥 ,29.2,25.4,16.5,24.4,6.09,2875.0,10.03,7,4,2009,0
2009-07-31,台北二,SE6 青蔥 粉蔥 ,30.5,25.3,15.9,24.5,0.41,3016.0,4.9,7,5,2009,0
2009-08-01,台北二,SE6 青蔥 粉蔥 ,30.3,24.5,16.6,24.1,-1.63,3751.0,24.37,8,6,2009,0
2009-08-02,台北二,SE6 青蔥 粉蔥 ,31.7,22.5,15.1,22.9,-4.98,4123.0,9.92,8,7,2009,0
2009-08-03,台北二,SE6 青蔥 粉蔥 ,,,,,,,,8,1,2009,1
2009-08-04,台北二,SE6 青蔥 粉蔥 ,31.5,22.7,13.6,22.6,-1.31,4030.0,-2.26,8,2,2009,0
2009-08-05,台北二,SE6 青蔥 粉蔥 ,33.3,25.1,15.3,24.8,9.73,3193.0,-20.77,8,3,2009,0
2009-08-06,台北二,SE6 青蔥 粉蔥 ,42.3,35.8,21.4,34.2,37.9,3183.0,-0.31,8,4,2009,0
2009-08-07,台北二,SE6 青蔥 粉蔥 ,35.5,29.4,21.4,29.0,-15.2,6291.0,97.64,8,5,2009,0
2009-08-08,台北二,SE6 青蔥 粉蔥 ,44.5,27.8,16.1,28.8,-0.69,2061.0,-67.24,8,6,2009,0
2009-08-09,台北二,SE6 青蔥 粉蔥 ,40.8,33.1,18.3,31.7,10.07,1998.0,-3.06,8,7,2009,0
2009-08-10,台北二,SE6 青蔥 粉蔥 ,,,,,,,,8,1,2009,1
2009-08-11,台北二,SE6 青蔥 粉蔥 ,39.5,21.2,10.1,22.6,-28.71,785.0,-60.71,8,2,2009,0
2009-08-12,台北二,SE6 青蔥 粉蔥 ,49.7,35.8,23.4,36.1,59.73,961.0,22.42,8,3,2009,0
2009-08-13,台北二,SE6 青蔥 粉蔥 ,52.7,32.8,19.1,34.0,-5.82,698.0,-27.37,8,4,2009,0
2009-08-14,台北二,SE6 青蔥 粉蔥 ,53.3,31.9,25.1,34.8,2.35,415.0,-40.54,8,5,2009,0
2009-08-15,台北二,SE6 青蔥 粉蔥 ,85.3,58.6,31.1,58.4,67.82,380.0,-8.43,8,6,2009,0
2009-08-16,台北二,SE6 青蔥 粉蔥 ,70.7,58.8,31.2,55.7,-4.62,1284.0,237.89,8,7,2009,0
2009-08-17,台北二,SE6 青蔥 粉蔥 ,,,,,,,,8,1,2009,1
2009-08-18,台北二,SE6 青蔥 粉蔥 ,98.9,67.8,35.5,67.5,21.18,722.0,-43.77,8,2,2009,0
2009-08-19,台北二,SE6 青蔥 粉蔥 ,88.5,58.6,30.6,59.0,-12.59,1149.0,59.14,8,3,2009,0
2009-08-20,台北二,SE6 青蔥 粉蔥 ,77.7,54.4,26.5,53.4,-9.49,1225.0,6.61,8,4,2009,0
2009-08-21,台北二,SE6 青蔥 粉蔥 ,59.5,50.6,18.3,45.9,-14.04,1229.0,0.33,8,5,2009,0
2009-08-22,台北二,SE6 青蔥 粉蔥 ,57.6,40.3,29.0,41.5,-9.59,1607.0,30.76,8,6,2009,0
2009-08-23,台北二,SE6 青蔥 粉蔥 ,43.9,30.0,15.3,29.9,-27.95,1119.0,-30.37,8,7,2009,0
2009-08-24,台北二,SE6 青蔥 粉蔥 ,,,,,,,,8,1,2009,1
2009-08-25,台北二,SE6 青蔥 粉蔥 ,41.3,30.5,17.6,30.1,0.67,1220.0,9.03,8,2,2009,0
2009-08-26,台北二,SE6 青蔥 粉蔥 ,42.8,33.7,8.7,30.5,1.33,1386.0,13.61,8,3,2009,0
2009-08-27,台北二,SE6 青蔥 粉蔥 ,44.4,32.6,28.7,34.2,12.13,1150.0,-17.03,8,4,2009,0
2009-08-28,台北二,SE6 青蔥 粉蔥 ,39.2,31.4,18.4,30.4,-11.11,1686.0,46.61,8,5,2009,0
2009-08-29,台北二,SE6 青蔥 粉蔥 ,45.6,42.6,26.6,40.0,31.58,1634.0,-3.08,8,6,2009,0
2009-08-30,台北二,SE6 青蔥 粉蔥 ,47.1,42.3,29.8,40.8,2.0,1462.0,-10.53,8,7,2009,0
2009-08-31,台北二,SE6 青蔥 粉蔥 ,,,,,,,,8,1,2009,1
2009-09-01,台北二,SE6 青蔥 粉蔥 ,65.0,62.0,43.7,58.9,44.36,921.0,-37.0,9,2,2009,0
2009-09-02,台北二,SE6 青蔥 粉蔥 ,67.8,61.5,43.7,59.2,0.51,1302.0,41.37,9,3,2009,0
2009-09-03,台北二,SE6 青蔥 粉蔥 ,71.4,67.0,55.3,65.5,10.64,1437.0,10.37,9,4,2009,0
2009-09-04,台北二,SE6 青蔥 粉蔥 ,,,,,,,,9,5,2009,1
2009-09-05,台北二,SE6 青蔥 粉蔥 ,,,,,,,,9,6,2009,1
2009-09-06,台北二,SE6 青蔥 粉蔥 ,54.4,43.7,25.0,42.1,-35.73,680.0,-52.68,9,7,2009,0
2009-09-07,台北二,SE6 青蔥 粉蔥 ,,,,,,,,9,1,2009,1
2009-09-08,台北二,SE6 青蔥 粉蔥 ,51.1,36.5,22.5,36.6,-13.06,1343.0,97.5,9,2,2009,0
2009-09-09,台北二,SE6 青蔥 粉蔥 ,73.3,41.9,19.9,43.8,19.67,1285.0,-4.32,9,3,2009,0
2009-09-10,台北二,SE6 青蔥 粉蔥 ,55.1,42.4,25.9,41.6,-5.02,2290.0,78.21,9,4,2009,0
2009-09-11,台北二,SE6 青蔥 粉蔥 ,48.0,41.9,28.3,40.4,-2.88,1905.0,-16.81,9,5,2009,0
2009-09-12,台北二,SE6 青蔥 粉蔥 ,68.6,46.2,25.9,46.6,15.35,964.0,-49.4,9,6,2009,0
2009-09-13,台北二,SE6 青蔥 粉蔥 ,53.9,38.7,24.0,38.8,-16.74,1550.0,60.79,9,7,2009,0
2009-09-14,台北二,SE6 青蔥 粉蔥 ,,,,,,,,9,1,2009,1
2009-09-15,台北二,SE6 青蔥 粉蔥 ,65.4,46.1,40.9,48.9,26.03,1171.0,-24.45,9,2,2009,0
2009-09-16,台北二,SE6 青蔥 粉蔥 ,55.8,41.0,22.2,40.2,-17.79,1716.0,46.54,9,3,2009,0
2009-09-17,台北二,SE6 青蔥 粉蔥 ,60.0,41.1,21.8,41.0,1.99,1894.0,10.37,9,4,2009,0
2009-09-18,台北二,SE6 青蔥 粉蔥 ,57.5,34.4,17.9,35.7,-12.93,1415.0,-25.29,9,5,2009,0
2009-09-19,台北二,SE6 青蔥 粉蔥 ,59.3,46.3,24.2,44.5,24.65,1995.0,40.99,9,6,2009,0
2009-09-20,台北二,SE6 青蔥 粉蔥 ,56.2,43.1,31.6,43.4,-2.47,2017.0,1.1,9,7,2009,0
2009-09-21,台北二,SE6 青蔥 粉蔥 ,,,,,,,,9,1,2009,1
2009-09-22,台北二,SE6 青蔥 粉蔥 ,53.2,39.0,23.6,38.8,-10.6,3115.0,54.44,9,2,2009,0
2009-09-23,台北二,SE6 青蔥 粉蔥 ,52.1,40.1,26.8,39.9,2.84,1764.0,-43.37,9,3,2009,0
2009-09-24,台北二,SE6 青蔥 粉蔥 ,70.3,42.5,29.7,45.5,14.04,1207.0,-31.58,9,4,2009,0
2009-09-25,台北二,SE6 青蔥 粉蔥 ,59.1,38.5,31.1,41.2,-9.45,1567.0,29.83,9,5,2009,0
2009-09-26,台北二,SE6 青蔥 粉蔥 ,75.7,46.9,36.4,50.5,22.57,1347.0,-14.04,9,6,2009,0
2009-09-27,台北二,SE6 青蔥 粉蔥 ,72.5,47.1,35.2,49.8,-1.39,974.0,-27.69,9,7,2009,0
2009-09-28,台北二,SE6 青蔥 粉蔥 ,,,,,,,,9,1,2009,1
2009-09-29,台北二,SE6 青蔥 粉蔥 ,54.6,33.3,21.0,35.1,-29.52,2086.0,114.17,9,2,2009,0
2009-09-30,台北二,SE6 青蔥 粉蔥 ,80.0,38.4,30.0,45.1,28.49,147.0,-92.95,9,3,2009,0
2009-10-01,台北二,SE6 青蔥 粉蔥 ,68.1,38.7,25.8,42.0,-6.87,597.0,306.12,10,4,2009,0
2009-10-02,台北二,SE6 青蔥 粉蔥 ,63.0,31.1,27.9,36.8,-12.38,587.0,-1.68,10,5,2009,0
2009-10-03,台北二,SE6 青蔥 粉蔥 ,82.8,59.2,32.6,58.6,59.24,476.0,-18.91,10,6,2009,0
2009-10-04,台北二,SE6 青蔥 粉蔥 ,,,,,,,,10,7,2009,1
2009-10-05,台北二,SE6 青蔥 粉蔥 ,,,,,,,,10,1,2009,1
2009-10-06,台北二,SE6 青蔥 粉蔥 ,76.0,56.0,45.0,57.8,-1.37,420.0,-11.76,10,2,2009,0
2009-10-07,台北二,SE6 青蔥 粉蔥 ,81.2,63.7,40.9,62.6,8.3,1294.0,208.1,10,3,2009,0
2009-10-08,台北二,SE6 青蔥 粉蔥 ,81.7,72.8,50.0,70.0,11.82,865.0,-33.15,10,4,2009,0
2009-10-09,台北二,SE6 青蔥 粉蔥 ,78.3,57.6,35.1,57.2,-18.29,512.0,-40.81,10,5,2009,0
2009-10-10,台北二,SE6 青蔥 粉蔥 ,98.6,77.9,45.6,75.6,32.17,611.0,19.34,10,6,2009,0
2009-10-11,台北二,SE6 青蔥 粉蔥 ,122.9,109.1,81.0,106.2,40.48,551.0,-9.82,10,7,2009,0
2009-10-12,台北二,SE6 青蔥 粉蔥 ,,,,,,,,10,1,2009,1
2009-10-13,台北二,SE6 青蔥 粉蔥 ,132.9,103.7,74.2,103.6,-2.45,826.0,49.91,10,2,2009,0
2009-10-14,台北二,SE6 青蔥 粉蔥 ,122.6,80.7,48.3,82.6,-20.27,1604.0,94.19,10,3,2009,0
2009-10-15,台北二,SE6 青蔥 粉蔥 ,82.9,72.7,39.1,68.0,-17.68,1391.0,-13.28,10,4,2009,0
2009-10-16,台北二,SE6 青蔥 粉蔥 ,71.3,55.0,32.6,53.8,-20.88,2973.0,113.73,10,5,2009,0
2009-10-17,台北二,SE6 青蔥 粉蔥 ,80.5,61.9,37.8,60.8,13.01,841.0,-71.71,10,6,2009,0
2009-10-18,台北二,SE6 青蔥 粉蔥 ,69.8,49.8,33.3,50.5,-16.94,4700.0,458.86,10,7,2009,0
2009-10-19,台北二,SE6 青蔥 粉蔥 ,,,,,,,,10,1,2009,1
2009-10-20,台北二,SE6 青蔥 粉蔥 ,96.4,53.1,13.2,53.8,6.53,2941.0,-37.43,10,2,2009,0
2009-10-21,台北二,SE6 青蔥 粉蔥 ,88.4,59.1,28.8,58.9,9.48,2374.0,-19.28,10,3,2009,0
2009-10-22,台北二,SE6 青蔥 粉蔥 ,82.2,59.0,38.5,59.6,1.19,2158.0,-9.1,10,4,2009,0
2009-10-23,台北二,SE6 青蔥 粉蔥 ,72.2,44.5,19.1,45.0,-24.5,5706.0,164.41,10,5,2009,0
2009-10-24,台北二,SE6 青蔥 粉蔥 ,68.0,46.9,23.6,46.4,3.11,4445.0,-22.1,10,6,2009,0
2009-10-25,台北二,SE6 青蔥 粉蔥 ,62.3,35.5,20.4,37.8,-18.53,4016.0,-9.65,10,7,2009,0
2009-10-26,台北二,SE6 青蔥 粉蔥 ,,,,,,,,10,1,2009,1
2009-10-27,台北二,SE6 青蔥 粉蔥 ,64.2,51.1,34.9,50.5,33.6,805.0,-79.96,10,2,2009,0
2009-10-28,台北二,SE6 青蔥 粉蔥 ,65.9,55.5,43.8,55.2,9.31,1953.0,142.61,10,3,2009,0
2009-10-29,台北二,SE6 青蔥 粉蔥 ,61.1,55.1,28.1,50.9,-7.79,800.0,-59.04,10,4,2009,0
2009-10-30,台北二,SE6 青蔥 粉蔥 ,58.9,43.7,25.7,43.2,-15.13,4516.0,464.5,10,5,2009,0
2009-10-31,台北二,SE6 青蔥 粉蔥 ,61.1,48.8,30.9,47.7,10.42,4251.0,-5.87,10,6,2009,0
2009-11-01,台北二,SE6 青蔥 粉蔥 ,72.1,57.2,37.7,56.3,18.03,2817.0,-33.73,11,7,2009,0
2009-11-02,台北二,SE6 青蔥 粉蔥 ,,,,,,,,11,1,2009,1
2009-11-03,台北二,SE6 青蔥 粉蔥 ,64.6,50.9,32.8,50.0,-11.19,1745.0,-38.05,11,2,2009,0
2009-11-04,台北二,SE6 青蔥 粉蔥 ,61.0,48.4,31.0,47.4,-5.2,1821.0,4.36,11,3,2009,0
2009-11-05,台北二,SE6 青蔥 粉蔥 ,51.6,42.5,21.4,40.1,-15.4,1408.0,-22.68,11,4,2009,0
2009-11-06,台北二,SE6 青蔥 粉蔥 ,43.2,25.2,18.4,27.5,-31.42,3240.0,130.11,11,5,2009,0
2009-11-07,台北二,SE6 青蔥 粉蔥 ,44.2,31.0,14.7,30.4,10.55,2291.0,-29.29,11,6,2009,0
2009-11-08,台北二,SE6 青蔥 粉蔥 ,48.7,33.5,20.4,33.9,11.51,2161.0,-5.67,11,7,2009,0
2009-11-09,台北二,SE6 青蔥 粉蔥 ,,,,,,,,11,1,2009,1
2009-11-10,台北二,SE6 青蔥 粉蔥 ,55.0,37.8,26.1,38.9,14.75,1499.0,-30.63,11,2,2009,0
2009-11-11,台北二,SE6 青蔥 粉蔥 ,40.3,33.1,18.8,31.7,-18.51,3785.0,152.5,11,3,2009,0
2009-11-12,台北二,SE6 青蔥 粉蔥 ,37.8,30.8,16.7,29.4,-7.26,2165.0,-42.8,11,4,2009,0
2009-11-13,台北二,SE6 青蔥 粉蔥 ,32.8,26.1,15.9,25.4,-13.61,1473.0,-31.96,11,5,2009,0
2009-11-14,台北二,SE6 青蔥 粉蔥 ,29.5,21.5,15.7,21.9,-13.78,5624.0,281.81,11,6,2009,0
2009-11-15,台北二,SE6 青蔥 粉蔥 ,32.1,24.5,15.7,24.2,10.5,6148.0,9.32,11,7,2009,0
2009-11-16,台北二,SE6 青蔥 粉蔥 ,,,,,,,,11,1,2009,1
2009-11-17,台北二,SE6 青蔥 粉蔥 ,31.0,21.8,10.4,21.4,-11.57,7179.0,16.77,11,2,2009,0
2009-11-18,台北二,SE6 青蔥 粉蔥 ,22.9,15.3,9.6,15.7,-26.64,7093.0,-1.2,11,3,2009,0
2009-11-19,台北二,SE6 青蔥 粉蔥 ,22.6,16.4,11.7,16.7,6.37,6284.0,-11.41,11,4,2009,0
2009-11-20,台北二,SE6 青蔥 粉蔥 ,23.8,15.7,10.3,16.3,-2.4,6102.0,-2.9,11,5,2009,0
2009-11-21,台北二,SE6 青蔥 粉蔥 ,21.0,16.7,10.9,16.4,0.61,7334.0,20.19,11,6,2009,0
2009-11-22,台北二,SE6 青蔥 粉蔥 ,22.4,18.1,14.4,18.2,10.98,5685.0,-22.48,11,7,2009,0
2009-11-23,台北二,SE6 青蔥 粉蔥 ,,,,,,,,11,1,2009,1
2009-11-24,台北二,SE6 青蔥 粉蔥 ,24.2,14.5,10.7,15.6,-14.29,4653.0,-18.15,11,2,2009,0
2009-11-25,台北二,SE6 青蔥 粉蔥 ,25.0,15.0,9.6,15.9,1.92,6384.0,37.2,11,3,2009,0
2009-11-26,台北二,SE6 青蔥 粉蔥 ,23.3,13.6,8.8,14.6,-8.18,6583.0,3.12,11,4,2009,0
2009-11-27,台北二,SE6 青蔥 粉蔥 ,24.3,16.5,8.4,16.4,12.33,5260.0,-20.1,11,5,2009,0
2009-11-28,台北二,SE6 青蔥 粉蔥 ,27.3,16.4,7.5,16.8,2.44,6314.0,20.04,11,6,2009,0
2009-11-29,台北二,SE6 青蔥 粉蔥 ,25.1,18.0,9.4,17.7,5.36,6041.0,-4.32,11,7,2009,0
2009-11-30,台北二,SE6 青蔥 粉蔥 ,,,,,,,,11,1,2009,1
2009-12-01,台北二,SE6 青蔥 粉蔥 ,23.0,16.1,8.6,16.0,-9.6,7045.0,16.62,12,2,2009,0
2009-12-02,台北二,SE6 青蔥 粉蔥 ,23.7,14.3,9.3,15.2,-5.0,6770.0,-3.9,12,3,2009,0
2009-12-03,台北二,SE6 青蔥 粉蔥 ,22.8,14.0,10.0,14.9,-1.97,5935.0,-12.33,12,4,2009,0
2009-12-04,台北二,SE6 青蔥 粉蔥 ,23.4,18.6,12.9,18.4,23.49,2471.0,-58.37,12,5,2009,0
2009-12-05,台北二,SE6 青蔥 粉蔥 ,24.2,15.2,10.6,16.1,-12.5,5989.0,142.37,12,6,2009,0
2009-12-06,台北二,SE6 青蔥 粉蔥 ,24.4,17.2,10.9,17.4,8.07,6904.0,15.28,12,7,2009,0
2009-12-07,台北二,SE6 青蔥 粉蔥 ,,,,,,,,12,1,2009,1
2009-12-08,台北二,SE6 青蔥 粉蔥 ,22.3,15.7,10.2,15.9,-8.62,6490.0,-6.0,12,2,2009,0
2009-12-09,台北二,SE6 青蔥 粉蔥 ,20.0,12.0,7.5,12.7,-20.13,7234.0,11.46,12,3,2009,0
2009-12-10,台北二,SE6 青蔥 粉蔥 ,19.9,11.5,7.9,12.4,-2.36,6195.0,-14.36,12,4,2009,0
2009-12-11,台北二,SE6 青蔥 粉蔥 ,19.4,12.4,7.4,12.8,3.23,6105.0,-1.45,12,5,2009,0
2009-12-12,台北二,SE6 青蔥 粉蔥 ,17.9,11.6,6.6,11.8,-7.81,6269.0,2.69,12,6,2009,0
2009-12-13,台北二,SE6 青蔥 粉蔥 ,17.2,11.8,6.2,11.8,0.0,6807.0,8.58,12,7,2009,0
2009-12-14,台北二,SE6 青蔥 粉蔥 ,,,,,,,,12,1,2009,1
2009-12-15,台北二,SE6 青蔥 粉蔥 ,24.3,15.3,8.7,15.8,33.9,6793.0,-0.21,12,2,2009,0
2009-12-16,台北二,SE6 青蔥 粉蔥 ,22.4,14.1,7.8,14.5,-8.23,6925.0,1.94,12,3,2009,0
2009-12-17,台北二,SE6 青蔥 粉蔥 ,23.3,16.3,10.0,16.4,13.1,4847.0,-30.01,12,4,2009,0
2009-12-18,台北二,SE6 青蔥 粉蔥 ,22.3,16.1,7.8,15.7,-4.27,3541.0,-26.94,12,5,2009,0
2009-12-19,台北二,SE6 青蔥 粉蔥 ,21.8,14.0,7.6,14.3,-8.92,8086.0,128.35,12,6,2009,0
2009-12-20,台北二,SE6 青蔥 粉蔥 ,23.6,16.5,10.7,16.7,16.78,6579.0,-18.64,12,7,2009,0
2009-12-21,台北二,SE6 青蔥 粉蔥 ,,,,,,,,12,1,2009,1
2009-12-22,台北二,SE6 青蔥 粉蔥 ,26.6,19.3,12.8,19.4,16.17,6482.0,-1.47,12,2,2009,0
2009-12-23,台北二,SE6 青蔥 粉蔥 ,24.0,17.6,13.7,18.1,-6.7,5522.0,-14.81,12,3,2009,0
2009-12-24,台北二,SE6 青蔥 粉蔥 ,22.4,16.1,10.6,16.3,-9.94,5486.0,-0.65,12,4,2009,0
2009-12-25,台北二,SE6 青蔥 粉蔥 ,20.9,14.6,11.0,15.1,-7.36,6376.0,16.22,12,5,2009,0
2009-12-26,台北二,SE6 青蔥 粉蔥 ,22.4,14.6,10.9,15.4,1.99,5748.0,-9.85,12,6,2009,0
2009-12-27,台北二,SE6 青蔥 粉蔥 ,22.3,15.3,11.1,15.9,3.25,5286.0,-8.04,12,7,2009,0
2009-12-28,台北二,SE6 青蔥 粉蔥 ,,,,,,,,12,1,2009,1
2009-12-29,台北二,SE6 青蔥 粉蔥 ,21.0,14.1,9.5,14.5,-8.81,6682.0,26.41,12,2,2009,0
2009-12-30,台北二,SE6 青蔥 粉蔥 ,19.1,14.7,8.6,14.3,-1.38,6145.0,-8.04,12,3,2009,0
2009-12-31,台北二,SE6 青蔥 粉蔥 ,21.2,13.9,9.3,14.4,0.7,6437.0,4.75,12,4,2009,0
2010-01-01,台北二,SE6 青蔥 粉蔥 ,22.5,16.3,11.1,16.5,14.58,5726.0,-11.05,1,5,2010,0
2010-01-02,台北二,SE6 青蔥 粉蔥 ,22.3,16.2,11.7,16.5,0.0,6662.0,16.35,1,6,2010,0
2010-01-03,台北二,SE6 青蔥 粉蔥 ,21.7,14.5,6.5,14.3,-13.33,8550.0,28.34,1,7,2010,0
2010-01-04,台北二,SE6 青蔥 粉蔥 ,,,,,,,,1,1,2010,1
2010-01-05,台北二,SE6 青蔥 粉蔥 ,20.5,14.0,7.7,14.0,-2.1,8768.0,2.55,1,2,2010,0
2010-01-06,台北二,SE6 青蔥 粉蔥 ,19.3,12.5,7.1,12.7,-9.29,8220.0,-6.25,1,3,2010,0
2010-01-07,台北二,SE6 青蔥 粉蔥 ,16.4,10.4,6.6,10.8,-14.96,7960.0,-3.16,1,4,2010,0
2010-01-08,台北二,SE6 青蔥 粉蔥 ,16.6,10.9,5.6,11.0,1.85,6975.0,-12.37,1,5,2010,0
2010-01-09,台北二,SE6 青蔥 粉蔥 ,21.4,14.5,10.4,15.0,36.36,5571.0,-20.13,1,6,2010,0
2010-01-10,台北二,SE6 青蔥 粉蔥 ,28.8,20.0,11.9,20.1,34.0,6502.0,16.71,1,7,2010,0
2010-01-11,台北二,SE6 青蔥 粉蔥 ,,,,,,,,1,1,2010,1
2010-01-12,台北二,SE6 青蔥 粉蔥 ,24.6,18.5,13.0,18.6,-7.46,8126.0,24.98,1,2,2010,0
2010-01-13,台北二,SE6 青蔥 粉蔥 ,21.4,15.6,9.9,15.6,-16.13,8259.0,1.64,1,3,2010,0
2010-01-14,台北二,SE6 青蔥 粉蔥 ,21.7,15.5,10.2,15.7,0.64,8758.0,6.04,1,4,2010,0
2010-01-15,台北二,SE6 青蔥 粉蔥 ,21.4,15.1,10.4,15.4,-1.91,8230.0,-6.03,1,5,2010,0
2010-01-16,台北二,SE6 青蔥 粉蔥 ,21.0,15.0,10.6,15.3,-0.65,8303.0,0.89,1,6,2010,0
2010-01-17,台北二,SE6 青蔥 粉蔥 ,21.0,15.2,9.9,15.3,0.0,7143.0,-13.97,1,7,2010,0
2010-01-18,台北二,SE6 青蔥 粉蔥 ,,,,,,,,1,1,2010,1
2010-01-19,台北二,SE6 青蔥 粉蔥 ,21.1,13.5,9.5,14.2,-7.19,8970.0,25.58,1,2,2010,0
2010-01-20,台北二,SE6 青蔥 粉蔥 ,17.7,11.1,6.5,11.5,-19.01,9463.0,5.5,1,3,2010,0
2010-01-21,台北二,SE6 青蔥 粉蔥 ,16.0,10.2,4.6,10.2,-11.3,8961.0,-5.3,1,4,2010,0
2010-01-22,台北二,SE6 青蔥 粉蔥 ,14.6,9.2,3.8,9.2,-9.8,7922.0,-11.59,1,5,2010,0
2010-01-23,台北二,SE6 青蔥 粉蔥 ,17.9,9.9,5.4,10.6,15.22,6193.0,-21.83,1,6,2010,0
2010-01-24,台北二,SE6 青蔥 粉蔥 ,18.0,13.7,9.3,13.7,29.25,5414.0,-12.58,1,7,2010,0
2010-01-25,台北二,SE6 青蔥 粉蔥 ,,,,,,,,1,1,2010,1
2010-01-26,台北二,SE6 青蔥 粉蔥 ,24.2,17.4,12.2,17.7,29.2,5889.0,8.77,1,2,2010,0
2010-01-27,台北二,SE6 青蔥 粉蔥 ,24.0,17.9,12.4,18.0,1.69,6072.0,3.11,1,3,2010,0
2010-01-28,台北二,SE6 青蔥 粉蔥 ,21.3,14.3,9.6,14.8,-17.78,9040.0,48.88,1,4,2010,0
2010-01-29,台北二,SE6 青蔥 粉蔥 ,17.3,11.2,6.3,11.4,-22.97,8980.0,-0.66,1,5,2010,0
2010-01-30,台北二,SE6 青蔥 粉蔥 ,16.7,10.6,5.9,10.9,-4.39,7816.0,-12.96,1,6,2010,0
2010-01-31,台北二,SE6 青蔥 粉蔥 ,16.1,10.6,6.6,10.9,0.0,8092.0,3.53,1,7,2010,0
2010-02-01,台北二,SE6 青蔥 粉蔥 ,,,,,,,,2,1,2010,1
2010-02-02,台北二,SE6 青蔥 粉蔥 ,18.2,12.4,6.9,12.4,13.76,6134.0,-24.2,2,2,2010,0
2010-02-03,台北二,SE6 青蔥 粉蔥 ,18.8,12.2,7.0,12.5,0.81,6224.0,1.47,2,3,2010,0
2010-02-04,台北二,SE6 青蔥 粉蔥 ,17.8,12.4,8.2,12.6,0.8,6390.0,2.67,2,4,2010,0
2010-02-05,台北二,SE6 青蔥 粉蔥 ,19.9,14.4,9.6,14.6,15.87,6276.0,-1.78,2,5,2010,0
2010-02-06,台北二,SE6 青蔥 粉蔥 ,20.4,14.4,9.5,14.6,0.0,7107.0,13.24,2,6,2010,0
2010-02-07,台北二,SE6 青蔥 粉蔥 ,22.5,17.0,11.2,16.9,15.75,7884.0,10.93,2,7,2010,0
2010-02-08,台北二,SE6 青蔥 粉蔥 ,,,,,,,,2,1,2010,1
2010-02-09,台北二,SE6 青蔥 粉蔥 ,30.9,19.9,13.2,20.8,23.08,9681.0,22.79,2,2,2010,0
2010-02-10,台北二,SE6 青蔥 粉蔥 ,35.3,19.1,10.4,20.6,-0.96,12678.0,30.96,2,3,2010,0
2010-02-11,台北二,SE6 青蔥 粉蔥 ,23.0,11.8,3.8,12.4,-39.81,14641.0,15.48,2,4,2010,0
2010-02-12,台北二,SE6 青蔥 粉蔥 ,24.9,13.9,6.1,14.6,17.74,13586.0,-7.21,2,5,2010,0
2010-02-13,台北二,SE6 青蔥 粉蔥 ,28.4,15.9,6.8,16.6,13.7,6780.0,-50.1,2,6,2010,0
2010-02-14,台北二,SE6 青蔥 粉蔥 ,,,,,,,,2,7,2010,1
2010-02-15,台北二,SE6 青蔥 粉蔥 ,,,,,,,,2,1,2010,1
2010-02-16,台北二,SE6 青蔥 粉蔥 ,,,,,,,,2,2,2010,1
2010-02-17,台北二,SE6 青蔥 粉蔥 ,,,,,,,,2,3,2010,1
2010-02-18,台北二,SE6 青蔥 粉蔥 ,,,,,,,,2,4,2010,1
2010-02-19,台北二,SE6 青蔥 粉蔥 ,28.4,20.9,13.7,20.9,25.9,3917.0,-42.23,2,5,2010,0
2010-02-20,台北二,SE6 青蔥 粉蔥 ,47.5,39.8,30.6,39.5,89.0,1748.0,-55.37,2,6,2010,0
2010-02-21,台北二,SE6 青蔥 粉蔥 ,57.3,46.2,30.5,45.2,14.43,3510.0,100.8,2,7,2010,0
2010-02-22,台北二,SE6 青蔥 粉蔥 ,,,,,,,,2,1,2010,1
2010-02-23,台北二,SE6 青蔥 粉蔥 ,36.2,25.9,16.0,26.0,-42.48,8456.0,140.91,2,2,2010,0
2010-02-24,台北二,SE6 青蔥 粉蔥 ,25.4,13.9,5.0,14.4,-44.62,7589.0,-10.25,2,3,2010,0
2010-02-25,台北二,SE6 青蔥 粉蔥 ,17.2,9.0,4.2,9.7,-32.64,7566.0,-0.3,2,4,2010,0
2010-02-26,台北二,SE6 青蔥 粉蔥 ,15.7,9.6,3.8,9.6,-1.03,6622.0,-12.48,2,5,2010,0
2010-02-27,台北二,SE6 青蔥 粉蔥 ,21.6,11.7,4.5,12.2,27.08,6971.0,5.27,2,6,2010,0
2010-02-28,台北二,SE6 青蔥 粉蔥 ,32.0,20.0,7.5,19.9,63.11,6554.0,-5.98,2,7,2010,0
2010-03-01,台北二,SE6 青蔥 粉蔥 ,,,,,,,,3,1,2010,1
2010-03-02,台北二,SE6 青蔥 粉蔥 ,,,,,,,,3,2,2010,1
2010-03-03,台北二,SE6 青蔥 粉蔥 ,24.3,19.1,9.4,18.2,-8.54,5420.0,-17.3,3,3,2010,0
2010-03-04,台北二,SE6 青蔥 粉蔥 ,23.1,16.8,8.1,16.3,-10.44,5969.0,10.13,3,4,2010,0
2010-03-05,台北二,SE6 青蔥 粉蔥 ,25.7,20.1,10.0,19.2,17.79,4782.0,-19.89,3,5,2010,0
2010-03-06,台北二,SE6 青蔥 粉蔥 ,30.7,22.9,10.2,21.9,14.06,4623.0,-3.32,3,6,2010,0
2010-03-07,台北二,SE6 青蔥 粉蔥 ,33.9,19.5,11.7,20.8,-5.02,6269.0,35.6,3,7,2010,0
2010-03-08,台北二,SE6 青蔥 粉蔥 ,,,,,,,,3,1,2010,1
2010-03-09,台北二,SE6 青蔥 粉蔥 ,34.1,27.0,17.1,26.4,26.92,4775.0,-23.83,3,2,2010,0
2010-03-10,台北二,SE6 青蔥 粉蔥 ,34.8,26.3,13.6,25.5,-3.41,4837.0,1.3,3,3,2010,0
2010-03-11,台北二,SE6 青蔥 粉蔥 ,32.7,25.1,17.8,25.2,-1.18,5431.0,12.28,3,4,2010,0
2010-03-12,台北二,SE6 青蔥 粉蔥 ,30.4,24.6,15.2,23.9,-5.16,5036.0,-7.27,3,5,2010,0
2010-03-13,台北二,SE6 青蔥 粉蔥 ,34.9,28.7,20.1,28.2,17.99,3884.0,-22.88,3,6,2010,0
2010-03-14,台北二,SE6 青蔥 粉蔥 ,34.0,28.2,19.0,27.6,-2.13,4392.0,13.08,3,7,2010,0
2010-03-15,台北二,SE6 青蔥 粉蔥 ,,,,,,,,3,1,2010,1
2010-03-16,台北二,SE6 青蔥 粉蔥 ,34.5,26.6,16.2,26.1,-5.43,4228.0,-3.73,3,2,2010,0
2010-03-17,台北二,SE6 青蔥 粉蔥 ,32.7,26.0,19.5,26.0,-0.38,3903.0,-7.69,3,3,2010,0
2010-03-18,台北二,SE6 青蔥 粉蔥 ,31.6,23.7,13.7,23.3,-10.38,3259.0,-16.5,3,4,2010,0
2010-03-19,台北二,SE6 青蔥 粉蔥 ,30.4,25.3,16.6,24.6,5.58,2840.0,-12.86,3,5,2010,0
2010-03-20,台北二,SE6 青蔥 粉蔥 ,31.6,24.3,13.3,23.5,-4.47,4925.0,73.42,3,6,2010,0
2010-03-21,台北二,SE6 青蔥 粉蔥 ,29.2,23.2,12.8,22.3,-5.11,4596.0,-6.68,3,7,2010,0
2010-03-22,台北二,SE6 青蔥 粉蔥 ,,,,,,,,3,1,2010,1
2010-03-23,台北二,SE6 青蔥 粉蔥 ,31.6,23.9,12.9,23.3,4.48,5447.0,18.52,3,2,2010,0
2010-03-24,台北二,SE6 青蔥 粉蔥 ,25.9,18.0,7.5,17.4,-25.32,5501.0,0.99,3,3,2010,0
2010-03-25,台北二,SE6 青蔥 粉蔥 ,28.8,18.1,9.3,18.5,6.32,4651.0,-15.45,3,4,2010,0
2010-03-26,台北二,SE6 青蔥 粉蔥 ,27.1,21.3,12.3,20.7,11.89,3688.0,-20.71,3,5,2010,0
2010-03-27,台北二,SE6 青蔥 粉蔥 ,28.7,23.0,12.0,22.0,6.28,4467.0,21.12,3,6,2010,0
2010-03-28,台北二,SE6 青蔥 粉蔥 ,33.6,26.6,15.3,25.7,16.82,4397.0,-1.57,3,7,2010,0
2010-03-29,台北二,SE6 青蔥 粉蔥 ,,,,,,,,3,1,2010,1
2010-03-30,台北二,SE6 青蔥 粉蔥 ,35.4,30.4,22.5,29.8,15.95,4011.0,-8.78,3,2,2010,0
2010-03-31,台北二,SE6 青蔥 粉蔥 ,35.7,30.2,25.1,30.3,1.68,4461.0,11.22,3,3,2010,0
2010-04-01,台北二,SE6 青蔥 粉蔥 ,34.2,25.6,18.7,25.9,-14.52,5615.0,25.87,4,4,2010,0
2010-04-02,台北二,SE6 青蔥 粉蔥 ,31.4,24.2,17.2,24.3,-6.18,4488.0,-20.07,4,5,2010,0
2010-04-03,台北二,SE6 青蔥 粉蔥 ,32.5,26.2,15.0,25.2,3.7,5210.0,16.09,4,6,2010,0
2010-04-04,台北二,SE6 青蔥 粉蔥 ,30.4,23.6,16.2,23.5,-6.75,6471.0,24.2,4,7,2010,0
2010-04-05,台北二,SE6 青蔥 粉蔥 ,,,,,,,,4,1,2010,1
2010-04-06,台北二,SE6 青蔥 粉蔥 ,,,,,,,,4,2,2010,1
2010-04-07,台北二,SE6 青蔥 粉蔥 ,32.0,25.3,15.4,24.7,5.11,4636.0,-28.36,4,3,2010,0
2010-04-08,台北二,SE6 青蔥 粉蔥 ,36.8,25.4,17.1,26.0,5.26,3861.0,-16.72,4,4,2010,0
2010-04-09,台北二,SE6 青蔥 粉蔥 ,37.2,29.0,19.8,28.8,10.77,3878.0,0.44,4,5,2010,0
2010-04-10,台北二,SE6 青蔥 粉蔥 ,40.8,33.2,20.8,32.2,11.81,3567.0,-8.02,4,6,2010,0
2010-04-11,台北二,SE6 青蔥 粉蔥 ,35.1,27.4,19.1,27.3,-15.22,5458.0,53.01,4,7,2010,0
2010-04-12,台北二,SE6 青蔥 粉蔥 ,,,,,,,,4,1,2010,1
2010-04-13,台北二,SE6 青蔥 粉蔥 ,36.9,29.2,14.0,27.7,1.47,4011.0,-26.51,4,2,2010,0
2010-04-14,台北二,SE6 青蔥 粉蔥 ,35.9,31.2,20.7,30.1,8.66,3862.0,-3.71,4,3,2010,0
2010-04-15,台北二,SE6 青蔥 粉蔥 ,38.4,31.0,16.6,29.6,-1.66,3932.0,1.81,4,4,2010,0
2010-04-16,台北二,SE6 青蔥 粉蔥 ,32.0,26.4,18.2,25.9,-12.5,4899.0,24.59,4,5,2010,0
2010-04-17,台北二,SE6 青蔥 粉蔥 ,37.0,32.2,23.0,31.3,20.85,4259.0,-13.06,4,6,2010,0
2010-04-18,台北二,SE6 青蔥 粉蔥 ,34.7,28.2,22.3,28.3,-9.58,4623.0,8.55,4,7,2010,0
2010-04-19,台北二,SE6 青蔥 粉蔥 ,,,,,,,,4,1,2010,1
2010-04-20,台北二,SE6 青蔥 粉蔥 ,36.7,27.7,16.2,27.2,-3.89,5570.0,20.48,4,2,2010,0
2010-04-21,台北二,SE6 青蔥 粉蔥 ,34.5,26.4,14.2,25.6,-5.88,4561.0,-18.11,4,3,2010,0
2010-04-22,台北二,SE6 青蔥 粉蔥 ,35.2,27.6,15.0,26.6,3.91,3481.0,-23.68,4,4,2010,0
2010-04-23,台北二,SE6 青蔥 粉蔥 ,35.7,27.9,15.9,27.1,1.88,3439.0,-1.21,4,5,2010,0
2010-04-24,台北二,SE6 青蔥 粉蔥 ,39.3,31.6,22.0,31.2,15.13,3037.0,-11.69,4,6,2010,0
2010-04-25,台北二,SE6 青蔥 粉蔥 ,45.6,40.0,31.0,39.3,25.96,3523.0,16.0,4,7,2010,0
2010-04-26,台北二,SE6 青蔥 粉蔥 ,,,,,,,,4,1,2010,1
2010-04-27,台北二,SE6 青蔥 粉蔥 ,43.4,35.0,24.4,34.5,-12.21,4582.0,30.06,4,2,2010,0
2010-04-28,台北二,SE6 青蔥 粉蔥 ,40.9,30.9,23.1,31.4,-8.99,5032.0,9.82,4,3,2010,0
2010-04-29,台北二,SE6 青蔥 粉蔥 ,34.8,29.3,20.1,28.6,-8.92,4336.0,-13.83,4,4,2010,0
2010-04-30,台北二,SE6 青蔥 粉蔥 ,34.7,26.5,18.2,26.5,-7.34,4917.0,13.4,4,5,2010,0
2010-05-01,台北二,SE6 青蔥 粉蔥 ,33.4,27.8,21.5,27.7,4.53,4569.0,-7.08,5,6,2010,0
2010-05-02,台北二,SE6 青蔥 粉蔥 ,30.0,24.0,16.8,23.8,-14.08,6046.0,32.33,5,7,2010,0
2010-05-03,台北二,SE6 青蔥 粉蔥 ,,,,,,,,5,1,2010,1
2010-05-04,台北二,SE6 青蔥 粉蔥 ,37.8,31.6,21.4,30.8,29.41,3234.0,-46.51,5,2,2010,0
2010-05-05,台北二,SE6 青蔥 粉蔥 ,38.3,28.9,15.4,28.1,-8.77,4444.0,37.41,5,3,2010,0
2010-05-06,台北二,SE6 青蔥 粉蔥 ,31.2,22.1,13.7,22.3,-20.64,4810.0,8.24,5,4,2010,0
2010-05-07,台北二,SE6 青蔥 粉蔥 ,30.0,24.5,16.5,24.0,7.62,3050.0,-36.59,5,5,2010,0
2010-05-08,台北二,SE6 青蔥 粉蔥 ,32.4,22.8,12.5,22.7,-5.42,4110.0,34.75,5,6,2010,0
2010-05-09,台北二,SE6 青蔥 粉蔥 ,35.1,27.2,19.5,27.3,20.26,3712.0,-9.68,5,7,2010,0
2010-05-10,台北二,SE6 青蔥 粉蔥 ,,,,,,,,5,1,2010,1
2010-05-11,台北二,SE6 青蔥 粉蔥 ,37.0,31.6,22.7,30.9,13.19,3917.0,5.52,5,2,2010,0
2010-05-12,台北二,SE6 青蔥 粉蔥 ,29.9,21.4,16.2,22.1,-28.48,5530.0,41.18,5,3,2010,0
2010-05-13,台北二,SE6 青蔥 粉蔥 ,26.9,21.6,14.7,21.3,-3.62,3223.0,-41.72,5,4,2010,0
2010-05-14,台北二,SE6 青蔥 粉蔥 ,26.6,22.1,15.1,21.6,1.41,2890.0,-10.33,5,5,2010,0
2010-05-15,台北二,SE6 青蔥 粉蔥 ,34.2,26.6,20.3,26.8,24.07,2668.0,-7.68,5,6,2010,0
2010-05-16,台北二,SE6 青蔥 粉蔥 ,29.1,23.0,16.9,23.0,-14.18,5597.0,109.78,5,7,2010,0
2010-05-17,台北二,SE6 青蔥 粉蔥 ,,,,,,,,5,1,2010,1
2010-05-18,台北二,SE6 青蔥 粉蔥 ,31.4,25.2,18.9,25.2,9.57,3830.0,-31.57,5,2,2010,0
2010-05-19,台北二,SE6 青蔥 粉蔥 ,27.9,21.2,15.6,21.4,-15.08,3210.0,-16.19,5,3,2010,0
2010-05-20,台北二,SE6 青蔥 粉蔥 ,26.1,20.5,12.1,19.9,-7.01,3386.0,5.48,5,4,2010,0
2010-05-21,台北二,SE6 青蔥 粉蔥 ,26.6,22.7,16.7,22.3,12.06,2823.0,-16.63,5,5,2010,0
2010-05-22,台北二,SE6 青蔥 粉蔥 ,31.7,27.5,18.3,26.5,18.83,3128.0,10.8,5,6,2010,0
2010-05-23,台北二,SE6 青蔥 粉蔥 ,28.7,21.0,12.6,20.8,-21.51,4511.0,44.21,5,7,2010,0
2010-05-24,台北二,SE6 青蔥 粉蔥 ,,,,,,,,5,1,2010,1
2010-05-25,台北二,SE6 青蔥 粉蔥 ,46.2,38.7,31.7,38.8,86.54,2080.0,-53.89,5,2,2010,0
2010-05-26,台北二,SE6 青蔥 粉蔥 ,46.9,38.2,28.1,37.9,-2.32,3901.0,87.55,5,3,2010,0
2010-05-27,台北二,SE6 青蔥 粉蔥 ,34.6,27.1,21.6,27.5,-27.44,5424.0,39.04,5,4,2010,0
2010-05-28,台北二,SE6 青蔥 粉蔥 ,30.4,25.6,16.5,24.7,-10.18,3474.0,-35.95,5,5,2010,0
2010-05-29,台北二,SE6 青蔥 粉蔥 ,30.7,27.9,22.1,27.3,10.53,3437.0,-1.07,5,6,2010,0
2010-05-30,台北二,SE6 青蔥 粉蔥 ,27.8,24.5,17.6,23.7,-13.19,3673.0,6.87,5,7,2010,0
2010-05-31,台北二,SE6 青蔥 粉蔥 ,,,,,,,,5,1,2010,1
2010-06-01,台北二,SE6 青蔥 粉蔥 ,33.7,29.7,24.1,29.4,24.05,4568.0,24.37,6,2,2010,0
2010-06-02,台北二,SE6 青蔥 粉蔥 ,29.9,24.4,17.6,24.2,-17.69,4786.0,4.77,6,3,2010,0
2010-06-03,台北二,SE6 青蔥 粉蔥 ,29.9,25.2,19.1,24.9,2.89,3071.0,-35.83,6,4,2010,0
2010-06-04,台北二,SE6 青蔥 粉蔥 ,36.5,29.1,22.0,29.2,17.27,2985.0,-2.8,6,5,2010,0
2010-06-05,台北二,SE6 青蔥 粉蔥 ,33.5,28.4,23.8,28.5,-2.4,2983.0,-0.07,6,6,2010,0
2010-06-06,台北二,SE6 青蔥 粉蔥 ,34.9,29.4,21.3,28.9,1.4,3766.0,26.25,6,7,2010,0
2010-06-07,台北二,SE6 青蔥 粉蔥 ,,,,,,,,6,1,2010,1
2010-06-08,台北二,SE6 青蔥 粉蔥 ,39.3,33.2,26.1,33.0,14.19,2926.0,-22.3,6,2,2010,0
2010-06-09,台北二,SE6 青蔥 粉蔥 ,32.7,27.2,21.6,27.2,-17.58,3771.0,28.88,6,3,2010,0
2010-06-10,台北二,SE6 青蔥 粉蔥 ,30.8,24.9,17.5,24.6,-9.56,3520.0,-6.66,6,4,2010,0
2010-06-11,台北二,SE6 青蔥 粉蔥 ,29.8,24.5,17.7,24.2,-1.63,2896.0,-17.73,6,5,2010,0
2010-06-12,台北二,SE6 青蔥 粉蔥 ,28.0,24.9,18.8,24.3,0.41,2697.0,-6.87,6,6,2010,0
2010-06-13,台北二,SE6 青蔥 粉蔥 ,28.5,26.2,18.7,25.2,3.7,2801.0,3.86,6,7,2010,0
2010-06-14,台北二,SE6 青蔥 粉蔥 ,,,,,,,,6,1,2010,1
2010-06-15,台北二,SE6 青蔥 粉蔥 ,38.4,30.4,22.0,30.3,20.24,2999.0,7.07,6,2,2010,0
2010-06-16,台北二,SE6 青蔥 粉蔥 ,37.3,28.9,19.0,28.6,-5.61,5214.0,73.86,6,3,2010,0
2010-06-17,台北二,SE6 青蔥 粉蔥 ,,,,,,,,6,4,2010,1
2010-06-18,台北二,SE6 青蔥 粉蔥 ,,,,,,,,6,5,2010,1
2010-06-19,台北二,SE6 青蔥 粉蔥 ,30.7,24.4,14.6,23.7,-17.13,4989.0,-4.32,6,6,2010,0
2010-06-20,台北二,SE6 青蔥 粉蔥 ,31.9,21.0,14.2,21.8,-8.02,4917.0,-1.44,6,7,2010,0
2010-06-21,台北二,SE6 青蔥 粉蔥 ,,,,,,,,6,1,2010,1
2010-06-22,台北二,SE6 青蔥 粉蔥 ,28.6,20.7,15.1,21.1,-3.21,3926.0,-20.15,6,2,2010,0
2010-06-23,台北二,SE6 青蔥 粉蔥 ,25.5,19.1,13.5,19.2,-9.0,3248.0,-17.27,6,3,2010,0
2010-06-24,台北二,SE6 青蔥 粉蔥 ,25.6,19.7,16.0,20.1,4.69,2560.0,-21.18,6,4,2010,0
2010-06-25,台北二,SE6 青蔥 粉蔥 ,27.8,22.3,16.4,22.2,10.45,2484.0,-2.97,6,5,2010,0
2010-06-26,台北二,SE6 青蔥 粉蔥 ,28.8,20.3,14.0,20.8,-6.31,3535.0,42.31,6,6,2010,0
2010-06-27,台北二,SE6 青蔥 粉蔥 ,30.0,24.9,12.8,23.5,12.98,2781.0,-21.33,6,7,2010,0
2010-06-28,台北二,SE6 青蔥 粉蔥 ,,,,,,,,6,1,2010,1
2010-06-29,台北二,SE6 青蔥 粉蔥 ,28.4,23.8,18.7,23.7,0.85,2920.0,5.0,6,2,2010,0
2010-06-30,台北二,SE6 青蔥 粉蔥 ,29.7,23.0,17.2,23.2,-2.11,2119.0,-27.43,6,3,2010,0
2010-07-01,台北二,SE6 青蔥 粉蔥 ,28.0,21.3,15.0,21.4,-7.76,2787.0,31.52,7,4,2010,0
2010-07-02,台北二,SE6 青蔥 粉蔥 ,31.0,22.9,16.0,23.1,7.94,2978.0,6.85,7,5,2010,0
2010-07-03,台北二,SE6 青蔥 粉蔥 ,30.3,21.9,13.6,21.9,-5.19,3874.0,30.09,7,6,2010,0
2010-07-04,台北二,SE6 青蔥 粉蔥 ,34.6,25.8,14.3,25.2,15.07,2762.0,-28.7,7,7,2010,0
2010-07-05,台北二,SE6 青蔥 粉蔥 ,,,,,,,,7,1,2010,1
2010-07-06,台北二,SE6 青蔥 粉蔥 ,35.0,26.0,16.6,26.0,3.17,2828.0,2.39,7,2,2010,0
2010-07-07,台北二,SE6 青蔥 粉蔥 ,29.8,22.5,13.2,22.1,-15.0,2803.0,-0.88,7,3,2010,0
2010-07-08,台北二,SE6 青蔥 粉蔥 ,29.4,21.9,14.3,21.9,-0.9,2741.0,-2.21,7,4,2010,0
2010-07-09,台北二,SE6 青蔥 粉蔥 ,31.7,25.5,17.6,25.2,15.07,2256.0,-17.69,7,5,2010,0
2010-07-10,台北二,SE6 青蔥 粉蔥 ,36.0,28.3,13.4,26.9,6.75,2303.0,2.08,7,6,2010,0
2010-07-11,台北二,SE6 青蔥 粉蔥 ,32.6,29.5,22.2,28.7,6.69,2330.0,1.17,7,7,2010,0
2010-07-12,台北二,SE6 青蔥 粉蔥 ,,,,,,,,7,1,2010,1
2010-07-13,台北二,SE6 青蔥 粉蔥 ,41.4,35.2,19.4,33.3,16.03,1912.0,-17.94,7,2,2010,0
2010-07-14,台北二,SE6 青蔥 粉蔥 ,48.1,41.4,29.4,40.3,21.02,1481.0,-22.54,7,3,2010,0
2010-07-15,台北二,SE6 青蔥 粉蔥 ,44.8,36.6,27.7,36.5,-9.43,2127.0,43.62,7,4,2010,0
2010-07-16,台北二,SE6 青蔥 粉蔥 ,43.6,37.0,19.3,34.8,-4.66,1362.0,-35.97,7,5,2010,0
2010-07-17,台北二,SE6 青蔥 粉蔥 ,42.5,34.9,23.5,34.2,-1.72,2169.0,59.25,7,6,2010,0
2010-07-18,台北二,SE6 青蔥 粉蔥 ,42.0,36.2,26.6,35.4,3.51,2042.0,-5.86,7,7,2010,0
2010-07-19,台北二,SE6 青蔥 粉蔥 ,,,,,,,,7,1,2010,1
2010-07-20,台北二,SE6 青蔥 粉蔥 ,42.2,33.6,17.7,32.1,-9.32,1962.0,-3.92,7,2,2010,0
2010-07-21,台北二,SE6 青蔥 粉蔥 ,41.0,37.4,27.4,36.1,12.46,1187.0,-39.5,7,3,2010,0
2010-07-22,台北二,SE6 青蔥 粉蔥 ,40.3,33.9,20.2,32.5,-9.97,1543.0,29.99,7,4,2010,0
2010-07-23,台北二,SE6 青蔥 粉蔥 ,45.2,31.3,19.0,31.6,-2.77,1553.0,0.65,7,5,2010,0
2010-07-24,台北二,SE6 青蔥 粉蔥 ,43.0,34.3,20.7,33.3,5.38,1337.0,-13.91,7,6,2010,0
2010-07-25,台北二,SE6 青蔥 粉蔥 ,43.5,40.3,23.0,37.5,12.61,1119.0,-16.31,7,7,2010,0
2010-07-26,台北二,SE6 青蔥 粉蔥 ,,,,,,,,7,1,2010,1
2010-07-27,台北二,SE6 青蔥 粉蔥 ,48.0,39.9,22.0,37.9,1.07,924.0,-17.43,7,2,2010,0
2010-07-28,台北二,SE6 青蔥 粉蔥 ,55.4,49.7,36.2,48.2,27.18,742.0,-19.7,7,3,2010,0
2010-07-29,台北二,SE6 青蔥 粉蔥 ,54.5,38.3,26.9,39.3,-18.46,1944.0,161.99,7,4,2010,0
2010-07-30,台北二,SE6 青蔥 粉蔥 ,48.8,31.5,19.1,32.5,-17.3,1864.0,-4.12,7,5,2010,0
2010-07-31,台北二,SE6 青蔥 粉蔥 ,38.5,28.4,20.0,28.7,-11.69,1954.0,4.83,7,6,2010,0
2010-08-01,台北二,SE6 青蔥 粉蔥 ,39.0,28.5,19.8,28.9,0.7,2162.0,10.64,8,7,2010,0
2010-08-02,台北二,SE6 青蔥 粉蔥 ,,,,,,,,8,1,2010,1
2010-08-03,台北二,SE6 青蔥 粉蔥 ,40.4,30.3,19.7,30.2,4.5,1432.0,-33.77,8,2,2010,0
2010-08-04,台北二,SE6 青蔥 粉蔥 ,43.0,32.8,22.5,32.8,8.61,1746.0,21.93,8,3,2010,0
2010-08-05,台北二,SE6 青蔥 粉蔥 ,46.8,37.6,26.7,37.3,13.72,1867.0,6.93,8,4,2010,0
2010-08-06,台北二,SE6 青蔥 粉蔥 ,46.8,34.1,22.5,34.3,-8.04,2315.0,24.0,8,5,2010,0
2010-08-07,台北二,SE6 青蔥 粉蔥 ,48.0,39.5,27.2,38.7,12.83,2174.0,-6.09,8,6,2010,0
2010-08-08,台北二,SE6 青蔥 粉蔥 ,48.0,36.3,24.2,36.2,-6.46,2406.0,10.67,8,7,2010,0
2010-08-09,台北二,SE6 青蔥 粉蔥 ,,,,,,,,8,1,2010,1
2010-08-10,台北二,SE6 青蔥 粉蔥 ,42.8,32.4,26.5,33.3,-8.01,1080.0,-55.11,8,2,2010,0
2010-08-11,台北二,SE6 青蔥 粉蔥 ,43.2,27.1,20.4,29.0,-12.91,2174.0,101.3,8,3,2010,0
2010-08-12,台北二,SE6 青蔥 粉蔥 ,35.0,25.8,15.5,25.6,-11.72,1738.0,-20.06,8,4,2010,0
2010-08-13,台北二,SE6 青蔥 粉蔥 ,32.4,23.7,14.7,23.7,-7.42,1473.0,-15.25,8,5,2010,0
2010-08-14,台北二,SE6 青蔥 粉蔥 ,31.1,23.8,14.9,23.5,-0.84,1354.0,-8.08,8,6,2010,0
2010-08-15,台北二,SE6 青蔥 粉蔥 ,33.1,27.1,19.9,26.9,14.47,1523.0,12.48,8,7,2010,0
2010-08-16,台北二,SE6 青蔥 粉蔥 ,,,,,,,,8,1,2010,1
2010-08-17,台北二,SE6 青蔥 粉蔥 ,40.4,35.2,27.6,34.7,29.0,1590.0,4.4,8,2,2010,0
2010-08-18,台北二,SE6 青蔥 粉蔥 ,48.9,32.1,24.7,34.0,-2.02,2041.0,28.36,8,3,2010,0
2010-08-19,台北二,SE6 青蔥 粉蔥 ,46.9,30.3,21.0,31.8,-6.47,2366.0,15.92,8,4,2010,0
2010-08-20,台北二,SE6 青蔥 粉蔥 ,47.1,28.6,18.3,30.2,-5.03,2490.0,5.24,8,5,2010,0
2010-08-21,台北二,SE6 青蔥 粉蔥 ,45.0,33.5,24.4,34.0,12.58,1832.0,-26.43,8,6,2010,0
2010-08-22,台北二,SE6 青蔥 粉蔥 ,45.9,30.5,22.7,32.0,-5.88,2812.0,53.49,8,7,2010,0
2010-08-23,台北二,SE6 青蔥 粉蔥 ,42.8,32.2,17.6,31.4,-1.88,2315.0,-17.67,8,1,2010,0
2010-08-24,台北二,SE6 青蔥 粉蔥 ,53.0,32.8,23.0,34.9,11.15,3164.0,36.67,8,2,2010,0
2010-08-25,台北二,SE6 青蔥 粉蔥 ,,,,,,,,8,3,2010,1
2010-08-26,台北二,SE6 青蔥 粉蔥 ,,,,,,,,8,4,2010,1
2010-08-27,台北二,SE6 青蔥 粉蔥 ,39.6,28.1,21.0,28.9,-17.19,1379.0,-56.42,8,5,2010,0
2010-08-28,台北二,SE6 青蔥 粉蔥 ,44.4,32.5,23.9,33.2,14.88,1270.0,-7.9,8,6,2010,0
2010-08-29,台北二,SE6 青蔥 粉蔥 ,50.8,36.9,26.0,37.5,12.95,1734.0,36.54,8,7,2010,0
2010-08-30,台北二,SE6 青蔥 粉蔥 ,,,,,,,,8,1,2010,1
2010-08-31,台北二,SE6 青蔥 粉蔥 ,81.0,58.1,36.0,58.2,55.2,2998.0,72.9,8,2,2010,0
2010-09-01,台北二,SE6 青蔥 粉蔥 ,75.0,47.1,30.8,49.4,-15.12,2561.0,-14.58,9,3,2010,0
2010-09-02,台北二,SE6 青蔥 粉蔥 ,45.0,26.6,16.7,28.3,-42.71,2868.0,11.99,9,4,2010,0
2010-09-03,台北二,SE6 青蔥 粉蔥 ,35.0,24.2,13.4,24.2,-14.49,2138.0,-25.45,9,5,2010,0
2010-09-04,台北二,SE6 青蔥 粉蔥 ,39.9,32.7,20.1,31.6,30.58,1297.0,-39.34,9,6,2010,0
2010-09-05,台北二,SE6 青蔥 粉蔥 ,30.0,26.7,17.8,25.6,-18.99,1854.0,42.95,9,7,2010,0
2010-09-06,台北二,SE6 青蔥 粉蔥 ,,,,,,,,9,1,2010,1
2010-09-07,台北二,SE6 青蔥 粉蔥 ,32.0,30.8,30.0,30.9,20.7,1060.0,-42.83,9,2,2010,0
2010-09-08,台北二,SE6 青蔥 粉蔥 ,31.4,24.6,22.0,25.4,-17.8,860.0,-18.87,9,3,2010,0
2010-09-09,台北二,SE6 青蔥 粉蔥 ,37.0,37.0,37.0,37.0,45.67,42.0,-95.12,9,4,2010,0
2010-09-10,台北二,SE6 青蔥 粉蔥 ,60.0,60.0,43.7,56.7,53.24,920.0,2090.48,9,5,2010,0
2010-09-11,台北二,SE6 青蔥 粉蔥 ,50.0,43.6,28.0,41.7,-26.46,1348.0,46.52,9,6,2010,0
2010-09-12,台北二,SE6 青蔥 粉蔥 ,35.0,30.1,18.3,28.7,-31.18,2035.0,50.96,9,7,2010,0
2010-09-13,台北二,SE6 青蔥 粉蔥 ,,,,,,,,9,1,2010,1
2010-09-14,台北二,SE6 青蔥 粉蔥 ,38.0,34.4,19.3,32.1,11.85,1705.0,-16.22,9,2,2010,0
2010-09-15,台北二,SE6 青蔥 粉蔥 ,38.0,37.0,31.7,36.2,12.77,1340.0,-21.41,9,3,2010,0
2010-09-16,台北二,SE6 青蔥 粉蔥 ,55.0,55.0,55.0,55.0,51.93,1000.0,-25.37,9,4,2010,0
2010-09-17,台北二,SE6 青蔥 粉蔥 ,65.0,65.0,63.5,64.7,17.64,1094.0,9.4,9,5,2010,0
2010-09-18,台北二,SE6 青蔥 粉蔥 ,65.0,63.8,47.7,60.8,-6.03,1312.0,19.93,9,6,2010,0
2010-09-19,台北二,SE6 青蔥 粉蔥 ,48.7,32.0,21.6,33.2,-45.39,4875.0,271.57,9,7,2010,0
2010-09-20,台北二,SE6 青蔥 粉蔥 ,,,,,,,,9,1,2010,1
2010-09-21,台北二,SE6 青蔥 粉蔥 ,45.7,43.1,38.3,42.7,28.61,1074.0,-77.97,9,2,2010,0
2010-09-22,台北二,SE6 青蔥 粉蔥 ,40.0,32.6,24.0,32.4,-24.12,1782.0,65.92,9,3,2010,0
2010-09-23,台北二,SE6 青蔥 粉蔥 ,,,,,,,,9,4,2010,1
2010-09-24,台北二,SE6 青蔥 粉蔥 ,,,,,,,,9,5,2010,1
2010-09-25,台北二,SE6 青蔥 粉蔥 ,55.0,55.0,50.6,54.1,66.98,549.0,-69.19,9,6,2010,0
2010-09-26,台北二,SE6 青蔥 粉蔥 ,68.9,67.5,44.6,63.2,16.82,955.0,73.95,9,7,2010,0
2010-09-27,台北二,SE6 青蔥 粉蔥 ,,,,,,,,9,1,2010,1
2010-09-28,台北二,SE6 青蔥 粉蔥 ,74.0,68.0,54.9,66.6,5.38,884.0,-7.43,9,2,2010,0
2010-09-29,台北二,SE6 青蔥 粉蔥 ,67.9,39.7,27.9,42.9,-35.59,932.0,5.43,9,3,2010,0
2010-09-30,台北二,SE6 青蔥 粉蔥 ,75.0,64.3,45.1,62.6,45.92,335.0,-64.06,9,4,2010,0
2010-10-01,台北二,SE6 青蔥 粉蔥 ,65.0,45.7,28.7,46.1,-26.36,1174.0,250.45,10,5,2010,0
2010-10-02,台北二,SE6 青蔥 粉蔥 ,55.0,45.2,22.0,42.5,-7.81,1636.0,39.35,10,6,2010,0
2010-10-03,台北二,SE6 青蔥 粉蔥 ,53.4,37.7,26.3,38.6,-9.18,2708.0,65.53,10,7,2010,0
2010-10-04,台北二,SE6 青蔥 粉蔥 ,,,,,,,,10,1,2010,1
2010-10-05,台北二,SE6 青蔥 粉蔥 ,39.5,35.8,20.3,33.5,-13.21,1653.0,-38.96,10,2,2010,0
2010-10-06,台北二,SE6 青蔥 粉蔥 ,61.6,42.6,32.4,44.4,32.54,1833.0,10.89,10,3,2010,0
2010-10-07,台北二,SE6 青蔥 粉蔥 ,45.0,43.6,37.8,42.7,-3.83,955.0,-47.9,10,4,2010,0
2010-10-08,台北二,SE6 青蔥 粉蔥 ,43.1,38.1,33.2,38.2,-10.54,1475.0,54.45,10,5,2010,0
2010-10-09,台北二,SE6 青蔥 粉蔥 ,41.2,37.3,24.2,35.4,-7.33,2156.0,46.17,10,6,2010,0
2010-10-10,台北二,SE6 青蔥 粉蔥 ,45.7,35.0,21.7,34.4,-2.82,3403.0,57.84,10,7,2010,0
2010-10-11,台北二,SE6 青蔥 粉蔥 ,,,,,,,,10,1,2010,1
2010-10-12,台北二,SE6 青蔥 粉蔥 ,56.4,35.0,19.8,36.3,5.52,3531.0,3.76,10,2,2010,0
2010-10-13,台北二,SE6 青蔥 粉蔥 ,45.0,31.0,15.0,30.6,-15.7,1762.0,-50.1,10,3,2010,0
2010-10-14,台北二,SE6 青蔥 粉蔥 ,46.3,30.2,9.0,29.2,-4.58,1788.0,1.48,10,4,2010,0
2010-10-15,台北二,SE6 青蔥 粉蔥 ,41.1,21.6,11.4,23.4,-19.86,4101.0,129.36,10,5,2010,0
2010-10-16,台北二,SE6 青蔥 粉蔥 ,43.0,35.0,18.5,33.3,42.31,2234.0,-45.53,10,6,2010,0
2010-10-17,台北二,SE6 青蔥 粉蔥 ,49.2,42.4,22.1,39.7,19.22,2091.0,-6.4,10,7,2010,0
2010-10-18,台北二,SE6 青蔥 粉蔥 ,,,,,,,,10,1,2010,1
2010-10-19,台北二,SE6 青蔥 粉蔥 ,51.5,37.9,19.9,37.0,-6.8,1853.0,-11.38,10,2,2010,0
2010-10-20,台北二,SE6 青蔥 粉蔥 ,48.0,25.6,15.0,28.0,-24.32,2720.0,46.79,10,3,2010,0
2010-10-21,台北二,SE6 青蔥 粉蔥 ,44.5,24.8,16.2,27.0,-3.57,2650.0,-2.57,10,4,2010,0
2010-10-22,台北二,SE6 青蔥 粉蔥 ,61.2,40.2,19.6,40.3,49.26,2570.0,-3.02,10,5,2010,0
2010-10-23,台北二,SE6 青蔥 粉蔥 ,72.2,51.9,26.4,50.9,26.3,1018.0,-60.39,10,6,2010,0
2010-10-24,台北二,SE6 青蔥 粉蔥 ,60.6,36.8,17.7,37.7,-25.93,4025.0,295.38,10,7,2010,0
2010-10-25,台北二,SE6 青蔥 粉蔥 ,,,,,,,,10,1,2010,1
2010-10-26,台北二,SE6 青蔥 粉蔥 ,46.2,28.8,17.7,30.1,-20.16,4506.0,11.95,10,2,2010,0
2010-10-27,台北二,SE6 青蔥 粉蔥 ,52.3,23.6,13.5,27.3,-9.3,3957.0,-12.18,10,3,2010,0
2010-10-28,台北二,SE6 青蔥 粉蔥 ,52.2,27.1,11.9,29.1,6.59,3532.0,-10.74,10,4,2010,0
2010-10-29,台北二,SE6 青蔥 粉蔥 ,50.3,29.4,17.8,31.2,7.22,3800.0,7.59,10,5,2010,0
2010-10-30,台北二,SE6 青蔥 粉蔥 ,48.0,27.6,20.2,30.2,-3.21,4386.0,15.42,10,6,2010,0
2010-10-31,台北二,SE6 青蔥 粉蔥 ,48.3,28.6,15.6,29.9,-0.99,4366.0,-0.46,10,7,2010,0
2010-11-01,台北二,SE6 青蔥 粉蔥 ,,,,,,,,11,1,2010,1
2010-11-02,台北二,SE6 青蔥 粉蔥 ,64.2,49.3,23.5,47.1,57.53,2062.0,-52.77,11,2,2010,0
2010-11-03,台北二,SE6 青蔥 粉蔥 ,47.3,35.9,24.0,35.8,-23.99,2972.0,44.13,11,3,2010,0
2010-11-04,台北二,SE6 青蔥 粉蔥 ,33.9,23.9,17.5,24.6,-31.28,1638.0,-44.89,11,4,2010,0
2010-11-05,台北二,SE6 青蔥 粉蔥 ,63.2,30.7,21.6,35.4,43.9,1631.0,-0.43,11,5,2010,0
2010-11-06,台北二,SE6 青蔥 粉蔥 ,62.6,34.4,12.0,35.5,0.28,860.0,-47.27,11,6,2010,0
2010-11-07,台北二,SE6 青蔥 粉蔥 ,39.4,19.7,12.0,22.1,-37.75,4217.0,390.35,11,7,2010,0
2010-11-08,台北二,SE6 青蔥 粉蔥 ,,,,,,,,11,1,2010,1
2010-11-09,台北二,SE6 青蔥 粉蔥 ,60.0,43.4,24.3,42.9,94.12,577.0,-86.32,11,2,2010,0
2010-11-10,台北二,SE6 青蔥 粉蔥 ,40.0,32.7,18.8,31.4,-26.81,1020.0,76.78,11,3,2010,0
2010-11-11,台北二,SE6 青蔥 粉蔥 ,35.6,23.6,18.9,25.0,-20.38,2583.0,153.24,11,4,2010,0
2010-11-12,台北二,SE6 青蔥 粉蔥 ,32.0,20.5,13.3,21.4,-14.4,3169.0,22.69,11,5,2010,0
2010-11-13,台北二,SE6 青蔥 粉蔥 ,32.4,23.8,19.2,24.6,14.95,2762.0,-12.84,11,6,2010,0
2010-11-14,台北二,SE6 青蔥 粉蔥 ,30.1,24.6,14.2,23.6,-4.07,3752.0,35.84,11,7,2010,0
2010-11-15,台北二,SE6 青蔥 粉蔥 ,,,,,,,,11,1,2010,1
2010-11-16,台北二,SE6 青蔥 粉蔥 ,35.7,24.3,11.4,24.0,1.69,5175.0,37.93,11,2,2010,0
2010-11-17,台北二,SE6 青蔥 粉蔥 ,34.4,22.6,6.4,21.7,-9.58,2293.0,-55.69,11,3,2010,0
2010-11-18,台北二,SE6 青蔥 粉蔥 ,43.0,36.6,24.4,35.4,63.13,2544.0,10.95,11,4,2010,0
2010-11-19,台北二,SE6 青蔥 粉蔥 ,35.5,28.8,16.6,27.7,-21.75,4260.0,67.45,11,5,2010,0
2010-11-20,台北二,SE6 青蔥 粉蔥 ,36.8,22.2,11.4,23.0,-16.97,5161.0,21.15,11,6,2010,0
2010-11-21,台北二,SE6 青蔥 粉蔥 ,45.0,26.5,13.4,27.6,20.0,3666.0,-28.97,11,7,2010,0
2010-11-22,台北二,SE6 青蔥 粉蔥 ,,,,,,,,11,1,2010,1
2010-11-23,台北二,SE6 青蔥 粉蔥 ,39.6,20.1,10.8,22.1,-19.93,6524.0,77.96,11,2,2010,0
2010-11-24,台北二,SE6 青蔥 粉蔥 ,35.1,26.7,14.9,26.0,17.65,3238.0,-50.37,11,3,2010,0
2010-11-25,台北二,SE6 青蔥 粉蔥 ,32.1,25.8,15.8,25.0,-3.85,3979.0,22.88,11,4,2010,0
2010-11-26,台北二,SE6 青蔥 粉蔥 ,41.4,27.1,16.0,27.7,10.8,2736.0,-31.24,11,5,2010,0
2010-11-27,台北二,SE6 青蔥 粉蔥 ,37.0,26.8,12.9,26.1,-5.78,3637.0,32.93,11,6,2010,0
2010-11-28,台北二,SE6 青蔥 粉蔥 ,49.7,26.5,13.9,28.6,9.58,4571.0,25.68,11,7,2010,0
2010-11-29,台北二,SE6 青蔥 粉蔥 ,,,,,,,,11,1,2010,1
2010-11-30,台北二,SE6 青蔥 粉蔥 ,40.9,25.4,12.9,26.0,-9.09,5269.0,15.27,11,2,2010,0
2010-12-01,台北二,SE6 青蔥 粉蔥 ,34.4,18.7,7.6,19.6,-24.62,6276.0,19.11,12,3,2010,0
2010-12-02,台北二,SE6 青蔥 粉蔥 ,33.7,21.7,11.0,22.0,12.24,4277.0,-31.85,12,4,2010,0
2010-12-03,台北二,SE6 青蔥 粉蔥 ,34.1,22.2,10.5,22.2,0.91,4160.0,-2.74,12,5,2010,0
2010-12-04,台北二,SE6 青蔥 粉蔥 ,39.1,23.5,13.2,24.5,10.36,4353.0,4.64,12,6,2010,0
2010-12-05,台北二,SE6 青蔥 粉蔥 ,40.4,29.7,17.9,29.5,20.41,4382.0,0.67,12,7,2010,0
2010-12-06,台北二,SE6 青蔥 粉蔥 ,,,,,,,,12,1,2010,1
2010-12-07,台北二,SE6 青蔥 粉蔥 ,32.7,27.8,15.1,26.3,-10.85,5696.0,29.99,12,2,2010,0
2010-12-08,台北二,SE6 青蔥 粉蔥 ,29.0,21.0,8.7,20.1,-23.57,5246.0,-7.9,12,3,2010,0
2010-12-09,台北二,SE6 青蔥 粉蔥 ,28.9,20.5,10.4,20.1,0.0,4498.0,-14.26,12,4,2010,0
2010-12-10,台北二,SE6 青蔥 粉蔥 ,28.2,21.0,12.7,20.8,3.48,4127.0,-8.25,12,5,2010,0
2010-12-11,台北二,SE6 青蔥 粉蔥 ,31.0,22.3,12.0,22.0,5.77,4700.0,13.88,12,6,2010,0
2010-12-12,台北二,SE6 青蔥 粉蔥 ,37.5,23.8,11.3,24.0,9.09,4621.0,-1.68,12,7,2010,0
2010-12-13,台北二,SE6 青蔥 粉蔥 ,,,,,,,,12,1,2010,1
2010-12-14,台北二,SE6 青蔥 粉蔥 ,39.8,23.9,14.7,25.2,5.0,5270.0,14.04,12,2,2010,0
2010-12-15,台北二,SE6 青蔥 粉蔥 ,32.4,18.5,8.8,19.3,-23.41,7109.0,34.9,12,3,2010,0
2010-12-16,台北二,SE6 青蔥 粉蔥 ,25.1,18.6,6.3,17.5,-9.33,5938.0,-16.47,12,4,2010,0
2010-12-17,台北二,SE6 青蔥 粉蔥 ,29.4,23.3,12.2,22.3,27.43,2800.0,-52.85,12,5,2010,0
2010-12-18,台北二,SE6 青蔥 粉蔥 ,39.7,27.3,14.9,27.3,22.42,3818.0,36.36,12,6,2010,0
2010-12-19,台北二,SE6 青蔥 粉蔥 ,40.0,34.3,22.5,33.1,21.25,5144.0,34.73,12,7,2010,0
2010-12-20,台北二,SE6 青蔥 粉蔥 ,,,,,,,,12,1,2010,1
2010-12-21,台北二,SE6 青蔥 粉蔥 ,39.9,27.4,17.2,27.8,-16.01,7219.0,40.34,12,2,2010,0
2010-12-22,台北二,SE6 青蔥 粉蔥 ,32.2,20.2,8.8,20.3,-26.98,6463.0,-10.47,12,3,2010,0
2010-12-23,台北二,SE6 青蔥 粉蔥 ,29.7,23.0,14.0,22.5,10.84,3602.0,-44.27,12,4,2010,0
2010-12-24,台北二,SE6 青蔥 粉蔥 ,28.5,21.5,11.6,20.9,-7.11,4240.0,17.71,12,5,2010,0
2010-12-25,台北二,SE6 青蔥 粉蔥 ,25.9,20.5,12.2,19.9,-4.78,5634.0,32.88,12,6,2010,0
2010-12-26,台北二,SE6 青蔥 粉蔥 ,25.6,19.0,8.6,18.3,-8.04,6393.0,13.47,12,7,2010,0
2010-12-27,台北二,SE6 青蔥 粉蔥 ,,,,,,,,12,1,2010,1
2010-12-28,台北二,SE6 青蔥 粉蔥 ,31.7,24.0,15.0,23.7,29.51,5427.0,-15.11,12,2,2010,0
2010-12-29,台北二,SE6 青蔥 粉蔥 ,27.0,20.9,11.9,20.3,-14.35,6315.0,16.36,12,3,2010,0
2010-12-30,台北二,SE6 青蔥 粉蔥 ,27.1,19.2,11.8,19.3,-4.93,5992.0,-5.11,12,4,2010,0
2010-12-31,台北二,SE6 青蔥 粉蔥 ,29.6,18.7,10.1,19.2,-0.52,7535.0,25.75,12,5,2010,0
2011-01-01,台北二,SE6 青蔥 粉蔥 ,29.1,18.3,8.5,18.5,-3.65,8124.0,7.82,1,6,2011,0
2011-01-02,台北二,SE6 青蔥 粉蔥 ,26.3,20.6,11.0,19.8,7.03,6928.0,-14.72,1,7,2011,0
2011-01-03,台北二,SE6 青蔥 粉蔥 ,,,,,,,,1,1,2011,1
2011-01-04,台北二,SE6 青蔥 粉蔥 ,37.0,24.0,14.9,24.8,25.25,5123.0,-26.05,1,2,2011,0
2011-01-05,台北二,SE6 青蔥 粉蔥 ,37.6,27.4,18.1,27.6,11.29,4328.0,-15.52,1,3,2011,0
2011-01-06,台北二,SE6 青蔥 粉蔥 ,35.9,25.6,13.6,25.3,-8.33,5402.0,24.82,1,4,2011,0
2011-01-07,台北二,SE6 青蔥 粉蔥 ,29.3,18.3,8.4,18.5,-26.88,7756.0,43.58,1,5,2011,0
2011-01-08,台北二,SE6 青蔥 粉蔥 ,29.0,21.1,13.1,21.1,14.05,5471.0,-29.46,1,6,2011,0
2011-01-09,台北二,SE6 青蔥 粉蔥 ,27.8,20.1,13.6,20.3,-3.79,6044.0,10.47,1,7,2011,0
2011-01-10,台北二,SE6 青蔥 粉蔥 ,,,,,,,,1,1,2011,1
2011-01-11,台北二,SE6 青蔥 粉蔥 ,29.1,19.7,11.3,19.9,-1.97,7346.0,21.54,1,2,2011,0
2011-01-12,台北二,SE6 青蔥 粉蔥 ,25.3,17.1,9.3,17.2,-13.57,6734.0,-8.33,1,3,2011,0
2011-01-13,台北二,SE6 青蔥 粉蔥 ,30.3,19.8,13.6,20.7,20.35,4530.0,-32.73,1,4,2011,0
2011-01-14,台北二,SE6 青蔥 粉蔥 ,44.8,29.6,15.1,29.8,43.96,3659.0,-19.23,1,5,2011,0
2011-01-15,台北二,SE6 青蔥 粉蔥 ,30.0,23.4,16.9,23.4,-21.48,7194.0,96.61,1,6,2011,0
2011-01-16,台北二,SE6 青蔥 粉蔥 ,30.6,22.7,17.1,23.2,-0.85,6667.0,-7.33,1,7,2011,0
2011-01-17,台北二,SE6 青蔥 粉蔥 ,,,,,,,,1,1,2011,1
2011-01-18,台北二,SE6 青蔥 粉蔥 ,33.1,24.7,15.2,24.5,5.6,8039.0,20.58,1,2,2011,0
2011-01-19,台北二,SE6 青蔥 粉蔥 ,27.6,19.5,12.9,19.8,-19.18,7809.0,-2.86,1,3,2011,0
2011-01-20,台北二,SE6 青蔥 粉蔥 ,23.3,16.7,8.4,16.4,-17.17,6796.0,-12.97,1,4,2011,0
2011-01-21,台北二,SE6 青蔥 粉蔥 ,20.9,18.1,9.8,17.0,3.66,5778.0,-14.98,1,5,2011,0
2011-01-22,台北二,SE6 青蔥 粉蔥 ,23.5,20.6,13.1,19.7,15.88,5561.0,-3.76,1,6,2011,0
2011-01-23,台北二,SE6 青蔥 粉蔥 ,23.6,17.6,9.0,17.1,-13.2,8344.0,50.04,1,7,2011,0
2011-01-24,台北二,SE6 青蔥 粉蔥 ,,,,,,,,1,1,2011,1
2011-01-25,台北二,SE6 青蔥 粉蔥 ,24.5,19.3,7.2,17.9,4.68,8780.0,5.23,1,2,2011,0
2011-01-26,台北二,SE6 青蔥 粉蔥 ,26.0,18.3,10.7,18.3,2.23,7797.0,-11.2,1,3,2011,0
2011-01-27,台北二,SE6 青蔥 粉蔥 ,23.4,17.5,9.7,17.1,-6.56,7265.0,-6.82,1,4,2011,0
2011-01-28,台北二,SE6 青蔥 粉蔥 ,26.6,19.5,11.2,19.2,12.28,6786.0,-6.59,1,5,2011,0
2011-01-29,台北二,SE6 青蔥 粉蔥 ,32.0,25.3,12.7,24.1,25.52,6302.0,-7.13,1,6,2011,0
2011-01-30,台北二,SE6 青蔥 粉蔥 ,43.0,26.6,15.1,27.5,14.11,8083.0,28.26,1,7,2011,0
2011-01-31,台北二,SE6 青蔥 粉蔥 ,44.7,32.7,20.9,32.8,19.27,11044.0,36.63,1,1,2011,0
2011-02-01,台北二,SE6 青蔥 粉蔥 ,40.1,31.8,20.7,31.2,-4.88,15041.0,36.19,2,2,2011,0
2011-02-02,台北二,SE6 青蔥 粉蔥 ,24.1,18.2,10.4,17.8,-42.95,9139.0,-39.24,2,3,2011,0
2011-02-03,台北二,SE6 青蔥 粉蔥 ,,,,,,,,2,4,2011,1
2011-02-04,台北二,SE6 青蔥 粉蔥 ,,,,,,,,2,5,2011,1
2011-02-05,台北二,SE6 青蔥 粉蔥 ,,,,,,,,2,6,2011,1
2011-02-06,台北二,SE6 青蔥 粉蔥 ,,,,,,,,2,7,2011,1
2011-02-07,台北二,SE6 青蔥 粉蔥 ,,,,,,,,2,1,2011,1
2011-02-08,台北二,SE6 青蔥 粉蔥 ,34.6,19.2,10.2,20.5,15.17,6901.0,-24.49,2,2,2011,0
2011-02-09,台北二,SE6 青蔥 粉蔥 ,30.4,22.2,13.6,22.1,7.8,5649.0,-18.14,2,3,2011,0
2011-02-10,台北二,SE6 青蔥 粉蔥 ,22.5,17.8,10.4,17.3,-21.72,6138.0,8.66,2,4,2011,0
2011-02-11,台北二,SE6 青蔥 粉蔥 ,23.2,17.1,9.4,16.8,-2.89,5380.0,-12.35,2,5,2011,0
2011-02-12,台北二,SE6 青蔥 粉蔥 ,21.0,17.8,10.3,16.9,0.6,5799.0,7.79,2,6,2011,0
2011-02-13,台北二,SE6 青蔥 粉蔥 ,22.0,14.6,7.3,14.6,-13.61,7864.0,35.61,2,7,2011,0
2011-02-14,台北二,SE6 青蔥 粉蔥 ,,,,,,,,2,1,2011,1
2011-02-15,台北二,SE6 青蔥 粉蔥 ,30.2,26.4,15.8,25.0,71.23,4744.0,-39.67,2,2,2011,0
2011-02-16,台北二,SE6 青蔥 粉蔥 ,29.7,24.6,16.3,24.0,-4.0,5788.0,22.01,2,3,2011,0
2011-02-17,台北二,SE6 青蔥 粉蔥 ,35.2,28.2,18.0,27.6,15.0,8362.0,44.47,2,4,2011,0
2011-02-18,台北二,SE6 青蔥 粉蔥 ,,,,,,,,2,5,2011,1
2011-02-19,台北二,SE6 青蔥 粉蔥 ,,,,,,,,2,6,2011,1
2011-02-20,台北二,SE6 青蔥 粉蔥 ,33.6,20.6,10.9,21.3,-22.83,10349.0,23.76,2,7,2011,0
2011-02-21,台北二,SE6 青蔥 粉蔥 ,,,,,,,,2,1,2011,1
2011-02-22,台北二,SE6 青蔥 粉蔥 ,29.6,23.5,14.6,22.9,7.51,8538.0,-17.5,2,2,2011,0
2011-02-23,台北二,SE6 青蔥 粉蔥 ,23.9,15.6,8.3,15.8,-31.0,10650.0,24.74,2,3,2011,0
2011-02-24,台北二,SE6 青蔥 粉蔥 ,17.9,13.3,6.9,13.0,-17.72,8470.0,-20.47,2,4,2011,0
2011-02-25,台北二,SE6 青蔥 粉蔥 ,18.2,14.8,8.3,14.2,9.23,6623.0,-21.81,2,5,2011,0
2011-02-26,台北二,SE6 青蔥 粉蔥 ,19.7,15.5,9.4,15.1,6.34,6792.0,2.55,2,6,2011,0
2011-02-27,台北二,SE6 青蔥 粉蔥 ,23.9,17.4,10.3,17.2,13.91,7534.0,10.92,2,7,2011,0
2011-02-28,台北二,SE6 青蔥 粉蔥 ,,,,,,,,2,1,2011,1
2011-03-01,台北二,SE6 青蔥 粉蔥 ,30.3,23.0,13.8,22.6,31.4,7060.0,-6.29,3,2,2011,0
2011-03-02,台北二,SE6 青蔥 粉蔥 ,26.6,20.9,12.2,20.3,-10.18,6616.0,-6.29,3,3,2011,0
2011-03-03,台北二,SE6 青蔥 粉蔥 ,25.3,18.0,11.3,18.1,-10.84,7528.0,13.78,3,4,2011,0
2011-03-04,台北二,SE6 青蔥 粉蔥 ,29.0,17.9,11.4,18.8,3.87,7013.0,-6.84,3,5,2011,0
2011-03-05,台北二,SE6 青蔥 粉蔥 ,26.8,18.8,12.5,19.1,1.6,7743.0,10.41,3,6,2011,0
2011-03-06,台北二,SE6 青蔥 粉蔥 ,31.7,22.5,13.2,22.5,17.8,8001.0,3.33,3,7,2011,0
2011-03-07,台北二,SE6 青蔥 粉蔥 ,,,,,,,,3,1,2011,1
2011-03-08,台北二,SE6 青蔥 粉蔥 ,28.2,21.6,13.8,21.4,-4.89,8421.0,5.25,3,2,2011,0
2011-03-09,台北二,SE6 青蔥 粉蔥 ,25.8,19.3,12.9,19.3,-9.81,7837.0,-6.94,3,3,2011,0
2011-03-10,台北二,SE6 青蔥 粉蔥 ,24.6,17.5,11.3,17.7,-8.29,7710.0,-1.62,3,4,2011,0
2011-03-11,台北二,SE6 青蔥 粉蔥 ,22.1,15.6,6.8,15.1,-14.69,7742.0,0.42,3,5,2011,0
2011-03-12,台北二,SE6 青蔥 粉蔥 ,23.9,16.9,8.6,16.6,9.93,8272.0,6.85,3,6,2011,0
2011-03-13,台北二,SE6 青蔥 粉蔥 ,24.7,20.0,13.3,19.6,18.07,8145.0,-1.54,3,7,2011,0
2011-03-14,台北二,SE6 青蔥 粉蔥 ,,,,,,,,3,1,2011,1
2011-03-15,台北二,SE6 青蔥 粉蔥 ,24.5,19.3,11.5,18.8,-4.08,8367.0,2.73,3,2,2011,0
2011-03-16,台北二,SE6 青蔥 粉蔥 ,23.2,17.4,11.1,17.3,-7.98,7503.0,-10.33,3,3,2011,0
2011-03-17,台北二,SE6 青蔥 粉蔥 ,25.6,20.4,11.8,19.7,13.87,6073.0,-19.06,3,4,2011,0
2011-03-18,台北二,SE6 青蔥 粉蔥 ,25.3,19.6,12.6,19.3,-2.03,6810.0,12.14,3,5,2011,0
2011-03-19,台北二,SE6 青蔥 粉蔥 ,28.6,21.1,13.2,21.0,8.81,7683.0,12.82,3,6,2011,0
2011-03-20,台北二,SE6 青蔥 粉蔥 ,25.8,19.3,12.3,19.2,-8.57,9285.0,20.85,3,7,2011,0
2011-03-21,台北二,SE6 青蔥 粉蔥 ,,,,,,,,3,1,2011,1
2011-03-22,台北二,SE6 青蔥 粉蔥 ,26.5,20.8,11.1,20.0,4.17,7972.0,-14.14,3,2,2011,0
2011-03-23,台北二,SE6 青蔥 粉蔥 ,23.9,18.2,10.2,17.7,-11.5,7837.0,-1.69,3,3,2011,0
2011-03-24,台北二,SE6 青蔥 粉蔥 ,23.1,18.8,11.9,18.3,3.39,7075.0,-9.72,3,4,2011,0
2011-03-25,台北二,SE6 青蔥 粉蔥 ,21.9,16.5,10.2,16.3,-10.93,9058.0,28.03,3,5,2011,0
2011-03-26,台北二,SE6 青蔥 粉蔥 ,25.2,18.3,11.1,18.3,12.27,9605.0,6.04,3,6,2011,0
2011-03-27,台北二,SE6 青蔥 粉蔥 ,21.2,15.7,9.2,15.5,-15.3,11383.0,18.51,3,7,2011,0
2011-03-28,台北二,SE6 青蔥 粉蔥 ,,,,,,,,3,1,2011,1
2011-03-29,台北二,SE6 青蔥 粉蔥 ,26.8,22.3,12.3,21.2,36.77,7288.0,-35.97,3,2,2011,0
2011-03-30,台北二,SE6 青蔥 粉蔥 ,28.0,23.2,15.7,22.6,6.6,7678.0,5.35,3,3,2011,0
2011-03-31,台北二,SE6 青蔥 粉蔥 ,26.6,22.0,14.5,21.4,-5.31,8558.0,11.46,3,4,2011,0
2011-04-01,台北二,SE6 青蔥 粉蔥 ,25.0,16.8,8.8,16.8,-21.5,10947.0,27.92,4,5,2011,0
2011-04-02,台北二,SE6 青蔥 粉蔥 ,22.9,18.4,11.6,17.9,6.55,9883.0,-9.72,4,6,2011,0
2011-04-03,台北二,SE6 青蔥 粉蔥 ,25.4,18.8,9.7,18.3,2.23,8664.0,-12.33,4,7,2011,0
2011-04-04,台北二,SE6 青蔥 粉蔥 ,26.5,22.5,12.9,21.4,16.94,9502.0,9.67,4,1,2011,0
2011-04-05,台北二,SE6 青蔥 粉蔥 ,,,,,,,,4,2,2011,1
2011-04-06,台北二,SE6 青蔥 粉蔥 ,,,,,,,,4,3,2011,1
2011-04-07,台北二,SE6 青蔥 粉蔥 ,33.9,27.3,16.6,26.5,23.83,7344.0,-22.71,4,4,2011,0
2011-04-08,台北二,SE6 青蔥 粉蔥 ,29.2,21.7,12.1,21.3,-19.62,8436.0,14.87,4,5,2011,0
2011-04-09,台北二,SE6 青蔥 粉蔥 ,29.4,21.1,13.0,21.1,-0.94,9614.0,13.96,4,6,2011,0
2011-04-10,台北二,SE6 青蔥 粉蔥 ,26.8,18.9,11.1,18.9,-10.43,10443.0,8.62,4,7,2011,0
2011-04-11,台北二,SE6 青蔥 粉蔥 ,,,,,,,,4,1,2011,1
2011-04-12,台北二,SE6 青蔥 粉蔥 ,25.9,20.2,11.9,19.7,4.23,8777.0,-15.95,4,2,2011,0
2011-04-13,台北二,SE6 青蔥 粉蔥 ,24.8,16.2,8.1,16.3,-17.26,9138.0,4.11,4,3,2011,0
2011-04-14,台北二,SE6 青蔥 粉蔥 ,21.8,15.9,9.2,15.8,-3.07,7055.0,-22.79,4,4,2011,0
2011-04-15,台北二,SE6 青蔥 粉蔥 ,20.2,15.0,7.7,14.6,-7.59,7914.0,12.18,4,5,2011,0
2011-04-16,台北二,SE6 青蔥 粉蔥 ,25.8,18.6,10.4,18.4,26.03,6905.0,-12.75,4,6,2011,0
2011-04-17,台北二,SE6 青蔥 粉蔥 ,25.3,18.2,10.6,18.1,-1.63,8747.0,26.68,4,7,2011,0
2011-04-18,台北二,SE6 青蔥 粉蔥 ,,,,,,,,4,1,2011,1
2011-04-19,台北二,SE6 青蔥 粉蔥 ,32.3,26.0,17.2,25.5,40.88,5936.0,-32.14,4,2,2011,0
2011-04-20,台北二,SE6 青蔥 粉蔥 ,24.2,17.6,12.1,17.8,-30.2,10270.0,73.01,4,3,2011,0
2011-04-21,台北二,SE6 青蔥 粉蔥 ,22.6,15.9,10.5,16.2,-8.99,7599.0,-26.01,4,4,2011,0
2011-04-22,台北二,SE6 青蔥 粉蔥 ,23.8,18.8,12.8,18.6,14.81,6497.0,-14.5,4,5,2011,0
2011-04-23,台北二,SE6 青蔥 粉蔥 ,30.7,22.0,13.3,22.0,18.28,5817.0,-10.47,4,6,2011,0
2011-04-24,台北二,SE6 青蔥 粉蔥 ,34.7,25.0,16.2,25.2,14.55,8389.0,44.22,4,7,2011,0
2011-04-25,台北二,SE6 青蔥 粉蔥 ,,,,,,,,4,1,2011,1
2011-04-26,台北二,SE6 青蔥 粉蔥 ,30.0,22.5,16.3,22.8,-9.52,8759.0,4.41,4,2,2011,0
2011-04-27,台北二,SE6 青蔥 粉蔥 ,26.6,17.7,10.3,18.0,-21.05,8705.0,-0.62,4,3,2011,0
2011-04-28,台北二,SE6 青蔥 粉蔥 ,24.0,15.7,8.4,15.9,-11.67,7200.0,-17.29,4,4,2011,0
2011-04-29,台北二,SE6 青蔥 粉蔥 ,26.2,19.0,9.8,18.6,16.98,7124.0,-1.06,4,5,2011,0
2011-04-30,台北二,SE6 青蔥 粉蔥 ,24.4,16.4,8.8,16.5,-11.29,8625.0,21.07,4,6,2011,0
2011-05-01,台北二,SE6 青蔥 粉蔥 ,22.2,15.7,8.6,15.6,-5.45,8414.0,-2.45,5,7,2011,0
2011-05-02,台北二,SE6 青蔥 粉蔥 ,,,,,,,,5,1,2011,1
2011-05-03,台北二,SE6 青蔥 粉蔥 ,23.1,17.2,9.5,16.8,7.69,8044.0,-4.4,5,2,2011,0
2011-05-04,台北二,SE6 青蔥 粉蔥 ,21.4,15.9,8.4,15.5,-7.74,7001.0,-12.97,5,3,2011,0
2011-05-05,台北二,SE6 青蔥 粉蔥 ,21.3,17.3,10.6,16.7,7.74,5564.0,-20.53,5,4,2011,0
2011-05-06,台北二,SE6 青蔥 粉蔥 ,20.0,16.0,9.8,15.6,-6.59,6342.0,13.98,5,5,2011,0
2011-05-07,台北二,SE6 青蔥 粉蔥 ,24.2,18.3,10.5,17.9,14.74,6342.0,0.0,5,6,2011,0
2011-05-08,台北二,SE6 青蔥 粉蔥 ,32.7,25.4,15.7,24.9,39.11,5433.0,-14.33,5,7,2011,0
2011-05-09,台北二,SE6 青蔥 粉蔥 ,,,,,,,,5,1,2011,1
2011-05-10,台北二,SE6 青蔥 粉蔥 ,36.8,27.7,17.1,27.4,10.04,7490.0,37.86,5,2,2011,0
2011-05-11,台北二,SE6 青蔥 粉蔥 ,29.4,19.5,11.1,19.8,-27.74,8285.0,10.61,5,3,2011,0
2011-05-12,台北二,SE6 青蔥 粉蔥 ,20.8,13.6,8.6,14.1,-28.79,7664.0,-7.5,5,4,2011,0
2011-05-13,台北二,SE6 青蔥 粉蔥 ,20.1,12.5,7.7,13.0,-7.8,7121.0,-7.09,5,5,2011,0
2011-05-14,台北二,SE6 青蔥 粉蔥 ,21.7,15.7,8.7,15.5,19.23,5459.0,-23.34,5,6,2011,0
2011-05-15,台北二,SE6 青蔥 粉蔥 ,27.9,22.6,13.3,21.8,40.65,5375.0,-1.54,5,7,2011,0
2011-05-16,台北二,SE6 青蔥 粉蔥 ,,,,,,,,5,1,2011,1
2011-05-17,台北二,SE6 青蔥 粉蔥 ,33.2,28.3,18.1,27.3,25.23,4898.0,-8.87,5,2,2011,0
2011-05-18,台北二,SE6 青蔥 粉蔥 ,28.4,21.4,15.4,21.6,-20.88,6725.0,37.3,5,3,2011,0
2011-05-19,台北二,SE6 青蔥 粉蔥 ,25.5,18.0,12.6,18.4,-14.81,6723.0,-0.03,5,4,2011,0
2011-05-20,台北二,SE6 青蔥 粉蔥 ,23.3,17.4,11.6,17.4,-5.43,6791.0,1.01,5,5,2011,0
2011-05-21,台北二,SE6 青蔥 粉蔥 ,27.9,16.9,9.6,17.6,1.15,6768.0,-0.34,5,6,2011,0
2011-05-22,台北二,SE6 青蔥 粉蔥 ,24.1,16.6,11.4,17.0,-3.41,7777.0,14.91,5,7,2011,0
2011-05-23,台北二,SE6 青蔥 粉蔥 ,,,,,,,,5,1,2011,1
2011-05-24,台北二,SE6 青蔥 粉蔥 ,36.4,27.0,17.6,27.0,58.82,4567.0,-41.28,5,2,2011,0
2011-05-25,台北二,SE6 青蔥 粉蔥 ,35.6,25.8,13.1,25.2,-6.67,5493.0,20.28,5,3,2011,0
2011-05-26,台北二,SE6 青蔥 粉蔥 ,29.0,22.0,14.2,21.9,-13.1,6951.0,26.54,5,4,2011,0
2011-05-27,台北二,SE6 青蔥 粉蔥 ,25.5,18.0,10.3,18.0,-17.81,7928.0,14.06,5,5,2011,0
2011-05-28,台北二,SE6 青蔥 粉蔥 ,22.7,17.9,10.0,17.3,-3.89,7178.0,-9.46,5,6,2011,0
2011-05-29,台北二,SE6 青蔥 粉蔥 ,23.1,19.9,12.9,19.1,10.4,6032.0,-15.97,5,7,2011,0
2011-05-30,台北二,SE6 青蔥 粉蔥 ,,,,,,,,5,1,2011,1
2011-05-31,台北二,SE6 青蔥 粉蔥 ,32.1,25.0,13.4,24.1,26.18,6296.0,4.38,5,2,2011,0
2011-06-01,台北二,SE6 青蔥 粉蔥 ,24.4,18.8,10.2,18.2,-24.48,6821.0,8.34,6,3,2011,0
2011-06-02,台北二,SE6 青蔥 粉蔥 ,26.6,19.3,9.9,18.9,3.85,4589.0,-32.72,6,4,2011,0
2011-06-03,台北二,SE6 青蔥 粉蔥 ,29.4,21.3,11.4,20.9,10.58,5209.0,13.51,6,5,2011,0
2011-06-04,台北二,SE6 青蔥 粉蔥 ,23.6,16.7,7.2,16.2,-22.49,6680.0,28.24,6,6,2011,0
2011-06-05,台北二,SE6 青蔥 粉蔥 ,23.5,17.4,8.7,16.9,4.32,5763.0,-13.73,6,7,2011,0
2011-06-06,台北二,SE6 青蔥 粉蔥 ,26.3,19.4,9.6,18.8,11.24,7668.0,33.06,6,1,2011,0
2011-06-07,台北二,SE6 青蔥 粉蔥 ,,,,,,,,6,2,2011,1
2011-06-08,台北二,SE6 青蔥 粉蔥 ,,,,,,,,6,3,2011,1
2011-06-09,台北二,SE6 青蔥 粉蔥 ,27.7,21.7,11.8,20.9,11.17,5765.0,-24.82,6,4,2011,0
2011-06-10,台北二,SE6 青蔥 粉蔥 ,25.3,19.1,9.9,18.5,-11.48,5532.0,-4.04,6,5,2011,0
2011-06-11,台北二,SE6 青蔥 粉蔥 ,27.7,20.6,10.5,20.0,8.11,5149.0,-6.92,6,6,2011,0
2011-06-12,台北二,SE6 青蔥 粉蔥 ,32.0,24.5,16.2,24.3,21.5,4556.0,-11.52,6,7,2011,0
2011-06-13,台北二,SE6 青蔥 粉蔥 ,,,,,,,,6,1,2011,1
2011-06-14,台北二,SE6 青蔥 粉蔥 ,28.5,22.9,13.1,22.1,-9.05,5820.0,27.74,6,2,2011,0
2011-06-15,台北二,SE6 青蔥 粉蔥 ,24.0,19.2,8.9,18.1,-18.1,4913.0,-15.58,6,3,2011,0
2011-06-16,台北二,SE6 青蔥 粉蔥 ,21.2,17.8,12.4,17.4,-3.87,3406.0,-30.67,6,4,2011,0
2011-06-17,台北二,SE6 青蔥 粉蔥 ,25.6,17.8,11.4,18.1,4.02,3049.0,-10.48,6,5,2011,0
2011-06-18,台北二,SE6 青蔥 粉蔥 ,27.8,19.7,12.2,19.8,9.39,4722.0,54.87,6,6,2011,0
2011-06-19,台北二,SE6 青蔥 粉蔥 ,24.7,18.0,7.0,17.1,-13.64,4824.0,2.16,6,7,2011,0
2011-06-20,台北二,SE6 青蔥 粉蔥 ,,,,,,,,6,1,2011,1
2011-06-21,台北二,SE6 青蔥 粉蔥 ,28.3,23.1,15.9,22.7,32.75,4458.0,-7.59,6,2,2011,0
2011-06-22,台北二,SE6 青蔥 粉蔥 ,25.8,22.1,17.2,21.9,-3.52,4351.0,-2.4,6,3,2011,0
2011-06-23,台北二,SE6 青蔥 粉蔥 ,28.7,21.7,17.0,22.1,0.91,4686.0,7.7,6,4,2011,0
2011-06-24,台北二,SE6 青蔥 粉蔥 ,34.2,28.5,21.7,28.3,28.05,3988.0,-14.9,6,5,2011,0
2011-06-25,台北二,SE6 青蔥 粉蔥 ,35.6,28.6,20.4,28.4,0.35,5677.0,42.35,6,6,2011,0
2011-06-26,台北二,SE6 青蔥 粉蔥 ,28.4,22.9,12.1,21.9,-22.89,5458.0,-3.86,6,7,2011,0
2011-06-27,台北二,SE6 青蔥 粉蔥 ,,,,,,,,6,1,2011,1
2011-06-28,台北二,SE6 青蔥 粉蔥 ,35.2,28.7,19.9,28.3,29.22,4513.0,-17.31,6,2,2011,0
2011-06-29,台北二,SE6 青蔥 粉蔥 ,29.1,26.2,17.5,25.0,-11.66,4363.0,-3.32,6,3,2011,0
2011-06-30,台北二,SE6 青蔥 粉蔥 ,29.0,23.4,15.1,22.9,-8.4,4643.0,6.42,6,4,2011,0
2011-07-01,台北二,SE6 青蔥 粉蔥 ,27.2,23.5,14.5,22.5,-1.75,4009.0,-13.65,7,5,2011,0
2011-07-02,台北二,SE6 青蔥 粉蔥 ,26.6,22.2,17.2,22.1,-1.78,4895.0,22.1,7,6,2011,0
2011-07-03,台北二,SE6 青蔥 粉蔥 ,23.9,21.7,15.1,20.8,-5.88,4726.0,-3.45,7,7,2011,0
2011-07-04,台北二,SE6 青蔥 粉蔥 ,,,,,,,,7,1,2011,1
2011-07-05,台北二,SE6 青蔥 粉蔥 ,26.4,24.7,19.3,24.0,15.38,4120.0,-12.82,7,2,2011,0
2011-07-06,台北二,SE6 青蔥 粉蔥 ,34.5,27.9,24.2,28.5,18.75,2725.0,-33.86,7,3,2011,0
2011-07-07,台北二,SE6 青蔥 粉蔥 ,38.1,34.6,28.9,34.2,20.0,2055.0,-24.59,7,4,2011,0
2011-07-08,台北二,SE6 青蔥 粉蔥 ,40.0,39.0,33.3,38.0,11.11,2602.0,26.62,7,5,2011,0
2011-07-09,台北二,SE6 青蔥 粉蔥 ,40.0,39.0,28.5,37.1,-2.37,4189.0,60.99,7,6,2011,0
2011-07-10,台北二,SE6 青蔥 粉蔥 ,37.6,29.1,21.1,29.2,-21.29,4587.0,9.5,7,7,2011,0
2011-07-11,台北二,SE6 青蔥 粉蔥 ,,,,,,,,7,1,2011,1
2011-07-12,台北二,SE6 青蔥 粉蔥 ,42.1,34.0,26.1,34.0,16.44,3133.0,-31.7,7,2,2011,0
2011-07-13,台北二,SE6 青蔥 粉蔥 ,43.6,37.6,29.4,37.1,9.12,2966.0,-5.33,7,3,2011,0
2011-07-14,台北二,SE6 青蔥 粉蔥 ,42.0,39.2,27.5,37.4,0.81,2977.0,0.37,7,4,2011,0
2011-07-15,台北二,SE6 青蔥 粉蔥 ,41.8,35.6,28.3,35.4,-5.35,3556.0,19.45,7,5,2011,0
2011-07-16,台北二,SE6 青蔥 粉蔥 ,43.5,36.2,25.9,35.6,0.56,3112.0,-12.49,7,6,2011,0
2011-07-17,台北二,SE6 青蔥 粉蔥 ,41.2,35.7,25.7,34.8,-2.25,3546.0,13.95,7,7,2011,0
2011-07-18,台北二,SE6 青蔥 粉蔥 ,,,,,,,,7,1,2011,1
2011-07-19,台北二,SE6 青蔥 粉蔥 ,45.4,39.7,27.4,38.4,10.34,3460.0,-2.43,7,2,2011,0
2011-07-20,台北二,SE6 青蔥 粉蔥 ,42.3,35.3,25.0,34.6,-9.9,3315.0,-4.19,7,3,2011,0
2011-07-21,台北二,SE6 青蔥 粉蔥 ,36.0,33.9,23.1,32.1,-7.23,2605.0,-21.42,7,4,2011,0
2011-07-22,台北二,SE6 青蔥 粉蔥 ,41.1,35.0,27.5,34.7,8.1,1828.0,-29.83,7,5,2011,0
2011-07-23,台北二,SE6 青蔥 粉蔥 ,43.5,38.5,30.0,37.8,8.93,2782.0,52.19,7,6,2011,0
2011-07-24,台北二,SE6 青蔥 粉蔥 ,43.2,35.7,27.5,35.5,-6.08,2663.0,-4.28,7,7,2011,0
2011-07-25,台北二,SE6 青蔥 粉蔥 ,,,,,,,,7,1,2011,1
2011-07-26,台北二,SE6 青蔥 粉蔥 ,46.0,39.4,28.9,38.6,8.73,3548.0,33.23,7,2,2011,0
2011-07-27,台北二,SE6 青蔥 粉蔥 ,49.9,41.3,28.6,40.5,4.92,2551.0,-28.1,7,3,2011,0
2011-07-28,台北二,SE6 青蔥 粉蔥 ,49.8,45.5,35.2,44.3,9.38,2080.0,-18.46,7,4,2011,0
2011-07-29,台北二,SE6 青蔥 粉蔥 ,50.0,47.6,33.1,45.2,2.03,2293.0,10.24,7,5,2011,0
2011-07-30,台北二,SE6 青蔥 粉蔥 ,52.2,47.9,41.5,47.5,5.09,2363.0,3.05,7,6,2011,0
2011-07-31,台北二,SE6 青蔥 粉蔥 ,52.5,44.8,32.7,44.0,-7.37,2644.0,11.89,7,7,2011,0
2011-08-01,台北二,SE6 青蔥 粉蔥 ,,,,,,,,8,1,2011,1
2011-08-02,台北二,SE6 青蔥 粉蔥 ,55.5,50.1,35.8,48.3,9.77,2626.0,-0.68,8,2,2011,0
2011-08-03,台北二,SE6 青蔥 粉蔥 ,50.0,44.2,32.5,43.0,-10.97,2680.0,2.06,8,3,2011,0
2011-08-04,台北二,SE6 青蔥 粉蔥 ,54.8,46.0,31.9,44.9,4.42,2608.0,-2.69,8,4,2011,0
2011-08-05,台北二,SE6 青蔥 粉蔥 ,50.0,43.1,31.0,42.1,-6.24,2202.0,-15.57,8,5,2011,0
2011-08-06,台北二,SE6 青蔥 粉蔥 ,45.3,42.0,29.3,40.1,-4.75,3444.0,56.4,8,6,2011,0
2011-08-07,台北二,SE6 青蔥 粉蔥 ,38.9,35.3,22.0,33.3,-16.96,2757.0,-19.95,8,7,2011,0
2011-08-08,台北二,SE6 青蔥 粉蔥 ,,,,,,,,8,1,2011,1
2011-08-09,台北二,SE6 青蔥 粉蔥 ,30.1,26.6,16.1,25.2,-24.32,3223.0,16.9,8,2,2011,0
2011-08-10,台北二,SE6 青蔥 粉蔥 ,33.0,27.6,21.3,27.4,8.73,1631.0,-49.39,8,3,2011,0
2011-08-11,台北二,SE6 青蔥 粉蔥 ,37.7,31.2,15.0,29.3,6.93,1103.0,-32.37,8,4,2011,0
2011-08-12,台北二,SE6 青蔥 粉蔥 ,45.4,39.0,21.7,36.8,25.6,1730.0,56.84,8,5,2011,0
2011-08-13,台北二,SE6 青蔥 粉蔥 ,71.7,62.8,46.4,61.3,66.58,2430.0,40.46,8,6,2011,0
2011-08-14,台北二,SE6 青蔥 粉蔥 ,57.5,45.9,29.6,45.0,-26.59,4465.0,83.74,8,7,2011,0
2011-08-15,台北二,SE6 青蔥 粉蔥 ,,,,,,,,8,1,2011,1
2011-08-16,台北二,SE6 青蔥 粉蔥 ,,,,,,,,8,2,2011,1
2011-08-17,台北二,SE6 青蔥 粉蔥 ,48.7,40.5,30.2,40.1,-10.89,2703.0,-39.46,8,3,2011,0
2011-08-18,台北二,SE6 青蔥 粉蔥 ,45.0,40.3,26.3,38.4,-4.24,1490.0,-44.88,8,4,2011,0
2011-08-19,台北二,SE6 青蔥 粉蔥 ,57.5,49.5,28.6,46.9,22.14,1321.0,-11.34,8,5,2011,0
2011-08-20,台北二,SE6 青蔥 粉蔥 ,53.9,43.1,28.9,42.4,-9.59,2986.0,126.04,8,6,2011,0
2011-08-21,台北二,SE6 青蔥 粉蔥 ,44.8,36.0,21.5,34.9,-17.69,2760.0,-7.57,8,7,2011,0
2011-08-22,台北二,SE6 青蔥 粉蔥 ,,,,,,,,8,1,2011,1
2011-08-23,台北二,SE6 青蔥 粉蔥 ,58.0,43.5,27.0,43.1,23.5,1808.0,-34.49,8,2,2011,0
2011-08-24,台北二,SE6 青蔥 粉蔥 ,49.1,37.5,25.0,37.4,-13.23,2730.0,51.0,8,3,2011,0
2011-08-25,台北二,SE6 青蔥 粉蔥 ,60.0,37.7,26.3,39.9,6.68,2044.0,-25.13,8,4,2011,0
2011-08-26,台北二,SE6 青蔥 粉蔥 ,52.1,36.4,27.7,37.8,-5.26,2354.0,15.17,8,5,2011,0
2011-08-27,台北二,SE6 青蔥 粉蔥 ,58.1,44.8,34.0,45.3,19.84,2409.0,2.34,8,6,2011,0
2011-08-28,台北二,SE6 青蔥 粉蔥 ,76.2,55.1,42.7,56.8,25.39,3463.0,43.75,8,7,2011,0
2011-08-29,台北二,SE6 青蔥 粉蔥 ,,,,,,,,8,1,2011,1
2011-08-30,台北二,SE6 青蔥 粉蔥 ,50.6,31.2,26.0,34.0,-40.14,2650.0,-23.48,8,2,2011,0
2011-08-31,台北二,SE6 青蔥 粉蔥 ,50.3,26.6,13.6,28.7,-15.59,1970.0,-25.66,8,3,2011,0
2011-09-01,台北二,SE6 青蔥 粉蔥 ,53.0,40.6,25.0,40.0,39.37,680.0,-65.48,9,4,2011,0
2011-09-02,台北二,SE6 青蔥 粉蔥 ,49.3,39.3,22.3,37.9,-5.25,1157.0,70.15,9,5,2011,0
2011-09-03,台北二,SE6 青蔥 粉蔥 ,58.2,40.0,22.6,40.2,6.07,2222.0,92.05,9,6,2011,0
2011-09-04,台北二,SE6 青蔥 粉蔥 ,55.0,38.0,19.3,37.7,-6.22,2382.0,7.2,9,7,2011,0
2011-09-05,台北二,SE6 青蔥 粉蔥 ,,,,,,,,9,1,2011,1
2011-09-06,台北二,SE6 青蔥 粉蔥 ,71.3,49.3,20.0,47.9,27.06,2313.0,-2.9,9,2,2011,0
2011-09-07,台北二,SE6 青蔥 粉蔥 ,70.1,57.4,32.2,54.9,14.61,2216.0,-4.19,9,3,2011,0
2011-09-08,台北二,SE6 青蔥 粉蔥 ,78.3,56.3,37.0,56.8,3.46,3925.0,77.12,9,4,2011,0
2011-09-09,台北二,SE6 青蔥 粉蔥 ,65.0,46.4,28.4,46.5,-18.13,4961.0,26.39,9,5,2011,0
2011-09-10,台北二,SE6 青蔥 粉蔥 ,54.2,39.6,23.1,39.2,-15.7,4462.0,-10.06,9,6,2011,0
2011-09-11,台北二,SE6 青蔥 粉蔥 ,41.6,31.1,17.0,30.4,-22.45,4052.0,-9.19,9,7,2011,0
2011-09-12,台北二,SE6 青蔥 粉蔥 ,37.7,27.6,13.2,26.7,-12.17,3616.0,-10.76,9,1,2011,0
2011-09-13,台北二,SE6 青蔥 粉蔥 ,,,,,,,,9,2,2011,1
2011-09-14,台北二,SE6 青蔥 粉蔥 ,,,,,,,,9,3,2011,1
2011-09-15,台北二,SE6 青蔥 粉蔥 ,53.8,32.4,15.0,33.2,24.34,2647.0,-26.8,9,4,2011,0
2011-09-16,台北二,SE6 青蔥 粉蔥 ,67.9,37.9,22.0,40.7,22.59,2246.0,-15.15,9,5,2011,0
2011-09-17,台北二,SE6 青蔥 粉蔥 ,65.4,36.9,25.6,40.4,-0.74,1904.0,-15.23,9,6,2011,0
2011-09-18,台北二,SE6 青蔥 粉蔥 ,62.0,40.8,24.1,41.7,3.22,2035.0,6.88,9,7,2011,0
2011-09-19,台北二,SE6 青蔥 粉蔥 ,,,,,,,,9,1,2011,1
2011-09-20,台北二,SE6 青蔥 粉蔥 ,61.1,35.0,14.8,36.1,-13.43,4964.0,143.93,9,2,2011,0
2011-09-21,台北二,SE6 青蔥 粉蔥 ,45.0,27.9,14.3,28.6,-20.78,3480.0,-29.9,9,3,2011,0
2011-09-22,台北二,SE6 青蔥 粉蔥 ,46.3,29.0,16.1,29.9,4.55,3652.0,4.94,9,4,2011,0
2011-09-23,台北二,SE6 青蔥 粉蔥 ,46.0,30.2,21.2,31.6,5.69,1898.0,-48.03,9,5,2011,0
2011-09-24,台北二,SE6 青蔥 粉蔥 ,54.7,27.7,18.9,31.3,-0.95,3057.0,61.06,9,6,2011,0
2011-09-25,台北二,SE6 青蔥 粉蔥 ,48.2,36.1,23.6,36.0,15.02,3289.0,7.59,9,7,2011,0
2011-09-26,台北二,SE6 青蔥 粉蔥 ,,,,,,,,9,1,2011,1
2011-09-27,台北二,SE6 青蔥 粉蔥 ,44.8,28.5,18.4,29.7,-17.5,2632.0,-19.98,9,2,2011,0
2011-09-28,台北二,SE6 青蔥 粉蔥 ,51.1,30.7,19.2,32.5,9.43,4526.0,71.96,9,3,2011,0
2011-09-29,台北二,SE6 青蔥 粉蔥 ,30.9,17.6,12.3,19.2,-40.92,2718.0,-39.95,9,4,2011,0
2011-09-30,台北二,SE6 青蔥 粉蔥 ,38.1,22.8,15.0,24.3,26.56,3655.0,34.47,9,5,2011,0
2011-10-01,台北二,SE6 青蔥 粉蔥 ,34.9,20.0,11.5,21.3,-12.35,3678.0,0.63,10,6,2011,0
2011-10-02,台北二,SE6 青蔥 粉蔥 ,38.4,31.8,23.7,31.5,47.89,1324.0,-64.0,10,7,2011,0
2011-10-03,台北二,SE6 青蔥 粉蔥 ,,,,,,,,10,1,2011,1
2011-10-04,台北二,SE6 青蔥 粉蔥 ,74.5,62.3,46.8,61.6,95.56,866.0,-34.59,10,2,2011,0
2011-10-05,台北二,SE6 青蔥 粉蔥 ,54.7,43.2,32.5,43.3,-29.71,1932.0,123.09,10,3,2011,0
2011-10-06,台北二,SE6 青蔥 粉蔥 ,62.2,46.3,27.0,45.6,5.31,1853.0,-4.09,10,4,2011,0
2011-10-07,台北二,SE6 青蔥 粉蔥 ,54.2,41.7,28.1,41.5,-8.99,2393.0,29.14,10,5,2011,0
2011-10-08,台北二,SE6 青蔥 粉蔥 ,65.1,40.5,27.8,42.9,3.37,2613.0,9.19,10,6,2011,0
2011-10-09,台北二,SE6 青蔥 粉蔥 ,41.1,24.9,17.7,26.7,-37.76,2863.0,9.57,10,7,2011,0
2011-10-10,台北二,SE6 青蔥 粉蔥 ,,,,,,,,10,1,2011,1
2011-10-11,台北二,SE6 青蔥 粉蔥 ,56.5,38.2,21.7,38.5,44.19,2082.0,-27.28,10,2,2011,0
2011-10-12,台北二,SE6 青蔥 粉蔥 ,61.4,32.7,19.3,35.8,-7.01,2128.0,2.21,10,3,2011,0
2011-10-13,台北二,SE6 青蔥 粉蔥 ,60.4,47.4,25.8,45.7,27.65,3180.0,49.44,10,4,2011,0
2011-10-14,台北二,SE6 青蔥 粉蔥 ,70.6,44.3,23.1,45.3,-0.88,3920.0,23.27,10,5,2011,0
2011-10-15,台北二,SE6 青蔥 粉蔥 ,72.6,50.3,32.6,51.2,13.02,3120.0,-20.41,10,6,2011,0
2011-10-16,台北二,SE6 青蔥 粉蔥 ,79.9,51.9,32.6,53.6,4.69,3674.0,17.76,10,7,2011,0
2011-10-17,台北二,SE6 青蔥 粉蔥 ,,,,,,,,10,1,2011,1
2011-10-18,台北二,SE6 青蔥 粉蔥 ,82.0,57.0,36.7,58.0,8.21,4204.0,14.43,10,2,2011,0
2011-10-19,台北二,SE6 青蔥 粉蔥 ,67.1,42.9,29.5,45.1,-22.24,3000.0,-28.64,10,3,2011,0
2011-10-20,台北二,SE6 青蔥 粉蔥 ,72.6,44.9,27.4,47.0,4.21,3244.0,8.13,10,4,2011,0
2011-10-21,台北二,SE6 青蔥 粉蔥 ,58.8,38.7,20.4,39.0,-17.02,5467.0,68.53,10,5,2011,0
2011-10-22,台北二,SE6 青蔥 粉蔥 ,59.8,42.0,24.4,42.0,7.69,4181.0,-23.52,10,6,2011,0
2011-10-23,台北二,SE6 青蔥 粉蔥 ,53.3,43.1,20.4,40.6,-3.33,3833.0,-8.32,10,7,2011,0
2011-10-24,台北二,SE6 青蔥 粉蔥 ,,,,,,,,10,1,2011,1
2011-10-25,台北二,SE6 青蔥 粉蔥 ,47.5,41.1,26.9,39.5,-2.71,4062.0,5.97,10,2,2011,0
2011-10-26,台北二,SE6 青蔥 粉蔥 ,52.7,43.8,27.2,42.3,7.09,3853.0,-5.15,10,3,2011,0
2011-10-27,台北二,SE6 青蔥 粉蔥 ,54.9,45.5,31.9,44.7,5.67,3870.0,0.44,10,4,2011,0
2011-10-28,台北二,SE6 青蔥 粉蔥 ,55.2,44.4,25.1,42.7,-4.47,4453.0,15.06,10,5,2011,0
2011-10-29,台北二,SE6 青蔥 粉蔥 ,60.2,47.2,30.8,46.5,8.9,4450.0,-0.07,10,6,2011,0
2011-10-30,台北二,SE6 青蔥 粉蔥 ,55.0,41.7,23.1,40.6,-12.69,5261.0,18.22,10,7,2011,0
2011-10-31,台北二,SE6 青蔥 粉蔥 ,,,,,,,,10,1,2011,1
2011-11-01,台北二,SE6 青蔥 粉蔥 ,54.3,42.6,20.4,40.5,-0.25,5473.0,4.03,11,2,2011,0
2011-11-02,台北二,SE6 青蔥 粉蔥 ,51.4,36.0,21.1,36.1,-10.86,5338.0,-2.47,11,3,2011,0
2011-11-03,台北二,SE6 青蔥 粉蔥 ,46.5,36.3,24.5,36.0,-0.28,4919.0,-7.85,11,4,2011,0
2011-11-04,台北二,SE6 青蔥 粉蔥 ,40.6,29.9,18.6,29.8,-17.22,5479.0,11.38,11,5,2011,0
2011-11-05,台北二,SE6 青蔥 粉蔥 ,43.2,31.4,22.5,31.9,7.05,3838.0,-29.95,11,6,2011,0
2011-11-06,台北二,SE6 青蔥 粉蔥 ,49.5,35.2,21.5,35.3,10.66,4380.0,14.12,11,7,2011,0
2011-11-07,台北二,SE6 青蔥 粉蔥 ,,,,,,,,11,1,2011,1
2011-11-08,台北二,SE6 青蔥 粉蔥 ,47.9,30.7,15.2,31.0,-12.18,5349.0,22.12,11,2,2011,0
2011-11-09,台北二,SE6 青蔥 粉蔥 ,46.6,37.4,22.9,36.4,17.42,4000.0,-25.22,11,3,2011,0
2011-11-10,台北二,SE6 青蔥 粉蔥 ,49.6,37.3,21.4,36.6,0.55,2840.0,-29.0,11,4,2011,0
2011-11-11,台北二,SE6 青蔥 粉蔥 ,57.8,49.1,35.2,48.1,31.42,2380.0,-16.2,11,5,2011,0
2011-11-12,台北二,SE6 青蔥 粉蔥 ,56.5,43.5,22.4,41.9,-12.89,6843.0,187.52,11,6,2011,0
2011-11-13,台北二,SE6 青蔥 粉蔥 ,71.0,49.5,28.7,49.6,18.38,7358.0,7.53,11,7,2011,0
2011-11-14,台北二,SE6 青蔥 粉蔥 ,,,,,,,,11,1,2011,1
2011-11-15,台北二,SE6 青蔥 粉蔥 ,65.1,49.4,30.3,48.7,-1.81,6079.0,-17.38,11,2,2011,0
2011-11-16,台北二,SE6 青蔥 粉蔥 ,62.8,43.9,24.6,43.8,-10.06,6017.0,-1.02,11,3,2011,0
2011-11-17,台北二,SE6 青蔥 粉蔥 ,58.5,42.9,27.0,42.8,-2.28,5475.0,-9.01,11,4,2011,0
2011-11-18,台北二,SE6 青蔥 粉蔥 ,58.2,40.7,24.0,40.9,-4.44,5264.0,-3.85,11,5,2011,0
2011-11-19,台北二,SE6 青蔥 粉蔥 ,69.1,46.3,23.8,46.4,13.45,5052.0,-4.03,11,6,2011,0
2011-11-20,台北二,SE6 青蔥 粉蔥 ,65.5,45.8,21.3,44.9,-3.23,6491.0,28.48,11,7,2011,0
2011-11-21,台北二,SE6 青蔥 粉蔥 ,,,,,,,,11,1,2011,1
2011-11-22,台北二,SE6 青蔥 粉蔥 ,69.8,50.2,24.7,49.0,9.13,6065.0,-6.56,11,2,2011,0
2011-11-23,台北二,SE6 青蔥 粉蔥 ,69.8,48.4,25.6,48.1,-1.84,7177.0,18.33,11,3,2011,0
2011-11-24,台北二,SE6 青蔥 粉蔥 ,63.7,46.9,27.0,46.3,-3.74,6256.0,-12.83,11,4,2011,0
2011-11-25,台北二,SE6 青蔥 粉蔥 ,60.9,46.0,28.3,45.4,-1.94,7085.0,13.25,11,5,2011,0
2011-11-26,台北二,SE6 青蔥 粉蔥 ,58.4,42.0,23.9,41.7,-8.15,8742.0,23.39,11,6,2011,0
2011-11-27,台北二,SE6 青蔥 粉蔥 ,52.4,39.0,23.1,38.5,-7.67,8602.0,-1.6,11,7,2011,0
2011-11-28,台北二,SE6 青蔥 粉蔥 ,,,,,,,,11,1,2011,1
2011-11-29,台北二,SE6 青蔥 粉蔥 ,51.1,37.8,21.2,37.2,-3.38,8642.0,0.47,11,2,2011,0
2011-11-30,台北二,SE6 青蔥 粉蔥 ,49.4,35.5,17.6,34.7,-6.72,6734.0,-22.08,11,3,2011,0
2011-12-01,台北二,SE6 青蔥 粉蔥 ,50.8,36.8,18.3,35.9,3.46,6570.0,-2.44,12,4,2011,0
2011-12-02,台北二,SE6 青蔥 粉蔥 ,47.4,39.3,24.0,37.9,5.57,6095.0,-7.23,12,5,2011,0
2011-12-03,台北二,SE6 青蔥 粉蔥 ,50.5,42.7,27.9,41.3,8.97,4084.0,-32.99,12,6,2011,0
2011-12-04,台北二,SE6 青蔥 粉蔥 ,77.1,61.2,42.5,60.7,46.97,4284.0,4.9,12,7,2011,0
2011-12-05,台北二,SE6 青蔥 粉蔥 ,,,,,,,,12,1,2011,1
2011-12-06,台北二,SE6 青蔥 粉蔥 ,80.3,69.2,46.9,66.9,10.21,5568.0,29.97,12,2,2011,0
2011-12-07,台北二,SE6 青蔥 粉蔥 ,66.5,43.5,24.0,44.2,-33.93,7432.0,33.48,12,3,2011,0
2011-12-08,台北二,SE6 青蔥 粉蔥 ,61.9,38.0,17.6,38.7,-12.44,7470.0,0.51,12,4,2011,0
2011-12-09,台北二,SE6 青蔥 粉蔥 ,57.2,38.1,17.4,37.8,-2.33,7231.0,-3.2,12,5,2011,0
2011-12-10,台北二,SE6 青蔥 粉蔥 ,57.6,47.0,29.1,45.5,20.37,5185.0,-28.29,12,6,2011,0
2011-12-11,台北二,SE6 青蔥 粉蔥 ,54.4,38.4,16.9,37.3,-18.02,8108.0,56.37,12,7,2011,0
2011-12-12,台北二,SE6 青蔥 粉蔥 ,,,,,,,,12,1,2011,1
2011-12-13,台北二,SE6 青蔥 粉蔥 ,66.4,48.0,24.4,47.0,26.01,6475.0,-20.14,12,2,2011,0
2011-12-14,台北二,SE6 青蔥 粉蔥 ,62.3,49.2,27.1,47.4,0.85,5800.0,-10.42,12,3,2011,0
2011-12-15,台北二,SE6 青蔥 粉蔥 ,57.2,44.0,20.4,41.9,-11.6,5860.0,1.03,12,4,2011,0
2011-12-16,台北二,SE6 青蔥 粉蔥 ,54.2,42.6,23.5,41.1,-1.91,5909.0,0.84,12,5,2011,0
2011-12-17,台北二,SE6 青蔥 粉蔥 ,59.9,43.8,22.2,42.7,3.89,5770.0,-2.35,12,6,2011,0
2011-12-18,台北二,SE6 青蔥 粉蔥 ,72.8,60.9,28.6,56.8,33.02,4960.0,-14.04,12,7,2011,0
2011-12-19,台北二,SE6 青蔥 粉蔥 ,,,,,,,,12,1,2011,1
2011-12-20,台北二,SE6 青蔥 粉蔥 ,68.2,55.2,28.0,52.4,-7.75,6152.0,24.03,12,2,2011,0
2011-12-21,台北二,SE6 青蔥 粉蔥 ,74.6,62.0,29.5,58.0,10.69,4568.0,-25.75,12,3,2011,0
2011-12-22,台北二,SE6 青蔥 粉蔥 ,76.2,63.2,32.9,59.7,2.93,4786.0,4.77,12,4,2011,0
2011-12-23,台北二,SE6 青蔥 粉蔥 ,72.4,60.2,41.7,58.9,-1.34,3324.0,-30.55,12,5,2011,0
2011-12-24,台北二,SE6 青蔥 粉蔥 ,74.7,54.2,33.4,54.1,-8.15,4903.0,47.5,12,6,2011,0
2011-12-25,台北二,SE6 青蔥 粉蔥 ,77.5,60.1,34.4,58.4,7.95,4740.0,-3.32,12,7,2011,0
2011-12-26,台北二,SE6 青蔥 粉蔥 ,,,,,,,,12,1,2011,1
2011-12-27,台北二,SE6 青蔥 粉蔥 ,81.6,66.5,40.4,64.3,10.1,5198.0,9.66,12,2,2011,0
2011-12-28,台北二,SE6 青蔥 粉蔥 ,70.1,46.7,20.9,46.2,-28.15,7398.0,42.32,12,3,2011,0
2011-12-29,台北二,SE6 青蔥 粉蔥 ,67.8,51.9,29.6,50.6,9.52,4392.0,-40.63,12,4,2011,0
2011-12-30,台北二,SE6 青蔥 粉蔥 ,66.0,54.3,34.8,52.8,4.35,4345.0,-1.07,12,5,2011,0
2011-12-31,台北二,SE6 青蔥 粉蔥 ,70.0,54.9,37.5,54.4,3.03,4547.0,4.65,12,6,2011,0
2012-01-01,台北二,SE6 青蔥 粉蔥 ,69.6,60.7,45.6,59.4,9.19,5519.0,21.38,1,7,2012,0
2012-01-02,台北二,SE6 青蔥 粉蔥 ,,,,,,,,1,1,2012,1
2012-01-03,台北二,SE6 青蔥 粉蔥 ,69.0,54.0,36.6,53.5,-9.93,7293.0,32.14,1,2,2012,0
2012-01-04,台北二,SE6 青蔥 粉蔥 ,64.7,50.6,31.7,49.6,-7.29,6382.0,-12.49,1,3,2012,0
2012-01-05,台北二,SE6 青蔥 粉蔥 ,55.6,43.7,28.7,43.1,-13.1,5753.0,-9.86,1,4,2012,0
2012-01-06,台北二,SE6 青蔥 粉蔥 ,52.8,42.4,31.7,42.4,-1.62,5182.0,-9.93,1,5,2012,0
2012-01-07,台北二,SE6 青蔥 粉蔥 ,59.6,47.0,33.0,46.7,10.14,5018.0,-3.16,1,6,2012,0
2012-01-08,台北二,SE6 青蔥 粉蔥 ,62.0,48.9,36.8,49.1,5.14,7211.0,43.7,1,7,2012,0
2012-01-09,台北二,SE6 青蔥 粉蔥 ,,,,,,,,1,1,2012,1
2012-01-10,台北二,SE6 青蔥 粉蔥 ,61.7,48.5,32.9,48.0,-2.24,8711.0,20.8,1,2,2012,0
2012-01-11,台北二,SE6 青蔥 粉蔥 ,56.4,43.7,29.2,43.3,-9.79,7701.0,-11.59,1,3,2012,0
2012-01-12,台北二,SE6 青蔥 粉蔥 ,52.4,41.4,26.4,40.6,-6.24,6990.0,-9.23,1,4,2012,0
2012-01-13,台北二,SE6 青蔥 粉蔥 ,51.1,38.7,24.9,38.4,-5.42,6185.0,-11.52,1,5,2012,0
2012-01-14,台北二,SE6 青蔥 粉蔥 ,51.3,40.0,22.8,38.9,1.3,6445.0,4.2,1,6,2012,0
2012-01-15,台北二,SE6 青蔥 粉蔥 ,48.1,37.5,21.7,36.5,-6.17,8347.0,29.51,1,7,2012,0
2012-01-16,台北二,SE6 青蔥 粉蔥 ,,,,,,,,1,1,2012,1
2012-01-17,台北二,SE6 青蔥 粉蔥 ,60.8,45.7,25.1,44.6,22.19,6962.0,-16.59,1,2,2012,0
2012-01-18,台北二,SE6 青蔥 粉蔥 ,63.5,49.2,28.3,47.9,7.4,9020.0,29.56,1,3,2012,0
2012-01-19,台北二,SE6 青蔥 粉蔥 ,68.5,49.2,26.2,48.5,1.25,10699.0,18.61,1,4,2012,0
2012-01-20,台北二,SE6 青蔥 粉蔥 ,92.7,71.6,44.6,70.4,45.15,9776.0,-8.63,1,5,2012,0
2012-01-21,台北二,SE6 青蔥 粉蔥 ,78.9,63.0,40.9,61.8,-12.22,16248.0,66.2,1,6,2012,0
2012-01-22,台北二,SE6 青蔥 粉蔥 ,90.6,56.1,19.2,55.6,-10.03,7575.0,-53.38,1,7,2012,0
2012-01-23,台北二,SE6 青蔥 粉蔥 ,,,,,,,,1,1,2012,1
2012-01-24,台北二,SE6 青蔥 粉蔥 ,,,,,,,,1,2,2012,1
2012-01-25,台北二,SE6 青蔥 粉蔥 ,,,,,,,,1,3,2012,1
2012-01-26,台北二,SE6 青蔥 粉蔥 ,,,,,,,,1,4,2012,1
2012-01-27,台北二,SE6 青蔥 粉蔥 ,,,,,,,,1,5,2012,1
2012-01-28,台北二,SE6 青蔥 粉蔥 ,72.4,61.3,31.1,57.5,3.42,7347.0,-3.01,1,6,2012,0
2012-01-29,台北二,SE6 青蔥 粉蔥 ,70.5,63.2,40.8,60.2,4.7,5940.0,-19.15,1,7,2012,0
2012-01-30,台北二,SE6 青蔥 粉蔥 ,72.5,66.1,50.4,64.2,6.64,5560.0,-6.4,1,1,2012,0
2012-01-31,台北二,SE6 青蔥 粉蔥 ,,,,,,,,1,2,2012,1
2012-02-01,台北二,SE6 青蔥 粉蔥 ,63.6,52.5,30.4,50.3,-21.65,7666.0,37.88,2,3,2012,0
2012-02-02,台北二,SE6 青蔥 粉蔥 ,63.8,49.7,34.4,49.5,-1.59,6589.0,-14.05,2,4,2012,0
2012-02-03,台北二,SE6 青蔥 粉蔥 ,56.4,41.2,26.4,41.3,-16.57,6829.0,3.64,2,5,2012,0
2012-02-04,台北二,SE6 青蔥 粉蔥 ,54.3,40.6,23.1,39.8,-3.63,7302.0,6.93,2,6,2012,0
2012-02-05,台北二,SE6 青蔥 粉蔥 ,56.3,39.5,27.4,40.4,1.51,8297.0,13.63,2,7,2012,0
2012-02-06,台北二,SE6 青蔥 粉蔥 ,66.1,49.4,23.8,47.6,17.82,8973.0,8.15,2,1,2012,0
2012-02-07,台北二,SE6 青蔥 粉蔥 ,,,,,,,,2,2,2012,1
2012-02-08,台北二,SE6 青蔥 粉蔥 ,,,,,,,,2,3,2012,1
2012-02-09,台北二,SE6 青蔥 粉蔥 ,62.3,50.8,29.7,48.9,2.73,6861.0,-23.54,2,4,2012,0
2012-02-10,台北二,SE6 青蔥 粉蔥 ,71.0,58.2,39.7,57.1,16.77,4326.0,-36.95,2,5,2012,0
2012-02-11,台北二,SE6 青蔥 粉蔥 ,75.0,65.6,45.2,63.4,11.03,4973.0,14.96,2,6,2012,0
2012-02-12,台北二,SE6 青蔥 粉蔥 ,70.5,53.6,32.9,52.9,-16.56,8172.0,64.33,2,7,2012,0
2012-02-13,台北二,SE6 青蔥 粉蔥 ,,,,,,,,2,1,2012,1
2012-02-14,台北二,SE6 青蔥 粉蔥 ,62.6,49.4,29.1,48.0,-9.26,8149.0,-0.28,2,2,2012,0
2012-02-15,台北二,SE6 青蔥 粉蔥 ,55.7,40.0,24.9,40.1,-16.46,7037.0,-13.65,2,3,2012,0
2012-02-16,台北二,SE6 青蔥 粉蔥 ,53.0,39.0,24.0,38.8,-3.24,5079.0,-27.82,2,4,2012,0
2012-02-17,台北二,SE6 青蔥 粉蔥 ,53.6,46.1,27.6,43.9,13.14,5061.0,-0.35,2,5,2012,0
2012-02-18,台北二,SE6 青蔥 粉蔥 ,61.7,50.7,37.7,50.3,14.58,5773.0,14.07,2,6,2012,0
2012-02-19,台北二,SE6 青蔥 粉蔥 ,62.3,50.9,32.9,49.6,-1.39,6793.0,17.67,2,7,2012,0
2012-02-20,台北二,SE6 青蔥 粉蔥 ,,,,,,,,2,1,2012,1
2012-02-21,台北二,SE6 青蔥 粉蔥 ,64.4,56.1,41.2,54.8,10.48,5938.0,-12.59,2,2,2012,0
2012-02-22,台北二,SE6 青蔥 粉蔥 ,63.4,48.9,33.9,48.8,-10.95,6743.0,13.56,2,3,2012,0
2012-02-23,台北二,SE6 青蔥 粉蔥 ,61.0,49.1,30.5,47.8,-2.05,4933.0,-26.84,2,4,2012,0
2012-02-24,台北二,SE6 青蔥 粉蔥 ,56.2,47.4,27.2,45.1,-5.65,5329.0,8.03,2,5,2012,0
2012-02-25,台北二,SE6 青蔥 粉蔥 ,53.8,45.8,25.6,43.4,-3.77,6359.0,19.33,2,6,2012,0
2012-02-26,台北二,SE6 青蔥 粉蔥 ,55.6,41.5,20.9,40.2,-7.37,8261.0,29.91,2,7,2012,0
2012-02-27,台北二,SE6 青蔥 粉蔥 ,,,,,,,,2,1,2012,1
2012-02-28,台北二,SE6 青蔥 粉蔥 ,63.5,54.2,37.3,52.7,31.09,5462.0,-33.88,2,2,2012,0
2012-02-29,台北二,SE6 青蔥 粉蔥 ,63.1,51.9,41.1,52.0,-1.33,4668.0,-14.54,2,3,2012,0
2012-03-01,台北二,SE6 青蔥 粉蔥 ,63.2,51.1,41.3,51.5,-0.96,5606.0,20.09,3,4,2012,0
2012-03-02,台北二,SE6 青蔥 粉蔥 ,63.7,47.8,36.7,48.7,-5.44,6466.0,15.34,3,5,2012,0
2012-03-03,台北二,SE6 青蔥 粉蔥 ,57.1,44.8,32.5,44.8,-8.01,7496.0,15.93,3,6,2012,0
2012-03-04,台北二,SE6 青蔥 粉蔥 ,57.5,43.4,30.3,43.6,-2.68,7464.0,-0.43,3,7,2012,0
2012-03-05,台北二,SE6 青蔥 粉蔥 ,,,,,,,,3,1,2012,1
2012-03-06,台北二,SE6 青蔥 粉蔥 ,55.7,45.8,30.4,44.7,2.52,7666.0,2.71,3,2,2012,0
2012-03-07,台北二,SE6 青蔥 粉蔥 ,52.2,40.4,26.8,40.0,-10.51,7111.0,-7.24,3,3,2012,0
2012-03-08,台北二,SE6 青蔥 粉蔥 ,47.7,38.9,26.9,38.2,-4.5,7533.0,5.93,3,4,2012,0
2012-03-09,台北二,SE6 青蔥 粉蔥 ,45.2,35.3,23.0,34.8,-8.9,7979.0,5.92,3,5,2012,0
2012-03-10,台北二,SE6 青蔥 粉蔥 ,43.3,35.2,25.9,34.9,0.29,7330.0,-8.13,3,6,2012,0
2012-03-11,台北二,SE6 青蔥 粉蔥 ,42.9,34.2,27.2,34.5,-1.15,8644.0,17.93,3,7,2012,0
2012-03-12,台北二,SE6 青蔥 粉蔥 ,,,,,,,,3,1,2012,1
2012-03-13,台北二,SE6 青蔥 粉蔥 ,49.0,39.5,28.3,39.1,13.33,5823.0,-32.64,3,2,2012,0
2012-03-14,台北二,SE6 青蔥 粉蔥 ,45.3,37.7,27.4,37.2,-4.86,7033.0,20.78,3,3,2012,0
2012-03-15,台北二,SE6 青蔥 粉蔥 ,40.9,31.2,23.1,31.5,-15.32,10192.0,44.92,3,4,2012,0
2012-03-16,台北二,SE6 青蔥 粉蔥 ,42.9,32.6,22.3,32.6,3.49,8072.0,-20.8,3,5,2012,0
2012-03-17,台北二,SE6 青蔥 粉蔥 ,40.0,32.3,21.4,31.7,-2.76,9404.0,16.5,3,6,2012,0
2012-03-18,台北二,SE6 青蔥 粉蔥 ,41.2,28.2,13.9,27.9,-11.99,10815.0,15.0,3,7,2012,0
2012-03-19,台北二,SE6 青蔥 粉蔥 ,,,,,,,,3,1,2012,1
2012-03-20,台北二,SE6 青蔥 粉蔥 ,42.6,34.8,22.0,33.8,21.15,9017.0,-16.63,3,2,2012,0
2012-03-21,台北二,SE6 青蔥 粉蔥 ,40.3,33.9,23.4,33.0,-2.37,9076.0,0.65,3,3,2012,0
2012-03-22,台北二,SE6 青蔥 粉蔥 ,37.5,31.1,24.3,31.0,-6.06,7050.0,-22.32,3,4,2012,0
2012-03-23,台北二,SE6 青蔥 粉蔥 ,35.2,27.4,19.2,27.4,-11.61,8263.0,17.21,3,5,2012,0
2012-03-24,台北二,SE6 青蔥 粉蔥 ,36.5,25.6,19.7,26.6,-2.92,9417.0,13.97,3,6,2012,0
2012-03-25,台北二,SE6 青蔥 粉蔥 ,37.6,27.4,20.3,28.0,5.26,7896.0,-16.15,3,7,2012,0
2012-03-26,台北二,SE6 青蔥 粉蔥 ,,,,,,,,3,1,2012,1
2012-03-27,台北二,SE6 青蔥 粉蔥 ,43.2,32.2,22.3,32.4,15.71,9559.0,21.06,3,2,2012,0
2012-03-28,台北二,SE6 青蔥 粉蔥 ,39.5,28.2,20.7,28.9,-10.8,10185.0,6.55,3,3,2012,0
2012-03-29,台北二,SE6 青蔥 粉蔥 ,33.3,25.4,16.8,25.2,-12.8,9898.0,-2.82,3,4,2012,0
2012-03-30,台北二,SE6 青蔥 粉蔥 ,38.9,27.3,17.3,27.6,9.52,9448.0,-4.55,3,5,2012,0
2012-03-31,台北二,SE6 青蔥 粉蔥 ,37.6,27.6,18.4,27.7,0.36,9882.0,4.59,3,6,2012,0
2012-04-01,台北二,SE6 青蔥 粉蔥 ,35.6,25.3,16.0,25.5,-7.94,11005.0,11.36,4,7,2012,0
2012-04-02,台北二,SE6 青蔥 粉蔥 ,36.3,28.2,19.0,28.0,9.8,7716.0,-29.89,4,1,2012,0
2012-04-03,台北二,SE6 青蔥 粉蔥 ,41.3,31.6,23.6,31.9,13.93,11640.0,50.86,4,2,2012,0
2012-04-04,台北二,SE6 青蔥 粉蔥 ,,,,,,,,4,3,2012,1
2012-04-05,台北二,SE6 青蔥 粉蔥 ,,,,,,,,4,4,2012,1
2012-04-06,台北二,SE6 青蔥 粉蔥 ,44.2,31.7,23.4,32.5,1.88,10587.0,-9.05,4,5,2012,0
2012-04-07,台北二,SE6 青蔥 粉蔥 ,42.2,28.8,20.0,29.7,-8.62,11096.0,4.81,4,6,2012,0
2012-04-08,台北二,SE6 青蔥 粉蔥 ,35.6,27.5,18.7,27.4,-7.74,11201.0,0.95,4,7,2012,0
2012-04-09,台北二,SE6 青蔥 粉蔥 ,,,,,,,,4,1,2012,1
2012-04-10,台北二,SE6 青蔥 粉蔥 ,34.3,25.0,17.2,25.3,-7.66,11658.0,4.08,4,2,2012,0
2012-04-11,台北二,SE6 青蔥 粉蔥 ,28.7,20.1,12.4,20.2,-20.16,11532.0,-1.08,4,3,2012,0
2012-04-12,台北二,SE6 青蔥 粉蔥 ,25.2,16.0,9.1,16.5,-18.32,11219.0,-2.71,4,4,2012,0
2012-04-13,台北二,SE6 青蔥 粉蔥 ,17.2,12.9,7.6,12.7,-23.03,11367.0,1.32,4,5,2012,0
2012-04-14,台北二,SE6 青蔥 粉蔥 ,21.0,16.4,10.9,16.2,27.56,8369.0,-26.37,4,6,2012,0
2012-04-15,台北二,SE6 青蔥 粉蔥 ,26.7,21.0,13.9,20.7,27.78,8091.0,-3.32,4,7,2012,0
2012-04-16,台北二,SE6 青蔥 粉蔥 ,,,,,,,,4,1,2012,1
2012-04-17,台北二,SE6 青蔥 粉蔥 ,31.1,24.7,16.4,24.4,17.87,9842.0,21.64,4,2,2012,0
2012-04-18,台北二,SE6 青蔥 粉蔥 ,28.4,20.6,11.9,20.4,-16.39,10785.0,9.58,4,3,2012,0
2012-04-19,台北二,SE6 青蔥 粉蔥 ,23.7,17.2,9.6,17.0,-16.67,9922.0,-8.0,4,4,2012,0
2012-04-20,台北二,SE6 青蔥 粉蔥 ,24.0,17.7,8.7,17.2,1.18,9252.0,-6.75,4,5,2012,0
2012-04-21,台北二,SE6 青蔥 粉蔥 ,24.1,17.4,11.3,17.5,1.74,8762.0,-5.3,4,6,2012,0
2012-04-22,台北二,SE6 青蔥 粉蔥 ,29.3,21.9,15.9,22.2,26.86,7862.0,-10.27,4,7,2012,0
2012-04-23,台北二,SE6 青蔥 粉蔥 ,,,,,,,,4,1,2012,1
2012-04-24,台北二,SE6 青蔥 粉蔥 ,32.5,26.2,19.0,26.0,17.12,9456.0,20.27,4,2,2012,0
2012-04-25,台北二,SE6 青蔥 粉蔥 ,32.0,23.7,14.8,23.6,-9.23,9833.0,3.99,4,3,2012,0
2012-04-26,台北二,SE6 青蔥 粉蔥 ,25.5,18.1,9.6,17.9,-24.15,9558.0,-2.8,4,4,2012,0
2012-04-27,台北二,SE6 青蔥 粉蔥 ,23.4,19.2,12.1,18.6,3.91,8012.0,-16.17,4,5,2012,0
2012-04-28,台北二,SE6 青蔥 粉蔥 ,25.1,21.2,12.8,20.3,9.14,8190.0,2.22,4,6,2012,0
2012-04-29,台北二,SE6 青蔥 粉蔥 ,35.8,28.4,19.5,28.1,38.42,8597.0,4.97,4,7,2012,0
2012-04-30,台北二,SE6 青蔥 粉蔥 ,,,,,,,,4,1,2012,1
2012-05-01,台北二,SE6 青蔥 粉蔥 ,32.1,27.1,22.0,27.1,-3.56,9611.0,11.79,5,2,2012,0
2012-05-02,台北二,SE6 青蔥 粉蔥 ,31.4,22.1,14.3,22.4,-17.34,9816.0,2.13,5,3,2012,0
2012-05-03,台北二,SE6 青蔥 粉蔥 ,31.3,25.3,16.4,24.7,10.27,5961.0,-39.27,5,4,2012,0
2012-05-04,台北二,SE6 青蔥 粉蔥 ,36.3,30.3,18.9,29.2,18.22,5781.0,-3.02,5,5,2012,0
2012-05-05,台北二,SE6 青蔥 粉蔥 ,44.7,33.6,22.2,33.5,14.73,8349.0,44.42,5,6,2012,0
2012-05-06,台北二,SE6 青蔥 粉蔥 ,34.8,25.5,16.5,25.6,-23.58,12361.0,48.05,5,7,2012,0
2012-05-07,台北二,SE6 青蔥 粉蔥 ,,,,,,,,5,1,2012,1
2012-05-08,台北二,SE6 青蔥 粉蔥 ,36.8,26.2,16.6,26.4,3.12,9954.0,-19.47,5,2,2012,0
2012-05-09,台北二,SE6 青蔥 粉蔥 ,27.2,21.2,13.5,20.8,-21.21,9267.0,-6.9,5,3,2012,0
2012-05-10,台北二,SE6 青蔥 粉蔥 ,31.5,22.9,13.4,22.7,9.13,7599.0,-18.0,5,4,2012,0
2012-05-11,台北二,SE6 青蔥 粉蔥 ,29.9,23.5,17.4,23.6,3.96,6996.0,-7.94,5,5,2012,0
2012-05-12,台北二,SE6 青蔥 粉蔥 ,34.7,25.1,14.7,25.0,5.93,9856.0,40.88,5,6,2012,0
2012-05-13,台北二,SE6 青蔥 粉蔥 ,28.5,20.8,11.5,20.5,-18.0,10093.0,2.4,5,7,2012,0
2012-05-14,台北二,SE6 青蔥 粉蔥 ,,,,,,,,5,1,2012,1
2012-05-15,台北二,SE6 青蔥 粉蔥 ,30.9,23.5,15.2,23.3,13.66,7942.0,-21.31,5,2,2012,0
2012-05-16,台北二,SE6 青蔥 粉蔥 ,30.9,23.5,11.6,22.6,-3.0,6509.0,-18.04,5,3,2012,0
2012-05-17,台北二,SE6 青蔥 粉蔥 ,29.9,22.9,12.6,22.2,-1.77,6224.0,-4.38,5,4,2012,0
2012-05-18,台北二,SE6 青蔥 粉蔥 ,30.9,24.7,14.3,23.9,7.66,5698.0,-8.45,5,5,2012,0
2012-05-19,台北二,SE6 青蔥 粉蔥 ,30.7,19.5,11.1,20.1,-15.9,8895.0,56.11,5,6,2012,0
2012-05-20,台北二,SE6 青蔥 粉蔥 ,35.7,24.1,12.5,24.1,19.9,7847.0,-11.78,5,7,2012,0
2012-05-21,台北二,SE6 青蔥 粉蔥 ,,,,,,,,5,1,2012,1
2012-05-22,台北二,SE6 青蔥 粉蔥 ,33.8,29.2,21.2,28.5,18.26,6181.0,-21.23,5,2,2012,0
2012-05-23,台北二,SE6 青蔥 粉蔥 ,38.5,27.3,18.1,27.7,-2.81,7138.0,15.48,5,3,2012,0
2012-05-24,台北二,SE6 青蔥 粉蔥 ,31.0,24.6,17.5,24.5,-11.55,7959.0,11.5,5,4,2012,0
2012-05-25,台北二,SE6 青蔥 粉蔥 ,31.5,24.4,15.6,24.1,-1.63,6720.0,-15.57,5,5,2012,0
2012-05-26,台北二,SE6 青蔥 粉蔥 ,33.2,25.4,16.9,25.2,4.56,7388.0,9.94,5,6,2012,0
2012-05-27,台北二,SE6 青蔥 粉蔥 ,35.3,24.7,16.1,25.1,-0.4,8381.0,13.44,5,7,2012,0
2012-05-28,台北二,SE6 青蔥 粉蔥 ,,,,,,,,5,1,2012,1
2012-05-29,台北二,SE6 青蔥 粉蔥 ,34.8,26.6,18.2,26.6,5.98,6560.0,-21.73,5,2,2012,0
2012-05-30,台北二,SE6 青蔥 粉蔥 ,36.2,26.8,16.4,26.6,0.0,4935.0,-24.77,5,3,2012,0
2012-05-31,台北二,SE6 青蔥 粉蔥 ,34.7,27.4,17.3,26.9,1.13,4433.0,-10.17,5,4,2012,0
2012-06-01,台北二,SE6 青蔥 粉蔥 ,34.8,27.9,16.1,26.9,0.0,5368.0,21.09,6,5,2012,0
2012-06-02,台北二,SE6 青蔥 粉蔥 ,33.1,26.4,15.7,25.6,-4.83,5951.0,10.86,6,6,2012,0
2012-06-03,台北二,SE6 青蔥 粉蔥 ,34.6,26.7,15.5,26.1,1.95,6839.0,14.92,6,7,2012,0
2012-06-04,台北二,SE6 青蔥 粉蔥 ,,,,,,,,6,1,2012,1
2012-06-05,台北二,SE6 青蔥 粉蔥 ,34.5,30.4,19.7,29.1,11.49,5475.0,-19.94,6,2,2012,0
2012-06-06,台北二,SE6 青蔥 粉蔥 ,34.5,27.9,16.7,27.0,-7.22,4984.0,-8.97,6,3,2012,0
2012-06-07,台北二,SE6 青蔥 粉蔥 ,33.3,26.3,17.4,25.9,-4.07,4800.0,-3.69,6,4,2012,0
2012-06-08,台北二,SE6 青蔥 粉蔥 ,39.8,28.6,16.4,28.4,9.65,4382.0,-8.71,6,5,2012,0
2012-06-09,台北二,SE6 青蔥 粉蔥 ,42.7,33.6,22.8,33.3,17.25,5096.0,16.29,6,6,2012,0
2012-06-10,台北二,SE6 青蔥 粉蔥 ,49.7,38.7,21.4,37.5,12.61,5250.0,3.02,6,7,2012,0
2012-06-11,台北二,SE6 青蔥 粉蔥 ,,,,,,,,6,1,2012,1
2012-06-12,台北二,SE6 青蔥 粉蔥 ,45.4,33.9,21.1,33.7,-10.13,6788.0,29.3,6,2,2012,0
2012-06-13,台北二,SE6 青蔥 粉蔥 ,64.9,45.5,30.1,46.3,37.39,5140.0,-24.28,6,3,2012,0
2012-06-14,台北二,SE6 青蔥 粉蔥 ,55.5,43.6,27.5,42.8,-7.56,4583.0,-10.84,6,4,2012,0
2012-06-15,台北二,SE6 青蔥 粉蔥 ,53.7,45.1,28.4,43.5,1.64,4099.0,-10.56,6,5,2012,0
2012-06-16,台北二,SE6 青蔥 粉蔥 ,50.9,45.6,29.8,43.5,0.0,4037.0,-1.51,6,6,2012,0
2012-06-17,台北二,SE6 青蔥 粉蔥 ,51.3,40.2,23.4,39.0,-10.34,6264.0,55.16,6,7,2012,0
2012-06-18,台北二,SE6 青蔥 粉蔥 ,,,,,,,,6,1,2012,1
2012-06-19,台北二,SE6 青蔥 粉蔥 ,65.5,51.2,30.2,49.8,27.69,4967.0,-20.71,6,2,2012,0
2012-06-20,台北二,SE6 青蔥 粉蔥 ,66.1,56.2,34.8,53.9,8.23,5181.0,4.31,6,3,2012,0
2012-06-21,台北二,SE6 青蔥 粉蔥 ,56.9,50.5,32.2,48.1,-10.76,3967.0,-23.43,6,4,2012,0
2012-06-22,台北二,SE6 青蔥 粉蔥 ,50.3,37.7,22.6,37.2,-22.66,6942.0,74.99,6,5,2012,0
2012-06-23,台北二,SE6 青蔥 粉蔥 ,46.0,31.8,12.5,30.8,-17.2,6417.0,-7.56,6,6,2012,0
2012-06-24,台北二,SE6 青蔥 粉蔥 ,,,,,,,,6,7,2012,1
2012-06-25,台北二,SE6 青蔥 粉蔥 ,,,,,,,,6,1,2012,1
2012-06-26,台北二,SE6 青蔥 粉蔥 ,59.6,49.6,24.2,46.6,51.3,3967.0,-38.18,6,2,2012,0
2012-06-27,台北二,SE6 青蔥 粉蔥 ,69.0,62.1,41.2,59.3,27.25,2434.0,-38.64,6,3,2012,0
2012-06-28,台北二,SE6 青蔥 粉蔥 ,88.6,81.7,46.5,76.0,28.16,3052.0,25.39,6,4,2012,0
2012-06-29,台北二,SE6 青蔥 粉蔥 ,76.5,70.6,47.9,67.3,-11.45,3321.0,8.81,6,5,2012,0
2012-06-30,台北二,SE6 青蔥 粉蔥 ,91.3,84.0,72.0,83.1,23.48,2408.0,-27.49,6,6,2012,0
2012-07-01,台北二,SE6 青蔥 粉蔥 ,104.3,94.8,78.0,93.4,12.39,2444.0,1.5,7,7,2012,0
2012-07-02,台北二,SE6 青蔥 粉蔥 ,,,,,,,,7,1,2012,1
2012-07-03,台北二,SE6 青蔥 粉蔥 ,77.3,65.5,40.8,62.9,-32.66,4869.0,99.22,7,2,2012,0
2012-07-04,台北二,SE6 青蔥 粉蔥 ,74.0,68.5,56.4,67.2,6.84,2960.0,-39.21,7,3,2012,0
2012-07-05,台北二,SE6 青蔥 粉蔥 ,75.6,71.3,66.4,71.2,5.95,2049.0,-30.78,7,4,2012,0
2012-07-06,台北二,SE6 青蔥 粉蔥 ,79.6,70.8,53.5,69.1,-2.95,2883.0,40.7,7,5,2012,0
2012-07-07,台北二,SE6 青蔥 粉蔥 ,80.8,77.6,71.9,77.1,11.58,2011.0,-30.25,7,6,2012,0
2012-07-08,台北二,SE6 青蔥 粉蔥 ,85.6,76.1,59.7,74.7,-3.11,3796.0,88.76,7,7,2012,0
2012-07-09,台北二,SE6 青蔥 粉蔥 ,,,,,,,,7,1,2012,1
2012-07-10,台北二,SE6 青蔥 粉蔥 ,90.1,78.8,61.6,77.6,3.88,2696.0,-28.98,7,2,2012,0
2012-07-11,台北二,SE6 青蔥 粉蔥 ,88.8,80.7,66.7,79.5,2.45,2362.0,-12.39,7,3,2012,0
2012-07-12,台北二,SE6 青蔥 粉蔥 ,92.4,83.5,66.2,81.8,2.89,2253.0,-4.61,7,4,2012,0
2012-07-13,台北二,SE6 青蔥 粉蔥 ,108.9,95.7,79.6,95.1,16.26,2234.0,-0.84,7,5,2012,0
2012-07-14,台北二,SE6 青蔥 粉蔥 ,104.0,88.0,66.0,86.8,-8.73,3138.0,40.47,7,6,2012,0
2012-07-15,台北二,SE6 青蔥 粉蔥 ,90.0,84.6,68.2,82.4,-5.07,2830.0,-9.82,7,7,2012,0
2012-07-16,台北二,SE6 青蔥 粉蔥 ,,,,,,,,7,1,2012,1
2012-07-17,台北二,SE6 青蔥 粉蔥 ,98.1,91.0,59.7,86.2,4.61,2324.0,-17.88,7,2,2012,0
2012-07-18,台北二,SE6 青蔥 粉蔥 ,113.9,102.8,85.8,101.6,17.87,1403.0,-39.63,7,3,2012,0
2012-07-19,台北二,SE6 青蔥 粉蔥 ,115.1,104.6,81.1,102.0,0.39,1778.0,26.73,7,4,2012,0
2012-07-20,台北二,SE6 青蔥 粉蔥 ,122.2,97.3,71.6,97.2,-4.71,2898.0,62.99,7,5,2012,0
2012-07-21,台北二,SE6 青蔥 粉蔥 ,120.0,91.5,69.9,92.9,-4.42,2523.0,-12.94,7,6,2012,0
2012-07-22,台北二,SE6 青蔥 粉蔥 ,107.1,93.8,69.3,91.5,-1.51,2112.0,-16.29,7,7,2012,0
2012-07-23,台北二,SE6 青蔥 粉蔥 ,,,,,,,,7,1,2012,1
2012-07-24,台北二,SE6 青蔥 粉蔥 ,97.8,89.6,65.4,86.4,-5.57,2674.0,26.61,7,2,2012,0
2012-07-25,台北二,SE6 青蔥 粉蔥 ,94.0,78.3,46.9,75.2,-12.96,2217.0,-17.09,7,3,2012,0
2012-07-26,台北二,SE6 青蔥 粉蔥 ,96.7,77.5,54.7,76.8,2.13,1671.0,-24.63,7,4,2012,0
2012-07-27,台北二,SE6 青蔥 粉蔥 ,112.7,103.4,69.5,98.5,28.26,1486.0,-11.07,7,5,2012,0
2012-07-28,台北二,SE6 青蔥 粉蔥 ,125.8,114.5,75.9,109.0,10.66,1893.0,27.39,7,6,2012,0
2012-07-29,台北二,SE6 青蔥 粉蔥 ,123.7,97.0,61.0,95.1,-12.75,2005.0,5.92,7,7,2012,0
2012-07-30,台北二,SE6 青蔥 粉蔥 ,,,,,,,,7,1,2012,1
2012-07-31,台北二,SE6 青蔥 粉蔥 ,190.6,159.0,110.2,155.5,63.51,2621.0,30.72,7,2,2012,0
2012-08-01,台北二,SE6 青蔥 粉蔥 ,133.0,79.5,48.1,83.9,-46.05,4183.0,59.6,8,3,2012,0
2012-08-02,台北二,SE6 青蔥 粉蔥 ,90.2,73.1,45.9,71.1,-15.26,2710.0,-35.21,8,4,2012,0
2012-08-03,台北二,SE6 青蔥 粉蔥 ,88.6,61.4,40.5,62.7,-11.81,664.0,-75.5,8,5,2012,0
2012-08-04,台北二,SE6 青蔥 粉蔥 ,121.1,92.5,53.0,90.3,44.02,1255.0,89.01,8,6,2012,0
2012-08-05,台北二,SE6 青蔥 粉蔥 ,112.4,81.3,47.0,80.6,-10.74,1455.0,15.94,8,7,2012,0
2012-08-06,台北二,SE6 青蔥 粉蔥 ,,,,,,,,8,1,2012,1
2012-08-07,台北二,SE6 青蔥 粉蔥 ,137.6,95.6,42.7,93.4,15.88,653.0,-55.12,8,2,2012,0
2012-08-08,台北二,SE6 青蔥 粉蔥 ,137.2,100.9,35.1,95.0,1.71,1162.0,77.95,8,3,2012,0
2012-08-09,台北二,SE6 青蔥 粉蔥 ,164.1,122.9,40.7,114.7,20.74,1466.0,26.16,8,4,2012,0
2012-08-10,台北二,SE6 青蔥 粉蔥 ,188.1,157.4,99.0,151.9,32.43,742.0,-49.39,8,5,2012,0
2012-08-11,台北二,SE6 青蔥 粉蔥 ,220.0,195.6,129.1,187.2,23.24,1084.0,46.09,8,6,2012,0
2012-08-12,台北二,SE6 青蔥 粉蔥 ,189.1,166.4,100.1,157.7,-15.76,1723.0,58.95,8,7,2012,0
2012-08-13,台北二,SE6 青蔥 粉蔥 ,,,,,,,,8,1,2012,1
2012-08-14,台北二,SE6 青蔥 粉蔥 ,189.7,159.7,103.1,154.3,-2.16,1461.0,-15.21,8,2,2012,0
2012-08-15,台北二,SE6 青蔥 粉蔥 ,206.1,152.5,99.1,152.5,-1.17,846.0,-42.09,8,3,2012,0
2012-08-16,台北二,SE6 青蔥 粉蔥 ,200.0,160.7,90.8,154.6,1.38,1197.0,41.49,8,4,2012,0
2012-08-17,台北二,SE6 青蔥 粉蔥 ,166.8,142.9,97.6,138.6,-10.35,1692.0,41.35,8,5,2012,0
2012-08-18,台北二,SE6 青蔥 粉蔥 ,110.3,91.7,58.4,88.7,-36.0,2193.0,29.61,8,6,2012,0
2012-08-19,台北二,SE6 青蔥 粉蔥 ,150.0,102.7,45.3,100.7,13.53,893.0,-59.28,8,7,2012,0
2012-08-20,台北二,SE6 青蔥 粉蔥 ,,,,,,,,8,1,2012,1
2012-08-21,台北二,SE6 青蔥 粉蔥 ,225.0,208.6,99.5,190.1,88.78,925.0,3.58,8,2,2012,0
2012-08-22,台北二,SE6 青蔥 粉蔥 ,210.6,150.9,94.1,151.5,-20.31,2035.0,120.0,8,3,2012,0
2012-08-23,台北二,SE6 青蔥 粉蔥 ,171.7,130.7,84.3,129.6,-14.46,2791.0,37.15,8,4,2012,0
2012-08-24,台北二,SE6 青蔥 粉蔥 ,149.0,103.4,50.5,101.9,-21.37,1373.0,-50.81,8,5,2012,0
2012-08-25,台北二,SE6 青蔥 粉蔥 ,139.4,82.0,36.0,84.3,-17.27,909.0,-33.79,8,6,2012,0
2012-08-26,台北二,SE6 青蔥 粉蔥 ,120.1,72.2,40.0,75.3,-10.68,1477.0,62.49,8,7,2012,0
2012-08-27,台北二,SE6 青蔥 粉蔥 ,,,,,,,,8,1,2012,1
2012-08-28,台北二,SE6 青蔥 粉蔥 ,178.8,124.0,40.3,118.2,56.97,854.0,-42.18,8,2,2012,0
2012-08-29,台北二,SE6 青蔥 粉蔥 ,155.5,92.1,34.6,93.3,-21.07,1319.0,54.45,8,3,2012,0
2012-08-30,台北二,SE6 青蔥 粉蔥 ,152.8,102.0,54.9,102.7,10.08,1436.0,8.87,8,4,2012,0
2012-08-31,台北二,SE6 青蔥 粉蔥 ,144.9,97.6,29.6,93.4,-9.06,837.0,-41.71,8,5,2012,0
2012-09-01,台北二,SE6 青蔥 粉蔥 ,197.8,117.9,82.5,126.8,35.76,512.0,-38.83,9,6,2012,0
2012-09-02,台北二,SE6 青蔥 粉蔥 ,292.5,252.6,110.7,232.2,83.12,839.0,63.87,9,7,2012,0
2012-09-03,台北二,SE6 青蔥 粉蔥 ,,,,,,,,9,1,2012,1
2012-09-04,台北二,SE6 青蔥 粉蔥 ,,,,,,,,9,2,2012,1
2012-09-05,台北二,SE6 青蔥 粉蔥 ,226.1,147.8,109.5,155.8,-32.9,2202.0,162.46,9,3,2012,0
2012-09-06,台北二,SE6 青蔥 粉蔥 ,125.6,89.5,63.5,91.5,-41.27,2371.0,7.67,9,4,2012,0
2012-09-07,台北二,SE6 青蔥 粉蔥 ,121.8,105.0,64.9,100.3,9.62,1388.0,-41.46,9,5,2012,0
2012-09-08,台北二,SE6 青蔥 粉蔥 ,140.0,120.9,75.7,115.7,15.35,1554.0,11.96,9,6,2012,0
2012-09-09,台北二,SE6 青蔥 粉蔥 ,129.3,108.9,82.8,107.8,-6.83,2017.0,29.79,9,7,2012,0
2012-09-10,台北二,SE6 青蔥 粉蔥 ,,,,,,,,9,1,2012,1
2012-09-11,台北二,SE6 青蔥 粉蔥 ,127.8,107.2,84.3,106.7,-1.02,2072.0,2.73,9,2,2012,0
2012-09-12,台北二,SE6 青蔥 粉蔥 ,124.0,106.7,79.0,104.6,-1.97,1546.0,-25.39,9,3,2012,0
2012-09-13,台北二,SE6 青蔥 粉蔥 ,121.3,99.3,58.0,95.4,-8.8,2506.0,62.1,9,4,2012,0
2012-09-14,台北二,SE6 青蔥 粉蔥 ,132.0,94.9,55.3,94.4,-1.05,2301.0,-8.18,9,5,2012,0
2012-09-15,台北二,SE6 青蔥 粉蔥 ,128.0,65.2,34.6,71.6,-24.15,2597.0,12.86,9,6,2012,0
2012-09-16,台北二,SE6 青蔥 粉蔥 ,108.5,69.3,44.4,72.2,0.84,1644.0,-36.7,9,7,2012,0
2012-09-17,台北二,SE6 青蔥 粉蔥 ,,,,,,,,9,1,2012,1
2012-09-18,台北二,SE6 青蔥 粉蔥 ,136.4,110.6,62.2,106.1,46.95,1471.0,-10.52,9,2,2012,0
2012-09-19,台北二,SE6 青蔥 粉蔥 ,101.9,85.4,52.9,82.2,-22.53,2048.0,39.23,9,3,2012,0
2012-09-20,台北二,SE6 青蔥 粉蔥 ,117.6,99.8,53.5,94.1,14.48,1633.0,-20.26,9,4,2012,0
2012-09-21,台北二,SE6 青蔥 粉蔥 ,126.7,105.1,79.4,104.3,10.84,1482.0,-9.25,9,5,2012,0
2012-09-22,台北二,SE6 青蔥 粉蔥 ,123.9,81.4,53.4,84.3,-19.18,3024.0,104.05,9,6,2012,0
2012-09-23,台北二,SE6 青蔥 粉蔥 ,113.3,74.4,48.0,76.9,-8.78,2406.0,-20.44,9,7,2012,0
2012-09-24,台北二,SE6 青蔥 粉蔥 ,,,,,,,,9,1,2012,1
2012-09-25,台北二,SE6 青蔥 粉蔥 ,106.2,75.1,57.6,77.8,1.17,2233.0,-7.19,9,2,2012,0
2012-09-26,台北二,SE6 青蔥 粉蔥 ,80.9,64.4,49.4,64.7,-16.84,3085.0,38.15,9,3,2012,0
2012-09-27,台北二,SE6 青蔥 粉蔥 ,85.0,71.0,44.7,68.6,6.03,3806.0,23.37,9,4,2012,0
2012-09-28,台北二,SE6 青蔥 粉蔥 ,68.3,54.9,36.2,53.8,-21.57,5802.0,52.44,9,5,2012,0
2012-09-29,台北二,SE6 青蔥 粉蔥 ,65.1,53.1,36.8,52.3,-2.79,4394.0,-24.27,9,6,2012,0
2012-09-30,台北二,SE6 青蔥 粉蔥 ,60.2,46.0,35.0,46.6,-10.9,5386.0,22.58,9,7,2012,0
2012-10-01,台北二,SE6 青蔥 粉蔥 ,,,,,,,,10,1,2012,1
2012-10-02,台北二,SE6 青蔥 粉蔥 ,,,,,,,,10,2,2012,1
2012-10-03,台北二,SE6 青蔥 粉蔥 ,87.5,61.4,40.2,62.4,33.91,2591.0,-51.89,10,3,2012,0
2012-10-04,台北二,SE6 青蔥 粉蔥 ,105.4,77.4,54.7,78.5,25.8,2522.0,-2.66,10,4,2012,0
2012-10-05,台北二,SE6 青蔥 粉蔥 ,96.8,77.4,53.6,76.6,-2.42,4010.0,59.0,10,5,2012,0
2012-10-06,台北二,SE6 青蔥 粉蔥 ,94.0,65.4,38.7,65.8,-14.1,5583.0,39.23,10,6,2012,0
2012-10-07,台北二,SE6 青蔥 粉蔥 ,92.8,63.8,43.9,65.6,-0.3,4926.0,-11.77,10,7,2012,0
2012-10-08,台北二,SE6 青蔥 粉蔥 ,,,,,,,,10,1,2012,1
2012-10-09,台北二,SE6 青蔥 粉蔥 ,95.2,65.9,45.2,67.6,3.05,5401.0,9.64,10,2,2012,0
2012-10-10,台北二,SE6 青蔥 粉蔥 ,90.5,67.7,42.2,67.2,-0.59,4444.0,-17.72,10,3,2012,0
2012-10-11,台北二,SE6 青蔥 粉蔥 ,87.9,57.7,42.7,60.7,-9.67,4749.0,6.86,10,4,2012,0
2012-10-12,台北二,SE6 青蔥 粉蔥 ,80.6,51.3,35.7,54.1,-10.87,5275.0,11.08,10,5,2012,0
2012-10-13,台北二,SE6 青蔥 粉蔥 ,83.8,61.0,42.1,61.8,14.23,3295.0,-37.54,10,6,2012,0
2012-10-14,台北二,SE6 青蔥 粉蔥 ,80.5,63.4,49.0,63.9,3.4,3996.0,21.27,10,7,2012,0
2012-10-15,台北二,SE6 青蔥 粉蔥 ,,,,,,,,10,1,2012,1
2012-10-16,台北二,SE6 青蔥 粉蔥 ,75.9,57.7,41.5,58.1,-9.08,5406.0,35.29,10,2,2012,0
2012-10-17,台北二,SE6 青蔥 粉蔥 ,59.9,43.0,25.0,42.8,-26.33,6809.0,25.95,10,3,2012,0
2012-10-18,台北二,SE6 青蔥 粉蔥 ,56.1,38.3,23.6,38.9,-9.11,5198.0,-23.66,10,4,2012,0
2012-10-19,台北二,SE6 青蔥 粉蔥 ,60.1,41.7,25.9,42.2,8.48,4985.0,-4.1,10,5,2012,0
2012-10-20,台北二,SE6 青蔥 粉蔥 ,59.7,43.1,31.4,44.1,4.5,4906.0,-1.58,10,6,2012,0
2012-10-21,台北二,SE6 青蔥 粉蔥 ,68.9,51.7,33.2,51.4,16.55,4302.0,-12.31,10,7,2012,0
2012-10-22,台北二,SE6 青蔥 粉蔥 ,,,,,,,,10,1,2012,1
2012-10-23,台北二,SE6 青蔥 粉蔥 ,73.3,49.4,31.7,50.6,-1.56,6069.0,41.07,10,2,2012,0
2012-10-24,台北二,SE6 青蔥 粉蔥 ,75.9,49.3,33.2,51.4,1.58,4408.0,-27.37,10,3,2012,0
2012-10-25,台北二,SE6 青蔥 粉蔥 ,76.1,52.6,38.8,54.5,6.03,4004.0,-9.17,10,4,2012,0
2012-10-26,台北二,SE6 青蔥 粉蔥 ,75.5,53.2,30.9,53.2,-2.39,4490.0,12.14,10,5,2012,0
2012-10-27,台北二,SE6 青蔥 粉蔥 ,76.9,46.0,24.6,47.9,-9.96,5527.0,23.1,10,6,2012,0
2012-10-28,台北二,SE6 青蔥 粉蔥 ,69.3,45.5,23.5,45.9,-4.18,6005.0,8.65,10,7,2012,0
2012-10-29,台北二,SE6 青蔥 粉蔥 ,,,,,,,,10,1,2012,1
2012-10-30,台北二,SE6 青蔥 粉蔥 ,64.0,43.6,23.3,43.6,-5.01,6472.0,7.78,10,2,2012,0
2012-10-31,台北二,SE6 青蔥 粉蔥 ,57.8,38.9,15.2,38.0,-12.84,5351.0,-17.32,10,3,2012,0
2012-11-01,台北二,SE6 青蔥 粉蔥 ,58.6,42.0,21.5,41.2,8.42,4873.0,-8.93,11,4,2012,0
2012-11-02,台北二,SE6 青蔥 粉蔥 ,63.1,36.0,21.1,38.5,-6.55,5579.0,14.49,11,5,2012,0
2012-11-03,台北二,SE6 青蔥 粉蔥 ,65.8,34.5,21.6,38.2,-0.78,5628.0,0.88,11,6,2012,0
2012-11-04,台北二,SE6 青蔥 粉蔥 ,79.0,39.3,21.3,43.6,14.14,4707.0,-16.36,11,7,2012,0
2012-11-05,台北二,SE6 青蔥 粉蔥 ,,,,,,,,11,1,2012,1
2012-11-06,台北二,SE6 青蔥 粉蔥 ,83.9,54.7,26.1,54.8,25.69,4527.0,-3.82,11,2,2012,0
2012-11-07,台北二,SE6 青蔥 粉蔥 ,75.8,46.0,26.8,48.1,-12.23,4546.0,0.42,11,3,2012,0
2012-11-08,台北二,SE6 青蔥 粉蔥 ,64.4,45.3,18.7,43.8,-8.94,2374.0,-47.78,11,4,2012,0
2012-11-09,台北二,SE6 青蔥 粉蔥 ,62.0,56.6,33.8,53.1,21.23,1446.0,-39.09,11,5,2012,0
2012-11-10,台北二,SE6 青蔥 粉蔥 ,69.9,59.7,21.2,54.0,1.69,1260.0,-12.86,11,6,2012,0
2012-11-11,台北二,SE6 青蔥 粉蔥 ,62.0,58.6,36.1,54.8,1.48,1393.0,10.56,11,7,2012,0
2012-11-12,台北二,SE6 青蔥 粉蔥 ,,,,,,,,11,1,2012,1
2012-11-13,台北二,SE6 青蔥 粉蔥 ,69.0,61.8,48.9,60.7,10.77,1725.0,23.83,11,2,2012,0
2012-11-14,台北二,SE6 青蔥 粉蔥 ,56.5,31.4,19.2,33.9,-44.15,4765.0,176.23,11,3,2012,0
2012-11-15,台北二,SE6 青蔥 粉蔥 ,54.7,47.4,29.7,45.3,33.63,1952.0,-59.03,11,4,2012,0
2012-11-16,台北二,SE6 青蔥 粉蔥 ,48.0,39.8,33.4,40.2,-11.26,1600.0,-18.03,11,5,2012,0
2012-11-17,台北二,SE6 青蔥 粉蔥 ,52.7,30.7,14.7,31.9,-20.65,2720.0,70.0,11,6,2012,0
2012-11-18,台北二,SE6 青蔥 粉蔥 ,64.0,60.4,37.4,56.5,77.12,1040.0,-61.76,11,7,2012,0
2012-11-19,台北二,SE6 青蔥 粉蔥 ,,,,,,,,11,1,2012,1
2012-11-20,台北二,SE6 青蔥 粉蔥 ,84.8,56.5,30.9,57.0,0.88,1659.0,59.52,11,2,2012,0
2012-11-21,台北二,SE6 青蔥 粉蔥 ,66.0,47.9,20.8,46.1,-19.12,2341.0,41.11,11,3,2012,0
2012-11-22,台北二,SE6 青蔥 粉蔥 ,70.0,37.8,21.1,40.9,-11.28,2399.0,2.48,11,4,2012,0
2012-11-23,台北二,SE6 青蔥 粉蔥 ,62.5,44.5,26.2,44.5,8.8,2260.0,-5.79,11,5,2012,0
2012-11-24,台北二,SE6 青蔥 粉蔥 ,61.5,44.3,24.2,43.7,-1.8,2460.0,8.85,11,6,2012,0
2012-11-25,台北二,SE6 青蔥 粉蔥 ,62.5,45.5,32.1,46.2,5.72,3146.0,27.89,11,7,2012,0
2012-11-26,台北二,SE6 青蔥 粉蔥 ,,,,,,,,11,1,2012,1
2012-11-27,台北二,SE6 青蔥 粉蔥 ,59.1,28.4,13.9,31.6,-31.6,4732.0,50.41,11,2,2012,0
2012-11-28,台北二,SE6 青蔥 粉蔥 ,60.3,41.3,25.4,41.9,32.59,2573.0,-45.63,11,3,2012,0
2012-11-29,台北二,SE6 青蔥 粉蔥 ,64.7,43.4,23.1,43.6,4.06,2920.0,13.49,11,4,2012,0
2012-11-30,台北二,SE6 青蔥 粉蔥 ,63.2,43.3,20.2,42.7,-2.06,3540.0,21.23,11,5,2012,0
2012-12-01,台北二,SE6 青蔥 粉蔥 ,70.0,44.3,21.6,44.9,5.15,3562.0,0.62,12,6,2012,0
2012-12-02,台北二,SE6 青蔥 粉蔥 ,70.0,43.8,30.2,46.3,3.12,4726.0,32.68,12,7,2012,0
2012-12-03,台北二,SE6 青蔥 粉蔥 ,,,,,,,,12,1,2012,1
2012-12-04,台北二,SE6 青蔥 粉蔥 ,63.7,40.8,25.4,42.3,-8.64,6010.0,27.17,12,2,2012,0
2012-12-05,台北二,SE6 青蔥 粉蔥 ,50.1,36.5,25.0,36.9,-12.77,5042.0,-16.11,12,3,2012,0
2012-12-06,台北二,SE6 青蔥 粉蔥 ,53.3,41.1,31.9,41.7,13.01,4939.0,-2.04,12,4,2012,0
2012-12-07,台北二,SE6 青蔥 粉蔥 ,56.5,44.3,29.6,43.8,5.04,2400.0,-51.41,12,5,2012,0
2012-12-08,台北二,SE6 青蔥 粉蔥 ,59.9,45.9,30.4,45.6,4.11,5666.0,136.08,12,6,2012,0
2012-12-09,台北二,SE6 青蔥 粉蔥 ,58.8,42.6,26.0,42.5,-6.8,6435.0,13.57,12,7,2012,0
2012-12-10,台北二,SE6 青蔥 粉蔥 ,,,,,,,,12,1,2012,1
2012-12-11,台北二,SE6 青蔥 粉蔥 ,49.7,39.2,20.7,37.6,-11.53,6935.0,7.77,12,2,2012,0
2012-12-12,台北二,SE6 青蔥 粉蔥 ,45.9,35.1,27.1,35.7,-5.05,5816.0,-16.14,12,3,2012,0
2012-12-13,台北二,SE6 青蔥 粉蔥 ,42.7,34.4,25.5,34.3,-3.92,7388.0,27.03,12,4,2012,0
2012-12-14,台北二,SE6 青蔥 粉蔥 ,40.4,32.1,24.1,32.2,-6.12,7081.0,-4.16,12,5,2012,0
2012-12-15,台北二,SE6 青蔥 粉蔥 ,42.0,31.9,18.6,31.2,-3.11,8514.0,20.24,12,6,2012,0
2012-12-16,台北二,SE6 青蔥 粉蔥 ,40.5,31.6,17.8,30.7,-1.6,8629.0,1.35,12,7,2012,0
2012-12-17,台北二,SE6 青蔥 粉蔥 ,,,,,,,,12,1,2012,1
2012-12-18,台北二,SE6 青蔥 粉蔥 ,40.1,33.1,20.3,32.0,4.23,8566.0,-0.73,12,2,2012,0
2012-12-19,台北二,SE6 青蔥 粉蔥 ,35.3,28.2,15.4,27.0,-15.62,7964.0,-7.03,12,3,2012,0
2012-12-20,台北二,SE6 青蔥 粉蔥 ,39.2,28.8,17.4,28.6,5.93,8314.0,4.39,12,4,2012,0
2012-12-21,台北二,SE6 青蔥 粉蔥 ,32.1,26.0,19.5,25.9,-9.44,8575.0,3.14,12,5,2012,0
2012-12-22,台北二,SE6 青蔥 粉蔥 ,31.4,25.6,16.9,25.0,-3.47,7853.0,-8.42,12,6,2012,0
2012-12-23,台北二,SE6 青蔥 粉蔥 ,40.6,28.8,16.3,28.6,14.4,6942.0,-11.6,12,7,2012,0
2012-12-24,台北二,SE6 青蔥 粉蔥 ,,,,,,,,12,1,2012,1
2012-12-25,台北二,SE6 青蔥 粉蔥 ,45.1,33.6,24.2,34.0,18.88,7088.0,2.1,12,2,2012,0
2012-12-26,台北二,SE6 青蔥 粉蔥 ,40.2,30.7,17.8,30.0,-11.76,7150.0,0.87,12,3,2012,0
2012-12-27,台北二,SE6 青蔥 粉蔥 ,38.1,28.9,12.6,27.5,-8.33,8522.0,19.19,12,4,2012,0
2012-12-28,台北二,SE6 青蔥 粉蔥 ,38.8,26.3,12.8,26.1,-5.09,9088.0,6.64,12,5,2012,0
2012-12-29,台北二,SE6 青蔥 粉蔥 ,38.8,25.5,11.9,25.4,-2.68,8633.0,-5.01,12,6,2012,0
2012-12-30,台北二,SE6 青蔥 粉蔥 ,38.3,27.7,14.7,27.2,7.09,7852.0,-9.05,12,7,2012,0
2012-12-31,台北二,SE6 青蔥 粉蔥 ,,,,,,,,12,1,2012,1
2013-01-01,台北二,SE6 青蔥 粉蔥 ,57.8,38.2,26.1,39.7,45.96,5075.0,-35.37,1,2,2013,0
2013-01-02,台北二,SE6 青蔥 粉蔥 ,47.0,36.4,20.5,35.3,-11.08,6717.0,32.35,1,3,2013,0
2013-01-03,台北二,SE6 青蔥 粉蔥 ,47.4,37.1,24.1,36.5,3.4,5404.0,-19.55,1,4,2013,0
2013-01-04,台北二,SE6 青蔥 粉蔥 ,39.4,31.8,20.2,31.0,-15.07,6552.0,21.24,1,5,2013,0
2013-01-05,台北二,SE6 青蔥 粉蔥 ,37.7,27.7,13.2,26.8,-13.55,8075.0,23.24,1,6,2013,0
2013-01-06,台北二,SE6 青蔥 粉蔥 ,38.8,28.9,14.8,28.1,4.85,9076.0,12.4,1,7,2013,0
2013-01-07,台北二,SE6 青蔥 粉蔥 ,,,,,,,,1,1,2013,1
2013-01-08,台北二,SE6 青蔥 粉蔥 ,39.1,29.1,17.2,28.7,2.14,9256.0,1.98,1,2,2013,0
2013-01-09,台北二,SE6 青蔥 粉蔥 ,33.6,22.3,12.0,22.5,-21.6,8555.0,-7.57,1,3,2013,0
2013-01-10,台北二,SE6 青蔥 粉蔥 ,38.1,25.5,13.7,25.7,14.22,6152.0,-28.09,1,4,2013,0
2013-01-11,台北二,SE6 青蔥 粉蔥 ,34.6,25.4,16.6,25.5,-0.78,7601.0,23.55,1,5,2013,0
2013-01-12,台北二,SE6 青蔥 粉蔥 ,34.9,23.2,12.1,23.3,-8.63,8641.0,13.68,1,6,2013,0
2013-01-13,台北二,SE6 青蔥 粉蔥 ,37.4,22.9,12.3,23.7,1.72,8534.0,-1.24,1,7,2013,0
2013-01-14,台北二,SE6 青蔥 粉蔥 ,,,,,,,,1,1,2013,1
2013-01-15,台北二,SE6 青蔥 粉蔥 ,39.1,28.7,18.1,28.6,20.68,7370.0,-13.64,1,2,2013,0
2013-01-16,台北二,SE6 青蔥 粉蔥 ,35.2,25.2,14.9,25.1,-12.24,8471.0,14.94,1,3,2013,0
2013-01-17,台北二,SE6 青蔥 粉蔥 ,38.4,24.3,13.5,25.0,-0.4,7462.0,-11.91,1,4,2013,0
2013-01-18,台北二,SE6 青蔥 粉蔥 ,34.8,24.7,14.5,24.7,-1.2,7051.0,-5.51,1,5,2013,0
2013-01-19,台北二,SE6 青蔥 粉蔥 ,32.4,23.9,12.9,23.4,-5.26,8224.0,16.64,1,6,2013,0
2013-01-20,台北二,SE6 青蔥 粉蔥 ,35.1,29.1,17.1,27.9,19.23,7982.0,-2.94,1,7,2013,0
2013-01-21,台北二,SE6 青蔥 粉蔥 ,,,,,,,,1,1,2013,1
2013-01-22,台北二,SE6 青蔥 粉蔥 ,34.6,27.7,14.6,26.4,-5.38,8177.0,2.44,1,2,2013,0
2013-01-23,台北二,SE6 青蔥 粉蔥 ,27.9,21.5,11.4,20.8,-21.21,8579.0,4.92,1,3,2013,0
2013-01-24,台北二,SE6 青蔥 粉蔥 ,32.5,21.8,9.8,21.5,3.37,8057.0,-6.08,1,4,2013,0
2013-01-25,台北二,SE6 青蔥 粉蔥 ,28.3,21.0,9.6,20.2,-6.05,7461.0,-7.4,1,5,2013,0
2013-01-26,台北二,SE6 青蔥 粉蔥 ,29.3,24.1,13.6,23.0,13.86,7627.0,2.22,1,6,2013,0
2013-01-27,台北二,SE6 青蔥 粉蔥 ,29.8,20.9,9.8,20.5,-10.87,10668.0,39.87,1,7,2013,0
2013-01-28,台北二,SE6 青蔥 粉蔥 ,,,,,,,,1,1,2013,1
2013-01-29,台北二,SE6 青蔥 粉蔥 ,35.0,25.7,14.7,25.4,23.9,6920.0,-35.13,1,2,2013,0
2013-01-30,台北二,SE6 青蔥 粉蔥 ,31.0,22.9,12.1,22.4,-11.81,7248.0,4.74,1,3,2013,0
2013-01-31,台北二,SE6 青蔥 粉蔥 ,27.1,21.7,16.5,21.7,-3.12,6825.0,-5.84,1,4,2013,0
2013-02-01,台北二,SE6 青蔥 粉蔥 ,25.0,20.8,13.5,20.2,-6.91,7155.0,4.84,2,5,2013,0
2013-02-02,台北二,SE6 青蔥 粉蔥 ,26.3,21.9,15.8,21.6,6.93,7396.0,3.37,2,6,2013,0
2013-02-03,台北二,SE6 青蔥 粉蔥 ,28.4,21.8,11.3,21.0,-2.78,10523.0,42.28,2,7,2013,0
2013-02-04,台北二,SE6 青蔥 粉蔥 ,,,,,,,,2,1,2013,1
2013-02-05,台北二,SE6 青蔥 粉蔥 ,29.6,24.3,18.8,24.3,15.71,10035.0,-4.64,2,2,2013,0
2013-02-06,台北二,SE6 青蔥 粉蔥 ,42.5,28.5,19.5,29.5,21.4,10431.0,3.95,2,3,2013,0
2013-02-07,台北二,SE6 青蔥 粉蔥 ,49.4,35.4,13.1,33.7,14.24,13456.0,29.0,2,4,2013,0
2013-02-08,台北二,SE6 青蔥 粉蔥 ,55.2,37.4,18.0,37.1,10.09,19014.0,41.3,2,5,2013,0
2013-02-09,台北二,SE6 青蔥 粉蔥 ,47.1,23.9,12.6,26.3,-29.11,7421.0,-60.97,2,6,2013,0
2013-02-10,台北二,SE6 青蔥 粉蔥 ,,,,,,,,2,7,2013,1
2013-02-11,台北二,SE6 青蔥 粉蔥 ,,,,,,,,2,1,2013,1
2013-02-12,台北二,SE6 青蔥 粉蔥 ,,,,,,,,2,2,2013,1
2013-02-13,台北二,SE6 青蔥 粉蔥 ,,,,,,,,2,3,2013,1
2013-02-14,台北二,SE6 青蔥 粉蔥 ,,,,,,,,2,4,2013,1
2013-02-15,台北二,SE6 青蔥 粉蔥 ,28.1,23.4,12.4,22.1,-15.97,9360.0,26.13,2,5,2013,0
2013-02-16,台北二,SE6 青蔥 粉蔥 ,30.3,27.6,18.1,26.2,18.55,5748.0,-38.59,2,6,2013,0
2013-02-17,台北二,SE6 青蔥 粉蔥 ,30.3,27.5,19.9,26.6,1.53,6826.0,18.75,2,7,2013,0
2013-02-18,台北二,SE6 青蔥 粉蔥 ,,,,,,,,2,1,2013,1
2013-02-19,台北二,SE6 青蔥 粉蔥 ,29.8,24.4,17.3,24.1,-9.4,9034.0,32.35,2,2,2013,0
2013-02-20,台北二,SE6 青蔥 粉蔥 ,23.2,18.2,9.3,17.4,-27.8,7918.0,-12.35,2,3,2013,0
2013-02-21,台北二,SE6 青蔥 粉蔥 ,22.7,17.6,9.4,17.0,-2.3,7378.0,-6.82,2,4,2013,0
2013-02-22,台北二,SE6 青蔥 粉蔥 ,20.4,14.7,10.6,15.0,-11.76,6445.0,-12.65,2,5,2013,0
2013-02-23,台北二,SE6 青蔥 粉蔥 ,25.6,19.0,10.8,18.6,24.0,6783.0,5.24,2,6,2013,0
2013-02-24,台北二,SE6 青蔥 粉蔥 ,37.2,32.2,20.5,30.8,65.59,8409.0,23.97,2,7,2013,0
2013-02-25,台北二,SE6 青蔥 粉蔥 ,,,,,,,,2,1,2013,1
2013-02-26,台北二,SE6 青蔥 粉蔥 ,,,,,,,,2,2,2013,1
2013-02-27,台北二,SE6 青蔥 粉蔥 ,29.3,25.6,16.1,24.4,-20.78,10265.0,22.07,2,3,2013,0
2013-02-28,台北二,SE6 青蔥 粉蔥 ,25.1,18.9,9.8,18.3,-25.0,9924.0,-3.32,2,4,2013,0
2013-03-01,台北二,SE6 青蔥 粉蔥 ,25.5,18.3,11.7,18.4,0.55,7631.0,-23.11,3,5,2013,0
2013-03-02,台北二,SE6 青蔥 粉蔥 ,25.4,20.8,13.6,20.3,10.33,7112.0,-6.8,3,6,2013,0
2013-03-03,台北二,SE6 青蔥 粉蔥 ,29.9,22.1,16.9,22.6,11.33,7819.0,9.94,3,7,2013,0
2013-03-04,台北二,SE6 青蔥 粉蔥 ,,,,,,,,3,1,2013,1
2013-03-05,台北二,SE6 青蔥 粉蔥 ,29.5,23.7,15.5,23.2,2.65,8580.0,9.73,3,2,2013,0
2013-03-06,台北二,SE6 青蔥 粉蔥 ,25.0,20.0,14.2,19.9,-14.22,9172.0,6.9,3,3,2013,0
2013-03-07,台北二,SE6 青蔥 粉蔥 ,22.7,18.8,14.0,18.6,-6.53,8895.0,-3.02,3,4,2013,0
2013-03-08,台北二,SE6 青蔥 粉蔥 ,22.5,16.4,10.7,16.5,-11.29,9329.0,4.88,3,5,2013,0
2013-03-09,台北二,SE6 青蔥 粉蔥 ,23.9,19.0,12.6,18.7,13.33,9165.0,-1.76,3,6,2013,0
2013-03-10,台北二,SE6 青蔥 粉蔥 ,26.2,20.5,15.1,20.6,10.16,9149.0,-0.17,3,7,2013,0
2013-03-11,台北二,SE6 青蔥 粉蔥 ,,,,,,,,3,1,2013,1
2013-03-12,台北二,SE6 青蔥 粉蔥 ,26.7,20.6,14.5,20.6,0.0,10624.0,16.12,3,2,2013,0
2013-03-13,台北二,SE6 青蔥 粉蔥 ,24.5,18.6,12.1,18.5,-10.19,8525.0,-19.76,3,3,2013,0
2013-03-14,台北二,SE6 青蔥 粉蔥 ,23.3,16.7,11.4,17.0,-8.11,8311.0,-2.51,3,4,2013,0
2013-03-15,台北二,SE6 青蔥 粉蔥 ,21.1,16.3,11.9,16.4,-3.53,8486.0,2.11,3,5,2013,0
2013-03-16,台北二,SE6 青蔥 粉蔥 ,23.8,17.8,11.9,17.8,8.54,8545.0,0.7,3,6,2013,0
2013-03-17,台北二,SE6 青蔥 粉蔥 ,23.0,19.3,14.2,19.0,6.74,10346.0,21.08,3,7,2013,0
2013-03-18,台北二,SE6 青蔥 粉蔥 ,,,,,,,,3,1,2013,1
2013-03-19,台北二,SE6 青蔥 粉蔥 ,26.7,19.1,11.5,19.1,0.53,10816.0,4.54,3,2,2013,0
2013-03-20,台北二,SE6 青蔥 粉蔥 ,23.1,16.7,10.4,16.7,-12.57,8206.0,-24.13,3,3,2013,0
2013-03-21,台北二,SE6 青蔥 粉蔥 ,20.5,15.1,9.3,15.0,-10.18,7991.0,-2.62,3,4,2013,0
2013-03-22,台北二,SE6 青蔥 粉蔥 ,20.5,15.3,10.3,15.4,2.67,8400.0,5.12,3,5,2013,0
2013-03-23,台北二,SE6 青蔥 粉蔥 ,20.9,15.8,10.6,15.8,2.6,8765.0,4.35,3,6,2013,0
2013-03-24,台北二,SE6 青蔥 粉蔥 ,22.1,16.2,10.6,16.3,3.16,9572.0,9.21,3,7,2013,0
2013-03-25,台北二,SE6 青蔥 粉蔥 ,,,,,,,,3,1,2013,1
2013-03-26,台北二,SE6 青蔥 粉蔥 ,24.3,18.9,12.1,18.6,14.11,8297.0,-13.32,3,2,2013,0
2013-03-27,台北二,SE6 青蔥 粉蔥 ,22.9,18.1,13.2,18.1,-2.69,6627.0,-20.13,3,3,2013,0
2013-03-28,台北二,SE6 青蔥 粉蔥 ,26.7,22.2,18.3,22.3,23.2,6310.0,-4.78,3,4,2013,0
2013-03-29,台北二,SE6 青蔥 粉蔥 ,30.7,24.4,16.9,24.2,8.52,8341.0,32.19,3,5,2013,0
2013-03-30,台北二,SE6 青蔥 粉蔥 ,25.8,20.6,12.9,20.1,-16.94,11122.0,33.34,3,6,2013,0
2013-03-31,台北二,SE6 青蔥 粉蔥 ,24.0,19.4,11.2,18.6,-7.46,10108.0,-9.12,3,7,2013,0
2013-04-01,台北二,SE6 青蔥 粉蔥 ,,,,,,,,4,1,2013,1
2013-04-02,台北二,SE6 青蔥 粉蔥 ,23.5,18.3,11.7,18.0,-3.23,10398.0,2.87,4,2,2013,0
2013-04-03,台北二,SE6 青蔥 粉蔥 ,29.1,19.5,11.4,19.8,10.0,12047.0,15.86,4,3,2013,0
2013-04-04,台北二,SE6 青蔥 粉蔥 ,,,,,,,,4,4,2013,1
2013-04-05,台北二,SE6 青蔥 粉蔥 ,,,,,,,,4,5,2013,1
2013-04-06,台北二,SE6 青蔥 粉蔥 ,42.0,30.2,18.2,30.2,52.53,5492.0,-54.41,4,6,2013,0
2013-04-07,台北二,SE6 青蔥 粉蔥 ,47.1,36.1,24.6,36.0,19.21,8184.0,49.02,4,7,2013,0
2013-04-08,台北二,SE6 青蔥 粉蔥 ,,,,,,,,4,1,2013,1
2013-04-09,台北二,SE6 青蔥 粉蔥 ,41.9,31.3,18.4,30.8,-14.44,11459.0,40.02,4,2,2013,0
2013-04-10,台北二,SE6 青蔥 粉蔥 ,30.4,23.9,11.8,22.8,-25.97,11592.0,1.16,4,3,2013,0
2013-04-11,台北二,SE6 青蔥 粉蔥 ,26.6,19.2,11.4,19.1,-16.23,10470.0,-9.68,4,4,2013,0
2013-04-12,台北二,SE6 青蔥 粉蔥 ,21.6,14.6,7.1,14.5,-24.08,10351.0,-1.14,4,5,2013,0
2013-04-13,台北二,SE6 青蔥 粉蔥 ,20.1,15.2,11.1,15.4,6.21,9805.0,-5.27,4,6,2013,0
2013-04-14,台北二,SE6 青蔥 粉蔥 ,22.2,16.8,11.3,16.8,9.09,9671.0,-1.37,4,7,2013,0
2013-04-15,台北二,SE6 青蔥 粉蔥 ,,,,,,,,4,1,2013,1
2013-04-16,台北二,SE6 青蔥 粉蔥 ,25.2,19.0,10.5,18.5,10.12,9608.0,-0.65,4,2,2013,0
2013-04-17,台北二,SE6 青蔥 粉蔥 ,23.5,18.2,11.7,18.0,-2.7,9792.0,1.92,4,3,2013,0
2013-04-18,台北二,SE6 青蔥 粉蔥 ,22.8,17.1,8.9,16.6,-7.78,10017.0,2.3,4,4,2013,0
2013-04-19,台北二,SE6 青蔥 粉蔥 ,22.6,14.9,7.6,15.0,-9.64,9689.0,-3.27,4,5,2013,0
2013-04-20,台北二,SE6 青蔥 粉蔥 ,25.5,16.1,8.3,16.4,9.33,9757.0,0.7,4,6,2013,0
2013-04-21,台北二,SE6 青蔥 粉蔥 ,21.5,14.4,8.2,14.6,-10.98,12689.0,30.05,4,7,2013,0
2013-04-22,台北二,SE6 青蔥 粉蔥 ,,,,,,,,4,1,2013,1
2013-04-23,台北二,SE6 青蔥 粉蔥 ,26.0,16.8,11.8,17.6,20.55,9427.0,-25.71,4,2,2013,0
2013-04-24,台北二,SE6 青蔥 粉蔥 ,21.9,16.3,7.8,15.7,-10.8,10917.0,15.81,4,3,2013,0
2013-04-25,台北二,SE6 青蔥 粉蔥 ,23.2,16.3,10.3,16.5,5.1,8934.0,-18.16,4,4,2013,0
2013-04-26,台北二,SE6 青蔥 粉蔥 ,22.4,18.4,12.6,18.0,9.09,8372.0,-6.29,4,5,2013,0
2013-04-27,台北二,SE6 青蔥 粉蔥 ,25.0,18.9,12.3,18.8,4.44,8880.0,6.07,4,6,2013,0
2013-04-28,台北二,SE6 青蔥 粉蔥 ,23.7,19.9,13.0,19.3,2.66,9448.0,6.4,4,7,2013,0
2013-04-29,台北二,SE6 青蔥 粉蔥 ,,,,,,,,4,1,2013,1
2013-04-30,台北二,SE6 青蔥 粉蔥 ,27.3,21.6,16.4,21.7,12.44,7996.0,-15.37,4,2,2013,0
2013-05-01,台北二,SE6 青蔥 粉蔥 ,23.8,18.2,12.0,18.1,-16.59,8326.0,4.13,5,3,2013,0
2013-05-02,台北二,SE6 青蔥 粉蔥 ,26.6,20.9,11.9,20.2,11.6,7163.0,-13.97,5,4,2013,0
2013-05-03,台北二,SE6 青蔥 粉蔥 ,25.2,21.4,15.5,21.0,3.96,7048.0,-1.61,5,5,2013,0
2013-05-04,台北二,SE6 青蔥 粉蔥 ,24.8,20.8,15.3,20.5,-2.38,8573.0,21.64,5,6,2013,0
2013-05-05,台北二,SE6 青蔥 粉蔥 ,32.3,21.5,12.2,21.8,6.34,8380.0,-2.25,5,7,2013,0
2013-05-06,台北二,SE6 青蔥 粉蔥 ,,,,,,,,5,1,2013,1
2013-05-07,台北二,SE6 青蔥 粉蔥 ,25.8,21.4,15.2,21.0,-3.67,8400.0,0.24,5,2,2013,0
2013-05-08,台北二,SE6 青蔥 粉蔥 ,21.2,18.0,10.6,17.2,-18.1,7787.0,-7.3,5,3,2013,0
2013-05-09,台北二,SE6 青蔥 粉蔥 ,21.4,17.8,7.7,16.5,-4.07,7518.0,-3.45,5,4,2013,0
2013-05-10,台北二,SE6 青蔥 粉蔥 ,20.9,16.2,11.3,16.1,-2.42,7220.0,-3.96,5,5,2013,0
2013-05-11,台北二,SE6 青蔥 粉蔥 ,25.7,19.4,11.2,19.0,18.01,6787.0,-6.0,5,6,2013,0
2013-05-12,台北二,SE6 青蔥 粉蔥 ,18.8,14.6,10.4,14.6,-23.16,8215.0,21.04,5,7,2013,0
2013-05-13,台北二,SE6 青蔥 粉蔥 ,,,,,,,,5,1,2013,1
2013-05-14,台北二,SE6 青蔥 粉蔥 ,38.7,27.4,17.4,27.7,89.73,5195.0,-36.76,5,2,2013,0
2013-05-15,台北二,SE6 青蔥 粉蔥 ,36.5,30.3,23.2,30.1,8.66,4836.0,-6.91,5,3,2013,0
2013-05-16,台北二,SE6 青蔥 粉蔥 ,25.5,21.2,14.8,20.8,-30.9,7805.0,61.39,5,4,2013,0
2013-05-17,台北二,SE6 青蔥 粉蔥 ,19.5,14.8,7.9,14.4,-30.77,7284.0,-6.68,5,5,2013,0
2013-05-18,台北二,SE6 青蔥 粉蔥 ,21.1,17.7,12.5,17.3,20.14,6814.0,-6.45,5,6,2013,0
2013-05-19,台北二,SE6 青蔥 粉蔥 ,33.8,20.3,14.0,21.7,25.43,6859.0,0.66,5,7,2013,0
2013-05-20,台北二,SE6 青蔥 粉蔥 ,,,,,,,,5,1,2013,1
2013-05-21,台北二,SE6 青蔥 粉蔥 ,47.4,33.4,20.9,33.7,55.3,5713.0,-16.71,5,2,2013,0
2013-05-22,台北二,SE6 青蔥 粉蔥 ,38.6,27.5,17.5,27.7,-17.8,6996.0,22.46,5,3,2013,0
2013-05-23,台北二,SE6 青蔥 粉蔥 ,34.1,25.2,13.3,24.6,-11.19,6529.0,-6.68,5,4,2013,0
2013-05-24,台北二,SE6 青蔥 粉蔥 ,26.9,21.4,12.8,20.8,-15.45,7007.0,7.32,5,5,2013,0
2013-05-25,台北二,SE6 青蔥 粉蔥 ,25.9,20.8,12.3,20.1,-3.37,6147.0,-12.27,5,6,2013,0
2013-05-26,台北二,SE6 青蔥 粉蔥 ,37.8,27.0,14.1,26.6,32.34,4931.0,-19.78,5,7,2013,0
2013-05-27,台北二,SE6 青蔥 粉蔥 ,,,,,,,,5,1,2013,1
2013-05-28,台北二,SE6 青蔥 粉蔥 ,45.9,30.6,19.8,31.5,18.42,4438.0,-10.0,5,2,2013,0
2013-05-29,台北二,SE6 青蔥 粉蔥 ,39.4,33.9,26.5,33.5,6.35,4471.0,0.74,5,3,2013,0
2013-05-30,台北二,SE6 青蔥 粉蔥 ,36.8,31.3,23.6,30.8,-8.06,4548.0,1.72,5,4,2013,0
2013-05-31,台北二,SE6 青蔥 粉蔥 ,35.2,27.7,17.4,27.1,-12.01,4996.0,9.85,5,5,2013,0
2013-06-01,台北二,SE6 青蔥 粉蔥 ,35.0,24.2,18.6,25.3,-6.64,4966.0,-0.6,6,6,2013,0
2013-06-02,台北二,SE6 青蔥 粉蔥 ,44.5,38.4,23.9,36.7,45.06,3347.0,-32.6,6,7,2013,0
2013-06-03,台北二,SE6 青蔥 粉蔥 ,,,,,,,,6,1,2013,1
2013-06-04,台北二,SE6 青蔥 粉蔥 ,50.5,43.2,32.9,42.6,16.08,4054.0,21.12,6,2,2013,0
2013-06-05,台北二,SE6 青蔥 粉蔥 ,47.1,42.8,30.2,41.2,-3.29,3861.0,-4.76,6,3,2013,0
2013-06-06,台北二,SE6 青蔥 粉蔥 ,46.6,38.6,20.8,36.6,-11.17,4069.0,5.39,6,4,2013,0
2013-06-07,台北二,SE6 青蔥 粉蔥 ,46.9,40.4,29.5,39.5,7.92,3520.0,-13.49,6,5,2013,0
2013-06-08,台北二,SE6 青蔥 粉蔥 ,46.2,40.4,24.3,38.3,-3.04,3844.0,9.2,6,6,2013,0
2013-06-09,台北二,SE6 青蔥 粉蔥 ,41.4,33.8,16.9,32.0,-16.45,4931.0,28.28,6,7,2013,0
2013-06-10,台北二,SE6 青蔥 粉蔥 ,,,,,,,,6,1,2013,1
2013-06-11,台北二,SE6 青蔥 粉蔥 ,60.4,47.1,30.2,46.4,45.0,4207.0,-14.68,6,2,2013,0
2013-06-12,台北二,SE6 青蔥 粉蔥 ,66.2,58.5,42.4,56.8,22.41,3521.0,-16.31,6,3,2013,0
2013-06-13,台北二,SE6 青蔥 粉蔥 ,,,,,,,,6,4,2013,1
2013-06-14,台北二,SE6 青蔥 粉蔥 ,,,,,,,,6,5,2013,1
2013-06-15,台北二,SE6 青蔥 粉蔥 ,76.1,56.5,31.1,55.3,-2.64,4739.0,34.59,6,6,2013,0
2013-06-16,台北二,SE6 青蔥 粉蔥 ,65.1,44.0,24.6,44.3,-19.89,5857.0,23.59,6,7,2013,0
2013-06-17,台北二,SE6 青蔥 粉蔥 ,,,,,,,,6,1,2013,1
2013-06-18,台北二,SE6 青蔥 粉蔥 ,49.0,36.2,23.2,36.1,-18.51,4616.0,-21.19,6,2,2013,0
2013-06-19,台北二,SE6 青蔥 粉蔥 ,41.8,36.0,23.4,34.6,-4.16,3226.0,-30.11,6,3,2013,0
2013-06-20,台北二,SE6 青蔥 粉蔥 ,47.2,36.9,21.9,36.0,4.05,2489.0,-22.85,6,4,2013,0
2013-06-21,台北二,SE6 青蔥 粉蔥 ,69.6,58.6,40.2,57.1,58.61,2345.0,-5.79,6,5,2013,0
2013-06-22,台北二,SE6 青蔥 粉蔥 ,67.7,52.1,30.7,50.9,-10.86,3527.0,50.41,6,6,2013,0
2013-06-23,台北二,SE6 青蔥 粉蔥 ,68.7,51.9,32.2,51.3,0.79,3828.0,8.53,6,7,2013,0
2013-06-24,台北二,SE6 青蔥 粉蔥 ,,,,,,,,6,1,2013,1
2013-06-25,台北二,SE6 青蔥 粉蔥 ,57.8,47.5,31.5,46.4,-9.55,3220.0,-15.88,6,2,2013,0
2013-06-26,台北二,SE6 青蔥 粉蔥 ,54.4,44.4,27.9,43.1,-7.11,1720.0,-46.58,6,3,2013,0
2013-06-27,台北二,SE6 青蔥 粉蔥 ,59.7,49.7,33.1,48.4,12.3,1020.0,-40.7,6,4,2013,0
2013-06-28,台北二,SE6 青蔥 粉蔥 ,64.8,57.7,36.6,54.9,13.43,1388.0,36.08,6,5,2013,0
2013-06-29,台北二,SE6 青蔥 粉蔥 ,66.2,55.5,34.4,53.4,-2.73,1299.0,-6.41,6,6,2013,0
2013-06-30,台北二,SE6 青蔥 粉蔥 ,61.2,52.3,34.8,52.3,-2.06,3430.0,164.05,6,7,2013,0
2013-07-01,台北二,SE6 青蔥 粉蔥 ,,,,,,,,7,1,2013,1
2013-07-02,台北二,SE6 青蔥 粉蔥 ,72.6,65.5,37.0,61.2,17.02,2674.0,-22.04,7,2,2013,0
2013-07-03,台北二,SE6 青蔥 粉蔥 ,90.0,85.3,62.4,81.7,33.5,884.0,-66.94,7,3,2013,0
2013-07-04,台北二,SE6 青蔥 粉蔥 ,85.5,81.3,59.7,77.8,-4.77,1231.0,39.25,7,4,2013,0
2013-07-05,台北二,SE6 青蔥 粉蔥 ,84.1,77.4,59.1,75.1,-3.47,1075.0,-12.67,7,5,2013,0
2013-07-06,台北二,SE6 青蔥 粉蔥 ,85.2,77.5,68.4,77.2,2.8,1243.0,15.63,7,6,2013,0
2013-07-07,台北二,SE6 青蔥 粉蔥 ,92.8,74.3,47.0,72.6,-5.96,1685.0,35.56,7,7,2013,0
2013-07-08,台北二,SE6 青蔥 粉蔥 ,,,,,,,,7,1,2013,1
2013-07-09,台北二,SE6 青蔥 粉蔥 ,94.8,78.8,52.6,76.8,5.79,1772.0,5.16,7,2,2013,0
2013-07-10,台北二,SE6 青蔥 粉蔥 ,120.0,106.1,72.4,102.2,33.07,1760.0,-0.68,7,3,2013,0
2013-07-11,台北二,SE6 青蔥 粉蔥 ,140.2,117.1,69.6,112.2,9.78,2934.0,66.7,7,4,2013,0
2013-07-12,台北二,SE6 青蔥 粉蔥 ,117.0,96.4,54.1,92.0,-18.0,3949.0,34.59,7,5,2013,0
2013-07-13,台北二,SE6 青蔥 粉蔥 ,83.4,65.2,32.2,62.2,-32.39,2161.0,-45.28,7,6,2013,0
2013-07-14,台北二,SE6 青蔥 粉蔥 ,84.0,73.8,53.3,71.7,15.27,494.0,-77.14,7,7,2013,0
2013-07-15,台北二,SE6 青蔥 粉蔥 ,,,,,,,,7,1,2013,1
2013-07-16,台北二,SE6 青蔥 粉蔥 ,73.2,58.5,38.5,57.4,-19.94,1612.0,226.32,7,2,2013,0
2013-07-17,台北二,SE6 青蔥 粉蔥 ,46.5,32.8,18.5,32.7,-43.03,1265.0,-21.53,7,3,2013,0
2013-07-18,台北二,SE6 青蔥 粉蔥 ,42.2,32.6,19.4,31.9,-2.45,1158.0,-8.46,7,4,2013,0
2013-07-19,台北二,SE6 青蔥 粉蔥 ,102.9,61.3,21.0,61.6,93.1,505.0,-56.39,7,5,2013,0
2013-07-20,台北二,SE6 青蔥 粉蔥 ,112.5,68.0,45.2,72.3,17.37,1587.0,214.26,7,6,2013,0
2013-07-21,台北二,SE6 青蔥 粉蔥 ,104.4,62.7,39.0,66.3,-8.3,2235.0,40.83,7,7,2013,0
2013-07-22,台北二,SE6 青蔥 粉蔥 ,,,,,,,,7,1,2013,1
2013-07-23,台北二,SE6 青蔥 粉蔥 ,114.3,90.8,58.9,89.2,34.54,1525.0,-31.77,7,2,2013,0
2013-07-24,台北二,SE6 青蔥 粉蔥 ,114.6,78.1,48.4,79.4,-10.99,1671.0,9.57,7,3,2013,0
2013-07-25,台北二,SE6 青蔥 粉蔥 ,103.6,72.9,46.5,73.8,-7.05,1627.0,-2.63,7,4,2013,0
2013-07-26,台北二,SE6 青蔥 粉蔥 ,94.1,77.6,52.6,75.9,2.85,1912.0,17.52,7,5,2013,0
2013-07-27,台北二,SE6 青蔥 粉蔥 ,92.6,70.2,51.2,70.8,-6.72,3038.0,58.89,7,6,2013,0
2013-07-28,台北二,SE6 青蔥 粉蔥 ,90.2,72.7,51.1,71.9,1.55,3144.0,3.49,7,7,2013,0
2013-07-29,台北二,SE6 青蔥 粉蔥 ,,,,,,,,7,1,2013,1
2013-07-30,台北二,SE6 青蔥 粉蔥 ,78.8,65.4,39.9,63.0,-12.38,3372.0,7.25,7,2,2013,0
2013-07-31,台北二,SE6 青蔥 粉蔥 ,70.2,52.0,34.7,52.2,-17.14,3234.0,-4.09,7,3,2013,0
2013-08-01,台北二,SE6 青蔥 粉蔥 ,60.5,39.7,26.9,41.3,-20.88,2833.0,-12.4,8,4,2013,0
2013-08-02,台北二,SE6 青蔥 粉蔥 ,69.8,51.6,36.1,52.2,26.39,2409.0,-14.97,8,5,2013,0
2013-08-03,台北二,SE6 青蔥 粉蔥 ,68.8,48.0,37.4,50.0,-4.21,3903.0,62.02,8,6,2013,0
2013-08-04,台北二,SE6 青蔥 粉蔥 ,81.0,50.4,33.7,53.2,6.4,3960.0,1.46,8,7,2013,0
2013-08-05,台北二,SE6 青蔥 粉蔥 ,,,,,,,,8,1,2013,1
2013-08-06,台北二,SE6 青蔥 粉蔥 ,79.5,53.8,39.0,56.0,5.26,4641.0,17.2,8,2,2013,0
2013-08-07,台北二,SE6 青蔥 粉蔥 ,54.2,44.1,25.3,42.3,-24.46,4679.0,0.82,8,3,2013,0
2013-08-08,台北二,SE6 青蔥 粉蔥 ,57.2,44.2,29.0,43.8,3.55,2333.0,-50.14,8,4,2013,0
2013-08-09,台北二,SE6 青蔥 粉蔥 ,49.8,38.4,29.5,38.9,-11.19,2510.0,7.59,8,5,2013,0
2013-08-10,台北二,SE6 青蔥 粉蔥 ,59.4,41.5,35.4,43.9,12.85,2855.0,13.75,8,6,2013,0
2013-08-11,台北二,SE6 青蔥 粉蔥 ,55.2,36.6,25.1,38.0,-13.44,5208.0,82.42,8,7,2013,0
2013-08-12,台北二,SE6 青蔥 粉蔥 ,,,,,,,,8,1,2013,1
2013-08-13,台北二,SE6 青蔥 粉蔥 ,55.9,35.9,26.9,38.1,0.26,3923.0,-24.67,8,2,2013,0
2013-08-14,台北二,SE6 青蔥 粉蔥 ,55.6,34.7,18.2,35.6,-6.56,2995.0,-23.66,8,3,2013,0
2013-08-15,台北二,SE6 青蔥 粉蔥 ,48.7,39.6,23.5,38.2,7.3,2307.0,-22.97,8,4,2013,0
2013-08-16,台北二,SE6 青蔥 粉蔥 ,60.0,43.6,31.5,44.5,16.49,2080.0,-9.84,8,5,2013,0
2013-08-17,台北二,SE6 青蔥 粉蔥 ,50.3,37.7,28.0,38.2,-14.16,3345.0,60.82,8,6,2013,0
2013-08-18,台北二,SE6 青蔥 粉蔥 ,46.0,30.4,19.0,31.2,-18.32,5133.0,53.45,8,7,2013,0
2013-08-19,台北二,SE6 青蔥 粉蔥 ,,,,,,,,8,1,2013,1
2013-08-20,台北二,SE6 青蔥 粉蔥 ,78.1,57.9,32.7,56.9,82.37,4492.0,-12.49,8,2,2013,0
2013-08-21,台北二,SE6 青蔥 粉蔥 ,62.4,42.6,20.4,42.1,-26.01,6600.0,46.93,8,3,2013,0
2013-08-22,台北二,SE6 青蔥 粉蔥 ,,,,,,,,8,4,2013,1
2013-08-23,台北二,SE6 青蔥 粉蔥 ,,,,,,,,8,5,2013,1
2013-08-24,台北二,SE6 青蔥 粉蔥 ,55.0,45.3,19.5,42.1,0.0,1950.0,-70.45,8,6,2013,0
2013-08-25,台北二,SE6 青蔥 粉蔥 ,61.7,47.5,21.7,45.2,7.36,2126.0,9.03,8,7,2013,0
2013-08-26,台北二,SE6 青蔥 粉蔥 ,,,,,,,,8,1,2013,1
2013-08-27,台北二,SE6 青蔥 粉蔥 ,76.5,44.0,17.6,45.2,0.0,4558.0,114.39,8,2,2013,0
2013-08-28,台北二,SE6 青蔥 粉蔥 ,71.5,45.8,17.7,45.3,0.22,3576.0,-21.54,8,3,2013,0
2013-08-29,台北二,SE6 青蔥 粉蔥 ,65.2,48.1,16.0,45.1,-0.44,3358.0,-6.1,8,4,2013,0
2013-08-30,台北二,SE6 青蔥 粉蔥 ,60.7,55.4,41.4,53.7,19.07,2863.0,-14.74,8,5,2013,0
2013-08-31,台北二,SE6 青蔥 粉蔥 ,72.2,64.3,45.8,62.2,15.83,2018.0,-29.51,8,6,2013,0
2013-09-01,台北二,SE6 青蔥 粉蔥 ,69.6,58.2,31.3,55.1,-11.41,2794.0,38.45,9,7,2013,0
2013-09-02,台北二,SE6 青蔥 粉蔥 ,,,,,,,,9,1,2013,1
2013-09-03,台北二,SE6 青蔥 粉蔥 ,144.2,71.8,27.8,77.5,40.65,2927.0,4.76,9,2,2013,0
2013-09-04,台北二,SE6 青蔥 粉蔥 ,125.6,101.5,30.6,92.1,18.84,2572.0,-12.13,9,3,2013,0
2013-09-05,台北二,SE6 青蔥 粉蔥 ,117.6,92.5,52.2,89.5,-2.82,2716.0,5.6,9,4,2013,0
2013-09-06,台北二,SE6 青蔥 粉蔥 ,112.3,102.2,76.5,99.1,10.73,1535.0,-43.48,9,5,2013,0
2013-09-07,台北二,SE6 青蔥 粉蔥 ,136.8,117.9,55.2,109.2,10.19,1593.0,3.78,9,6,2013,0
2013-09-08,台北二,SE6 青蔥 粉蔥 ,136.2,105.6,61.9,103.0,-5.68,3058.0,91.96,9,7,2013,0
2013-09-09,台北二,SE6 青蔥 粉蔥 ,,,,,,,,9,1,2013,1
2013-09-10,台北二,SE6 青蔥 粉蔥 ,119.5,102.5,63.8,98.2,-4.66,2960.0,-3.2,9,2,2013,0
2013-09-11,台北二,SE6 青蔥 粉蔥 ,101.9,86.1,60.6,84.2,-14.26,2438.0,-17.64,9,3,2013,0
2013-09-12,台北二,SE6 青蔥 粉蔥 ,114.8,93.2,63.9,91.7,8.91,1571.0,-35.56,9,4,2013,0
2013-09-13,台北二,SE6 青蔥 粉蔥 ,103.3,83.1,56.3,81.8,-10.8,2626.0,67.15,9,5,2013,0
2013-09-14,台北二,SE6 青蔥 粉蔥 ,98.4,82.1,52.8,79.5,-2.81,2702.0,2.89,9,6,2013,0
2013-09-15,台北二,SE6 青蔥 粉蔥 ,96.1,73.0,38.5,70.7,-11.07,2949.0,9.14,9,7,2013,0
2013-09-16,台北二,SE6 青蔥 粉蔥 ,90.0,84.2,20.0,72.5,2.55,80.0,-97.29,9,1,2013,0
2013-09-17,台北二,SE6 青蔥 粉蔥 ,119.1,77.3,37.0,77.6,7.03,2454.0,2967.5,9,2,2013,0
2013-09-18,台北二,SE6 青蔥 粉蔥 ,115.9,94.1,36.5,87.0,12.11,3290.0,34.07,9,3,2013,0
2013-09-19,台北二,SE6 青蔥 粉蔥 ,132.2,94.9,45.1,92.4,6.21,3618.0,9.97,9,4,2013,0
2013-09-20,台北二,SE6 青蔥 粉蔥 ,,,,,,,,9,5,2013,1
2013-09-21,台北二,SE6 青蔥 粉蔥 ,,,,,,,,9,6,2013,1
2013-09-22,台北二,SE6 青蔥 粉蔥 ,159.2,122.8,75.0,120.5,30.41,1328.0,-63.29,9,7,2013,0
2013-09-23,台北二,SE6 青蔥 粉蔥 ,,,,,,,,9,1,2013,1
2013-09-24,台北二,SE6 青蔥 粉蔥 ,127.1,113.2,58.4,105.0,-12.86,2133.0,60.62,9,2,2013,0
2013-09-25,台北二,SE6 青蔥 粉蔥 ,107.5,77.4,38.8,75.7,-27.9,2052.0,-3.8,9,3,2013,0
2013-09-26,台北二,SE6 青蔥 粉蔥 ,98.7,73.5,38.0,71.5,-5.55,1745.0,-14.96,9,4,2013,0
2013-09-27,台北二,SE6 青蔥 粉蔥 ,98.1,72.1,27.9,68.5,-4.2,1880.0,7.74,9,5,2013,0
2013-09-28,台北二,SE6 青蔥 粉蔥 ,112.0,61.8,26.2,64.7,-5.55,3289.0,74.95,9,6,2013,0
2013-09-29,台北二,SE6 青蔥 粉蔥 ,107.1,67.9,26.7,67.5,4.33,3761.0,14.35,9,7,2013,0
2013-09-30,台北二,SE6 青蔥 粉蔥 ,,,,,,,,9,1,2013,1
2013-10-01,台北二,SE6 青蔥 粉蔥 ,124.7,101.4,49.0,95.6,41.63,2603.0,-30.79,10,2,2013,0
2013-10-02,台北二,SE6 青蔥 粉蔥 ,116.1,95.5,47.3,90.0,-5.86,2961.0,13.75,10,3,2013,0
2013-10-03,台北二,SE6 青蔥 粉蔥 ,134.3,104.0,47.2,98.7,9.67,2018.0,-31.85,10,4,2013,0
2013-10-04,台北二,SE6 青蔥 粉蔥 ,130.2,112.5,57.6,105.0,6.38,2298.0,13.88,10,5,2013,0
2013-10-05,台北二,SE6 青蔥 粉蔥 ,131.6,91.5,56.6,92.6,-11.81,3792.0,65.01,10,6,2013,0
2013-10-06,台北二,SE6 青蔥 粉蔥 ,116.3,91.6,48.8,88.0,-4.97,3089.0,-18.54,10,7,2013,0
2013-10-07,台北二,SE6 青蔥 粉蔥 ,,,,,,,,10,1,2013,1
2013-10-08,台北二,SE6 青蔥 粉蔥 ,99.2,66.3,33.9,66.4,-24.55,4390.0,42.12,10,2,2013,0
2013-10-09,台北二,SE6 青蔥 粉蔥 ,72.7,67.2,45.0,63.8,-3.92,2653.0,-39.57,10,3,2013,0
2013-10-10,台北二,SE6 青蔥 粉蔥 ,92.4,75.1,38.7,71.3,11.76,1572.0,-40.75,10,4,2013,0
2013-10-11,台北二,SE6 青蔥 粉蔥 ,83.1,60.9,26.7,58.5,-17.95,2425.0,54.26,10,5,2013,0
2013-10-12,台北二,SE6 青蔥 粉蔥 ,80.7,61.8,37.5,60.7,3.76,3136.0,29.32,10,6,2013,0
2013-10-13,台北二,SE6 青蔥 粉蔥 ,97.2,76.8,31.3,71.8,18.29,2441.0,-22.16,10,7,2013,0
2013-10-14,台北二,SE6 青蔥 粉蔥 ,,,,,,,,10,1,2013,1
2013-10-15,台北二,SE6 青蔥 粉蔥 ,117.2,98.4,63.8,95.2,32.59,1434.0,-41.25,10,2,2013,0
2013-10-16,台北二,SE6 青蔥 粉蔥 ,103.6,71.5,43.6,72.3,-24.05,1375.0,-4.11,10,3,2013,0
2013-10-17,台北二,SE6 青蔥 粉蔥 ,112.6,79.7,44.2,79.2,9.54,1163.0,-15.42,10,4,2013,0
2013-10-18,台北二,SE6 青蔥 粉蔥 ,105.0,77.6,43.9,76.3,-3.66,1600.0,37.58,10,5,2013,0
2013-10-19,台北二,SE6 青蔥 粉蔥 ,91.8,61.0,34.1,61.8,-19.0,3255.0,103.44,10,6,2013,0
2013-10-20,台北二,SE6 青蔥 粉蔥 ,80.4,64.5,40.9,63.0,1.94,2396.0,-26.39,10,7,2013,0
2013-10-21,台北二,SE6 青蔥 粉蔥 ,,,,,,,,10,1,2013,1
2013-10-22,台北二,SE6 青蔥 粉蔥 ,103.6,65.6,33.5,66.8,6.03,2364.0,-1.34,10,2,2013,0
2013-10-23,台北二,SE6 青蔥 粉蔥 ,90.0,69.0,32.9,66.0,-1.2,2263.0,-4.27,10,3,2013,0
2013-10-24,台北二,SE6 青蔥 粉蔥 ,93.4,65.5,26.9,63.4,-3.94,1380.0,-39.02,10,4,2013,0
2013-10-25,台北二,SE6 青蔥 粉蔥 ,120.1,47.2,36.6,59.7,-5.84,1081.0,-21.67,10,5,2013,0
2013-10-26,台北二,SE6 青蔥 粉蔥 ,128.8,65.0,38.6,72.5,21.44,1002.0,-7.31,10,6,2013,0
2013-10-27,台北二,SE6 青蔥 粉蔥 ,135.0,69.1,39.6,76.4,5.38,1005.0,0.3,10,7,2013,0
2013-10-28,台北二,SE6 青蔥 粉蔥 ,,,,,,,,10,1,2013,1
2013-10-29,台北二,SE6 青蔥 粉蔥 ,101.8,78.2,46.3,76.5,0.13,2120.0,110.95,10,2,2013,0
2013-10-30,台北二,SE6 青蔥 粉蔥 ,68.5,48.7,39.0,50.7,-33.73,2960.0,39.62,10,3,2013,0
2013-10-31,台北二,SE6 青蔥 粉蔥 ,63.9,48.5,27.7,47.4,-6.51,2440.0,-17.57,10,4,2013,0
2013-11-01,台北二,SE6 青蔥 粉蔥 ,62.8,48.7,20.4,45.9,-3.16,2163.0,-11.35,11,5,2013,0
2013-11-02,台北二,SE6 青蔥 粉蔥 ,60.2,41.4,15.1,39.9,-13.07,2646.0,22.33,11,6,2013,0
2013-11-03,台北二,SE6 青蔥 粉蔥 ,69.0,45.1,25.5,46.0,15.29,3088.0,16.7,11,7,2013,0
2013-11-04,台北二,SE6 青蔥 粉蔥 ,,,,,,,,11,1,2013,1
2013-11-05,台北二,SE6 青蔥 粉蔥 ,67.3,50.8,22.0,48.3,5.0,3716.0,20.34,11,2,2013,0
2013-11-06,台北二,SE6 青蔥 粉蔥 ,56.2,38.6,17.7,37.9,-21.53,4102.0,10.39,11,3,2013,0
2013-11-07,台北二,SE6 青蔥 粉蔥 ,47.1,31.2,20.2,32.1,-15.3,5188.0,26.47,11,4,2013,0
2013-11-08,台北二,SE6 青蔥 粉蔥 ,48.2,38.8,24.2,37.7,17.45,3864.0,-25.52,11,5,2013,0
2013-11-09,台北二,SE6 青蔥 粉蔥 ,51.7,39.1,24.2,38.6,2.39,5740.0,48.55,11,6,2013,0
2013-11-10,台北二,SE6 青蔥 粉蔥 ,63.0,45.6,27.2,45.4,17.62,4820.0,-16.03,11,7,2013,0
2013-11-11,台北二,SE6 青蔥 粉蔥 ,,,,,,,,11,1,2013,1
2013-11-12,台北二,SE6 青蔥 粉蔥 ,61.1,47.1,26.5,45.8,0.88,4618.0,-4.19,11,2,2013,0
2013-11-13,台北二,SE6 青蔥 粉蔥 ,64.8,48.4,23.0,46.6,1.75,4638.0,0.43,11,3,2013,0
2013-11-14,台北二,SE6 青蔥 粉蔥 ,66.9,52.3,34.3,51.6,10.73,4040.0,-12.89,11,4,2013,0
2013-11-15,台北二,SE6 青蔥 粉蔥 ,65.6,49.0,27.1,47.9,-7.17,4540.0,12.38,11,5,2013,0
2013-11-16,台北二,SE6 青蔥 粉蔥 ,64.5,46.9,26.4,46.3,-3.34,4295.0,-5.4,11,6,2013,0
2013-11-17,台北二,SE6 青蔥 粉蔥 ,64.9,49.8,31.6,49.2,6.26,6468.0,50.59,11,7,2013,0
2013-11-18,台北二,SE6 青蔥 粉蔥 ,,,,,,,,11,1,2013,1
2013-11-19,台北二,SE6 青蔥 粉蔥 ,71.2,52.7,29.5,51.8,5.28,5250.0,-18.83,11,2,2013,0
2013-11-20,台北二,SE6 青蔥 粉蔥 ,61.8,48.9,34.6,48.6,-6.18,4685.0,-10.76,11,3,2013,0
2013-11-21,台北二,SE6 青蔥 粉蔥 ,64.1,45.8,27.8,45.9,-5.56,2865.0,-38.85,11,4,2013,0
2013-11-22,台北二,SE6 青蔥 粉蔥 ,69.3,49.1,29.4,49.2,7.19,3949.0,37.84,11,5,2013,0
2013-11-23,台北二,SE6 青蔥 粉蔥 ,69.9,46.8,30.8,48.2,-2.03,4642.0,17.55,11,6,2013,0
2013-11-24,台北二,SE6 青蔥 粉蔥 ,59.8,41.7,24.8,42.0,-12.86,6280.0,35.29,11,7,2013,0
2013-11-25,台北二,SE6 青蔥 粉蔥 ,,,,,,,,11,1,2013,1
2013-11-26,台北二,SE6 青蔥 粉蔥 ,64.9,40.4,21.4,41.5,-1.19,5078.0,-19.14,11,2,2013,0
2013-11-27,台北二,SE6 青蔥 粉蔥 ,59.8,39.0,20.6,39.5,-4.82,3789.0,-25.38,11,3,2013,0
2013-11-28,台北二,SE6 青蔥 粉蔥 ,61.0,37.3,18.6,38.3,-3.04,3911.0,3.22,11,4,2013,0
2013-11-29,台北二,SE6 青蔥 粉蔥 ,61.0,40.2,22.6,40.8,6.53,4944.0,26.41,11,5,2013,0
2013-11-30,台北二,SE6 青蔥 粉蔥 ,56.2,36.8,22.8,37.9,-7.11,6099.0,23.36,11,6,2013,0
2013-12-01,台北二,SE6 青蔥 粉蔥 ,51.2,35.4,22.2,35.9,-5.28,6541.0,7.25,12,7,2013,0
2013-12-02,台北二,SE6 青蔥 粉蔥 ,,,,,,,,12,1,2013,1
2013-12-03,台北二,SE6 青蔥 粉蔥 ,48.7,38.2,28.1,38.3,6.69,5536.0,-15.36,12,2,2013,0
2013-12-04,台北二,SE6 青蔥 粉蔥 ,57.8,38.9,23.3,39.6,3.39,4840.0,-12.57,12,3,2013,0
2013-12-05,台北二,SE6 青蔥 粉蔥 ,45.8,34.3,23.5,34.5,-12.88,5491.0,13.45,12,4,2013,0
2013-12-06,台北二,SE6 青蔥 粉蔥 ,45.5,35.4,20.6,34.5,0.0,5704.0,3.88,12,5,2013,0
2013-12-07,台北二,SE6 青蔥 粉蔥 ,44.4,33.8,21.0,33.4,-3.19,6016.0,5.47,12,6,2013,0
2013-12-08,台北二,SE6 青蔥 粉蔥 ,42.2,36.8,23.8,35.3,5.69,5209.0,-13.41,12,7,2013,0
2013-12-09,台北二,SE6 青蔥 粉蔥 ,,,,,,,,12,1,2013,1
2013-12-10,台北二,SE6 青蔥 粉蔥 ,40.5,34.0,17.7,32.0,-9.35,8056.0,54.66,12,2,2013,0
2013-12-11,台北二,SE6 青蔥 粉蔥 ,41.0,26.1,16.9,27.2,-15.0,8372.0,3.92,12,3,2013,0
2013-12-12,台北二,SE6 青蔥 粉蔥 ,33.3,24.4,13.5,24.0,-11.76,7740.0,-7.55,12,4,2013,0
2013-12-13,台北二,SE6 青蔥 粉蔥 ,30.3,21.6,11.9,21.4,-10.83,7555.0,-2.39,12,5,2013,0
2013-12-14,台北二,SE6 青蔥 粉蔥 ,39.2,23.9,14.6,25.1,17.29,5919.0,-21.65,12,6,2013,0
2013-12-15,台北二,SE6 青蔥 粉蔥 ,40.2,31.2,15.5,29.9,19.12,7185.0,21.39,12,7,2013,0
2013-12-16,台北二,SE6 青蔥 粉蔥 ,,,,,,,,12,1,2013,1
2013-12-17,台北二,SE6 青蔥 粉蔥 ,38.2,33.0,18.7,31.2,4.35,7338.0,2.13,12,2,2013,0
2013-12-18,台北二,SE6 青蔥 粉蔥 ,39.6,31.8,18.1,30.6,-1.92,4416.0,-39.82,12,3,2013,0
2013-12-19,台北二,SE6 青蔥 粉蔥 ,50.9,36.7,20.6,36.3,18.63,4882.0,10.55,12,4,2013,0
2013-12-20,台北二,SE6 青蔥 粉蔥 ,49.4,36.7,24.8,36.9,1.65,5720.0,17.17,12,5,2013,0
2013-12-21,台北二,SE6 青蔥 粉蔥 ,53.6,44.5,37.4,44.9,21.68,6257.0,9.39,12,6,2013,0
2013-12-22,台北二,SE6 青蔥 粉蔥 ,56.8,42.7,26.8,42.3,-5.79,7432.0,18.78,12,7,2013,0
2013-12-23,台北二,SE6 青蔥 粉蔥 ,,,,,,,,12,1,2013,1
2013-12-24,台北二,SE6 青蔥 粉蔥 ,51.0,38.5,21.1,37.6,-11.11,6895.0,-7.23,12,2,2013,0
2013-12-25,台北二,SE6 青蔥 粉蔥 ,42.2,31.3,17.4,30.7,-18.35,8966.0,30.04,12,3,2013,0
2013-12-26,台北二,SE6 青蔥 粉蔥 ,36.4,25.1,13.4,25.0,-18.57,9482.0,5.76,12,4,2013,0
2013-12-27,台北二,SE6 青蔥 粉蔥 ,40.0,24.8,14.3,25.8,3.2,8427.0,-11.13,12,5,2013,0
2013-12-28,台北二,SE6 青蔥 粉蔥 ,36.4,25.5,20.6,26.7,3.49,8340.0,-1.03,12,6,2013,0
2013-12-29,台北二,SE6 青蔥 粉蔥 ,52.9,37.5,25.9,38.3,43.45,7694.0,-7.75,12,7,2013,0
2013-12-30,台北二,SE6 青蔥 粉蔥 ,,,,,,,,12,1,2013,1
2013-12-31,台北二,SE6 青蔥 粉蔥 ,49.7,39.7,25.6,38.9,1.57,8314.0,8.06,12,2,2013,0
2014-01-01,台北二,SE6 青蔥 粉蔥 ,52.4,31.0,18.8,32.8,-15.68,10249.0,23.27,1,3,2014,0
2014-01-02,台北二,SE6 青蔥 粉蔥 ,41.0,26.9,15.2,27.4,-16.46,10849.0,5.85,1,4,2014,0
2014-01-03,台北二,SE6 青蔥 粉蔥 ,39.6,25.6,14.3,26.1,-4.74,8850.0,-18.43,1,5,2014,0
2014-01-04,台北二,SE6 青蔥 粉蔥 ,38.0,24.7,15.6,25.5,-2.3,9814.0,10.89,1,6,2014,0
2014-01-05,台北二,SE6 青蔥 粉蔥 ,27.0,21.5,13.5,21.0,-17.65,13260.0,35.11,1,7,2014,0
2014-01-06,台北二,SE6 青蔥 粉蔥 ,,,,,,,,1,1,2014,1
2014-01-07,台北二,SE6 青蔥 粉蔥 ,25.0,19.5,14.3,19.6,-6.67,12824.0,-3.29,1,2,2014,0
2014-01-08,台北二,SE6 青蔥 粉蔥 ,32.0,19.6,15.0,21.2,8.16,11027.0,-14.01,1,3,2014,0
2014-01-09,台北二,SE6 青蔥 粉蔥 ,25.1,18.5,11.9,18.5,-12.74,9085.0,-17.61,1,4,2014,0
2014-01-10,台北二,SE6 青蔥 粉蔥 ,25.1,19.1,14.0,19.3,4.32,8447.0,-7.02,1,5,2014,0
2014-01-11,台北二,SE6 青蔥 粉蔥 ,28.5,22.1,14.1,21.8,12.95,9829.0,16.36,1,6,2014,0
2014-01-12,台北二,SE6 青蔥 粉蔥 ,26.4,20.8,13.9,20.5,-5.96,11958.0,21.66,1,7,2014,0
2014-01-13,台北二,SE6 青蔥 粉蔥 ,,,,,,,,1,1,2014,1
2014-01-14,台北二,SE6 青蔥 粉蔥 ,27.0,20.0,14.7,20.4,-0.49,11386.0,-4.78,1,2,2014,0
2014-01-15,台北二,SE6 青蔥 粉蔥 ,23.4,18.7,14.1,18.7,-8.33,11575.0,1.66,1,3,2014,0
2014-01-16,台北二,SE6 青蔥 粉蔥 ,22.1,18.3,13.0,18.0,-3.74,10198.0,-11.9,1,4,2014,0
2014-01-17,台北二,SE6 青蔥 粉蔥 ,22.1,17.0,10.7,16.7,-7.22,11708.0,14.81,1,5,2014,0
2014-01-18,台北二,SE6 青蔥 粉蔥 ,21.6,17.5,12.9,17.4,4.19,12127.0,3.58,1,6,2014,0
2014-01-19,台北二,SE6 青蔥 粉蔥 ,22.4,17.4,11.7,17.3,-0.57,12885.0,6.25,1,7,2014,0
2014-01-20,台北二,SE6 青蔥 粉蔥 ,,,,,,,,1,1,2014,1
2014-01-21,台北二,SE6 青蔥 粉蔥 ,25.9,20.7,15.1,20.6,19.08,9478.0,-26.44,1,2,2014,0
2014-01-22,台北二,SE6 青蔥 粉蔥 ,31.9,23.3,17.0,23.7,15.05,9622.0,1.52,1,3,2014,0
2014-01-23,台北二,SE6 青蔥 粉蔥 ,23.8,19.6,14.5,19.4,-18.14,11180.0,16.19,1,4,2014,0
2014-01-24,台北二,SE6 青蔥 粉蔥 ,27.4,20.0,14.2,20.3,4.64,11917.0,6.59,1,5,2014,0
2014-01-25,台北二,SE6 青蔥 粉蔥 ,27.4,21.8,16.8,21.9,7.88,11485.0,-3.63,1,6,2014,0
2014-01-26,台北二,SE6 青蔥 粉蔥 ,30.2,22.8,14.4,22.6,3.2,13148.0,14.48,1,7,2014,0
2014-01-27,台北二,SE6 青蔥 粉蔥 ,27.1,20.7,13.3,20.5,-9.29,18160.0,38.12,1,1,2014,0
2014-01-28,台北二,SE6 青蔥 粉蔥 ,29.2,19.8,10.3,19.7,-3.9,21249.0,17.01,1,2,2014,0
2014-01-29,台北二,SE6 青蔥 粉蔥 ,29.0,18.7,13.1,19.6,-0.51,20820.0,-2.02,1,3,2014,0
2014-01-30,台北二,SE6 青蔥 粉蔥 ,32.6,23.9,17.0,24.2,23.47,7784.0,-62.61,1,4,2014,0
2014-01-31,台北二,SE6 青蔥 粉蔥 ,,,,,,,,1,5,2014,1
2014-02-01,台北二,SE6 青蔥 粉蔥 ,,,,,,,,2,6,2014,1
2014-02-02,台北二,SE6 青蔥 粉蔥 ,,,,,,,,2,7,2014,1
2014-02-03,台北二,SE6 青蔥 粉蔥 ,,,,,,,,2,1,2014,1
2014-02-04,台北二,SE6 青蔥 粉蔥 ,,,,,,,,2,2,2014,1
2014-02-05,台北二,SE6 青蔥 粉蔥 ,48.5,37.7,19.3,36.2,49.59,6832.0,-12.23,2,3,2014,0
2014-02-06,台北二,SE6 青蔥 粉蔥 ,34.1,22.2,10.9,22.3,-38.4,11302.0,65.43,2,4,2014,0
2014-02-07,台北二,SE6 青蔥 粉蔥 ,26.4,16.1,7.2,16.4,-26.46,13372.0,18.32,2,5,2014,0
2014-02-08,台北二,SE6 青蔥 粉蔥 ,21.7,13.9,7.5,14.2,-13.41,11388.0,-14.84,2,6,2014,0
2014-02-09,台北二,SE6 青蔥 粉蔥 ,20.5,11.8,6.0,12.4,-12.68,11849.0,4.05,2,7,2014,0
2014-02-10,台北二,SE6 青蔥 粉蔥 ,,,,,,,,2,1,2014,1
2014-02-11,台北二,SE6 青蔥 粉蔥 ,23.4,17.8,10.1,17.4,40.32,8955.0,-24.42,2,2,2014,0
2014-02-12,台北二,SE6 青蔥 粉蔥 ,22.2,15.3,9.3,15.5,-10.92,8410.0,-6.09,2,3,2014,0
2014-02-13,台北二,SE6 青蔥 粉蔥 ,23.8,18.5,12.5,18.4,18.71,8688.0,3.31,2,4,2014,0
2014-02-14,台北二,SE6 青蔥 粉蔥 ,43.5,29.8,18.8,30.4,65.22,14581.0,67.83,2,5,2014,0
2014-02-15,台北二,SE6 青蔥 粉蔥 ,,,,,,,,2,6,2014,1
2014-02-16,台北二,SE6 青蔥 粉蔥 ,,,,,,,,2,7,2014,1
2014-02-17,台北二,SE6 青蔥 粉蔥 ,,,,,,,,2,1,2014,1
2014-02-18,台北二,SE6 青蔥 粉蔥 ,32.9,22.7,12.1,22.6,-25.66,14369.0,-1.45,2,2,2014,0
2014-02-19,台北二,SE6 青蔥 粉蔥 ,23.9,18.3,11.1,18.0,-20.35,10932.0,-23.92,2,3,2014,0
2014-02-20,台北二,SE6 青蔥 粉蔥 ,20.6,16.8,13.5,16.9,-6.11,7408.0,-32.24,2,4,2014,0
2014-02-21,台北二,SE6 青蔥 粉蔥 ,35.0,30.0,15.7,28.2,66.86,6028.0,-18.63,2,5,2014,0
2014-02-22,台北二,SE6 青蔥 粉蔥 ,35.8,25.1,14.2,25.1,-10.99,10088.0,67.35,2,6,2014,0
2014-02-23,台北二,SE6 青蔥 粉蔥 ,32.2,20.9,10.8,21.1,-15.94,13738.0,36.18,2,7,2014,0
2014-02-24,台北二,SE6 青蔥 粉蔥 ,,,,,,,,2,1,2014,1
2014-02-25,台北二,SE6 青蔥 粉蔥 ,30.1,22.2,14.2,22.2,5.21,11934.0,-13.13,2,2,2014,0
2014-02-26,台北二,SE6 青蔥 粉蔥 ,21.0,16.1,8.4,15.5,-30.18,12631.0,5.84,2,3,2014,0
2014-02-27,台北二,SE6 青蔥 粉蔥 ,21.9,16.5,10.4,16.4,5.81,8952.0,-29.13,2,4,2014,0
2014-02-28,台北二,SE6 青蔥 粉蔥 ,23.8,18.1,12.7,18.2,10.98,9136.0,2.06,2,5,2014,0
2014-03-01,台北二,SE6 青蔥 粉蔥 ,21.1,16.3,8.7,15.7,-13.74,12099.0,32.43,3,6,2014,0
2014-03-02,台北二,SE6 青蔥 粉蔥 ,23.1,16.4,8.5,16.1,2.55,11853.0,-2.03,3,7,2014,0
2014-03-03,台北二,SE6 青蔥 粉蔥 ,,,,,,,,3,1,2014,1
2014-03-04,台北二,SE6 青蔥 粉蔥 ,30.0,23.3,13.3,22.6,40.37,8850.0,-25.34,3,2,2014,0
2014-03-05,台北二,SE6 青蔥 粉蔥 ,19.5,15.8,10.0,15.4,-31.86,10428.0,17.83,3,3,2014,0
2014-03-06,台北二,SE6 青蔥 粉蔥 ,19.8,15.8,9.2,15.3,-0.65,9194.0,-11.83,3,4,2014,0
2014-03-07,台北二,SE6 青蔥 粉蔥 ,17.4,14.3,9.5,14.0,-8.5,8794.0,-4.35,3,5,2014,0
2014-03-08,台北二,SE6 青蔥 粉蔥 ,21.4,17.4,12.9,17.3,23.57,7783.0,-11.5,3,6,2014,0
2014-03-09,台北二,SE6 青蔥 粉蔥 ,23.4,19.5,12.4,18.9,9.25,9687.0,24.46,3,7,2014,0
2014-03-10,台北二,SE6 青蔥 粉蔥 ,,,,,,,,3,1,2014,1
2014-03-11,台北二,SE6 青蔥 粉蔥 ,30.8,27.5,17.7,26.2,38.62,8962.0,-7.48,3,2,2014,0
2014-03-12,台北二,SE6 青蔥 粉蔥 ,24.4,20.4,14.7,20.1,-23.28,10928.0,21.94,3,3,2014,0
2014-03-13,台北二,SE6 青蔥 粉蔥 ,23.0,17.6,10.4,17.3,-13.93,9889.0,-9.51,3,4,2014,0
2014-03-14,台北二,SE6 青蔥 粉蔥 ,25.6,21.0,14.8,20.7,19.65,7888.0,-20.23,3,5,2014,0
2014-03-15,台北二,SE6 青蔥 粉蔥 ,25.2,21.8,14.7,21.1,1.93,10190.0,29.18,3,6,2014,0
2014-03-16,台北二,SE6 青蔥 粉蔥 ,25.6,20.7,14.8,20.5,-2.84,12197.0,19.7,3,7,2014,0
2014-03-17,台北二,SE6 青蔥 粉蔥 ,,,,,,,,3,1,2014,1
2014-03-18,台北二,SE6 青蔥 粉蔥 ,28.4,22.6,14.5,22.1,7.8,10552.0,-13.49,3,2,2014,0
2014-03-19,台北二,SE6 青蔥 粉蔥 ,21.8,19.2,13.0,18.5,-16.29,11147.0,5.64,3,3,2014,0
2014-03-20,台北二,SE6 青蔥 粉蔥 ,19.2,15.5,11.0,15.3,-17.3,11062.0,-0.76,3,4,2014,0
2014-03-21,台北二,SE6 青蔥 粉蔥 ,19.4,14.7,10.1,14.7,-3.92,9781.0,-11.58,3,5,2014,0
2014-03-22,台北二,SE6 青蔥 粉蔥 ,28.9,23.4,16.2,23.1,57.14,7601.0,-22.29,3,6,2014,0
2014-03-23,台北二,SE6 青蔥 粉蔥 ,25.0,20.4,14.5,20.1,-12.99,11021.0,44.99,3,7,2014,0
2014-03-24,台北二,SE6 青蔥 粉蔥 ,,,,,,,,3,1,2014,1
2014-03-25,台北二,SE6 青蔥 粉蔥 ,31.8,26.4,17.9,25.8,28.36,8916.0,-19.1,3,2,2014,0
2014-03-26,台北二,SE6 青蔥 粉蔥 ,25.6,20.0,13.2,19.8,-23.26,10857.0,21.77,3,3,2014,0
2014-03-27,台北二,SE6 青蔥 粉蔥 ,22.2,18.2,10.2,17.4,-12.12,9602.0,-11.56,3,4,2014,0
2014-03-28,台北二,SE6 青蔥 粉蔥 ,23.7,16.8,10.9,17.0,-2.3,9592.0,-0.1,3,5,2014,0
2014-03-29,台北二,SE6 青蔥 粉蔥 ,23.7,17.5,10.4,17.3,1.76,10076.0,5.05,3,6,2014,0
2014-03-30,台北二,SE6 青蔥 粉蔥 ,29.9,20.8,13.6,21.2,22.54,9329.0,-7.41,3,7,2014,0
2014-03-31,台北二,SE6 青蔥 粉蔥 ,,,,,,,,3,1,2014,1
2014-04-01,台北二,SE6 青蔥 粉蔥 ,26.0,21.0,17.0,21.2,0.0,9641.0,3.34,4,2,2014,0
2014-04-02,台北二,SE6 青蔥 粉蔥 ,31.5,26.0,19.6,25.8,21.7,7564.0,-21.54,4,3,2014,0
2014-04-03,台北二,SE6 青蔥 粉蔥 ,38.1,30.5,19.7,29.9,15.89,9357.0,23.7,4,4,2014,0
2014-04-04,台北二,SE6 青蔥 粉蔥 ,34.6,28.1,18.3,27.4,-8.36,18403.0,96.68,4,5,2014,0
2014-04-05,台北二,SE6 青蔥 粉蔥 ,,,,,,,,4,6,2014,1
2014-04-06,台北二,SE6 青蔥 粉蔥 ,,,,,,,,4,7,2014,1
2014-04-07,台北二,SE6 青蔥 粉蔥 ,,,,,,,,4,1,2014,1
2014-04-08,台北二,SE6 青蔥 粉蔥 ,31.8,24.9,17.4,24.8,-9.49,11848.0,-35.62,4,2,2014,0
2014-04-09,台北二,SE6 青蔥 粉蔥 ,31.3,22.9,15.2,23.0,-7.26,9928.0,-16.21,4,3,2014,0
2014-04-10,台北二,SE6 青蔥 粉蔥 ,32.2,22.2,15.3,22.8,-0.87,8808.0,-11.28,4,4,2014,0
2014-04-11,台北二,SE6 青蔥 粉蔥 ,28.4,21.2,15.8,21.6,-5.26,8756.0,-0.59,4,5,2014,0
2014-04-12,台北二,SE6 青蔥 粉蔥 ,36.6,26.3,15.4,26.2,21.3,8219.0,-6.13,4,6,2014,0
2014-04-13,台北二,SE6 青蔥 粉蔥 ,37.4,27.0,16.7,27.1,3.44,9580.0,16.56,4,7,2014,0
2014-04-14,台北二,SE6 青蔥 粉蔥 ,,,,,,,,4,1,2014,1
2014-04-15,台北二,SE6 青蔥 粉蔥 ,37.1,28.6,20.3,28.6,5.54,9032.0,-5.72,4,2,2014,0
2014-04-16,台北二,SE6 青蔥 粉蔥 ,30.5,26.4,17.8,25.5,-10.84,9171.0,1.54,4,3,2014,0
2014-04-17,台北二,SE6 青蔥 粉蔥 ,28.3,22.5,13.4,21.8,-14.51,8536.0,-6.92,4,4,2014,0
2014-04-18,台北二,SE6 青蔥 粉蔥 ,29.5,22.9,12.4,22.1,1.38,8122.0,-4.85,4,5,2014,0
2014-04-19,台北二,SE6 青蔥 粉蔥 ,37.0,25.2,15.3,25.6,15.84,7898.0,-2.76,4,6,2014,0
2014-04-20,台北二,SE6 青蔥 粉蔥 ,37.8,25.8,15.5,26.2,2.34,9397.0,18.98,4,7,2014,0
2014-04-21,台北二,SE6 青蔥 粉蔥 ,,,,,,,,4,1,2014,1
2014-04-22,台北二,SE6 青蔥 粉蔥 ,41.6,28.5,20.1,29.5,12.6,9000.0,-4.22,4,2,2014,0
2014-04-23,台北二,SE6 青蔥 粉蔥 ,32.6,24.0,14.8,23.9,-18.98,9543.0,6.03,4,3,2014,0
2014-04-24,台北二,SE6 青蔥 粉蔥 ,33.4,23.3,15.2,23.7,-0.84,7704.0,-19.27,4,4,2014,0
2014-04-25,台北二,SE6 青蔥 粉蔥 ,32.9,26.9,18.1,26.4,11.39,7213.0,-6.37,4,5,2014,0
2014-04-26,台北二,SE6 青蔥 粉蔥 ,31.6,23.6,14.6,23.4,-11.36,9631.0,33.52,4,6,2014,0
2014-04-27,台北二,SE6 青蔥 粉蔥 ,33.5,26.1,19.3,26.2,11.97,7830.0,-18.7,4,7,2014,0
2014-04-28,台北二,SE6 青蔥 粉蔥 ,,,,,,,,4,1,2014,1
2014-04-29,台北二,SE6 青蔥 粉蔥 ,35.8,28.3,20.6,28.3,8.02,8720.0,11.37,4,2,2014,0
2014-04-30,台北二,SE6 青蔥 粉蔥 ,33.9,25.2,17.9,25.5,-9.89,9620.0,10.32,4,3,2014,0
2014-05-01,台北二,SE6 青蔥 粉蔥 ,31.8,23.8,14.2,23.5,-7.84,8823.0,-8.28,5,4,2014,0
2014-05-02,台北二,SE6 青蔥 粉蔥 ,35.6,25.4,16.8,25.7,9.36,8306.0,-5.86,5,5,2014,0
2014-05-03,台北二,SE6 青蔥 粉蔥 ,30.2,22.9,13.9,22.5,-12.45,10767.0,29.63,5,6,2014,0
2014-05-04,台北二,SE6 青蔥 粉蔥 ,36.9,23.3,12.1,23.8,5.78,10705.0,-0.58,5,7,2014,0
2014-05-05,台北二,SE6 青蔥 粉蔥 ,,,,,,,,5,1,2014,1
2014-05-06,台北二,SE6 青蔥 粉蔥 ,37.3,29.1,16.5,28.2,18.49,8811.0,-17.69,5,2,2014,0
2014-05-07,台北二,SE6 青蔥 粉蔥 ,37.0,27.3,18.8,27.6,-2.13,8600.0,-2.39,5,3,2014,0
2014-05-08,台北二,SE6 青蔥 粉蔥 ,38.8,29.5,20.3,29.5,6.88,7965.0,-7.38,5,4,2014,0
2014-05-09,台北二,SE6 青蔥 粉蔥 ,38.3,23.5,10.6,23.9,-18.98,9914.0,24.47,5,5,2014,0
2014-05-10,台北二,SE6 青蔥 粉蔥 ,44.7,24.6,11.1,25.9,8.37,9197.0,-7.23,5,6,2014,0
2014-05-11,台北二,SE6 青蔥 粉蔥 ,41.6,27.3,10.5,26.8,3.47,9611.0,4.5,5,7,2014,0
2014-05-12,台北二,SE6 青蔥 粉蔥 ,,,,,,,,5,1,2014,1
2014-05-13,台北二,SE6 青蔥 粉蔥 ,46.4,33.5,17.6,32.9,22.76,8287.0,-13.78,5,2,2014,0
2014-05-14,台北二,SE6 青蔥 粉蔥 ,44.5,33.3,20.7,33.0,0.3,7131.0,-13.95,5,3,2014,0
2014-05-15,台北二,SE6 青蔥 粉蔥 ,41.2,31.0,21.1,31.1,-5.76,7302.0,2.4,5,4,2014,0
2014-05-16,台北二,SE6 青蔥 粉蔥 ,37.4,31.7,21.5,30.8,-0.96,6404.0,-12.3,5,5,2014,0
2014-05-17,台北二,SE6 青蔥 粉蔥 ,42.0,32.1,25.3,32.7,6.17,7139.0,11.48,5,6,2014,0
2014-05-18,台北二,SE6 青蔥 粉蔥 ,48.9,36.8,21.2,36.1,10.4,7943.0,11.26,5,7,2014,0
2014-05-19,台北二,SE6 青蔥 粉蔥 ,,,,,,,,5,1,2014,1
2014-05-20,台北二,SE6 青蔥 粉蔥 ,46.9,36.8,24.0,36.2,0.28,8096.0,1.93,5,2,2014,0
2014-05-21,台北二,SE6 青蔥 粉蔥 ,40.5,28.9,14.4,28.4,-21.55,9883.0,22.07,5,3,2014,0
2014-05-22,台北二,SE6 青蔥 粉蔥 ,41.5,26.7,13.0,26.9,-5.28,7080.0,-28.36,5,4,2014,0
2014-05-23,台北二,SE6 青蔥 粉蔥 ,38.8,29.1,18.9,29.0,7.81,7608.0,7.46,5,5,2014,0
2014-05-24,台北二,SE6 青蔥 粉蔥 ,40.0,31.2,22.1,31.2,7.59,6957.0,-8.56,5,6,2014,0
2014-05-25,台北二,SE6 青蔥 粉蔥 ,31.7,22.3,14.2,22.6,-27.56,10737.0,54.33,5,7,2014,0
2014-05-26,台北二,SE6 青蔥 粉蔥 ,,,,,,,,5,1,2014,1
2014-05-27,台北二,SE6 青蔥 粉蔥 ,39.1,28.2,14.4,27.6,22.12,8299.0,-22.71,5,2,2014,0
2014-05-28,台北二,SE6 青蔥 粉蔥 ,38.6,30.0,18.7,29.4,6.52,6452.0,-22.26,5,3,2014,0
2014-05-29,台北二,SE6 青蔥 粉蔥 ,33.6,25.2,11.0,24.1,-18.03,8194.0,27.0,5,4,2014,0
2014-05-30,台北二,SE6 青蔥 粉蔥 ,34.7,21.9,10.6,22.2,-7.88,7312.0,-10.76,5,5,2014,0
2014-05-31,台北二,SE6 青蔥 粉蔥 ,32.6,22.1,12.8,22.4,0.9,7543.0,3.16,5,6,2014,0
2014-06-01,台北二,SE6 青蔥 粉蔥 ,37.5,28.0,14.5,27.2,21.43,7568.0,0.33,6,7,2014,0
2014-06-02,台北二,SE6 青蔥 粉蔥 ,40.6,28.1,18.3,28.6,5.15,7906.0,4.47,6,1,2014,0
2014-06-03,台北二,SE6 青蔥 粉蔥 ,,,,,,,,6,2,2014,1
2014-06-04,台北二,SE6 青蔥 粉蔥 ,,,,,,,,6,3,2014,1
2014-06-05,台北二,SE6 青蔥 粉蔥 ,36.3,29.5,16.9,28.3,-1.05,6910.0,-12.6,6,4,2014,0
2014-06-06,台北二,SE6 青蔥 粉蔥 ,31.7,25.6,13.3,24.3,-14.13,7022.0,1.62,6,5,2014,0
2014-06-07,台北二,SE6 青蔥 粉蔥 ,36.3,27.5,17.1,27.2,11.93,6764.0,-3.67,6,6,2014,0
2014-06-08,台北二,SE6 青蔥 粉蔥 ,44.9,34.3,25.3,34.6,27.21,5337.0,-21.1,6,7,2014,0
2014-06-09,台北二,SE6 青蔥 粉蔥 ,,,,,,,,6,1,2014,1
2014-06-10,台北二,SE6 青蔥 粉蔥 ,41.2,33.1,22.4,32.6,-5.78,7022.0,31.57,6,2,2014,0
2014-06-11,台北二,SE6 青蔥 粉蔥 ,39.3,27.9,16.3,27.9,-14.42,7205.0,2.61,6,3,2014,0
2014-06-12,台北二,SE6 青蔥 粉蔥 ,36.1,27.5,17.0,27.1,-2.87,6604.0,-8.34,6,4,2014,0
2014-06-13,台北二,SE6 青蔥 粉蔥 ,38.3,29.0,15.1,28.1,3.69,6081.0,-7.92,6,5,2014,0
2014-06-14,台北二,SE6 青蔥 粉蔥 ,36.8,30.1,20.8,29.6,5.34,6259.0,2.93,6,6,2014,0
2014-06-15,台北二,SE6 青蔥 粉蔥 ,38.2,33.0,21.1,31.6,6.76,7022.0,12.19,6,7,2014,0
2014-06-16,台北二,SE6 青蔥 粉蔥 ,,,,,,,,6,1,2014,1
2014-06-17,台北二,SE6 青蔥 粉蔥 ,35.5,27.6,18.5,27.3,-13.61,7428.0,5.78,6,2,2014,0
2014-06-18,台北二,SE6 青蔥 粉蔥 ,36.5,28.6,18.1,28.1,2.93,4742.0,-36.16,6,3,2014,0
2014-06-19,台北二,SE6 青蔥 粉蔥 ,38.1,29.5,18.8,29.1,3.56,4728.0,-0.3,6,4,2014,0
2014-06-20,台北二,SE6 青蔥 粉蔥 ,34.4,27.7,14.8,26.5,-8.93,5632.0,19.12,6,5,2014,0
2014-06-21,台北二,SE6 青蔥 粉蔥 ,33.6,27.1,16.2,26.2,-1.13,5500.0,-2.34,6,6,2014,0
2014-06-22,台北二,SE6 青蔥 粉蔥 ,33.8,27.7,18.8,27.1,3.44,6203.0,12.78,6,7,2014,0
2014-06-23,台北二,SE6 青蔥 粉蔥 ,,,,,,,,6,1,2014,1
2014-06-24,台北二,SE6 青蔥 粉蔥 ,38.7,31.5,25.1,31.7,16.97,4526.0,-27.04,6,2,2014,0
2014-06-25,台北二,SE6 青蔥 粉蔥 ,42.3,35.2,28.4,35.2,11.04,3754.0,-17.06,6,3,2014,0
2014-06-26,台北二,SE6 青蔥 粉蔥 ,39.2,34.2,23.1,33.0,-6.25,4299.0,14.52,6,4,2014,0
2014-06-27,台北二,SE6 青蔥 粉蔥 ,33.8,29.3,22.6,28.9,-12.42,4590.0,6.77,6,5,2014,0
2014-06-28,台北二,SE6 青蔥 粉蔥 ,30.5,26.6,20.5,26.2,-9.34,5116.0,11.46,6,6,2014,0
2014-06-29,台北二,SE6 青蔥 粉蔥 ,29.8,24.8,13.8,23.6,-9.92,6235.0,21.87,6,7,2014,0
2014-06-30,台北二,SE6 青蔥 粉蔥 ,,,,,,,,6,1,2014,1
2014-07-01,台北二,SE6 青蔥 粉蔥 ,30.5,26.3,20.3,25.9,9.75,4655.0,-25.34,7,2,2014,0
2014-07-02,台北二,SE6 青蔥 粉蔥 ,30.7,25.6,15.9,24.7,-4.63,4135.0,-11.17,7,3,2014,0
2014-07-03,台北二,SE6 青蔥 粉蔥 ,30.5,27.4,16.3,25.8,4.45,3708.0,-10.33,7,4,2014,0
2014-07-04,台北二,SE6 青蔥 粉蔥 ,31.2,25.7,18.7,25.4,-1.55,4215.0,13.67,7,5,2014,0
2014-07-05,台北二,SE6 青蔥 粉蔥 ,28.9,24.3,17.6,23.9,-5.91,4240.0,0.59,7,6,2014,0
2014-07-06,台北二,SE6 青蔥 粉蔥 ,40.4,34.7,26.3,34.2,43.1,2950.0,-30.42,7,7,2014,0
2014-07-07,台北二,SE6 青蔥 粉蔥 ,,,,,,,,7,1,2014,1
2014-07-08,台北二,SE6 青蔥 粉蔥 ,39.0,34.2,25.7,33.4,-2.34,3700.0,25.42,7,2,2014,0
2014-07-09,台北二,SE6 青蔥 粉蔥 ,39.5,33.4,23.8,32.7,-2.1,4205.0,13.65,7,3,2014,0
2014-07-10,台北二,SE6 青蔥 粉蔥 ,38.0,34.5,26.5,33.6,2.75,3797.0,-9.7,7,4,2014,0
2014-07-11,台北二,SE6 青蔥 粉蔥 ,42.0,32.1,20.8,31.8,-5.36,4317.0,13.7,7,5,2014,0
2014-07-12,台北二,SE6 青蔥 粉蔥 ,39.9,35.1,25.8,34.2,7.55,3576.0,-17.16,7,6,2014,0
2014-07-13,台北二,SE6 青蔥 粉蔥 ,40.7,35.5,27.4,34.9,2.05,4498.0,25.78,7,7,2014,0
2014-07-14,台北二,SE6 青蔥 粉蔥 ,,,,,,,,7,1,2014,1
2014-07-15,台北二,SE6 青蔥 粉蔥 ,37.5,33.2,25.0,32.4,-7.16,5111.0,13.63,7,2,2014,0
2014-07-16,台北二,SE6 青蔥 粉蔥 ,37.5,32.0,21.4,31.0,-4.32,3631.0,-28.96,7,3,2014,0
2014-07-17,台北二,SE6 青蔥 粉蔥 ,37.0,33.4,28.8,33.2,7.1,3420.0,-5.81,7,4,2014,0
2014-07-18,台北二,SE6 青蔥 粉蔥 ,38.7,34.0,25.1,33.1,-0.3,3496.0,2.22,7,5,2014,0
2014-07-19,台北二,SE6 青蔥 粉蔥 ,42.0,37.7,30.0,37.0,11.78,3247.0,-7.12,7,6,2014,0
2014-07-20,台北二,SE6 青蔥 粉蔥 ,53.3,45.3,34.6,44.8,21.08,4714.0,45.18,7,7,2014,0
2014-07-21,台北二,SE6 青蔥 粉蔥 ,,,,,,,,7,1,2014,1
2014-07-22,台北二,SE6 青蔥 粉蔥 ,69.9,57.0,36.7,55.5,23.88,6531.0,38.54,7,2,2014,0
2014-07-23,台北二,SE6 青蔥 粉蔥 ,53.9,41.5,25.8,40.9,-26.31,5710.0,-12.57,7,3,2014,0
2014-07-24,台北二,SE6 青蔥 粉蔥 ,49.6,38.7,26.6,38.5,-5.87,2917.0,-48.91,7,4,2014,0
2014-07-25,台北二,SE6 青蔥 粉蔥 ,44.8,36.7,28.3,36.6,-4.94,2895.0,-0.75,7,5,2014,0
2014-07-26,台北二,SE6 青蔥 粉蔥 ,38.1,27.7,17.7,27.8,-24.04,4715.0,62.87,7,6,2014,0
2014-07-27,台北二,SE6 青蔥 粉蔥 ,37.4,29.8,17.4,28.8,3.6,4750.0,0.74,7,7,2014,0
2014-07-28,台北二,SE6 青蔥 粉蔥 ,,,,,,,,7,1,2014,1
2014-07-29,台北二,SE6 青蔥 粉蔥 ,40.8,32.9,16.0,31.1,7.99,4300.0,-9.47,7,2,2014,0
2014-07-30,台北二,SE6 青蔥 粉蔥 ,40.9,32.9,20.1,32.0,2.89,3466.0,-19.4,7,3,2014,0
2014-07-31,台北二,SE6 青蔥 粉蔥 ,43.8,39.6,26.9,37.9,18.44,2380.0,-31.33,7,4,2014,0
2014-08-01,台北二,SE6 青蔥 粉蔥 ,53.4,43.9,34.1,43.9,15.83,2343.0,-1.55,8,5,2014,0
2014-08-02,台北二,SE6 青蔥 粉蔥 ,64.5,45.9,30.8,46.6,6.15,3019.0,28.85,8,6,2014,0
2014-08-03,台北二,SE6 青蔥 粉蔥 ,60.6,47.0,28.5,46.0,-1.29,3432.0,13.68,8,7,2014,0
2014-08-04,台北二,SE6 青蔥 粉蔥 ,,,,,,,,8,1,2014,1
2014-08-05,台北二,SE6 青蔥 粉蔥 ,69.1,55.9,25.4,52.5,14.13,2636.0,-23.19,8,2,2014,0
2014-08-06,台北二,SE6 青蔥 粉蔥 ,62.5,51.1,30.0,49.2,-6.29,2780.0,5.46,8,3,2014,0
2014-08-07,台北二,SE6 青蔥 粉蔥 ,56.0,41.8,23.2,40.9,-16.87,3489.0,25.5,8,4,2014,0
2014-08-08,台北二,SE6 青蔥 粉蔥 ,55.8,45.1,26.1,43.5,6.36,2508.0,-28.12,8,5,2014,0
2014-08-09,台北二,SE6 青蔥 粉蔥 ,60.8,50.3,29.2,48.2,10.8,3094.0,23.37,8,6,2014,0
2014-08-10,台北二,SE6 青蔥 粉蔥 ,76.3,56.2,27.9,54.6,13.28,2316.0,-25.15,8,7,2014,0
2014-08-11,台北二,SE6 青蔥 粉蔥 ,,,,,,,,8,1,2014,1
2014-08-12,台北二,SE6 青蔥 粉蔥 ,,,,,,,,8,2,2014,1
2014-08-13,台北二,SE6 青蔥 粉蔥 ,59.1,41.2,19.6,40.4,-26.01,3236.0,39.72,8,3,2014,0
2014-08-14,台北二,SE6 青蔥 粉蔥 ,75.8,50.3,23.0,49.9,23.51,1303.0,-59.73,8,4,2014,0
2014-08-15,台北二,SE6 青蔥 粉蔥 ,80.3,54.7,30.8,55.0,10.22,1641.0,25.94,8,5,2014,0
2014-08-16,台北二,SE6 青蔥 粉蔥 ,70.5,45.4,22.4,45.8,-16.73,3231.0,96.89,8,6,2014,0
2014-08-17,台北二,SE6 青蔥 粉蔥 ,60.0,48.3,24.0,45.8,0.0,3214.0,-0.53,8,7,2014,0
2014-08-18,台北二,SE6 青蔥 粉蔥 ,,,,,,,,8,1,2014,1
2014-08-19,台北二,SE6 青蔥 粉蔥 ,62.0,43.0,18.5,41.9,-8.52,2589.0,-19.45,8,2,2014,0
2014-08-20,台北二,SE6 青蔥 粉蔥 ,69.4,52.4,29.3,51.2,22.2,1707.0,-34.07,8,3,2014,0
2014-08-21,台北二,SE6 青蔥 粉蔥 ,69.7,56.1,33.8,54.4,6.25,1792.0,4.98,8,4,2014,0
2014-08-22,台北二,SE6 青蔥 粉蔥 ,80.0,55.9,32.2,56.0,2.94,2392.0,33.48,8,5,2014,0
2014-08-23,台北二,SE6 青蔥 粉蔥 ,72.0,50.2,29.8,50.5,-9.82,2732.0,14.21,8,6,2014,0
2014-08-24,台北二,SE6 青蔥 粉蔥 ,70.6,49.4,25.7,48.9,-3.17,2543.0,-6.92,8,7,2014,0
2014-08-25,台北二,SE6 青蔥 粉蔥 ,,,,,,,,8,1,2014,1
2014-08-26,台北二,SE6 青蔥 粉蔥 ,84.0,64.7,49.0,65.4,33.74,1830.0,-28.04,8,2,2014,0
2014-08-27,台北二,SE6 青蔥 粉蔥 ,77.3,58.4,38.0,58.1,-11.16,2230.0,21.86,8,3,2014,0
2014-08-28,台北二,SE6 青蔥 粉蔥 ,85.7,65.9,36.4,64.0,10.15,1763.0,-20.94,8,4,2014,0
2014-08-29,台北二,SE6 青蔥 粉蔥 ,80.4,63.7,35.3,61.4,-4.06,1909.0,8.28,8,5,2014,0
2014-08-30,台北二,SE6 青蔥 粉蔥 ,74.2,49.8,26.5,50.0,-18.57,2476.0,29.7,8,6,2014,0
2014-08-31,台北二,SE6 青蔥 粉蔥 ,77.1,56.6,34.2,56.2,12.4,1603.0,-35.26,8,7,2014,0
2014-09-01,台北二,SE6 青蔥 粉蔥 ,,,,,,,,9,1,2014,1
2014-09-02,台北二,SE6 青蔥 粉蔥 ,93.3,71.8,47.4,71.2,26.69,1425.0,-11.1,9,2,2014,0
2014-09-03,台北二,SE6 青蔥 粉蔥 ,78.6,54.6,28.1,54.1,-24.02,2646.0,85.68,9,3,2014,0
2014-09-04,台北二,SE6 青蔥 粉蔥 ,80.9,71.9,43.7,68.1,25.88,1705.0,-35.56,9,4,2014,0
2014-09-05,台北二,SE6 青蔥 粉蔥 ,81.9,67.3,31.1,63.0,-7.49,2478.0,45.34,9,5,2014,0
2014-09-06,台北二,SE6 青蔥 粉蔥 ,77.6,54.9,26.1,53.7,-14.76,3359.0,35.55,9,6,2014,0
2014-09-07,台北二,SE6 青蔥 粉蔥 ,73.3,54.8,31.3,53.8,0.19,2666.0,-20.63,9,7,2014,0
2014-09-08,台北二,SE6 青蔥 粉蔥 ,72.5,50.3,30.0,50.7,-5.76,2589.0,-2.89,9,1,2014,0
2014-09-09,台北二,SE6 青蔥 粉蔥 ,,,,,,,,9,2,2014,1
2014-09-10,台北二,SE6 青蔥 粉蔥 ,,,,,,,,9,3,2014,1
2014-09-11,台北二,SE6 青蔥 粉蔥 ,77.6,69.3,36.1,64.3,26.82,2261.0,-12.67,9,4,2014,0
2014-09-12,台北二,SE6 青蔥 粉蔥 ,80.9,75.9,53.3,72.4,12.6,2053.0,-9.2,9,5,2014,0
2014-09-13,台北二,SE6 青蔥 粉蔥 ,93.2,77.4,50.8,75.3,4.01,2925.0,42.47,9,6,2014,0
2014-09-14,台北二,SE6 青蔥 粉蔥 ,93.8,67.2,41.7,67.4,-10.49,3678.0,25.74,9,7,2014,0
2014-09-15,台北二,SE6 青蔥 粉蔥 ,,,,,,,,9,1,2014,1
2014-09-16,台北二,SE6 青蔥 粉蔥 ,100.2,70.9,44.8,71.5,6.08,3822.0,3.92,9,2,2014,0
2014-09-17,台北二,SE6 青蔥 粉蔥 ,84.3,67.9,38.9,65.4,-8.53,3612.0,-5.49,9,3,2014,0
2014-09-18,台北二,SE6 青蔥 粉蔥 ,73.2,62.3,31.2,58.3,-10.86,3142.0,-13.01,9,4,2014,0
2014-09-19,台北二,SE6 青蔥 粉蔥 ,78.6,67.6,36.4,63.6,9.09,2439.0,-22.37,9,5,2014,0
2014-09-20,台北二,SE6 青蔥 粉蔥 ,97.6,86.8,42.7,80.2,26.1,4005.0,64.21,9,6,2014,0
2014-09-21,台北二,SE6 青蔥 粉蔥 ,90.5,74.3,39.2,70.5,-12.09,5521.0,37.85,9,7,2014,0
2014-09-22,台北二,SE6 青蔥 粉蔥 ,,,,,,,,9,1,2014,1
2014-09-23,台北二,SE6 青蔥 粉蔥 ,79.1,62.5,37.7,60.9,-13.62,4036.0,-26.9,9,2,2014,0
2014-09-24,台北二,SE6 青蔥 粉蔥 ,70.6,56.0,26.0,52.9,-13.14,3150.0,-21.95,9,3,2014,0
2014-09-25,台北二,SE6 青蔥 粉蔥 ,65.1,53.4,34.8,52.0,-1.7,3218.0,2.16,9,4,2014,0
2014-09-26,台北二,SE6 青蔥 粉蔥 ,79.6,68.3,36.9,64.3,23.65,2124.0,-34.0,9,5,2014,0
2014-09-27,台北二,SE6 青蔥 粉蔥 ,94.0,80.4,43.1,75.7,17.73,3112.0,46.52,9,6,2014,0
2014-09-28,台北二,SE6 青蔥 粉蔥 ,91.8,69.3,39.0,67.8,-10.44,4682.0,50.45,9,7,2014,0
2014-09-29,台北二,SE6 青蔥 粉蔥 ,,,,,,,,9,1,2014,1
2014-09-30,台北二,SE6 青蔥 粉蔥 ,101.7,82.0,50.7,79.7,17.55,3700.0,-20.97,9,2,2014,0
2014-10-01,台北二,SE6 青蔥 粉蔥 ,95.1,77.9,41.6,74.1,-7.03,4188.0,13.19,10,3,2014,0
2014-10-02,台北二,SE6 青蔥 粉蔥 ,93.3,78.1,49.2,75.4,1.75,4780.0,14.14,10,4,2014,0
2014-10-03,台北二,SE6 青蔥 粉蔥 ,90.9,78.9,54.3,76.4,1.33,4160.0,-12.97,10,5,2014,0
2014-10-04,台北二,SE6 青蔥 粉蔥 ,85.8,72.3,48.3,70.2,-8.12,4944.0,18.85,10,6,2014,0
2014-10-05,台北二,SE6 青蔥 粉蔥 ,81.8,66.9,42.9,65.1,-7.26,4570.0,-7.56,10,7,2014,0
2014-10-06,台北二,SE6 青蔥 粉蔥 ,,,,,,,,10,1,2014,1
2014-10-07,台北二,SE6 青蔥 粉蔥 ,88.2,77.0,53.2,74.4,14.29,5152.0,12.74,10,2,2014,0
2014-10-08,台北二,SE6 青蔥 粉蔥 ,77.2,62.1,42.4,61.2,-17.74,5769.0,11.98,10,3,2014,0
2014-10-09,台北二,SE6 青蔥 粉蔥 ,72.0,56.3,32.9,54.7,-10.62,5504.0,-4.59,10,4,2014,0
2014-10-10,台北二,SE6 青蔥 粉蔥 ,64.7,56.5,39.2,54.7,0.0,3998.0,-27.36,10,5,2014,0
2014-10-11,台北二,SE6 青蔥 粉蔥 ,73.4,60.2,38.3,58.5,6.95,4005.0,0.18,10,6,2014,0
2014-10-12,台北二,SE6 青蔥 粉蔥 ,91.7,79.9,54.2,77.1,31.79,3970.0,-0.87,10,7,2014,0
2014-10-13,台北二,SE6 青蔥 粉蔥 ,,,,,,,,10,1,2014,1
2014-10-14,台北二,SE6 青蔥 粉蔥 ,83.7,68.5,48.3,67.5,-12.45,4885.0,23.05,10,2,2014,0
2014-10-15,台北二,SE6 青蔥 粉蔥 ,81.4,64.0,34.9,61.7,-8.59,4887.0,0.04,10,3,2014,0
2014-10-16,台北二,SE6 青蔥 粉蔥 ,75.0,69.0,51.3,66.6,7.94,3590.0,-26.54,10,4,2014,0
2014-10-17,台北二,SE6 青蔥 粉蔥 ,88.7,77.1,52.1,74.5,11.86,3702.0,3.12,10,5,2014,0
2014-10-18,台北二,SE6 青蔥 粉蔥 ,81.8,73.1,50.8,70.3,-5.64,4862.0,31.33,10,6,2014,0
2014-10-19,台北二,SE6 青蔥 粉蔥 ,93.2,78.3,54.0,76.4,8.68,4423.0,-9.03,10,7,2014,0
2014-10-20,台北二,SE6 青蔥 粉蔥 ,,,,,,,,10,1,2014,1
2014-10-21,台北二,SE6 青蔥 粉蔥 ,89.5,75.3,47.8,72.6,-4.97,5167.0,16.82,10,2,2014,0
2014-10-22,台北二,SE6 青蔥 粉蔥 ,85.0,64.7,41.4,64.1,-11.71,5194.0,0.52,10,3,2014,0
2014-10-23,台北二,SE6 青蔥 粉蔥 ,91.8,67.3,39.7,66.7,4.06,4714.0,-9.24,10,4,2014,0
2014-10-24,台北二,SE6 青蔥 粉蔥 ,85.6,65.2,41.6,64.6,-3.15,4445.0,-5.71,10,5,2014,0
2014-10-25,台北二,SE6 青蔥 粉蔥 ,90.2,72.8,39.6,69.6,7.74,4348.0,-2.18,10,6,2014,0
2014-10-26,台北二,SE6 青蔥 粉蔥 ,91.8,69.2,35.5,67.0,-3.74,5324.0,22.45,10,7,2014,0
2014-10-27,台北二,SE6 青蔥 粉蔥 ,,,,,,,,10,1,2014,1
2014-10-28,台北二,SE6 青蔥 粉蔥 ,85.6,77.4,41.9,71.9,7.31,4776.0,-10.29,10,2,2014,0
2014-10-29,台北二,SE6 青蔥 粉蔥 ,75.9,58.7,29.5,56.3,-21.7,6044.0,26.55,10,3,2014,0
2014-10-30,台北二,SE6 青蔥 粉蔥 ,79.0,58.3,30.5,56.9,1.07,4963.0,-17.89,10,4,2014,0
2014-10-31,台北二,SE6 青蔥 粉蔥 ,69.9,55.7,28.5,53.1,-6.68,4789.0,-3.51,10,5,2014,0
2014-11-01,台北二,SE6 青蔥 粉蔥 ,74.8,56.7,26.2,54.2,2.07,5089.0,6.26,11,6,2014,0
2014-11-02,台北二,SE6 青蔥 粉蔥 ,74.1,60.7,28.5,56.9,4.98,4383.0,-13.87,11,7,2014,0
2014-11-03,台北二,SE6 青蔥 粉蔥 ,,,,,,,,11,1,2014,1
2014-11-04,台北二,SE6 青蔥 粉蔥 ,89.3,64.9,27.6,62.3,9.49,6043.0,37.87,11,2,2014,0
2014-11-05,台北二,SE6 青蔥 粉蔥 ,77.1,51.3,28.4,51.9,-16.69,5459.0,-9.66,11,3,2014,0
2014-11-06,台北二,SE6 青蔥 粉蔥 ,75.6,55.3,30.8,54.5,5.01,4576.0,-16.18,11,4,2014,0
2014-11-07,台北二,SE6 青蔥 粉蔥 ,76.8,59.7,31.9,57.5,5.5,4122.0,-9.92,11,5,2014,0
2014-11-08,台北二,SE6 青蔥 粉蔥 ,68.2,55.9,33.9,54.0,-6.09,4434.0,7.57,11,6,2014,0
2014-11-09,台北二,SE6 青蔥 粉蔥 ,73.2,58.4,32.8,56.3,4.26,3556.0,-19.8,11,7,2014,0
2014-11-10,台北二,SE6 青蔥 粉蔥 ,,,,,,,,11,1,2014,1
2014-11-11,台北二,SE6 青蔥 粉蔥 ,66.3,51.2,32.4,50.5,-10.3,5176.0,45.56,11,2,2014,0
2014-11-12,台北二,SE6 青蔥 粉蔥 ,66.6,48.7,28.2,48.2,-4.55,5217.0,0.79,11,3,2014,0
2014-11-13,台北二,SE6 青蔥 粉蔥 ,63.1,45.3,22.8,44.4,-7.88,5129.0,-1.69,11,4,2014,0
2014-11-14,台北二,SE6 青蔥 粉蔥 ,61.9,54.2,25.4,49.9,12.39,4017.0,-21.68,11,5,2014,0
2014-11-15,台北二,SE6 青蔥 粉蔥 ,66.3,57.2,40.7,55.7,11.62,4638.0,15.46,11,6,2014,0
2014-11-16,台北二,SE6 青蔥 粉蔥 ,75.0,66.0,56.1,65.8,18.13,4406.0,-5.0,11,7,2014,0
2014-11-17,台北二,SE6 青蔥 粉蔥 ,,,,,,,,11,1,2014,1
2014-11-18,台北二,SE6 青蔥 粉蔥 ,72.5,63.3,45.4,61.5,-6.53,5403.0,22.63,11,2,2014,0
2014-11-19,台北二,SE6 青蔥 粉蔥 ,66.0,58.9,40.7,56.7,-7.8,5292.0,-2.05,11,3,2014,0
2014-11-20,台北二,SE6 青蔥 粉蔥 ,66.6,57.9,40.7,56.2,-0.88,4483.0,-15.29,11,4,2014,0
2014-11-21,台北二,SE6 青蔥 粉蔥 ,67.3,56.2,35.5,54.3,-3.38,4838.0,7.92,11,5,2014,0
2014-11-22,台北二,SE6 青蔥 粉蔥 ,68.3,62.0,47.8,60.4,11.23,4030.0,-16.7,11,6,2014,0
2014-11-23,台北二,SE6 青蔥 粉蔥 ,67.1,61.5,44.0,59.1,-2.15,4471.0,10.94,11,7,2014,0
2014-11-24,台北二,SE6 青蔥 粉蔥 ,,,,,,,,11,1,2014,1
2014-11-25,台北二,SE6 青蔥 粉蔥 ,72.3,63.0,33.4,58.9,-0.34,4694.0,4.99,11,2,2014,0
2014-11-26,台北二,SE6 青蔥 粉蔥 ,64.6,48.8,24.7,47.1,-20.03,5243.0,11.7,11,3,2014,0
2014-11-27,台北二,SE6 青蔥 粉蔥 ,57.2,38.9,18.4,38.4,-18.47,7167.0,36.7,11,4,2014,0
2014-11-28,台北二,SE6 青蔥 粉蔥 ,55.9,38.6,16.4,37.6,-2.08,4613.0,-35.64,11,5,2014,0
2014-11-29,台北二,SE6 青蔥 粉蔥 ,53.9,36.1,11.9,34.9,-7.18,7223.0,56.58,11,6,2014,0
2014-11-30,台北二,SE6 青蔥 粉蔥 ,61.9,39.8,15.8,39.4,12.89,6749.0,-6.56,11,7,2014,0
2014-12-01,台北二,SE6 青蔥 粉蔥 ,,,,,,,,12,1,2014,1
2014-12-02,台北二,SE6 青蔥 粉蔥 ,66.3,53.3,25.8,50.4,27.92,5273.0,-21.87,12,2,2014,0
2014-12-03,台北二,SE6 青蔥 粉蔥 ,60.8,53.1,37.3,51.5,2.18,5379.0,2.01,12,3,2014,0
2014-12-04,台北二,SE6 青蔥 粉蔥 ,59.7,51.8,28.1,48.6,-5.63,5648.0,5.0,12,4,2014,0
2014-12-05,台北二,SE6 青蔥 粉蔥 ,61.3,50.0,29.8,48.2,-0.82,5755.0,1.89,12,5,2014,0
2014-12-06,台北二,SE6 青蔥 粉蔥 ,57.0,46.2,28.9,44.9,-6.85,6184.0,7.45,12,6,2014,0
2014-12-07,台北二,SE6 青蔥 粉蔥 ,55.4,41.8,29.3,42.0,-6.46,7108.0,14.94,12,7,2014,0
2014-12-08,台北二,SE6 青蔥 粉蔥 ,,,,,,,,12,1,2014,1
2014-12-09,台北二,SE6 青蔥 粉蔥 ,53.9,37.5,24.0,38.0,-9.52,8548.0,20.26,12,2,2014,0
2014-12-10,台北二,SE6 青蔥 粉蔥 ,50.7,37.1,23.4,37.1,-2.37,6865.0,-19.69,12,3,2014,0
2014-12-11,台北二,SE6 青蔥 粉蔥 ,51.8,37.0,20.3,36.6,-1.35,6065.0,-11.65,12,4,2014,0
2014-12-12,台北二,SE6 青蔥 粉蔥 ,52.0,38.3,25.5,38.5,5.19,6348.0,4.67,12,5,2014,0
2014-12-13,台北二,SE6 青蔥 粉蔥 ,46.9,37.8,27.0,37.5,-2.6,7016.0,10.52,12,6,2014,0
2014-12-14,台北二,SE6 青蔥 粉蔥 ,44.6,37.8,27.5,37.1,-1.07,8217.0,17.12,12,7,2014,0
2014-12-15,台北二,SE6 青蔥 粉蔥 ,,,,,,,,12,1,2014,1
2014-12-16,台北二,SE6 青蔥 粉蔥 ,49.0,39.9,29.1,39.6,6.74,8070.0,-1.79,12,2,2014,0
2014-12-17,台北二,SE6 青蔥 粉蔥 ,43.7,34.2,22.2,33.7,-14.9,8676.0,7.51,12,3,2014,0
2014-12-18,台北二,SE6 青蔥 粉蔥 ,42.2,34.4,24.9,34.1,1.19,7616.0,-12.22,12,4,2014,0
2014-12-19,台北二,SE6 青蔥 粉蔥 ,42.9,35.3,28.0,35.4,3.81,6950.0,-8.74,12,5,2014,0
2014-12-20,台北二,SE6 青蔥 粉蔥 ,47.2,38.0,30.0,38.3,8.19,6648.0,-4.35,12,6,2014,0
2014-12-21,台北二,SE6 青蔥 粉蔥 ,49.3,40.8,26.4,39.6,3.39,7845.0,18.01,12,7,2014,0
2014-12-22,台北二,SE6 青蔥 粉蔥 ,,,,,,,,12,1,2014,1
2014-12-23,台北二,SE6 青蔥 粉蔥 ,53.8,40.9,31.0,41.5,4.8,7286.0,-7.13,12,2,2014,0
2014-12-24,台北二,SE6 青蔥 粉蔥 ,45.2,35.3,23.1,34.9,-15.9,7814.0,7.25,12,3,2014,0
2014-12-25,台北二,SE6 青蔥 粉蔥 ,38.4,29.5,21.4,29.7,-14.9,8470.0,8.4,12,4,2014,0
2014-12-26,台北二,SE6 青蔥 粉蔥 ,30.7,26.7,21.1,26.4,-11.11,8670.0,2.36,12,5,2014,0
2014-12-27,台北二,SE6 青蔥 粉蔥 ,30.4,24.5,17.9,24.4,-7.58,9231.0,6.47,12,6,2014,0
2014-12-28,台北二,SE6 青蔥 粉蔥 ,28.5,22.6,13.9,22.0,-9.84,9573.0,3.7,12,7,2014,0
2014-12-29,台北二,SE6 青蔥 粉蔥 ,,,,,,,,12,1,2014,1
2014-12-30,台北二,SE6 青蔥 粉蔥 ,35.6,28.8,20.5,28.5,29.55,7422.0,-22.47,12,2,2014,0
2014-12-31,台北二,SE6 青蔥 粉蔥 ,34.1,27.6,19.1,27.2,-4.56,10172.0,37.05,12,3,2014,0
2015-01-01,台北二,SE6 青蔥 粉蔥 ,28.6,23.3,16.4,23.0,-15.44,9606.0,-5.56,1,4,2015,0
2015-01-02,台北二,SE6 青蔥 粉蔥 ,26.2,22.2,17.6,22.1,-3.91,8612.0,-10.35,1,5,2015,0
2015-01-03,台北二,SE6 青蔥 粉蔥 ,31.0,26.4,19.3,25.9,17.19,7271.0,-15.57,1,6,2015,0
2015-01-04,台北二,SE6 青蔥 粉蔥 ,48.9,44.2,34.6,43.2,66.8,6036.0,-16.99,1,7,2015,0
2015-01-05,台北二,SE6 青蔥 粉蔥 ,,,,,,,,1,1,2015,1
2015-01-06,台北二,SE6 青蔥 粉蔥 ,45.3,35.7,27.1,35.9,-16.9,9347.0,54.85,1,2,2015,0
2015-01-07,台北二,SE6 青蔥 粉蔥 ,33.9,27.6,19.4,27.2,-24.23,10422.0,11.5,1,3,2015,0
2015-01-08,台北二,SE6 青蔥 粉蔥 ,28.2,23.6,16.4,23.1,-15.07,9478.0,-9.06,1,4,2015,0
2015-01-09,台北二,SE6 青蔥 粉蔥 ,25.0,21.5,16.3,21.2,-8.23,9512.0,0.36,1,5,2015,0
2015-01-10,台北二,SE6 青蔥 粉蔥 ,26.9,21.8,17.3,21.9,3.3,9151.0,-3.8,1,6,2015,0
2015-01-11,台北二,SE6 青蔥 粉蔥 ,28.2,22.8,17.7,22.8,4.11,9452.0,3.29,1,7,2015,0
2015-01-12,台北二,SE6 青蔥 粉蔥 ,,,,,,,,1,1,2015,1
2015-01-13,台北二,SE6 青蔥 粉蔥 ,32.4,26.4,19.6,26.2,14.91,8380.0,-11.34,1,2,2015,0
2015-01-14,台北二,SE6 青蔥 粉蔥 ,28.8,21.9,14.9,21.9,-16.41,8573.0,2.3,1,3,2015,0
2015-01-15,台北二,SE6 青蔥 粉蔥 ,29.3,23.2,18.8,23.6,7.76,7173.0,-16.33,1,4,2015,0
2015-01-16,台北二,SE6 青蔥 粉蔥 ,27.6,22.9,15.6,22.4,-5.08,8022.0,11.84,1,5,2015,0
2015-01-17,台北二,SE6 青蔥 粉蔥 ,32.0,26.7,18.9,26.2,16.96,8011.0,-0.14,1,6,2015,0
2015-01-18,台北二,SE6 青蔥 粉蔥 ,29.3,24.4,19.0,24.3,-7.25,10134.0,26.5,1,7,2015,0
2015-01-19,台北二,SE6 青蔥 粉蔥 ,,,,,,,,1,1,2015,1
2015-01-20,台北二,SE6 青蔥 粉蔥 ,31.4,27.1,18.1,26.2,7.82,8689.0,-14.26,1,2,2015,0
2015-01-21,台北二,SE6 青蔥 粉蔥 ,26.9,21.8,14.5,21.3,-18.7,8749.0,0.69,1,3,2015,0
2015-01-22,台北二,SE6 青蔥 粉蔥 ,27.5,23.0,16.1,22.5,5.63,6360.0,-27.31,1,4,2015,0
2015-01-23,台北二,SE6 青蔥 粉蔥 ,27.8,23.3,16.6,22.9,1.78,7595.0,19.42,1,5,2015,0
2015-01-24,台北二,SE6 青蔥 粉蔥 ,26.4,22.6,16.0,22.1,-3.49,9320.0,22.71,1,6,2015,0
2015-01-25,台北二,SE6 青蔥 粉蔥 ,26.3,21.6,14.1,21.1,-4.52,9920.0,6.44,1,7,2015,0
2015-01-26,台北二,SE6 青蔥 粉蔥 ,,,,,,,,1,1,2015,1
2015-01-27,台北二,SE6 青蔥 粉蔥 ,24.6,21.3,14.6,20.6,-2.37,8165.0,-17.69,1,2,2015,0
2015-01-28,台北二,SE6 青蔥 粉蔥 ,25.7,21.2,14.1,20.7,0.49,7340.0,-10.1,1,3,2015,0
2015-01-29,台北二,SE6 青蔥 粉蔥 ,26.2,21.8,15.7,21.4,3.38,6784.0,-7.57,1,4,2015,0
2015-01-30,台北二,SE6 青蔥 粉蔥 ,28.0,22.1,16.4,22.2,3.74,7040.0,3.77,1,5,2015,0
2015-01-31,台北二,SE6 青蔥 粉蔥 ,26.8,21.1,13.5,20.7,-6.76,8691.0,23.45,1,6,2015,0
2015-02-01,台北二,SE6 青蔥 粉蔥 ,26.9,23.5,18.1,23.1,11.59,7650.0,-11.98,2,7,2015,0
2015-02-02,台北二,SE6 青蔥 粉蔥 ,,,,,,,,2,1,2015,1
2015-02-03,台北二,SE6 青蔥 粉蔥 ,34.1,29.3,20.3,28.5,23.38,7590.0,-0.78,2,2,2015,0
2015-02-04,台北二,SE6 青蔥 粉蔥 ,34.9,23.9,15.4,24.4,-14.39,7762.0,2.27,2,3,2015,0
2015-02-05,台北二,SE6 青蔥 粉蔥 ,27.1,21.6,12.6,20.9,-14.34,8212.0,5.8,2,4,2015,0
2015-02-06,台北二,SE6 青蔥 粉蔥 ,24.0,19.1,12.6,18.8,-10.05,8856.0,7.84,2,5,2015,0
2015-02-07,台北二,SE6 青蔥 粉蔥 ,23.8,19.8,13.5,19.4,3.19,8354.0,-5.67,2,6,2015,0
2015-02-08,台北二,SE6 青蔥 粉蔥 ,25.5,21.0,15.6,20.8,7.22,8556.0,2.42,2,7,2015,0
2015-02-09,台北二,SE6 青蔥 粉蔥 ,,,,,,,,2,1,2015,1
2015-02-10,台北二,SE6 青蔥 粉蔥 ,32.6,25.3,17.8,25.2,21.15,8155.0,-4.69,2,2,2015,0
2015-02-11,台北二,SE6 青蔥 粉蔥 ,31.8,26.2,22.2,26.5,5.16,6694.0,-17.92,2,3,2015,0
2015-02-12,台北二,SE6 青蔥 粉蔥 ,37.6,29.8,24.7,30.4,14.72,7100.0,6.07,2,4,2015,0
2015-02-13,台北二,SE6 青蔥 粉蔥 ,35.7,29.0,22.0,28.9,-4.93,9456.0,33.18,2,5,2015,0
2015-02-14,台北二,SE6 青蔥 粉蔥 ,39.1,28.8,17.9,28.7,-0.69,12935.0,36.79,2,6,2015,0
2015-02-15,台北二,SE6 青蔥 粉蔥 ,36.4,25.1,16.6,25.7,-10.45,13710.0,5.99,2,7,2015,0
2015-02-16,台北二,SE6 青蔥 粉蔥 ,40.0,25.4,17.8,26.8,4.28,12971.0,-5.39,2,1,2015,0
2015-02-17,台北二,SE6 青蔥 粉蔥 ,43.2,33.9,21.9,33.4,24.63,11296.0,-12.91,2,2,2015,0
2015-02-18,台北二,SE6 青蔥 粉蔥 ,60.9,48.0,31.9,47.4,41.92,5733.0,-49.25,2,3,2015,0
2015-02-19,台北二,SE6 青蔥 粉蔥 ,,,,,,,,2,4,2015,1
2015-02-20,台北二,SE6 青蔥 粉蔥 ,,,,,,,,2,5,2015,1
2015-02-21,台北二,SE6 青蔥 粉蔥 ,,,,,,,,2,6,2015,1
2015-02-22,台北二,SE6 青蔥 粉蔥 ,,,,,,,,2,7,2015,1
2015-02-23,台北二,SE6 青蔥 粉蔥 ,,,,,,,,2,1,2015,1
2015-02-24,台北二,SE6 青蔥 粉蔥 ,33.3,24.7,19.3,25.3,-46.62,8583.0,49.71,2,2,2015,0
2015-02-25,台北二,SE6 青蔥 粉蔥 ,31.4,22.5,14.9,22.7,-10.28,8038.0,-6.35,2,3,2015,0
2015-02-26,台北二,SE6 青蔥 粉蔥 ,41.3,28.3,19.4,29.1,28.19,8201.0,2.03,2,4,2015,0
2015-02-27,台北二,SE6 青蔥 粉蔥 ,,,,,,,,2,5,2015,1
2015-02-28,台北二,SE6 青蔥 粉蔥 ,31.6,26.3,17.5,25.6,-12.03,9172.0,11.84,2,6,2015,0
2015-03-01,台北二,SE6 青蔥 粉蔥 ,30.6,25.0,14.8,24.1,-5.86,9287.0,1.25,3,7,2015,0
2015-03-02,台北二,SE6 青蔥 粉蔥 ,,,,,,,,3,1,2015,1
2015-03-03,台北二,SE6 青蔥 粉蔥 ,28.7,22.7,17.7,22.9,-4.98,9213.0,-0.8,3,2,2015,0
2015-03-04,台北二,SE6 青蔥 粉蔥 ,27.3,19.2,13.7,19.7,-13.97,9999.0,8.53,3,3,2015,0
2015-03-05,台北二,SE6 青蔥 粉蔥 ,31.5,24.2,14.8,23.8,20.81,8968.0,-10.31,3,4,2015,0
2015-03-06,台北二,SE6 青蔥 粉蔥 ,34.7,24.3,16.6,24.8,4.2,12634.0,40.88,3,5,2015,0
2015-03-07,台北二,SE6 青蔥 粉蔥 ,,,,,,,,3,6,2015,1
2015-03-08,台北二,SE6 青蔥 粉蔥 ,,,,,,,,3,7,2015,1
2015-03-09,台北二,SE6 青蔥 粉蔥 ,,,,,,,,3,1,2015,1
2015-03-10,台北二,SE6 青蔥 粉蔥 ,30.4,22.9,16.2,23.1,-6.85,11546.0,-8.61,3,2,2015,0
2015-03-11,台北二,SE6 青蔥 粉蔥 ,25.9,20.2,14.0,20.1,-12.99,8255.0,-28.5,3,3,2015,0
2015-03-12,台北二,SE6 青蔥 粉蔥 ,25.1,20.1,13.9,19.8,-1.49,7968.0,-3.48,3,4,2015,0
2015-03-13,台北二,SE6 青蔥 粉蔥 ,26.1,21.0,13.5,20.5,3.54,9255.0,16.15,3,5,2015,0
2015-03-14,台北二,SE6 青蔥 粉蔥 ,26.4,20.2,13.5,20.1,-1.95,10063.0,8.73,3,6,2015,0
2015-03-15,台北二,SE6 青蔥 粉蔥 ,28.5,22.4,17.9,22.7,12.94,9007.0,-10.49,3,7,2015,0
2015-03-16,台北二,SE6 青蔥 粉蔥 ,,,,,,,,3,1,2015,1
2015-03-17,台北二,SE6 青蔥 粉蔥 ,32.5,27.6,21.6,27.4,20.7,8132.0,-9.71,3,2,2015,0
2015-03-18,台北二,SE6 青蔥 粉蔥 ,24.6,20.1,14.1,19.8,-27.74,9782.0,20.29,3,3,2015,0
2015-03-19,台北二,SE6 青蔥 粉蔥 ,24.9,19.1,11.1,18.7,-5.56,9577.0,-2.1,3,4,2015,0
2015-03-20,台北二,SE6 青蔥 粉蔥 ,24.1,19.0,13.2,18.8,0.53,9188.0,-4.06,3,5,2015,0
2015-03-21,台北二,SE6 青蔥 粉蔥 ,24.6,18.6,13.0,18.7,-0.53,9771.0,6.35,3,6,2015,0
2015-03-22,台北二,SE6 青蔥 粉蔥 ,25.6,18.8,13.8,19.2,2.67,10561.0,8.09,3,7,2015,0
2015-03-23,台北二,SE6 青蔥 粉蔥 ,,,,,,,,3,1,2015,1
2015-03-24,台北二,SE6 青蔥 粉蔥 ,29.9,24.1,14.3,23.3,21.35,8392.0,-20.54,3,2,2015,0
2015-03-25,台北二,SE6 青蔥 粉蔥 ,28.3,21.0,16.6,21.6,-7.3,7462.0,-11.08,3,3,2015,0
2015-03-26,台北二,SE6 青蔥 粉蔥 ,26.1,20.7,14.4,20.6,-4.63,7936.0,6.35,3,4,2015,0
2015-03-27,台北二,SE6 青蔥 粉蔥 ,24.4,20.6,16.0,20.4,-0.97,8776.0,10.58,3,5,2015,0
2015-03-28,台北二,SE6 青蔥 粉蔥 ,25.1,20.1,15.1,20.1,-1.47,10208.0,16.32,3,6,2015,0
2015-03-29,台北二,SE6 青蔥 粉蔥 ,27.7,24.6,19.7,24.3,20.9,9526.0,-6.68,3,7,2015,0
2015-03-30,台北二,SE6 青蔥 粉蔥 ,,,,,,,,3,1,2015,1
2015-03-31,台北二,SE6 青蔥 粉蔥 ,27.1,22.8,17.1,22.5,-7.41,11822.0,24.1,3,2,2015,0
2015-04-01,台北二,SE6 青蔥 粉蔥 ,24.9,20.0,15.4,20.0,-11.11,9542.0,-19.29,4,3,2015,0
2015-04-02,台北二,SE6 青蔥 粉蔥 ,27.8,21.0,15.5,21.3,6.5,8426.0,-11.7,4,4,2015,0
2015-04-03,台北二,SE6 青蔥 粉蔥 ,27.4,21.7,16.4,21.8,2.35,9062.0,7.55,4,5,2015,0
2015-04-04,台北二,SE6 青蔥 粉蔥 ,38.7,28.2,18.4,28.3,29.82,10951.0,20.85,4,6,2015,0
2015-04-05,台北二,SE6 青蔥 粉蔥 ,,,,,,,,4,7,2015,1
2015-04-06,台北二,SE6 青蔥 粉蔥 ,,,,,,,,4,1,2015,1
2015-04-07,台北二,SE6 青蔥 粉蔥 ,45.8,29.8,22.8,31.6,11.66,10380.0,-5.21,4,2,2015,0
2015-04-08,台北二,SE6 青蔥 粉蔥 ,28.7,19.6,13.8,20.3,-35.76,11475.0,10.55,4,3,2015,0
2015-04-09,台北二,SE6 青蔥 粉蔥 ,24.2,16.9,10.4,17.0,-16.26,10535.0,-8.19,4,4,2015,0
2015-04-10,台北二,SE6 青蔥 粉蔥 ,28.0,18.3,12.7,19.1,12.35,8975.0,-14.81,4,5,2015,0
2015-04-11,台北二,SE6 青蔥 粉蔥 ,26.0,17.1,10.6,17.6,-7.85,10000.0,11.42,4,6,2015,0
2015-04-12,台北二,SE6 青蔥 粉蔥 ,28.2,19.7,11.7,19.8,12.5,10430.0,4.3,4,7,2015,0
2015-04-13,台北二,SE6 青蔥 粉蔥 ,,,,,,,,4,1,2015,1
2015-04-14,台北二,SE6 青蔥 粉蔥 ,27.6,20.5,11.8,20.2,2.02,11040.0,5.85,4,2,2015,0
2015-04-15,台北二,SE6 青蔥 粉蔥 ,25.6,20.8,14.8,20.6,1.98,9325.0,-15.53,4,3,2015,0
2015-04-16,台北二,SE6 青蔥 粉蔥 ,26.1,22.1,17.0,21.9,6.31,8720.0,-6.49,4,4,2015,0
2015-04-17,台北二,SE6 青蔥 粉蔥 ,24.9,19.3,12.8,19.1,-12.79,10425.0,19.55,4,5,2015,0
2015-04-18,台北二,SE6 青蔥 粉蔥 ,28.3,19.3,13.6,20.0,4.71,9968.0,-4.38,4,6,2015,0
2015-04-19,台北二,SE6 青蔥 粉蔥 ,28.3,21.1,17.0,21.8,9.0,9183.0,-7.88,4,7,2015,0
2015-04-20,台北二,SE6 青蔥 粉蔥 ,,,,,,,,4,1,2015,1
2015-04-21,台北二,SE6 青蔥 粉蔥 ,24.8,20.6,15.4,20.4,-6.42,9880.0,7.59,4,2,2015,0
2015-04-22,台北二,SE6 青蔥 粉蔥 ,33.5,27.8,21.7,27.7,35.78,5300.0,-46.36,4,3,2015,0
2015-04-23,台北二,SE6 青蔥 粉蔥 ,40.5,29.0,22.5,30.0,8.3,6400.0,20.75,4,4,2015,0
2015-04-24,台北二,SE6 青蔥 粉蔥 ,32.3,24.2,16.8,24.3,-19.0,9494.0,48.34,4,5,2015,0
2015-04-25,台北二,SE6 青蔥 粉蔥 ,29.5,22.3,15.5,22.4,-7.82,8819.0,-7.11,4,6,2015,0
2015-04-26,台北二,SE6 青蔥 粉蔥 ,26.9,20.5,14.0,20.5,-8.48,10025.0,13.68,4,7,2015,0
2015-04-27,台北二,SE6 青蔥 粉蔥 ,,,,,,,,4,1,2015,1
2015-04-28,台北二,SE6 青蔥 粉蔥 ,27.0,22.4,16.1,22.1,7.8,8455.0,-15.66,4,2,2015,0
2015-04-29,台北二,SE6 青蔥 粉蔥 ,26.2,21.3,14.7,20.9,-5.43,7151.0,-15.42,4,3,2015,0
2015-04-30,台北二,SE6 青蔥 粉蔥 ,26.5,20.4,15.4,20.6,-1.44,7202.0,0.71,4,4,2015,0
2015-05-01,台北二,SE6 青蔥 粉蔥 ,26.0,18.4,12.5,18.7,-9.22,8240.0,14.41,5,5,2015,0
2015-05-02,台北二,SE6 青蔥 粉蔥 ,32.5,24.6,16.7,24.6,31.55,6500.0,-21.12,5,6,2015,0
2015-05-03,台北二,SE6 青蔥 粉蔥 ,29.9,20.6,13.6,21.1,-14.23,9260.0,42.46,5,7,2015,0
2015-05-04,台北二,SE6 青蔥 粉蔥 ,,,,,,,,5,1,2015,1
2015-05-05,台北二,SE6 青蔥 粉蔥 ,29.8,22.1,14.2,22.1,4.74,8140.0,-12.1,5,2,2015,0
2015-05-06,台北二,SE6 青蔥 粉蔥 ,29.3,21.9,12.8,21.5,-2.71,7821.0,-3.92,5,3,2015,0
2015-05-07,台北二,SE6 青蔥 粉蔥 ,29.3,22.5,12.7,21.9,1.86,7601.0,-2.81,5,4,2015,0
2015-05-08,台北二,SE6 青蔥 粉蔥 ,31.4,22.2,12.7,22.1,0.91,7740.0,1.83,5,5,2015,0
2015-05-09,台北二,SE6 青蔥 粉蔥 ,31.1,22.9,13.2,22.6,2.26,7370.0,-4.78,5,6,2015,0
2015-05-10,台北二,SE6 青蔥 粉蔥 ,31.0,22.4,12.6,22.2,-1.77,8549.0,16.0,5,7,2015,0
2015-05-11,台北二,SE6 青蔥 粉蔥 ,,,,,,,,5,1,2015,1
2015-05-12,台北二,SE6 青蔥 粉蔥 ,34.9,23.5,12.7,23.6,6.31,7217.0,-15.58,5,2,2015,0
2015-05-13,台北二,SE6 青蔥 粉蔥 ,35.5,27.3,13.9,26.3,11.44,5791.0,-19.76,5,3,2015,0
2015-05-14,台北二,SE6 青蔥 粉蔥 ,32.6,27.5,16.3,26.3,0.0,5834.0,0.74,5,4,2015,0
2015-05-15,台北二,SE6 青蔥 粉蔥 ,28.7,24.0,13.9,22.9,-12.93,7357.0,26.11,5,5,2015,0
2015-05-16,台北二,SE6 青蔥 粉蔥 ,34.2,28.7,15.6,27.2,18.78,6205.0,-15.66,5,6,2015,0
2015-05-17,台北二,SE6 青蔥 粉蔥 ,34.2,27.6,14.3,26.2,-3.68,8245.0,32.88,5,7,2015,0
2015-05-18,台北二,SE6 青蔥 粉蔥 ,,,,,,,,5,1,2015,1
2015-05-19,台北二,SE6 青蔥 粉蔥 ,37.9,32.0,23.3,31.4,19.85,6710.0,-18.62,5,2,2015,0
2015-05-20,台北二,SE6 青蔥 粉蔥 ,37.8,31.7,18.8,30.4,-3.18,6332.0,-5.63,5,3,2015,0
2015-05-21,台北二,SE6 青蔥 粉蔥 ,38.7,34.2,21.6,32.6,7.24,5491.0,-13.28,5,4,2015,0
2015-05-22,台北二,SE6 青蔥 粉蔥 ,42.5,38.5,30.5,37.7,15.64,5492.0,0.02,5,5,2015,0
2015-05-23,台北二,SE6 青蔥 粉蔥 ,43.5,32.6,19.0,32.0,-15.12,7953.0,44.81,5,6,2015,0
2015-05-24,台北二,SE6 青蔥 粉蔥 ,40.9,27.7,11.6,27.1,-15.31,8652.0,8.79,5,7,2015,0
2015-05-25,台北二,SE6 青蔥 粉蔥 ,,,,,,,,5,1,2015,1
2015-05-26,台北二,SE6 青蔥 粉蔥 ,43.4,33.3,22.0,33.1,22.14,6085.0,-29.67,5,2,2015,0
2015-05-27,台北二,SE6 青蔥 粉蔥 ,39.8,31.3,17.7,30.3,-8.46,6838.0,12.37,5,3,2015,0
2015-05-28,台北二,SE6 青蔥 粉蔥 ,41.6,28.4,14.9,28.3,-6.6,6407.0,-6.3,5,4,2015,0
2015-05-29,台北二,SE6 青蔥 粉蔥 ,46.1,27.3,15.4,28.7,1.41,5278.0,-17.62,5,5,2015,0
2015-05-30,台北二,SE6 青蔥 粉蔥 ,49.6,29.4,17.5,31.0,8.01,5981.0,13.32,5,6,2015,0
2015-05-31,台北二,SE6 青蔥 粉蔥 ,61.6,42.6,18.4,41.5,33.87,4419.0,-26.12,5,7,2015,0
2015-06-01,台北二,SE6 青蔥 粉蔥 ,,,,,,,,6,1,2015,1
2015-06-02,台北二,SE6 青蔥 粉蔥 ,61.8,43.2,20.4,42.4,2.17,5636.0,27.54,6,2,2015,0
2015-06-03,台北二,SE6 青蔥 粉蔥 ,53.3,37.4,24.1,37.9,-10.61,5275.0,-6.41,6,3,2015,0
2015-06-04,台北二,SE6 青蔥 粉蔥 ,52.3,34.3,15.7,34.2,-9.76,4600.0,-12.8,6,4,2015,0
2015-06-05,台北二,SE6 青蔥 粉蔥 ,57.4,40.4,22.5,40.2,17.54,4254.0,-7.52,6,5,2015,0
2015-06-06,台北二,SE6 青蔥 粉蔥 ,59.1,46.7,34.1,46.7,16.17,4044.0,-4.94,6,6,2015,0
2015-06-07,台北二,SE6 青蔥 粉蔥 ,55.0,45.6,27.7,43.9,-6.0,5279.0,30.54,6,7,2015,0
2015-06-08,台北二,SE6 青蔥 粉蔥 ,,,,,,,,6,1,2015,1
2015-06-09,台北二,SE6 青蔥 粉蔥 ,60.6,47.5,33.1,47.2,7.52,4945.0,-6.33,6,2,2015,0
2015-06-10,台北二,SE6 青蔥 粉蔥 ,57.6,40.6,22.5,40.4,-14.41,5033.0,1.78,6,3,2015,0
2015-06-11,台北二,SE6 青蔥 粉蔥 ,52.8,34.2,19.5,35.0,-13.37,4904.0,-2.56,6,4,2015,0
2015-06-12,台北二,SE6 青蔥 粉蔥 ,48.7,37.7,23.1,37.0,5.71,3444.0,-29.77,6,5,2015,0
2015-06-13,台北二,SE6 青蔥 粉蔥 ,51.5,41.3,29.6,41.0,10.81,3283.0,-4.67,6,6,2015,0
2015-06-14,台北二,SE6 青蔥 粉蔥 ,50.8,46.8,39.2,46.0,12.2,3886.0,18.37,6,7,2015,0
2015-06-15,台北二,SE6 青蔥 粉蔥 ,,,,,,,,6,1,2015,1
2015-06-16,台北二,SE6 青蔥 粉蔥 ,52.6,44.1,31.5,43.3,-5.87,4187.0,7.75,6,2,2015,0
2015-06-17,台北二,SE6 青蔥 粉蔥 ,57.9,53.1,43.0,52.0,20.09,2120.0,-49.37,6,3,2015,0
2015-06-18,台北二,SE6 青蔥 粉蔥 ,57.2,46.5,29.2,45.2,-13.08,2924.0,37.92,6,4,2015,0
2015-06-19,台北二,SE6 青蔥 粉蔥 ,55.7,50.2,39.4,49.1,8.63,3477.0,18.91,6,5,2015,0
2015-06-20,台北二,SE6 青蔥 粉蔥 ,59.4,46.2,29.8,45.5,-7.33,4345.0,24.96,6,6,2015,0
2015-06-21,台北二,SE6 青蔥 粉蔥 ,,,,,,,,6,7,2015,1
2015-06-22,台北二,SE6 青蔥 粉蔥 ,,,,,,,,6,1,2015,1
2015-06-23,台北二,SE6 青蔥 粉蔥 ,55.3,49.7,40.8,49.1,7.91,3075.0,-29.23,6,2,2015,0
2015-06-24,台北二,SE6 青蔥 粉蔥 ,55.6,49.6,29.6,46.8,-4.68,2335.0,-24.07,6,3,2015,0
2015-06-25,台北二,SE6 青蔥 粉蔥 ,53.0,47.9,32.5,45.8,-2.14,2780.0,19.06,6,4,2015,0
2015-06-26,台北二,SE6 青蔥 粉蔥 ,48.3,39.6,30.2,39.5,-13.76,1941.0,-30.18,6,5,2015,0
2015-06-27,台北二,SE6 青蔥 粉蔥 ,55.1,49.1,35.8,47.7,20.76,2080.0,7.16,6,6,2015,0
2015-06-28,台北二,SE6 青蔥 粉蔥 ,61.0,54.2,31.7,51.1,7.13,2468.0,18.65,6,7,2015,0
2015-06-29,台北二,SE6 青蔥 粉蔥 ,,,,,,,,6,1,2015,1
2015-06-30,台北二,SE6 青蔥 粉蔥 ,58.3,51.7,40.2,50.7,-0.78,3106.0,25.85,6,2,2015,0
2015-07-01,台北二,SE6 青蔥 粉蔥 ,57.0,47.0,34.7,46.6,-8.09,2363.0,-23.92,7,3,2015,0
2015-07-02,台北二,SE6 青蔥 粉蔥 ,52.6,46.9,37.4,46.1,-1.07,1872.0,-20.78,7,4,2015,0
2015-07-03,台北二,SE6 青蔥 粉蔥 ,66.7,62.6,44.4,59.8,29.72,1328.0,-29.06,7,5,2015,0
2015-07-04,台北二,SE6 青蔥 粉蔥 ,77.9,71.4,50.8,68.6,14.72,2061.0,55.2,7,6,2015,0
2015-07-05,台北二,SE6 青蔥 粉蔥 ,101.3,90.5,71.3,88.8,29.45,2383.0,15.62,7,7,2015,0
2015-07-06,台北二,SE6 青蔥 粉蔥 ,,,,,,,,7,1,2015,1
2015-07-07,台北二,SE6 青蔥 粉蔥 ,83.5,77.8,59.2,75.2,-15.32,4204.0,76.42,7,2,2015,0
2015-07-08,台北二,SE6 青蔥 粉蔥 ,74.8,62.0,39.0,60.0,-20.21,3323.0,-20.96,7,3,2015,0
2015-07-09,台北二,SE6 青蔥 粉蔥 ,85.0,75.1,61.5,74.3,23.83,1803.0,-45.74,7,4,2015,0
2015-07-10,台北二,SE6 青蔥 粉蔥 ,75.7,62.1,46.4,61.7,-16.96,3171.0,75.87,7,5,2015,0
2015-07-11,台北二,SE6 青蔥 粉蔥 ,65.8,53.9,36.4,52.8,-14.42,2761.0,-12.93,7,6,2015,0
2015-07-12,台北二,SE6 青蔥 粉蔥 ,54.9,46.7,30.3,45.0,-14.77,2723.0,-1.38,7,7,2015,0
2015-07-13,台北二,SE6 青蔥 粉蔥 ,,,,,,,,7,1,2015,1
2015-07-14,台北二,SE6 青蔥 粉蔥 ,64.6,56.5,44.1,55.6,23.56,1981.0,-27.25,7,2,2015,0
2015-07-15,台北二,SE6 青蔥 粉蔥 ,60.3,52.3,39.9,51.4,-7.55,2243.0,13.23,7,3,2015,0
2015-07-16,台北二,SE6 青蔥 粉蔥 ,68.6,61.8,53.6,61.5,19.65,1814.0,-19.13,7,4,2015,0
2015-07-17,台北二,SE6 青蔥 粉蔥 ,87.8,75.4,59.4,74.7,21.46,1916.0,5.62,7,5,2015,0
2015-07-18,台北二,SE6 青蔥 粉蔥 ,90.4,85.0,74.3,83.9,12.32,2699.0,40.87,7,6,2015,0
2015-07-19,台北二,SE6 青蔥 粉蔥 ,83.6,75.3,50.6,72.0,-14.18,4064.0,50.57,7,7,2015,0
2015-07-20,台北二,SE6 青蔥 粉蔥 ,,,,,,,,7,1,2015,1
2015-07-21,台北二,SE6 青蔥 粉蔥 ,72.4,62.3,49.9,61.8,-14.17,3845.0,-5.39,7,2,2015,0
2015-07-22,台北二,SE6 青蔥 粉蔥 ,75.0,67.6,52.1,66.0,6.8,2826.0,-26.5,7,3,2015,0
2015-07-23,台北二,SE6 青蔥 粉蔥 ,64.1,60.5,48.2,58.8,-10.91,3050.0,7.93,7,4,2015,0
2015-07-24,台北二,SE6 青蔥 粉蔥 ,69.3,62.9,42.9,60.2,2.38,2447.0,-19.77,7,5,2015,0
2015-07-25,台北二,SE6 青蔥 粉蔥 ,71.4,66.3,56.9,65.4,8.64,2543.0,3.92,7,6,2015,0
2015-07-26,台北二,SE6 青蔥 粉蔥 ,67.9,59.8,38.2,57.1,-12.69,3739.0,47.03,7,7,2015,0
2015-07-27,台北二,SE6 青蔥 粉蔥 ,,,,,,,,7,1,2015,1
2015-07-28,台北二,SE6 青蔥 粉蔥 ,70.0,66.2,46.0,62.9,10.16,3593.0,-3.9,7,2,2015,0
2015-07-29,台北二,SE6 青蔥 粉蔥 ,63.4,59.9,42.4,57.1,-9.22,3207.0,-10.74,7,3,2015,0
2015-07-30,台北二,SE6 青蔥 粉蔥 ,76.8,72.7,50.8,69.1,21.02,2250.0,-29.84,7,4,2015,0
2015-07-31,台北二,SE6 青蔥 粉蔥 ,72.9,69.6,49.3,66.2,-4.2,2780.0,23.56,7,5,2015,0
2015-08-01,台北二,SE6 青蔥 粉蔥 ,72.9,71.0,50.2,67.2,1.51,3029.0,8.96,8,6,2015,0
2015-08-02,台北二,SE6 青蔥 粉蔥 ,80.8,77.3,59.3,74.4,10.71,2988.0,-1.35,8,7,2015,0
2015-08-03,台北二,SE6 青蔥 粉蔥 ,,,,,,,,8,1,2015,1
2015-08-04,台北二,SE6 青蔥 粉蔥 ,85.0,80.5,64.6,78.2,5.11,2949.0,-1.31,8,2,2015,0
2015-08-05,台北二,SE6 青蔥 粉蔥 ,102.0,92.7,74.8,91.0,16.37,3186.0,8.04,8,3,2015,0
2015-08-06,台北二,SE6 青蔥 粉蔥 ,105.2,95.2,78.1,93.8,3.08,3813.0,19.68,8,4,2015,0
2015-08-07,台北二,SE6 青蔥 粉蔥 ,83.7,75.2,55.4,72.9,-22.28,4374.0,14.71,8,5,2015,0
2015-08-08,台北二,SE6 青蔥 粉蔥 ,79.9,53.2,23.9,52.7,-27.71,2234.0,-48.93,8,6,2015,0
2015-08-09,台北二,SE6 青蔥 粉蔥 ,92.0,83.4,68.3,82.1,55.79,740.0,-66.88,8,7,2015,0
2015-08-10,台北二,SE6 青蔥 粉蔥 ,,,,,,,,8,1,2015,1
2015-08-11,台北二,SE6 青蔥 粉蔥 ,149.2,114.9,71.9,113.1,37.76,1058.0,42.97,8,2,2015,0
2015-08-12,台北二,SE6 青蔥 粉蔥 ,181.7,115.5,38.0,113.2,0.09,1065.0,0.66,8,3,2015,0
2015-08-13,台北二,SE6 青蔥 粉蔥 ,191.0,177.7,47.0,154.2,36.22,1013.0,-4.88,8,4,2015,0
2015-08-14,台北二,SE6 青蔥 粉蔥 ,175.5,155.1,114.5,151.1,-2.01,1433.0,41.46,8,5,2015,0
2015-08-15,台北二,SE6 青蔥 粉蔥 ,186.7,160.5,101.3,153.9,1.85,1511.0,5.44,8,6,2015,0
2015-08-16,台北二,SE6 青蔥 粉蔥 ,270.0,228.2,138.4,218.6,42.04,893.0,-40.9,8,7,2015,0
2015-08-17,台北二,SE6 青蔥 粉蔥 ,,,,,,,,8,1,2015,1
2015-08-18,台北二,SE6 青蔥 粉蔥 ,240.5,188.7,103.1,181.9,-16.79,2729.0,205.6,8,2,2015,0
2015-08-19,台北二,SE6 青蔥 粉蔥 ,156.5,118.9,66.9,116.0,-36.23,4783.0,75.27,8,3,2015,0
2015-08-20,台北二,SE6 青蔥 粉蔥 ,140.2,102.6,49.9,99.6,-14.14,3537.0,-26.05,8,4,2015,0
2015-08-21,台北二,SE6 青蔥 粉蔥 ,120.4,70.4,35.9,73.5,-26.2,3689.0,4.3,8,5,2015,0
2015-08-22,台北二,SE6 青蔥 粉蔥 ,114.7,72.7,30.6,72.7,-1.09,4157.0,12.69,8,6,2015,0
2015-08-23,台北二,SE6 青蔥 粉蔥 ,96.2,65.6,21.5,62.9,-13.48,4292.0,3.25,8,7,2015,0
2015-08-24,台北二,SE6 青蔥 粉蔥 ,,,,,,,,8,1,2015,1
2015-08-25,台北二,SE6 青蔥 粉蔥 ,98.4,78.2,42.7,75.1,19.4,3018.0,-29.68,8,2,2015,0
2015-08-26,台北二,SE6 青蔥 粉蔥 ,93.0,83.8,50.5,79.0,5.19,3121.0,3.41,8,3,2015,0
2015-08-27,台北二,SE6 青蔥 粉蔥 ,100.3,82.3,43.9,78.2,-1.01,4483.0,43.64,8,4,2015,0
2015-08-28,台北二,SE6 青蔥 粉蔥 ,99.8,82.8,35.3,76.7,-1.92,3200.0,-28.62,8,5,2015,0
2015-08-29,台北二,SE6 青蔥 粉蔥 ,,,,,,,,8,6,2015,1
2015-08-30,台北二,SE6 青蔥 粉蔥 ,,,,,,,,8,7,2015,1
2015-08-31,台北二,SE6 青蔥 粉蔥 ,,,,,,,,8,1,2015,1
2015-09-01,台北二,SE6 青蔥 粉蔥 ,119.1,99.2,73.4,98.0,27.77,2562.0,-19.94,9,2,2015,0
2015-09-02,台北二,SE6 青蔥 粉蔥 ,109.8,85.2,33.5,79.8,-18.57,3352.0,30.84,9,3,2015,0
2015-09-03,台北二,SE6 青蔥 粉蔥 ,85.5,66.6,34.9,64.0,-19.8,3757.0,12.08,9,4,2015,0
2015-09-04,台北二,SE6 青蔥 粉蔥 ,68.6,44.1,26.2,45.4,-29.06,4080.0,8.6,9,5,2015,0
2015-09-05,台北二,SE6 青蔥 粉蔥 ,98.3,63.3,29.9,63.6,40.09,2751.0,-32.57,9,6,2015,0
2015-09-06,台北二,SE6 青蔥 粉蔥 ,95.9,83.1,45.8,78.2,22.96,2094.0,-23.88,9,7,2015,0
2015-09-07,台北二,SE6 青蔥 粉蔥 ,,,,,,,,9,1,2015,1
2015-09-08,台北二,SE6 青蔥 粉蔥 ,125.9,92.5,40.8,88.8,13.55,2290.0,9.36,9,2,2015,0
2015-09-09,台北二,SE6 青蔥 粉蔥 ,116.0,86.8,55.4,86.3,-2.82,3060.0,33.62,9,3,2015,0
2015-09-10,台北二,SE6 青蔥 粉蔥 ,131.3,109.6,36.4,99.3,15.06,1966.0,-35.75,9,4,2015,0
2015-09-11,台北二,SE6 青蔥 粉蔥 ,122.9,95.6,44.3,90.8,-8.56,3057.0,55.49,9,5,2015,0
2015-09-12,台北二,SE6 青蔥 粉蔥 ,107.6,79.5,47.2,78.7,-13.33,3419.0,11.84,9,6,2015,0
2015-09-13,台北二,SE6 青蔥 粉蔥 ,94.7,85.3,71.3,84.4,7.24,2395.0,-29.95,9,7,2015,0
2015-09-14,台北二,SE6 青蔥 粉蔥 ,,,,,,,,9,1,2015,1
2015-09-15,台北二,SE6 青蔥 粉蔥 ,92.5,84.9,56.9,80.8,-4.27,2651.0,10.69,9,2,2015,0
2015-09-16,台北二,SE6 青蔥 粉蔥 ,88.2,70.3,42.6,68.3,-15.47,3119.0,17.65,9,3,2015,0
2015-09-17,台北二,SE6 青蔥 粉蔥 ,82.1,69.7,39.4,66.1,-3.22,2887.0,-7.44,9,4,2015,0
2015-09-18,台北二,SE6 青蔥 粉蔥 ,75.5,66.9,49.5,65.1,-1.51,3010.0,4.26,9,5,2015,0
2015-09-19,台北二,SE6 青蔥 粉蔥 ,70.2,53.7,34.4,53.1,-18.43,3962.0,31.63,9,6,2015,0
2015-09-20,台北二,SE6 青蔥 粉蔥 ,70.6,51.9,26.9,50.6,-4.71,2947.0,-25.62,9,7,2015,0
2015-09-21,台北二,SE6 青蔥 粉蔥 ,,,,,,,,9,1,2015,1
2015-09-22,台北二,SE6 青蔥 粉蔥 ,79.7,63.6,49.5,64.0,26.48,3581.0,21.51,9,2,2015,0
2015-09-23,台北二,SE6 青蔥 粉蔥 ,79.2,64.0,43.1,62.8,-1.88,3299.0,-7.87,9,3,2015,0
2015-09-24,台北二,SE6 青蔥 粉蔥 ,67.3,55.7,32.8,53.4,-14.97,3968.0,20.28,9,4,2015,0
2015-09-25,台北二,SE6 青蔥 粉蔥 ,69.0,56.8,34.7,54.8,2.62,3422.0,-13.76,9,5,2015,0
2015-09-26,台北二,SE6 青蔥 粉蔥 ,77.1,64.1,42.1,62.3,13.69,3640.0,6.37,9,6,2015,0
2015-09-27,台北二,SE6 青蔥 粉蔥 ,77.5,67.8,42.1,64.6,3.69,4313.0,18.49,9,7,2015,0
2015-09-28,台北二,SE6 青蔥 粉蔥 ,,,,,,,,9,1,2015,1
2015-09-29,台北二,SE6 青蔥 粉蔥 ,,,,,,,,9,2,2015,1
2015-09-30,台北二,SE6 青蔥 粉蔥 ,115.0,101.1,85.0,100.6,55.73,1180.0,-72.64,9,3,2015,0
2015-10-01,台北二,SE6 青蔥 粉蔥 ,103.0,87.2,58.0,84.5,-16.0,1668.0,41.36,10,4,2015,0
2015-10-02,台北二,SE6 青蔥 粉蔥 ,106.1,72.5,24.4,69.6,-17.63,3710.0,122.42,10,5,2015,0
2015-10-03,台北二,SE6 青蔥 粉蔥 ,122.3,99.0,31.0,90.0,29.31,2970.0,-19.95,10,6,2015,0
2015-10-04,台北二,SE6 青蔥 粉蔥 ,151.7,142.8,71.4,130.3,44.78,2350.0,-20.88,10,7,2015,0
2015-10-05,台北二,SE6 青蔥 粉蔥 ,,,,,,,,10,1,2015,1
2015-10-06,台北二,SE6 青蔥 粉蔥 ,174.9,141.6,94.5,138.8,6.52,3080.0,31.06,10,2,2015,0
2015-10-07,台北二,SE6 青蔥 粉蔥 ,156.3,123.9,91.5,123.9,-10.73,3838.0,24.61,10,3,2015,0
2015-10-08,台北二,SE6 青蔥 粉蔥 ,151.2,105.4,77.0,108.9,-12.11,3799.0,-1.02,10,4,2015,0
2015-10-09,台北二,SE6 青蔥 粉蔥 ,146.4,125.1,94.2,123.2,13.13,2919.0,-23.16,10,5,2015,0
2015-10-10,台北二,SE6 青蔥 粉蔥 ,160.7,113.7,80.7,116.5,-5.44,3405.0,16.65,10,6,2015,0
2015-10-11,台北二,SE6 青蔥 粉蔥 ,162.0,141.1,99.2,136.9,17.51,3569.0,4.82,10,7,2015,0
2015-10-12,台北二,SE6 青蔥 粉蔥 ,,,,,,,,10,1,2015,1
2015-10-13,台北二,SE6 青蔥 粉蔥 ,152.7,115.2,78.0,115.2,-15.85,4740.0,32.81,10,2,2015,0
2015-10-14,台北二,SE6 青蔥 粉蔥 ,133.9,109.4,70.2,106.5,-7.55,4625.0,-2.43,10,3,2015,0
2015-10-15,台北二,SE6 青蔥 粉蔥 ,134.8,97.4,61.2,97.6,-8.36,4934.0,6.68,10,4,2015,0
2015-10-16,台北二,SE6 青蔥 粉蔥 ,131.8,93.4,51.6,92.7,-5.02,5153.0,4.44,10,5,2015,0
2015-10-17,台北二,SE6 青蔥 粉蔥 ,147.0,109.1,73.4,109.6,18.23,4055.0,-21.31,10,6,2015,0
2015-10-18,台北二,SE6 青蔥 粉蔥 ,131.7,99.8,64.1,99.0,-9.67,4056.0,0.02,10,7,2015,0
2015-10-19,台北二,SE6 青蔥 粉蔥 ,,,,,,,,10,1,2015,1
2015-10-20,台北二,SE6 青蔥 粉蔥 ,114.5,77.9,46.7,79.0,-20.2,5791.0,42.78,10,2,2015,0
2015-10-21,台北二,SE6 青蔥 粉蔥 ,95.2,60.5,34.9,62.3,-21.14,6769.0,16.89,10,3,2015,0
2015-10-22,台北二,SE6 青蔥 粉蔥 ,77.3,56.3,32.9,55.8,-10.43,3553.0,-47.51,10,4,2015,0
2015-10-23,台北二,SE6 青蔥 粉蔥 ,63.2,40.3,18.9,40.6,-27.24,4431.0,24.71,10,5,2015,0
2015-10-24,台北二,SE6 青蔥 粉蔥 ,66.8,44.0,20.1,43.8,7.88,3997.0,-9.79,10,6,2015,0
2015-10-25,台北二,SE6 青蔥 粉蔥 ,67.1,52.0,26.5,49.9,13.93,3532.0,-11.63,10,7,2015,0
2015-10-26,台北二,SE6 青蔥 粉蔥 ,,,,,,,,10,1,2015,1
2015-10-27,台北二,SE6 青蔥 粉蔥 ,95.5,65.0,43.2,66.8,33.87,4117.0,16.56,10,2,2015,0
2015-10-28,台北二,SE6 青蔥 粉蔥 ,95.3,67.0,42.2,67.7,1.35,3488.0,-15.28,10,3,2015,0
2015-10-29,台北二,SE6 青蔥 粉蔥 ,87.1,68.0,40.2,66.3,-2.07,3053.0,-12.47,10,4,2015,0
2015-10-30,台北二,SE6 青蔥 粉蔥 ,80.9,63.9,41.6,62.8,-5.28,2981.0,-2.36,10,5,2015,0
2015-10-31,台北二,SE6 青蔥 粉蔥 ,87.5,68.2,40.2,66.5,5.89,4088.0,37.14,10,6,2015,0
2015-11-01,台北二,SE6 青蔥 粉蔥 ,93.2,78.7,52.6,76.4,14.89,3605.0,-11.82,11,7,2015,0
2015-11-02,台北二,SE6 青蔥 粉蔥 ,,,,,,,,11,1,2015,1
2015-11-03,台北二,SE6 青蔥 粉蔥 ,103.1,64.9,42.8,68.2,-10.73,4500.0,24.83,11,2,2015,0
2015-11-04,台北二,SE6 青蔥 粉蔥 ,90.6,62.5,37.8,63.2,-7.33,4229.0,-6.02,11,3,2015,0
2015-11-05,台北二,SE6 青蔥 粉蔥 ,85.9,60.4,32.6,60.0,-5.06,4558.0,7.78,11,4,2015,0
2015-11-06,台北二,SE6 青蔥 粉蔥 ,80.8,61.6,30.1,59.1,-1.5,3606.0,-20.89,11,5,2015,0
2015-11-07,台北二,SE6 青蔥 粉蔥 ,85.7,62.8,41.0,63.0,6.6,3225.0,-10.57,11,6,2015,0
2015-11-08,台北二,SE6 青蔥 粉蔥 ,89.7,59.1,44.0,62.2,-1.27,3669.0,13.77,11,7,2015,0
2015-11-09,台北二,SE6 青蔥 粉蔥 ,,,,,,,,11,1,2015,1
2015-11-10,台北二,SE6 青蔥 粉蔥 ,93.4,47.3,19.6,51.0,-18.01,3966.0,8.09,11,2,2015,0
2015-11-11,台北二,SE6 青蔥 粉蔥 ,93.0,63.9,33.0,63.6,24.71,2792.0,-29.6,11,3,2015,0
2015-11-12,台北二,SE6 青蔥 粉蔥 ,94.7,62.4,44.1,65.2,2.52,2323.0,-16.8,11,4,2015,0
2015-11-13,台北二,SE6 青蔥 粉蔥 ,98.9,61.3,36.6,63.9,-1.99,1942.0,-16.4,11,5,2015,0
2015-11-14,台北二,SE6 青蔥 粉蔥 ,98.6,56.1,31.4,59.7,-6.57,2779.0,43.1,11,6,2015,0
2015-11-15,台北二,SE6 青蔥 粉蔥 ,123.1,54.2,41.1,65.4,9.55,969.0,-65.13,11,7,2015,0
2015-11-16,台北二,SE6 青蔥 粉蔥 ,,,,,,,,11,1,2015,1
2015-11-17,台北二,SE6 青蔥 粉蔥 ,84.6,56.0,37.1,57.9,-11.47,1425.0,47.06,11,2,2015,0
2015-11-18,台北二,SE6 青蔥 粉蔥 ,90.3,51.5,35.8,56.1,-3.11,1448.0,1.61,11,3,2015,0
2015-11-19,台北二,SE6 青蔥 粉蔥 ,96.5,47.7,23.0,52.5,-6.42,2429.0,67.75,11,4,2015,0
2015-11-20,台北二,SE6 青蔥 粉蔥 ,107.8,57.9,33.0,62.9,19.81,1356.0,-44.17,11,5,2015,0
2015-11-21,台北二,SE6 青蔥 粉蔥 ,92.5,62.0,48.1,65.3,3.82,2309.0,70.28,11,6,2015,0
2015-11-22,台北二,SE6 青蔥 粉蔥 ,121.8,67.6,38.5,72.6,11.18,1850.0,-19.88,11,7,2015,0
2015-11-23,台北二,SE6 青蔥 粉蔥 ,,,,,,,,11,1,2015,1
2015-11-24,台北二,SE6 青蔥 粉蔥 ,107.5,72.8,51.6,75.5,3.99,1541.0,-16.7,11,2,2015,0
2015-11-25,台北二,SE6 青蔥 粉蔥 ,102.3,65.1,43.3,68.2,-9.67,1832.0,18.88,11,3,2015,0
2015-11-26,台北二,SE6 青蔥 粉蔥 ,78.5,58.9,38.3,58.7,-13.93,2436.0,32.97,11,4,2015,0
2015-11-27,台北二,SE6 青蔥 粉蔥 ,73.1,54.9,39.6,55.5,-5.45,2926.0,20.11,11,5,2015,0
2015-11-28,台北二,SE6 青蔥 粉蔥 ,115.5,69.1,48.9,74.4,34.05,1685.0,-42.41,11,6,2015,0
2015-11-29,台北二,SE6 青蔥 粉蔥 ,110.0,78.0,51.2,79.1,6.32,2211.0,31.22,11,7,2015,0
2015-11-30,台北二,SE6 青蔥 粉蔥 ,,,,,,,,11,1,2015,1
2015-12-01,台北二,SE6 青蔥 粉蔥 ,110.3,71.0,60.9,76.8,-2.91,2194.0,-0.77,12,2,2015,0
2015-12-02,台北二,SE6 青蔥 粉蔥 ,86.1,60.6,42.5,62.1,-19.14,2952.0,34.55,12,3,2015,0
2015-12-03,台北二,SE6 青蔥 粉蔥 ,80.0,50.8,31.2,52.7,-15.14,2360.0,-20.05,12,4,2015,0
2015-12-04,台北二,SE6 青蔥 粉蔥 ,83.4,56.2,38.0,58.0,10.06,1416.0,-40.0,12,5,2015,0
2015-12-05,台北二,SE6 青蔥 粉蔥 ,83.1,62.2,44.6,62.8,8.28,1076.0,-24.01,12,6,2015,0
2015-12-06,台北二,SE6 青蔥 粉蔥 ,96.7,63.7,50.3,67.6,7.64,1545.0,43.59,12,7,2015,0
2015-12-07,台北二,SE6 青蔥 粉蔥 ,,,,,,,,12,1,2015,1
2015-12-08,台北二,SE6 青蔥 粉蔥 ,82.7,62.7,54.1,65.0,-3.85,1544.0,-0.06,12,2,2015,0
2015-12-09,台北二,SE6 青蔥 粉蔥 ,96.7,74.0,48.0,73.3,12.77,1819.0,17.81,12,3,2015,0
2015-12-10,台北二,SE6 青蔥 粉蔥 ,92.9,78.1,58.4,77.1,5.18,2237.0,22.98,12,4,2015,0
2015-12-11,台北二,SE6 青蔥 粉蔥 ,81.9,68.3,45.0,66.4,-13.88,2480.0,10.86,12,5,2015,0
2015-12-12,台北二,SE6 青蔥 粉蔥 ,96.4,81.7,56.6,79.6,19.88,2200.0,-11.29,12,6,2015,0
2015-12-13,台北二,SE6 青蔥 粉蔥 ,102.8,92.1,63.7,88.6,11.31,1974.0,-10.27,12,7,2015,0
2015-12-14,台北二,SE6 青蔥 粉蔥 ,,,,,,,,12,1,2015,1
2015-12-15,台北二,SE6 青蔥 粉蔥 ,136.5,82.5,37.2,84.2,-4.97,2216.0,12.26,12,2,2015,0
2015-12-16,台北二,SE6 青蔥 粉蔥 ,90.0,74.7,44.3,71.7,-14.85,2672.0,20.58,12,3,2015,0
2015-12-17,台北二,SE6 青蔥 粉蔥 ,122.9,88.1,51.6,87.8,22.45,2106.0,-21.18,12,4,2015,0
2015-12-18,台北二,SE6 青蔥 粉蔥 ,100.1,84.9,53.3,81.6,-7.06,2023.0,-3.94,12,5,2015,0
2015-12-19,台北二,SE6 青蔥 粉蔥 ,103.2,95.3,58.8,89.6,9.8,2072.0,2.42,12,6,2015,0
2015-12-20,台北二,SE6 青蔥 粉蔥 ,108.1,96.3,77.2,94.8,5.8,2215.0,6.9,12,7,2015,0
2015-12-21,台北二,SE6 青蔥 粉蔥 ,,,,,,,,12,1,2015,1
2015-12-22,台北二,SE6 青蔥 粉蔥 ,110.2,96.5,57.2,91.4,-3.59,2892.0,30.56,12,2,2015,0
2015-12-23,台北二,SE6 青蔥 粉蔥 ,97.1,89.1,58.6,84.6,-7.44,2383.0,-17.6,12,3,2015,0
2015-12-24,台北二,SE6 青蔥 粉蔥 ,97.3,87.8,58.4,83.8,-0.95,2064.0,-13.39,12,4,2015,0
2015-12-25,台北二,SE6 青蔥 粉蔥 ,115.5,85.7,46.8,83.9,0.12,1896.0,-8.14,12,5,2015,0
2015-12-26,台北二,SE6 青蔥 粉蔥 ,112.0,97.6,46.4,90.2,7.51,2360.0,24.47,12,6,2015,0
2015-12-27,台北二,SE6 青蔥 粉蔥 ,102.1,92.1,64.5,88.6,-1.77,4252.0,80.17,12,7,2015,0
2015-12-28,台北二,SE6 青蔥 粉蔥 ,,,,,,,,12,1,2015,1
2015-12-29,台北二,SE6 青蔥 粉蔥 ,104.0,93.5,57.7,88.5,-0.11,3852.0,-9.41,12,2,2015,0
2015-12-30,台北二,SE6 青蔥 粉蔥 ,110.9,103.0,74.5,98.9,11.75,2662.0,-30.89,12,3,2015,0
2015-12-31,台北二,SE6 青蔥 粉蔥 ,108.4,100.2,67.2,95.3,-3.64,3544.0,33.13,12,4,2015,0
2016-01-01,台北二,SE6 青蔥 粉蔥 ,101.6,91.3,70.0,89.1,-6.51,4110.0,15.97,1,5,2016,0
2016-01-02,台北二,SE6 青蔥 粉蔥 ,123.6,116.3,109.4,116.4,30.64,2622.0,-36.2,1,6,2016,0
2016-01-03,台北二,SE6 青蔥 粉蔥 ,123.1,112.5,91.0,110.3,-5.24,4182.0,59.5,1,7,2016,0
2016-01-04,台北二,SE6 青蔥 粉蔥 ,,,,,,,,1,1,2016,1
2016-01-05,台北二,SE6 青蔥 粉蔥 ,124.3,116.0,92.2,112.9,2.36,3738.0,-10.62,1,2,2016,0
2016-01-06,台北二,SE6 青蔥 粉蔥 ,129.8,117.8,94.5,115.5,2.3,4143.0,10.83,1,3,2016,0
2016-01-07,台北二,SE6 青蔥 粉蔥 ,125.1,114.5,93.3,112.4,-2.68,4218.0,1.81,1,4,2016,0
2016-01-08,台北二,SE6 青蔥 粉蔥 ,111.0,102.2,71.5,97.8,-12.99,4808.0,13.99,1,5,2016,0
2016-01-09,台北二,SE6 青蔥 粉蔥 ,120.5,110.0,69.2,103.9,6.24,4573.0,-4.89,1,6,2016,0
2016-01-10,台北二,SE6 青蔥 粉蔥 ,130.6,118.7,93.1,116.0,11.65,5095.0,11.41,1,7,2016,0
2016-01-11,台北二,SE6 青蔥 粉蔥 ,,,,,,,,1,1,2016,1
2016-01-12,台北二,SE6 青蔥 粉蔥 ,146.5,128.4,85.5,123.4,6.38,4193.0,-17.7,1,2,2016,0
2016-01-13,台北二,SE6 青蔥 粉蔥 ,131.5,101.5,62.8,99.8,-19.12,6007.0,43.26,1,3,2016,0
2016-01-14,台北二,SE6 青蔥 粉蔥 ,121.4,103.6,63.7,99.2,-0.6,5186.0,-13.67,1,4,2016,0
2016-01-15,台北二,SE6 青蔥 粉蔥 ,122.3,95.1,68.2,95.1,-4.13,6053.0,16.72,1,5,2016,0
2016-01-16,台北二,SE6 青蔥 粉蔥 ,114.6,99.3,80.2,98.5,3.58,4892.0,-19.18,1,6,2016,0
2016-01-17,台北二,SE6 青蔥 粉蔥 ,120.4,104.2,78.9,102.4,3.96,4995.0,2.11,1,7,2016,0
2016-01-18,台北二,SE6 青蔥 粉蔥 ,,,,,,,,1,1,2016,1
2016-01-19,台北二,SE6 青蔥 粉蔥 ,127.2,104.7,77.1,103.7,1.27,5851.0,17.14,1,2,2016,0
2016-01-20,台北二,SE6 青蔥 粉蔥 ,113.3,91.7,70.5,91.8,-11.48,6210.0,6.14,1,3,2016,0
2016-01-21,台北二,SE6 青蔥 粉蔥 ,115.4,89.7,67.8,90.5,-1.42,5528.0,-10.98,1,4,2016,0
2016-01-22,台北二,SE6 青蔥 粉蔥 ,109.5,90.0,64.2,88.8,-1.88,5718.0,3.44,1,5,2016,0
2016-01-23,台北二,SE6 青蔥 粉蔥 ,108.4,88.7,64.6,87.8,-1.13,6218.0,8.74,1,6,2016,0
2016-01-24,台北二,SE6 青蔥 粉蔥 ,112.9,92.2,67.6,91.4,4.1,6254.0,0.58,1,7,2016,0
2016-01-25,台北二,SE6 青蔥 粉蔥 ,,,,,,,,1,1,2016,1
2016-01-26,台北二,SE6 青蔥 粉蔥 ,151.8,135.5,91.9,130.0,42.23,4880.0,-21.97,1,2,2016,0
2016-01-27,台北二,SE6 青蔥 粉蔥 ,150.7,132.6,109.8,131.7,1.31,4136.0,-15.25,1,3,2016,0
2016-01-28,台北二,SE6 青蔥 粉蔥 ,137.4,116.7,80.6,113.6,-13.74,5731.0,38.56,1,4,2016,0
2016-01-29,台北二,SE6 青蔥 粉蔥 ,122.9,97.4,65.8,96.2,-15.32,6295.0,9.84,1,5,2016,0
2016-01-30,台北二,SE6 青蔥 粉蔥 ,114.3,91.1,59.6,89.5,-6.96,5510.0,-12.47,1,6,2016,0
2016-01-31,台北二,SE6 青蔥 粉蔥 ,114.5,86.6,50.6,85.0,-5.03,6381.0,15.81,1,7,2016,0
2016-02-01,台北二,SE6 青蔥 粉蔥 ,122.7,91.4,55.8,90.5,6.47,3184.0,-50.1,2,1,2016,0
2016-02-02,台北二,SE6 青蔥 粉蔥 ,109.0,81.8,47.3,80.3,-11.27,6888.0,116.33,2,2,2016,0
2016-02-03,台北二,SE6 青蔥 粉蔥 ,116.2,96.2,56.8,92.4,15.07,6658.0,-3.34,2,3,2016,0
2016-02-04,台北二,SE6 青蔥 粉蔥 ,156.1,120.8,67.3,117.2,26.84,8430.0,26.61,2,4,2016,0
2016-02-05,台北二,SE6 青蔥 粉蔥 ,142.3,118.3,76.1,114.7,-2.13,10855.0,28.77,2,5,2016,0
2016-02-06,台北二,SE6 青蔥 粉蔥 ,136.6,101.2,65.4,101.1,-11.86,14371.0,32.39,2,6,2016,0
2016-02-07,台北二,SE6 青蔥 粉蔥 ,161.3,130.4,67.1,123.9,22.55,2615.0,-81.8,2,7,2016,0
2016-02-08,台北二,SE6 青蔥 粉蔥 ,,,,,,,,2,1,2016,1
2016-02-09,台北二,SE6 青蔥 粉蔥 ,,,,,,,,2,2,2016,1
2016-02-10,台北二,SE6 青蔥 粉蔥 ,,,,,,,,2,3,2016,1
2016-02-11,台北二,SE6 青蔥 粉蔥 ,,,,,,,,2,4,2016,1
2016-02-12,台北二,SE6 青蔥 粉蔥 ,,,,,,,,2,5,2016,1
2016-02-13,台北二,SE6 青蔥 粉蔥 ,187.2,146.7,100.3,145.5,17.43,4515.0,72.66,2,6,2016,0
2016-02-14,台北二,SE6 青蔥 粉蔥 ,225.2,198.5,152.9,194.7,33.81,5861.0,29.81,2,7,2016,0
2016-02-15,台北二,SE6 青蔥 粉蔥 ,,,,,,,,2,1,2016,1
2016-02-16,台北二,SE6 青蔥 粉蔥 ,,,,,,,,2,2,2016,1
2016-02-17,台北二,SE6 青蔥 粉蔥 ,120.7,100.5,71.9,98.8,-49.26,10297.0,75.69,2,3,2016,0
2016-02-18,台北二,SE6 青蔥 粉蔥 ,136.8,113.5,71.7,109.8,11.13,3985.0,-61.3,2,4,2016,0
2016-02-19,台北二,SE6 青蔥 粉蔥 ,144.6,110.5,59.0,107.1,-2.46,5200.0,30.49,2,5,2016,0
2016-02-20,台北二,SE6 青蔥 粉蔥 ,131.3,93.5,57.6,93.9,-12.32,8660.0,66.54,2,6,2016,0
2016-02-21,台北二,SE6 青蔥 粉蔥 ,108.6,84.4,58.6,84.1,-10.44,10104.0,16.67,2,7,2016,0
2016-02-22,台北二,SE6 青蔥 粉蔥 ,,,,,,,,2,1,2016,1
2016-02-23,台北二,SE6 青蔥 粉蔥 ,,,,,,,,2,2,2016,1
2016-02-24,台北二,SE6 青蔥 粉蔥 ,,,,,,,,2,3,2016,1
2016-02-25,台北二,SE6 青蔥 粉蔥 ,103.4,83.1,53.5,81.2,-3.45,7710.0,-23.69,2,4,2016,0
2016-02-26,台北二,SE6 青蔥 粉蔥 ,106.3,97.6,69.7,93.7,15.39,4606.0,-40.26,2,5,2016,0
2016-02-27,台北二,SE6 青蔥 粉蔥 ,110.2,95.9,68.0,93.2,-0.53,5599.0,21.56,2,6,2016,0
2016-02-28,台北二,SE6 青蔥 粉蔥 ,94.0,72.6,48.7,72.1,-22.64,8436.0,50.67,2,7,2016,0
2016-02-29,台北二,SE6 青蔥 粉蔥 ,,,,,,,,2,1,2016,1
2016-03-01,台北二,SE6 青蔥 粉蔥 ,120.2,100.8,66.6,97.9,35.78,5329.0,-36.83,3,2,2016,0
2016-03-02,台北二,SE6 青蔥 粉蔥 ,101.0,90.9,73.7,89.5,-8.58,5046.0,-5.31,3,3,2016,0
2016-03-03,台北二,SE6 青蔥 粉蔥 ,98.6,88.0,66.0,85.7,-4.25,4907.0,-2.75,3,4,2016,0
2016-03-04,台北二,SE6 青蔥 粉蔥 ,102.5,86.5,64.8,85.4,-0.35,5087.0,3.67,3,5,2016,0
2016-03-05,台北二,SE6 青蔥 粉蔥 ,115.9,91.6,62.9,90.7,6.21,5672.0,11.5,3,6,2016,0
2016-03-06,台北二,SE6 青蔥 粉蔥 ,95.4,85.9,65.5,83.7,-7.72,7018.0,23.73,3,7,2016,0
2016-03-07,台北二,SE6 青蔥 粉蔥 ,,,,,,,,3,1,2016,1
2016-03-08,台北二,SE6 青蔥 粉蔥 ,103.7,94.1,67.5,90.7,8.36,6520.0,-7.1,3,2,2016,0
2016-03-09,台北二,SE6 青蔥 粉蔥 ,85.4,72.1,51.3,70.6,-22.16,8292.0,27.18,3,3,2016,0
2016-03-10,台北二,SE6 青蔥 粉蔥 ,72.7,55.1,36.2,54.8,-22.38,7793.0,-6.02,3,4,2016,0
2016-03-11,台北二,SE6 青蔥 粉蔥 ,71.1,57.8,38.1,56.5,3.1,5402.0,-30.68,3,5,2016,0
2016-03-12,台北二,SE6 青蔥 粉蔥 ,103.8,89.2,68.8,88.0,55.75,4424.0,-18.1,3,6,2016,0
2016-03-13,台北二,SE6 青蔥 粉蔥 ,98.8,83.0,61.0,81.7,-7.16,7205.0,62.86,3,7,2016,0
2016-03-14,台北二,SE6 青蔥 粉蔥 ,,,,,,,,3,1,2016,1
2016-03-15,台北二,SE6 青蔥 粉蔥 ,97.9,80.6,51.8,78.3,-4.16,8608.0,19.47,3,2,2016,0
2016-03-16,台北二,SE6 青蔥 粉蔥 ,87.6,66.7,40.5,65.6,-16.22,9504.0,10.41,3,3,2016,0
2016-03-17,台北二,SE6 青蔥 粉蔥 ,64.2,47.5,27.9,46.9,-28.51,9861.0,3.76,3,4,2016,0
2016-03-18,台北二,SE6 青蔥 粉蔥 ,84.0,65.8,41.3,64.6,37.74,5766.0,-41.53,3,5,2016,0
2016-03-19,台北二,SE6 青蔥 粉蔥 ,72.6,50.3,32.9,51.3,-20.59,9787.0,69.74,3,6,2016,0
2016-03-20,台北二,SE6 青蔥 粉蔥 ,59.9,40.6,22.1,40.8,-20.47,10825.0,10.61,3,7,2016,0
2016-03-21,台北二,SE6 青蔥 粉蔥 ,,,,,,,,3,1,2016,1
2016-03-22,台北二,SE6 青蔥 粉蔥 ,66.6,45.7,28.9,46.5,13.97,8814.0,-18.58,3,2,2016,0
2016-03-23,台北二,SE6 青蔥 粉蔥 ,71.1,48.3,33.6,49.9,7.31,7025.0,-20.3,3,3,2016,0
2016-03-24,台北二,SE6 青蔥 粉蔥 ,76.2,47.3,30.7,49.8,-0.2,6273.0,-10.7,3,4,2016,0
2016-03-25,台北二,SE6 青蔥 粉蔥 ,86.7,64.6,44.2,64.9,30.32,5477.0,-12.69,3,5,2016,0
2016-03-26,台北二,SE6 青蔥 粉蔥 ,107.4,74.0,55.3,76.9,18.49,6168.0,12.62,3,6,2016,0
2016-03-27,台北二,SE6 青蔥 粉蔥 ,105.2,68.6,45.9,71.3,-7.28,9287.0,50.57,3,7,2016,0
2016-03-28,台北二,SE6 青蔥 粉蔥 ,,,,,,,,3,1,2016,1
2016-03-29,台北二,SE6 青蔥 粉蔥 ,72.5,53.2,41.8,54.8,-23.14,12663.0,36.35,3,2,2016,0
2016-03-30,台北二,SE6 青蔥 粉蔥 ,80.1,59.0,42.5,59.9,9.31,7054.0,-44.29,3,3,2016,0
2016-03-31,台北二,SE6 青蔥 粉蔥 ,78.1,62.4,43.5,61.7,3.01,6792.0,-3.71,3,4,2016,0
2016-04-01,台北二,SE6 青蔥 粉蔥 ,78.7,53.8,37.6,55.5,-10.05,9978.0,46.91,4,5,2016,0
2016-04-02,台北二,SE6 青蔥 粉蔥 ,64.9,45.1,31.5,46.3,-16.58,11293.0,13.18,4,6,2016,0
2016-04-03,台北二,SE6 青蔥 粉蔥 ,71.3,47.7,29.2,48.7,5.18,10937.0,-3.15,4,7,2016,0
2016-04-04,台北二,SE6 青蔥 粉蔥 ,,,,,,,,4,1,2016,1
2016-04-05,台北二,SE6 青蔥 粉蔥 ,,,,,,,,4,2,2016,1
2016-04-06,台北二,SE6 青蔥 粉蔥 ,84.7,53.6,36.0,56.3,15.61,8555.0,-21.78,4,3,2016,0
2016-04-07,台北二,SE6 青蔥 粉蔥 ,67.2,43.8,26.7,45.0,-20.07,10065.0,17.65,4,4,2016,0
2016-04-08,台北二,SE6 青蔥 粉蔥 ,45.4,30.5,18.4,31.1,-30.89,11651.0,15.76,4,5,2016,0
2016-04-09,台北二,SE6 青蔥 粉蔥 ,51.6,30.4,17.1,32.0,2.89,10735.0,-7.86,4,6,2016,0
2016-04-10,台北二,SE6 青蔥 粉蔥 ,52.6,32.9,17.1,33.6,5.0,9981.0,-7.02,4,7,2016,0
2016-04-11,台北二,SE6 青蔥 粉蔥 ,,,,,,,,4,1,2016,1
2016-04-12,台北二,SE6 青蔥 粉蔥 ,62.3,36.9,19.6,38.5,14.58,9811.0,-1.7,4,2,2016,0
2016-04-13,台北二,SE6 青蔥 粉蔥 ,51.4,32.9,15.9,33.2,-13.77,9580.0,-2.35,4,3,2016,0
2016-04-14,台北二,SE6 青蔥 粉蔥 ,40.2,22.5,9.4,23.4,-29.52,10600.0,10.65,4,4,2016,0
2016-04-15,台北二,SE6 青蔥 粉蔥 ,35.3,22.4,9.0,22.3,-4.7,9999.0,-5.67,4,5,2016,0
2016-04-16,台北二,SE6 青蔥 粉蔥 ,47.5,35.5,18.8,34.5,54.71,8057.0,-19.42,4,6,2016,0
2016-04-17,台北二,SE6 青蔥 粉蔥 ,42.2,32.7,18.5,31.7,-8.12,9707.0,20.48,4,7,2016,0
2016-04-18,台北二,SE6 青蔥 粉蔥 ,,,,,,,,4,1,2016,1
2016-04-19,台北二,SE6 青蔥 粉蔥 ,63.6,49.3,30.6,48.4,52.68,7124.0,-26.61,4,2,2016,0
2016-04-20,台北二,SE6 青蔥 粉蔥 ,47.8,38.5,28.3,38.3,-20.87,9990.0,40.23,4,3,2016,0
2016-04-21,台北二,SE6 青蔥 粉蔥 ,44.1,33.1,22.8,33.2,-13.32,10473.0,4.83,4,4,2016,0
2016-04-22,台北二,SE6 青蔥 粉蔥 ,44.5,30.7,18.8,31.1,-6.33,9088.0,-13.22,4,5,2016,0
2016-04-23,台北二,SE6 青蔥 粉蔥 ,41.7,29.4,15.7,29.1,-6.43,10100.0,11.14,4,6,2016,0
2016-04-24,台北二,SE6 青蔥 粉蔥 ,41.2,31.0,19.2,30.7,5.5,10544.0,4.4,4,7,2016,0
2016-04-25,台北二,SE6 青蔥 粉蔥 ,,,,,,,,4,1,2016,1
2016-04-26,台北二,SE6 青蔥 粉蔥 ,42.2,30.7,18.7,30.6,-0.33,10773.0,2.17,4,2,2016,0
2016-04-27,台北二,SE6 青蔥 粉蔥 ,41.3,24.2,14.2,25.6,-16.34,10003.0,-7.15,4,3,2016,0
2016-04-28,台北二,SE6 青蔥 粉蔥 ,41.3,27.4,15.5,27.8,8.59,8252.0,-17.5,4,4,2016,0
2016-04-29,台北二,SE6 青蔥 粉蔥 ,43.6,25.5,14.6,26.9,-3.24,10039.0,21.66,4,5,2016,0
2016-04-30,台北二,SE6 青蔥 粉蔥 ,40.5,26.5,19.0,27.8,3.35,10657.0,6.16,4,6,2016,0
2016-05-01,台北二,SE6 青蔥 粉蔥 ,42.9,28.2,19.8,29.4,5.76,11213.0,5.22,5,7,2016,0
2016-05-02,台北二,SE6 青蔥 粉蔥 ,,,,,,,,5,1,2016,1
2016-05-03,台北二,SE6 青蔥 粉蔥 ,40.7,29.5,15.6,28.9,-1.7,10885.0,-2.93,5,2,2016,0
2016-05-04,台北二,SE6 青蔥 粉蔥 ,37.4,25.4,16.1,25.9,-10.38,10791.0,-0.86,5,3,2016,0
2016-05-05,台北二,SE6 青蔥 粉蔥 ,40.9,27.0,16.1,27.6,6.56,9706.0,-10.05,5,4,2016,0
2016-05-06,台北二,SE6 青蔥 粉蔥 ,34.8,23.1,13.6,23.5,-14.86,11114.0,14.51,5,5,2016,0
2016-05-07,台北二,SE6 青蔥 粉蔥 ,35.6,26.5,14.0,25.8,9.79,9605.0,-13.58,5,6,2016,0
2016-05-08,台北二,SE6 青蔥 粉蔥 ,43.4,28.8,15.0,29.0,12.4,10285.0,7.08,5,7,2016,0
2016-05-09,台北二,SE6 青蔥 粉蔥 ,,,,,,,,5,1,2016,1
2016-05-10,台北二,SE6 青蔥 粉蔥 ,43.5,33.5,14.1,31.6,8.97,8859.0,-13.86,5,2,2016,0
2016-05-11,台北二,SE6 青蔥 粉蔥 ,37.1,26.0,13.6,25.7,-18.67,8619.0,-2.71,5,3,2016,0
2016-05-12,台北二,SE6 青蔥 粉蔥 ,34.2,25.9,16.5,25.6,-0.39,9290.0,7.79,5,4,2016,0
2016-05-13,台北二,SE6 青蔥 粉蔥 ,33.6,22.3,10.9,22.3,-12.89,10567.0,13.75,5,5,2016,0
2016-05-14,台北二,SE6 青蔥 粉蔥 ,32.8,22.6,13.2,22.8,2.24,10202.0,-3.45,5,6,2016,0
2016-05-15,台北二,SE6 青蔥 粉蔥 ,39.6,24.0,14.1,25.1,10.09,9533.0,-6.56,5,7,2016,0
2016-05-16,台北二,SE6 青蔥 粉蔥 ,,,,,,,,5,1,2016,1
2016-05-17,台北二,SE6 青蔥 粉蔥 ,42.0,26.2,14.7,27.1,7.97,10473.0,9.86,5,2,2016,0
2016-05-18,台北二,SE6 青蔥 粉蔥 ,33.1,22.3,14.7,22.9,-15.5,11301.0,7.91,5,3,2016,0
2016-05-19,台北二,SE6 青蔥 粉蔥 ,30.6,21.7,13.9,21.9,-4.37,10743.0,-4.94,5,4,2016,0
2016-05-20,台北二,SE6 青蔥 粉蔥 ,31.9,19.9,11.5,20.6,-5.94,10906.0,1.52,5,5,2016,0
2016-05-21,台北二,SE6 青蔥 粉蔥 ,30.8,21.8,11.5,21.5,4.37,10334.0,-5.24,5,6,2016,0
2016-05-22,台北二,SE6 青蔥 粉蔥 ,35.0,24.2,13.5,24.2,12.56,8810.0,-14.75,5,7,2016,0
2016-05-23,台北二,SE6 青蔥 粉蔥 ,,,,,,,,5,1,2016,1
2016-05-24,台北二,SE6 青蔥 粉蔥 ,31.1,21.7,12.5,21.7,-10.33,11030.0,25.2,5,2,2016,0
2016-05-25,台北二,SE6 青蔥 粉蔥 ,28.9,20.7,11.2,20.4,-5.99,9305.0,-15.64,5,3,2016,0
2016-05-26,台北二,SE6 青蔥 粉蔥 ,27.8,19.7,12.0,19.8,-2.94,8958.0,-3.73,5,4,2016,0
2016-05-27,台北二,SE6 青蔥 粉蔥 ,32.7,21.3,12.6,21.9,10.61,9323.0,4.07,5,5,2016,0
2016-05-28,台北二,SE6 青蔥 粉蔥 ,30.4,21.3,13.3,21.5,-1.83,10132.0,8.68,5,6,2016,0
2016-05-29,台北二,SE6 青蔥 粉蔥 ,30.3,21.0,13.4,21.3,-0.93,9781.0,-3.46,5,7,2016,0
2016-05-30,台北二,SE6 青蔥 粉蔥 ,,,,,,,,5,1,2016,1
2016-05-31,台北二,SE6 青蔥 粉蔥 ,28.7,21.6,15.8,21.9,2.82,9822.0,0.42,5,2,2016,0
2016-06-01,台北二,SE6 青蔥 粉蔥 ,30.6,22.7,12.7,22.3,1.83,7297.0,-25.71,6,3,2016,0
2016-06-02,台北二,SE6 青蔥 粉蔥 ,26.2,19.8,11.2,19.4,-13.0,9232.0,26.52,6,4,2016,0
2016-06-03,台北二,SE6 青蔥 粉蔥 ,25.8,18.6,11.2,18.6,-4.12,8221.0,-10.95,6,5,2016,0
2016-06-04,台北二,SE6 青蔥 粉蔥 ,29.0,19.3,12.5,19.9,6.99,9220.0,12.15,6,6,2016,0
2016-06-05,台北二,SE6 青蔥 粉蔥 ,29.1,21.4,13.2,21.3,7.04,7824.0,-15.14,6,7,2016,0
2016-06-06,台北二,SE6 青蔥 粉蔥 ,,,,,,,,6,1,2016,1
2016-06-07,台北二,SE6 青蔥 粉蔥 ,35.3,26.0,19.1,26.5,24.41,7779.0,-0.58,6,2,2016,0
2016-06-08,台北二,SE6 青蔥 粉蔥 ,32.5,24.4,15.8,24.3,-8.3,10199.0,31.11,6,3,2016,0
2016-06-09,台北二,SE6 青蔥 粉蔥 ,38.6,28.3,18.2,28.4,16.87,10766.0,5.56,6,4,2016,0
2016-06-10,台北二,SE6 青蔥 粉蔥 ,,,,,,,,6,5,2016,1
2016-06-11,台北二,SE6 青蔥 粉蔥 ,,,,,,,,6,6,2016,1
2016-06-12,台北二,SE6 青蔥 粉蔥 ,40.0,29.5,18.0,29.3,3.17,9002.0,-16.38,6,7,2016,0
2016-06-13,台北二,SE6 青蔥 粉蔥 ,,,,,,,,6,1,2016,1
2016-06-14,台北二,SE6 青蔥 粉蔥 ,37.7,26.4,19.0,27.2,-7.17,10098.0,12.18,6,2,2016,0
2016-06-15,台北二,SE6 青蔥 粉蔥 ,29.7,20.8,14.8,21.4,-21.32,9444.0,-6.48,6,3,2016,0
2016-06-16,台北二,SE6 青蔥 粉蔥 ,24.3,18.0,13.4,18.4,-14.02,9706.0,2.77,6,4,2016,0
2016-06-17,台北二,SE6 青蔥 粉蔥 ,32.1,18.7,12.0,20.1,9.24,7521.0,-22.51,6,5,2016,0
2016-06-18,台北二,SE6 青蔥 粉蔥 ,31.5,19.0,11.0,19.9,-1.0,8924.0,18.65,6,6,2016,0
2016-06-19,台北二,SE6 青蔥 粉蔥 ,43.1,27.1,15.1,27.9,40.2,8353.0,-6.4,6,7,2016,0
2016-06-20,台北二,SE6 青蔥 粉蔥 ,,,,,,,,6,1,2016,1
2016-06-21,台北二,SE6 青蔥 粉蔥 ,38.4,29.0,18.8,28.9,3.58,8686.0,3.99,6,2,2016,0
2016-06-22,台北二,SE6 青蔥 粉蔥 ,34.5,23.6,16.1,24.2,-16.26,9021.0,3.86,6,3,2016,0
2016-06-23,台北二,SE6 青蔥 粉蔥 ,25.6,18.3,11.1,18.3,-24.38,8910.0,-1.23,6,4,2016,0
2016-06-24,台北二,SE6 青蔥 粉蔥 ,32.9,23.7,13.1,23.5,28.42,5810.0,-34.79,6,5,2016,0
2016-06-25,台北二,SE6 青蔥 粉蔥 ,30.3,21.0,13.2,21.3,-9.36,8493.0,46.18,6,6,2016,0
2016-06-26,台北二,SE6 青蔥 粉蔥 ,36.2,22.6,13.0,23.4,9.86,7894.0,-7.05,6,7,2016,0
2016-06-27,台北二,SE6 青蔥 粉蔥 ,,,,,,,,6,1,2016,1
2016-06-28,台北二,SE6 青蔥 粉蔥 ,27.0,20.1,12.8,20.0,-14.53,9953.0,26.08,6,2,2016,0
2016-06-29,台北二,SE6 青蔥 粉蔥 ,27.7,21.0,13.7,20.9,4.5,7125.0,-28.41,6,3,2016,0
2016-06-30,台北二,SE6 青蔥 粉蔥 ,24.6,16.6,10.9,17.1,-18.18,8989.0,26.16,6,4,2016,0
2016-07-01,台北二,SE6 青蔥 粉蔥 ,26.7,18.9,13.5,19.4,13.45,7044.0,-21.64,7,5,2016,0
2016-07-02,台北二,SE6 青蔥 粉蔥 ,29.5,23.5,17.1,23.4,20.62,6021.0,-14.52,7,6,2016,0
2016-07-03,台北二,SE6 青蔥 粉蔥 ,30.7,22.9,16.3,23.1,-1.28,7994.0,32.77,7,7,2016,0
2016-07-04,台北二,SE6 青蔥 粉蔥 ,,,,,,,,7,1,2016,1
2016-07-05,台北二,SE6 青蔥 粉蔥 ,39.8,32.3,23.4,32.0,38.53,6855.0,-14.25,7,2,2016,0
2016-07-06,台北二,SE6 青蔥 粉蔥 ,58.8,48.1,35.8,47.8,49.37,8580.0,25.16,7,3,2016,0
2016-07-07,台北二,SE6 青蔥 粉蔥 ,70.0,56.4,35.8,55.0,15.06,11354.0,32.33,7,4,2016,0
2016-07-08,台北二,SE6 青蔥 粉蔥 ,50.0,35.7,23.1,36.0,-34.55,8987.0,-20.85,7,5,2016,0
2016-07-09,台北二,SE6 青蔥 粉蔥 ,58.5,38.2,29.6,40.5,12.5,6286.0,-30.05,7,6,2016,0
2016-07-10,台北二,SE6 青蔥 粉蔥 ,20.3,16.7,10.0,16.1,-60.25,11238.0,78.78,7,7,2016,0
2016-07-11,台北二,SE6 青蔥 粉蔥 ,,,,,,,,7,1,2016,1
2016-07-12,台北二,SE6 青蔥 粉蔥 ,27.2,19.9,12.6,19.9,23.6,5993.0,-46.67,7,2,2016,0
2016-07-13,台北二,SE6 青蔥 粉蔥 ,22.0,14.7,9.2,15.1,-24.12,7640.0,27.48,7,3,2016,0
2016-07-14,台北二,SE6 青蔥 粉蔥 ,29.5,22.1,13.4,21.8,44.37,4297.0,-43.76,7,4,2016,0
2016-07-15,台北二,SE6 青蔥 粉蔥 ,28.8,22.1,16.2,22.3,2.29,6188.0,44.01,7,5,2016,0
2016-07-16,台北二,SE6 青蔥 粉蔥 ,32.4,22.1,15.5,22.9,2.69,7108.0,14.87,7,6,2016,0
2016-07-17,台北二,SE6 青蔥 粉蔥 ,38.0,31.6,23.8,31.3,36.68,5252.0,-26.11,7,7,2016,0
2016-07-18,台北二,SE6 青蔥 粉蔥 ,,,,,,,,7,1,2016,1
2016-07-19,台北二,SE6 青蔥 粉蔥 ,38.6,32.4,25.8,32.3,3.19,6835.0,30.14,7,2,2016,0
2016-07-20,台北二,SE6 青蔥 粉蔥 ,39.5,32.0,24.6,32.0,-0.93,6337.0,-7.29,7,3,2016,0
2016-07-21,台北二,SE6 青蔥 粉蔥 ,30.9,23.9,18.6,24.2,-24.38,8229.0,29.86,7,4,2016,0
2016-07-22,台北二,SE6 青蔥 粉蔥 ,33.7,27.9,21.3,27.7,14.46,5755.0,-30.06,7,5,2016,0
2016-07-23,台北二,SE6 青蔥 粉蔥 ,31.1,24.7,18.5,24.8,-10.47,7836.0,36.16,7,6,2016,0
2016-07-24,台北二,SE6 青蔥 粉蔥 ,27.1,22.4,16.2,22.1,-10.89,8545.0,9.05,7,7,2016,0
2016-07-25,台北二,SE6 青蔥 粉蔥 ,,,,,,,,7,1,2016,1
2016-07-26,台北二,SE6 青蔥 粉蔥 ,34.5,26.6,15.9,26.0,17.65,7155.0,-16.27,7,2,2016,0
2016-07-27,台北二,SE6 青蔥 粉蔥 ,31.5,22.9,17.1,23.5,-9.62,7003.0,-2.12,7,3,2016,0
2016-07-28,台北二,SE6 青蔥 粉蔥 ,28.7,20.9,12.9,20.9,-11.06,7103.0,1.43,7,4,2016,0
2016-07-29,台北二,SE6 青蔥 粉蔥 ,27.4,21.9,15.8,21.8,4.31,6205.0,-12.64,7,5,2016,0
2016-07-30,台北二,SE6 青蔥 粉蔥 ,35.3,27.5,19.6,27.4,25.69,5080.0,-18.13,7,6,2016,0
2016-07-31,台北二,SE6 青蔥 粉蔥 ,30.7,24.6,17.2,24.4,-10.95,6289.0,23.8,7,7,2016,0
2016-08-01,台北二,SE6 青蔥 粉蔥 ,,,,,,,,8,1,2016,1
2016-08-02,台北二,SE6 青蔥 粉蔥 ,37.4,27.7,17.2,27.5,12.7,5932.0,-5.68,8,2,2016,0
2016-08-03,台北二,SE6 青蔥 粉蔥 ,35.2,27.4,13.0,26.1,-5.09,5665.0,-4.5,8,3,2016,0
2016-08-04,台北二,SE6 青蔥 粉蔥 ,31.3,26.7,17.5,25.8,-1.15,5633.0,-0.56,8,4,2016,0
2016-08-05,台北二,SE6 青蔥 粉蔥 ,33.7,26.2,20.3,26.5,2.71,5302.0,-5.88,8,5,2016,0
2016-08-06,台北二,SE6 青蔥 粉蔥 ,34.5,27.5,19.8,27.4,3.4,5875.0,10.81,8,6,2016,0
2016-08-07,台北二,SE6 青蔥 粉蔥 ,33.7,27.0,20.7,27.1,-1.09,6731.0,14.57,8,7,2016,0
2016-08-08,台北二,SE6 青蔥 粉蔥 ,,,,,,,,8,1,2016,1
2016-08-09,台北二,SE6 青蔥 粉蔥 ,35.7,28.5,20.1,28.3,4.43,6513.0,-3.24,8,2,2016,0
2016-08-10,台北二,SE6 青蔥 粉蔥 ,38.9,30.5,19.8,30.0,6.01,5693.0,-12.59,8,3,2016,0
2016-08-11,台北二,SE6 青蔥 粉蔥 ,37.0,29.1,18.0,28.5,-5.0,5392.0,-5.29,8,4,2016,0
2016-08-12,台北二,SE6 青蔥 粉蔥 ,35.5,30.7,21.0,29.7,4.21,5369.0,-0.43,8,5,2016,0
2016-08-13,台北二,SE6 青蔥 粉蔥 ,41.0,31.7,23.6,31.9,7.41,5411.0,0.78,8,6,2016,0
2016-08-14,台北二,SE6 青蔥 粉蔥 ,43.3,36.4,23.7,35.2,10.34,5302.0,-2.01,8,7,2016,0
2016-08-15,台北二,SE6 青蔥 粉蔥 ,,,,,,,,8,1,2016,1
2016-08-16,台北二,SE6 青蔥 粉蔥 ,50.5,41.5,28.4,40.7,15.62,7885.0,48.72,8,2,2016,0
2016-08-17,台北二,SE6 青蔥 粉蔥 ,62.5,47.6,30.9,47.2,15.97,7842.0,-0.55,8,3,2016,0
2016-08-18,台北二,SE6 青蔥 粉蔥 ,,,,,,,,8,4,2016,1
2016-08-19,台北二,SE6 青蔥 粉蔥 ,,,,,,,,8,5,2016,1
2016-08-20,台北二,SE6 青蔥 粉蔥 ,51.2,40.4,19.7,38.4,-18.64,6320.0,-19.41,8,6,2016,0
2016-08-21,台北二,SE6 青蔥 粉蔥 ,64.8,50.6,36.8,50.7,32.03,3944.0,-37.59,8,7,2016,0
2016-08-22,台北二,SE6 青蔥 粉蔥 ,,,,,,,,8,1,2016,1
2016-08-23,台北二,SE6 青蔥 粉蔥 ,58.1,42.5,27.5,42.7,-15.78,6396.0,62.17,8,2,2016,0
2016-08-24,台北二,SE6 青蔥 粉蔥 ,57.2,37.4,21.6,38.2,-10.54,5516.0,-13.76,8,3,2016,0
2016-08-25,台北二,SE6 青蔥 粉蔥 ,54.8,42.3,19.9,40.3,5.5,4584.0,-16.9,8,4,2016,0
2016-08-26,台北二,SE6 青蔥 粉蔥 ,53.0,36.8,17.1,36.1,-10.42,5356.0,16.84,8,5,2016,0
2016-08-27,台北二,SE6 青蔥 粉蔥 ,56.1,43.1,26.8,42.4,17.45,4116.0,-23.15,8,6,2016,0
2016-08-28,台北二,SE6 青蔥 粉蔥 ,57.5,44.8,26.9,43.8,3.3,4631.0,12.51,8,7,2016,0
2016-08-29,台北二,SE6 青蔥 粉蔥 ,,,,,,,,8,1,2016,1
2016-08-30,台北二,SE6 青蔥 粉蔥 ,59.8,43.2,21.7,42.2,-3.65,5230.0,12.93,8,2,2016,0
2016-08-31,台北二,SE6 青蔥 粉蔥 ,56.1,51.6,43.0,50.8,20.38,2703.0,-48.32,8,3,2016,0
2016-09-01,台北二,SE6 青蔥 粉蔥 ,66.3,56.7,37.6,54.8,7.87,2684.0,-0.7,9,4,2016,0
2016-09-02,台北二,SE6 青蔥 粉蔥 ,62.9,49.1,36.7,49.4,-9.85,3431.0,27.83,9,5,2016,0
2016-09-03,台北二,SE6 青蔥 粉蔥 ,62.5,48.8,29.3,47.6,-3.64,4050.0,18.04,9,6,2016,0
2016-09-04,台北二,SE6 青蔥 粉蔥 ,57.8,53.9,39.6,51.8,8.82,2858.0,-29.43,9,7,2016,0
2016-09-05,台北二,SE6 青蔥 粉蔥 ,,,,,,,,9,1,2016,1
2016-09-06,台北二,SE6 青蔥 粉蔥 ,68.3,60.2,43.8,58.5,12.93,3423.0,19.77,9,2,2016,0
2016-09-07,台北二,SE6 青蔥 粉蔥 ,62.8,56.9,36.5,54.0,-7.69,3950.0,15.4,9,3,2016,0
2016-09-08,台北二,SE6 青蔥 粉蔥 ,59.6,50.3,39.5,50.0,-7.41,3901.0,-1.24,9,4,2016,0
2016-09-09,台北二,SE6 青蔥 粉蔥 ,57.3,48.6,36.3,47.9,-4.2,4000.0,2.54,9,5,2016,0
2016-09-10,台北二,SE6 青蔥 粉蔥 ,54.5,43.6,31.0,43.3,-9.6,3937.0,-1.58,9,6,2016,0
2016-09-11,台北二,SE6 青蔥 粉蔥 ,64.6,49.7,23.2,47.4,9.47,3958.0,0.53,9,7,2016,0
2016-09-12,台北二,SE6 青蔥 粉蔥 ,,,,,,,,9,1,2016,1
2016-09-13,台北二,SE6 青蔥 粉蔥 ,83.6,71.0,43.2,68.0,43.46,4283.0,8.21,9,2,2016,0
2016-09-14,台北二,SE6 青蔥 粉蔥 ,60.1,54.9,40.7,53.1,-21.91,5451.0,27.27,9,3,2016,0
2016-09-15,台北二,SE6 青蔥 粉蔥 ,65.4,57.5,41.9,55.9,5.27,4132.0,-24.2,9,4,2016,0
2016-09-16,台北二,SE6 青蔥 粉蔥 ,,,,,,,,9,5,2016,1
2016-09-17,台北二,SE6 青蔥 粉蔥 ,,,,,,,,9,6,2016,1
2016-09-18,台北二,SE6 青蔥 粉蔥 ,136.6,96.7,51.1,95.5,70.84,3140.0,-24.01,9,7,2016,0
2016-09-19,台北二,SE6 青蔥 粉蔥 ,,,,,,,,9,1,2016,1
2016-09-20,台北二,SE6 青蔥 粉蔥 ,61.0,53.5,35.6,51.4,-46.18,3422.0,8.98,9,2,2016,0
2016-09-21,台北二,SE6 青蔥 粉蔥 ,62.6,57.9,43.0,55.9,8.75,2857.0,-16.51,9,3,2016,0
2016-09-22,台北二,SE6 青蔥 粉蔥 ,66.0,59.7,41.3,57.3,2.5,2860.0,0.11,9,4,2016,0
2016-09-23,台北二,SE6 青蔥 粉蔥 ,72.1,64.4,47.4,62.6,9.25,2840.0,-0.7,9,5,2016,0
2016-09-24,台北二,SE6 青蔥 粉蔥 ,85.4,78.2,62.1,76.4,22.04,2904.0,2.25,9,6,2016,0
2016-09-25,台北二,SE6 青蔥 粉蔥 ,82.0,73.2,53.0,70.9,-7.2,4209.0,44.94,9,7,2016,0
2016-09-26,台北二,SE6 青蔥 粉蔥 ,,,,,,,,9,1,2016,1
2016-09-27,台北二,SE6 青蔥 粉蔥 ,106.1,89.1,68.4,88.3,24.54,4284.0,1.78,9,2,2016,0
2016-09-28,台北二,SE6 青蔥 粉蔥 ,73.9,59.3,42.6,58.9,-33.3,2757.0,-35.64,9,3,2016,0
2016-09-29,台北二,SE6 青蔥 粉蔥 ,172.1,94.4,46.0,100.3,70.29,1630.0,-40.88,9,4,2016,0
2016-09-30,台北二,SE6 青蔥 粉蔥 ,183.2,153.5,50.5,138.8,38.38,1324.0,-18.77,9,5,2016,0
2016-10-01,台北二,SE6 青蔥 粉蔥 ,225.2,162.9,29.8,148.7,7.13,2170.0,63.9,10,6,2016,0
2016-10-02,台北二,SE6 青蔥 粉蔥 ,261.0,212.4,110.2,201.7,35.64,2256.0,3.96,10,7,2016,0
2016-10-03,台北二,SE6 青蔥 粉蔥 ,,,,,,,,10,1,2016,1
2016-10-04,台北二,SE6 青蔥 粉蔥 ,262.9,190.8,117.2,190.5,-5.55,3343.0,48.18,10,2,2016,0
2016-10-05,台北二,SE6 青蔥 粉蔥 ,244.0,194.8,140.7,193.8,1.73,2865.0,-14.3,10,3,2016,0
2016-10-06,台北二,SE6 青蔥 粉蔥 ,272.5,215.6,126.9,209.2,7.95,2964.0,3.46,10,4,2016,0
2016-10-07,台北二,SE6 青蔥 粉蔥 ,257.9,202.3,130.1,199.0,-4.88,3922.0,32.32,10,5,2016,0
2016-10-08,台北二,SE6 青蔥 粉蔥 ,190.2,128.8,86.4,132.6,-33.37,6448.0,64.41,10,6,2016,0
2016-10-09,台北二,SE6 青蔥 粉蔥 ,188.8,118.0,69.9,122.5,-7.62,5513.0,-14.5,10,7,2016,0
2016-10-10,台北二,SE6 青蔥 粉蔥 ,,,,,,,,10,1,2016,1
2016-10-11,台北二,SE6 青蔥 粉蔥 ,174.1,133.0,70.6,128.7,5.06,5208.0,-5.53,10,2,2016,0
2016-10-12,台北二,SE6 青蔥 粉蔥 ,126.2,101.0,56.2,97.1,-24.55,5208.0,0.0,10,3,2016,0
2016-10-13,台北二,SE6 青蔥 粉蔥 ,129.1,102.2,43.6,95.9,-1.24,4161.0,-20.1,10,4,2016,0
2016-10-14,台北二,SE6 青蔥 粉蔥 ,141.3,114.2,68.3,110.4,15.12,4399.0,5.72,10,5,2016,0
2016-10-15,台北二,SE6 青蔥 粉蔥 ,133.6,112.5,58.2,105.9,-4.08,5005.0,13.78,10,6,2016,0
2016-10-16,台北二,SE6 青蔥 粉蔥 ,141.5,123.3,68.2,115.9,9.44,4640.0,-7.29,10,7,2016,0
2016-10-17,台北二,SE6 青蔥 粉蔥 ,,,,,,,,10,1,2016,1
2016-10-18,台北二,SE6 青蔥 粉蔥 ,128.8,98.0,57.3,96.0,-17.17,6519.0,40.5,10,2,2016,0
2016-10-19,台北二,SE6 青蔥 粉蔥 ,143.0,103.2,51.1,100.7,4.9,5323.0,-18.35,10,3,2016,0
2016-10-20,台北二,SE6 青蔥 粉蔥 ,138.8,109.2,49.4,103.2,2.48,5079.0,-4.58,10,4,2016,0
2016-10-21,台北二,SE6 青蔥 粉蔥 ,135.4,107.3,55.0,102.5,-0.68,5235.0,3.07,10,5,2016,0
2016-10-22,台北二,SE6 青蔥 粉蔥 ,109.0,79.6,49.9,79.5,-22.44,7325.0,39.92,10,6,2016,0
2016-10-23,台北二,SE6 青蔥 粉蔥 ,98.2,74.6,47.5,73.9,-7.04,6877.0,-6.12,10,7,2016,0
2016-10-24,台北二,SE6 青蔥 粉蔥 ,,,,,,,,10,1,2016,1
2016-10-25,台北二,SE6 青蔥 粉蔥 ,130.1,95.3,62.0,95.6,29.36,5361.0,-22.04,10,2,2016,0
2016-10-26,台北二,SE6 青蔥 粉蔥 ,125.3,87.2,65.2,90.4,-5.44,5772.0,7.67,10,3,2016,0
2016-10-27,台北二,SE6 青蔥 粉蔥 ,92.4,68.6,43.1,68.2,-24.56,6916.0,19.82,10,4,2016,0
2016-10-28,台北二,SE6 青蔥 粉蔥 ,118.7,87.4,51.7,86.6,26.98,4676.0,-32.39,10,5,2016,0
2016-10-29,台北二,SE6 青蔥 粉蔥 ,120.1,97.9,64.2,95.6,10.39,5102.0,9.11,10,6,2016,0
2016-10-30,台北二,SE6 青蔥 粉蔥 ,113.7,93.0,65.3,91.6,-4.18,5933.0,16.29,10,7,2016,0
2016-10-31,台北二,SE6 青蔥 粉蔥 ,,,,,,,,10,1,2016,1
2016-11-01,台北二,SE6 青蔥 粉蔥 ,116.8,95.7,67.9,94.4,3.06,6076.0,2.41,11,2,2016,0
2016-11-02,台北二,SE6 青蔥 粉蔥 ,102.9,86.2,66.4,85.6,-9.32,5275.0,-13.18,11,3,2016,0
2016-11-03,台北二,SE6 青蔥 粉蔥 ,100.6,85.5,65.1,84.4,-1.4,4651.0,-11.83,11,4,2016,0
2016-11-04,台北二,SE6 青蔥 粉蔥 ,116.7,96.7,66.2,94.6,12.09,4486.0,-3.55,11,5,2016,0
2016-11-05,台北二,SE6 青蔥 粉蔥 ,120.1,101.3,81.3,101.1,6.87,4796.0,6.91,11,6,2016,0
2016-11-06,台北二,SE6 青蔥 粉蔥 ,105.4,92.8,72.8,91.3,-9.69,5911.0,23.25,11,7,2016,0
2016-11-07,台北二,SE6 青蔥 粉蔥 ,,,,,,,,11,1,2016,1
2016-11-08,台北二,SE6 青蔥 粉蔥 ,111.2,104.2,88.5,102.5,12.27,4564.0,-22.79,11,2,2016,0
2016-11-09,台北二,SE6 青蔥 粉蔥 ,117.0,109.4,81.9,105.4,2.83,3495.0,-23.42,11,3,2016,0
2016-11-10,台北二,SE6 青蔥 粉蔥 ,106.3,92.1,71.8,90.9,-13.76,5468.0,56.45,11,4,2016,0
2016-11-11,台北二,SE6 青蔥 粉蔥 ,111.5,84.0,57.1,84.1,-7.48,4822.0,-11.81,11,5,2016,0
2016-11-12,台北二,SE6 青蔥 粉蔥 ,114.5,93.8,62.4,91.6,8.92,4908.0,1.78,11,6,2016,0
2016-11-13,台北二,SE6 青蔥 粉蔥 ,120.9,95.3,63.0,93.9,2.51,5634.0,14.79,11,7,2016,0
2016-11-14,台北二,SE6 青蔥 粉蔥 ,,,,,,,,11,1,2016,1
2016-11-15,台北二,SE6 青蔥 粉蔥 ,114.0,95.2,71.3,94.2,0.32,5657.0,0.41,11,2,2016,0
2016-11-16,台北二,SE6 青蔥 粉蔥 ,101.5,84.4,64.7,83.9,-10.93,5213.0,-7.85,11,3,2016,0
2016-11-17,台北二,SE6 青蔥 粉蔥 ,99.7,75.2,55.6,76.2,-9.18,4989.0,-4.3,11,4,2016,0
2016-11-18,台北二,SE6 青蔥 粉蔥 ,101.1,80.4,57.4,80.0,4.99,5929.0,18.84,11,5,2016,0
2016-11-19,台北二,SE6 青蔥 粉蔥 ,85.5,68.1,51.6,68.3,-14.63,7819.0,31.88,11,6,2016,0
2016-11-20,台北二,SE6 青蔥 粉蔥 ,97.0,75.6,53.6,75.5,10.54,6524.0,-16.56,11,7,2016,0
2016-11-21,台北二,SE6 青蔥 粉蔥 ,,,,,,,,11,1,2016,1
2016-11-22,台北二,SE6 青蔥 粉蔥 ,97.3,86.4,63.4,84.0,11.26,6296.0,-3.49,11,2,2016,0
2016-11-23,台北二,SE6 青蔥 粉蔥 ,100.0,76.5,45.7,75.1,-10.6,5965.0,-5.26,11,3,2016,0
2016-11-24,台北二,SE6 青蔥 粉蔥 ,86.1,68.0,48.2,67.7,-9.85,5808.0,-2.63,11,4,2016,0
2016-11-25,台北二,SE6 青蔥 粉蔥 ,105.7,87.8,59.5,85.7,26.59,4496.0,-22.59,11,5,2016,0
2016-11-26,台北二,SE6 青蔥 粉蔥 ,97.3,76.1,64.1,78.0,-8.98,6343.0,41.08,11,6,2016,0
2016-11-27,台北二,SE6 青蔥 粉蔥 ,100.8,70.8,54.9,73.6,-5.64,6971.0,9.9,11,7,2016,0
2016-11-28,台北二,SE6 青蔥 粉蔥 ,,,,,,,,11,1,2016,1
2016-11-29,台北二,SE6 青蔥 粉蔥 ,98.0,77.6,54.1,77.0,4.62,6504.0,-6.7,11,2,2016,0
2016-11-30,台北二,SE6 青蔥 粉蔥 ,87.6,71.4,52.2,70.8,-8.05,6096.0,-6.27,11,3,2016,0
2016-12-01,台北二,SE6 青蔥 粉蔥 ,82.3,65.7,48.5,65.6,-7.34,5941.0,-2.54,12,4,2016,0
2016-12-02,台北二,SE6 青蔥 粉蔥 ,86.4,60.9,43.7,62.6,-4.57,6083.0,2.39,12,5,2016,0
2016-12-03,台北二,SE6 青蔥 粉蔥 ,89.6,69.3,46.7,68.8,9.9,5786.0,-4.88,12,6,2016,0
2016-12-04,台北二,SE6 青蔥 粉蔥 ,88.5,61.3,43.7,63.2,-8.14,6905.0,19.34,12,7,2016,0
2016-12-05,台北二,SE6 青蔥 粉蔥 ,,,,,,,,12,1,2016,1
2016-12-06,台北二,SE6 青蔥 粉蔥 ,83.9,64.5,43.8,64.3,1.74,6879.0,-0.38,12,2,2016,0
2016-12-07,台北二,SE6 青蔥 粉蔥 ,89.4,69.0,52.9,69.9,8.71,5507.0,-19.94,12,3,2016,0
2016-12-08,台北二,SE6 青蔥 粉蔥 ,100.6,66.0,43.5,68.4,-2.15,6478.0,17.63,12,4,2016,0
2016-12-09,台北二,SE6 青蔥 粉蔥 ,83.7,58.8,38.9,59.8,-12.57,7032.0,8.55,12,5,2016,0
2016-12-10,台北二,SE6 青蔥 粉蔥 ,84.5,55.3,37.5,57.6,-3.68,6855.0,-2.52,12,6,2016,0
2016-12-11,台北二,SE6 青蔥 粉蔥 ,95.5,65.0,29.0,63.9,10.94,6731.0,-1.81,12,7,2016,0
2016-12-12,台北二,SE6 青蔥 粉蔥 ,,,,,,,,12,1,2016,1
2016-12-13,台北二,SE6 青蔥 粉蔥 ,89.5,73.8,45.3,71.2,11.42,6731.0,0.0,12,2,2016,0
2016-12-14,台北二,SE6 青蔥 粉蔥 ,75.9,63.0,37.6,60.5,-15.03,7074.0,5.1,12,3,2016,0
2016-12-15,台北二,SE6 青蔥 粉蔥 ,65.3,52.3,31.4,50.7,-16.2,6831.0,-3.44,12,4,2016,0
2016-12-16,台北二,SE6 青蔥 粉蔥 ,77.2,58.6,36.3,57.8,14.0,5730.0,-16.12,12,5,2016,0
2016-12-17,台北二,SE6 青蔥 粉蔥 ,87.6,70.6,43.7,68.6,18.69,5654.0,-1.33,12,6,2016,0
2016-12-18,台北二,SE6 青蔥 粉蔥 ,76.9,64.6,45.1,63.2,-7.87,6826.0,20.73,12,7,2016,0
2016-12-19,台北二,SE6 青蔥 粉蔥 ,,,,,,,,12,1,2016,1
2016-12-20,台北二,SE6 青蔥 粉蔥 ,82.1,64.3,42.0,63.4,0.32,8179.0,19.82,12,2,2016,0
2016-12-21,台北二,SE6 青蔥 粉蔥 ,77.4,54.5,32.1,54.6,-13.88,7607.0,-6.99,12,3,2016,0
2016-12-22,台北二,SE6 青蔥 粉蔥 ,76.8,62.0,35.9,59.7,9.34,4925.0,-35.26,12,4,2016,0
2016-12-23,台北二,SE6 青蔥 粉蔥 ,69.3,49.4,29.6,49.4,-17.25,7184.0,45.87,12,5,2016,0
2016-12-24,台北二,SE6 青蔥 粉蔥 ,79.9,62.0,38.6,60.9,23.28,5625.0,-21.7,12,6,2016,0
2016-12-25,台北二,SE6 青蔥 粉蔥 ,64.4,52.4,33.5,51.0,-16.26,7475.0,32.89,12,7,2016,0
2016-12-26,台北二,SE6 青蔥 粉蔥 ,,,,,,,,12,1,2016,1
2016-12-27,台北二,SE6 青蔥 粉蔥 ,62.5,46.8,30.2,46.7,-8.43,8936.0,19.55,12,2,2016,0
2016-12-28,台北二,SE6 青蔥 粉蔥 ,57.2,42.1,28.2,42.3,-9.42,8694.0,-2.71,12,3,2016,0
2016-12-29,台北二,SE6 青蔥 粉蔥 ,50.7,41.2,27.8,40.4,-4.49,7341.0,-15.56,12,4,2016,0
2016-12-30,台北二,SE6 青蔥 粉蔥 ,55.0,43.0,28.5,42.5,5.2,7318.0,-0.31,12,5,2016,0
2016-12-31,台北二,SE6 青蔥 粉蔥 ,58.1,42.1,23.8,41.6,-2.12,8660.0,18.34,12,6,2016,0
2017-01-01,台北二,SE6 青蔥 粉蔥 ,63.0,47.2,26.3,46.2,11.06,8705.0,0.52,1,7,2017,0
2017-01-02,台北二,SE6 青蔥 粉蔥 ,,,,,,,,1,1,2017,1
2017-01-03,台北二,SE6 青蔥 粉蔥 ,56.4,47.6,31.6,46.2,0.0,9095.0,4.48,1,2,2017,0
2017-01-04,台北二,SE6 青蔥 粉蔥 ,45.5,35.9,20.3,34.7,-24.89,10008.0,10.04,1,3,2017,0
2017-01-05,台北二,SE6 青蔥 粉蔥 ,52.8,35.7,22.4,36.5,5.19,8857.0,-11.5,1,4,2017,0
2017-01-06,台北二,SE6 青蔥 粉蔥 ,46.8,33.9,17.8,33.3,-8.77,10089.0,13.91,1,5,2017,0
2017-01-07,台北二,SE6 青蔥 粉蔥 ,42.2,32.0,18.6,31.4,-5.71,10272.0,1.81,1,6,2017,0
2017-01-08,台北二,SE6 青蔥 粉蔥 ,44.0,31.7,17.9,31.4,0.0,10943.0,6.53,1,7,2017,0
2017-01-09,台北二,SE6 青蔥 粉蔥 ,,,,,,,,1,1,2017,1
2017-01-10,台北二,SE6 青蔥 粉蔥 ,43.3,33.5,19.0,32.6,3.82,11512.0,5.2,1,2,2017,0
2017-01-11,台北二,SE6 青蔥 粉蔥 ,38.8,26.4,15.6,26.7,-18.1,12000.0,4.24,1,3,2017,0
2017-01-12,台北二,SE6 青蔥 粉蔥 ,42.7,29.2,17.3,29.6,10.86,9375.0,-21.88,1,4,2017,0
2017-01-13,台北二,SE6 青蔥 粉蔥 ,38.8,28.3,14.0,27.6,-6.76,10981.0,17.13,1,5,2017,0
2017-01-14,台北二,SE6 青蔥 粉蔥 ,34.8,25.3,15.3,25.2,-8.7,11077.0,0.87,1,6,2017,0
2017-01-15,台北二,SE6 青蔥 粉蔥 ,35.3,27.4,17.7,27.1,7.54,10711.0,-3.3,1,7,2017,0
2017-01-16,台北二,SE6 青蔥 粉蔥 ,,,,,,,,1,1,2017,1
2017-01-17,台北二,SE6 青蔥 粉蔥 ,36.6,29.2,19.7,28.8,6.27,11114.0,3.76,1,2,2017,0
2017-01-18,台北二,SE6 青蔥 粉蔥 ,38.6,29.6,20.9,29.7,3.12,10478.0,-5.72,1,3,2017,0
2017-01-19,台北二,SE6 青蔥 粉蔥 ,35.0,28.8,23.0,28.9,-2.69,9571.0,-8.66,1,4,2017,0
2017-01-20,台北二,SE6 青蔥 粉蔥 ,34.9,26.1,18.4,26.3,-9.0,12817.0,33.91,1,5,2017,0
2017-01-21,台北二,SE6 青蔥 粉蔥 ,31.2,24.3,16.5,24.1,-8.37,14327.0,11.78,1,6,2017,0
2017-01-22,台北二,SE6 青蔥 粉蔥 ,38.2,28.3,17.7,28.2,17.01,13462.0,-6.04,1,7,2017,0
2017-01-23,台北二,SE6 青蔥 粉蔥 ,,,,,,,,1,1,2017,1
2017-01-24,台北二,SE6 青蔥 粉蔥 ,69.9,42.8,23.6,44.4,57.45,14613.0,8.55,1,2,2017,0
2017-01-25,台北二,SE6 青蔥 粉蔥 ,77.5,64.3,39.6,62.0,39.64,16741.0,14.56,1,3,2017,0
2017-01-26,台北二,SE6 青蔥 粉蔥 ,78.6,59.4,35.4,58.5,-5.65,18499.0,10.5,1,4,2017,0
2017-01-27,台北二,SE6 青蔥 粉蔥 ,49.4,28.6,15.9,30.2,-48.38,11151.0,-39.72,1,5,2017,0
2017-01-28,台北二,SE6 青蔥 粉蔥 ,,,,,,,,1,6,2017,1
2017-01-29,台北二,SE6 青蔥 粉蔥 ,,,,,,,,1,7,2017,1
2017-01-30,台北二,SE6 青蔥 粉蔥 ,,,,,,,,1,1,2017,1
2017-01-31,台北二,SE6 青蔥 粉蔥 ,,,,,,,,1,2,2017,1
2017-02-01,台北二,SE6 青蔥 粉蔥 ,,,,,,,,2,3,2017,1
2017-02-02,台北二,SE6 青蔥 粉蔥 ,41.2,22.9,14.3,24.9,-17.55,12621.0,13.18,2,4,2017,0
2017-02-03,台北二,SE6 青蔥 粉蔥 ,44.7,31.7,17.8,31.5,26.51,8137.0,-35.53,2,5,2017,0
2017-02-04,台北二,SE6 青蔥 粉蔥 ,53.4,42.0,25.1,40.9,29.84,11457.0,40.8,2,6,2017,0
2017-02-05,台北二,SE6 青蔥 粉蔥 ,,,,,,,,2,7,2017,1
2017-02-06,台北二,SE6 青蔥 粉蔥 ,,,,,,,,2,1,2017,1
2017-02-07,台北二,SE6 青蔥 粉蔥 ,38.3,23.3,15.6,24.8,-39.36,15669.0,36.76,2,2,2017,0
2017-02-08,台北二,SE6 青蔥 粉蔥 ,32.6,20.6,12.8,21.4,-13.71,12762.0,-18.55,2,3,2017,0
2017-02-09,台北二,SE6 青蔥 粉蔥 ,26.2,19.4,12.0,19.3,-9.81,12213.0,-4.3,2,4,2017,0
2017-02-10,台北二,SE6 青蔥 粉蔥 ,26.5,20.6,13.7,20.4,5.7,13311.0,8.99,2,5,2017,0
2017-02-11,台北二,SE6 青蔥 粉蔥 ,33.8,23.2,13.6,23.4,14.71,16671.0,25.24,2,6,2017,0
2017-02-12,台北二,SE6 青蔥 粉蔥 ,,,,,,,,2,7,2017,1
2017-02-13,台北二,SE6 青蔥 粉蔥 ,,,,,,,,2,1,2017,1
2017-02-14,台北二,SE6 青蔥 粉蔥 ,37.7,27.0,16.9,27.1,15.81,11930.0,-28.44,2,2,2017,0
2017-02-15,台北二,SE6 青蔥 粉蔥 ,28.0,21.4,16.2,21.7,-19.93,11992.0,0.52,2,3,2017,0
2017-02-16,台北二,SE6 青蔥 粉蔥 ,26.2,21.3,16.7,21.4,-1.38,10737.0,-10.47,2,4,2017,0
2017-02-17,台北二,SE6 青蔥 粉蔥 ,29.8,22.0,15.1,22.2,3.74,10806.0,0.64,2,5,2017,0
2017-02-18,台北二,SE6 青蔥 粉蔥 ,30.7,21.6,14.4,22.0,-0.9,12540.0,16.05,2,6,2017,0
2017-02-19,台北二,SE6 青蔥 粉蔥 ,32.3,19.6,13.4,20.9,-5.0,14231.0,13.48,2,7,2017,0
2017-02-20,台北二,SE6 青蔥 粉蔥 ,,,,,,,,2,1,2017,1
2017-02-21,台北二,SE6 青蔥 粉蔥 ,34.3,23.1,15.7,23.9,14.35,12501.0,-12.16,2,2,2017,0
2017-02-22,台北二,SE6 青蔥 粉蔥 ,28.6,20.1,13.2,20.4,-14.64,13758.0,10.06,2,3,2017,0
2017-02-23,台北二,SE6 青蔥 粉蔥 ,22.6,15.5,9.9,15.8,-22.55,13552.0,-1.5,2,4,2017,0
2017-02-24,台北二,SE6 青蔥 粉蔥 ,25.0,16.8,10.8,17.3,9.49,12028.0,-11.25,2,5,2017,0
2017-02-25,台北二,SE6 青蔥 粉蔥 ,23.7,17.2,11.3,17.3,0.0,11269.0,-6.31,2,6,2017,0
2017-02-26,台北二,SE6 青蔥 粉蔥 ,22.9,15.7,10.3,16.1,-6.94,12235.0,8.57,2,7,2017,0
2017-02-27,台北二,SE6 青蔥 粉蔥 ,,,,,,,,2,1,2017,1
2017-02-28,台北二,SE6 青蔥 粉蔥 ,47.3,37.1,22.7,36.3,125.47,7019.0,-42.63,2,2,2017,0
2017-03-01,台北二,SE6 青蔥 粉蔥 ,34.7,25.9,18.4,26.2,-27.82,11730.0,67.12,3,3,2017,0
2017-03-02,台北二,SE6 青蔥 粉蔥 ,26.3,19.9,13.6,19.9,-24.05,12140.0,3.5,3,4,2017,0
2017-03-03,台北二,SE6 青蔥 粉蔥 ,27.2,21.4,15.7,21.4,7.54,12381.0,1.99,3,5,2017,0
2017-03-04,台北二,SE6 青蔥 粉蔥 ,25.6,21.2,16.1,21.0,-1.87,12386.0,0.04,3,6,2017,0
2017-03-05,台北二,SE6 青蔥 粉蔥 ,23.1,18.3,13.6,18.3,-12.86,16477.0,33.03,3,7,2017,0
2017-03-06,台北二,SE6 青蔥 粉蔥 ,,,,,,,,3,1,2017,1
2017-03-07,台北二,SE6 青蔥 粉蔥 ,26.6,20.4,15.1,20.6,12.57,12822.0,-22.18,3,2,2017,0
2017-03-08,台北二,SE6 青蔥 粉蔥 ,24.7,19.2,14.6,19.4,-5.83,11234.0,-12.38,3,3,2017,0
2017-03-09,台北二,SE6 青蔥 粉蔥 ,23.5,19.4,12.7,18.9,-2.58,10376.0,-7.64,3,4,2017,0
2017-03-10,台北二,SE6 青蔥 粉蔥 ,27.8,21.5,13.9,21.3,12.7,9539.0,-8.07,3,5,2017,0
2017-03-11,台北二,SE6 青蔥 粉蔥 ,25.2,18.2,13.8,18.7,-12.21,13815.0,44.83,3,6,2017,0
2017-03-12,台北二,SE6 青蔥 粉蔥 ,27.4,20.5,12.9,20.4,9.09,15811.0,14.45,3,7,2017,0
2017-03-13,台北二,SE6 青蔥 粉蔥 ,,,,,,,,3,1,2017,1
2017-03-14,台北二,SE6 青蔥 粉蔥 ,26.5,20.7,14.2,20.6,0.98,13450.0,-14.93,3,2,2017,0
2017-03-15,台北二,SE6 青蔥 粉蔥 ,25.0,17.9,14.0,18.5,-10.19,13254.0,-1.46,3,3,2017,0
2017-03-16,台北二,SE6 青蔥 粉蔥 ,24.0,18.1,13.0,18.3,-1.08,12243.0,-7.63,3,4,2017,0
2017-03-17,台北二,SE6 青蔥 粉蔥 ,23.9,18.5,14.2,18.7,2.19,12219.0,-0.2,3,5,2017,0
2017-03-18,台北二,SE6 青蔥 粉蔥 ,23.7,18.4,13.8,18.5,-1.07,14903.0,21.97,3,6,2017,0
2017-03-19,台北二,SE6 青蔥 粉蔥 ,23.3,17.5,12.7,17.7,-4.32,15440.0,3.6,3,7,2017,0
2017-03-20,台北二,SE6 青蔥 粉蔥 ,,,,,,,,3,1,2017,1
2017-03-21,台北二,SE6 青蔥 粉蔥 ,22.7,18.6,14.5,18.6,5.08,14111.0,-8.61,3,2,2017,0
2017-03-22,台北二,SE6 青蔥 粉蔥 ,21.1,16.5,10.8,16.3,-12.37,12015.0,-14.85,3,3,2017,0
2017-03-23,台北二,SE6 青蔥 粉蔥 ,21.5,16.6,12.1,16.7,2.45,12823.0,6.72,3,4,2017,0
2017-03-24,台北二,SE6 青蔥 粉蔥 ,21.5,16.1,11.4,16.2,-2.99,13954.0,8.82,3,5,2017,0
2017-03-25,台北二,SE6 青蔥 粉蔥 ,20.4,15.7,11.6,15.8,-2.47,13997.0,0.31,3,6,2017,0
2017-03-26,台北二,SE6 青蔥 粉蔥 ,22.3,15.8,10.9,16.1,1.9,12828.0,-8.35,3,7,2017,0
2017-03-27,台北二,SE6 青蔥 粉蔥 ,,,,,,,,3,1,2017,1
2017-03-28,台北二,SE6 青蔥 粉蔥 ,21.9,19.5,15.5,19.2,19.25,11925.0,-7.04,3,2,2017,0
2017-03-29,台北二,SE6 青蔥 粉蔥 ,22.7,18.2,14.4,18.4,-4.17,11907.0,-0.15,3,3,2017,0
2017-03-30,台北二,SE6 青蔥 粉蔥 ,23.4,17.9,13.3,18.1,-1.63,13044.0,9.55,3,4,2017,0
2017-03-31,台北二,SE6 青蔥 粉蔥 ,23.0,17.7,13.8,18.0,-0.55,12845.0,-1.53,3,5,2017,0
2017-04-01,台北二,SE6 青蔥 粉蔥 ,20.3,15.5,11.1,15.6,-13.33,14561.0,13.36,4,6,2017,0
2017-04-02,台北二,SE6 青蔥 粉蔥 ,25.1,18.9,14.8,19.3,23.72,13471.0,-7.49,4,7,2017,0
2017-04-03,台北二,SE6 青蔥 粉蔥 ,24.6,20.0,16.4,20.2,4.66,14371.0,6.68,4,1,2017,0
2017-04-04,台北二,SE6 青蔥 粉蔥 ,,,,,,,,4,2,2017,1
2017-04-05,台北二,SE6 青蔥 粉蔥 ,,,,,,,,4,3,2017,1
2017-04-06,台北二,SE6 青蔥 粉蔥 ,25.1,20.8,16.4,20.7,2.48,12823.0,-10.77,4,4,2017,0
2017-04-07,台北二,SE6 青蔥 粉蔥 ,23.1,18.0,14.4,18.3,-11.59,13311.0,3.81,4,5,2017,0
2017-04-08,台北二,SE6 青蔥 粉蔥 ,24.0,19.1,14.0,19.1,4.37,13519.0,1.56,4,6,2017,0
2017-04-09,台北二,SE6 青蔥 粉蔥 ,20.6,15.1,11.3,15.4,-19.37,17603.0,30.21,4,7,2017,0
2017-04-10,台北二,SE6 青蔥 粉蔥 ,,,,,,,,4,1,2017,1
2017-04-11,台北二,SE6 青蔥 粉蔥 ,22.8,16.2,10.6,16.4,6.49,15565.0,-11.58,4,2,2017,0
2017-04-12,台北二,SE6 青蔥 粉蔥 ,21.6,14.2,9.2,14.7,-10.37,13153.0,-15.5,4,3,2017,0
2017-04-13,台北二,SE6 青蔥 粉蔥 ,19.0,12.0,8.0,12.6,-14.29,14193.0,7.91,4,4,2017,0
2017-04-14,台北二,SE6 青蔥 粉蔥 ,19.9,15.9,12.2,16.0,26.98,10655.0,-24.93,4,5,2017,0
2017-04-15,台北二,SE6 青蔥 粉蔥 ,25.6,18.3,13.4,18.8,17.5,10518.0,-1.29,4,6,2017,0
2017-04-16,台北二,SE6 青蔥 粉蔥 ,21.5,15.6,9.6,15.5,-17.55,16666.0,58.45,4,7,2017,0
2017-04-17,台北二,SE6 青蔥 粉蔥 ,,,,,,,,4,1,2017,1
2017-04-18,台北二,SE6 青蔥 粉蔥 ,21.6,15.3,9.0,15.3,-1.29,15735.0,-5.59,4,2,2017,0
2017-04-19,台北二,SE6 青蔥 粉蔥 ,18.6,13.5,8.5,13.5,-11.76,15952.0,1.38,4,3,2017,0
2017-04-20,台北二,SE6 青蔥 粉蔥 ,18.1,12.0,7.6,12.3,-8.89,12979.0,-18.64,4,4,2017,0
2017-04-21,台北二,SE6 青蔥 粉蔥 ,17.7,12.7,8.9,12.9,4.88,11376.0,-12.35,4,5,2017,0
2017-04-22,台北二,SE6 青蔥 粉蔥 ,18.9,13.5,8.9,13.7,6.2,13178.0,15.84,4,6,2017,0
2017-04-23,台北二,SE6 青蔥 粉蔥 ,18.0,14.4,8.4,13.9,1.46,12548.0,-4.78,4,7,2017,0
2017-04-24,台北二,SE6 青蔥 粉蔥 ,,,,,,,,4,1,2017,1
2017-04-25,台北二,SE6 青蔥 粉蔥 ,27.2,22.5,16.3,22.2,59.71,9717.0,-22.56,4,2,2017,0
2017-04-26,台北二,SE6 青蔥 粉蔥 ,25.3,19.6,12.7,19.4,-12.61,12035.0,23.86,4,3,2017,0
2017-04-27,台北二,SE6 青蔥 粉蔥 ,18.7,14.1,8.9,14.0,-27.84,13182.0,9.53,4,4,2017,0
2017-04-28,台北二,SE6 青蔥 粉蔥 ,19.2,15.6,11.4,15.5,10.71,10624.0,-19.41,4,5,2017,0
2017-04-29,台北二,SE6 青蔥 粉蔥 ,24.9,20.7,15.1,20.4,31.61,9701.0,-8.69,4,6,2017,0
2017-04-30,台北二,SE6 青蔥 粉蔥 ,25.8,19.4,13.6,19.5,-4.41,12624.0,30.13,4,7,2017,0
2017-05-01,台北二,SE6 青蔥 粉蔥 ,,,,,,,,5,1,2017,1
2017-05-02,台北二,SE6 青蔥 粉蔥 ,21.9,16.3,10.6,16.3,-16.41,15440.0,22.31,5,2,2017,0
2017-05-03,台北二,SE6 青蔥 粉蔥 ,24.2,16.9,10.2,17.0,4.29,12601.0,-18.39,5,3,2017,0
2017-05-04,台北二,SE6 青蔥 粉蔥 ,26.3,15.8,9.5,16.7,-1.76,11872.0,-5.79,5,4,2017,0
2017-05-05,台北二,SE6 青蔥 粉蔥 ,22.0,15.5,8.8,15.5,-7.19,11261.0,-5.15,5,5,2017,0
2017-05-06,台北二,SE6 青蔥 粉蔥 ,26.8,17.8,9.1,17.9,15.48,10558.0,-6.24,5,6,2017,0
2017-05-07,台北二,SE6 青蔥 粉蔥 ,24.7,15.6,10.3,16.3,-8.94,15049.0,42.54,5,7,2017,0
2017-05-08,台北二,SE6 青蔥 粉蔥 ,,,,,,,,5,1,2017,1
2017-05-09,台北二,SE6 青蔥 粉蔥 ,25.1,19.4,10.7,18.8,15.34,10880.0,-27.7,5,2,2017,0
2017-05-10,台北二,SE6 青蔥 粉蔥 ,23.1,15.8,8.8,15.9,-15.43,11860.0,9.01,5,3,2017,0
2017-05-11,台北二,SE6 青蔥 粉蔥 ,17.8,13.1,7.9,13.0,-18.24,10864.0,-8.4,5,4,2017,0
2017-05-12,台北二,SE6 青蔥 粉蔥 ,18.8,12.8,8.4,13.1,0.77,11056.0,1.77,5,5,2017,0
2017-05-13,台北二,SE6 青蔥 粉蔥 ,20.2,14.8,8.9,14.7,12.21,10460.0,-5.39,5,6,2017,0
2017-05-14,台北二,SE6 青蔥 粉蔥 ,21.0,14.6,7.5,14.4,-2.04,12554.0,20.02,5,7,2017,0
2017-05-15,台北二,SE6 青蔥 粉蔥 ,,,,,,,,5,1,2017,1
2017-05-16,台北二,SE6 青蔥 粉蔥 ,25.5,19.9,9.5,18.9,31.25,8333.0,-33.62,5,2,2017,0
2017-05-17,台北二,SE6 青蔥 粉蔥 ,20.9,16.2,8.6,15.6,-17.46,10111.0,21.34,5,3,2017,0
2017-05-18,台北二,SE6 青蔥 粉蔥 ,27.5,19.7,11.5,19.6,25.64,8029.0,-20.59,5,4,2017,0
2017-05-19,台北二,SE6 青蔥 粉蔥 ,24.1,18.5,10.2,17.9,-8.67,9722.0,21.09,5,5,2017,0
2017-05-20,台北二,SE6 青蔥 粉蔥 ,25.6,19.4,11.5,19.1,6.7,9612.0,-1.13,5,6,2017,0
2017-05-21,台北二,SE6 青蔥 粉蔥 ,26.9,20.5,13.2,20.3,6.28,10800.0,12.36,5,7,2017,0
2017-05-22,台北二,SE6 青蔥 粉蔥 ,,,,,,,,5,1,2017,1
2017-05-23,台北二,SE6 青蔥 粉蔥 ,26.1,18.9,12.3,19.0,-6.4,11664.0,8.0,5,2,2017,0
2017-05-24,台北二,SE6 青蔥 粉蔥 ,24.2,16.4,9.6,16.6,-12.63,10953.0,-6.1,5,3,2017,0
2017-05-25,台北二,SE6 青蔥 粉蔥 ,23.5,14.7,8.3,15.2,-8.43,10904.0,-0.45,5,4,2017,0
2017-05-26,台北二,SE6 青蔥 粉蔥 ,22.8,16.4,9.6,16.3,7.24,9324.0,-14.49,5,5,2017,0
2017-05-27,台北二,SE6 青蔥 粉蔥 ,26.6,17.9,11.4,18.3,12.27,9757.0,4.64,5,6,2017,0
2017-05-28,台北二,SE6 青蔥 粉蔥 ,22.3,17.8,10.5,17.2,-6.01,10007.0,2.56,5,7,2017,0
2017-05-29,台北二,SE6 青蔥 粉蔥 ,24.2,18.8,11.7,18.5,7.56,10122.0,1.15,5,1,2017,0
2017-05-30,台北二,SE6 青蔥 粉蔥 ,30.8,21.6,9.7,21.1,14.05,10138.0,0.16,5,2,2017,0
2017-05-31,台北二,SE6 青蔥 粉蔥 ,,,,,,,,5,3,2017,1
2017-06-01,台北二,SE6 青蔥 粉蔥 ,,,,,,,,6,4,2017,1
2017-06-02,台北二,SE6 青蔥 粉蔥 ,39.7,25.7,15.5,26.5,25.59,7376.0,-27.24,6,5,2017,0
2017-06-03,台北二,SE6 青蔥 粉蔥 ,41.3,33.0,24.0,32.9,24.15,6800.0,-7.81,6,6,2017,0
2017-06-04,台北二,SE6 青蔥 粉蔥 ,45.0,32.8,21.2,32.9,0.0,10348.0,52.18,6,7,2017,0
2017-06-05,台北二,SE6 青蔥 粉蔥 ,,,,,,,,6,1,2017,1
2017-06-06,台北二,SE6 青蔥 粉蔥 ,39.1,23.3,8.8,23.5,-28.57,12226.0,18.15,6,2,2017,0
2017-06-07,台北二,SE6 青蔥 粉蔥 ,36.8,25.4,11.3,24.9,5.96,8074.0,-33.96,6,3,2017,0
2017-06-08,台北二,SE6 青蔥 粉蔥 ,38.0,24.3,9.4,24.1,-3.21,8270.0,2.43,6,4,2017,0
2017-06-09,台北二,SE6 青蔥 粉蔥 ,38.6,21.1,10.3,22.5,-6.64,8838.0,6.87,6,5,2017,0
2017-06-10,台北二,SE6 青蔥 粉蔥 ,27.7,18.2,10.9,18.6,-17.33,9713.0,9.9,6,6,2017,0
2017-06-11,台北二,SE6 青蔥 粉蔥 ,31.3,18.6,8.9,19.2,3.23,9065.0,-6.67,6,7,2017,0
2017-06-12,台北二,SE6 青蔥 粉蔥 ,,,,,,,,6,1,2017,1
2017-06-13,台北二,SE6 青蔥 粉蔥 ,38.3,26.9,14.3,26.6,38.54,7919.0,-12.64,6,2,2017,0
2017-06-14,台北二,SE6 青蔥 粉蔥 ,44.3,35.1,20.7,34.0,27.82,6927.0,-12.53,6,3,2017,0
2017-06-15,台北二,SE6 青蔥 粉蔥 ,47.2,38.6,27.0,38.0,11.76,6763.0,-2.37,6,4,2017,0
2017-06-16,台北二,SE6 青蔥 粉蔥 ,38.7,27.0,13.8,26.7,-29.74,8877.0,31.26,6,5,2017,0
2017-06-17,台北二,SE6 青蔥 粉蔥 ,39.4,26.0,12.6,26.0,-2.62,7720.0,-13.03,6,6,2017,0
2017-06-18,台北二,SE6 青蔥 粉蔥 ,44.0,30.0,15.7,30.0,15.38,8116.0,5.13,6,7,2017,0
2017-06-19,台北二,SE6 青蔥 粉蔥 ,,,,,,,,6,1,2017,1
2017-06-20,台北二,SE6 青蔥 粉蔥 ,40.9,29.0,12.4,28.1,-6.33,8310.0,2.39,6,2,2017,0
2017-06-21,台北二,SE6 青蔥 粉蔥 ,36.5,26.0,13.8,25.7,-8.54,7622.0,-8.28,6,3,2017,0
2017-06-22,台北二,SE6 青蔥 粉蔥 ,57.1,32.5,11.7,33.3,29.57,5069.0,-33.5,6,4,2017,0
2017-06-23,台北二,SE6 青蔥 粉蔥 ,51.5,40.8,24.2,39.6,18.92,5392.0,6.37,6,5,2017,0
2017-06-24,台北二,SE6 青蔥 粉蔥 ,56.3,39.4,29.0,40.7,2.78,6033.0,11.89,6,6,2017,0
2017-06-25,台北二,SE6 青蔥 粉蔥 ,51.5,39.6,19.6,38.0,-6.63,6632.0,9.93,6,7,2017,0
2017-06-26,台北二,SE6 青蔥 粉蔥 ,,,,,,,,6,1,2017,1
2017-06-27,台北二,SE6 青蔥 粉蔥 ,72.0,57.3,36.7,56.1,47.63,4953.0,-25.32,6,2,2017,0
2017-06-28,台北二,SE6 青蔥 粉蔥 ,67.1,56.5,34.6,54.2,-3.39,4666.0,-5.79,6,3,2017,0
2017-06-29,台北二,SE6 青蔥 粉蔥 ,61.1,51.1,36.5,50.2,-7.38,4695.0,0.62,6,4,2017,0
2017-06-30,台北二,SE6 青蔥 粉蔥 ,52.2,40.7,20.5,39.0,-22.31,4576.0,-2.53,6,5,2017,0
2017-07-01,台北二,SE6 青蔥 粉蔥 ,59.7,50.6,30.5,48.4,24.1,4469.0,-2.34,7,6,2017,0
2017-07-02,台北二,SE6 青蔥 粉蔥 ,62.1,54.1,34.7,51.8,7.02,4578.0,2.44,7,7,2017,0
2017-07-03,台北二,SE6 青蔥 粉蔥 ,,,,,,,,7,1,2017,1
2017-07-04,台北二,SE6 青蔥 粉蔥 ,68.8,59.9,44.3,58.5,12.93,4221.0,-7.8,7,2,2017,0
2017-07-05,台北二,SE6 青蔥 粉蔥 ,60.0,54.2,33.6,51.2,-12.48,3920.0,-7.13,7,3,2017,0
2017-07-06,台北二,SE6 青蔥 粉蔥 ,60.0,50.2,41.2,50.3,-1.76,4200.0,7.14,7,4,2017,0
2017-07-07,台北二,SE6 青蔥 粉蔥 ,59.4,54.2,39.4,52.3,3.98,3742.0,-10.9,7,5,2017,0
2017-07-08,台北二,SE6 青蔥 粉蔥 ,77.4,62.8,41.4,61.5,17.59,3686.0,-1.5,7,6,2017,0
2017-07-09,台北二,SE6 青蔥 粉蔥 ,72.9,55.6,33.3,54.6,-11.22,5260.0,42.7,7,7,2017,0
2017-07-10,台北二,SE6 青蔥 粉蔥 ,,,,,,,,7,1,2017,1
2017-07-11,台北二,SE6 青蔥 粉蔥 ,61.4,56.0,42.9,54.5,-0.18,4640.0,-11.79,7,2,2017,0
2017-07-12,台北二,SE6 青蔥 粉蔥 ,67.7,57.2,41.9,56.3,3.3,3496.0,-24.66,7,3,2017,0
2017-07-13,台北二,SE6 青蔥 粉蔥 ,70.3,61.7,41.9,59.5,5.68,3056.0,-12.59,7,4,2017,0
2017-07-14,台北二,SE6 青蔥 粉蔥 ,78.6,71.3,41.2,66.7,12.1,2690.0,-11.98,7,5,2017,0
2017-07-15,台北二,SE6 青蔥 粉蔥 ,87.8,74.7,59.0,74.2,11.24,3693.0,37.29,7,6,2017,0
2017-07-16,台北二,SE6 青蔥 粉蔥 ,83.0,74.8,59.2,73.3,-1.21,3949.0,6.93,7,7,2017,0
2017-07-17,台北二,SE6 青蔥 粉蔥 ,,,,,,,,7,1,2017,1
2017-07-18,台北二,SE6 青蔥 粉蔥 ,88.1,71.3,49.0,70.2,-4.23,4740.0,20.03,7,2,2017,0
2017-07-19,台北二,SE6 青蔥 粉蔥 ,83.1,72.1,55.5,71.0,1.14,3342.0,-29.49,7,3,2017,0
2017-07-20,台北二,SE6 青蔥 粉蔥 ,80.7,71.6,68.6,72.8,2.54,2710.0,-18.91,7,4,2017,0
2017-07-21,台北二,SE6 青蔥 粉蔥 ,84.2,78.5,68.9,77.7,6.73,2602.0,-3.99,7,5,2017,0
2017-07-22,台北二,SE6 青蔥 粉蔥 ,82.9,75.3,65.1,74.8,-3.73,3010.0,15.68,7,6,2017,0
2017-07-23,台北二,SE6 青蔥 粉蔥 ,86.0,79.9,56.2,76.4,2.14,2955.0,-1.83,7,7,2017,0
2017-07-24,台北二,SE6 青蔥 粉蔥 ,,,,,,,,7,1,2017,1
2017-07-25,台北二,SE6 青蔥 粉蔥 ,90.0,85.2,74.3,84.0,9.95,2808.0,-4.97,7,2,2017,0
2017-07-26,台北二,SE6 青蔥 粉蔥 ,92.0,87.6,76.2,86.2,2.62,2723.0,-3.03,7,3,2017,0
2017-07-27,台北二,SE6 青蔥 粉蔥 ,97.1,90.4,65.0,86.7,0.58,2920.0,7.23,7,4,2017,0
2017-07-28,台北二,SE6 青蔥 粉蔥 ,172.4,158.0,134.6,156.2,80.16,3037.0,4.01,7,5,2017,0
2017-07-29,台北二,SE6 青蔥 粉蔥 ,113.0,104.4,82.3,101.7,-34.89,6634.0,118.44,7,6,2017,0
2017-07-30,台北二,SE6 青蔥 粉蔥 ,122.3,109.2,81.7,106.3,4.52,3941.0,-40.59,7,7,2017,0
2017-07-31,台北二,SE6 青蔥 粉蔥 ,,,,,,,,7,1,2017,1
2017-08-01,台北二,SE6 青蔥 粉蔥 ,107.6,95.0,78.4,94.2,-11.38,3414.0,-13.37,8,2,2017,0
2017-08-02,台北二,SE6 青蔥 粉蔥 ,103.4,83.8,53.5,81.6,-13.38,2476.0,-27.48,8,3,2017,0
2017-08-03,台北二,SE6 青蔥 粉蔥 ,101.4,82.4,39.6,77.7,-4.78,1948.0,-21.32,8,4,2017,0
2017-08-04,台北二,SE6 青蔥 粉蔥 ,117.2,102.0,45.6,93.8,20.72,1872.0,-3.9,8,5,2017,0
2017-08-05,台北二,SE6 青蔥 粉蔥 ,110.9,90.8,47.4,86.1,-8.21,3122.0,66.77,8,6,2017,0
2017-08-06,台北二,SE6 青蔥 粉蔥 ,120.7,100.5,32.1,90.8,5.46,2601.0,-16.69,8,7,2017,0
2017-08-07,台北二,SE6 青蔥 粉蔥 ,,,,,,,,8,1,2017,1
2017-08-08,台北二,SE6 青蔥 粉蔥 ,135.7,122.4,81.0,116.8,28.63,2612.0,0.42,8,2,2017,0
2017-08-09,台北二,SE6 青蔥 粉蔥 ,152.8,132.1,102.0,130.2,11.47,2251.0,-13.82,8,3,2017,0
2017-08-10,台北二,SE6 青蔥 粉蔥 ,158.9,148.4,111.1,143.1,9.91,2560.0,13.73,8,4,2017,0
2017-08-11,台北二,SE6 青蔥 粉蔥 ,131.1,115.9,98.9,115.5,-19.29,3906.0,52.58,8,5,2017,0
2017-08-12,台北二,SE6 青蔥 粉蔥 ,123.3,115.7,93.0,112.7,-2.42,3245.0,-16.92,8,6,2017,0
2017-08-13,台北二,SE6 青蔥 粉蔥 ,133.7,123.1,88.0,118.2,4.88,2943.0,-9.31,8,7,2017,0
2017-08-14,台北二,SE6 青蔥 粉蔥 ,,,,,,,,8,1,2017,1
2017-08-15,台北二,SE6 青蔥 粉蔥 ,153.6,140.0,97.4,134.2,13.54,2243.0,-23.79,8,2,2017,0
2017-08-16,台北二,SE6 青蔥 粉蔥 ,113.8,96.7,77.6,96.3,-28.24,3017.0,34.51,8,3,2017,0
2017-08-17,台北二,SE6 青蔥 粉蔥 ,134.4,111.0,71.0,107.7,11.84,1920.0,-36.36,8,4,2017,0
2017-08-18,台北二,SE6 青蔥 粉蔥 ,151.3,148.1,121.3,143.3,33.05,1197.0,-37.66,8,5,2017,0
2017-08-19,台北二,SE6 青蔥 粉蔥 ,155.2,140.6,92.8,134.0,-6.49,1941.0,62.16,8,6,2017,0
2017-08-20,台北二,SE6 青蔥 粉蔥 ,152.6,135.3,107.7,133.2,-0.6,2336.0,20.35,8,7,2017,0
2017-08-21,台北二,SE6 青蔥 粉蔥 ,,,,,,,,8,1,2017,1
2017-08-22,台北二,SE6 青蔥 粉蔥 ,160.2,153.3,138.9,151.8,13.96,2320.0,-0.68,8,2,2017,0
2017-08-23,台北二,SE6 青蔥 粉蔥 ,171.3,158.0,98.4,148.7,-2.04,1656.0,-28.62,8,3,2017,0
2017-08-24,台北二,SE6 青蔥 粉蔥 ,162.5,153.4,126.1,149.7,0.67,1952.0,17.87,8,4,2017,0
2017-08-25,台北二,SE6 青蔥 粉蔥 ,162.0,157.1,95.7,145.8,-2.61,2024.0,3.69,8,5,2017,0
2017-08-26,台北二,SE6 青蔥 粉蔥 ,163.9,155.7,119.0,150.0,2.88,2548.0,25.89,8,6,2017,0
2017-08-27,台北二,SE6 青蔥 粉蔥 ,154.0,145.4,95.7,137.2,-8.53,2780.0,9.11,8,7,2017,0
2017-08-28,台北二,SE6 青蔥 粉蔥 ,,,,,,,,8,1,2017,1
2017-08-29,台北二,SE6 青蔥 粉蔥 ,170.8,156.4,121.0,152.2,10.93,2517.0,-9.46,8,2,2017,0
2017-08-30,台北二,SE6 青蔥 粉蔥 ,199.6,177.0,144.5,175.0,14.98,1392.0,-44.7,8,3,2017,0
2017-08-31,台北二,SE6 青蔥 粉蔥 ,179.2,155.3,114.4,151.9,-13.2,2220.0,59.48,8,4,2017,0
2017-09-01,台北二,SE6 青蔥 粉蔥 ,159.8,145.4,104.5,140.1,-7.77,2003.0,-9.77,9,5,2017,0
2017-09-02,台北二,SE6 青蔥 粉蔥 ,173.4,165.2,115.9,157.0,12.06,1760.0,-12.13,9,6,2017,0
2017-09-03,台北二,SE6 青蔥 粉蔥 ,173.8,165.8,135.8,161.4,2.8,2718.0,54.43,9,7,2017,0
2017-09-04,台北二,SE6 青蔥 粉蔥 ,162.9,157.6,150.0,157.1,-2.66,2762.0,1.62,9,1,2017,0
2017-09-05,台北二,SE6 青蔥 粉蔥 ,163.3,153.5,133.4,151.4,-3.63,3097.0,12.13,9,2,2017,0
2017-09-06,台北二,SE6 青蔥 粉蔥 ,,,,,,,,9,3,2017,1
2017-09-07,台北二,SE6 青蔥 粉蔥 ,,,,,,,,9,4,2017,1
2017-09-08,台北二,SE6 青蔥 粉蔥 ,175.1,160.6,117.5,154.8,2.25,2269.0,-26.74,9,5,2017,0
2017-09-09,台北二,SE6 青蔥 粉蔥 ,188.0,172.4,104.2,161.9,4.59,1929.0,-14.98,9,6,2017,0
2017-09-10,台北二,SE6 青蔥 粉蔥 ,237.0,226.6,159.5,215.2,32.92,1336.0,-30.74,9,7,2017,0
2017-09-11,台北二,SE6 青蔥 粉蔥 ,,,,,,,,9,1,2017,1
2017-09-12,台北二,SE6 青蔥 粉蔥 ,210.4,185.5,143.0,182.0,-15.43,4913.0,267.74,9,2,2017,0
2017-09-13,台北二,SE6 青蔥 粉蔥 ,144.0,129.2,76.9,121.7,-33.13,4916.0,0.06,9,3,2017,0
2017-09-14,台北二,SE6 青蔥 粉蔥 ,119.6,105.6,71.7,101.6,-16.52,2264.0,-53.95,9,4,2017,0
2017-09-15,台北二,SE6 青蔥 粉蔥 ,123.4,117.8,78.4,111.0,9.25,1501.0,-33.7,9,5,2017,0
2017-09-16,台北二,SE6 青蔥 粉蔥 ,144.4,124.1,77.1,118.8,7.03,2233.0,48.77,9,6,2017,0
2017-09-17,台北二,SE6 青蔥 粉蔥 ,146.1,133.7,80.1,125.5,5.64,3224.0,44.38,9,7,2017,0
2017-09-18,台北二,SE6 青蔥 粉蔥 ,,,,,,,,9,1,2017,1
2017-09-19,台北二,SE6 青蔥 粉蔥 ,181.2,154.0,106.3,149.9,19.44,2443.0,-24.22,9,2,2017,0
2017-09-20,台北二,SE6 青蔥 粉蔥 ,147.3,127.3,89.1,123.6,-17.55,4075.0,66.8,9,3,2017,0
2017-09-21,台北二,SE6 青蔥 粉蔥 ,144.5,129.0,84.4,123.2,-0.32,3106.0,-23.78,9,4,2017,0
2017-09-22,台北二,SE6 青蔥 粉蔥 ,143.4,133.1,87.1,125.9,2.19,2912.0,-6.25,9,5,2017,0
2017-09-23,台北二,SE6 青蔥 粉蔥 ,146.0,130.7,93.2,126.2,0.24,3193.0,9.65,9,6,2017,0
2017-09-24,台北二,SE6 青蔥 粉蔥 ,154.6,128.4,68.7,121.7,-3.57,4558.0,42.75,9,7,2017,0
2017-09-25,台北二,SE6 青蔥 粉蔥 ,,,,,,,,9,1,2017,1
2017-09-26,台北二,SE6 青蔥 粉蔥 ,143.6,129.8,93.2,125.3,2.96,4574.0,0.35,9,2,2017,0
2017-09-27,台北二,SE6 青蔥 粉蔥 ,112.1,92.1,60.1,89.7,-28.41,5306.0,16.0,9,3,2017,0
2017-09-28,台北二,SE6 青蔥 粉蔥 ,152.8,124.1,69.4,118.9,32.55,2442.0,-53.98,9,4,2017,0
2017-09-29,台北二,SE6 青蔥 粉蔥 ,130.7,102.0,61.0,99.5,-16.32,5321.0,117.9,9,5,2017,0
2017-09-30,台北二,SE6 青蔥 粉蔥 ,98.8,79.2,54.7,78.2,-21.41,7844.0,47.42,9,6,2017,0
2017-10-01,台北二,SE6 青蔥 粉蔥 ,90.4,60.9,36.5,61.9,-20.84,7905.0,0.78,10,7,2017,0
2017-10-02,台北二,SE6 青蔥 粉蔥 ,,,,,,,,10,1,2017,1
2017-10-03,台北二,SE6 青蔥 粉蔥 ,86.3,74.8,52.1,72.5,17.12,6231.0,-21.18,10,2,2017,0
2017-10-04,台北二,SE6 青蔥 粉蔥 ,184.6,151.2,96.1,146.9,102.62,3876.0,-37.79,10,3,2017,0
2017-10-05,台北二,SE6 青蔥 粉蔥 ,,,,,,,,10,4,2017,1
2017-10-06,台北二,SE6 青蔥 粉蔥 ,,,,,,,,10,5,2017,1
2017-10-07,台北二,SE6 青蔥 粉蔥 ,134.1,119.5,69.8,112.5,-23.42,6888.0,77.71,10,6,2017,0
2017-10-08,台北二,SE6 青蔥 粉蔥 ,139.5,125.3,82.4,119.6,6.31,5369.0,-22.05,10,7,2017,0
2017-10-09,台北二,SE6 青蔥 粉蔥 ,,,,,,,,10,1,2017,1
2017-10-10,台北二,SE6 青蔥 粉蔥 ,118.2,97.1,77.2,97.4,-18.56,6370.0,18.64,10,2,2017,0
2017-10-11,台北二,SE6 青蔥 粉蔥 ,103.4,86.2,70.1,86.4,-11.29,5040.0,-20.88,10,3,2017,0
2017-10-12,台北二,SE6 青蔥 粉蔥 ,83.6,61.9,38.6,61.6,-28.7,4958.0,-1.63,10,4,2017,0
2017-10-13,台北二,SE6 青蔥 粉蔥 ,81.1,65.8,46.7,65.1,5.68,4671.0,-5.79,10,5,2017,0
2017-10-14,台北二,SE6 青蔥 粉蔥 ,93.5,85.6,59.1,81.9,25.81,4258.0,-8.84,10,6,2017,0
2017-10-15,台北二,SE6 青蔥 粉蔥 ,150.5,128.0,87.8,124.5,52.01,4595.0,7.91,10,7,2017,0
2017-10-16,台北二,SE6 青蔥 粉蔥 ,,,,,,,,10,1,2017,1
2017-10-17,台北二,SE6 青蔥 粉蔥 ,160.7,129.5,78.6,125.6,0.88,5967.0,29.86,10,2,2017,0
2017-10-18,台北二,SE6 青蔥 粉蔥 ,127.7,102.0,62.4,99.2,-21.02,5228.0,-12.38,10,3,2017,0
2017-10-19,台北二,SE6 青蔥 粉蔥 ,134.0,108.5,64.5,104.8,5.65,3834.0,-26.66,10,4,2017,0
2017-10-20,台北二,SE6 青蔥 粉蔥 ,124.0,111.9,73.3,106.6,1.72,4186.0,9.18,10,5,2017,0
2017-10-21,台北二,SE6 青蔥 粉蔥 ,126.5,103.5,61.2,99.7,-6.47,6063.0,44.84,10,6,2017,0
2017-10-22,台北二,SE6 青蔥 粉蔥 ,120.2,105.9,83.3,104.3,4.61,5072.0,-16.35,10,7,2017,0
2017-10-23,台北二,SE6 青蔥 粉蔥 ,,,,,,,,10,1,2017,1
2017-10-24,台北二,SE6 青蔥 粉蔥 ,140.3,119.9,99.4,119.9,14.96,4713.0,-7.08,10,2,2017,0
2017-10-25,台北二,SE6 青蔥 粉蔥 ,147.2,132.3,101.9,129.2,7.76,3400.0,-27.86,10,3,2017,0
2017-10-26,台北二,SE6 青蔥 粉蔥 ,146.6,130.9,94.7,126.8,-1.86,3518.0,3.47,10,4,2017,0
2017-10-27,台北二,SE6 青蔥 粉蔥 ,169.0,139.0,107.8,138.8,9.46,3902.0,10.92,10,5,2017,0
2017-10-28,台北二,SE6 青蔥 粉蔥 ,154.7,122.5,84.1,121.3,-12.61,5376.0,37.78,10,6,2017,0
2017-10-29,台北二,SE6 青蔥 粉蔥 ,158.3,117.4,70.8,116.3,-4.12,4622.0,-14.03,10,7,2017,0
2017-10-30,台北二,SE6 青蔥 粉蔥 ,,,,,,,,10,1,2017,1
2017-10-31,台北二,SE6 青蔥 粉蔥 ,156.3,113.9,84.3,116.5,0.17,5059.0,9.45,10,2,2017,0
2017-11-01,台北二,SE6 青蔥 粉蔥 ,144.6,114.0,82.3,113.8,-2.32,3724.0,-26.39,11,3,2017,0
2017-11-02,台北二,SE6 青蔥 粉蔥 ,144.4,118.0,85.8,116.8,2.64,3179.0,-14.63,11,4,2017,0
2017-11-03,台北二,SE6 青蔥 粉蔥 ,130.6,107.1,80.0,106.4,-8.9,3992.0,25.57,11,5,2017,0
2017-11-04,台北二,SE6 青蔥 粉蔥 ,138.9,105.3,41.9,99.3,-6.67,4687.0,17.41,11,6,2017,0
2017-11-05,台北二,SE6 青蔥 粉蔥 ,119.7,94.0,65.2,93.4,-5.94,5430.0,15.85,11,7,2017,0
2017-11-06,台北二,SE6 青蔥 粉蔥 ,,,,,,,,11,1,2017,1
2017-11-07,台北二,SE6 青蔥 粉蔥 ,120.7,98.1,29.6,88.9,-4.82,5676.0,4.53,11,2,2017,0
2017-11-08,台北二,SE6 青蔥 粉蔥 ,124.4,102.0,58.6,97.8,10.01,4202.0,-25.97,11,3,2017,0
2017-11-09,台北二,SE6 青蔥 粉蔥 ,132.5,89.5,38.4,87.9,-10.12,3906.0,-7.04,11,4,2017,0
2017-11-10,台北二,SE6 青蔥 粉蔥 ,119.3,95.6,68.7,94.9,7.96,4732.0,21.15,11,5,2017,0
2017-11-11,台北二,SE6 青蔥 粉蔥 ,97.6,71.4,38.6,70.1,-26.13,5682.0,20.08,11,6,2017,0
2017-11-12,台北二,SE6 青蔥 粉蔥 ,89.7,71.4,48.5,70.5,0.57,4315.0,-24.06,11,7,2017,0
2017-11-13,台北二,SE6 青蔥 粉蔥 ,,,,,,,,11,1,2017,1
2017-11-14,台北二,SE6 青蔥 粉蔥 ,113.2,73.9,45.3,76.1,7.94,4768.0,10.5,11,2,2017,0
2017-11-15,台北二,SE6 青蔥 粉蔥 ,106.5,59.3,38.3,64.5,-15.24,4769.0,0.02,11,3,2017,0
2017-11-16,台北二,SE6 青蔥 粉蔥 ,112.4,84.0,44.6,81.8,26.82,4060.0,-14.87,11,4,2017,0
2017-11-17,台北二,SE6 青蔥 粉蔥 ,83.5,57.7,34.8,58.2,-28.85,5811.0,43.13,11,5,2017,0
2017-11-18,台北二,SE6 青蔥 粉蔥 ,87.1,66.7,40.2,65.5,12.54,4421.0,-23.92,11,6,2017,0
2017-11-19,台北二,SE6 青蔥 粉蔥 ,73.2,56.2,37.0,55.8,-14.81,5496.0,24.32,11,7,2017,0
2017-11-20,台北二,SE6 青蔥 粉蔥 ,,,,,,,,11,1,2017,1
2017-11-21,台北二,SE6 青蔥 粉蔥 ,87.5,62.0,32.9,61.3,9.86,4569.0,-16.87,11,2,2017,0
2017-11-22,台北二,SE6 青蔥 粉蔥 ,75.0,58.5,39.3,57.9,-5.55,4472.0,-2.12,11,3,2017,0
2017-11-23,台北二,SE6 青蔥 粉蔥 ,68.7,53.3,36.6,53.0,-8.46,5829.0,30.34,11,4,2017,0
2017-11-24,台北二,SE6 青蔥 粉蔥 ,58.3,48.9,30.6,47.1,-11.13,7186.0,23.28,11,5,2017,0
2017-11-25,台北二,SE6 青蔥 粉蔥 ,62.7,46.6,30.6,46.6,-1.06,6941.0,-3.41,11,6,2017,0
2017-11-26,台北二,SE6 青蔥 粉蔥 ,61.3,45.0,30.3,45.4,-2.58,6918.0,-0.33,11,7,2017,0
2017-11-27,台北二,SE6 青蔥 粉蔥 ,,,,,,,,11,1,2017,1
2017-11-28,台北二,SE6 青蔥 粉蔥 ,70.5,50.2,34.0,51.0,12.33,6488.0,-6.22,11,2,2017,0
2017-11-29,台北二,SE6 青蔥 粉蔥 ,66.9,46.8,27.4,46.9,-8.04,5662.0,-12.73,11,3,2017,0
2017-11-30,台北二,SE6 青蔥 粉蔥 ,76.5,45.3,22.5,46.9,0.0,5297.0,-6.45,11,4,2017,0
2017-12-01,台北二,SE6 青蔥 粉蔥 ,62.6,39.7,19.5,40.2,-14.29,7732.0,45.97,12,5,2017,0
2017-12-02,台北二,SE6 青蔥 粉蔥 ,67.2,44.3,22.7,44.5,10.7,6449.0,-16.59,12,6,2017,0
2017-12-03,台北二,SE6 青蔥 粉蔥 ,64.4,38.2,24.6,40.7,-8.54,6695.0,3.81,12,7,2017,0
2017-12-04,台北二,SE6 青蔥 粉蔥 ,,,,,,,,12,1,2017,1
2017-12-05,台北二,SE6 青蔥 粉蔥 ,67.2,45.7,29.6,46.8,14.99,5705.0,-14.79,12,2,2017,0
2017-12-06,台北二,SE6 青蔥 粉蔥 ,61.8,40.2,24.2,41.3,-11.75,5900.0,3.42,12,3,2017,0
2017-12-07,台北二,SE6 青蔥 粉蔥 ,66.8,42.6,26.1,44.2,7.02,4471.0,-24.22,12,4,2017,0
2017-12-08,台北二,SE6 青蔥 粉蔥 ,59.7,38.7,22.5,39.7,-10.18,6424.0,43.68,12,5,2017,0
2017-12-09,台北二,SE6 青蔥 粉蔥 ,56.9,39.7,28.7,40.9,3.02,7196.0,12.02,12,6,2017,0
2017-12-10,台北二,SE6 青蔥 粉蔥 ,61.6,41.3,28.1,42.7,4.4,6773.0,-5.88,12,7,2017,0
2017-12-11,台北二,SE6 青蔥 粉蔥 ,,,,,,,,12,1,2017,1
2017-12-12,台北二,SE6 青蔥 粉蔥 ,73.7,52.9,31.4,52.8,23.65,5269.0,-22.21,12,2,2017,0
2017-12-13,台北二,SE6 青蔥 粉蔥 ,57.1,41.3,25.3,41.3,-21.78,6750.0,28.11,12,3,2017,0
2017-12-14,台北二,SE6 青蔥 粉蔥 ,59.5,40.4,23.4,40.8,-1.21,6178.0,-8.47,12,4,2017,0
2017-12-15,台北二,SE6 青蔥 粉蔥 ,47.0,35.1,17.3,33.9,-16.91,7590.0,22.86,12,5,2017,0
2017-12-16,台北二,SE6 青蔥 粉蔥 ,47.2,34.0,19.0,33.7,-0.59,6643.0,-12.48,12,6,2017,0
2017-12-17,台北二,SE6 青蔥 粉蔥 ,58.1,38.0,20.4,38.5,14.24,7263.0,9.33,12,7,2017,0
2017-12-18,台北二,SE6 青蔥 粉蔥 ,,,,,,,,12,1,2017,1
2017-12-19,台北二,SE6 青蔥 粉蔥 ,59.6,40.8,28.3,42.1,9.35,8252.0,13.62,12,2,2017,0
2017-12-20,台北二,SE6 青蔥 粉蔥 ,47.3,33.1,26.3,34.6,-17.81,9109.0,10.39,12,3,2017,0
2017-12-21,台北二,SE6 青蔥 粉蔥 ,53.0,32.5,23.5,34.8,0.58,9572.0,5.08,12,4,2017,0
2017-12-22,台北二,SE6 青蔥 粉蔥 ,48.3,35.7,26.0,36.3,4.31,8484.0,-11.37,12,5,2017,0
2017-12-23,台北二,SE6 青蔥 粉蔥 ,49.4,40.2,24.3,38.9,7.16,7223.0,-14.86,12,6,2017,0
2017-12-24,台北二,SE6 青蔥 粉蔥 ,56.9,40.7,28.4,41.5,6.68,6753.0,-6.51,12,7,2017,0
2017-12-25,台北二,SE6 青蔥 粉蔥 ,,,,,,,,12,1,2017,1
2017-12-26,台北二,SE6 青蔥 粉蔥 ,48.9,36.1,19.9,35.4,-14.7,10052.0,48.85,12,2,2017,0
2017-12-27,台北二,SE6 青蔥 粉蔥 ,45.0,32.5,17.9,32.1,-9.32,8177.0,-18.65,12,3,2017,0
2017-12-28,台北二,SE6 青蔥 粉蔥 ,43.0,30.8,20.5,31.2,-2.8,8088.0,-1.09,12,4,2017,0
2017-12-29,台北二,SE6 青蔥 粉蔥 ,39.9,26.2,16.6,27.0,-13.46,9577.0,18.41,12,5,2017,0
2017-12-30,台北二,SE6 青蔥 粉蔥 ,34.6,26.0,18.0,26.1,-3.33,9747.0,1.78,12,6,2017,0
2017-12-31,台北二,SE6 青蔥 粉蔥 ,52.7,27.6,18.3,30.8,18.01,9066.0,-6.99,12,7,2017,0
2018-01-01,台北二,SE6 青蔥 粉蔥 ,,,,,,,,1,1,2018,1
2018-01-02,台北二,SE6 青蔥 粉蔥 ,41.7,27.5,16.7,28.2,-8.44,10775.0,18.85,1,2,2018,0
2018-01-03,台北二,SE6 青蔥 粉蔥 ,37.5,25.1,17.3,26.0,-7.8,9514.0,-11.7,1,3,2018,0
2018-01-04,台北二,SE6 青蔥 粉蔥 ,33.9,23.4,15.7,23.9,-8.08,9362.0,-1.6,1,4,2018,0
2018-01-05,台北二,SE6 青蔥 粉蔥 ,34.7,21.2,13.7,22.4,-6.28,10913.0,16.57,1,5,2018,0
2018-01-06,台北二,SE6 青蔥 粉蔥 ,38.5,27.1,19.7,27.9,24.55,8568.0,-21.49,1,6,2018,0
2018-01-07,台北二,SE6 青蔥 粉蔥 ,34.4,21.2,12.8,22.1,-20.79,11999.0,40.04,1,7,2018,0
2018-01-08,台北二,SE6 青蔥 粉蔥 ,,,,,,,,1,1,2018,1
2018-01-09,台北二,SE6 青蔥 粉蔥 ,49.4,32.8,20.7,33.7,52.49,8098.0,-32.51,1,2,2018,0
2018-01-10,台北二,SE6 青蔥 粉蔥 ,48.7,36.6,26.9,37.1,10.09,7330.0,-9.48,1,3,2018,0
2018-01-11,台北二,SE6 青蔥 粉蔥 ,69.2,54.6,46.0,55.8,50.4,5280.0,-27.97,1,4,2018,0
2018-01-12,台北二,SE6 青蔥 粉蔥 ,59.4,46.3,31.9,46.0,-17.56,9448.0,78.94,1,5,2018,0
2018-01-13,台北二,SE6 青蔥 粉蔥 ,54.0,41.1,30.2,41.5,-9.78,10845.0,14.79,1,6,2018,0
2018-01-14,台北二,SE6 青蔥 粉蔥 ,51.8,40.5,29.9,40.6,-2.17,10017.0,-7.63,1,7,2018,0
2018-01-15,台北二,SE6 青蔥 粉蔥 ,,,,,,,,1,1,2018,1
2018-01-16,台北二,SE6 青蔥 粉蔥 ,46.8,31.1,21.9,32.4,-20.2,13818.0,37.95,1,2,2018,0
2018-01-17,台北二,SE6 青蔥 粉蔥 ,36.6,26.4,17.1,26.6,-17.9,11894.0,-13.92,1,3,2018,0
2018-01-18,台北二,SE6 青蔥 粉蔥 ,34.1,26.0,17.8,26.0,-2.26,10065.0,-15.38,1,4,2018,0
2018-01-19,台北二,SE6 青蔥 粉蔥 ,28.3,20.4,10.8,20.1,-22.69,12611.0,25.3,1,5,2018,0
2018-01-20,台北二,SE6 青蔥 粉蔥 ,31.2,23.6,17.9,24.0,19.4,10743.0,-14.81,1,6,2018,0
2018-01-21,台北二,SE6 青蔥 粉蔥 ,29.5,22.6,16.7,22.8,-5.0,11396.0,6.08,1,7,2018,0
2018-01-22,台北二,SE6 青蔥 粉蔥 ,,,,,,,,1,1,2018,1
2018-01-23,台北二,SE6 青蔥 粉蔥 ,29.4,23.1,18.7,23.5,3.07,12640.0,10.92,1,2,2018,0
2018-01-24,台北二,SE6 青蔥 粉蔥 ,29.1,23.3,14.9,22.7,-3.4,11127.0,-11.97,1,3,2018,0
2018-01-25,台北二,SE6 青蔥 粉蔥 ,29.7,22.7,14.5,22.4,-1.32,10064.0,-9.55,1,4,2018,0
2018-01-26,台北二,SE6 青蔥 粉蔥 ,28.9,22.0,15.5,22.1,-1.34,10254.0,1.89,1,5,2018,0
2018-01-27,台北二,SE6 青蔥 粉蔥 ,30.6,23.5,18.8,24.0,8.6,10776.0,5.09,1,6,2018,0
2018-01-28,台北二,SE6 青蔥 粉蔥 ,31.5,23.0,18.5,23.8,-0.83,11588.0,7.54,1,7,2018,0
2018-01-29,台北二,SE6 青蔥 粉蔥 ,,,,,,,,1,1,2018,1
2018-01-30,台北二,SE6 青蔥 粉蔥 ,35.3,29.8,24.4,29.8,25.21,9820.0,-15.26,1,2,2018,0
2018-01-31,台北二,SE6 青蔥 粉蔥 ,34.5,27.7,19.5,27.4,-8.05,10837.0,10.36,1,3,2018,0
2018-02-01,台北二,SE6 青蔥 粉蔥 ,35.4,25.0,19.6,26.0,-5.11,10982.0,1.34,2,4,2018,0
2018-02-02,台北二,SE6 青蔥 粉蔥 ,29.2,21.8,16.6,22.2,-14.62,12699.0,15.63,2,5,2018,0
2018-02-03,台北二,SE6 青蔥 粉蔥 ,27.2,21.1,15.9,21.3,-4.05,11855.0,-6.65,2,6,2018,0
2018-02-04,台北二,SE6 青蔥 粉蔥 ,29.5,19.7,14.4,20.6,-3.29,11450.0,-3.42,2,7,2018,0
2018-02-05,台北二,SE6 青蔥 粉蔥 ,,,,,,,,2,1,2018,1
2018-02-06,台北二,SE6 青蔥 粉蔥 ,36.7,28.2,25.7,29.4,42.72,9932.0,-13.26,2,2,2018,0
2018-02-07,台北二,SE6 青蔥 粉蔥 ,36.1,31.3,27.1,31.4,6.8,11419.0,14.97,2,3,2018,0
2018-02-08,台北二,SE6 青蔥 粉蔥 ,34.2,25.2,17.5,25.5,-18.79,12225.0,7.06,2,4,2018,0
2018-02-09,台北二,SE6 青蔥 粉蔥 ,39.0,35.3,31.0,35.2,38.04,10265.0,-16.03,2,5,2018,0
2018-02-10,台北二,SE6 青蔥 粉蔥 ,43.0,34.9,26.5,34.8,-1.14,14049.0,36.86,2,6,2018,0
2018-02-11,台北二,SE6 青蔥 粉蔥 ,36.6,25.2,18.4,26.1,-25.0,19032.0,35.47,2,7,2018,0
2018-02-12,台北二,SE6 青蔥 粉蔥 ,42.0,29.4,20.3,30.1,15.33,14635.0,-23.1,2,1,2018,0
2018-02-13,台北二,SE6 青蔥 粉蔥 ,42.1,30.2,19.2,30.4,1.0,20665.0,41.2,2,2,2018,0
2018-02-14,台北二,SE6 青蔥 粉蔥 ,45.8,30.4,14.4,30.3,-0.33,22478.0,8.77,2,3,2018,0
2018-02-15,台北二,SE6 青蔥 粉蔥 ,31.1,18.5,9.9,19.3,-36.3,14025.0,-37.61,2,4,2018,0
2018-02-16,台北二,SE6 青蔥 粉蔥 ,,,,,,,,2,5,2018,1
2018-02-17,台北二,SE6 青蔥 粉蔥 ,,,,,,,,2,6,2018,1
2018-02-18,台北二,SE6 青蔥 粉蔥 ,,,,,,,,2,7,2018,1
2018-02-19,台北二,SE6 青蔥 粉蔥 ,,,,,,,,2,1,2018,1
2018-02-20,台北二,SE6 青蔥 粉蔥 ,,,,,,,,2,2,2018,1
2018-02-21,台北二,SE6 青蔥 粉蔥 ,44.8,36.2,22.0,35.1,81.87,10537.0,-24.87,2,3,2018,0
2018-02-22,台北二,SE6 青蔥 粉蔥 ,53.3,36.6,22.4,37.1,5.7,10024.0,-4.87,2,4,2018,0
2018-02-23,台北二,SE6 青蔥 粉蔥 ,81.8,63.7,40.3,62.6,68.73,12194.0,21.65,2,5,2018,0
2018-02-24,台北二,SE6 青蔥 粉蔥 ,,,,,,,,2,6,2018,1
2018-02-25,台北二,SE6 青蔥 粉蔥 ,,,,,,,,2,7,2018,1
2018-02-26,台北二,SE6 青蔥 粉蔥 ,,,,,,,,2,1,2018,1
2018-02-27,台北二,SE6 青蔥 粉蔥 ,36.0,24.5,13.1,24.5,-60.86,20024.0,64.21,2,2,2018,0
2018-02-28,台北二,SE6 青蔥 粉蔥 ,28.6,18.2,5.7,17.8,-27.35,15786.0,-21.16,2,3,2018,0
2018-03-01,台北二,SE6 青蔥 粉蔥 ,30.0,19.7,12.6,20.3,14.04,11753.0,-25.55,3,4,2018,0
2018-03-02,台北二,SE6 青蔥 粉蔥 ,30.1,18.9,11.7,19.7,-2.96,14192.0,20.75,3,5,2018,0
2018-03-03,台北二,SE6 青蔥 粉蔥 ,30.3,21.5,13.8,21.7,10.15,12534.0,-11.68,3,6,2018,0
2018-03-04,台北二,SE6 青蔥 粉蔥 ,28.2,18.1,9.5,18.4,-15.21,15483.0,23.53,3,7,2018,0
2018-03-05,台北二,SE6 青蔥 粉蔥 ,,,,,,,,3,1,2018,1
2018-03-06,台北二,SE6 青蔥 粉蔥 ,,,,,,,,3,2,2018,1
2018-03-07,台北二,SE6 青蔥 粉蔥 ,,,,,,,,3,3,2018,1
2018-03-08,台北二,SE6 青蔥 粉蔥 ,30.3,20.9,11.9,21.0,14.13,15455.0,-0.18,3,4,2018,0
2018-03-09,台北二,SE6 青蔥 粉蔥 ,33.9,23.8,13.9,23.9,13.81,9772.0,-36.77,3,5,2018,0
2018-03-10,台北二,SE6 青蔥 粉蔥 ,36.0,27.5,21.8,28.0,17.15,11698.0,19.71,3,6,2018,0
2018-03-11,台北二,SE6 青蔥 粉蔥 ,33.2,23.4,16.4,24.0,-14.29,14274.0,22.02,3,7,2018,0
2018-03-12,台北二,SE6 青蔥 粉蔥 ,,,,,,,,3,1,2018,1
2018-03-13,台北二,SE6 青蔥 粉蔥 ,36.9,25.9,18.7,26.7,11.25,13237.0,-7.26,3,2,2018,0
2018-03-14,台北二,SE6 青蔥 粉蔥 ,31.0,22.1,13.1,22.1,-17.23,11718.0,-11.48,3,3,2018,0
2018-03-15,台北二,SE6 青蔥 粉蔥 ,30.3,20.7,14.7,21.4,-3.17,10111.0,-13.71,3,4,2018,0
2018-03-16,台北二,SE6 青蔥 粉蔥 ,30.3,22.2,15.3,22.4,4.67,10382.0,2.68,3,5,2018,0
2018-03-17,台北二,SE6 青蔥 粉蔥 ,31.7,23.8,18.1,24.3,8.48,10439.0,0.55,3,6,2018,0
2018-03-18,台北二,SE6 青蔥 粉蔥 ,33.4,24.5,18.7,25.1,3.29,11603.0,11.15,3,7,2018,0
2018-03-19,台北二,SE6 青蔥 粉蔥 ,,,,,,,,3,1,2018,1
2018-03-20,台北二,SE6 青蔥 粉蔥 ,35.7,24.3,17.4,25.2,0.4,12552.0,8.18,3,2,2018,0
2018-03-21,台北二,SE6 青蔥 粉蔥 ,29.3,20.6,16.4,21.5,-14.68,11695.0,-6.83,3,3,2018,0
2018-03-22,台北二,SE6 青蔥 粉蔥 ,30.1,22.1,15.7,22.4,4.19,9765.0,-16.5,3,4,2018,0
2018-03-23,台北二,SE6 青蔥 粉蔥 ,30.4,21.2,16.1,22.0,-1.79,11024.0,12.89,3,5,2018,0
2018-03-24,台北二,SE6 青蔥 粉蔥 ,31.9,23.4,16.0,23.6,7.27,11829.0,7.3,3,6,2018,0
2018-03-25,台北二,SE6 青蔥 粉蔥 ,31.2,22.2,14.8,22.5,-4.66,12911.0,9.15,3,7,2018,0
2018-03-26,台北二,SE6 青蔥 粉蔥 ,,,,,,,,3,1,2018,1
2018-03-27,台北二,SE6 青蔥 粉蔥 ,33.1,25.7,18.1,25.7,14.22,12459.0,-3.5,3,2,2018,0
2018-03-28,台北二,SE6 青蔥 粉蔥 ,31.2,22.8,17.7,23.5,-8.56,10870.0,-12.75,3,3,2018,0
2018-03-29,台北二,SE6 青蔥 粉蔥 ,29.3,21.3,16.0,21.9,-6.81,10823.0,-0.43,3,4,2018,0
2018-03-30,台北二,SE6 青蔥 粉蔥 ,28.6,20.4,14.9,20.9,-4.57,11232.0,3.78,3,5,2018,0
2018-03-31,台北二,SE6 青蔥 粉蔥 ,31.8,22.6,13.9,22.7,8.61,10272.0,-8.55,3,6,2018,0
2018-04-01,台北二,SE6 青蔥 粉蔥 ,34.4,21.7,13.1,22.6,-0.44,11664.0,13.55,4,7,2018,0
2018-04-02,台北二,SE6 青蔥 粉蔥 ,,,,,,,,4,1,2018,1
2018-04-03,台北二,SE6 青蔥 粉蔥 ,35.8,26.4,17.3,26.5,17.26,13055.0,11.93,4,2,2018,0
2018-04-04,台北二,SE6 青蔥 粉蔥 ,47.0,32.4,22.4,33.3,25.66,14144.0,8.34,4,3,2018,0
2018-04-05,台北二,SE6 青蔥 粉蔥 ,,,,,,,,4,4,2018,1
2018-04-06,台北二,SE6 青蔥 粉蔥 ,,,,,,,,4,5,2018,1
2018-04-07,台北二,SE6 青蔥 粉蔥 ,44.0,32.9,27.2,34.0,2.1,12043.0,-14.85,4,6,2018,0
2018-04-08,台北二,SE6 青蔥 粉蔥 ,42.6,32.4,24.7,32.9,-3.24,11591.0,-3.75,4,7,2018,0
2018-04-09,台北二,SE6 青蔥 粉蔥 ,,,,,,,,4,1,2018,1
2018-04-10,台北二,SE6 青蔥 粉蔥 ,38.2,30.5,18.8,29.7,-9.73,12068.0,4.12,4,2,2018,0
2018-04-11,台北二,SE6 青蔥 粉蔥 ,31.9,22.3,14.8,22.7,-23.57,11960.0,-0.89,4,3,2018,0
2018-04-12,台北二,SE6 青蔥 粉蔥 ,31.1,20.3,13.6,21.1,-7.05,11116.0,-7.06,4,4,2018,0
2018-04-13,台北二,SE6 青蔥 粉蔥 ,34.4,20.7,11.2,21.5,1.9,9787.0,-11.96,4,5,2018,0
2018-04-14,台北二,SE6 青蔥 粉蔥 ,43.2,25.2,14.0,26.6,23.72,10192.0,4.14,4,6,2018,0
2018-04-15,台北二,SE6 青蔥 粉蔥 ,39.4,23.0,11.0,23.9,-10.15,11558.0,13.4,4,7,2018,0
2018-04-16,台北二,SE6 青蔥 粉蔥 ,,,,,,,,4,1,2018,1
2018-04-17,台北二,SE6 青蔥 粉蔥 ,42.5,27.6,19.3,28.9,20.92,10322.0,-10.69,4,2,2018,0
2018-04-18,台北二,SE6 青蔥 粉蔥 ,47.0,39.8,28.3,39.0,34.95,7095.0,-31.26,4,3,2018,0
2018-04-19,台北二,SE6 青蔥 粉蔥 ,49.7,39.8,28.0,39.4,1.03,7632.0,7.57,4,4,2018,0
2018-04-20,台北二,SE6 青蔥 粉蔥 ,38.7,26.2,16.6,26.8,-31.98,10638.0,39.39,4,5,2018,0
2018-04-21,台北二,SE6 青蔥 粉蔥 ,40.6,28.8,16.6,28.7,7.09,10164.0,-4.46,4,6,2018,0
2018-04-22,台北二,SE6 青蔥 粉蔥 ,33.6,25.7,16.5,25.4,-11.5,11429.0,12.45,4,7,2018,0
2018-04-23,台北二,SE6 青蔥 粉蔥 ,,,,,,,,4,1,2018,1
2018-04-24,台北二,SE6 青蔥 粉蔥 ,45.0,35.3,25.0,35.2,38.58,8672.0,-24.12,4,2,2018,0
2018-04-25,台北二,SE6 青蔥 粉蔥 ,33.6,24.3,14.0,24.1,-31.53,10940.0,26.15,4,3,2018,0
2018-04-26,台北二,SE6 青蔥 粉蔥 ,38.1,29.3,19.0,29.0,20.33,8640.0,-21.02,4,4,2018,0
2018-04-27,台北二,SE6 青蔥 粉蔥 ,31.9,24.4,15.6,24.2,-16.55,10047.0,16.28,4,5,2018,0
2018-04-28,台北二,SE6 青蔥 粉蔥 ,39.3,31.6,24.3,31.7,30.99,8351.0,-16.88,4,6,2018,0
2018-04-29,台北二,SE6 青蔥 粉蔥 ,39.7,28.3,22.5,29.4,-7.26,9938.0,19.0,4,7,2018,0
2018-04-30,台北二,SE6 青蔥 粉蔥 ,,,,,,,,4,1,2018,1
2018-05-01,台北二,SE6 青蔥 粉蔥 ,45.8,38.5,25.7,37.4,27.21,8596.0,-13.5,5,2,2018,0
2018-05-02,台北二,SE6 青蔥 粉蔥 ,45.7,35.9,25.9,35.9,-4.01,7776.0,-9.54,5,3,2018,0
2018-05-03,台北二,SE6 青蔥 粉蔥 ,43.0,32.3,23.4,32.7,-8.91,7762.0,-0.18,5,4,2018,0
2018-05-04,台北二,SE6 青蔥 粉蔥 ,39.6,32.5,23.3,32.1,-1.83,7902.0,1.8,5,5,2018,0
2018-05-05,台北二,SE6 青蔥 粉蔥 ,46.0,37.5,25.5,36.8,14.64,7438.0,-5.87,5,6,2018,0
2018-05-06,台北二,SE6 青蔥 粉蔥 ,55.8,43.0,31.1,43.2,17.39,7960.0,7.02,5,7,2018,0
2018-05-07,台北二,SE6 青蔥 粉蔥 ,,,,,,,,5,1,2018,1
2018-05-08,台北二,SE6 青蔥 粉蔥 ,55.4,48.9,36.2,47.6,10.19,7981.0,0.26,5,2,2018,0
2018-05-09,台北二,SE6 青蔥 粉蔥 ,46.8,37.3,29.4,37.6,-21.01,8632.0,8.16,5,3,2018,0
2018-05-10,台北二,SE6 青蔥 粉蔥 ,49.5,41.0,32.5,41.0,9.04,6667.0,-22.76,5,4,2018,0
2018-05-11,台北二,SE6 青蔥 粉蔥 ,49.5,40.6,31.1,40.5,-1.22,7788.0,16.81,5,5,2018,0
2018-05-12,台北二,SE6 青蔥 粉蔥 ,49.0,40.8,34.3,41.2,1.73,8472.0,8.78,5,6,2018,0
2018-05-13,台北二,SE6 青蔥 粉蔥 ,51.2,41.3,27.1,40.5,-1.7,8985.0,6.06,5,7,2018,0
2018-05-14,台北二,SE6 青蔥 粉蔥 ,,,,,,,,5,1,2018,1
2018-05-15,台北二,SE6 青蔥 粉蔥 ,44.6,36.0,25.6,35.7,-11.85,9868.0,9.83,5,2,2018,0
2018-05-16,台北二,SE6 青蔥 粉蔥 ,43.0,32.6,24.4,33.0,-7.56,7908.0,-19.86,5,3,2018,0
2018-05-17,台北二,SE6 青蔥 粉蔥 ,39.7,28.5,18.8,28.8,-12.73,7129.0,-9.85,5,4,2018,0
2018-05-18,台北二,SE6 青蔥 粉蔥 ,38.9,28.0,18.8,28.3,-1.74,8355.0,17.2,5,5,2018,0
2018-05-19,台北二,SE6 青蔥 粉蔥 ,52.4,32.6,16.7,33.4,18.02,8151.0,-2.44,5,6,2018,0
2018-05-20,台北二,SE6 青蔥 粉蔥 ,52.5,37.7,21.7,37.5,12.28,8431.0,3.44,5,7,2018,0
2018-05-21,台北二,SE6 青蔥 粉蔥 ,,,,,,,,5,1,2018,1
2018-05-22,台北二,SE6 青蔥 粉蔥 ,48.3,38.3,22.7,37.2,-0.8,8575.0,1.71,5,2,2018,0
2018-05-23,台北二,SE6 青蔥 粉蔥 ,47.1,36.0,22.8,35.6,-4.3,8632.0,0.66,5,3,2018,0
2018-05-24,台北二,SE6 青蔥 粉蔥 ,43.2,28.6,15.4,28.9,-18.82,8854.0,2.57,5,4,2018,0
2018-05-25,台北二,SE6 青蔥 粉蔥 ,42.9,31.3,17.5,30.8,6.57,8152.0,-7.93,5,5,2018,0
2018-05-26,台北二,SE6 青蔥 粉蔥 ,47.0,35.8,24.3,35.8,16.23,6650.0,-18.42,5,6,2018,0
2018-05-27,台北二,SE6 青蔥 粉蔥 ,51.5,43.8,27.5,42.1,17.6,6940.0,4.36,5,7,2018,0
2018-05-28,台北二,SE6 青蔥 粉蔥 ,,,,,,,,5,1,2018,1
2018-05-29,台北二,SE6 青蔥 粉蔥 ,45.8,33.5,20.5,33.4,-20.67,11170.0,60.95,5,2,2018,0
2018-05-30,台北二,SE6 青蔥 粉蔥 ,41.2,29.4,17.5,29.4,-11.98,8331.0,-25.42,5,3,2018,0
2018-05-31,台北二,SE6 青蔥 粉蔥 ,39.5,30.0,21.1,30.1,2.38,6193.0,-25.66,5,4,2018,0
2018-06-01,台北二,SE6 青蔥 粉蔥 ,41.9,28.8,20.8,29.8,-1.0,7241.0,16.92,6,5,2018,0
2018-06-02,台北二,SE6 青蔥 粉蔥 ,48.1,36.1,26.9,36.7,23.15,6617.0,-8.62,6,6,2018,0
2018-06-03,台北二,SE6 青蔥 粉蔥 ,50.5,42.5,33.7,42.4,15.53,8515.0,28.68,6,7,2018,0
2018-06-04,台北二,SE6 青蔥 粉蔥 ,,,,,,,,6,1,2018,1
2018-06-05,台北二,SE6 青蔥 粉蔥 ,57.0,44.9,37.0,45.8,8.02,7371.0,-13.44,6,2,2018,0
2018-06-06,台北二,SE6 青蔥 粉蔥 ,55.3,43.0,33.0,43.4,-5.24,7125.0,-3.34,6,3,2018,0
2018-06-07,台北二,SE6 青蔥 粉蔥 ,53.1,40.9,29.6,41.1,-5.3,7090.0,-0.49,6,4,2018,0
2018-06-08,台北二,SE6 青蔥 粉蔥 ,47.1,38.6,27.8,38.1,-7.3,7196.0,1.5,6,5,2018,0
2018-06-09,台北二,SE6 青蔥 粉蔥 ,50.3,38.2,28.5,38.7,1.57,7241.0,0.63,6,6,2018,0
2018-06-10,台北二,SE6 青蔥 粉蔥 ,51.2,36.4,28.7,37.8,-2.33,8396.0,15.95,6,7,2018,0
2018-06-11,台北二,SE6 青蔥 粉蔥 ,,,,,,,,6,1,2018,1
2018-06-12,台北二,SE6 青蔥 粉蔥 ,60.6,49.7,38.1,49.6,31.22,5873.0,-30.05,6,2,2018,0
2018-06-13,台北二,SE6 青蔥 粉蔥 ,56.1,45.1,33.1,44.9,-9.48,7368.0,25.46,6,3,2018,0
2018-06-14,台北二,SE6 青蔥 粉蔥 ,57.2,50.8,38.9,49.7,10.69,7012.0,-4.83,6,4,2018,0
2018-06-15,台北二,SE6 青蔥 粉蔥 ,64.2,58.5,49.4,57.8,16.3,5990.0,-14.58,6,5,2018,0
2018-06-16,台北二,SE6 青蔥 粉蔥 ,58.7,52.8,44.9,52.4,-9.34,7394.0,23.44,6,6,2018,0
2018-06-17,台北二,SE6 青蔥 粉蔥 ,59.9,54.2,41.5,52.8,0.76,7796.0,5.44,6,7,2018,0
2018-06-18,台北二,SE6 青蔥 粉蔥 ,53.3,42.0,27.4,41.3,-21.78,9160.0,17.5,6,1,2018,0
2018-06-19,台北二,SE6 青蔥 粉蔥 ,,,,,,,,6,2,2018,1
2018-06-20,台北二,SE6 青蔥 粉蔥 ,,,,,,,,6,3,2018,1
2018-06-21,台北二,SE6 青蔥 粉蔥 ,54.5,44.8,33.0,44.4,7.51,5870.0,-35.92,6,4,2018,0
2018-06-22,台北二,SE6 青蔥 粉蔥 ,61.8,48.7,32.3,48.1,8.33,5357.0,-8.74,6,5,2018,0
2018-06-23,台北二,SE6 青蔥 粉蔥 ,57.3,43.3,30.8,43.6,-9.36,7540.0,40.75,6,6,2018,0
2018-06-24,台北二,SE6 青蔥 粉蔥 ,55.7,45.2,32.3,44.7,2.52,6152.0,-18.41,6,7,2018,0
2018-06-25,台北二,SE6 青蔥 粉蔥 ,,,,,,,,6,1,2018,1
2018-06-26,台北二,SE6 青蔥 粉蔥 ,50.5,42.9,29.4,41.7,-6.71,7818.0,27.08,6,2,2018,0
2018-06-27,台北二,SE6 青蔥 粉蔥 ,45.8,39.2,30.5,38.8,-6.95,6655.0,-14.88,6,3,2018,0
2018-06-28,台北二,SE6 青蔥 粉蔥 ,43.4,36.5,26.1,35.8,-7.73,6153.0,-7.54,6,4,2018,0
2018-06-29,台北二,SE6 青蔥 粉蔥 ,44.7,38.5,29.9,38.0,6.15,5152.0,-16.27,6,5,2018,0
2018-06-30,台北二,SE6 青蔥 粉蔥 ,49.4,41.6,30.6,41.0,7.89,6391.0,24.05,6,6,2018,0
2018-07-01,台北二,SE6 青蔥 粉蔥 ,55.7,41.0,28.4,41.4,0.98,6822.0,6.74,7,7,2018,0
2018-07-02,台北二,SE6 青蔥 粉蔥 ,,,,,,,,7,1,2018,1
2018-07-03,台北二,SE6 青蔥 粉蔥 ,71.7,64.1,49.1,62.6,51.21,4539.0,-33.47,7,2,2018,0
2018-07-04,台北二,SE6 青蔥 粉蔥 ,76.5,63.1,46.3,62.4,-0.32,5549.0,22.25,7,3,2018,0
2018-07-05,台北二,SE6 青蔥 粉蔥 ,56.7,41.8,30.0,42.4,-32.05,8025.0,44.62,7,4,2018,0
2018-07-06,台北二,SE6 青蔥 粉蔥 ,56.0,34.6,13.2,34.6,-18.4,8618.0,7.39,7,5,2018,0
2018-07-07,台北二,SE6 青蔥 粉蔥 ,65.3,37.5,20.2,39.6,14.45,6348.0,-26.34,7,6,2018,0
2018-07-08,台北二,SE6 青蔥 粉蔥 ,81.5,58.0,24.6,56.0,41.41,6191.0,-2.47,7,7,2018,0
2018-07-09,台北二,SE6 青蔥 粉蔥 ,,,,,,,,7,1,2018,1
2018-07-10,台北二,SE6 青蔥 粉蔥 ,84.5,74.3,54.1,72.3,29.11,7957.0,28.53,7,2,2018,0
2018-07-11,台北二,SE6 青蔥 粉蔥 ,80.5,62.5,39.4,61.5,-14.94,4908.0,-38.32,7,3,2018,0
2018-07-12,台北二,SE6 青蔥 粉蔥 ,77.6,51.8,30.7,52.8,-14.15,7792.0,58.76,7,4,2018,0
2018-07-13,台北二,SE6 青蔥 粉蔥 ,46.9,33.3,18.7,33.1,-37.31,8606.0,10.45,7,5,2018,0
2018-07-14,台北二,SE6 青蔥 粉蔥 ,51.0,30.9,17.6,32.3,-2.42,6588.0,-23.45,7,6,2018,0
2018-07-15,台北二,SE6 青蔥 粉蔥 ,49.4,34.4,19.6,34.4,6.5,6491.0,-1.47,7,7,2018,0
2018-07-16,台北二,SE6 青蔥 粉蔥 ,,,,,,,,7,1,2018,1
2018-07-17,台北二,SE6 青蔥 粉蔥 ,58.1,40.1,21.0,39.9,15.99,6210.0,-4.33,7,2,2018,0
2018-07-18,台北二,SE6 青蔥 粉蔥 ,43.9,30.4,17.8,30.6,-23.31,7605.0,22.46,7,3,2018,0
2018-07-19,台北二,SE6 青蔥 粉蔥 ,43.9,36.2,22.0,34.9,14.05,3924.0,-48.4,7,4,2018,0
2018-07-20,台北二,SE6 青蔥 粉蔥 ,44.5,38.2,24.6,36.7,5.16,4807.0,22.5,7,5,2018,0
2018-07-21,台北二,SE6 青蔥 粉蔥 ,59.8,42.9,19.7,41.6,13.35,4042.0,-15.91,7,6,2018,0
2018-07-22,台北二,SE6 青蔥 粉蔥 ,59.4,46.7,35.0,46.9,12.74,4737.0,17.19,7,7,2018,0
2018-07-23,台北二,SE6 青蔥 粉蔥 ,,,,,,,,7,1,2018,1
2018-07-24,台北二,SE6 青蔥 粉蔥 ,52.4,43.0,29.3,42.2,-10.02,6030.0,27.3,7,2,2018,0
2018-07-25,台北二,SE6 青蔥 粉蔥 ,47.8,40.7,32.2,40.4,-4.27,4743.0,-21.34,7,3,2018,0
2018-07-26,台北二,SE6 青蔥 粉蔥 ,47.4,36.7,23.9,36.3,-10.15,5880.0,23.97,7,4,2018,0
2018-07-27,台北二,SE6 青蔥 粉蔥 ,51.8,34.8,24.5,36.1,-0.55,5366.0,-8.74,7,5,2018,0
2018-07-28,台北二,SE6 青蔥 粉蔥 ,46.2,32.0,20.9,32.6,-9.7,6697.0,24.8,7,6,2018,0
2018-07-29,台北二,SE6 青蔥 粉蔥 ,43.8,32.0,19.2,31.8,-2.45,5855.0,-12.57,7,7,2018,0
2018-07-30,台北二,SE6 青蔥 粉蔥 ,,,,,,,,7,1,2018,1
2018-07-31,台北二,SE6 青蔥 粉蔥 ,46.3,34.4,23.8,34.7,9.12,4940.0,-15.63,7,2,2018,0
2018-08-01,台北二,SE6 青蔥 粉蔥 ,45.7,29.8,20.7,31.1,-10.37,5143.0,4.11,8,3,2018,0
2018-08-02,台北二,SE6 青蔥 粉蔥 ,42.0,32.6,23.3,32.6,4.82,3648.0,-29.07,8,4,2018,0
2018-08-03,台北二,SE6 青蔥 粉蔥 ,49.0,34.1,21.6,34.6,6.13,4130.0,13.21,8,5,2018,0
2018-08-04,台北二,SE6 青蔥 粉蔥 ,42.5,31.2,18.8,31.0,-10.4,5789.0,40.17,8,6,2018,0
2018-08-05,台北二,SE6 青蔥 粉蔥 ,61.6,43.4,21.1,42.6,37.42,4105.0,-29.09,8,7,2018,0
2018-08-06,台北二,SE6 青蔥 粉蔥 ,,,,,,,,8,1,2018,1
2018-08-07,台北二,SE6 青蔥 粉蔥 ,54.1,39.2,26.5,39.7,-6.81,6226.0,51.67,8,2,2018,0
2018-08-08,台北二,SE6 青蔥 粉蔥 ,49.3,35.6,21.5,35.5,-10.58,5446.0,-12.53,8,3,2018,0
2018-08-09,台北二,SE6 青蔥 粉蔥 ,51.2,35.3,22.0,35.8,0.85,5406.0,-0.73,8,4,2018,0
2018-08-10,台北二,SE6 青蔥 粉蔥 ,44.2,34.2,22.2,33.8,-5.59,5536.0,2.4,8,5,2018,0
2018-08-11,台北二,SE6 青蔥 粉蔥 ,43.4,34.2,23.1,33.8,0.0,6485.0,17.14,8,6,2018,0
2018-08-12,台北二,SE6 青蔥 粉蔥 ,43.8,31.7,22.2,32.2,-4.73,7192.0,10.9,8,7,2018,0
2018-08-13,台北二,SE6 青蔥 粉蔥 ,,,,,,,,8,1,2018,1
2018-08-14,台北二,SE6 青蔥 粉蔥 ,42.1,31.1,21.2,31.3,-2.8,6963.0,-3.18,8,2,2018,0
2018-08-15,台北二,SE6 青蔥 粉蔥 ,40.7,28.2,20.7,29.2,-6.71,5406.0,-22.36,8,3,2018,0
2018-08-16,台北二,SE6 青蔥 粉蔥 ,40.5,32.6,21.8,32.0,9.59,4568.0,-15.5,8,4,2018,0
2018-08-17,台北二,SE6 青蔥 粉蔥 ,44.3,34.8,24.1,34.5,7.81,4260.0,-6.74,8,5,2018,0
2018-08-18,台北二,SE6 青蔥 粉蔥 ,40.9,30.9,23.8,31.5,-8.7,6219.0,45.99,8,6,2018,0
2018-08-19,台北二,SE6 青蔥 粉蔥 ,39.0,29.8,19.8,29.6,-6.03,6596.0,6.06,8,7,2018,0
2018-08-20,台北二,SE6 青蔥 粉蔥 ,,,,,,,,8,1,2018,1
2018-08-21,台北二,SE6 青蔥 粉蔥 ,43.4,32.4,21.2,32.4,9.46,7051.0,6.9,8,2,2018,0
2018-08-22,台北二,SE6 青蔥 粉蔥 ,35.5,27.0,20.8,27.4,-15.43,7548.0,7.05,8,3,2018,0
2018-08-23,台北二,SE6 青蔥 粉蔥 ,36.7,28.9,21.9,29.0,5.84,6243.0,-17.29,8,4,2018,0
2018-08-24,台北二,SE6 青蔥 粉蔥 ,44.8,30.2,20.2,31.1,7.24,7269.0,16.43,8,5,2018,0
2018-08-25,台北二,SE6 青蔥 粉蔥 ,59.1,45.9,30.2,45.4,45.98,7311.0,0.58,8,6,2018,0
2018-08-26,台北二,SE6 青蔥 粉蔥 ,,,,,,,,8,7,2018,1
2018-08-27,台北二,SE6 青蔥 粉蔥 ,,,,,,,,8,1,2018,1
2018-08-28,台北二,SE6 青蔥 粉蔥 ,50.5,36.9,24.4,37.2,-18.06,7794.0,6.61,8,2,2018,0
2018-08-29,台北二,SE6 青蔥 粉蔥 ,63.7,45.6,27.4,45.6,22.58,5058.0,-35.1,8,3,2018,0
2018-08-30,台北二,SE6 青蔥 粉蔥 ,48.9,33.8,22.0,34.5,-24.34,6930.0,37.01,8,4,2018,0
2018-08-31,台北二,SE6 青蔥 粉蔥 ,51.6,36.2,21.3,36.3,5.22,6132.0,-11.52,8,5,2018,0
2018-09-01,台北二,SE6 青蔥 粉蔥 ,46.0,30.2,18.3,31.0,-14.6,6423.0,4.75,9,6,2018,0
2018-09-02,台北二,SE6 青蔥 粉蔥 ,51.0,35.9,21.0,36.0,16.13,5870.0,-8.61,9,7,2018,0
2018-09-03,台北二,SE6 青蔥 粉蔥 ,,,,,,,,9,1,2018,1
2018-09-04,台北二,SE6 青蔥 粉蔥 ,61.2,42.2,23.9,42.3,17.5,5774.0,-1.64,9,2,2018,0
2018-09-05,台北二,SE6 青蔥 粉蔥 ,53.5,40.8,26.0,40.4,-4.49,5645.0,-2.23,9,3,2018,0
2018-09-06,台北二,SE6 青蔥 粉蔥 ,55.4,42.9,27.3,42.3,4.7,4899.0,-13.22,9,4,2018,0
2018-09-07,台北二,SE6 青蔥 粉蔥 ,59.6,43.9,33.7,45.0,6.38,4548.0,-7.16,9,5,2018,0
2018-09-08,台北二,SE6 青蔥 粉蔥 ,61.2,50.1,31.3,48.6,8.0,5035.0,10.71,9,6,2018,0
2018-09-09,台北二,SE6 青蔥 粉蔥 ,71.6,61.8,36.6,58.7,20.78,5262.0,4.51,9,7,2018,0
2018-09-10,台北二,SE6 青蔥 粉蔥 ,,,,,,,,9,1,2018,1
2018-09-11,台北二,SE6 青蔥 粉蔥 ,63.0,53.0,33.7,51.1,-12.95,6541.0,24.31,9,2,2018,0
2018-09-12,台北二,SE6 青蔥 粉蔥 ,68.9,56.9,33.0,54.5,6.65,4961.0,-24.16,9,3,2018,0
2018-09-13,台北二,SE6 青蔥 粉蔥 ,71.0,48.1,25.3,48.1,-11.74,4896.0,-1.31,9,4,2018,0
2018-09-14,台北二,SE6 青蔥 粉蔥 ,69.6,49.9,33.9,50.6,5.2,4155.0,-15.13,9,5,2018,0
2018-09-15,台北二,SE6 青蔥 粉蔥 ,66.3,43.9,29.2,45.5,-10.08,4573.0,10.06,9,6,2018,0
2018-09-16,台北二,SE6 青蔥 粉蔥 ,55.3,34.8,23.8,36.7,-19.34,5592.0,22.28,9,7,2018,0
2018-09-17,台北二,SE6 青蔥 粉蔥 ,,,,,,,,9,1,2018,1
2018-09-18,台北二,SE6 青蔥 粉蔥 ,57.7,43.6,27.6,43.2,17.71,3533.0,-36.82,9,2,2018,0
2018-09-19,台北二,SE6 青蔥 粉蔥 ,65.0,52.3,25.1,49.4,14.35,2864.0,-18.94,9,3,2018,0
2018-09-20,台北二,SE6 青蔥 粉蔥 ,63.3,51.4,23.6,48.2,-2.43,3876.0,35.34,9,4,2018,0
2018-09-21,台北二,SE6 青蔥 粉蔥 ,74.3,60.0,30.0,56.8,17.84,4526.0,16.77,9,5,2018,0
2018-09-22,台北二,SE6 青蔥 粉蔥 ,75.3,59.6,33.1,57.5,1.23,5540.0,22.4,9,6,2018,0
2018-09-23,台北二,SE6 青蔥 粉蔥 ,62.5,47.0,28.1,46.3,-19.48,6770.0,22.2,9,7,2018,0
2018-09-24,台北二,SE6 青蔥 粉蔥 ,38.4,26.8,18.5,27.5,-40.6,1841.0,-72.81,9,1,2018,0
2018-09-25,台北二,SE6 青蔥 粉蔥 ,,,,,,,,9,2,2018,1
2018-09-26,台北二,SE6 青蔥 粉蔥 ,,,,,,,,9,3,2018,1
2018-09-27,台北二,SE6 青蔥 粉蔥 ,76.7,60.1,31.1,57.6,109.45,5225.0,183.81,9,4,2018,0
2018-09-28,台北二,SE6 青蔥 粉蔥 ,85.5,71.7,41.1,68.3,18.58,3178.0,-39.18,9,5,2018,0
2018-09-29,台北二,SE6 青蔥 粉蔥 ,80.1,68.1,47.5,66.4,-2.78,3118.0,-1.89,9,6,2018,0
2018-09-30,台北二,SE6 青蔥 粉蔥 ,87.9,69.2,48.1,68.7,3.46,3281.0,5.23,9,7,2018,0
2018-10-01,台北二,SE6 青蔥 粉蔥 ,,,,,,,,10,1,2018,1
2018-10-02,台北二,SE6 青蔥 粉蔥 ,72.7,52.8,34.3,53.1,-22.71,5918.0,80.37,10,2,2018,0
2018-10-03,台北二,SE6 青蔥 粉蔥 ,81.2,57.6,37.0,58.2,9.6,3370.0,-43.06,10,3,2018,0
2018-10-04,台北二,SE6 青蔥 粉蔥 ,84.8,60.2,41.6,61.4,5.5,2881.0,-14.51,10,4,2018,0
2018-10-05,台北二,SE6 青蔥 粉蔥 ,76.2,53.7,37.0,54.9,-10.59,3857.0,33.88,10,5,2018,0
2018-10-06,台北二,SE6 青蔥 粉蔥 ,78.3,59.3,39.4,59.1,7.65,3406.0,-11.69,10,6,2018,0
2018-10-07,台北二,SE6 青蔥 粉蔥 ,78.0,53.2,39.7,55.5,-6.09,4375.0,28.45,10,7,2018,0
2018-10-08,台北二,SE6 青蔥 粉蔥 ,,,,,,,,10,1,2018,1
2018-10-09,台北二,SE6 青蔥 粉蔥 ,70.2,51.9,39.8,53.1,-4.32,3969.0,-9.28,10,2,2018,0
2018-10-10,台北二,SE6 青蔥 粉蔥 ,75.4,52.9,33.4,53.5,0.75,3542.0,-10.76,10,3,2018,0
2018-10-11,台北二,SE6 青蔥 粉蔥 ,75.5,54.7,39.5,55.8,4.3,3115.0,-12.06,10,4,2018,0
2018-10-12,台北二,SE6 青蔥 粉蔥 ,67.2,46.2,31.3,47.4,-15.05,3674.0,17.95,10,5,2018,0
2018-10-13,台北二,SE6 青蔥 粉蔥 ,65.3,50.9,32.2,50.1,5.7,4100.0,11.59,10,6,2018,0
2018-10-14,台北二,SE6 青蔥 粉蔥 ,64.6,49.0,37.3,49.8,-0.6,4194.0,2.29,10,7,2018,0
2018-10-15,台北二,SE6 青蔥 粉蔥 ,,,,,,,,10,1,2018,1
2018-10-16,台北二,SE6 青蔥 粉蔥 ,69.2,52.3,38.1,52.8,6.02,4274.0,1.91,10,2,2018,0
2018-10-17,台北二,SE6 青蔥 粉蔥 ,67.1,45.9,26.8,46.3,-12.31,4174.0,-2.34,10,3,2018,0
2018-10-18,台北二,SE6 青蔥 粉蔥 ,60.0,42.0,24.6,42.1,-9.07,3425.0,-17.94,10,4,2018,0
2018-10-19,台北二,SE6 青蔥 粉蔥 ,64.8,42.8,26.8,44.0,4.51,3597.0,5.02,10,5,2018,0
2018-10-20,台北二,SE6 青蔥 粉蔥 ,55.8,40.2,28.8,41.0,-6.82,5026.0,39.73,10,6,2018,0
2018-10-21,台北二,SE6 青蔥 粉蔥 ,58.0,40.5,31.3,42.2,2.93,4918.0,-2.15,10,7,2018,0
2018-10-22,台北二,SE6 青蔥 粉蔥 ,,,,,,,,10,1,2018,1
2018-10-23,台北二,SE6 青蔥 粉蔥 ,54.6,37.2,29.5,39.1,-7.35,6650.0,35.22,10,2,2018,0
2018-10-24,台北二,SE6 青蔥 粉蔥 ,57.1,36.8,22.5,38.0,-2.81,5222.0,-21.47,10,3,2018,0
2018-10-25,台北二,SE6 青蔥 粉蔥 ,56.4,41.2,24.8,41.0,7.89,4813.0,-7.83,10,4,2018,0
2018-10-26,台北二,SE6 青蔥 粉蔥 ,43.6,30.4,17.3,30.4,-25.85,6647.0,38.11,10,5,2018,0
2018-10-27,台北二,SE6 青蔥 粉蔥 ,80.4,42.5,22.4,46.0,51.32,4074.0,-38.71,10,6,2018,0
2018-10-28,台北二,SE6 青蔥 粉蔥 ,59.3,36.3,24.0,38.4,-16.52,6250.0,53.41,10,7,2018,0
2018-10-29,台北二,SE6 青蔥 粉蔥 ,,,,,,,,10,1,2018,1
2018-10-30,台北二,SE6 青蔥 粉蔥 ,59.5,38.3,23.8,39.6,3.13,7003.0,12.05,10,2,2018,0
2018-10-31,台北二,SE6 青蔥 粉蔥 ,51.4,33.6,20.1,34.5,-12.88,6849.0,-2.2,10,3,2018,0
2018-11-01,台北二,SE6 青蔥 粉蔥 ,51.6,37.0,21.9,36.9,6.96,4667.0,-31.86,11,4,2018,0
2018-11-02,台北二,SE6 青蔥 粉蔥 ,46.4,34.1,24.2,34.6,-6.23,6070.0,30.06,11,5,2018,0
2018-11-03,台北二,SE6 青蔥 粉蔥 ,41.8,31.9,23.0,32.1,-7.23,6596.0,8.67,11,6,2018,0
2018-11-04,台北二,SE6 青蔥 粉蔥 ,50.1,34.0,23.7,35.1,9.35,6942.0,5.25,11,7,2018,0
2018-11-05,台北二,SE6 青蔥 粉蔥 ,,,,,,,,11,1,2018,1
2018-11-06,台北二,SE6 青蔥 粉蔥 ,50.4,33.4,20.5,34.2,-2.56,7641.0,10.07,11,2,2018,0
2018-11-07,台北二,SE6 青蔥 粉蔥 ,43.3,29.0,18.0,29.7,-13.16,7135.0,-6.62,11,3,2018,0
2018-11-08,台北二,SE6 青蔥 粉蔥 ,44.2,26.2,16.5,27.9,-6.06,7237.0,1.43,11,4,2018,0
2018-11-09,台北二,SE6 青蔥 粉蔥 ,39.9,22.6,13.1,24.2,-13.26,8028.0,10.93,11,5,2018,0
2018-11-10,台北二,SE6 青蔥 粉蔥 ,38.0,23.3,12.7,24.1,-0.41,9263.0,15.38,11,6,2018,0
2018-11-11,台北二,SE6 青蔥 粉蔥 ,41.9,25.9,10.0,25.9,7.47,8414.0,-9.17,11,7,2018,0
2018-11-12,台北二,SE6 青蔥 粉蔥 ,,,,,,,,11,1,2018,1
2018-11-13,台北二,SE6 青蔥 粉蔥 ,44.0,28.7,17.8,29.6,14.29,7742.0,-7.99,11,2,2018,0
2018-11-14,台北二,SE6 青蔥 粉蔥 ,41.7,26.9,15.2,27.5,-7.09,7363.0,-4.9,11,3,2018,0
2018-11-15,台北二,SE6 青蔥 粉蔥 ,44.7,32.4,22.6,32.9,19.64,6363.0,-13.58,11,4,2018,0
2018-11-16,台北二,SE6 青蔥 粉蔥 ,44.9,28.4,17.8,29.6,-10.03,7080.0,11.27,11,5,2018,0
2018-11-17,台北二,SE6 青蔥 粉蔥 ,42.9,32.4,20.2,32.1,8.45,7886.0,11.38,11,6,2018,0
2018-11-18,台北二,SE6 青蔥 粉蔥 ,44.5,26.9,16.3,28.3,-11.84,9284.0,17.73,11,7,2018,0
2018-11-19,台北二,SE6 青蔥 粉蔥 ,,,,,,,,11,1,2018,1
2018-11-20,台北二,SE6 青蔥 粉蔥 ,53.8,32.0,19.9,34.0,20.14,7698.0,-17.08,11,2,2018,0
2018-11-21,台北二,SE6 青蔥 粉蔥 ,38.2,28.4,19.0,28.5,-16.18,8151.0,5.88,11,3,2018,0
2018-11-22,台北二,SE6 青蔥 粉蔥 ,35.7,24.8,17.3,25.5,-10.53,7742.0,-5.02,11,4,2018,0
2018-11-23,台北二,SE6 青蔥 粉蔥 ,35.4,24.2,13.9,24.4,-4.31,8176.0,5.61,11,5,2018,0
2018-11-24,台北二,SE6 青蔥 粉蔥 ,43.0,25.8,16.6,27.4,12.3,7385.0,-9.67,11,6,2018,0
2018-11-25,台北二,SE6 青蔥 粉蔥 ,40.4,27.0,17.2,27.7,1.09,8848.0,19.81,11,7,2018,0
2018-11-26,台北二,SE6 青蔥 粉蔥 ,,,,,,,,11,1,2018,1
2018-11-27,台北二,SE6 青蔥 粉蔥 ,36.6,28.2,19.3,28.1,1.44,8510.0,-3.82,11,2,2018,0
2018-11-28,台北二,SE6 青蔥 粉蔥 ,41.0,27.2,18.3,28.2,0.36,7375.0,-13.34,11,3,2018,0
2018-11-29,台北二,SE6 青蔥 粉蔥 ,41.1,29.5,17.0,29.3,3.9,6042.0,-18.07,11,4,2018,0
2018-11-30,台北二,SE6 青蔥 粉蔥 ,42.0,34.6,23.5,33.9,15.7,6055.0,0.22,11,5,2018,0
2018-12-01,台北二,SE6 青蔥 粉蔥 ,38.6,29.1,20.6,29.3,-13.57,9810.0,62.01,12,6,2018,0
2018-12-02,台北二,SE6 青蔥 粉蔥 ,36.9,27.1,17.6,27.1,-7.51,10779.0,9.88,12,7,2018,0
2018-12-03,台北二,SE6 青蔥 粉蔥 ,,,,,,,,12,1,2018,1
2018-12-04,台北二,SE6 青蔥 粉蔥 ,36.6,24.4,17.1,25.3,-6.64,10550.0,-2.12,12,2,2018,0
2018-12-05,台北二,SE6 青蔥 粉蔥 ,36.8,22.5,14.7,23.8,-5.93,7490.0,-29.0,12,3,2018,0
2018-12-06,台北二,SE6 青蔥 粉蔥 ,43.0,23.5,11.1,24.9,4.62,7921.0,5.75,12,4,2018,0
2018-12-07,台北二,SE6 青蔥 粉蔥 ,40.4,24.3,13.1,25.3,1.61,7491.0,-5.43,12,5,2018,0
2018-12-08,台北二,SE6 青蔥 粉蔥 ,36.9,23.1,15.2,24.3,-3.95,9350.0,24.82,12,6,2018,0
2018-12-09,台北二,SE6 青蔥 粉蔥 ,30.2,21.1,14.8,21.6,-11.11,11306.0,20.92,12,7,2018,0
2018-12-10,台北二,SE6 青蔥 粉蔥 ,,,,,,,,12,1,2018,1
2018-12-11,台北二,SE6 青蔥 粉蔥 ,31.7,21.2,15.7,22.2,2.78,10339.0,-8.55,12,2,2018,0
2018-12-12,台北二,SE6 青蔥 粉蔥 ,37.0,21.6,14.0,23.1,4.05,7770.0,-24.85,12,3,2018,0
2018-12-13,台北二,SE6 青蔥 粉蔥 ,33.5,21.3,13.4,22.2,-3.9,8675.0,11.65,12,4,2018,0
2018-12-14,台北二,SE6 青蔥 粉蔥 ,29.2,20.1,13.2,20.5,-7.66,9680.0,11.59,12,5,2018,0
2018-12-15,台北二,SE6 青蔥 粉蔥 ,31.7,22.1,16.6,22.9,11.71,9167.0,-5.3,12,6,2018,0
2018-12-16,台北二,SE6 青蔥 粉蔥 ,36.9,26.4,18.3,26.9,17.47,7646.0,-16.59,12,7,2018,0
2018-12-17,台北二,SE6 青蔥 粉蔥 ,,,,,,,,12,1,2018,1
2018-12-18,台北二,SE6 青蔥 粉蔥 ,37.3,25.3,20.1,26.7,-0.74,9399.0,22.93,12,2,2018,0
2018-12-19,台北二,SE6 青蔥 粉蔥 ,38.8,26.9,20.7,28.1,5.24,7430.0,-20.95,12,3,2018,0
2018-12-20,台北二,SE6 青蔥 粉蔥 ,44.1,32.1,19.5,32.0,13.88,6957.0,-6.37,12,4,2018,0
2018-12-21,台北二,SE6 青蔥 粉蔥 ,39.0,26.3,21.0,27.8,-13.12,9830.0,41.3,12,5,2018,0
2018-12-22,台北二,SE6 青蔥 粉蔥 ,40.0,25.5,18.8,27.0,-2.88,10236.0,4.13,12,6,2018,0
2018-12-23,台北二,SE6 青蔥 粉蔥 ,39.8,24.1,16.8,25.8,-4.44,9038.0,-11.7,12,7,2018,0
2018-12-24,台北二,SE6 青蔥 粉蔥 ,,,,,,,,12,1,2018,1
2018-12-25,台北二,SE6 青蔥 粉蔥 ,35.6,22.0,17.0,23.7,-8.14,11114.0,22.97,12,2,2018,0
2018-12-26,台北二,SE6 青蔥 粉蔥 ,32.0,18.7,13.8,20.4,-13.92,10074.0,-9.36,12,3,2018,0
2018-12-27,台北二,SE6 青蔥 粉蔥 ,29.3,16.5,11.5,18.1,-11.27,10304.0,2.28,12,4,2018,0
2018-12-28,台北二,SE6 青蔥 粉蔥 ,27.9,15.1,9.9,16.6,-8.29,8787.0,-14.72,12,5,2018,0
2018-12-29,台北二,SE6 青蔥 粉蔥 ,27.9,18.4,12.1,19.1,15.06,8327.0,-5.24,12,6,2018,0
2018-12-30,台北二,SE6 青蔥 粉蔥 ,39.7,28.2,21.6,29.2,52.88,6692.0,-19.63,12,7,2018,0
2018-12-31,台北二,SE6 青蔥 粉蔥 ,,,,,,,,12,1,2018,1
2019-01-01,台北二,SE6 青蔥 粉蔥 ,38.3,28.6,21.6,29.1,-0.34,7904.0,18.11,1,2,2019,0
2019-01-02,台北二,SE6 青蔥 粉蔥 ,38.2,27.2,22.3,28.4,-2.41,8941.0,13.12,1,3,2019,0
2019-01-03,台北二,SE6 青蔥 粉蔥 ,32.1,21.5,17.0,22.7,-20.07,9859.0,10.27,1,4,2019,0
2019-01-04,台北二,SE6 青蔥 粉蔥 ,30.0,19.4,14.9,20.6,-9.25,10216.0,3.62,1,5,2019,0
2019-01-05,台北二,SE6 青蔥 粉蔥 ,28.9,19.3,13.2,20.0,-2.91,10416.0,1.96,1,6,2019,0
2019-01-06,台北二,SE6 青蔥 粉蔥 ,28.7,20.3,13.7,20.7,3.5,10131.0,-2.74,1,7,2019,0
2019-01-07,台北二,SE6 青蔥 粉蔥 ,,,,,,,,1,1,2019,1
2019-01-08,台北二,SE6 青蔥 粉蔥 ,30.7,20.2,15.8,21.4,3.38,11473.0,13.25,1,2,2019,0
2019-01-09,台北二,SE6 青蔥 粉蔥 ,30.4,17.8,14.2,19.6,-8.41,10907.0,-4.93,1,3,2019,0
2019-01-10,台北二,SE6 青蔥 粉蔥 ,26.5,17.4,11.3,18.0,-8.16,9136.0,-16.24,1,4,2019,0
2019-01-11,台北二,SE6 青蔥 粉蔥 ,28.2,19.4,11.1,19.5,8.33,8472.0,-7.27,1,5,2019,0
2019-01-12,台北二,SE6 青蔥 粉蔥 ,27.2,20.8,14.7,20.8,6.67,9654.0,13.95,1,6,2019,0
2019-01-13,台北二,SE6 青蔥 粉蔥 ,28.4,18.7,13.5,19.6,-5.77,12019.0,24.5,1,7,2019,0
2019-01-14,台北二,SE6 青蔥 粉蔥 ,,,,,,,,1,1,2019,1
2019-01-15,台北二,SE6 青蔥 粉蔥 ,27.0,20.9,13.7,20.7,5.61,9840.0,-18.13,1,2,2019,0
2019-01-16,台北二,SE6 青蔥 粉蔥 ,25.9,19.9,12.9,19.7,-4.83,8868.0,-9.88,1,3,2019,0
2019-01-17,台北二,SE6 青蔥 粉蔥 ,26.8,19.3,13.1,19.6,-0.51,7623.0,-14.04,1,4,2019,0
2019-01-18,台北二,SE6 青蔥 粉蔥 ,35.3,25.0,15.5,25.2,28.57,6921.0,-9.21,1,5,2019,0
2019-01-19,台北二,SE6 青蔥 粉蔥 ,29.2,23.4,18.1,23.5,-6.75,10698.0,54.57,1,6,2019,0
2019-01-20,台北二,SE6 青蔥 粉蔥 ,29.6,22.6,17.1,22.9,-2.55,9993.0,-6.59,1,7,2019,0
2019-01-21,台北二,SE6 青蔥 粉蔥 ,,,,,,,,1,1,2019,1
2019-01-22,台北二,SE6 青蔥 粉蔥 ,30.7,24.1,17.9,24.1,5.24,10098.0,1.05,1,2,2019,0
2019-01-23,台北二,SE6 青蔥 粉蔥 ,31.0,24.9,14.3,24.0,-0.41,9120.0,-9.69,1,3,2019,0
2019-01-24,台北二,SE6 青蔥 粉蔥 ,29.2,22.7,15.5,22.5,-6.25,8900.0,-2.41,1,4,2019,0
2019-01-25,台北二,SE6 青蔥 粉蔥 ,33.5,24.6,13.9,24.2,7.56,8143.0,-8.51,1,5,2019,0
2019-01-26,台北二,SE6 青蔥 粉蔥 ,33.4,26.0,18.3,26.0,7.44,10001.0,22.82,1,6,2019,0
2019-01-27,台北二,SE6 青蔥 粉蔥 ,34.6,25.2,18.0,25.7,-1.15,12528.0,25.27,1,7,2019,0
2019-01-28,台北二,SE6 青蔥 粉蔥 ,,,,,,,,1,1,2019,1
2019-01-29,台北二,SE6 青蔥 粉蔥 ,31.1,21.6,14.2,22.0,-14.4,13573.0,8.34,1,2,2019,0
2019-01-30,台北二,SE6 青蔥 粉蔥 ,31.6,23.3,13.7,23.0,4.55,11897.0,-12.35,1,3,2019,0
2019-01-31,台北二,SE6 青蔥 粉蔥 ,33.7,22.8,14.8,23.4,1.74,12259.0,3.04,1,4,2019,0
2019-02-01,台北二,SE6 青蔥 粉蔥 ,49.7,32.4,18.8,33.1,41.45,11877.0,-3.12,2,5,2019,0
2019-02-02,台北二,SE6 青蔥 粉蔥 ,75.1,55.1,31.9,54.5,64.65,13035.0,9.75,2,6,2019,0
2019-02-03,台北二,SE6 青蔥 粉蔥 ,74.7,52.0,31.8,52.5,-3.67,14998.0,15.06,2,7,2019,0
2019-02-04,台北二,SE6 青蔥 粉蔥 ,62.2,41.2,17.8,40.7,-22.48,6656.0,-55.62,2,1,2019,0
2019-02-05,台北二,SE6 青蔥 粉蔥 ,,,,,,,,2,2,2019,1
2019-02-06,台北二,SE6 青蔥 粉蔥 ,,,,,,,,2,3,2019,1
2019-02-07,台北二,SE6 青蔥 粉蔥 ,,,,,,,,2,4,2019,1
2019-02-08,台北二,SE6 青蔥 粉蔥 ,,,,,,,,2,5,2019,1
2019-02-09,台北二,SE6 青蔥 粉蔥 ,,,,,,,,2,6,2019,1
2019-02-10,台北二,SE6 青蔥 粉蔥 ,56.8,38.0,24.7,39.1,-3.93,8786.0,32.0,2,7,2019,0
2019-02-11,台北二,SE6 青蔥 粉蔥 ,49.8,35.7,19.9,35.4,-9.46,7370.0,-16.12,2,1,2019,0
2019-02-12,台北二,SE6 青蔥 粉蔥 ,52.5,38.2,26.4,38.7,9.32,7796.0,5.78,2,2,2019,0
2019-02-13,台北二,SE6 青蔥 粉蔥 ,,,,,,,,2,3,2019,1
2019-02-14,台北二,SE6 青蔥 粉蔥 ,44.6,25.2,14.7,27.0,-30.23,11088.0,42.23,2,4,2019,0
2019-02-15,台北二,SE6 青蔥 粉蔥 ,46.0,25.2,16.6,27.6,2.22,6740.0,-39.21,2,5,2019,0
2019-02-16,台北二,SE6 青蔥 粉蔥 ,45.4,30.5,17.0,30.8,11.59,7443.0,10.43,2,6,2019,0
2019-02-17,台北二,SE6 青蔥 粉蔥 ,45.4,32.9,18.1,32.4,5.19,8123.0,9.14,2,7,2019,0
2019-02-18,台北二,SE6 青蔥 粉蔥 ,46.8,30.4,13.5,30.3,-6.48,7955.0,-2.07,2,1,2019,0
2019-02-19,台北二,SE6 青蔥 粉蔥 ,47.6,35.5,22.9,35.4,16.83,9404.0,18.21,2,2,2019,0
2019-02-20,台北二,SE6 青蔥 粉蔥 ,,,,,,,,2,3,2019,1
2019-02-21,台北二,SE6 青蔥 粉蔥 ,,,,,,,,2,4,2019,1
2019-02-22,台北二,SE6 青蔥 粉蔥 ,47.0,30.3,15.6,30.7,-13.28,10895.0,15.85,2,5,2019,0
2019-02-23,台北二,SE6 青蔥 粉蔥 ,47.1,32.5,15.2,31.9,3.91,7242.0,-33.53,2,6,2019,0
2019-02-24,台北二,SE6 青蔥 粉蔥 ,44.3,34.8,22.4,34.2,7.21,8200.0,13.23,2,7,2019,0
2019-02-25,台北二,SE6 青蔥 粉蔥 ,,,,,,,,2,1,2019,1
2019-02-26,台北二,SE6 青蔥 粉蔥 ,44.2,32.6,18.8,32.2,-5.85,9818.0,19.73,2,2,2019,0
2019-02-27,台北二,SE6 青蔥 粉蔥 ,40.0,29.9,20.4,30.0,-6.83,8361.0,-14.84,2,3,2019,0
2019-02-28,台北二,SE6 青蔥 粉蔥 ,43.1,36.8,27.9,36.3,21.0,6540.0,-21.78,2,4,2019,0
2019-03-01,台北二,SE6 青蔥 粉蔥 ,41.7,34.7,23.4,33.8,-6.89,7087.0,8.36,3,5,2019,0
2019-03-02,台北二,SE6 青蔥 粉蔥 ,44.2,35.9,27.0,35.8,5.92,7956.0,12.26,3,6,2019,0
2019-03-03,台北二,SE6 青蔥 粉蔥 ,43.3,37.2,21.3,35.3,-1.4,7919.0,-0.47,3,7,2019,0
2019-03-04,台北二,SE6 青蔥 粉蔥 ,,,,,,,,3,1,2019,1
2019-03-05,台北二,SE6 青蔥 粉蔥 ,56.7,44.7,31.6,44.5,26.06,6781.0,-14.37,3,2,2019,0
2019-03-06,台北二,SE6 青蔥 粉蔥 ,50.4,39.7,26.0,39.1,-12.13,8551.0,26.1,3,3,2019,0
2019-03-07,台北二,SE6 青蔥 粉蔥 ,44.7,33.9,20.4,33.4,-14.58,8440.0,-1.3,3,4,2019,0
2019-03-08,台北二,SE6 青蔥 粉蔥 ,43.6,31.4,19.9,31.5,-5.69,6868.0,-18.63,3,5,2019,0
2019-03-09,台北二,SE6 青蔥 粉蔥 ,61.5,53.3,40.6,52.4,66.35,4557.0,-33.65,3,6,2019,0
2019-03-10,台北二,SE6 青蔥 粉蔥 ,62.3,45.4,26.3,45.0,-14.12,7876.0,72.83,3,7,2019,0
2019-03-11,台北二,SE6 青蔥 粉蔥 ,,,,,,,,3,1,2019,1
2019-03-12,台北二,SE6 青蔥 粉蔥 ,67.4,50.0,33.5,50.2,11.56,9152.0,16.2,3,2,2019,0
2019-03-13,台北二,SE6 青蔥 粉蔥 ,64.1,49.8,31.2,49.0,-2.39,8077.0,-11.75,3,3,2019,0
2019-03-14,台北二,SE6 青蔥 粉蔥 ,48.3,38.9,24.0,37.8,-22.86,8869.0,9.81,3,4,2019,0
2019-03-15,台北二,SE6 青蔥 粉蔥 ,54.2,42.4,23.1,40.9,8.2,6606.0,-25.52,3,5,2019,0
2019-03-16,台北二,SE6 青蔥 粉蔥 ,52.2,43.3,28.5,42.1,2.93,8079.0,22.3,3,6,2019,0
2019-03-17,台北二,SE6 青蔥 粉蔥 ,55.4,42.0,23.5,41.0,-2.61,8675.0,7.38,3,7,2019,0
2019-03-18,台北二,SE6 青蔥 粉蔥 ,,,,,,,,3,1,2019,1
2019-03-19,台北二,SE6 青蔥 粉蔥 ,52.2,39.3,25.4,39.1,-4.63,10279.0,18.49,3,2,2019,0
2019-03-20,台北二,SE6 青蔥 粉蔥 ,47.2,37.4,25.5,37.0,-5.37,8565.0,-16.67,3,3,2019,0
2019-03-21,台北二,SE6 青蔥 粉蔥 ,46.5,32.7,19.4,32.8,-11.35,9504.0,10.96,3,4,2019,0
2019-03-22,台北二,SE6 青蔥 粉蔥 ,44.6,29.6,20.1,30.7,-6.4,9253.0,-2.64,3,5,2019,0
2019-03-23,台北二,SE6 青蔥 粉蔥 ,38.9,29.0,18.4,28.8,-6.19,9143.0,-1.19,3,6,2019,0
2019-03-24,台北二,SE6 青蔥 粉蔥 ,39.8,31.4,23.1,31.4,9.03,8365.0,-8.51,3,7,2019,0
2019-03-25,台北二,SE6 青蔥 粉蔥 ,,,,,,,,3,1,2019,1
2019-03-26,台北二,SE6 青蔥 粉蔥 ,43.8,33.6,25.7,34.1,8.6,8679.0,3.75,3,2,2019,0
2019-03-27,台北二,SE6 青蔥 粉蔥 ,48.8,33.5,23.2,34.5,1.17,8699.0,0.23,3,3,2019,0
2019-03-28,台北二,SE6 青蔥 粉蔥 ,46.0,30.2,17.2,30.8,-10.72,9314.0,7.07,3,4,2019,0
2019-03-29,台北二,SE6 青蔥 粉蔥 ,40.2,25.8,16.2,26.8,-12.99,10136.0,8.83,3,5,2019,0
2019-03-30,台北二,SE6 青蔥 粉蔥 ,47.7,28.4,16.5,29.9,11.57,8870.0,-12.49,3,6,2019,0
2019-03-31,台北二,SE6 青蔥 粉蔥 ,53.6,33.1,18.2,34.2,14.38,9121.0,2.83,3,7,2019,0
2019-04-01,台北二,SE6 青蔥 粉蔥 ,,,,,,,,4,1,2019,1
2019-04-02,台北二,SE6 青蔥 粉蔥 ,48.6,34.8,24.5,35.5,3.8,9099.0,-0.24,4,2,2019,0
2019-04-03,台北二,SE6 青蔥 粉蔥 ,41.7,31.9,24.5,32.4,-8.73,10599.0,16.49,4,3,2019,0
2019-04-04,台北二,SE6 青蔥 粉蔥 ,50.7,34.9,22.3,35.5,9.57,11210.0,5.76,4,4,2019,0
2019-04-05,台北二,SE6 青蔥 粉蔥 ,,,,,,,,4,5,2019,1
2019-04-06,台北二,SE6 青蔥 粉蔥 ,,,,,,,,4,6,2019,1
2019-04-07,台北二,SE6 青蔥 粉蔥 ,66.1,49.8,25.7,48.2,35.77,9138.0,-18.48,4,7,2019,0
2019-04-08,台北二,SE6 青蔥 粉蔥 ,,,,,,,,4,1,2019,1
2019-04-09,台北二,SE6 青蔥 粉蔥 ,57.7,39.0,22.8,39.5,-18.05,11623.0,27.19,4,2,2019,0
2019-04-10,台北二,SE6 青蔥 粉蔥 ,46.7,31.6,17.4,31.8,-19.49,11717.0,0.81,4,3,2019,0
2019-04-11,台北二,SE6 青蔥 粉蔥 ,32.1,22.8,14.7,23.1,-27.36,11304.0,-3.52,4,4,2019,0
2019-04-12,台北二,SE6 青蔥 粉蔥 ,30.2,22.3,15.7,22.6,-2.16,9459.0,-16.32,4,5,2019,0
2019-04-13,台北二,SE6 青蔥 粉蔥 ,29.9,23.4,17.6,23.6,4.42,10199.0,7.82,4,6,2019,0
2019-04-14,台北二,SE6 青蔥 粉蔥 ,29.7,20.9,15.9,21.7,-8.05,10947.0,7.33,4,7,2019,0
2019-04-15,台北二,SE6 青蔥 粉蔥 ,,,,,,,,4,1,2019,1
2019-04-16,台北二,SE6 青蔥 粉蔥 ,33.8,28.8,19.7,28.0,29.03,8391.0,-23.35,4,2,2019,0
2019-04-17,台北二,SE6 青蔥 粉蔥 ,30.8,25.9,20.4,25.8,-7.86,8182.0,-2.49,4,3,2019,0
2019-04-18,台北二,SE6 青蔥 粉蔥 ,34.2,27.7,19.4,27.4,6.2,7921.0,-3.19,4,4,2019,0
2019-04-19,台北二,SE6 青蔥 粉蔥 ,30.2,24.6,17.0,24.2,-11.68,10000.0,26.25,4,5,2019,0
2019-04-20,台北二,SE6 青蔥 粉蔥 ,39.6,22.5,15.7,24.6,1.65,8793.0,-12.07,4,6,2019,0
2019-04-21,台北二,SE6 青蔥 粉蔥 ,51.1,30.6,14.9,31.5,28.05,8000.0,-9.02,4,7,2019,0
2019-04-22,台北二,SE6 青蔥 粉蔥 ,,,,,,,,4,1,2019,1
2019-04-23,台北二,SE6 青蔥 粉蔥 ,36.1,26.9,18.0,27.0,-14.29,10988.0,37.35,4,2,2019,0
2019-04-24,台北二,SE6 青蔥 粉蔥 ,36.0,23.9,18.1,25.2,-6.67,8997.0,-18.12,4,3,2019,0
2019-04-25,台北二,SE6 青蔥 粉蔥 ,34.0,20.6,15.4,22.2,-11.9,8435.0,-6.25,4,4,2019,0
2019-04-26,台北二,SE6 青蔥 粉蔥 ,38.0,23.4,15.6,24.8,11.71,7951.0,-5.74,4,5,2019,0
2019-04-27,台北二,SE6 青蔥 粉蔥 ,39.9,27.2,15.7,27.4,10.48,8738.0,9.9,4,6,2019,0
2019-04-28,台北二,SE6 青蔥 粉蔥 ,37.5,26.9,15.3,26.7,-2.55,11463.0,31.19,4,7,2019,0
2019-04-29,台北二,SE6 青蔥 粉蔥 ,,,,,,,,4,1,2019,1
2019-04-30,台北二,SE6 青蔥 粉蔥 ,39.4,26.8,15.5,27.0,1.12,10704.0,-6.62,4,2,2019,0
2019-05-01,台北二,SE6 青蔥 粉蔥 ,34.0,22.6,13.5,23.1,-14.44,10503.0,-1.88,5,3,2019,0
2019-05-02,台北二,SE6 青蔥 粉蔥 ,32.5,21.9,15.0,22.6,-2.16,9671.0,-7.92,5,4,2019,0
2019-05-03,台北二,SE6 青蔥 粉蔥 ,33.5,20.7,14.1,21.9,-3.1,8474.0,-12.38,5,5,2019,0
2019-05-04,台北二,SE6 青蔥 粉蔥 ,37.8,28.1,19.7,28.3,29.22,8035.0,-5.18,5,6,2019,0
2019-05-05,台北二,SE6 青蔥 粉蔥 ,42.8,30.2,15.4,29.7,4.95,8740.0,8.77,5,7,2019,0
2019-05-06,台北二,SE6 青蔥 粉蔥 ,,,,,,,,5,1,2019,1
2019-05-07,台北二,SE6 青蔥 粉蔥 ,39.4,28.5,15.3,28.1,-5.39,9258.0,5.93,5,2,2019,0
2019-05-08,台北二,SE6 青蔥 粉蔥 ,38.0,27.5,16.3,27.4,-2.49,9155.0,-1.11,5,3,2019,0
2019-05-09,台北二,SE6 青蔥 粉蔥 ,40.3,23.4,12.6,24.6,-10.22,7955.0,-13.11,5,4,2019,0
2019-05-10,台北二,SE6 青蔥 粉蔥 ,35.7,22.4,13.4,23.2,-5.69,8914.0,12.06,5,5,2019,0
2019-05-11,台北二,SE6 青蔥 粉蔥 ,55.5,28.6,13.5,31.0,33.62,7231.0,-18.88,5,6,2019,0
2019-05-12,台北二,SE6 青蔥 粉蔥 ,47.0,27.9,15.0,29.2,-5.81,8781.0,21.44,5,7,2019,0
2019-05-13,台北二,SE6 青蔥 粉蔥 ,,,,,,,,5,1,2019,1
2019-05-14,台北二,SE6 青蔥 粉蔥 ,51.8,27.1,14.7,29.6,1.37,10054.0,14.5,5,2,2019,0
2019-05-15,台北二,SE6 青蔥 粉蔥 ,58.4,28.0,12.9,31.1,5.07,10781.0,7.23,5,3,2019,0
2019-05-16,台北二,SE6 青蔥 粉蔥 ,,,,,,,,5,4,2019,1
2019-05-17,台北二,SE6 青蔥 粉蔥 ,43.2,24.6,12.6,25.9,-16.72,11120.0,3.14,5,5,2019,0
2019-05-18,台北二,SE6 青蔥 粉蔥 ,41.4,26.9,17.5,27.9,7.72,7636.0,-31.33,5,6,2019,0
2019-05-19,台北二,SE6 青蔥 粉蔥 ,41.9,28.1,18.0,28.9,3.58,8100.0,6.08,5,7,2019,0
2019-05-20,台北二,SE6 青蔥 粉蔥 ,,,,,,,,5,1,2019,1
2019-05-21,台北二,SE6 青蔥 粉蔥 ,35.6,25.1,18.3,25.8,-10.73,10075.0,24.38,5,2,2019,0
2019-05-22,台北二,SE6 青蔥 粉蔥 ,34.2,23.0,17.8,24.2,-6.2,9615.0,-4.57,5,3,2019,0
2019-05-23,台北二,SE6 青蔥 粉蔥 ,28.9,22.1,16.6,22.4,-7.44,9706.0,0.95,5,4,2019,0
2019-05-24,台北二,SE6 青蔥 粉蔥 ,26.6,18.9,11.7,19.0,-15.18,10261.0,5.72,5,5,2019,0
2019-05-25,台北二,SE6 青蔥 粉蔥 ,30.8,20.0,13.3,20.8,9.47,9094.0,-11.37,5,6,2019,0
2019-05-26,台北二,SE6 青蔥 粉蔥 ,34.4,24.1,16.4,24.6,18.27,8760.0,-3.67,5,7,2019,0
2019-05-27,台北二,SE6 青蔥 粉蔥 ,,,,,,,,5,1,2019,1
2019-05-28,台北二,SE6 青蔥 粉蔥 ,33.6,24.6,16.1,24.7,0.41,10273.0,17.27,5,2,2019,0
2019-05-29,台北二,SE6 青蔥 粉蔥 ,29.4,22.9,16.4,22.9,-7.29,9030.0,-12.1,5,3,2019,0
2019-05-30,台北二,SE6 青蔥 粉蔥 ,28.4,22.2,16.0,22.2,-3.06,9222.0,2.13,5,4,2019,0
2019-05-31,台北二,SE6 青蔥 粉蔥 ,30.2,21.7,15.5,22.2,0.0,9521.0,3.24,5,5,2019,0
2019-06-01,台北二,SE6 青蔥 粉蔥 ,28.4,19.1,12.8,19.7,-11.26,10947.0,14.98,6,6,2019,0
2019-06-02,台北二,SE6 青蔥 粉蔥 ,31.5,21.7,13.9,22.1,12.18,8656.0,-20.93,6,7,2019,0
2019-06-03,台北二,SE6 青蔥 粉蔥 ,,,,,,,,6,1,2019,1
2019-06-04,台北二,SE6 青蔥 粉蔥 ,32.4,22.0,13.2,22.3,0.9,10394.0,20.08,6,2,2019,0
2019-06-05,台北二,SE6 青蔥 粉蔥 ,31.7,22.4,13.1,22.4,0.45,8419.0,-19.0,6,3,2019,0
2019-06-06,台北二,SE6 青蔥 粉蔥 ,33.0,21.7,14.8,22.6,0.89,9873.0,17.27,6,4,2019,0
2019-06-07,台北二,SE6 青蔥 粉蔥 ,31.9,23.0,15.1,23.2,2.65,10078.0,2.08,6,5,2019,0
2019-06-08,台北二,SE6 青蔥 粉蔥 ,29.0,19.0,12.9,19.8,-14.66,5179.0,-48.61,6,6,2019,0
2019-06-09,台北二,SE6 青蔥 粉蔥 ,,,,,,,,6,7,2019,1
2019-06-10,台北二,SE6 青蔥 粉蔥 ,,,,,,,,6,1,2019,1
2019-06-11,台北二,SE6 青蔥 粉蔥 ,31.5,21.1,13.9,21.8,10.1,10229.0,97.51,6,2,2019,0
2019-06-12,台北二,SE6 青蔥 粉蔥 ,29.3,21.5,15.6,21.9,0.46,8041.0,-21.39,6,3,2019,0
2019-06-13,台北二,SE6 青蔥 粉蔥 ,36.4,27.2,16.6,26.9,22.83,6415.0,-20.22,6,4,2019,0
2019-06-14,台北二,SE6 青蔥 粉蔥 ,33.0,22.6,12.9,22.7,-15.61,8735.0,36.17,6,5,2019,0
2019-06-15,台北二,SE6 青蔥 粉蔥 ,30.6,23.3,16.6,23.4,3.08,8874.0,1.59,6,6,2019,0
2019-06-16,台北二,SE6 青蔥 粉蔥 ,31.6,23.6,15.5,23.6,0.85,9107.0,2.63,6,7,2019,0
2019-06-17,台北二,SE6 青蔥 粉蔥 ,,,,,,,,6,1,2019,1
2019-06-18,台北二,SE6 青蔥 粉蔥 ,30.5,25.0,18.7,24.9,5.51,9254.0,1.61,6,2,2019,0
2019-06-19,台北二,SE6 青蔥 粉蔥 ,29.5,23.2,14.9,22.8,-8.43,9028.0,-2.44,6,3,2019,0
2019-06-20,台北二,SE6 青蔥 粉蔥 ,27.5,20.3,14.0,20.5,-10.09,9211.0,2.03,6,4,2019,0
2019-06-21,台北二,SE6 青蔥 粉蔥 ,28.4,18.0,10.1,18.5,-9.76,9227.0,0.17,6,5,2019,0
2019-06-22,台北二,SE6 青蔥 粉蔥 ,29.3,19.8,10.6,19.9,7.57,8222.0,-10.89,6,6,2019,0
2019-06-23,台北二,SE6 青蔥 粉蔥 ,33.4,21.4,12.3,22.0,10.55,8268.0,0.56,6,7,2019,0
2019-06-24,台北二,SE6 青蔥 粉蔥 ,,,,,,,,6,1,2019,1
2019-06-25,台北二,SE6 青蔥 粉蔥 ,35.8,28.2,18.2,27.7,25.91,7358.0,-11.01,6,2,2019,0
2019-06-26,台北二,SE6 青蔥 粉蔥 ,32.2,24.8,16.7,24.7,-10.83,8557.0,16.3,6,3,2019,0
2019-06-27,台北二,SE6 青蔥 粉蔥 ,31.8,23.0,15.3,23.2,-6.07,8409.0,-1.73,6,4,2019,0
2019-06-28,台北二,SE6 青蔥 粉蔥 ,31.6,23.0,16.1,23.3,0.43,8130.0,-3.32,6,5,2019,0
2019-06-29,台北二,SE6 青蔥 粉蔥 ,31.6,23.9,16.9,24.0,3.0,8059.0,-0.87,6,6,2019,0
2019-06-30,台北二,SE6 青蔥 粉蔥 ,35.2,22.4,15.7,23.6,-1.67,8353.0,3.65,6,7,2019,0
2019-07-01,台北二,SE6 青蔥 粉蔥 ,,,,,,,,7,1,2019,1
2019-07-02,台北二,SE6 青蔥 粉蔥 ,38.4,26.1,18.2,27.0,14.41,8448.0,1.14,7,2,2019,0
2019-07-03,台北二,SE6 青蔥 粉蔥 ,33.8,24.7,18.1,25.2,-6.67,7504.0,-11.17,7,3,2019,0
2019-07-04,台北二,SE6 青蔥 粉蔥 ,32.7,22.4,17.4,23.5,-6.75,7107.0,-5.29,7,4,2019,0
2019-07-05,台北二,SE6 青蔥 粉蔥 ,33.7,22.3,16.4,23.4,-0.43,7415.0,4.33,7,5,2019,0
2019-07-06,台北二,SE6 青蔥 粉蔥 ,37.7,25.0,16.0,25.7,9.83,6606.0,-10.91,7,6,2019,0
2019-07-07,台北二,SE6 青蔥 粉蔥 ,33.4,25.7,18.6,25.8,0.39,7328.0,10.93,7,7,2019,0
2019-07-08,台北二,SE6 青蔥 粉蔥 ,,,,,,,,7,1,2019,1
2019-07-09,台北二,SE6 青蔥 粉蔥 ,36.4,24.4,15.8,25.1,-2.71,9346.0,27.54,7,2,2019,0
2019-07-10,台北二,SE6 青蔥 粉蔥 ,31.3,23.2,14.5,23.1,-7.97,8812.0,-5.71,7,3,2019,0
2019-07-11,台北二,SE6 青蔥 粉蔥 ,29.0,22.1,16.1,22.3,-3.46,7128.0,-19.11,7,4,2019,0
2019-07-12,台北二,SE6 青蔥 粉蔥 ,29.9,24.6,20.1,24.7,10.76,6407.0,-10.12,7,5,2019,0
2019-07-13,台北二,SE6 青蔥 粉蔥 ,30.8,25.5,20.9,25.6,3.64,7274.0,13.53,7,6,2019,0
2019-07-14,台北二,SE6 青蔥 粉蔥 ,44.8,30.4,21.6,31.5,23.05,6110.0,-16.0,7,7,2019,0
2019-07-15,台北二,SE6 青蔥 粉蔥 ,,,,,,,,7,1,2019,1
2019-07-16,台北二,SE6 青蔥 粉蔥 ,46.3,34.2,25.4,34.9,10.79,6876.0,12.54,7,2,2019,0
2019-07-17,台北二,SE6 青蔥 粉蔥 ,68.3,56.1,39.3,55.2,58.17,6258.0,-8.99,7,3,2019,0
2019-07-18,台北二,SE6 青蔥 粉蔥 ,51.9,38.7,27.7,39.1,-29.17,6712.0,7.25,7,4,2019,0
2019-07-19,台北二,SE6 青蔥 粉蔥 ,52.6,36.1,23.6,36.9,-5.63,5183.0,-22.78,7,5,2019,0
2019-07-20,台北二,SE6 青蔥 粉蔥 ,48.5,32.4,23.1,33.7,-8.67,6045.0,16.63,7,6,2019,0
2019-07-21,台北二,SE6 青蔥 粉蔥 ,46.7,31.2,22.4,32.5,-3.56,6196.0,2.5,7,7,2019,0
2019-07-22,台北二,SE6 青蔥 粉蔥 ,,,,,,,,7,1,2019,1
2019-07-23,台北二,SE6 青蔥 粉蔥 ,46.4,37.0,25.7,36.6,12.62,5631.0,-9.12,7,2,2019,0
2019-07-24,台北二,SE6 青蔥 粉蔥 ,52.8,38.9,26.4,39.2,7.1,4529.0,-19.57,7,3,2019,0
2019-07-25,台北二,SE6 青蔥 粉蔥 ,58.3,45.2,32.6,45.3,15.56,3196.0,-29.43,7,4,2019,0
2019-07-26,台北二,SE6 青蔥 粉蔥 ,55.0,47.0,30.7,45.3,0.0,4012.0,25.53,7,5,2019,0
2019-07-27,台北二,SE6 青蔥 粉蔥 ,65.0,60.3,40.0,57.2,26.27,3159.0,-21.26,7,6,2019,0
2019-07-28,台北二,SE6 青蔥 粉蔥 ,73.9,66.7,37.5,62.3,8.92,3606.0,14.15,7,7,2019,0
2019-07-29,台北二,SE6 青蔥 粉蔥 ,,,,,,,,7,1,2019,1
2019-07-30,台北二,SE6 青蔥 粉蔥 ,88.7,74.8,42.2,71.0,13.96,4163.0,15.45,7,2,2019,0
2019-07-31,台北二,SE6 青蔥 粉蔥 ,85.4,63.0,34.0,61.7,-13.1,4059.0,-2.5,7,3,2019,0
2019-08-01,台北二,SE6 青蔥 粉蔥 ,92.7,77.7,45.2,74.2,20.26,2834.0,-30.18,8,4,2019,0
2019-08-02,台北二,SE6 青蔥 粉蔥 ,94.5,83.3,56.1,80.1,7.95,2395.0,-15.49,8,5,2019,0
2019-08-03,台北二,SE6 青蔥 粉蔥 ,91.6,80.0,50.6,76.4,-4.62,3040.0,26.93,8,6,2019,0
2019-08-04,台北二,SE6 青蔥 粉蔥 ,83.1,71.8,47.0,69.1,-9.55,3077.0,1.22,8,7,2019,0
2019-08-05,台北二,SE6 青蔥 粉蔥 ,,,,,,,,8,1,2019,1
2019-08-06,台北二,SE6 青蔥 粉蔥 ,110.5,93.3,56.5,89.4,29.38,2107.0,-31.52,8,2,2019,0
2019-08-07,台北二,SE6 青蔥 粉蔥 ,174.3,146.7,113.3,145.5,62.75,1277.0,-39.39,8,3,2019,0
2019-08-08,台北二,SE6 青蔥 粉蔥 ,114.5,89.6,66.9,90.0,-38.14,3324.0,160.3,8,4,2019,0
2019-08-09,台北二,SE6 青蔥 粉蔥 ,109.3,68.4,39.4,70.8,-21.33,1717.0,-48.35,8,5,2019,0
2019-08-10,台北二,SE6 青蔥 粉蔥 ,104.9,86.1,50.0,82.6,16.67,1352.0,-21.26,8,6,2019,0
2019-08-11,台北二,SE6 青蔥 粉蔥 ,105.4,79.5,39.4,76.6,-7.26,2348.0,73.67,8,7,2019,0
2019-08-12,台北二,SE6 青蔥 粉蔥 ,,,,,,,,8,1,2019,1
2019-08-13,台北二,SE6 青蔥 粉蔥 ,116.4,99.4,62.9,95.5,24.67,1405.0,-40.16,8,2,2019,0
2019-08-14,台北二,SE6 青蔥 粉蔥 ,139.0,104.6,48.5,100.3,5.03,1580.0,12.46,8,3,2019,0
2019-08-15,台北二,SE6 青蔥 粉蔥 ,158.5,137.3,84.3,131.0,30.61,3183.0,101.46,8,4,2019,0
2019-08-16,台北二,SE6 青蔥 粉蔥 ,,,,,,,,8,5,2019,1
2019-08-17,台北二,SE6 青蔥 粉蔥 ,,,,,,,,8,6,2019,1
2019-08-18,台北二,SE6 青蔥 粉蔥 ,131.6,102.4,60.8,99.9,-23.74,3254.0,2.23,8,7,2019,0
2019-08-19,台北二,SE6 青蔥 粉蔥 ,,,,,,,,8,1,2019,1
2019-08-20,台北二,SE6 青蔥 粉蔥 ,149.1,115.2,71.5,113.3,13.41,1277.0,-60.76,8,2,2019,0
2019-08-21,台北二,SE6 青蔥 粉蔥 ,150.6,126.5,94.3,124.9,10.24,1128.0,-11.67,8,3,2019,0
2019-08-22,台北二,SE6 青蔥 粉蔥 ,155.4,133.4,82.9,127.7,2.24,1895.0,68.0,8,4,2019,0
2019-08-23,台北二,SE6 青蔥 粉蔥 ,153.1,110.2,73.9,111.5,-12.69,2240.0,18.21,8,5,2019,0
2019-08-24,台北二,SE6 青蔥 粉蔥 ,141.9,117.8,83.6,115.7,3.77,2068.0,-7.68,8,6,2019,0
2019-08-25,台北二,SE6 青蔥 粉蔥 ,141.1,114.9,58.8,108.9,-5.88,1858.0,-10.15,8,7,2019,0
2019-08-26,台北二,SE6 青蔥 粉蔥 ,,,,,,,,8,1,2019,1
2019-08-27,台北二,SE6 青蔥 粉蔥 ,142.4,101.5,69.3,103.2,-5.23,1634.0,-12.06,8,2,2019,0
2019-08-28,台北二,SE6 青蔥 粉蔥 ,145.3,125.2,83.2,120.8,17.05,665.0,-59.3,8,3,2019,0
2019-08-29,台北二,SE6 青蔥 粉蔥 ,162.8,127.3,91.3,127.2,5.3,652.0,-1.95,8,4,2019,0
2019-08-30,台北二,SE6 青蔥 粉蔥 ,153.0,127.0,76.4,122.1,-4.01,1277.0,95.86,8,5,2019,0
2019-08-31,台北二,SE6 青蔥 粉蔥 ,169.8,151.6,106.6,146.3,19.82,715.0,-44.01,8,6,2019,0
2019-09-01,台北二,SE6 青蔥 粉蔥 ,203.3,194.5,156.5,188.6,28.91,607.0,-15.1,9,7,2019,0
2019-09-02,台北二,SE6 青蔥 粉蔥 ,,,,,,,,9,1,2019,1
2019-09-03,台北二,SE6 青蔥 粉蔥 ,276.6,232.5,177.3,230.3,22.11,1085.0,78.75,9,2,2019,0
2019-09-04,台北二,SE6 青蔥 粉蔥 ,189.5,177.2,127.5,169.7,-26.31,1331.0,22.67,9,3,2019,0
2019-09-05,台北二,SE6 青蔥 粉蔥 ,204.2,188.6,175.4,189.1,11.43,649.0,-51.24,9,4,2019,0
2019-09-06,台北二,SE6 青蔥 粉蔥 ,232.7,186.6,111.4,180.8,-4.39,751.0,15.72,9,5,2019,0
2019-09-07,台北二,SE6 青蔥 粉蔥 ,211.6,177.5,123.1,173.4,-4.09,1417.0,88.68,9,6,2019,0
2019-09-08,台北二,SE6 青蔥 粉蔥 ,182.7,165.1,99.6,155.5,-10.32,1435.0,1.27,9,7,2019,0
2019-09-09,台北二,SE6 青蔥 粉蔥 ,,,,,,,,9,1,2019,1
2019-09-10,台北二,SE6 青蔥 粉蔥 ,196.9,175.5,138.0,172.3,10.8,1048.0,-26.97,9,2,2019,0
2019-09-11,台北二,SE6 青蔥 粉蔥 ,174.7,153.8,105.1,148.2,-13.99,1352.0,29.01,9,3,2019,0
2019-09-12,台北二,SE6 青蔥 粉蔥 ,191.9,174.4,128.4,168.7,13.83,1336.0,-1.18,9,4,2019,0
2019-09-13,台北二,SE6 青蔥 粉蔥 ,190.8,157.4,91.0,150.8,-10.61,1800.0,34.73,9,5,2019,0
2019-09-14,台北二,SE6 青蔥 粉蔥 ,158.3,116.9,73.9,116.6,-22.68,820.0,-54.44,9,6,2019,0
2019-09-15,台北二,SE6 青蔥 粉蔥 ,,,,,,,,9,7,2019,1
2019-09-16,台北二,SE6 青蔥 粉蔥 ,,,,,,,,9,1,2019,1
2019-09-17,台北二,SE6 青蔥 粉蔥 ,219.5,187.9,108.5,178.4,53.0,772.0,-5.85,9,2,2019,0
2019-09-18,台北二,SE6 青蔥 粉蔥 ,250.0,243.9,192.5,234.8,31.61,482.0,-37.56,9,3,2019,0
2019-09-19,台北二,SE6 青蔥 粉蔥 ,229.0,205.2,186.0,206.1,-12.22,668.0,38.59,9,4,2019,0
2019-09-20,台北二,SE6 青蔥 粉蔥 ,226.3,213.5,195.2,212.4,3.06,715.0,7.04,9,5,2019,0
2019-09-21,台北二,SE6 青蔥 粉蔥 ,235.2,210.9,189.0,211.4,-0.47,915.0,27.97,9,6,2019,0
2019-09-22,台北二,SE6 青蔥 粉蔥 ,228.8,193.3,156.7,193.1,-8.66,918.0,0.33,9,7,2019,0
2019-09-23,台北二,SE6 青蔥 粉蔥 ,,,,,,,,9,1,2019,1
2019-09-24,台北二,SE6 青蔥 粉蔥 ,254.9,227.0,198.2,226.8,17.45,894.0,-2.61,9,2,2019,0
2019-09-25,台北二,SE6 青蔥 粉蔥 ,224.1,207.1,178.3,204.7,-9.74,1251.0,39.93,9,3,2019,0
2019-09-26,台北二,SE6 青蔥 粉蔥 ,240.0,227.9,196.9,224.2,9.53,787.0,-37.09,9,4,2019,0
2019-09-27,台北二,SE6 青蔥 粉蔥 ,270.0,250.4,226.9,249.6,11.33,553.0,-29.73,9,5,2019,0
2019-09-28,台北二,SE6 青蔥 粉蔥 ,238.3,218.5,190.7,216.9,-13.1,881.0,59.31,9,6,2019,0
2019-09-29,台北二,SE6 青蔥 粉蔥 ,240.5,223.7,203.0,222.9,2.77,768.0,-12.83,9,7,2019,0
2019-09-30,台北二,SE6 青蔥 粉蔥 ,,,,,,,,9,1,2019,1
2019-10-01,台北二,SE6 青蔥 粉蔥 ,239.9,227.3,193.9,223.1,0.09,930.0,21.09,10,2,2019,0
2019-10-02,台北二,SE6 青蔥 粉蔥 ,212.6,189.1,120.5,180.1,-19.27,963.0,3.55,10,3,2019,0
2019-10-03,台北二,SE6 青蔥 粉蔥 ,171.1,150.7,117.9,148.2,-17.71,1219.0,26.58,10,4,2019,0
2019-10-04,台北二,SE6 青蔥 粉蔥 ,192.0,173.6,143.6,171.3,15.59,880.0,-27.81,10,5,2019,0
2019-10-05,台北二,SE6 青蔥 粉蔥 ,231.8,216.4,187.5,213.7,24.75,823.0,-6.48,10,6,2019,0
2019-10-06,台北二,SE6 青蔥 粉蔥 ,241.2,224.7,199.1,222.8,4.26,1640.0,99.27,10,7,2019,0
2019-10-07,台北二,SE6 青蔥 粉蔥 ,,,,,,,,10,1,2019,1
2019-10-08,台北二,SE6 青蔥 粉蔥 ,239.2,223.5,179.3,217.8,-2.24,2100.0,28.05,10,2,2019,0
2019-10-09,台北二,SE6 青蔥 粉蔥 ,267.5,254.5,195.7,245.4,12.67,1333.0,-36.52,10,3,2019,0
2019-10-10,台北二,SE6 青蔥 粉蔥 ,250.4,224.3,171.2,218.9,-10.8,2136.0,60.24,10,4,2019,0
2019-10-11,台北二,SE6 青蔥 粉蔥 ,213.9,168.8,100.9,164.2,-24.99,2464.0,15.36,10,5,2019,0
2019-10-12,台北二,SE6 青蔥 粉蔥 ,221.9,197.3,150.1,192.8,17.42,2147.0,-12.87,10,6,2019,0
2019-10-13,台北二,SE6 青蔥 粉蔥 ,204.1,184.4,126.3,176.7,-8.35,2377.0,10.71,10,7,2019,0
2019-10-14,台北二,SE6 青蔥 粉蔥 ,,,,,,,,10,1,2019,1
2019-10-15,台北二,SE6 青蔥 粉蔥 ,233.7,221.2,192.3,217.9,23.32,1793.0,-24.57,10,2,2019,0
2019-10-16,台北二,SE6 青蔥 粉蔥 ,226.8,201.4,154.7,197.1,-9.55,2617.0,45.96,10,3,2019,0
2019-10-17,台北二,SE6 青蔥 粉蔥 ,,,,,,,,10,4,2019,1
2019-10-18,台北二,SE6 青蔥 粉蔥 ,234.3,198.2,125.4,190.9,-3.15,3088.0,18.0,10,5,2019,0
2019-10-19,台北二,SE6 青蔥 粉蔥 ,223.7,197.2,114.1,185.9,-2.62,2138.0,-30.76,10,6,2019,0
2019-10-20,台北二,SE6 青蔥 粉蔥 ,192.7,174.8,131.0,169.6,-8.77,2399.0,12.21,10,7,2019,0
2019-10-21,台北二,SE6 青蔥 粉蔥 ,,,,,,,,10,1,2019,1
2019-10-22,台北二,SE6 青蔥 粉蔥 ,198.1,179.9,108.2,169.2,-0.24,1771.0,-26.18,10,2,2019,0
2019-10-23,台北二,SE6 青蔥 粉蔥 ,197.8,174.1,108.4,165.7,-2.07,1729.0,-2.37,10,3,2019,0
2019-10-24,台北二,SE6 青蔥 粉蔥 ,210.4,176.0,120.8,171.9,3.74,1631.0,-5.67,10,4,2019,0
2019-10-25,台北二,SE6 青蔥 粉蔥 ,202.8,175.1,119.7,169.6,-1.34,2005.0,22.93,10,5,2019,0
2019-10-26,台北二,SE6 青蔥 粉蔥 ,255.6,217.7,152.7,212.3,25.18,1761.0,-12.17,10,6,2019,0
2019-10-27,台北二,SE6 青蔥 粉蔥 ,205.4,180.7,132.3,176.0,-17.1,3317.0,88.36,10,7,2019,0
2019-10-28,台北二,SE6 青蔥 粉蔥 ,,,,,,,,10,1,2019,1
2019-10-29,台北二,SE6 青蔥 粉蔥 ,261.4,209.9,152.1,208.7,18.58,2784.0,-16.07,10,2,2019,0
2019-10-30,台北二,SE6 青蔥 粉蔥 ,231.8,184.6,95.9,176.3,-15.52,2074.0,-25.5,10,3,2019,0
2019-10-31,台北二,SE6 青蔥 粉蔥 ,200.5,167.3,120.0,164.5,-6.69,2362.0,13.89,10,4,2019,0
2019-11-01,台北二,SE6 青蔥 粉蔥 ,184.5,158.1,118.1,155.4,-5.53,2357.0,-0.21,11,5,2019,0
2019-11-02,台北二,SE6 青蔥 粉蔥 ,224.1,186.4,111.0,178.9,15.12,1503.0,-36.23,11,6,2019,0
2019-11-03,台北二,SE6 青蔥 粉蔥 ,183.2,145.2,95.3,142.8,-20.18,2933.0,95.14,11,7,2019,0
2019-11-04,台北二,SE6 青蔥 粉蔥 ,,,,,,,,11,1,2019,1
2019-11-05,台北二,SE6 青蔥 粉蔥 ,192.1,167.8,107.4,160.6,12.46,2081.0,-29.05,11,2,2019,0
2019-11-06,台北二,SE6 青蔥 粉蔥 ,206.3,160.3,99.3,157.3,-2.05,1639.0,-21.24,11,3,2019,0
2019-11-07,台北二,SE6 青蔥 粉蔥 ,184.5,155.2,124.9,155.0,-1.46,2267.0,38.32,11,4,2019,0
2019-11-08,台北二,SE6 青蔥 粉蔥 ,196.1,177.5,153.2,176.3,13.74,1774.0,-21.75,11,5,2019,0
2019-11-09,台北二,SE6 青蔥 粉蔥 ,238.8,191.5,159.7,194.6,10.38,2009.0,13.25,11,6,2019,0
2019-11-10,台北二,SE6 青蔥 粉蔥 ,198.1,159.0,123.8,159.8,-17.88,2931.0,45.89,11,7,2019,0
2019-11-11,台北二,SE6 青蔥 粉蔥 ,,,,,,,,11,1,2019,1
2019-11-12,台北二,SE6 青蔥 粉蔥 ,255.5,216.3,153.0,211.5,32.35,2159.0,-26.34,11,2,2019,0
2019-11-13,台北二,SE6 青蔥 粉蔥 ,242.9,217.8,179.7,215.2,1.75,3193.0,47.89,11,3,2019,0
2019-11-14,台北二,SE6 青蔥 粉蔥 ,,,,,,,,11,4,2019,1
2019-11-15,台北二,SE6 青蔥 粉蔥 ,230.9,167.0,123.2,171.0,-20.54,3933.0,23.18,11,5,2019,0
2019-11-16,台北二,SE6 青蔥 粉蔥 ,244.3,186.5,156.2,192.0,12.28,2312.0,-41.22,11,6,2019,0
2019-11-17,台北二,SE6 青蔥 粉蔥 ,209.2,161.7,112.0,161.3,-15.99,3725.0,61.12,11,7,2019,0
2019-11-18,台北二,SE6 青蔥 粉蔥 ,,,,,,,,11,1,2019,1
2019-11-19,台北二,SE6 青蔥 粉蔥 ,180.0,148.6,115.5,148.2,-8.12,3806.0,2.17,11,2,2019,0
2019-11-20,台北二,SE6 青蔥 粉蔥 ,161.1,122.5,99.0,125.5,-15.32,3219.0,-15.42,11,3,2019,0
2019-11-21,台北二,SE6 青蔥 粉蔥 ,207.2,167.2,131.5,168.1,33.94,1360.0,-57.75,11,4,2019,0
2019-11-22,台北二,SE6 青蔥 粉蔥 ,204.0,181.3,153.8,180.3,7.26,1439.0,5.81,11,5,2019,0
2019-11-23,台北二,SE6 青蔥 粉蔥 ,197.5,167.6,144.0,168.9,-6.32,2952.0,105.14,11,6,2019,0
2019-11-24,台北二,SE6 青蔥 粉蔥 ,174.2,130.8,90.3,131.3,-22.26,4205.0,42.45,11,7,2019,0
2019-11-25,台北二,SE6 青蔥 粉蔥 ,,,,,,,,11,1,2019,1
2019-11-26,台北二,SE6 青蔥 粉蔥 ,163.9,143.0,110.8,140.8,7.24,3259.0,-22.5,11,2,2019,0
2019-11-27,台北二,SE6 青蔥 粉蔥 ,178.0,149.4,110.0,147.2,4.55,2806.0,-13.9,11,3,2019,0
2019-11-28,台北二,SE6 青蔥 粉蔥 ,169.3,126.0,85.1,126.5,-14.06,3677.0,31.04,11,4,2019,0
2019-11-29,台北二,SE6 青蔥 粉蔥 ,150.7,131.2,97.3,128.3,1.42,3131.0,-14.85,11,5,2019,0
2019-11-30,台北二,SE6 青蔥 粉蔥 ,150.6,131.0,114.2,131.6,2.57,2433.0,-22.29,11,6,2019,0
2019-12-01,台北二,SE6 青蔥 粉蔥 ,151.3,131.5,98.7,128.9,-2.05,3439.0,41.35,12,7,2019,0
2019-12-02,台北二,SE6 青蔥 粉蔥 ,,,,,,,,12,1,2019,1
2019-12-03,台北二,SE6 青蔥 粉蔥 ,170.2,126.4,89.6,127.8,-0.85,3332.0,-3.11,12,2,2019,0
2019-12-04,台北二,SE6 青蔥 粉蔥 ,137.7,96.2,72.2,99.7,-21.99,4856.0,45.74,12,3,2019,0
2019-12-05,台北二,SE6 青蔥 粉蔥 ,146.7,116.6,81.8,115.7,16.05,2192.0,-54.86,12,4,2019,0
2019-12-06,台北二,SE6 青蔥 粉蔥 ,152.0,115.8,88.1,117.5,1.56,2030.0,-7.39,12,5,2019,0
2019-12-07,台北二,SE6 青蔥 粉蔥 ,167.8,141.1,102.9,138.8,18.13,2381.0,17.29,12,6,2019,0
2019-12-08,台北二,SE6 青蔥 粉蔥 ,162.6,137.8,95.5,134.3,-3.24,3481.0,46.2,12,7,2019,0
2019-12-09,台北二,SE6 青蔥 粉蔥 ,,,,,,,,12,1,2019,1
2019-12-10,台北二,SE6 青蔥 粉蔥 ,148.6,124.0,85.5,121.2,-9.75,4899.0,40.74,12,2,2019,0
2019-12-11,台北二,SE6 青蔥 粉蔥 ,155.4,127.1,97.7,126.9,4.7,3256.0,-33.54,12,3,2019,0
2019-12-12,台北二,SE6 青蔥 粉蔥 ,152.0,128.7,84.5,124.5,-1.89,3432.0,5.41,12,4,2019,0
2019-12-13,台北二,SE6 青蔥 粉蔥 ,137.1,114.4,73.6,110.8,-11.0,4817.0,40.36,12,5,2019,0
2019-12-14,台北二,SE6 青蔥 粉蔥 ,141.7,119.0,92.3,118.2,6.68,4363.0,-9.42,12,6,2019,0
2019-12-15,台北二,SE6 青蔥 粉蔥 ,137.8,102.3,61.8,101.3,-14.3,5749.0,31.77,12,7,2019,0
2019-12-16,台北二,SE6 青蔥 粉蔥 ,,,,,,,,12,1,2019,1
2019-12-17,台北二,SE6 青蔥 粉蔥 ,113.7,86.0,46.8,83.7,-17.37,6027.0,4.84,12,2,2019,0
2019-12-18,台北二,SE6 青蔥 粉蔥 ,94.4,74.6,44.2,72.5,-13.38,5043.0,-16.33,12,3,2019,0
2019-12-19,台北二,SE6 青蔥 粉蔥 ,94.2,68.6,31.8,66.4,-8.41,5193.0,2.97,12,4,2019,0
2019-12-20,台北二,SE6 青蔥 粉蔥 ,93.4,82.5,49.6,78.1,17.62,4359.0,-16.06,12,5,2019,0
2019-12-21,台北二,SE6 青蔥 粉蔥 ,104.6,72.3,35.6,71.4,-8.58,5499.0,26.15,12,6,2019,0
2019-12-22,台北二,SE6 青蔥 粉蔥 ,101.3,69.6,37.6,69.5,-2.66,6034.0,9.73,12,7,2019,0
2019-12-23,台北二,SE6 青蔥 粉蔥 ,,,,,,,,12,1,2019,1
2019-12-24,台北二,SE6 青蔥 粉蔥 ,100.1,71.9,39.1,71.0,2.16,6356.0,5.34,12,2,2019,0
2019-12-25,台北二,SE6 青蔥 粉蔥 ,80.4,57.1,33.9,57.1,-19.58,7479.0,17.67,12,3,2019,0
2019-12-26,台北二,SE6 青蔥 粉蔥 ,75.2,52.8,29.4,52.6,-7.88,7020.0,-6.14,12,4,2019,0
2019-12-27,台北二,SE6 青蔥 粉蔥 ,77.5,54.4,39.0,56.0,6.46,6092.0,-13.22,12,5,2019,0
2019-12-28,台北二,SE6 青蔥 粉蔥 ,67.1,47.1,29.0,47.5,-15.18,8879.0,45.75,12,6,2019,0
2019-12-29,台北二,SE6 青蔥 粉蔥 ,72.0,55.8,36.7,55.2,16.21,6976.0,-21.43,12,7,2019,0
2019-12-30,台北二,SE6 青蔥 粉蔥 ,,,,,,,,12,1,2019,1
2019-12-31,台北二,SE6 青蔥 粉蔥 ,77.0,63.6,41.2,61.8,11.96,5419.0,-22.32,12,2,2019,0
2020-01-01,台北二,SE6 青蔥 粉蔥 ,96.3,62.0,42.0,64.9,5.02,5615.0,3.62,1,3,2020,0
2020-01-02,台北二,SE6 青蔥 粉蔥 ,79.3,61.9,43.7,61.7,-4.93,7169.0,27.68,1,4,2020,0
2020-01-03,台北二,SE6 青蔥 粉蔥 ,66.0,53.9,33.9,52.3,-15.24,9792.0,36.59,1,5,2020,0
2020-01-04,台北二,SE6 青蔥 粉蔥 ,52.7,42.0,29.0,41.5,-20.65,11071.0,13.06,1,6,2020,0
2020-01-05,台北二,SE6 青蔥 粉蔥 ,53.6,38.8,22.5,38.5,-7.23,11243.0,1.55,1,7,2020,0
2020-01-06,台北二,SE6 青蔥 粉蔥 ,,,,,,,,1,1,2020,1
2020-01-07,台北二,SE6 青蔥 粉蔥 ,48.0,35.6,21.0,35.2,-8.57,12290.0,9.31,1,2,2020,0
2020-01-08,台北二,SE6 青蔥 粉蔥 ,43.2,33.8,18.8,32.7,-7.1,10554.0,-14.13,1,3,2020,0
2020-01-09,台北二,SE6 青蔥 粉蔥 ,42.3,30.6,18.8,30.6,-6.42,10062.0,-4.66,1,4,2020,0
2020-01-10,台北二,SE6 青蔥 粉蔥 ,42.6,30.8,18.1,30.6,0.0,10815.0,7.48,1,5,2020,0
2020-01-11,台北二,SE6 青蔥 粉蔥 ,43.7,31.0,22.2,31.8,3.92,10175.0,-5.92,1,6,2020,0
2020-01-12,台北二,SE6 青蔥 粉蔥 ,37.1,28.4,18.4,28.1,-11.64,11370.0,11.74,1,7,2020,0
2020-01-13,台北二,SE6 青蔥 粉蔥 ,,,,,,,,1,1,2020,1
2020-01-14,台北二,SE6 青蔥 粉蔥 ,40.6,31.8,23.6,31.9,13.52,10294.0,-9.46,1,2,2020,0
2020-01-15,台北二,SE6 青蔥 粉蔥 ,44.1,35.7,26.9,35.6,11.6,8620.0,-16.26,1,3,2020,0
2020-01-16,台北二,SE6 青蔥 粉蔥 ,45.5,34.6,27.3,35.4,-0.56,9275.0,7.6,1,4,2020,0
2020-01-17,台北二,SE6 青蔥 粉蔥 ,48.0,34.8,26.1,35.7,0.85,9640.0,3.94,1,5,2020,0
2020-01-18,台北二,SE6 青蔥 粉蔥 ,44.4,35.4,27.2,35.5,-0.56,11559.0,19.91,1,6,2020,0
2020-01-19,台北二,SE6 青蔥 粉蔥 ,53.7,43.4,34.0,43.6,22.82,10607.0,-8.24,1,7,2020,0
2020-01-20,台北二,SE6 青蔥 粉蔥 ,,,,,,,,1,1,2020,1
2020-01-21,台北二,SE6 青蔥 粉蔥 ,61.1,46.7,30.6,46.4,6.42,16420.0,54.8,1,2,2020,0
2020-01-22,台北二,SE6 青蔥 粉蔥 ,79.9,58.5,36.6,58.4,25.86,13480.0,-17.9,1,3,2020,0
2020-01-23,台北二,SE6 青蔥 粉蔥 ,92.6,55.0,30.3,57.6,-1.37,14956.0,10.95,1,4,2020,0
2020-01-24,台北二,SE6 青蔥 粉蔥 ,63.8,31.4,15.5,34.7,-39.76,9441.0,-36.87,1,5,2020,0
2020-01-25,台北二,SE6 青蔥 粉蔥 ,,,,,,,,1,6,2020,1
2020-01-26,台北二,SE6 青蔥 粉蔥 ,,,,,,,,1,7,2020,1
2020-01-27,台北二,SE6 青蔥 粉蔥 ,,,,,,,,1,1,2020,1
2020-01-28,台北二,SE6 青蔥 粉蔥 ,,,,,,,,1,2,2020,1
2020-01-29,台北二,SE6 青蔥 粉蔥 ,,,,,,,,1,3,2020,1
2020-01-30,台北二,SE6 青蔥 粉蔥 ,59.2,38.1,24.3,39.6,14.12,10856.0,14.99,1,4,2020,0
2020-01-31,台北二,SE6 青蔥 粉蔥 ,53.4,40.5,32.5,41.5,4.8,8178.0,-24.67,1,5,2020,0
2020-02-01,台北二,SE6 青蔥 粉蔥 ,64.9,54.6,40.7,53.9,29.88,8589.0,5.03,2,6,2020,0
2020-02-02,台北二,SE6 青蔥 粉蔥 ,,,,,,,,2,7,2020,1
2020-02-03,台北二,SE6 青蔥 粉蔥 ,,,,,,,,2,1,2020,1
2020-02-04,台北二,SE6 青蔥 粉蔥 ,55.6,42.2,24.6,41.4,-23.19,11334.0,31.96,2,2,2020,0
2020-02-05,台北二,SE6 青蔥 粉蔥 ,47.2,32.6,21.1,33.2,-19.81,8913.0,-21.36,2,3,2020,0
2020-02-06,台北二,SE6 青蔥 粉蔥 ,54.9,40.8,30.0,41.4,24.7,6785.0,-23.88,2,4,2020,0
2020-02-07,台北二,SE6 青蔥 粉蔥 ,56.0,40.3,30.0,41.4,0.0,11004.0,62.18,2,5,2020,0
2020-02-08,台北二,SE6 青蔥 粉蔥 ,53.0,33.3,22.8,35.2,-14.98,15387.0,39.83,2,6,2020,0
2020-02-09,台北二,SE6 青蔥 粉蔥 ,,,,,,,,2,7,2020,1
2020-02-10,台北二,SE6 青蔥 粉蔥 ,,,,,,,,2,1,2020,1
2020-02-11,台北二,SE6 青蔥 粉蔥 ,43.3,33.6,22.6,33.4,-5.11,12648.0,-17.8,2,2,2020,0
2020-02-12,台北二,SE6 青蔥 粉蔥 ,42.5,30.7,20.1,30.9,-7.49,10478.0,-17.16,2,3,2020,0
2020-02-13,台北二,SE6 青蔥 粉蔥 ,34.8,27.9,19.8,27.7,-10.36,9145.0,-12.72,2,4,2020,0
2020-02-14,台北二,SE6 青蔥 粉蔥 ,41.2,30.5,21.7,30.9,11.55,9183.0,0.42,2,5,2020,0
2020-02-15,台北二,SE6 青蔥 粉蔥 ,44.6,31.1,21.8,31.9,3.24,10004.0,8.94,2,6,2020,0
2020-02-16,台北二,SE6 青蔥 粉蔥 ,48.2,29.1,13.8,29.9,-6.27,11315.0,13.1,2,7,2020,0
2020-02-17,台北二,SE6 青蔥 粉蔥 ,,,,,,,,2,1,2020,1
2020-02-18,台北二,SE6 青蔥 粉蔥 ,45.0,33.9,22.8,33.9,13.38,10896.0,-3.7,2,2,2020,0
2020-02-19,台北二,SE6 青蔥 粉蔥 ,40.3,31.1,21.4,31.0,-8.55,10536.0,-3.3,2,3,2020,0
2020-02-20,台北二,SE6 青蔥 粉蔥 ,37.0,29.9,20.0,29.4,-5.16,9675.0,-8.17,2,4,2020,0
2020-02-21,台北二,SE6 青蔥 粉蔥 ,38.1,31.4,18.0,30.1,2.38,10068.0,4.06,2,5,2020,0
2020-02-22,台北二,SE6 青蔥 粉蔥 ,50.9,36.7,21.3,36.5,21.26,9527.0,-5.37,2,6,2020,0
2020-02-23,台北二,SE6 青蔥 粉蔥 ,49.0,34.5,19.4,34.4,-5.75,12418.0,30.35,2,7,2020,0
2020-02-24,台北二,SE6 青蔥 粉蔥 ,,,,,,,,2,1,2020,1
2020-02-25,台北二,SE6 青蔥 粉蔥 ,47.6,34.2,24.6,35.0,1.74,11234.0,-9.53,2,2,2020,0
2020-02-26,台北二,SE6 青蔥 粉蔥 ,47.2,32.7,21.4,33.4,-4.57,9630.0,-14.28,2,3,2020,0
2020-02-27,台北二,SE6 青蔥 粉蔥 ,51.0,32.5,21.9,34.1,2.1,6973.0,-27.59,2,4,2020,0
2020-02-28,台北二,SE6 青蔥 粉蔥 ,50.0,35.5,25.1,36.3,6.45,8700.0,24.77,2,5,2020,0
2020-02-29,台北二,SE6 青蔥 粉蔥 ,55.0,40.7,30.2,41.5,14.33,7766.0,-10.74,2,6,2020,0
2020-03-01,台北二,SE6 青蔥 粉蔥 ,51.9,36.5,23.5,37.0,-10.84,9522.0,22.61,3,7,2020,0
2020-03-02,台北二,SE6 青蔥 粉蔥 ,,,,,,,,3,1,2020,1
2020-03-03,台北二,SE6 青蔥 粉蔥 ,49.2,35.5,21.0,35.3,-4.59,11228.0,17.92,3,2,2020,0
2020-03-04,台北二,SE6 青蔥 粉蔥 ,40.5,28.1,21.0,29.1,-17.56,10325.0,-8.04,3,3,2020,0
2020-03-05,台北二,SE6 青蔥 粉蔥 ,34.3,25.8,16.8,25.7,-11.68,9461.0,-8.37,3,4,2020,0
2020-03-06,台北二,SE6 青蔥 粉蔥 ,36.9,28.4,21.1,28.7,11.67,8355.0,-11.69,3,5,2020,0
2020-03-07,台北二,SE6 青蔥 粉蔥 ,43.5,35.0,27.5,35.2,22.65,8628.0,3.27,3,6,2020,0
2020-03-08,台北二,SE6 青蔥 粉蔥 ,49.0,39.3,21.7,37.7,7.1,9777.0,13.32,3,7,2020,0
2020-03-09,台北二,SE6 青蔥 粉蔥 ,,,,,,,,3,1,2020,1
2020-03-10,台北二,SE6 青蔥 粉蔥 ,46.0,29.8,20.4,31.1,-17.51,12453.0,27.37,3,2,2020,0
2020-03-11,台北二,SE6 青蔥 粉蔥 ,37.7,27.8,19.1,28.0,-9.97,10467.0,-15.95,3,3,2020,0
2020-03-12,台北二,SE6 青蔥 粉蔥 ,36.3,28.1,21.2,28.4,1.43,8351.0,-20.22,3,4,2020,0
2020-03-13,台北二,SE6 青蔥 粉蔥 ,36.3,29.6,23.1,29.7,4.58,8923.0,6.85,3,5,2020,0
2020-03-14,台北二,SE6 青蔥 粉蔥 ,37.8,28.8,19.9,28.8,-3.03,9766.0,9.45,3,6,2020,0
2020-03-15,台北二,SE6 青蔥 粉蔥 ,43.9,34.8,24.4,34.6,20.14,9754.0,-0.12,3,7,2020,0
2020-03-16,台北二,SE6 青蔥 粉蔥 ,,,,,,,,3,1,2020,1
2020-03-17,台北二,SE6 青蔥 粉蔥 ,46.9,34.9,26.1,35.5,2.6,10755.0,10.26,3,2,2020,0
2020-03-18,台北二,SE6 青蔥 粉蔥 ,40.6,31.2,23.3,31.5,-11.27,10544.0,-1.96,3,3,2020,0
2020-03-19,台北二,SE6 青蔥 粉蔥 ,39.4,29.0,21.9,29.6,-6.03,10414.0,-1.23,3,4,2020,0
2020-03-20,台北二,SE6 青蔥 粉蔥 ,41.6,31.3,21.5,31.4,6.08,10077.0,-3.24,3,5,2020,0
2020-03-21,台北二,SE6 青蔥 粉蔥 ,48.9,33.5,25.4,35.0,11.46,11047.0,9.63,3,6,2020,0
2020-03-22,台北二,SE6 青蔥 粉蔥 ,45.3,32.9,25.4,33.9,-3.14,11478.0,3.9,3,7,2020,0
2020-03-23,台北二,SE6 青蔥 粉蔥 ,,,,,,,,3,1,2020,1
2020-03-24,台北二,SE6 青蔥 粉蔥 ,36.8,29.7,22.5,29.7,-12.39,14317.0,24.73,3,2,2020,0
2020-03-25,台北二,SE6 青蔥 粉蔥 ,36.0,26.8,20.9,27.4,-7.74,10425.0,-27.18,3,3,2020,0
2020-03-26,台北二,SE6 青蔥 粉蔥 ,38.7,25.1,20.6,26.9,-1.82,10421.0,-0.04,3,4,2020,0
2020-03-27,台北二,SE6 青蔥 粉蔥 ,34.8,21.6,14.0,22.7,-15.61,11639.0,11.69,3,5,2020,0
2020-03-28,台北二,SE6 青蔥 粉蔥 ,34.0,20.6,10.8,21.3,-6.17,12520.0,7.57,3,6,2020,0
2020-03-29,台北二,SE6 青蔥 粉蔥 ,30.7,21.9,12.9,21.8,2.35,11893.0,-5.01,3,7,2020,0
2020-03-30,台北二,SE6 青蔥 粉蔥 ,,,,,,,,3,1,2020,1
2020-03-31,台北二,SE6 青蔥 粉蔥 ,32.7,24.3,15.8,24.3,11.47,11865.0,-0.24,3,2,2020,0
2020-04-01,台北二,SE6 青蔥 粉蔥 ,30.2,21.7,12.4,21.6,-11.11,11803.0,-0.52,4,3,2020,0
2020-04-02,台北二,SE6 青蔥 粉蔥 ,33.6,25.8,18.0,25.8,19.44,10549.0,-10.62,4,4,2020,0
2020-04-03,台北二,SE6 青蔥 粉蔥 ,41.3,31.7,21.8,31.6,22.48,11512.0,9.13,4,5,2020,0
2020-04-04,台北二,SE6 青蔥 粉蔥 ,39.6,27.7,21.2,28.8,-8.86,9574.0,-16.83,4,6,2020,0
2020-04-05,台北二,SE6 青蔥 粉蔥 ,,,,,,,,4,7,2020,1
2020-04-06,台北二,SE6 青蔥 粉蔥 ,,,,,,,,4,1,2020,1
2020-04-07,台北二,SE6 青蔥 粉蔥 ,39.9,32.3,24.6,32.3,12.15,10516.0,9.84,4,2,2020,0
2020-04-08,台北二,SE6 青蔥 粉蔥 ,36.1,28.6,20.0,28.3,-12.38,11323.0,7.67,4,3,2020,0
2020-04-09,台北二,SE6 青蔥 粉蔥 ,31.9,24.4,15.4,24.1,-14.84,10894.0,-3.79,4,4,2020,0
2020-04-10,台北二,SE6 青蔥 粉蔥 ,29.3,23.3,13.6,22.6,-6.22,11550.0,6.02,4,5,2020,0
2020-04-11,台北二,SE6 青蔥 粉蔥 ,32.9,24.2,17.1,24.6,8.85,11731.0,1.57,4,6,2020,0
2020-04-12,台北二,SE6 青蔥 粉蔥 ,38.5,23.9,16.9,25.4,3.25,10086.0,-14.02,4,7,2020,0
2020-04-13,台北二,SE6 青蔥 粉蔥 ,,,,,,,,4,1,2020,1
2020-04-14,台北二,SE6 青蔥 粉蔥 ,36.3,25.1,19.0,26.1,2.76,12494.0,23.87,4,2,2020,0
2020-04-15,台北二,SE6 青蔥 粉蔥 ,36.4,23.5,17.5,24.9,-4.6,11017.0,-11.82,4,3,2020,0
2020-04-16,台北二,SE6 青蔥 粉蔥 ,30.3,22.5,17.3,23.0,-7.63,9822.0,-10.85,4,4,2020,0
2020-04-17,台北二,SE6 青蔥 粉蔥 ,29.7,21.3,15.5,21.8,-5.22,11087.0,12.88,4,5,2020,0
2020-04-18,台北二,SE6 青蔥 粉蔥 ,36.6,24.6,18.0,25.7,17.89,10076.0,-9.12,4,6,2020,0
2020-04-19,台北二,SE6 青蔥 粉蔥 ,44.1,26.1,18.4,28.2,9.73,10417.0,3.38,4,7,2020,0
2020-04-20,台北二,SE6 青蔥 粉蔥 ,,,,,,,,4,1,2020,1
2020-04-21,台北二,SE6 青蔥 粉蔥 ,41.2,23.4,16.3,25.6,-9.22,12305.0,18.12,4,2,2020,0
2020-04-22,台北二,SE6 青蔥 粉蔥 ,36.9,22.4,15.0,23.8,-7.03,11443.0,-7.01,4,3,2020,0
2020-04-23,台北二,SE6 青蔥 粉蔥 ,30.9,20.1,13.4,20.9,-12.18,12080.0,5.57,4,4,2020,0
2020-04-24,台北二,SE6 青蔥 粉蔥 ,28.1,19.0,12.0,19.4,-7.18,11038.0,-8.63,4,5,2020,0
2020-04-25,台北二,SE6 青蔥 粉蔥 ,33.7,22.3,16.4,23.4,20.62,9633.0,-12.73,4,6,2020,0
2020-04-26,台北二,SE6 青蔥 粉蔥 ,29.8,22.4,14.1,22.2,-5.13,12438.0,29.12,4,7,2020,0
2020-04-27,台北二,SE6 青蔥 粉蔥 ,,,,,,,,4,1,2020,1
2020-04-28,台北二,SE6 青蔥 粉蔥 ,35.0,25.0,16.6,25.3,13.96,10899.0,-12.37,4,2,2020,0
2020-04-29,台北二,SE6 青蔥 粉蔥 ,34.6,19.8,12.0,21.2,-16.21,12775.0,17.21,4,3,2020,0
2020-04-30,台北二,SE6 青蔥 粉蔥 ,27.5,19.0,12.9,19.5,-8.02,10864.0,-14.96,4,4,2020,0
2020-05-01,台北二,SE6 青蔥 粉蔥 ,30.3,20.7,13.3,21.1,8.21,9794.0,-9.85,5,5,2020,0
2020-05-02,台北二,SE6 青蔥 粉蔥 ,31.7,21.3,15.6,22.2,5.21,10671.0,8.95,5,6,2020,0
2020-05-03,台北二,SE6 青蔥 粉蔥 ,43.4,23.3,15.4,25.8,16.22,9147.0,-14.28,5,7,2020,0
2020-05-04,台北二,SE6 青蔥 粉蔥 ,,,,,,,,5,1,2020,1
2020-05-05,台北二,SE6 青蔥 粉蔥 ,39.2,23.1,13.8,24.4,-5.43,10534.0,15.16,5,2,2020,0
2020-05-06,台北二,SE6 青蔥 粉蔥 ,37.5,21.2,12.8,22.8,-6.56,9728.0,-7.65,5,3,2020,0
2020-05-07,台北二,SE6 青蔥 粉蔥 ,30.5,19.2,12.8,20.2,-11.4,9068.0,-6.78,5,4,2020,0
2020-05-08,台北二,SE6 青蔥 粉蔥 ,33.9,22.7,16.3,23.7,17.33,8400.0,-7.37,5,5,2020,0
2020-05-09,台北二,SE6 青蔥 粉蔥 ,40.2,24.2,15.3,25.6,8.02,9493.0,13.01,5,6,2020,0
2020-05-10,台北二,SE6 青蔥 粉蔥 ,35.8,22.6,16.6,24.0,-6.25,9989.0,5.22,5,7,2020,0
2020-05-11,台北二,SE6 青蔥 粉蔥 ,,,,,,,,5,1,2020,1
2020-05-12,台北二,SE6 青蔥 粉蔥 ,35.2,24.4,19.6,25.6,6.67,8761.0,-12.29,5,2,2020,0
2020-05-13,台北二,SE6 青蔥 粉蔥 ,34.5,23.4,17.8,24.5,-4.3,8574.0,-2.13,5,3,2020,0
2020-05-14,台北二,SE6 青蔥 粉蔥 ,29.1,21.6,16.2,22.0,-10.2,9157.0,6.8,5,4,2020,0
2020-05-15,台北二,SE6 青蔥 粉蔥 ,29.1,21.6,15.1,21.8,-0.91,9270.0,1.23,5,5,2020,0
2020-05-16,台北二,SE6 青蔥 粉蔥 ,37.5,26.9,20.1,27.7,27.06,8114.0,-12.47,5,6,2020,0
2020-05-17,台北二,SE6 青蔥 粉蔥 ,42.3,33.3,24.7,33.4,20.58,7672.0,-5.45,5,7,2020,0
2020-05-18,台北二,SE6 青蔥 粉蔥 ,,,,,,,,5,1,2020,1
2020-05-19,台北二,SE6 青蔥 粉蔥 ,41.4,30.2,21.9,30.8,-7.78,9374.0,22.18,5,2,2020,0
2020-05-20,台北二,SE6 青蔥 粉蔥 ,41.4,31.8,25.3,32.4,5.19,7433.0,-20.71,5,3,2020,0
2020-05-21,台北二,SE6 青蔥 粉蔥 ,47.2,32.1,26.4,34.0,4.94,7459.0,0.35,5,4,2020,0
2020-05-22,台北二,SE6 青蔥 粉蔥 ,34.6,23.9,18.6,25.0,-26.47,9815.0,31.59,5,5,2020,0
2020-05-23,台北二,SE6 青蔥 粉蔥 ,39.8,25.2,18.6,26.8,7.2,8790.0,-10.44,5,6,2020,0
2020-05-24,台北二,SE6 青蔥 粉蔥 ,51.8,28.7,18.2,31.2,16.42,8339.0,-5.13,5,7,2020,0
2020-05-25,台北二,SE6 青蔥 粉蔥 ,,,,,,,,5,1,2020,1
2020-05-26,台北二,SE6 青蔥 粉蔥 ,47.2,32.1,19.4,32.6,4.49,9062.0,8.67,5,2,2020,0
2020-05-27,台北二,SE6 青蔥 粉蔥 ,40.4,30.0,20.5,30.2,-7.36,9153.0,1.0,5,3,2020,0
2020-05-28,台北二,SE6 青蔥 粉蔥 ,39.9,25.3,15.4,26.2,-13.25,8303.0,-9.29,5,4,2020,0
2020-05-29,台北二,SE6 青蔥 粉蔥 ,38.3,26.7,16.0,26.9,2.67,7476.0,-9.96,5,5,2020,0
2020-05-30,台北二,SE6 青蔥 粉蔥 ,44.2,32.9,22.9,33.2,23.42,7197.0,-3.73,5,6,2020,0
2020-05-31,台北二,SE6 青蔥 粉蔥 ,41.8,28.8,17.0,29.0,-12.65,9649.0,34.07,5,7,2020,0
2020-06-01,台北二,SE6 青蔥 粉蔥 ,,,,,,,,6,1,2020,1
2020-06-02,台北二,SE6 青蔥 粉蔥 ,51.2,34.2,19.2,34.6,19.31,8051.0,-16.56,6,2,2020,0
2020-06-03,台北二,SE6 青蔥 粉蔥 ,56.8,35.5,19.6,36.6,5.78,7847.0,-2.53,6,3,2020,0
2020-06-04,台北二,SE6 青蔥 粉蔥 ,50.2,35.0,25.6,36.2,-1.09,5870.0,-25.19,6,4,2020,0
2020-06-05,台北二,SE6 青蔥 粉蔥 ,56.6,35.0,21.3,36.6,1.1,6413.0,9.25,6,5,2020,0
2020-06-06,台北二,SE6 青蔥 粉蔥 ,51.9,34.7,24.0,36.0,-1.64,7811.0,21.8,6,6,2020,0
2020-06-07,台北二,SE6 青蔥 粉蔥 ,55.0,33.9,22.6,35.9,-0.28,7585.0,-2.89,6,7,2020,0
2020-06-08,台北二,SE6 青蔥 粉蔥 ,,,,,,,,6,1,2020,1
2020-06-09,台北二,SE6 青蔥 粉蔥 ,51.2,34.8,21.7,35.4,-1.39,8415.0,10.94,6,2,2020,0
2020-06-10,台北二,SE6 青蔥 粉蔥 ,54.7,39.0,30.1,40.4,14.12,6575.0,-21.87,6,3,2020,0
2020-06-11,台北二,SE6 青蔥 粉蔥 ,53.4,35.5,22.1,36.4,-9.9,5733.0,-12.81,6,4,2020,0
2020-06-12,台北二,SE6 青蔥 粉蔥 ,51.2,38.0,28.1,38.6,6.04,5684.0,-0.85,6,5,2020,0
2020-06-13,台北二,SE6 青蔥 粉蔥 ,55.9,41.8,30.4,42.3,9.59,5031.0,-11.49,6,6,2020,0
2020-06-14,台北二,SE6 青蔥 粉蔥 ,56.7,41.6,31.5,42.6,0.71,6849.0,36.14,6,7,2020,0
2020-06-15,台北二,SE6 青蔥 粉蔥 ,,,,,,,,6,1,2020,1
2020-06-16,台北二,SE6 青蔥 粉蔥 ,53.1,38.1,25.5,38.6,-9.39,7494.0,9.42,6,2,2020,0
2020-06-17,台北二,SE6 青蔥 粉蔥 ,59.6,40.3,24.7,41.0,6.22,6666.0,-11.05,6,3,2020,0
2020-06-18,台北二,SE6 青蔥 粉蔥 ,52.6,38.7,24.0,38.6,-5.85,5490.0,-17.64,6,4,2020,0
2020-06-19,台北二,SE6 青蔥 粉蔥 ,49.9,38.4,27.0,38.4,-0.52,5385.0,-1.91,6,5,2020,0
2020-06-20,台北二,SE6 青蔥 粉蔥 ,55.9,42.7,28.0,42.4,10.42,5149.0,-4.38,6,6,2020,0
2020-06-21,台北二,SE6 青蔥 粉蔥 ,55.1,42.4,28.0,42.1,-0.71,6240.0,21.19,6,7,2020,0
2020-06-22,台北二,SE6 青蔥 粉蔥 ,,,,,,,,6,1,2020,1
2020-06-23,台北二,SE6 青蔥 粉蔥 ,59.0,46.7,29.9,45.8,8.79,6555.0,5.05,6,2,2020,0
2020-06-24,台北二,SE6 青蔥 粉蔥 ,83.4,69.6,49.6,68.3,49.13,5124.0,-21.83,6,3,2020,0
2020-06-25,台北二,SE6 青蔥 粉蔥 ,97.2,74.3,53.6,74.8,9.52,7838.0,52.97,6,4,2020,0
2020-06-26,台北二,SE6 青蔥 粉蔥 ,,,,,,,,6,5,2020,1
2020-06-27,台北二,SE6 青蔥 粉蔥 ,,,,,,,,6,6,2020,1
2020-06-28,台北二,SE6 青蔥 粉蔥 ,71.5,56.6,43.1,56.8,-24.06,7022.0,-10.41,6,7,2020,0
2020-06-29,台北二,SE6 青蔥 粉蔥 ,,,,,,,,6,1,2020,1
2020-06-30,台北二,SE6 青蔥 粉蔥 ,83.6,64.3,48.5,65.0,14.44,5970.0,-14.98,6,2,2020,0
2020-07-01,台北二,SE6 青蔥 粉蔥 ,79.3,64.5,51.4,64.9,-0.15,5143.0,-13.85,7,3,2020,0
2020-07-02,台北二,SE6 青蔥 粉蔥 ,80.7,63.2,46.2,63.3,-2.47,5248.0,2.04,7,4,2020,0
2020-07-03,台北二,SE6 青蔥 粉蔥 ,76.5,59.1,38.5,58.4,-7.74,5480.0,4.42,7,5,2020,0
2020-07-04,台北二,SE6 青蔥 粉蔥 ,75.1,63.4,42.9,61.7,5.65,5462.0,-0.33,7,6,2020,0
2020-07-05,台北二,SE6 青蔥 粉蔥 ,83.2,73.5,51.3,71.0,15.07,5175.0,-5.25,7,7,2020,0
2020-07-06,台北二,SE6 青蔥 粉蔥 ,,,,,,,,7,1,2020,1
2020-07-07,台北二,SE6 青蔥 粉蔥 ,84.7,72.9,51.2,70.9,-0.14,5772.0,11.54,7,2,2020,0
2020-07-08,台北二,SE6 青蔥 粉蔥 ,96.6,80.9,53.2,78.5,10.72,4015.0,-30.44,7,3,2020,0
2020-07-09,台北二,SE6 青蔥 粉蔥 ,95.5,83.8,62.5,81.9,4.33,3471.0,-13.55,7,4,2020,0
2020-07-10,台北二,SE6 青蔥 粉蔥 ,106.7,89.0,54.1,85.6,4.52,3929.0,13.2,7,5,2020,0
2020-07-11,台北二,SE6 青蔥 粉蔥 ,94.2,83.8,62.0,81.5,-4.79,5525.0,40.62,7,6,2020,0
2020-07-12,台北二,SE6 青蔥 粉蔥 ,95.3,75.9,50.2,74.6,-8.47,6232.0,12.8,7,7,2020,0
2020-07-13,台北二,SE6 青蔥 粉蔥 ,,,,,,,,7,1,2020,1
2020-07-14,台北二,SE6 青蔥 粉蔥 ,137.3,118.0,65.4,111.4,49.33,3935.0,-36.86,7,2,2020,0
2020-07-15,台北二,SE6 青蔥 粉蔥 ,136.5,108.5,72.4,106.9,-4.04,5507.0,39.95,7,3,2020,0
2020-07-16,台北二,SE6 青蔥 粉蔥 ,,,,,,,,7,4,2020,1
2020-07-17,台北二,SE6 青蔥 粉蔥 ,122.1,98.4,64.5,96.4,-9.82,6713.0,21.9,7,5,2020,0
2020-07-18,台北二,SE6 青蔥 粉蔥 ,131.7,115.2,84.7,112.4,16.6,4248.0,-36.72,7,6,2020,0
2020-07-19,台北二,SE6 青蔥 粉蔥 ,119.2,98.1,61.6,95.0,-15.48,6189.0,45.69,7,7,2020,0
2020-07-20,台北二,SE6 青蔥 粉蔥 ,,,,,,,,7,1,2020,1
2020-07-21,台北二,SE6 青蔥 粉蔥 ,128.4,111.2,74.8,107.4,13.05,4632.0,-25.16,7,2,2020,0
2020-07-22,台北二,SE6 青蔥 粉蔥 ,126.2,98.3,62.3,96.7,-9.96,4756.0,2.68,7,3,2020,0
2020-07-23,台北二,SE6 青蔥 粉蔥 ,107.4,90.3,60.0,87.7,-9.31,4543.0,-4.48,7,4,2020,0
2020-07-24,台北二,SE6 青蔥 粉蔥 ,120.6,101.6,73.4,99.8,13.8,3537.0,-22.14,7,5,2020,0
2020-07-25,台北二,SE6 青蔥 粉蔥 ,117.4,108.6,76.3,103.9,4.11,4243.0,19.96,7,6,2020,0
2020-07-26,台北二,SE6 青蔥 粉蔥 ,126.5,109.0,82.0,107.1,3.08,5147.0,21.31,7,7,2020,0
2020-07-27,台北二,SE6 青蔥 粉蔥 ,,,,,,,,7,1,2020,1
2020-07-28,台北二,SE6 青蔥 粉蔥 ,112.1,104.3,85.6,102.2,-4.58,5508.0,7.01,7,2,2020,0
2020-07-29,台北二,SE6 青蔥 粉蔥 ,120.3,107.4,79.2,104.3,2.05,4098.0,-25.6,7,3,2020,0
2020-07-30,台北二,SE6 青蔥 粉蔥 ,117.7,102.7,74.0,100.0,-4.12,4388.0,7.08,7,4,2020,0
2020-07-31,台北二,SE6 青蔥 粉蔥 ,111.5,104.1,82.3,101.2,1.2,4222.0,-3.78,7,5,2020,0
2020-08-01,台北二,SE6 青蔥 粉蔥 ,125.0,115.2,86.6,111.4,10.08,4231.0,0.21,8,6,2020,0
2020-08-02,台北二,SE6 青蔥 粉蔥 ,118.6,107.4,89.3,106.0,-4.85,5673.0,34.08,8,7,2020,0
2020-08-03,台北二,SE6 青蔥 粉蔥 ,,,,,,,,8,1,2020,1
2020-08-04,台北二,SE6 青蔥 粉蔥 ,152.2,141.5,121.2,139.6,31.7,3339.0,-41.14,8,2,2020,0
2020-08-05,台北二,SE6 青蔥 粉蔥 ,151.7,136.2,97.6,131.6,-5.73,4510.0,35.07,8,3,2020,0
2020-08-06,台北二,SE6 青蔥 粉蔥 ,143.4,126.5,90.1,122.6,-6.84,3957.0,-12.26,8,4,2020,0
2020-08-07,台北二,SE6 青蔥 粉蔥 ,110.3,102.2,83.2,100.0,-18.43,4681.0,18.3,8,5,2020,0
2020-08-08,台北二,SE6 青蔥 粉蔥 ,138.6,129.5,98.5,125.1,25.1,3348.0,-28.48,8,6,2020,0
2020-08-09,台北二,SE6 青蔥 粉蔥 ,146.4,136.2,101.0,131.2,4.88,4022.0,20.13,8,7,2020,0
2020-08-10,台北二,SE6 青蔥 粉蔥 ,,,,,,,,8,1,2020,1
2020-08-11,台北二,SE6 青蔥 粉蔥 ,165.9,147.7,109.0,143.6,9.45,4775.0,18.72,8,2,2020,0
2020-08-12,台北二,SE6 青蔥 粉蔥 ,167.3,149.1,103.4,143.6,0.0,4549.0,-4.73,8,3,2020,0
2020-08-13,台北二,SE6 青蔥 粉蔥 ,,,,,,,,8,4,2020,1
2020-08-14,台北二,SE6 青蔥 粉蔥 ,162.1,142.3,95.6,136.9,-4.67,4918.0,8.11,8,5,2020,0
2020-08-15,台北二,SE6 青蔥 粉蔥 ,152.2,113.9,80.7,114.9,-16.07,5313.0,8.03,8,6,2020,0
2020-08-16,台北二,SE6 青蔥 粉蔥 ,139.3,116.1,83.0,114.1,-0.7,4953.0,-6.78,8,7,2020,0
2020-08-17,台北二,SE6 青蔥 粉蔥 ,,,,,,,,8,1,2020,1
2020-08-18,台北二,SE6 青蔥 粉蔥 ,138.1,115.3,67.8,110.4,-3.24,4805.0,-2.99,8,2,2020,0
2020-08-19,台北二,SE6 青蔥 粉蔥 ,149.4,117.4,73.7,115.0,4.17,4185.0,-12.9,8,3,2020,0
2020-08-20,台北二,SE6 青蔥 粉蔥 ,130.1,108.9,84.9,108.4,-5.74,4741.0,13.29,8,4,2020,0
2020-08-21,台北二,SE6 青蔥 粉蔥 ,116.7,102.9,67.2,98.5,-9.13,4483.0,-5.44,8,5,2020,0
2020-08-22,台北二,SE6 青蔥 粉蔥 ,115.3,103.0,68.0,98.5,0.0,4630.0,3.28,8,6,2020,0
2020-08-23,台北二,SE6 青蔥 粉蔥 ,139.5,112.1,79.7,111.1,12.79,4704.0,1.6,8,7,2020,0
2020-08-24,台北二,SE6 青蔥 粉蔥 ,,,,,,,,8,1,2020,1
2020-08-25,台北二,SE6 青蔥 粉蔥 ,124.8,106.6,67.9,102.5,-7.74,5328.0,13.27,8,2,2020,0
2020-08-26,台北二,SE6 青蔥 粉蔥 ,117.8,97.0,55.5,92.9,-9.37,4502.0,-15.5,8,3,2020,0
2020-08-27,台北二,SE6 青蔥 粉蔥 ,109.5,92.5,58.7,89.2,-3.98,4581.0,1.75,8,4,2020,0
2020-08-28,台北二,SE6 青蔥 粉蔥 ,102.7,92.4,66.8,89.3,0.11,4618.0,0.81,8,5,2020,0
2020-08-29,台北二,SE6 青蔥 粉蔥 ,121.2,108.1,75.9,104.3,16.8,4778.0,3.46,8,6,2020,0
2020-08-30,台北二,SE6 青蔥 粉蔥 ,114.3,98.6,74.8,97.0,-7.0,6269.0,31.21,8,7,2020,0
2020-08-31,台北二,SE6 青蔥 粉蔥 ,,,,,,,,8,1,2020,1
2020-09-01,台北二,SE6 青蔥 粉蔥 ,120.8,102.0,71.9,99.7,2.78,6418.0,2.38,9,2,2020,0
2020-09-02,台北二,SE6 青蔥 粉蔥 ,171.6,151.2,104.4,145.9,46.34,5536.0,-13.74,9,3,2020,0
2020-09-03,台北二,SE6 青蔥 粉蔥 ,,,,,,,,9,4,2020,1
2020-09-04,台北二,SE6 青蔥 粉蔥 ,,,,,,,,9,5,2020,1
2020-09-05,台北二,SE6 青蔥 粉蔥 ,112.2,91.0,52.8,87.6,-39.96,9337.0,68.66,9,6,2020,0
2020-09-06,台北二,SE6 青蔥 粉蔥 ,118.2,95.7,55.7,92.2,5.25,6510.0,-30.28,9,7,2020,0
2020-09-07,台北二,SE6 青蔥 粉蔥 ,,,,,,,,9,1,2020,1
2020-09-08,台北二,SE6 青蔥 粉蔥 ,108.8,83.0,53.5,82.2,-10.85,8448.0,29.77,9,2,2020,0
2020-09-09,台北二,SE6 青蔥 粉蔥 ,97.7,71.0,47.5,71.6,-12.9,6272.0,-25.76,9,3,2020,0
2020-09-10,台北二,SE6 青蔥 粉蔥 ,101.1,70.4,45.3,71.5,-0.14,4553.0,-27.41,9,4,2020,0
2020-09-11,台北二,SE6 青蔥 粉蔥 ,102.0,74.6,32.2,71.6,0.14,5644.0,23.96,9,5,2020,0
2020-09-12,台北二,SE6 青蔥 粉蔥 ,90.6,65.3,48.7,67.0,-6.42,6279.0,11.25,9,6,2020,0
2020-09-13,台北二,SE6 青蔥 粉蔥 ,67.7,44.7,34.3,47.2,-29.55,9856.0,56.97,9,7,2020,0
2020-09-14,台北二,SE6 青蔥 粉蔥 ,,,,,,,,9,1,2020,1
2020-09-15,台北二,SE6 青蔥 粉蔥 ,77.5,53.1,39.0,55.1,16.74,8050.0,-18.32,9,2,2020,0
2020-09-16,台北二,SE6 青蔥 粉蔥 ,69.7,51.4,34.6,51.7,-6.17,7051.0,-12.41,9,3,2020,0
2020-09-17,台北二,SE6 青蔥 粉蔥 ,59.6,48.1,37.6,48.3,-6.58,6072.0,-13.88,9,4,2020,0
2020-09-18,台北二,SE6 青蔥 粉蔥 ,57.1,45.8,31.8,45.3,-6.21,5698.0,-6.16,9,5,2020,0
2020-09-19,台北二,SE6 青蔥 粉蔥 ,75.6,52.2,30.3,52.5,15.89,5670.0,-0.49,9,6,2020,0
2020-09-20,台北二,SE6 青蔥 粉蔥 ,59.4,44.3,24.3,43.3,-17.52,8305.0,46.47,9,7,2020,0
2020-09-21,台北二,SE6 青蔥 粉蔥 ,,,,,,,,9,1,2020,1
2020-09-22,台北二,SE6 青蔥 粉蔥 ,69.3,50.6,25.6,49.4,14.09,7383.0,-11.1,9,2,2020,0
2020-09-23,台北二,SE6 青蔥 粉蔥 ,62.9,44.5,24.5,44.2,-10.53,9781.0,32.48,9,3,2020,0
2020-09-24,台北二,SE6 青蔥 粉蔥 ,,,,,,,,9,4,2020,1
2020-09-25,台北二,SE6 青蔥 粉蔥 ,62.1,41.2,28.5,42.8,-3.17,8634.0,-11.73,9,5,2020,0
2020-09-26,台北二,SE6 青蔥 粉蔥 ,69.2,48.6,32.6,49.5,15.65,6471.0,-25.05,9,6,2020,0
2020-09-27,台北二,SE6 青蔥 粉蔥 ,47.9,32.8,24.6,34.2,-30.91,10360.0,60.1,9,7,2020,0
2020-09-28,台北二,SE6 青蔥 粉蔥 ,,,,,,,,9,1,2020,1
2020-09-29,台北二,SE6 青蔥 粉蔥 ,52.9,39.7,29.1,40.2,17.54,9283.0,-10.4,9,2,2020,0
2020-09-30,台北二,SE6 青蔥 粉蔥 ,55.5,39.2,27.6,40.2,0.0,9940.0,7.08,9,3,2020,0
2020-10-01,台北二,SE6 青蔥 粉蔥 ,45.5,32.8,22.6,33.3,-17.16,12389.0,24.64,10,4,2020,0
2020-10-02,台北二,SE6 青蔥 粉蔥 ,,,,,,,,10,5,2020,1
2020-10-03,台北二,SE6 青蔥 粉蔥 ,,,,,,,,10,6,2020,1
2020-10-04,台北二,SE6 青蔥 粉蔥 ,55.7,39.4,23.9,39.6,18.92,9121.0,-26.38,10,7,2020,0
2020-10-05,台北二,SE6 青蔥 粉蔥 ,,,,,,,,10,1,2020,1
2020-10-06,台北二,SE6 青蔥 粉蔥 ,70.3,45.1,30.5,47.2,19.19,8015.0,-12.13,10,2,2020,0
2020-10-07,台北二,SE6 青蔥 粉蔥 ,68.2,47.5,29.2,48.0,1.69,7038.0,-12.19,10,3,2020,0
2020-10-08,台北二,SE6 青蔥 粉蔥 ,52.3,37.1,25.9,37.9,-21.04,8362.0,18.81,10,4,2020,0
2020-10-09,台北二,SE6 青蔥 粉蔥 ,44.6,29.9,22.5,31.4,-17.15,9146.0,9.38,10,5,2020,0
2020-10-10,台北二,SE6 青蔥 粉蔥 ,46.5,31.0,23.1,32.5,3.5,7797.0,-14.75,10,6,2020,0
2020-10-11,台北二,SE6 青蔥 粉蔥 ,52.6,36.6,27.0,37.9,16.62,6794.0,-12.86,10,7,2020,0
2020-10-12,台北二,SE6 青蔥 粉蔥 ,,,,,,,,10,1,2020,1
2020-10-13,台北二,SE6 青蔥 粉蔥 ,51.7,34.5,26.0,36.2,-4.49,8350.0,22.9,10,2,2020,0
2020-10-14,台北二,SE6 青蔥 粉蔥 ,46.6,24.9,18.2,27.9,-22.93,9097.0,8.95,10,3,2020,0
2020-10-15,台北二,SE6 青蔥 粉蔥 ,48.6,31.6,20.2,32.7,17.2,6962.0,-23.47,10,4,2020,0
2020-10-16,台北二,SE6 青蔥 粉蔥 ,46.2,25.8,16.5,28.0,-14.37,8788.0,26.23,10,5,2020,0
2020-10-17,台北二,SE6 青蔥 粉蔥 ,50.2,29.3,17.8,31.2,11.43,7968.0,-9.33,10,6,2020,0
2020-10-18,台北二,SE6 青蔥 粉蔥 ,57.7,31.9,20.3,34.8,11.54,7989.0,0.26,10,7,2020,0
2020-10-19,台北二,SE6 青蔥 粉蔥 ,,,,,,,,10,1,2020,1
2020-10-20,台北二,SE6 青蔥 粉蔥 ,42.3,26.1,15.9,27.3,-21.55,11680.0,46.2,10,2,2020,0
2020-10-21,台北二,SE6 青蔥 粉蔥 ,49.6,31.5,22.2,33.3,21.98,6716.0,-42.5,10,3,2020,0
2020-10-22,台北二,SE6 青蔥 粉蔥 ,42.8,29.5,18.5,30.0,-9.91,6847.0,1.95,10,4,2020,0
2020-10-23,台北二,SE6 青蔥 粉蔥 ,45.7,30.1,20.4,31.3,4.33,7009.0,2.37,10,5,2020,0
2020-10-24,台北二,SE6 青蔥 粉蔥 ,49.7,35.3,23.6,35.8,14.38,7422.0,5.89,10,6,2020,0
2020-10-25,台北二,SE6 青蔥 粉蔥 ,57.9,42.5,29.9,43.1,20.39,8155.0,9.88,10,7,2020,0
2020-10-26,台北二,SE6 青蔥 粉蔥 ,,,,,,,,10,1,2020,1
2020-10-27,台北二,SE6 青蔥 粉蔥 ,59.0,35.4,23.2,37.6,-12.76,9167.0,12.41,10,2,2020,0
2020-10-28,台北二,SE6 青蔥 粉蔥 ,49.4,31.1,21.4,32.8,-12.77,8559.0,-6.63,10,3,2020,0
2020-10-29,台北二,SE6 青蔥 粉蔥 ,47.6,29.6,22.4,31.8,-3.05,7582.0,-11.41,10,4,2020,0
2020-10-30,台北二,SE6 青蔥 粉蔥 ,46.2,28.4,21.3,30.6,-3.77,8010.0,5.64,10,5,2020,0
2020-10-31,台北二,SE6 青蔥 粉蔥 ,45.2,27.2,21.2,29.6,-3.27,9506.0,18.68,10,6,2020,0
2020-11-01,台北二,SE6 青蔥 粉蔥 ,46.9,26.4,19.4,29.1,-1.69,9758.0,2.65,11,7,2020,0
2020-11-02,台北二,SE6 青蔥 粉蔥 ,,,,,,,,11,1,2020,1
2020-11-03,台北二,SE6 青蔥 粉蔥 ,53.4,29.8,18.9,32.4,11.34,9404.0,-3.63,11,2,2020,0
2020-11-04,台北二,SE6 青蔥 粉蔥 ,53.2,28.4,18.3,31.4,-3.09,9502.0,1.04,11,3,2020,0
2020-11-05,台北二,SE6 青蔥 粉蔥 ,47.0,28.6,21.7,30.9,-1.59,8177.0,-13.94,11,4,2020,0
2020-11-06,台北二,SE6 青蔥 粉蔥 ,40.7,26.6,19.6,28.0,-9.39,8634.0,5.59,11,5,2020,0
2020-11-07,台北二,SE6 青蔥 粉蔥 ,56.5,32.2,21.3,34.9,24.64,7290.0,-15.57,11,6,2020,0
2020-11-08,台北二,SE6 青蔥 粉蔥 ,55.0,33.5,22.1,35.5,1.72,7261.0,-0.4,11,7,2020,0
2020-11-09,台北二,SE6 青蔥 粉蔥 ,,,,,,,,11,1,2020,1
2020-11-10,台北二,SE6 青蔥 粉蔥 ,55.3,32.6,20.5,34.7,-2.25,9130.0,25.74,11,2,2020,0
2020-11-11,台北二,SE6 青蔥 粉蔥 ,58.0,38.4,25.8,39.8,14.7,7961.0,-12.8,11,3,2020,0
2020-11-12,台北二,SE6 青蔥 粉蔥 ,,,,,,,,11,4,2020,1
2020-11-13,台北二,SE6 青蔥 粉蔥 ,54.2,36.8,22.7,37.4,-6.03,7839.0,-1.53,11,5,2020,0
2020-11-14,台北二,SE6 青蔥 粉蔥 ,52.0,33.6,24.2,35.4,-5.35,7753.0,-1.1,11,6,2020,0
2020-11-15,台北二,SE6 青蔥 粉蔥 ,51.0,32.9,22.0,34.3,-3.11,8985.0,15.89,11,7,2020,0
2020-11-16,台北二,SE6 青蔥 粉蔥 ,,,,,,,,11,1,2020,1
2020-11-17,台北二,SE6 青蔥 粉蔥 ,50.6,36.3,25.1,37.0,7.87,8063.0,-10.26,11,2,2020,0
2020-11-18,台北二,SE6 青蔥 粉蔥 ,43.6,30.3,22.8,31.4,-15.14,8654.0,7.33,11,3,2020,0
2020-11-19,台北二,SE6 青蔥 粉蔥 ,42.2,26.7,17.4,27.9,-11.15,8373.0,-3.25,11,4,2020,0
2020-11-20,台北二,SE6 青蔥 粉蔥 ,47.1,29.3,15.4,30.1,7.89,8008.0,-4.36,11,5,2020,0
2020-11-21,台北二,SE6 青蔥 粉蔥 ,47.8,31.3,17.0,31.7,5.32,8125.0,1.46,11,6,2020,0
2020-11-22,台北二,SE6 青蔥 粉蔥 ,45.8,32.6,17.1,32.1,1.26,8758.0,7.79,11,7,2020,0
2020-11-23,台北二,SE6 青蔥 粉蔥 ,,,,,,,,11,1,2020,1
2020-11-24,台北二,SE6 青蔥 粉蔥 ,51.5,34.8,19.1,35.0,9.03,8042.0,-8.18,11,2,2020,0
2020-11-25,台北二,SE6 青蔥 粉蔥 ,48.0,31.6,19.0,32.4,-7.43,8525.0,6.01,11,3,2020,0
2020-11-26,台北二,SE6 青蔥 粉蔥 ,44.2,32.4,16.4,31.6,-2.47,7025.0,-17.6,11,4,2020,0
2020-11-27,台北二,SE6 青蔥 粉蔥 ,41.6,29.8,17.8,29.8,-5.7,8996.0,28.06,11,5,2020,0
2020-11-28,台北二,SE6 青蔥 粉蔥 ,43.3,31.1,17.1,30.7,3.02,8570.0,-4.74,11,6,2020,0
2020-11-29,台北二,SE6 青蔥 粉蔥 ,46.9,32.0,18.1,32.2,4.89,8972.0,4.69,11,7,2020,0
2020-11-30,台北二,SE6 青蔥 粉蔥 ,,,,,,,,11,1,2020,1
2020-12-01,台北二,SE6 青蔥 粉蔥 ,49.4,32.9,15.5,32.7,1.55,8542.0,-4.79,12,2,2020,0
2020-12-02,台北二,SE6 青蔥 粉蔥 ,42.2,33.4,17.6,32.0,-2.14,6659.0,-22.04,12,3,2020,0
2020-12-03,台北二,SE6 青蔥 粉蔥 ,40.2,28.2,15.6,28.1,-12.19,8918.0,33.92,12,4,2020,0
2020-12-04,台北二,SE6 青蔥 粉蔥 ,39.2,28.0,18.8,28.4,1.07,8373.0,-6.11,12,5,2020,0
2020-12-05,台北二,SE6 青蔥 粉蔥 ,41.0,29.8,19.4,30.0,5.63,8976.0,7.2,12,6,2020,0
2020-12-06,台北二,SE6 青蔥 粉蔥 ,41.0,29.4,20.3,29.9,-0.33,9334.0,3.99,12,7,2020,0
2020-12-07,台北二,SE6 青蔥 粉蔥 ,,,,,,,,12,1,2020,1
2020-12-08,台北二,SE6 青蔥 粉蔥 ,49.2,31.5,20.8,32.9,10.03,9562.0,2.44,12,2,2020,0
2020-12-09,台北二,SE6 青蔥 粉蔥 ,48.5,26.8,17.2,29.2,-11.25,9579.0,0.18,12,3,2020,0
2020-12-10,台北二,SE6 青蔥 粉蔥 ,41.5,25.6,17.7,27.2,-6.85,8769.0,-8.46,12,4,2020,0
2020-12-11,台北二,SE6 青蔥 粉蔥 ,42.6,29.4,19.0,30.0,10.29,8323.0,-5.09,12,5,2020,0
2020-12-12,台北二,SE6 青蔥 粉蔥 ,42.3,28.2,18.1,29.0,-3.33,10595.0,27.3,12,6,2020,0
2020-12-13,台北二,SE6 青蔥 粉蔥 ,42.6,29.3,19.9,30.1,3.79,11159.0,5.32,12,7,2020,0
2020-12-14,台北二,SE6 青蔥 粉蔥 ,,,,,,,,12,1,2020,1
2020-12-15,台北二,SE6 青蔥 粉蔥 ,38.6,28.7,19.8,28.9,-3.99,11368.0,1.87,12,2,2020,0
2020-12-16,台北二,SE6 青蔥 粉蔥 ,36.9,26.2,16.4,26.4,-8.65,9392.0,-17.38,12,3,2020,0
2020-12-17,台北二,SE6 青蔥 粉蔥 ,39.2,28.0,19.7,28.5,7.95,8154.0,-13.18,12,4,2020,0
2020-12-18,台北二,SE6 青蔥 粉蔥 ,37.4,26.4,19.5,27.2,-4.56,9690.0,18.84,12,5,2020,0
2020-12-19,台北二,SE6 青蔥 粉蔥 ,39.8,29.4,21.2,29.8,9.56,9436.0,-2.62,12,6,2020,0
2020-12-20,台北二,SE6 青蔥 粉蔥 ,39.2,28.0,19.2,28.5,-4.36,11846.0,25.54,12,7,2020,0
2020-12-21,台北二,SE6 青蔥 粉蔥 ,,,,,,,,12,1,2020,1
2020-12-22,台北二,SE6 青蔥 粉蔥 ,50.1,34.3,21.8,35.0,22.81,7770.0,-34.41,12,2,2020,0
2020-12-23,台北二,SE6 青蔥 粉蔥 ,47.3,28.1,18.6,30.1,-14.0,8509.0,9.51,12,3,2020,0
2020-12-24,台北二,SE6 青蔥 粉蔥 ,37.4,24.8,15.5,25.5,-15.28,9834.0,15.57,12,4,2020,0
2020-12-25,台北二,SE6 青蔥 粉蔥 ,40.2,26.8,17.8,27.7,8.63,8768.0,-10.84,12,5,2020,0
2020-12-26,台北二,SE6 青蔥 粉蔥 ,39.5,28.2,16.6,28.1,1.44,9609.0,9.59,12,6,2020,0
2020-12-27,台北二,SE6 青蔥 粉蔥 ,39.3,25.9,15.2,26.5,-5.69,11465.0,19.32,12,7,2020,0
2020-12-28,台北二,SE6 青蔥 粉蔥 ,,,,,,,,12,1,2020,1
2020-12-29,台北二,SE6 青蔥 粉蔥 ,50.2,30.2,16.4,31.5,18.87,10386.0,-9.41,12,2,2020,0
2020-12-30,台北二,SE6 青蔥 粉蔥 ,40.0,25.1,14.1,25.9,-17.78,10894.0,4.89,12,3,2020,0
2020-12-31,台北二,SE6 青蔥 粉蔥 ,38.4,26.4,17.3,27.0,4.25,10435.0,-4.21,12,4,2020,0
2021-01-01,台北二,SE6 青蔥 粉蔥 ,42.7,28.8,18.5,29.5,9.26,8164.0,-21.76,1,5,2021,0
2021-01-02,台北二,SE6 青蔥 粉蔥 ,50.3,37.6,26.4,37.9,28.47,7142.0,-12.52,1,6,2021,0
2021-01-03,台北二,SE6 青蔥 粉蔥 ,48.5,35.5,24.0,35.8,-5.54,8634.0,20.89,1,7,2021,0
2021-01-04,台北二,SE6 青蔥 粉蔥 ,,,,,,,,1,1,2021,1
2021-01-05,台北二,SE6 青蔥 粉蔥 ,40.2,29.6,20.7,30.0,-16.2,12046.0,39.52,1,2,2021,0
2021-01-06,台北二,SE6 青蔥 粉蔥 ,43.1,30.1,18.6,30.4,1.33,9220.0,-23.46,1,3,2021,0
2021-01-07,台北二,SE6 青蔥 粉蔥 ,39.4,26.9,19.3,27.9,-8.22,10554.0,14.47,1,4,2021,0
2021-01-08,台北二,SE6 青蔥 粉蔥 ,42.3,25.9,19.7,28.0,0.36,9852.0,-6.65,1,5,2021,0
2021-01-09,台北二,SE6 青蔥 粉蔥 ,41.0,27.9,20.7,29.1,3.93,10145.0,2.97,1,6,2021,0
2021-01-10,台北二,SE6 青蔥 粉蔥 ,42.2,30.0,21.7,30.8,5.84,10512.0,3.62,1,7,2021,0
2021-01-11,台北二,SE6 青蔥 粉蔥 ,,,,,,,,1,1,2021,1
2021-01-12,台北二,SE6 青蔥 粉蔥 ,41.4,32.3,25.0,32.6,5.84,10861.0,3.32,1,2,2021,0
2021-01-13,台北二,SE6 青蔥 粉蔥 ,57.8,44.1,34.2,44.8,37.42,10149.0,-6.56,1,3,2021,0
2021-01-14,台北二,SE6 青蔥 粉蔥 ,,,,,,,,1,4,2021,1
2021-01-15,台北二,SE6 青蔥 粉蔥 ,36.4,26.8,17.6,26.9,-39.96,15676.0,54.46,1,5,2021,0
2021-01-16,台北二,SE6 青蔥 粉蔥 ,41.3,32.6,24.1,32.6,21.19,9838.0,-37.24,1,6,2021,0
2021-01-17,台北二,SE6 青蔥 粉蔥 ,41.1,30.8,23.5,31.4,-3.68,11480.0,16.69,1,7,2021,0
2021-01-18,台北二,SE6 青蔥 粉蔥 ,,,,,,,,1,1,2021,1
2021-01-19,台北二,SE6 青蔥 粉蔥 ,37.1,29.4,20.6,29.2,-7.01,13277.0,15.65,1,2,2021,0
2021-01-20,台北二,SE6 青蔥 粉蔥 ,37.2,27.1,17.7,27.2,-6.85,11386.0,-14.24,1,3,2021,0
2021-01-21,台北二,SE6 青蔥 粉蔥 ,34.6,25.1,16.6,25.3,-6.99,11171.0,-1.89,1,4,2021,0
2021-01-22,台北二,SE6 青蔥 粉蔥 ,33.7,23.8,17.0,24.4,-3.56,11244.0,0.65,1,5,2021,0
2021-01-23,台北二,SE6 青蔥 粉蔥 ,33.8,23.4,15.0,23.8,-2.46,11255.0,0.1,1,6,2021,0
2021-01-24,台北二,SE6 青蔥 粉蔥 ,37.0,25.6,16.7,26.1,9.66,11433.0,1.58,1,7,2021,0
2021-01-25,台北二,SE6 青蔥 粉蔥 ,,,,,,,,1,1,2021,1
2021-01-26,台北二,SE6 青蔥 粉蔥 ,37.8,26.8,17.2,27.1,3.83,12626.0,10.43,1,2,2021,0
2021-01-27,台北二,SE6 青蔥 粉蔥 ,35.2,23.9,13.2,24.0,-11.44,11592.0,-8.19,1,3,2021,0
2021-01-28,台北二,SE6 青蔥 粉蔥 ,31.4,21.2,11.9,21.4,-10.83,11549.0,-0.37,1,4,2021,0
2021-01-29,台北二,SE6 青蔥 粉蔥 ,27.0,18.3,9.2,18.2,-14.95,12751.0,10.41,1,5,2021,0
2021-01-30,台北二,SE6 青蔥 粉蔥 ,33.1,22.9,14.3,23.2,27.47,10153.0,-20.37,1,6,2021,0
2021-01-31,台北二,SE6 青蔥 粉蔥 ,36.3,22.0,13.0,23.1,-0.43,13073.0,28.76,1,7,2021,0
2021-02-01,台北二,SE6 青蔥 粉蔥 ,,,,,,,,2,1,2021,1
2021-02-02,台北二,SE6 青蔥 粉蔥 ,37.5,26.5,15.3,26.5,14.72,11454.0,-12.38,2,2,2021,0
2021-02-03,台北二,SE6 青蔥 粉蔥 ,37.2,22.4,11.2,23.1,-12.83,12147.0,6.05,2,3,2021,0
2021-02-04,台北二,SE6 青蔥 粉蔥 ,44.0,26.6,14.9,27.8,20.35,12773.0,5.15,2,4,2021,0
2021-02-05,台北二,SE6 青蔥 粉蔥 ,,,,,,,,2,5,2021,1
2021-02-06,台北二,SE6 青蔥 粉蔥 ,63.9,32.7,14.2,35.2,26.62,13147.0,2.93,2,6,2021,0
2021-02-07,台北二,SE6 青蔥 粉蔥 ,75.2,38.6,15.5,41.3,17.33,12926.0,-1.68,2,7,2021,0
2021-02-08,台北二,SE6 青蔥 粉蔥 ,47.8,26.4,9.6,27.4,-33.66,16566.0,28.16,2,1,2021,0
2021-02-09,台北二,SE6 青蔥 粉蔥 ,52.6,31.7,16.9,32.9,20.07,14287.0,-13.76,2,2,2021,0
2021-02-10,台北二,SE6 青蔥 粉蔥 ,63.8,44.2,23.4,44.0,33.74,15075.0,5.52,2,3,2021,0
2021-02-11,台北二,SE6 青蔥 粉蔥 ,102.3,57.4,21.2,59.1,34.32,6238.0,-58.62,2,4,2021,0
2021-02-12,台北二,SE6 青蔥 粉蔥 ,,,,,,,,2,5,2021,1
2021-02-13,台北二,SE6 青蔥 粉蔥 ,,,,,,,,2,6,2021,1
2021-02-14,台北二,SE6 青蔥 粉蔥 ,,,,,,,,2,7,2021,1
2021-02-15,台北二,SE6 青蔥 粉蔥 ,,,,,,,,2,1,2021,1
2021-02-16,台北二,SE6 青蔥 粉蔥 ,,,,,,,,2,2,2021,1
2021-02-17,台北二,SE6 青蔥 粉蔥 ,36.5,26.2,14.4,25.9,-56.18,14507.0,132.56,2,3,2021,0
2021-02-18,台北二,SE6 青蔥 粉蔥 ,82.3,48.2,20.7,49.5,91.12,6591.0,-54.57,2,4,2021,0
2021-02-19,台北二,SE6 青蔥 粉蔥 ,72.6,45.3,27.1,47.1,-4.85,9979.0,51.4,2,5,2021,0
2021-02-20,台北二,SE6 青蔥 粉蔥 ,,,,,,,,2,6,2021,1
2021-02-21,台北二,SE6 青蔥 粉蔥 ,48.8,29.4,15.5,30.5,-35.24,14767.0,47.98,2,7,2021,0
2021-02-22,台北二,SE6 青蔥 粉蔥 ,,,,,,,,2,1,2021,1
2021-02-23,台北二,SE6 青蔥 粉蔥 ,68.6,37.5,18.8,40.0,31.15,10021.0,-32.14,2,2,2021,0
2021-02-24,台北二,SE6 青蔥 粉蔥 ,50.5,28.6,11.4,29.5,-26.25,11289.0,12.65,2,3,2021,0
2021-02-25,台北二,SE6 青蔥 粉蔥 ,48.2,27.9,14.6,29.3,-0.68,10096.0,-10.57,2,4,2021,0
2021-02-26,台北二,SE6 青蔥 粉蔥 ,53.9,32.6,16.9,33.7,15.02,9294.0,-7.94,2,5,2021,0
2021-02-27,台北二,SE6 青蔥 粉蔥 ,58.8,38.2,14.3,37.6,11.57,9988.0,7.47,2,6,2021,0
2021-02-28,台北二,SE6 青蔥 粉蔥 ,,,,,,,,2,7,2021,1
2021-03-01,台北二,SE6 青蔥 粉蔥 ,,,,,,,,3,1,2021,1
2021-03-02,台北二,SE6 青蔥 粉蔥 ,68.6,44.2,17.9,43.8,16.49,8616.0,-13.74,3,2,2021,0
2021-03-03,台北二,SE6 青蔥 粉蔥 ,56.5,34.4,15.6,35.1,-19.86,8934.0,3.69,3,3,2021,0
2021-03-04,台北二,SE6 青蔥 粉蔥 ,56.6,39.4,25.2,40.0,13.96,7497.0,-16.08,3,4,2021,0
2021-03-05,台北二,SE6 青蔥 粉蔥 ,53.1,31.4,17.6,33.0,-17.5,9562.0,27.54,3,5,2021,0
2021-03-06,台北二,SE6 青蔥 粉蔥 ,50.9,31.1,19.6,32.7,-0.91,11586.0,21.17,3,6,2021,0
2021-03-07,台北二,SE6 青蔥 粉蔥 ,43.6,25.1,14.5,26.7,-18.35,11470.0,-1.0,3,7,2021,0
2021-03-08,台北二,SE6 青蔥 粉蔥 ,,,,,,,,3,1,2021,1
2021-03-09,台北二,SE6 青蔥 粉蔥 ,40.9,29.2,17.9,29.3,9.74,11480.0,0.09,3,2,2021,0
2021-03-10,台北二,SE6 青蔥 粉蔥 ,47.9,32.9,21.2,33.6,14.68,7849.0,-31.63,3,3,2021,0
2021-03-11,台北二,SE6 青蔥 粉蔥 ,47.1,33.4,19.3,33.3,-0.89,8389.0,6.88,3,4,2021,0
2021-03-12,台北二,SE6 青蔥 粉蔥 ,41.4,32.4,22.3,32.2,-3.3,10071.0,20.05,3,5,2021,0
2021-03-13,台北二,SE6 青蔥 粉蔥 ,37.9,28.4,17.8,28.2,-12.42,11161.0,10.82,3,6,2021,0
2021-03-14,台北二,SE6 青蔥 粉蔥 ,40.4,31.8,22.9,31.8,12.77,9123.0,-18.26,3,7,2021,0
2021-03-15,台北二,SE6 青蔥 粉蔥 ,,,,,,,,3,1,2021,1
2021-03-16,台北二,SE6 青蔥 粉蔥 ,43.8,34.3,25.3,34.4,8.18,9567.0,4.87,3,2,2021,0
2021-03-17,台北二,SE6 青蔥 粉蔥 ,40.1,30.6,19.5,30.3,-11.92,11122.0,16.25,3,3,2021,0
2021-03-18,台北二,SE6 青蔥 粉蔥 ,38.0,25.1,14.5,25.5,-15.84,11229.0,0.96,3,4,2021,0
2021-03-19,台北二,SE6 青蔥 粉蔥 ,37.4,26.4,14.9,26.3,3.14,10020.0,-10.77,3,5,2021,0
2021-03-20,台北二,SE6 青蔥 粉蔥 ,47.9,34.1,20.4,34.1,29.66,9837.0,-1.83,3,6,2021,0
2021-03-21,台北二,SE6 青蔥 粉蔥 ,43.5,28.0,15.8,28.7,-15.84,13837.0,40.66,3,7,2021,0
2021-03-22,台北二,SE6 青蔥 粉蔥 ,,,,,,,,3,1,2021,1
2021-03-23,台北二,SE6 青蔥 粉蔥 ,,,,,,,,3,2,2021,1
2021-03-24,台北二,SE6 青蔥 粉蔥 ,39.0,26.8,17.6,27.4,-4.53,13480.0,-2.58,3,3,2021,0
2021-03-25,台北二,SE6 青蔥 粉蔥 ,40.0,27.9,19.3,28.6,4.38,9694.0,-28.09,3,4,2021,0
2021-03-26,台北二,SE6 青蔥 粉蔥 ,45.5,29.0,19.0,30.3,5.94,11635.0,20.02,3,5,2021,0
2021-03-27,台北二,SE6 青蔥 粉蔥 ,39.9,24.5,15.1,25.7,-15.18,13639.0,17.22,3,6,2021,0
2021-03-28,台北二,SE6 青蔥 粉蔥 ,35.5,22.0,12.4,22.8,-11.28,14987.0,9.88,3,7,2021,0
2021-03-29,台北二,SE6 青蔥 粉蔥 ,,,,,,,,3,1,2021,1
2021-03-30,台北二,SE6 青蔥 粉蔥 ,48.8,27.8,14.2,29.3,28.51,11407.0,-23.89,3,2,2021,0
2021-03-31,台北二,SE6 青蔥 粉蔥 ,43.5,23.6,13.8,25.6,-12.63,12143.0,6.45,3,3,2021,0
2021-04-01,台北二,SE6 青蔥 粉蔥 ,36.5,20.6,12.8,22.2,-13.28,12958.0,6.71,4,4,2021,0
2021-04-02,台北二,SE6 青蔥 粉蔥 ,41.1,22.4,12.8,24.2,9.01,12714.0,-1.88,4,5,2021,0
2021-04-03,台北二,SE6 青蔥 粉蔥 ,44.1,23.5,11.5,25.2,4.13,12992.0,2.19,4,6,2021,0
2021-04-04,台北二,SE6 青蔥 粉蔥 ,,,,,,,,4,7,2021,1
2021-04-05,台北二,SE6 青蔥 粉蔥 ,,,,,,,,4,1,2021,1
2021-04-06,台北二,SE6 青蔥 粉蔥 ,51.3,32.2,17.9,33.2,31.75,9862.0,-24.09,4,2,2021,0
2021-04-07,台北二,SE6 青蔥 粉蔥 ,43.0,30.2,18.0,30.3,-8.73,9428.0,-4.4,4,3,2021,0
2021-04-08,台北二,SE6 青蔥 粉蔥 ,37.4,26.4,15.6,26.4,-12.87,9828.0,4.24,4,4,2021,0
2021-04-09,台北二,SE6 青蔥 粉蔥 ,33.9,23.5,13.1,23.5,-10.98,10330.0,5.11,4,5,2021,0
2021-04-10,台北二,SE6 青蔥 粉蔥 ,34.7,26.6,19.0,26.7,13.62,10724.0,3.81,4,6,2021,0
2021-04-11,台北二,SE6 青蔥 粉蔥 ,35.9,28.8,20.4,28.6,7.12,9647.0,-10.04,4,7,2021,0
2021-04-12,台北二,SE6 青蔥 粉蔥 ,,,,,,,,4,1,2021,1
2021-04-13,台北二,SE6 青蔥 粉蔥 ,38.8,26.0,19.3,27.2,-4.9,13153.0,36.34,4,2,2021,0
2021-04-14,台北二,SE6 青蔥 粉蔥 ,48.6,26.0,18.0,28.9,6.25,9337.0,-29.01,4,3,2021,0
2021-04-15,台北二,SE6 青蔥 粉蔥 ,39.8,28.5,19.3,28.9,0.0,8770.0,-6.07,4,4,2021,0
2021-04-16,台北二,SE6 青蔥 粉蔥 ,34.3,25.6,16.8,25.6,-11.42,10505.0,19.78,4,5,2021,0
2021-04-17,台北二,SE6 青蔥 粉蔥 ,38.6,26.9,18.8,27.6,7.81,10208.0,-2.83,4,6,2021,0
2021-04-18,台北二,SE6 青蔥 粉蔥 ,35.9,25.4,18.1,26.0,-5.8,10781.0,5.61,4,7,2021,0
2021-04-19,台北二,SE6 青蔥 粉蔥 ,,,,,,,,4,1,2021,1
2021-04-20,台北二,SE6 青蔥 粉蔥 ,40.4,30.7,20.9,30.7,18.08,10453.0,-3.04,4,2,2021,0
2021-04-21,台北二,SE6 青蔥 粉蔥 ,31.0,22.4,15.3,22.7,-26.06,12056.0,15.34,4,3,2021,0
2021-04-22,台北二,SE6 青蔥 粉蔥 ,35.2,22.8,14.7,23.7,4.41,10033.0,-16.78,4,4,2021,0
2021-04-23,台北二,SE6 青蔥 粉蔥 ,32.1,22.3,13.7,22.5,-5.06,10638.0,6.03,4,5,2021,0
2021-04-24,台北二,SE6 青蔥 粉蔥 ,40.6,26.0,18.1,27.4,21.78,9239.0,-13.15,4,6,2021,0
2021-04-25,台北二,SE6 青蔥 粉蔥 ,43.8,24.7,14.2,26.4,-3.65,11401.0,23.4,4,7,2021,0
2021-04-26,台北二,SE6 青蔥 粉蔥 ,,,,,,,,4,1,2021,1
2021-04-27,台北二,SE6 青蔥 粉蔥 ,35.1,24.1,17.9,25.1,-4.92,12659.0,11.03,4,2,2021,0
2021-04-28,台北二,SE6 青蔥 粉蔥 ,39.0,24.2,18.2,25.9,3.19,8529.0,-32.63,4,3,2021,0
2021-04-29,台北二,SE6 青蔥 粉蔥 ,28.9,18.8,11.8,19.4,-25.1,9659.0,13.25,4,4,2021,0
2021-04-30,台北二,SE6 青蔥 粉蔥 ,32.1,23.8,16.1,23.9,23.2,8762.0,-9.29,4,5,2021,0
2021-05-01,台北二,SE6 青蔥 粉蔥 ,32.2,24.4,18.5,24.8,3.77,10332.0,17.92,5,6,2021,0
2021-05-02,台北二,SE6 青蔥 粉蔥 ,39.1,28.2,18.4,28.4,14.52,9146.0,-11.48,5,7,2021,0
2021-05-03,台北二,SE6 青蔥 粉蔥 ,,,,,,,,5,1,2021,1
2021-05-04,台北二,SE6 青蔥 粉蔥 ,42.6,29.3,17.6,29.6,4.23,10418.0,13.91,5,2,2021,0
2021-05-05,台北二,SE6 青蔥 粉蔥 ,35.0,25.1,14.5,25.0,-15.54,9444.0,-9.35,5,3,2021,0
2021-05-06,台北二,SE6 青蔥 粉蔥 ,35.8,24.9,17.2,25.5,2.0,9087.0,-3.78,5,4,2021,0
2021-05-07,台北二,SE6 青蔥 粉蔥 ,38.6,27.6,14.2,27.1,6.27,8611.0,-5.24,5,5,2021,0
2021-05-08,台北二,SE6 青蔥 粉蔥 ,40.0,26.7,15.1,27.0,-0.37,10616.0,23.28,5,6,2021,0
2021-05-09,台北二,SE6 青蔥 粉蔥 ,49.0,37.0,22.3,36.5,35.19,7739.0,-27.1,5,7,2021,0
2021-05-10,台北二,SE6 青蔥 粉蔥 ,,,,,,,,5,1,2021,1
2021-05-11,台北二,SE6 青蔥 粉蔥 ,47.6,35.2,16.9,34.0,-6.85,9540.0,23.27,5,2,2021,0
2021-05-12,台北二,SE6 青蔥 粉蔥 ,44.1,21.2,11.2,23.8,-30.0,11575.0,21.33,5,3,2021,0
2021-05-13,台北二,SE6 青蔥 粉蔥 ,38.8,23.0,13.7,24.3,2.1,8734.0,-24.54,5,4,2021,0
2021-05-14,台北二,SE6 青蔥 粉蔥 ,45.5,27.0,14.6,28.2,16.05,10411.0,19.2,5,5,2021,0
2021-05-15,台北二,SE6 青蔥 粉蔥 ,47.9,30.7,15.0,31.0,9.93,10395.0,-0.15,5,6,2021,0
2021-05-16,台北二,SE6 青蔥 粉蔥 ,60.4,36.0,23.4,38.4,23.87,13562.0,30.47,5,7,2021,0
2021-05-17,台北二,SE6 青蔥 粉蔥 ,,,,,,,,5,1,2021,1
2021-05-18,台北二,SE6 青蔥 粉蔥 ,63.2,41.4,21.4,41.8,8.85,10888.0,-19.72,5,2,2021,0
2021-05-19,台北二,SE6 青蔥 粉蔥 ,62.6,37.9,23.1,39.9,-4.55,9835.0,-9.67,5,3,2021,0
2021-05-20,台北二,SE6 青蔥 粉蔥 ,34.5,20.4,11.7,21.5,-46.12,10280.0,4.52,5,4,2021,0
2021-05-21,台北二,SE6 青蔥 粉蔥 ,38.6,24.7,11.4,24.8,15.35,7622.0,-25.86,5,5,2021,0
2021-05-22,台北二,SE6 青蔥 粉蔥 ,54.6,38.4,23.1,38.6,55.65,7098.0,-6.87,5,6,2021,0
2021-05-23,台北二,SE6 青蔥 粉蔥 ,59.2,41.8,24.5,41.8,8.29,7878.0,10.99,5,7,2021,0
2021-05-24,台北二,SE6 青蔥 粉蔥 ,,,,,,,,5,1,2021,1
2021-05-25,台北二,SE6 青蔥 粉蔥 ,52.6,33.0,22.3,34.8,-16.75,9995.0,26.87,5,2,2021,0
2021-05-26,台北二,SE6 青蔥 粉蔥 ,50.3,31.4,22.3,33.4,-4.02,7862.0,-21.34,5,3,2021,0
2021-05-27,台北二,SE6 青蔥 粉蔥 ,52.1,33.2,23.3,35.0,4.79,6369.0,-18.99,5,4,2021,0
2021-05-28,台北二,SE6 青蔥 粉蔥 ,46.4,28.9,19.7,30.6,-12.57,7972.0,25.17,5,5,2021,0
2021-05-29,台北二,SE6 青蔥 粉蔥 ,65.7,44.9,28.9,45.8,49.67,7135.0,-10.5,5,6,2021,0
2021-05-30,台北二,SE6 青蔥 粉蔥 ,63.0,45.1,33.4,46.3,1.09,9170.0,28.52,5,7,2021,0
2021-05-31,台北二,SE6 青蔥 粉蔥 ,,,,,,,,5,1,2021,1
2021-06-01,台北二,SE6 青蔥 粉蔥 ,55.1,41.3,32.0,42.2,-8.86,9685.0,5.62,6,2,2021,0
2021-06-02,台北二,SE6 青蔥 粉蔥 ,56.1,45.4,33.4,45.1,6.87,8352.0,-13.76,6,3,2021,0
2021-06-03,台北二,SE6 青蔥 粉蔥 ,,,,,,,,6,4,2021,1
2021-06-04,台北二,SE6 青蔥 粉蔥 ,61.7,47.5,28.7,46.6,3.33,8006.0,-4.14,6,5,2021,0
2021-06-05,台北二,SE6 青蔥 粉蔥 ,61.9,47.2,35.6,47.9,2.79,9032.0,12.82,6,6,2021,0
2021-06-06,台北二,SE6 青蔥 粉蔥 ,62.0,41.2,29.4,43.0,-10.23,10567.0,17.0,6,7,2021,0
2021-06-07,台北二,SE6 青蔥 粉蔥 ,,,,,,,,6,1,2021,1
2021-06-08,台北二,SE6 青蔥 粉蔥 ,55.2,37.3,23.0,38.0,-11.63,11429.0,8.16,6,2,2021,0
2021-06-09,台北二,SE6 青蔥 粉蔥 ,48.8,31.6,19.3,32.6,-14.21,9164.0,-19.82,6,3,2021,0
2021-06-10,台北二,SE6 青蔥 粉蔥 ,51.7,33.0,22.3,34.6,6.13,8178.0,-10.76,6,4,2021,0
2021-06-11,台北二,SE6 青蔥 粉蔥 ,49.3,31.4,20.5,32.8,-5.2,8258.0,0.98,6,5,2021,0
2021-06-12,台北二,SE6 青蔥 粉蔥 ,55.3,40.5,24.4,40.2,22.56,7803.0,-5.51,6,6,2021,0
2021-06-13,台北二,SE6 青蔥 粉蔥 ,61.4,40.2,21.4,40.7,1.24,9221.0,18.17,6,7,2021,0
2021-06-14,台北二,SE6 青蔥 粉蔥 ,80.3,48.1,23.1,49.5,21.62,7573.0,-17.87,6,1,2021,0
2021-06-15,台北二,SE6 青蔥 粉蔥 ,,,,,,,,6,2,2021,1
2021-06-16,台北二,SE6 青蔥 粉蔥 ,,,,,,,,6,3,2021,1
2021-06-17,台北二,SE6 青蔥 粉蔥 ,35.6,22.6,13.4,23.4,-52.73,11602.0,53.2,6,4,2021,0
2021-06-18,台北二,SE6 青蔥 粉蔥 ,47.0,33.8,22.0,34.1,45.73,7189.0,-38.04,6,5,2021,0
2021-06-19,台北二,SE6 青蔥 粉蔥 ,55.7,37.0,20.4,37.4,9.68,8446.0,17.49,6,6,2021,0
2001-01-12,台中市,SE6 青蔥 粉蔥 ,30.0,30.0,30.0,30.0,,40.0,,1,5,2001,0
2001-01-13,台中市,SE6 青蔥 粉蔥 ,,,,,,,,1,6,2001,1
2001-01-14,台中市,SE6 青蔥 粉蔥 ,,,,,,,,1,7,2001,1
2001-01-15,台中市,SE6 青蔥 粉蔥 ,,,,,,,,1,1,2001,1
2001-01-16,台中市,SE6 青蔥 粉蔥 ,,,,,,,,1,2,2001,1
2001-01-17,台中市,SE6 青蔥 粉蔥 ,,,,,,,,1,3,2001,1
2001-01-18,台中市,SE6 青蔥 粉蔥 ,,,,,,,,1,4,2001,1
2001-01-19,台中市,SE6 青蔥 粉蔥 ,,,,,,,,1,5,2001,1
2001-01-20,台中市,SE6 青蔥 粉蔥 ,,,,,,,,1,6,2001,1
2001-01-21,台中市,SE6 青蔥 粉蔥 ,,,,,,,,1,7,2001,1
2001-01-22,台中市,SE6 青蔥 粉蔥 ,,,,,,,,1,1,2001,1
2001-01-23,台中市,SE6 青蔥 粉蔥 ,,,,,,,,1,2,2001,1
2001-01-24,台中市,SE6 青蔥 粉蔥 ,,,,,,,,1,3,2001,1
2001-01-25,台中市,SE6 青蔥 粉蔥 ,,,,,,,,1,4,2001,1
2001-01-26,台中市,SE6 青蔥 粉蔥 ,,,,,,,,1,5,2001,1
2001-01-27,台中市,SE6 青蔥 粉蔥 ,,,,,,,,1,6,2001,1
2001-01-28,台中市,SE6 青蔥 粉蔥 ,,,,,,,,1,7,2001,1
2001-01-29,台中市,SE6 青蔥 粉蔥 ,,,,,,,,1,1,2001,1
2001-01-30,台中市,SE6 青蔥 粉蔥 ,,,,,,,,1,2,2001,1
2001-01-31,台中市,SE6 青蔥 粉蔥 ,,,,,,,,1,3,2001,1
2001-02-01,台中市,SE6 青蔥 粉蔥 ,,,,,,,,2,4,2001,1
2001-02-02,台中市,SE6 青蔥 粉蔥 ,,,,,,,,2,5,2001,1
2001-02-03,台中市,SE6 青蔥 粉蔥 ,,,,,,,,2,6,2001,1
2001-02-04,台中市,SE6 青蔥 粉蔥 ,,,,,,,,2,7,2001,1
2001-02-05,台中市,SE6 青蔥 粉蔥 ,,,,,,,,2,1,2001,1
2001-02-06,台中市,SE6 青蔥 粉蔥 ,,,,,,,,2,2,2001,1
2001-02-07,台中市,SE6 青蔥 粉蔥 ,,,,,,,,2,3,2001,1
2001-02-08,台中市,SE6 青蔥 粉蔥 ,,,,,,,,2,4,2001,1
2001-02-09,台中市,SE6 青蔥 粉蔥 ,,,,,,,,2,5,2001,1
2001-02-10,台中市,SE6 青蔥 粉蔥 ,,,,,,,,2,6,2001,1
2001-02-11,台中市,SE6 青蔥 粉蔥 ,,,,,,,,2,7,2001,1
2001-02-12,台中市,SE6 青蔥 粉蔥 ,,,,,,,,2,1,2001,1
2001-02-13,台中市,SE6 青蔥 粉蔥 ,,,,,,,,2,2,2001,1
2001-02-14,台中市,SE6 青蔥 粉蔥 ,,,,,,,,2,3,2001,1
2001-02-15,台中市,SE6 青蔥 粉蔥 ,,,,,,,,2,4,2001,1
2001-02-16,台中市,SE6 青蔥 粉蔥 ,,,,,,,,2,5,2001,1
2001-02-17,台中市,SE6 青蔥 粉蔥 ,,,,,,,,2,6,2001,1
2001-02-18,台中市,SE6 青蔥 粉蔥 ,,,,,,,,2,7,2001,1
2001-02-19,台中市,SE6 青蔥 粉蔥 ,,,,,,,,2,1,2001,1
2001-02-20,台中市,SE6 青蔥 粉蔥 ,,,,,,,,2,2,2001,1
2001-02-21,台中市,SE6 青蔥 粉蔥 ,,,,,,,,2,3,2001,1
2001-02-22,台中市,SE6 青蔥 粉蔥 ,,,,,,,,2,4,2001,1
2001-02-23,台中市,SE6 青蔥 粉蔥 ,,,,,,,,2,5,2001,1
2001-02-24,台中市,SE6 青蔥 粉蔥 ,,,,,,,,2,6,2001,1
2001-02-25,台中市,SE6 青蔥 粉蔥 ,,,,,,,,2,7,2001,1
2001-02-26,台中市,SE6 青蔥 粉蔥 ,,,,,,,,2,1,2001,1
2001-02-27,台中市,SE6 青蔥 粉蔥 ,,,,,,,,2,2,2001,1
2001-02-28,台中市,SE6 青蔥 粉蔥 ,,,,,,,,2,3,2001,1
2001-03-01,台中市,SE6 青蔥 粉蔥 ,,,,,,,,3,4,2001,1
2001-03-02,台中市,SE6 青蔥 粉蔥 ,,,,,,,,3,5,2001,1
2001-03-03,台中市,SE6 青蔥 粉蔥 ,,,,,,,,3,6,2001,1
2001-03-04,台中市,SE6 青蔥 粉蔥 ,,,,,,,,3,7,2001,1
2001-03-05,台中市,SE6 青蔥 粉蔥 ,,,,,,,,3,1,2001,1
2001-03-06,台中市,SE6 青蔥 粉蔥 ,,,,,,,,3,2,2001,1
2001-03-07,台中市,SE6 青蔥 粉蔥 ,,,,,,,,3,3,2001,1
2001-03-08,台中市,SE6 青蔥 粉蔥 ,,,,,,,,3,4,2001,1
2001-03-09,台中市,SE6 青蔥 粉蔥 ,,,,,,,,3,5,2001,1
2001-03-10,台中市,SE6 青蔥 粉蔥 ,,,,,,,,3,6,2001,1
2001-03-11,台中市,SE6 青蔥 粉蔥 ,,,,,,,,3,7,2001,1
2001-03-12,台中市,SE6 青蔥 粉蔥 ,,,,,,,,3,1,2001,1
2001-03-13,台中市,SE6 青蔥 粉蔥 ,,,,,,,,3,2,2001,1
2001-03-14,台中市,SE6 青蔥 粉蔥 ,,,,,,,,3,3,2001,1
2001-03-15,台中市,SE6 青蔥 粉蔥 ,,,,,,,,3,4,2001,1
2001-03-16,台中市,SE6 青蔥 粉蔥 ,,,,,,,,3,5,2001,1
2001-03-17,台中市,SE6 青蔥 粉蔥 ,,,,,,,,3,6,2001,1
2001-03-18,台中市,SE6 青蔥 粉蔥 ,,,,,,,,3,7,2001,1
2001-03-19,台中市,SE6 青蔥 粉蔥 ,,,,,,,,3,1,2001,1
2001-03-20,台中市,SE6 青蔥 粉蔥 ,,,,,,,,3,2,2001,1
2001-03-21,台中市,SE6 青蔥 粉蔥 ,,,,,,,,3,3,2001,1
2001-03-22,台中市,SE6 青蔥 粉蔥 ,,,,,,,,3,4,2001,1
2001-03-23,台中市,SE6 青蔥 粉蔥 ,,,,,,,,3,5,2001,1
2001-03-24,台中市,SE6 青蔥 粉蔥 ,,,,,,,,3,6,2001,1
2001-03-25,台中市,SE6 青蔥 粉蔥 ,,,,,,,,3,7,2001,1
2001-03-26,台中市,SE6 青蔥 粉蔥 ,,,,,,,,3,1,2001,1
2001-03-27,台中市,SE6 青蔥 粉蔥 ,,,,,,,,3,2,2001,1
2001-03-28,台中市,SE6 青蔥 粉蔥 ,,,,,,,,3,3,2001,1
2001-03-29,台中市,SE6 青蔥 粉蔥 ,,,,,,,,3,4,2001,1
2001-03-30,台中市,SE6 青蔥 粉蔥 ,,,,,,,,3,5,2001,1
2001-03-31,台中市,SE6 青蔥 粉蔥 ,,,,,,,,3,6,2001,1
2001-04-01,台中市,SE6 青蔥 粉蔥 ,,,,,,,,4,7,2001,1
2001-04-02,台中市,SE6 青蔥 粉蔥 ,,,,,,,,4,1,2001,1
2001-04-03,台中市,SE6 青蔥 粉蔥 ,,,,,,,,4,2,2001,1
2001-04-04,台中市,SE6 青蔥 粉蔥 ,,,,,,,,4,3,2001,1
2001-04-05,台中市,SE6 青蔥 粉蔥 ,,,,,,,,4,4,2001,1
2001-04-06,台中市,SE6 青蔥 粉蔥 ,,,,,,,,4,5,2001,1
2001-04-07,台中市,SE6 青蔥 粉蔥 ,,,,,,,,4,6,2001,1
2001-04-08,台中市,SE6 青蔥 粉蔥 ,,,,,,,,4,7,2001,1
2001-04-09,台中市,SE6 青蔥 粉蔥 ,,,,,,,,4,1,2001,1
2001-04-10,台中市,SE6 青蔥 粉蔥 ,,,,,,,,4,2,2001,1
2001-04-11,台中市,SE6 青蔥 粉蔥 ,,,,,,,,4,3,2001,1
2001-04-12,台中市,SE6 青蔥 粉蔥 ,,,,,,,,4,4,2001,1
2001-04-13,台中市,SE6 青蔥 粉蔥 ,,,,,,,,4,5,2001,1
2001-04-14,台中市,SE6 青蔥 粉蔥 ,,,,,,,,4,6,2001,1
2001-04-15,台中市,SE6 青蔥 粉蔥 ,,,,,,,,4,7,2001,1
2001-04-16,台中市,SE6 青蔥 粉蔥 ,,,,,,,,4,1,2001,1
2001-04-17,台中市,SE6 青蔥 粉蔥 ,,,,,,,,4,2,2001,1
2001-04-18,台中市,SE6 青蔥 粉蔥 ,,,,,,,,4,3,2001,1
2001-04-19,台中市,SE6 青蔥 粉蔥 ,,,,,,,,4,4,2001,1
2001-04-20,台中市,SE6 青蔥 粉蔥 ,,,,,,,,4,5,2001,1
2001-04-21,台中市,SE6 青蔥 粉蔥 ,,,,,,,,4,6,2001,1
2001-04-22,台中市,SE6 青蔥 粉蔥 ,,,,,,,,4,7,2001,1
2001-04-23,台中市,SE6 青蔥 粉蔥 ,,,,,,,,4,1,2001,1
2001-04-24,台中市,SE6 青蔥 粉蔥 ,,,,,,,,4,2,2001,1
2001-04-25,台中市,SE6 青蔥 粉蔥 ,,,,,,,,4,3,2001,1
2001-04-26,台中市,SE6 青蔥 粉蔥 ,,,,,,,,4,4,2001,1
2001-04-27,台中市,SE6 青蔥 粉蔥 ,,,,,,,,4,5,2001,1
2001-04-28,台中市,SE6 青蔥 粉蔥 ,,,,,,,,4,6,2001,1
2001-04-29,台中市,SE6 青蔥 粉蔥 ,,,,,,,,4,7,2001,1
2001-04-30,台中市,SE6 青蔥 粉蔥 ,,,,,,,,4,1,2001,1
2001-05-01,台中市,SE6 青蔥 粉蔥 ,,,,,,,,5,2,2001,1
2001-05-02,台中市,SE6 青蔥 粉蔥 ,,,,,,,,5,3,2001,1
2001-05-03,台中市,SE6 青蔥 粉蔥 ,,,,,,,,5,4,2001,1
2001-05-04,台中市,SE6 青蔥 粉蔥 ,,,,,,,,5,5,2001,1
2001-05-05,台中市,SE6 青蔥 粉蔥 ,,,,,,,,5,6,2001,1
2001-05-06,台中市,SE6 青蔥 粉蔥 ,,,,,,,,5,7,2001,1
2001-05-07,台中市,SE6 青蔥 粉蔥 ,,,,,,,,5,1,2001,1
2001-05-08,台中市,SE6 青蔥 粉蔥 ,,,,,,,,5,2,2001,1
2001-05-09,台中市,SE6 青蔥 粉蔥 ,,,,,,,,5,3,2001,1
2001-05-10,台中市,SE6 青蔥 粉蔥 ,,,,,,,,5,4,2001,1
2001-05-11,台中市,SE6 青蔥 粉蔥 ,,,,,,,,5,5,2001,1
2001-05-12,台中市,SE6 青蔥 粉蔥 ,,,,,,,,5,6,2001,1
2001-05-13,台中市,SE6 青蔥 粉蔥 ,,,,,,,,5,7,2001,1
2001-05-14,台中市,SE6 青蔥 粉蔥 ,,,,,,,,5,1,2001,1
2001-05-15,台中市,SE6 青蔥 粉蔥 ,,,,,,,,5,2,2001,1
2001-05-16,台中市,SE6 青蔥 粉蔥 ,,,,,,,,5,3,2001,1
2001-05-17,台中市,SE6 青蔥 粉蔥 ,,,,,,,,5,4,2001,1
2001-05-18,台中市,SE6 青蔥 粉蔥 ,,,,,,,,5,5,2001,1
2001-05-19,台中市,SE6 青蔥 粉蔥 ,,,,,,,,5,6,2001,1
2001-05-20,台中市,SE6 青蔥 粉蔥 ,,,,,,,,5,7,2001,1
2001-05-21,台中市,SE6 青蔥 粉蔥 ,,,,,,,,5,1,2001,1
2001-05-22,台中市,SE6 青蔥 粉蔥 ,,,,,,,,5,2,2001,1
2001-05-23,台中市,SE6 青蔥 粉蔥 ,,,,,,,,5,3,2001,1
2001-05-24,台中市,SE6 青蔥 粉蔥 ,,,,,,,,5,4,2001,1
2001-05-25,台中市,SE6 青蔥 粉蔥 ,,,,,,,,5,5,2001,1
2001-05-26,台中市,SE6 青蔥 粉蔥 ,,,,,,,,5,6,2001,1
2001-05-27,台中市,SE6 青蔥 粉蔥 ,,,,,,,,5,7,2001,1
2001-05-28,台中市,SE6 青蔥 粉蔥 ,,,,,,,,5,1,2001,1
2001-05-29,台中市,SE6 青蔥 粉蔥 ,,,,,,,,5,2,2001,1
2001-05-30,台中市,SE6 青蔥 粉蔥 ,,,,,,,,5,3,2001,1
2001-05-31,台中市,SE6 青蔥 粉蔥 ,,,,,,,,5,4,2001,1
2001-06-01,台中市,SE6 青蔥 粉蔥 ,,,,,,,,6,5,2001,1
2001-06-02,台中市,SE6 青蔥 粉蔥 ,,,,,,,,6,6,2001,1
2001-06-03,台中市,SE6 青蔥 粉蔥 ,,,,,,,,6,7,2001,1
2001-06-04,台中市,SE6 青蔥 粉蔥 ,,,,,,,,6,1,2001,1
2001-06-05,台中市,SE6 青蔥 粉蔥 ,,,,,,,,6,2,2001,1
2001-06-06,台中市,SE6 青蔥 粉蔥 ,,,,,,,,6,3,2001,1
2001-06-07,台中市,SE6 青蔥 粉蔥 ,,,,,,,,6,4,2001,1
2001-06-08,台中市,SE6 青蔥 粉蔥 ,,,,,,,,6,5,2001,1
2001-06-09,台中市,SE6 青蔥 粉蔥 ,,,,,,,,6,6,2001,1
2001-06-10,台中市,SE6 青蔥 粉蔥 ,,,,,,,,6,7,2001,1
2001-06-11,台中市,SE6 青蔥 粉蔥 ,,,,,,,,6,1,2001,1
2001-06-12,台中市,SE6 青蔥 粉蔥 ,,,,,,,,6,2,2001,1
2001-06-13,台中市,SE6 青蔥 粉蔥 ,,,,,,,,6,3,2001,1
2001-06-14,台中市,SE6 青蔥 粉蔥 ,,,,,,,,6,4,2001,1
2001-06-15,台中市,SE6 青蔥 粉蔥 ,,,,,,,,6,5,2001,1
2001-06-16,台中市,SE6 青蔥 粉蔥 ,,,,,,,,6,6,2001,1
2001-06-17,台中市,SE6 青蔥 粉蔥 ,,,,,,,,6,7,2001,1
2001-06-18,台中市,SE6 青蔥 粉蔥 ,,,,,,,,6,1,2001,1
2001-06-19,台中市,SE6 青蔥 粉蔥 ,,,,,,,,6,2,2001,1
2001-06-20,台中市,SE6 青蔥 粉蔥 ,,,,,,,,6,3,2001,1
2001-06-21,台中市,SE6 青蔥 粉蔥 ,,,,,,,,6,4,2001,1
2001-06-22,台中市,SE6 青蔥 粉蔥 ,,,,,,,,6,5,2001,1
2001-06-23,台中市,SE6 青蔥 粉蔥 ,,,,,,,,6,6,2001,1
2001-06-24,台中市,SE6 青蔥 粉蔥 ,,,,,,,,6,7,2001,1
2001-06-25,台中市,SE6 青蔥 粉蔥 ,,,,,,,,6,1,2001,1
2001-06-26,台中市,SE6 青蔥 粉蔥 ,,,,,,,,6,2,2001,1
2001-06-27,台中市,SE6 青蔥 粉蔥 ,,,,,,,,6,3,2001,1
2001-06-28,台中市,SE6 青蔥 粉蔥 ,,,,,,,,6,4,2001,1
2001-06-29,台中市,SE6 青蔥 粉蔥 ,,,,,,,,6,5,2001,1
2001-06-30,台中市,SE6 青蔥 粉蔥 ,,,,,,,,6,6,2001,1
2001-07-01,台中市,SE6 青蔥 粉蔥 ,,,,,,,,7,7,2001,1
2001-07-02,台中市,SE6 青蔥 粉蔥 ,,,,,,,,7,1,2001,1
2001-07-03,台中市,SE6 青蔥 粉蔥 ,,,,,,,,7,2,2001,1
2001-07-04,台中市,SE6 青蔥 粉蔥 ,,,,,,,,7,3,2001,1
2001-07-05,台中市,SE6 青蔥 粉蔥 ,,,,,,,,7,4,2001,1
2001-07-06,台中市,SE6 青蔥 粉蔥 ,,,,,,,,7,5,2001,1
2001-07-07,台中市,SE6 青蔥 粉蔥 ,,,,,,,,7,6,2001,1
2001-07-08,台中市,SE6 青蔥 粉蔥 ,,,,,,,,7,7,2001,1
2001-07-09,台中市,SE6 青蔥 粉蔥 ,,,,,,,,7,1,2001,1
2001-07-10,台中市,SE6 青蔥 粉蔥 ,,,,,,,,7,2,2001,1
2001-07-11,台中市,SE6 青蔥 粉蔥 ,,,,,,,,7,3,2001,1
2001-07-12,台中市,SE6 青蔥 粉蔥 ,,,,,,,,7,4,2001,1
2001-07-13,台中市,SE6 青蔥 粉蔥 ,,,,,,,,7,5,2001,1
2001-07-14,台中市,SE6 青蔥 粉蔥 ,,,,,,,,7,6,2001,1
2001-07-15,台中市,SE6 青蔥 粉蔥 ,,,,,,,,7,7,2001,1
2001-07-16,台中市,SE6 青蔥 粉蔥 ,,,,,,,,7,1,2001,1
2001-07-17,台中市,SE6 青蔥 粉蔥 ,,,,,,,,7,2,2001,1
2001-07-18,台中市,SE6 青蔥 粉蔥 ,,,,,,,,7,3,2001,1
2001-07-19,台中市,SE6 青蔥 粉蔥 ,,,,,,,,7,4,2001,1
2001-07-20,台中市,SE6 青蔥 粉蔥 ,,,,,,,,7,5,2001,1
2001-07-21,台中市,SE6 青蔥 粉蔥 ,,,,,,,,7,6,2001,1
2001-07-22,台中市,SE6 青蔥 粉蔥 ,,,,,,,,7,7,2001,1
2001-07-23,台中市,SE6 青蔥 粉蔥 ,,,,,,,,7,1,2001,1
2001-07-24,台中市,SE6 青蔥 粉蔥 ,,,,,,,,7,2,2001,1
2001-07-25,台中市,SE6 青蔥 粉蔥 ,,,,,,,,7,3,2001,1
2001-07-26,台中市,SE6 青蔥 粉蔥 ,,,,,,,,7,4,2001,1
2001-07-27,台中市,SE6 青蔥 粉蔥 ,,,,,,,,7,5,2001,1
2001-07-28,台中市,SE6 青蔥 粉蔥 ,,,,,,,,7,6,2001,1
2001-07-29,台中市,SE6 青蔥 粉蔥 ,,,,,,,,7,7,2001,1
2001-07-30,台中市,SE6 青蔥 粉蔥 ,,,,,,,,7,1,2001,1
2001-07-31,台中市,SE6 青蔥 粉蔥 ,,,,,,,,7,2,2001,1
2001-08-01,台中市,SE6 青蔥 粉蔥 ,,,,,,,,8,3,2001,1
2001-08-02,台中市,SE6 青蔥 粉蔥 ,,,,,,,,8,4,2001,1
2001-08-03,台中市,SE6 青蔥 粉蔥 ,,,,,,,,8,5,2001,1
2001-08-04,台中市,SE6 青蔥 粉蔥 ,,,,,,,,8,6,2001,1
2001-08-05,台中市,SE6 青蔥 粉蔥 ,,,,,,,,8,7,2001,1
2001-08-06,台中市,SE6 青蔥 粉蔥 ,,,,,,,,8,1,2001,1
2001-08-07,台中市,SE6 青蔥 粉蔥 ,,,,,,,,8,2,2001,1
2001-08-08,台中市,SE6 青蔥 粉蔥 ,,,,,,,,8,3,2001,1
2001-08-09,台中市,SE6 青蔥 粉蔥 ,,,,,,,,8,4,2001,1
2001-08-10,台中市,SE6 青蔥 粉蔥 ,,,,,,,,8,5,2001,1
2001-08-11,台中市,SE6 青蔥 粉蔥 ,,,,,,,,8,6,2001,1
2001-08-12,台中市,SE6 青蔥 粉蔥 ,,,,,,,,8,7,2001,1
2001-08-13,台中市,SE6 青蔥 粉蔥 ,,,,,,,,8,1,2001,1
2001-08-14,台中市,SE6 青蔥 粉蔥 ,,,,,,,,8,2,2001,1
2001-08-15,台中市,SE6 青蔥 粉蔥 ,,,,,,,,8,3,2001,1
2001-08-16,台中市,SE6 青蔥 粉蔥 ,,,,,,,,8,4,2001,1
2001-08-17,台中市,SE6 青蔥 粉蔥 ,,,,,,,,8,5,2001,1
2001-08-18,台中市,SE6 青蔥 粉蔥 ,,,,,,,,8,6,2001,1
2001-08-19,台中市,SE6 青蔥 粉蔥 ,,,,,,,,8,7,2001,1
2001-08-20,台中市,SE6 青蔥 粉蔥 ,,,,,,,,8,1,2001,1
2001-08-21,台中市,SE6 青蔥 粉蔥 ,,,,,,,,8,2,2001,1
2001-08-22,台中市,SE6 青蔥 粉蔥 ,,,,,,,,8,3,2001,1
2001-08-23,台中市,SE6 青蔥 粉蔥 ,,,,,,,,8,4,2001,1
2001-08-24,台中市,SE6 青蔥 粉蔥 ,,,,,,,,8,5,2001,1
2001-08-25,台中市,SE6 青蔥 粉蔥 ,,,,,,,,8,6,2001,1
2001-08-26,台中市,SE6 青蔥 粉蔥 ,,,,,,,,8,7,2001,1
2001-08-27,台中市,SE6 青蔥 粉蔥 ,,,,,,,,8,1,2001,1
2001-08-28,台中市,SE6 青蔥 粉蔥 ,,,,,,,,8,2,2001,1
2001-08-29,台中市,SE6 青蔥 粉蔥 ,,,,,,,,8,3,2001,1
2001-08-30,台中市,SE6 青蔥 粉蔥 ,,,,,,,,8,4,2001,1
2001-08-31,台中市,SE6 青蔥 粉蔥 ,,,,,,,,8,5,2001,1
2001-09-01,台中市,SE6 青蔥 粉蔥 ,,,,,,,,9,6,2001,1
2001-09-02,台中市,SE6 青蔥 粉蔥 ,,,,,,,,9,7,2001,1
2001-09-03,台中市,SE6 青蔥 粉蔥 ,,,,,,,,9,1,2001,1
2001-09-04,台中市,SE6 青蔥 粉蔥 ,,,,,,,,9,2,2001,1
2001-09-05,台中市,SE6 青蔥 粉蔥 ,,,,,,,,9,3,2001,1
2001-09-06,台中市,SE6 青蔥 粉蔥 ,,,,,,,,9,4,2001,1
2001-09-07,台中市,SE6 青蔥 粉蔥 ,,,,,,,,9,5,2001,1
2001-09-08,台中市,SE6 青蔥 粉蔥 ,,,,,,,,9,6,2001,1
2001-09-09,台中市,SE6 青蔥 粉蔥 ,,,,,,,,9,7,2001,1
2001-09-10,台中市,SE6 青蔥 粉蔥 ,,,,,,,,9,1,2001,1
2001-09-11,台中市,SE6 青蔥 粉蔥 ,,,,,,,,9,2,2001,1
2001-09-12,台中市,SE6 青蔥 粉蔥 ,,,,,,,,9,3,2001,1
2001-09-13,台中市,SE6 青蔥 粉蔥 ,,,,,,,,9,4,2001,1
2001-09-14,台中市,SE6 青蔥 粉蔥 ,,,,,,,,9,5,2001,1
2001-09-15,台中市,SE6 青蔥 粉蔥 ,,,,,,,,9,6,2001,1
2001-09-16,台中市,SE6 青蔥 粉蔥 ,,,,,,,,9,7,2001,1
2001-09-17,台中市,SE6 青蔥 粉蔥 ,,,,,,,,9,1,2001,1
2001-09-18,台中市,SE6 青蔥 粉蔥 ,,,,,,,,9,2,2001,1
2001-09-19,台中市,SE6 青蔥 粉蔥 ,,,,,,,,9,3,2001,1
2001-09-20,台中市,SE6 青蔥 粉蔥 ,,,,,,,,9,4,2001,1
2001-09-21,台中市,SE6 青蔥 粉蔥 ,,,,,,,,9,5,2001,1
2001-09-22,台中市,SE6 青蔥 粉蔥 ,,,,,,,,9,6,2001,1
2001-09-23,台中市,SE6 青蔥 粉蔥 ,,,,,,,,9,7,2001,1
2001-09-24,台中市,SE6 青蔥 粉蔥 ,,,,,,,,9,1,2001,1
2001-09-25,台中市,SE6 青蔥 粉蔥 ,,,,,,,,9,2,2001,1
2001-09-26,台中市,SE6 青蔥 粉蔥 ,,,,,,,,9,3,2001,1
2001-09-27,台中市,SE6 青蔥 粉蔥 ,,,,,,,,9,4,2001,1
2001-09-28,台中市,SE6 青蔥 粉蔥 ,,,,,,,,9,5,2001,1
2001-09-29,台中市,SE6 青蔥 粉蔥 ,,,,,,,,9,6,2001,1
2001-09-30,台中市,SE6 青蔥 粉蔥 ,,,,,,,,9,7,2001,1
2001-10-01,台中市,SE6 青蔥 粉蔥 ,,,,,,,,10,1,2001,1
2001-10-02,台中市,SE6 青蔥 粉蔥 ,,,,,,,,10,2,2001,1
2001-10-03,台中市,SE6 青蔥 粉蔥 ,,,,,,,,10,3,2001,1
2001-10-04,台中市,SE6 青蔥 粉蔥 ,,,,,,,,10,4,2001,1
2001-10-05,台中市,SE6 青蔥 粉蔥 ,,,,,,,,10,5,2001,1
2001-10-06,台中市,SE6 青蔥 粉蔥 ,,,,,,,,10,6,2001,1
2001-10-07,台中市,SE6 青蔥 粉蔥 ,,,,,,,,10,7,2001,1
2001-10-08,台中市,SE6 青蔥 粉蔥 ,,,,,,,,10,1,2001,1
2001-10-09,台中市,SE6 青蔥 粉蔥 ,,,,,,,,10,2,2001,1
2001-10-10,台中市,SE6 青蔥 粉蔥 ,,,,,,,,10,3,2001,1
2001-10-11,台中市,SE6 青蔥 粉蔥 ,,,,,,,,10,4,2001,1
2001-10-12,台中市,SE6 青蔥 粉蔥 ,,,,,,,,10,5,2001,1
2001-10-13,台中市,SE6 青蔥 粉蔥 ,,,,,,,,10,6,2001,1
2001-10-14,台中市,SE6 青蔥 粉蔥 ,,,,,,,,10,7,2001,1
2001-10-15,台中市,SE6 青蔥 粉蔥 ,,,,,,,,10,1,2001,1
2001-10-16,台中市,SE6 青蔥 粉蔥 ,,,,,,,,10,2,2001,1
2001-10-17,台中市,SE6 青蔥 粉蔥 ,,,,,,,,10,3,2001,1
2001-10-18,台中市,SE6 青蔥 粉蔥 ,,,,,,,,10,4,2001,1
2001-10-19,台中市,SE6 青蔥 粉蔥 ,,,,,,,,10,5,2001,1
2001-10-20,台中市,SE6 青蔥 粉蔥 ,,,,,,,,10,6,2001,1
2001-10-21,台中市,SE6 青蔥 粉蔥 ,,,,,,,,10,7,2001,1
2001-10-22,台中市,SE6 青蔥 粉蔥 ,,,,,,,,10,1,2001,1
2001-10-23,台中市,SE6 青蔥 粉蔥 ,,,,,,,,10,2,2001,1
2001-10-24,台中市,SE6 青蔥 粉蔥 ,,,,,,,,10,3,2001,1
2001-10-25,台中市,SE6 青蔥 粉蔥 ,,,,,,,,10,4,2001,1
2001-10-26,台中市,SE6 青蔥 粉蔥 ,,,,,,,,10,5,2001,1
2001-10-27,台中市,SE6 青蔥 粉蔥 ,,,,,,,,10,6,2001,1
2001-10-28,台中市,SE6 青蔥 粉蔥 ,,,,,,,,10,7,2001,1
2001-10-29,台中市,SE6 青蔥 粉蔥 ,,,,,,,,10,1,2001,1
2001-10-30,台中市,SE6 青蔥 粉蔥 ,,,,,,,,10,2,2001,1
2001-10-31,台中市,SE6 青蔥 粉蔥 ,,,,,,,,10,3,2001,1
2001-11-01,台中市,SE6 青蔥 粉蔥 ,,,,,,,,11,4,2001,1
2001-11-02,台中市,SE6 青蔥 粉蔥 ,,,,,,,,11,5,2001,1
2001-11-03,台中市,SE6 青蔥 粉蔥 ,,,,,,,,11,6,2001,1
2001-11-04,台中市,SE6 青蔥 粉蔥 ,,,,,,,,11,7,2001,1
2001-11-05,台中市,SE6 青蔥 粉蔥 ,,,,,,,,11,1,2001,1
2001-11-06,台中市,SE6 青蔥 粉蔥 ,,,,,,,,11,2,2001,1
2001-11-07,台中市,SE6 青蔥 粉蔥 ,,,,,,,,11,3,2001,1
2001-11-08,台中市,SE6 青蔥 粉蔥 ,,,,,,,,11,4,2001,1
2001-11-09,台中市,SE6 青蔥 粉蔥 ,,,,,,,,11,5,2001,1
2001-11-10,台中市,SE6 青蔥 粉蔥 ,,,,,,,,11,6,2001,1
2001-11-11,台中市,SE6 青蔥 粉蔥 ,,,,,,,,11,7,2001,1
2001-11-12,台中市,SE6 青蔥 粉蔥 ,,,,,,,,11,1,2001,1
2001-11-13,台中市,SE6 青蔥 粉蔥 ,,,,,,,,11,2,2001,1
2001-11-14,台中市,SE6 青蔥 粉蔥 ,,,,,,,,11,3,2001,1
2001-11-15,台中市,SE6 青蔥 粉蔥 ,,,,,,,,11,4,2001,1
2001-11-16,台中市,SE6 青蔥 粉蔥 ,,,,,,,,11,5,2001,1
2001-11-17,台中市,SE6 青蔥 粉蔥 ,,,,,,,,11,6,2001,1
2001-11-18,台中市,SE6 青蔥 粉蔥 ,,,,,,,,11,7,2001,1
2001-11-19,台中市,SE6 青蔥 粉蔥 ,,,,,,,,11,1,2001,1
2001-11-20,台中市,SE6 青蔥 粉蔥 ,,,,,,,,11,2,2001,1
2001-11-21,台中市,SE6 青蔥 粉蔥 ,,,,,,,,11,3,2001,1
2001-11-22,台中市,SE6 青蔥 粉蔥 ,,,,,,,,11,4,2001,1
2001-11-23,台中市,SE6 青蔥 粉蔥 ,,,,,,,,11,5,2001,1
2001-11-24,台中市,SE6 青蔥 粉蔥 ,,,,,,,,11,6,2001,1
2001-11-25,台中市,SE6 青蔥 粉蔥 ,,,,,,,,11,7,2001,1
2001-11-26,台中市,SE6 青蔥 粉蔥 ,,,,,,,,11,1,2001,1
2001-11-27,台中市,SE6 青蔥 粉蔥 ,,,,,,,,11,2,2001,1
2001-11-28,台中市,SE6 青蔥 粉蔥 ,,,,,,,,11,3,2001,1
2001-11-29,台中市,SE6 青蔥 粉蔥 ,,,,,,,,11,4,2001,1
2001-11-30,台中市,SE6 青蔥 粉蔥 ,,,,,,,,11,5,2001,1
2001-12-01,台中市,SE6 青蔥 粉蔥 ,,,,,,,,12,6,2001,1
2001-12-02,台中市,SE6 青蔥 粉蔥 ,,,,,,,,12,7,2001,1
2001-12-03,台中市,SE6 青蔥 粉蔥 ,,,,,,,,12,1,2001,1
2001-12-04,台中市,SE6 青蔥 粉蔥 ,,,,,,,,12,2,2001,1
2001-12-05,台中市,SE6 青蔥 粉蔥 ,,,,,,,,12,3,2001,1
2001-12-06,台中市,SE6 青蔥 粉蔥 ,,,,,,,,12,4,2001,1
2001-12-07,台中市,SE6 青蔥 粉蔥 ,,,,,,,,12,5,2001,1
2001-12-08,台中市,SE6 青蔥 粉蔥 ,,,,,,,,12,6,2001,1
2001-12-09,台中市,SE6 青蔥 粉蔥 ,,,,,,,,12,7,2001,1
2001-12-10,台中市,SE6 青蔥 粉蔥 ,,,,,,,,12,1,2001,1
2001-12-11,台中市,SE6 青蔥 粉蔥 ,,,,,,,,12,2,2001,1
2001-12-12,台中市,SE6 青蔥 粉蔥 ,,,,,,,,12,3,2001,1
2001-12-13,台中市,SE6 青蔥 粉蔥 ,,,,,,,,12,4,2001,1
2001-12-14,台中市,SE6 青蔥 粉蔥 ,,,,,,,,12,5,2001,1
2001-12-15,台中市,SE6 青蔥 粉蔥 ,,,,,,,,12,6,2001,1
2001-12-16,台中市,SE6 青蔥 粉蔥 ,,,,,,,,12,7,2001,1
2001-12-17,台中市,SE6 青蔥 粉蔥 ,,,,,,,,12,1,2001,1
2001-12-18,台中市,SE6 青蔥 粉蔥 ,,,,,,,,12,2,2001,1
2001-12-19,台中市,SE6 青蔥 粉蔥 ,,,,,,,,12,3,2001,1
2001-12-20,台中市,SE6 青蔥 粉蔥 ,,,,,,,,12,4,2001,1
2001-12-21,台中市,SE6 青蔥 粉蔥 ,,,,,,,,12,5,2001,1
2001-12-22,台中市,SE6 青蔥 粉蔥 ,,,,,,,,12,6,2001,1
2001-12-23,台中市,SE6 青蔥 粉蔥 ,,,,,,,,12,7,2001,1
2001-12-24,台中市,SE6 青蔥 粉蔥 ,,,,,,,,12,1,2001,1
2001-12-25,台中市,SE6 青蔥 粉蔥 ,,,,,,,,12,2,2001,1
2001-12-26,台中市,SE6 青蔥 粉蔥 ,,,,,,,,12,3,2001,1
2001-12-27,台中市,SE6 青蔥 粉蔥 ,,,,,,,,12,4,2001,1
2001-12-28,台中市,SE6 青蔥 粉蔥 ,,,,,,,,12,5,2001,1
2001-12-29,台中市,SE6 青蔥 粉蔥 ,,,,,,,,12,6,2001,1
2001-12-30,台中市,SE6 青蔥 粉蔥 ,,,,,,,,12,7,2001,1
2001-12-31,台中市,SE6 青蔥 粉蔥 ,,,,,,,,12,1,2001,1
2002-01-01,台中市,SE6 青蔥 粉蔥 ,,,,,,,,1,2,2002,1
2002-01-02,台中市,SE6 青蔥 粉蔥 ,,,,,,,,1,3,2002,1
2002-01-03,台中市,SE6 青蔥 粉蔥 ,,,,,,,,1,4,2002,1
2002-01-04,台中市,SE6 青蔥 粉蔥 ,,,,,,,,1,5,2002,1
2002-01-05,台中市,SE6 青蔥 粉蔥 ,,,,,,,,1,6,2002,1
2002-01-06,台中市,SE6 青蔥 粉蔥 ,,,,,,,,1,7,2002,1
2002-01-07,台中市,SE6 青蔥 粉蔥 ,,,,,,,,1,1,2002,1
2002-01-08,台中市,SE6 青蔥 粉蔥 ,,,,,,,,1,2,2002,1
2002-01-09,台中市,SE6 青蔥 粉蔥 ,,,,,,,,1,3,2002,1
2002-01-10,台中市,SE6 青蔥 粉蔥 ,,,,,,,,1,4,2002,1
2002-01-11,台中市,SE6 青蔥 粉蔥 ,,,,,,,,1,5,2002,1
2002-01-12,台中市,SE6 青蔥 粉蔥 ,,,,,,,,1,6,2002,1
2002-01-13,台中市,SE6 青蔥 粉蔥 ,,,,,,,,1,7,2002,1
2002-01-14,台中市,SE6 青蔥 粉蔥 ,,,,,,,,1,1,2002,1
2002-01-15,台中市,SE6 青蔥 粉蔥 ,,,,,,,,1,2,2002,1
2002-01-16,台中市,SE6 青蔥 粉蔥 ,,,,,,,,1,3,2002,1
2002-01-17,台中市,SE6 青蔥 粉蔥 ,,,,,,,,1,4,2002,1
2002-01-18,台中市,SE6 青蔥 粉蔥 ,,,,,,,,1,5,2002,1
2002-01-19,台中市,SE6 青蔥 粉蔥 ,,,,,,,,1,6,2002,1
2002-01-20,台中市,SE6 青蔥 粉蔥 ,,,,,,,,1,7,2002,1
2002-01-21,台中市,SE6 青蔥 粉蔥 ,,,,,,,,1,1,2002,1
2002-01-22,台中市,SE6 青蔥 粉蔥 ,,,,,,,,1,2,2002,1
2002-01-23,台中市,SE6 青蔥 粉蔥 ,,,,,,,,1,3,2002,1
2002-01-24,台中市,SE6 青蔥 粉蔥 ,,,,,,,,1,4,2002,1
2002-01-25,台中市,SE6 青蔥 粉蔥 ,,,,,,,,1,5,2002,1
2002-01-26,台中市,SE6 青蔥 粉蔥 ,,,,,,,,1,6,2002,1
2002-01-27,台中市,SE6 青蔥 粉蔥 ,,,,,,,,1,7,2002,1
2002-01-28,台中市,SE6 青蔥 粉蔥 ,,,,,,,,1,1,2002,1
2002-01-29,台中市,SE6 青蔥 粉蔥 ,,,,,,,,1,2,2002,1
2002-01-30,台中市,SE6 青蔥 粉蔥 ,,,,,,,,1,3,2002,1
2002-01-31,台中市,SE6 青蔥 粉蔥 ,,,,,,,,1,4,2002,1
2002-02-01,台中市,SE6 青蔥 粉蔥 ,,,,,,,,2,5,2002,1
2002-02-02,台中市,SE6 青蔥 粉蔥 ,,,,,,,,2,6,2002,1
2002-02-03,台中市,SE6 青蔥 粉蔥 ,,,,,,,,2,7,2002,1
2002-02-04,台中市,SE6 青蔥 粉蔥 ,,,,,,,,2,1,2002,1
2002-02-05,台中市,SE6 青蔥 粉蔥 ,,,,,,,,2,2,2002,1
2002-02-06,台中市,SE6 青蔥 粉蔥 ,,,,,,,,2,3,2002,1
2002-02-07,台中市,SE6 青蔥 粉蔥 ,,,,,,,,2,4,2002,1
2002-02-08,台中市,SE6 青蔥 粉蔥 ,,,,,,,,2,5,2002,1
2002-02-09,台中市,SE6 青蔥 粉蔥 ,,,,,,,,2,6,2002,1
2002-02-10,台中市,SE6 青蔥 粉蔥 ,,,,,,,,2,7,2002,1
2002-02-11,台中市,SE6 青蔥 粉蔥 ,,,,,,,,2,1,2002,1
2002-02-12,台中市,SE6 青蔥 粉蔥 ,,,,,,,,2,2,2002,1
2002-02-13,台中市,SE6 青蔥 粉蔥 ,,,,,,,,2,3,2002,1
2002-02-14,台中市,SE6 青蔥 粉蔥 ,,,,,,,,2,4,2002,1
2002-02-15,台中市,SE6 青蔥 粉蔥 ,,,,,,,,2,5,2002,1
2002-02-16,台中市,SE6 青蔥 粉蔥 ,,,,,,,,2,6,2002,1
2002-02-17,台中市,SE6 青蔥 粉蔥 ,,,,,,,,2,7,2002,1
2002-02-18,台中市,SE6 青蔥 粉蔥 ,,,,,,,,2,1,2002,1
2002-02-19,台中市,SE6 青蔥 粉蔥 ,,,,,,,,2,2,2002,1
2002-02-20,台中市,SE6 青蔥 粉蔥 ,,,,,,,,2,3,2002,1
2002-02-21,台中市,SE6 青蔥 粉蔥 ,,,,,,,,2,4,2002,1
2002-02-22,台中市,SE6 青蔥 粉蔥 ,,,,,,,,2,5,2002,1
2002-02-23,台中市,SE6 青蔥 粉蔥 ,,,,,,,,2,6,2002,1
2002-02-24,台中市,SE6 青蔥 粉蔥 ,,,,,,,,2,7,2002,1
2002-02-25,台中市,SE6 青蔥 粉蔥 ,,,,,,,,2,1,2002,1
2002-02-26,台中市,SE6 青蔥 粉蔥 ,,,,,,,,2,2,2002,1
2002-02-27,台中市,SE6 青蔥 粉蔥 ,,,,,,,,2,3,2002,1
2002-02-28,台中市,SE6 青蔥 粉蔥 ,,,,,,,,2,4,2002,1
2002-03-01,台中市,SE6 青蔥 粉蔥 ,,,,,,,,3,5,2002,1
2002-03-02,台中市,SE6 青蔥 粉蔥 ,,,,,,,,3,6,2002,1
2002-03-03,台中市,SE6 青蔥 粉蔥 ,,,,,,,,3,7,2002,1
2002-03-04,台中市,SE6 青蔥 粉蔥 ,,,,,,,,3,1,2002,1
2002-03-05,台中市,SE6 青蔥 粉蔥 ,,,,,,,,3,2,2002,1
2002-03-06,台中市,SE6 青蔥 粉蔥 ,,,,,,,,3,3,2002,1
2002-03-07,台中市,SE6 青蔥 粉蔥 ,,,,,,,,3,4,2002,1
2002-03-08,台中市,SE6 青蔥 粉蔥 ,,,,,,,,3,5,2002,1
2002-03-09,台中市,SE6 青蔥 粉蔥 ,,,,,,,,3,6,2002,1
2002-03-10,台中市,SE6 青蔥 粉蔥 ,,,,,,,,3,7,2002,1
2002-03-11,台中市,SE6 青蔥 粉蔥 ,,,,,,,,3,1,2002,1
2002-03-12,台中市,SE6 青蔥 粉蔥 ,,,,,,,,3,2,2002,1
2002-03-13,台中市,SE6 青蔥 粉蔥 ,,,,,,,,3,3,2002,1
2002-03-14,台中市,SE6 青蔥 粉蔥 ,,,,,,,,3,4,2002,1
2002-03-15,台中市,SE6 青蔥 粉蔥 ,,,,,,,,3,5,2002,1
2002-03-16,台中市,SE6 青蔥 粉蔥 ,,,,,,,,3,6,2002,1
2002-03-17,台中市,SE6 青蔥 粉蔥 ,,,,,,,,3,7,2002,1
2002-03-18,台中市,SE6 青蔥 粉蔥 ,,,,,,,,3,1,2002,1
2002-03-19,台中市,SE6 青蔥 粉蔥 ,,,,,,,,3,2,2002,1
2002-03-20,台中市,SE6 青蔥 粉蔥 ,,,,,,,,3,3,2002,1
2002-03-21,台中市,SE6 青蔥 粉蔥 ,,,,,,,,3,4,2002,1
2002-03-22,台中市,SE6 青蔥 粉蔥 ,,,,,,,,3,5,2002,1
2002-03-23,台中市,SE6 青蔥 粉蔥 ,,,,,,,,3,6,2002,1
2002-03-24,台中市,SE6 青蔥 粉蔥 ,,,,,,,,3,7,2002,1
2002-03-25,台中市,SE6 青蔥 粉蔥 ,,,,,,,,3,1,2002,1
2002-03-26,台中市,SE6 青蔥 粉蔥 ,,,,,,,,3,2,2002,1
2002-03-27,台中市,SE6 青蔥 粉蔥 ,,,,,,,,3,3,2002,1
2002-03-28,台中市,SE6 青蔥 粉蔥 ,,,,,,,,3,4,2002,1
2002-03-29,台中市,SE6 青蔥 粉蔥 ,,,,,,,,3,5,2002,1
2002-03-30,台中市,SE6 青蔥 粉蔥 ,,,,,,,,3,6,2002,1
2002-03-31,台中市,SE6 青蔥 粉蔥 ,,,,,,,,3,7,2002,1
2002-04-01,台中市,SE6 青蔥 粉蔥 ,,,,,,,,4,1,2002,1
2002-04-02,台中市,SE6 青蔥 粉蔥 ,,,,,,,,4,2,2002,1
2002-04-03,台中市,SE6 青蔥 粉蔥 ,,,,,,,,4,3,2002,1
2002-04-04,台中市,SE6 青蔥 粉蔥 ,,,,,,,,4,4,2002,1
2002-04-05,台中市,SE6 青蔥 粉蔥 ,,,,,,,,4,5,2002,1
2002-04-06,台中市,SE6 青蔥 粉蔥 ,,,,,,,,4,6,2002,1
2002-04-07,台中市,SE6 青蔥 粉蔥 ,,,,,,,,4,7,2002,1
2002-04-08,台中市,SE6 青蔥 粉蔥 ,,,,,,,,4,1,2002,1
2002-04-09,台中市,SE6 青蔥 粉蔥 ,,,,,,,,4,2,2002,1
2002-04-10,台中市,SE6 青蔥 粉蔥 ,,,,,,,,4,3,2002,1
2002-04-11,台中市,SE6 青蔥 粉蔥 ,,,,,,,,4,4,2002,1
2002-04-12,台中市,SE6 青蔥 粉蔥 ,,,,,,,,4,5,2002,1
2002-04-13,台中市,SE6 青蔥 粉蔥 ,,,,,,,,4,6,2002,1
2002-04-14,台中市,SE6 青蔥 粉蔥 ,,,,,,,,4,7,2002,1
2002-04-15,台中市,SE6 青蔥 粉蔥 ,,,,,,,,4,1,2002,1
2002-04-16,台中市,SE6 青蔥 粉蔥 ,,,,,,,,4,2,2002,1
2002-04-17,台中市,SE6 青蔥 粉蔥 ,,,,,,,,4,3,2002,1
2002-04-18,台中市,SE6 青蔥 粉蔥 ,,,,,,,,4,4,2002,1
2002-04-19,台中市,SE6 青蔥 粉蔥 ,,,,,,,,4,5,2002,1
2002-04-20,台中市,SE6 青蔥 粉蔥 ,,,,,,,,4,6,2002,1
2002-04-21,台中市,SE6 青蔥 粉蔥 ,,,,,,,,4,7,2002,1
2002-04-22,台中市,SE6 青蔥 粉蔥 ,,,,,,,,4,1,2002,1
2002-04-23,台中市,SE6 青蔥 粉蔥 ,,,,,,,,4,2,2002,1
2002-04-24,台中市,SE6 青蔥 粉蔥 ,,,,,,,,4,3,2002,1
2002-04-25,台中市,SE6 青蔥 粉蔥 ,,,,,,,,4,4,2002,1
2002-04-26,台中市,SE6 青蔥 粉蔥 ,,,,,,,,4,5,2002,1
2002-04-27,台中市,SE6 青蔥 粉蔥 ,,,,,,,,4,6,2002,1
2002-04-28,台中市,SE6 青蔥 粉蔥 ,,,,,,,,4,7,2002,1
2002-04-29,台中市,SE6 青蔥 粉蔥 ,,,,,,,,4,1,2002,1
2002-04-30,台中市,SE6 青蔥 粉蔥 ,,,,,,,,4,2,2002,1
2002-05-01,台中市,SE6 青蔥 粉蔥 ,,,,,,,,5,3,2002,1
2002-05-02,台中市,SE6 青蔥 粉蔥 ,,,,,,,,5,4,2002,1
2002-05-03,台中市,SE6 青蔥 粉蔥 ,,,,,,,,5,5,2002,1
2002-05-04,台中市,SE6 青蔥 粉蔥 ,,,,,,,,5,6,2002,1
2002-05-05,台中市,SE6 青蔥 粉蔥 ,,,,,,,,5,7,2002,1
2002-05-06,台中市,SE6 青蔥 粉蔥 ,,,,,,,,5,1,2002,1
2002-05-07,台中市,SE6 青蔥 粉蔥 ,,,,,,,,5,2,2002,1
2002-05-08,台中市,SE6 青蔥 粉蔥 ,,,,,,,,5,3,2002,1
2002-05-09,台中市,SE6 青蔥 粉蔥 ,,,,,,,,5,4,2002,1
2002-05-10,台中市,SE6 青蔥 粉蔥 ,,,,,,,,5,5,2002,1
2002-05-11,台中市,SE6 青蔥 粉蔥 ,,,,,,,,5,6,2002,1
2002-05-12,台中市,SE6 青蔥 粉蔥 ,,,,,,,,5,7,2002,1
2002-05-13,台中市,SE6 青蔥 粉蔥 ,,,,,,,,5,1,2002,1
2002-05-14,台中市,SE6 青蔥 粉蔥 ,,,,,,,,5,2,2002,1
2002-05-15,台中市,SE6 青蔥 粉蔥 ,,,,,,,,5,3,2002,1
2002-05-16,台中市,SE6 青蔥 粉蔥 ,,,,,,,,5,4,2002,1
2002-05-17,台中市,SE6 青蔥 粉蔥 ,,,,,,,,5,5,2002,1
2002-05-18,台中市,SE6 青蔥 粉蔥 ,,,,,,,,5,6,2002,1
2002-05-19,台中市,SE6 青蔥 粉蔥 ,,,,,,,,5,7,2002,1
2002-05-20,台中市,SE6 青蔥 粉蔥 ,,,,,,,,5,1,2002,1
2002-05-21,台中市,SE6 青蔥 粉蔥 ,,,,,,,,5,2,2002,1
2002-05-22,台中市,SE6 青蔥 粉蔥 ,,,,,,,,5,3,2002,1
2002-05-23,台中市,SE6 青蔥 粉蔥 ,,,,,,,,5,4,2002,1
2002-05-24,台中市,SE6 青蔥 粉蔥 ,,,,,,,,5,5,2002,1
2002-05-25,台中市,SE6 青蔥 粉蔥 ,,,,,,,,5,6,2002,1
2002-05-26,台中市,SE6 青蔥 粉蔥 ,,,,,,,,5,7,2002,1
2002-05-27,台中市,SE6 青蔥 粉蔥 ,,,,,,,,5,1,2002,1
2002-05-28,台中市,SE6 青蔥 粉蔥 ,,,,,,,,5,2,2002,1
2002-05-29,台中市,SE6 青蔥 粉蔥 ,,,,,,,,5,3,2002,1
2002-05-30,台中市,SE6 青蔥 粉蔥 ,,,,,,,,5,4,2002,1
2002-05-31,台中市,SE6 青蔥 粉蔥 ,,,,,,,,5,5,2002,1
2002-06-01,台中市,SE6 青蔥 粉蔥 ,,,,,,,,6,6,2002,1
2002-06-02,台中市,SE6 青蔥 粉蔥 ,,,,,,,,6,7,2002,1
2002-06-03,台中市,SE6 青蔥 粉蔥 ,,,,,,,,6,1,2002,1
2002-06-04,台中市,SE6 青蔥 粉蔥 ,,,,,,,,6,2,2002,1
2002-06-05,台中市,SE6 青蔥 粉蔥 ,,,,,,,,6,3,2002,1
2002-06-06,台中市,SE6 青蔥 粉蔥 ,,,,,,,,6,4,2002,1
2002-06-07,台中市,SE6 青蔥 粉蔥 ,,,,,,,,6,5,2002,1
2002-06-08,台中市,SE6 青蔥 粉蔥 ,,,,,,,,6,6,2002,1
2002-06-09,台中市,SE6 青蔥 粉蔥 ,,,,,,,,6,7,2002,1
2002-06-10,台中市,SE6 青蔥 粉蔥 ,,,,,,,,6,1,2002,1
2002-06-11,台中市,SE6 青蔥 粉蔥 ,,,,,,,,6,2,2002,1
2002-06-12,台中市,SE6 青蔥 粉蔥 ,,,,,,,,6,3,2002,1
2002-06-13,台中市,SE6 青蔥 粉蔥 ,,,,,,,,6,4,2002,1
2002-06-14,台中市,SE6 青蔥 粉蔥 ,,,,,,,,6,5,2002,1
2002-06-15,台中市,SE6 青蔥 粉蔥 ,,,,,,,,6,6,2002,1
2002-06-16,台中市,SE6 青蔥 粉蔥 ,,,,,,,,6,7,2002,1
2002-06-17,台中市,SE6 青蔥 粉蔥 ,,,,,,,,6,1,2002,1
2002-06-18,台中市,SE6 青蔥 粉蔥 ,,,,,,,,6,2,2002,1
2002-06-19,台中市,SE6 青蔥 粉蔥 ,,,,,,,,6,3,2002,1
2002-06-20,台中市,SE6 青蔥 粉蔥 ,,,,,,,,6,4,2002,1
2002-06-21,台中市,SE6 青蔥 粉蔥 ,,,,,,,,6,5,2002,1
2002-06-22,台中市,SE6 青蔥 粉蔥 ,,,,,,,,6,6,2002,1
2002-06-23,台中市,SE6 青蔥 粉蔥 ,,,,,,,,6,7,2002,1
2002-06-24,台中市,SE6 青蔥 粉蔥 ,,,,,,,,6,1,2002,1
2002-06-25,台中市,SE6 青蔥 粉蔥 ,,,,,,,,6,2,2002,1
2002-06-26,台中市,SE6 青蔥 粉蔥 ,,,,,,,,6,3,2002,1
2002-06-27,台中市,SE6 青蔥 粉蔥 ,,,,,,,,6,4,2002,1
2002-06-28,台中市,SE6 青蔥 粉蔥 ,,,,,,,,6,5,2002,1
2002-06-29,台中市,SE6 青蔥 粉蔥 ,,,,,,,,6,6,2002,1
2002-06-30,台中市,SE6 青蔥 粉蔥 ,,,,,,,,6,7,2002,1
2002-07-01,台中市,SE6 青蔥 粉蔥 ,,,,,,,,7,1,2002,1
2002-07-02,台中市,SE6 青蔥 粉蔥 ,,,,,,,,7,2,2002,1
2002-07-03,台中市,SE6 青蔥 粉蔥 ,,,,,,,,7,3,2002,1
2002-07-04,台中市,SE6 青蔥 粉蔥 ,,,,,,,,7,4,2002,1
2002-07-05,台中市,SE6 青蔥 粉蔥 ,,,,,,,,7,5,2002,1
2002-07-06,台中市,SE6 青蔥 粉蔥 ,,,,,,,,7,6,2002,1
2002-07-07,台中市,SE6 青蔥 粉蔥 ,,,,,,,,7,7,2002,1
2002-07-08,台中市,SE6 青蔥 粉蔥 ,,,,,,,,7,1,2002,1
2002-07-09,台中市,SE6 青蔥 粉蔥 ,,,,,,,,7,2,2002,1
2002-07-10,台中市,SE6 青蔥 粉蔥 ,,,,,,,,7,3,2002,1
2002-07-11,台中市,SE6 青蔥 粉蔥 ,,,,,,,,7,4,2002,1
2002-07-12,台中市,SE6 青蔥 粉蔥 ,,,,,,,,7,5,2002,1
2002-07-13,台中市,SE6 青蔥 粉蔥 ,,,,,,,,7,6,2002,1
2002-07-14,台中市,SE6 青蔥 粉蔥 ,,,,,,,,7,7,2002,1
2002-07-15,台中市,SE6 青蔥 粉蔥 ,,,,,,,,7,1,2002,1
2002-07-16,台中市,SE6 青蔥 粉蔥 ,,,,,,,,7,2,2002,1
2002-07-17,台中市,SE6 青蔥 粉蔥 ,,,,,,,,7,3,2002,1
2002-07-18,台中市,SE6 青蔥 粉蔥 ,,,,,,,,7,4,2002,1
2002-07-19,台中市,SE6 青蔥 粉蔥 ,,,,,,,,7,5,2002,1
2002-07-20,台中市,SE6 青蔥 粉蔥 ,,,,,,,,7,6,2002,1
2002-07-21,台中市,SE6 青蔥 粉蔥 ,,,,,,,,7,7,2002,1
2002-07-22,台中市,SE6 青蔥 粉蔥 ,,,,,,,,7,1,2002,1
2002-07-23,台中市,SE6 青蔥 粉蔥 ,,,,,,,,7,2,2002,1
2002-07-24,台中市,SE6 青蔥 粉蔥 ,,,,,,,,7,3,2002,1
2002-07-25,台中市,SE6 青蔥 粉蔥 ,,,,,,,,7,4,2002,1
2002-07-26,台中市,SE6 青蔥 粉蔥 ,,,,,,,,7,5,2002,1
2002-07-27,台中市,SE6 青蔥 粉蔥 ,,,,,,,,7,6,2002,1
2002-07-28,台中市,SE6 青蔥 粉蔥 ,,,,,,,,7,7,2002,1
2002-07-29,台中市,SE6 青蔥 粉蔥 ,,,,,,,,7,1,2002,1
2002-07-30,台中市,SE6 青蔥 粉蔥 ,,,,,,,,7,2,2002,1
2002-07-31,台中市,SE6 青蔥 粉蔥 ,,,,,,,,7,3,2002,1
2002-08-01,台中市,SE6 青蔥 粉蔥 ,,,,,,,,8,4,2002,1
2002-08-02,台中市,SE6 青蔥 粉蔥 ,,,,,,,,8,5,2002,1
2002-08-03,台中市,SE6 青蔥 粉蔥 ,,,,,,,,8,6,2002,1
2002-08-04,台中市,SE6 青蔥 粉蔥 ,,,,,,,,8,7,2002,1
2002-08-05,台中市,SE6 青蔥 粉蔥 ,,,,,,,,8,1,2002,1
2002-08-06,台中市,SE6 青蔥 粉蔥 ,,,,,,,,8,2,2002,1
2002-08-07,台中市,SE6 青蔥 粉蔥 ,,,,,,,,8,3,2002,1
2002-08-08,台中市,SE6 青蔥 粉蔥 ,,,,,,,,8,4,2002,1
2002-08-09,台中市,SE6 青蔥 粉蔥 ,,,,,,,,8,5,2002,1
2002-08-10,台中市,SE6 青蔥 粉蔥 ,,,,,,,,8,6,2002,1
2002-08-11,台中市,SE6 青蔥 粉蔥 ,,,,,,,,8,7,2002,1
2002-08-12,台中市,SE6 青蔥 粉蔥 ,,,,,,,,8,1,2002,1
2002-08-13,台中市,SE6 青蔥 粉蔥 ,,,,,,,,8,2,2002,1
2002-08-14,台中市,SE6 青蔥 粉蔥 ,,,,,,,,8,3,2002,1
2002-08-15,台中市,SE6 青蔥 粉蔥 ,,,,,,,,8,4,2002,1
2002-08-16,台中市,SE6 青蔥 粉蔥 ,,,,,,,,8,5,2002,1
2002-08-17,台中市,SE6 青蔥 粉蔥 ,,,,,,,,8,6,2002,1
2002-08-18,台中市,SE6 青蔥 粉蔥 ,,,,,,,,8,7,2002,1
2002-08-19,台中市,SE6 青蔥 粉蔥 ,,,,,,,,8,1,2002,1
2002-08-20,台中市,SE6 青蔥 粉蔥 ,,,,,,,,8,2,2002,1
2002-08-21,台中市,SE6 青蔥 粉蔥 ,,,,,,,,8,3,2002,1
2002-08-22,台中市,SE6 青蔥 粉蔥 ,,,,,,,,8,4,2002,1
2002-08-23,台中市,SE6 青蔥 粉蔥 ,,,,,,,,8,5,2002,1
2002-08-24,台中市,SE6 青蔥 粉蔥 ,,,,,,,,8,6,2002,1
2002-08-25,台中市,SE6 青蔥 粉蔥 ,,,,,,,,8,7,2002,1
2002-08-26,台中市,SE6 青蔥 粉蔥 ,,,,,,,,8,1,2002,1
2002-08-27,台中市,SE6 青蔥 粉蔥 ,,,,,,,,8,2,2002,1
2002-08-28,台中市,SE6 青蔥 粉蔥 ,,,,,,,,8,3,2002,1
2002-08-29,台中市,SE6 青蔥 粉蔥 ,,,,,,,,8,4,2002,1
2002-08-30,台中市,SE6 青蔥 粉蔥 ,,,,,,,,8,5,2002,1
2002-08-31,台中市,SE6 青蔥 粉蔥 ,,,,,,,,8,6,2002,1
2002-09-01,台中市,SE6 青蔥 粉蔥 ,,,,,,,,9,7,2002,1
2002-09-02,台中市,SE6 青蔥 粉蔥 ,,,,,,,,9,1,2002,1
2002-09-03,台中市,SE6 青蔥 粉蔥 ,,,,,,,,9,2,2002,1
2002-09-04,台中市,SE6 青蔥 粉蔥 ,,,,,,,,9,3,2002,1
2002-09-05,台中市,SE6 青蔥 粉蔥 ,,,,,,,,9,4,2002,1
2002-09-06,台中市,SE6 青蔥 粉蔥 ,,,,,,,,9,5,2002,1
2002-09-07,台中市,SE6 青蔥 粉蔥 ,,,,,,,,9,6,2002,1
2002-09-08,台中市,SE6 青蔥 粉蔥 ,,,,,,,,9,7,2002,1
2002-09-09,台中市,SE6 青蔥 粉蔥 ,,,,,,,,9,1,2002,1
2002-09-10,台中市,SE6 青蔥 粉蔥 ,,,,,,,,9,2,2002,1
2002-09-11,台中市,SE6 青蔥 粉蔥 ,,,,,,,,9,3,2002,1
2002-09-12,台中市,SE6 青蔥 粉蔥 ,,,,,,,,9,4,2002,1
2002-09-13,台中市,SE6 青蔥 粉蔥 ,,,,,,,,9,5,2002,1
2002-09-14,台中市,SE6 青蔥 粉蔥 ,,,,,,,,9,6,2002,1
2002-09-15,台中市,SE6 青蔥 粉蔥 ,,,,,,,,9,7,2002,1
2002-09-16,台中市,SE6 青蔥 粉蔥 ,,,,,,,,9,1,2002,1
2002-09-17,台中市,SE6 青蔥 粉蔥 ,,,,,,,,9,2,2002,1
2002-09-18,台中市,SE6 青蔥 粉蔥 ,,,,,,,,9,3,2002,1
2002-09-19,台中市,SE6 青蔥 粉蔥 ,,,,,,,,9,4,2002,1
2002-09-20,台中市,SE6 青蔥 粉蔥 ,,,,,,,,9,5,2002,1
2002-09-21,台中市,SE6 青蔥 粉蔥 ,,,,,,,,9,6,2002,1
2002-09-22,台中市,SE6 青蔥 粉蔥 ,,,,,,,,9,7,2002,1
2002-09-23,台中市,SE6 青蔥 粉蔥 ,,,,,,,,9,1,2002,1
2002-09-24,台中市,SE6 青蔥 粉蔥 ,,,,,,,,9,2,2002,1
2002-09-25,台中市,SE6 青蔥 粉蔥 ,,,,,,,,9,3,2002,1
2002-09-26,台中市,SE6 青蔥 粉蔥 ,,,,,,,,9,4,2002,1
2002-09-27,台中市,SE6 青蔥 粉蔥 ,,,,,,,,9,5,2002,1
2002-09-28,台中市,SE6 青蔥 粉蔥 ,,,,,,,,9,6,2002,1
2002-09-29,台中市,SE6 青蔥 粉蔥 ,,,,,,,,9,7,2002,1
2002-09-30,台中市,SE6 青蔥 粉蔥 ,,,,,,,,9,1,2002,1
2002-10-01,台中市,SE6 青蔥 粉蔥 ,,,,,,,,10,2,2002,1
2002-10-02,台中市,SE6 青蔥 粉蔥 ,,,,,,,,10,3,2002,1
2002-10-03,台中市,SE6 青蔥 粉蔥 ,,,,,,,,10,4,2002,1
2002-10-04,台中市,SE6 青蔥 粉蔥 ,,,,,,,,10,5,2002,1
2002-10-05,台中市,SE6 青蔥 粉蔥 ,,,,,,,,10,6,2002,1
2002-10-06,台中市,SE6 青蔥 粉蔥 ,,,,,,,,10,7,2002,1
2002-10-07,台中市,SE6 青蔥 粉蔥 ,,,,,,,,10,1,2002,1
2002-10-08,台中市,SE6 青蔥 粉蔥 ,,,,,,,,10,2,2002,1
2002-10-09,台中市,SE6 青蔥 粉蔥 ,,,,,,,,10,3,2002,1
2002-10-10,台中市,SE6 青蔥 粉蔥 ,,,,,,,,10,4,2002,1
2002-10-11,台中市,SE6 青蔥 粉蔥 ,,,,,,,,10,5,2002,1
2002-10-12,台中市,SE6 青蔥 粉蔥 ,,,,,,,,10,6,2002,1
2002-10-13,台中市,SE6 青蔥 粉蔥 ,,,,,,,,10,7,2002,1
2002-10-14,台中市,SE6 青蔥 粉蔥 ,,,,,,,,10,1,2002,1
2002-10-15,台中市,SE6 青蔥 粉蔥 ,,,,,,,,10,2,2002,1
2002-10-16,台中市,SE6 青蔥 粉蔥 ,,,,,,,,10,3,2002,1
2002-10-17,台中市,SE6 青蔥 粉蔥 ,,,,,,,,10,4,2002,1
2002-10-18,台中市,SE6 青蔥 粉蔥 ,,,,,,,,10,5,2002,1
2002-10-19,台中市,SE6 青蔥 粉蔥 ,,,,,,,,10,6,2002,1
2002-10-20,台中市,SE6 青蔥 粉蔥 ,,,,,,,,10,7,2002,1
2002-10-21,台中市,SE6 青蔥 粉蔥 ,,,,,,,,10,1,2002,1
2002-10-22,台中市,SE6 青蔥 粉蔥 ,,,,,,,,10,2,2002,1
2002-10-23,台中市,SE6 青蔥 粉蔥 ,,,,,,,,10,3,2002,1
2002-10-24,台中市,SE6 青蔥 粉蔥 ,,,,,,,,10,4,2002,1
2002-10-25,台中市,SE6 青蔥 粉蔥 ,,,,,,,,10,5,2002,1
2002-10-26,台中市,SE6 青蔥 粉蔥 ,,,,,,,,10,6,2002,1
2002-10-27,台中市,SE6 青蔥 粉蔥 ,,,,,,,,10,7,2002,1
2002-10-28,台中市,SE6 青蔥 粉蔥 ,,,,,,,,10,1,2002,1
2002-10-29,台中市,SE6 青蔥 粉蔥 ,,,,,,,,10,2,2002,1
2002-10-30,台中市,SE6 青蔥 粉蔥 ,,,,,,,,10,3,2002,1
2002-10-31,台中市,SE6 青蔥 粉蔥 ,,,,,,,,10,4,2002,1
2002-11-01,台中市,SE6 青蔥 粉蔥 ,,,,,,,,11,5,2002,1
2002-11-02,台中市,SE6 青蔥 粉蔥 ,,,,,,,,11,6,2002,1
2002-11-03,台中市,SE6 青蔥 粉蔥 ,,,,,,,,11,7,2002,1
2002-11-04,台中市,SE6 青蔥 粉蔥 ,,,,,,,,11,1,2002,1
2002-11-05,台中市,SE6 青蔥 粉蔥 ,,,,,,,,11,2,2002,1
2002-11-06,台中市,SE6 青蔥 粉蔥 ,,,,,,,,11,3,2002,1
2002-11-07,台中市,SE6 青蔥 粉蔥 ,,,,,,,,11,4,2002,1
2002-11-08,台中市,SE6 青蔥 粉蔥 ,,,,,,,,11,5,2002,1
2002-11-09,台中市,SE6 青蔥 粉蔥 ,,,,,,,,11,6,2002,1
2002-11-10,台中市,SE6 青蔥 粉蔥 ,,,,,,,,11,7,2002,1
2002-11-11,台中市,SE6 青蔥 粉蔥 ,,,,,,,,11,1,2002,1
2002-11-12,台中市,SE6 青蔥 粉蔥 ,,,,,,,,11,2,2002,1
2002-11-13,台中市,SE6 青蔥 粉蔥 ,,,,,,,,11,3,2002,1
2002-11-14,台中市,SE6 青蔥 粉蔥 ,,,,,,,,11,4,2002,1
2002-11-15,台中市,SE6 青蔥 粉蔥 ,,,,,,,,11,5,2002,1
2002-11-16,台中市,SE6 青蔥 粉蔥 ,,,,,,,,11,6,2002,1
2002-11-17,台中市,SE6 青蔥 粉蔥 ,,,,,,,,11,7,2002,1
2002-11-18,台中市,SE6 青蔥 粉蔥 ,,,,,,,,11,1,2002,1
2002-11-19,台中市,SE6 青蔥 粉蔥 ,,,,,,,,11,2,2002,1
2002-11-20,台中市,SE6 青蔥 粉蔥 ,,,,,,,,11,3,2002,1
2002-11-21,台中市,SE6 青蔥 粉蔥 ,,,,,,,,11,4,2002,1
2002-11-22,台中市,SE6 青蔥 粉蔥 ,,,,,,,,11,5,2002,1
2002-11-23,台中市,SE6 青蔥 粉蔥 ,,,,,,,,11,6,2002,1
2002-11-24,台中市,SE6 青蔥 粉蔥 ,,,,,,,,11,7,2002,1
2002-11-25,台中市,SE6 青蔥 粉蔥 ,,,,,,,,11,1,2002,1
2002-11-26,台中市,SE6 青蔥 粉蔥 ,,,,,,,,11,2,2002,1
2002-11-27,台中市,SE6 青蔥 粉蔥 ,,,,,,,,11,3,2002,1
2002-11-28,台中市,SE6 青蔥 粉蔥 ,,,,,,,,11,4,2002,1
2002-11-29,台中市,SE6 青蔥 粉蔥 ,,,,,,,,11,5,2002,1
2002-11-30,台中市,SE6 青蔥 粉蔥 ,,,,,,,,11,6,2002,1
2002-12-01,台中市,SE6 青蔥 粉蔥 ,,,,,,,,12,7,2002,1
2002-12-02,台中市,SE6 青蔥 粉蔥 ,,,,,,,,12,1,2002,1
2002-12-03,台中市,SE6 青蔥 粉蔥 ,,,,,,,,12,2,2002,1
2002-12-04,台中市,SE6 青蔥 粉蔥 ,,,,,,,,12,3,2002,1
2002-12-05,台中市,SE6 青蔥 粉蔥 ,,,,,,,,12,4,2002,1
2002-12-06,台中市,SE6 青蔥 粉蔥 ,,,,,,,,12,5,2002,1
2002-12-07,台中市,SE6 青蔥 粉蔥 ,,,,,,,,12,6,2002,1
2002-12-08,台中市,SE6 青蔥 粉蔥 ,,,,,,,,12,7,2002,1
2002-12-09,台中市,SE6 青蔥 粉蔥 ,,,,,,,,12,1,2002,1
2002-12-10,台中市,SE6 青蔥 粉蔥 ,,,,,,,,12,2,2002,1
2002-12-11,台中市,SE6 青蔥 粉蔥 ,,,,,,,,12,3,2002,1
2002-12-12,台中市,SE6 青蔥 粉蔥 ,,,,,,,,12,4,2002,1
2002-12-13,台中市,SE6 青蔥 粉蔥 ,,,,,,,,12,5,2002,1
2002-12-14,台中市,SE6 青蔥 粉蔥 ,,,,,,,,12,6,2002,1
2002-12-15,台中市,SE6 青蔥 粉蔥 ,,,,,,,,12,7,2002,1
2002-12-16,台中市,SE6 青蔥 粉蔥 ,,,,,,,,12,1,2002,1
2002-12-17,台中市,SE6 青蔥 粉蔥 ,,,,,,,,12,2,2002,1
2002-12-18,台中市,SE6 青蔥 粉蔥 ,,,,,,,,12,3,2002,1
2002-12-19,台中市,SE6 青蔥 粉蔥 ,,,,,,,,12,4,2002,1
2002-12-20,台中市,SE6 青蔥 粉蔥 ,,,,,,,,12,5,2002,1
2002-12-21,台中市,SE6 青蔥 粉蔥 ,,,,,,,,12,6,2002,1
2002-12-22,台中市,SE6 青蔥 粉蔥 ,,,,,,,,12,7,2002,1
2002-12-23,台中市,SE6 青蔥 粉蔥 ,,,,,,,,12,1,2002,1
2002-12-24,台中市,SE6 青蔥 粉蔥 ,,,,,,,,12,2,2002,1
2002-12-25,台中市,SE6 青蔥 粉蔥 ,,,,,,,,12,3,2002,1
2002-12-26,台中市,SE6 青蔥 粉蔥 ,,,,,,,,12,4,2002,1
2002-12-27,台中市,SE6 青蔥 粉蔥 ,8.0,8.0,8.0,8.0,-73.33,18.0,-55.0,12,5,2002,0
2002-12-28,台中市,SE6 青蔥 粉蔥 ,,,,,,,,12,6,2002,1
2002-12-29,台中市,SE6 青蔥 粉蔥 ,,,,,,,,12,7,2002,1
2002-12-30,台中市,SE6 青蔥 粉蔥 ,10.0,10.0,10.0,10.0,25.0,45.0,150.0,12,1,2002,0
2002-12-31,台中市,SE6 青蔥 粉蔥 ,10.0,8.4,8.4,8.7,-13.0,90.0,100.0,12,2,2002,0
2003-01-01,台中市,SE6 青蔥 粉蔥 ,8.0,8.0,8.0,8.0,-8.05,81.0,-10.0,1,3,2003,0
2003-01-02,台中市,SE6 青蔥 粉蔥 ,8.0,8.0,8.0,8.0,0.0,60.0,-25.93,1,4,2003,0
2003-01-03,台中市,SE6 青蔥 粉蔥 ,,,,,,,,1,5,2003,1
2003-01-04,台中市,SE6 青蔥 粉蔥 ,,,,,,,,1,6,2003,1
2003-01-05,台中市,SE6 青蔥 粉蔥 ,,,,,,,,1,7,2003,1
2003-01-06,台中市,SE6 青蔥 粉蔥 ,,,,,,,,1,1,2003,1
2003-01-07,台中市,SE6 青蔥 粉蔥 ,10.0,10.0,10.0,10.0,25.0,12.0,-80.0,1,2,2003,0
2003-01-08,台中市,SE6 青蔥 粉蔥 ,10.0,10.0,10.0,10.0,0.0,27.0,125.0,1,3,2003,0
2003-01-09,台中市,SE6 青蔥 粉蔥 ,,,,,,,,1,4,2003,1
2003-01-10,台中市,SE6 青蔥 粉蔥 ,,,,,,,,1,5,2003,1
2003-01-11,台中市,SE6 青蔥 粉蔥 ,8.0,8.0,8.0,8.0,-20.0,78.0,188.89,1,6,2003,0
2003-01-12,台中市,SE6 青蔥 粉蔥 ,,,,,,,,1,7,2003,1
2003-01-13,台中市,SE6 青蔥 粉蔥 ,,,,,,,,1,1,2003,1
2003-01-14,台中市,SE6 青蔥 粉蔥 ,,,,,,,,1,2,2003,1
2003-01-15,台中市,SE6 青蔥 粉蔥 ,,,,,,,,1,3,2003,1
2003-01-16,台中市,SE6 青蔥 粉蔥 ,10.0,8.7,8.0,8.8,10.0,15.0,-80.77,1,4,2003,0
2003-01-17,台中市,SE6 青蔥 粉蔥 ,,,,,,,,1,5,2003,1
2003-01-18,台中市,SE6 青蔥 粉蔥 ,,,,,,,,1,6,2003,1
2003-01-19,台中市,SE6 青蔥 粉蔥 ,,,,,,,,1,7,2003,1
2003-01-20,台中市,SE6 青蔥 粉蔥 ,,,,,,,,1,1,2003,1
2003-01-21,台中市,SE6 青蔥 粉蔥 ,,,,,,,,1,2,2003,1
2003-01-22,台中市,SE6 青蔥 粉蔥 ,,,,,,,,1,3,2003,1
2003-01-23,台中市,SE6 青蔥 粉蔥 ,,,,,,,,1,4,2003,1
2003-01-24,台中市,SE6 青蔥 粉蔥 ,,,,,,,,1,5,2003,1
2003-01-25,台中市,SE6 青蔥 粉蔥 ,,,,,,,,1,6,2003,1
2003-01-26,台中市,SE6 青蔥 粉蔥 ,,,,,,,,1,7,2003,1
2003-01-27,台中市,SE6 青蔥 粉蔥 ,,,,,,,,1,1,2003,1
2003-01-28,台中市,SE6 青蔥 粉蔥 ,,,,,,,,1,2,2003,1
2003-01-29,台中市,SE6 青蔥 粉蔥 ,,,,,,,,1,3,2003,1
2003-01-30,台中市,SE6 青蔥 粉蔥 ,,,,,,,,1,4,2003,1
2003-01-31,台中市,SE6 青蔥 粉蔥 ,,,,,,,,1,5,2003,1
2003-02-01,台中市,SE6 青蔥 粉蔥 ,,,,,,,,2,6,2003,1
2003-02-02,台中市,SE6 青蔥 粉蔥 ,,,,,,,,2,7,2003,1
2003-02-03,台中市,SE6 青蔥 粉蔥 ,,,,,,,,2,1,2003,1
2003-02-04,台中市,SE6 青蔥 粉蔥 ,,,,,,,,2,2,2003,1
2003-02-05,台中市,SE6 青蔥 粉蔥 ,,,,,,,,2,3,2003,1
2003-02-06,台中市,SE6 青蔥 粉蔥 ,,,,,,,,2,4,2003,1
2003-02-07,台中市,SE6 青蔥 粉蔥 ,,,,,,,,2,5,2003,1
2003-02-08,台中市,SE6 青蔥 粉蔥 ,,,,,,,,2,6,2003,1
2003-02-09,台中市,SE6 青蔥 粉蔥 ,,,,,,,,2,7,2003,1
2003-02-10,台中市,SE6 青蔥 粉蔥 ,,,,,,,,2,1,2003,1
2003-02-11,台中市,SE6 青蔥 粉蔥 ,,,,,,,,2,2,2003,1
2003-02-12,台中市,SE6 青蔥 粉蔥 ,,,,,,,,2,3,2003,1
2003-02-13,台中市,SE6 青蔥 粉蔥 ,,,,,,,,2,4,2003,1
2003-02-14,台中市,SE6 青蔥 粉蔥 ,,,,,,,,2,5,2003,1
2003-02-15,台中市,SE6 青蔥 粉蔥 ,,,,,,,,2,6,2003,1
2003-02-16,台中市,SE6 青蔥 粉蔥 ,,,,,,,,2,7,2003,1
2003-02-17,台中市,SE6 青蔥 粉蔥 ,,,,,,,,2,1,2003,1
2003-02-18,台中市,SE6 青蔥 粉蔥 ,,,,,,,,2,2,2003,1
2003-02-19,台中市,SE6 青蔥 粉蔥 ,,,,,,,,2,3,2003,1
2003-02-20,台中市,SE6 青蔥 粉蔥 ,,,,,,,,2,4,2003,1
2003-02-21,台中市,SE6 青蔥 粉蔥 ,,,,,,,,2,5,2003,1
2003-02-22,台中市,SE6 青蔥 粉蔥 ,,,,,,,,2,6,2003,1
2003-02-23,台中市,SE6 青蔥 粉蔥 ,,,,,,,,2,7,2003,1
2003-02-24,台中市,SE6 青蔥 粉蔥 ,,,,,,,,2,1,2003,1
2003-02-25,台中市,SE6 青蔥 粉蔥 ,,,,,,,,2,2,2003,1
2003-02-26,台中市,SE6 青蔥 粉蔥 ,,,,,,,,2,3,2003,1
2003-02-27,台中市,SE6 青蔥 粉蔥 ,,,,,,,,2,4,2003,1
2003-02-28,台中市,SE6 青蔥 粉蔥 ,,,,,,,,2,5,2003,1
2003-03-01,台中市,SE6 青蔥 粉蔥 ,,,,,,,,3,6,2003,1
2003-03-02,台中市,SE6 青蔥 粉蔥 ,,,,,,,,3,7,2003,1
2003-03-03,台中市,SE6 青蔥 粉蔥 ,,,,,,,,3,1,2003,1
2003-03-04,台中市,SE6 青蔥 粉蔥 ,,,,,,,,3,2,2003,1
2003-03-05,台中市,SE6 青蔥 粉蔥 ,,,,,,,,3,3,2003,1
2003-03-06,台中市,SE6 青蔥 粉蔥 ,,,,,,,,3,4,2003,1
2003-03-07,台中市,SE6 青蔥 粉蔥 ,,,,,,,,3,5,2003,1
2003-03-08,台中市,SE6 青蔥 粉蔥 ,,,,,,,,3,6,2003,1
2003-03-09,台中市,SE6 青蔥 粉蔥 ,,,,,,,,3,7,2003,1
2003-03-10,台中市,SE6 青蔥 粉蔥 ,,,,,,,,3,1,2003,1
2003-03-11,台中市,SE6 青蔥 粉蔥 ,,,,,,,,3,2,2003,1
2003-03-12,台中市,SE6 青蔥 粉蔥 ,,,,,,,,3,3,2003,1
2003-03-13,台中市,SE6 青蔥 粉蔥 ,,,,,,,,3,4,2003,1
2003-03-14,台中市,SE6 青蔥 粉蔥 ,,,,,,,,3,5,2003,1
2003-03-15,台中市,SE6 青蔥 粉蔥 ,,,,,,,,3,6,2003,1
2003-03-16,台中市,SE6 青蔥 粉蔥 ,,,,,,,,3,7,2003,1
2003-03-17,台中市,SE6 青蔥 粉蔥 ,,,,,,,,3,1,2003,1
2003-03-18,台中市,SE6 青蔥 粉蔥 ,,,,,,,,3,2,2003,1
2003-03-19,台中市,SE6 青蔥 粉蔥 ,,,,,,,,3,3,2003,1
2003-03-20,台中市,SE6 青蔥 粉蔥 ,,,,,,,,3,4,2003,1
2003-03-21,台中市,SE6 青蔥 粉蔥 ,,,,,,,,3,5,2003,1
2003-03-22,台中市,SE6 青蔥 粉蔥 ,,,,,,,,3,6,2003,1
2003-03-23,台中市,SE6 青蔥 粉蔥 ,,,,,,,,3,7,2003,1
2003-03-24,台中市,SE6 青蔥 粉蔥 ,,,,,,,,3,1,2003,1
2003-03-25,台中市,SE6 青蔥 粉蔥 ,,,,,,,,3,2,2003,1
2003-03-26,台中市,SE6 青蔥 粉蔥 ,,,,,,,,3,3,2003,1
2003-03-27,台中市,SE6 青蔥 粉蔥 ,,,,,,,,3,4,2003,1
2003-03-28,台中市,SE6 青蔥 粉蔥 ,,,,,,,,3,5,2003,1
2003-03-29,台中市,SE6 青蔥 粉蔥 ,,,,,,,,3,6,2003,1
2003-03-30,台中市,SE6 青蔥 粉蔥 ,,,,,,,,3,7,2003,1
2003-03-31,台中市,SE6 青蔥 粉蔥 ,,,,,,,,3,1,2003,1
2003-04-01,台中市,SE6 青蔥 粉蔥 ,,,,,,,,4,2,2003,1
2003-04-02,台中市,SE6 青蔥 粉蔥 ,,,,,,,,4,3,2003,1
2003-04-03,台中市,SE6 青蔥 粉蔥 ,,,,,,,,4,4,2003,1
2003-04-04,台中市,SE6 青蔥 粉蔥 ,,,,,,,,4,5,2003,1
2003-04-05,台中市,SE6 青蔥 粉蔥 ,,,,,,,,4,6,2003,1
2003-04-06,台中市,SE6 青蔥 粉蔥 ,,,,,,,,4,7,2003,1
2003-04-07,台中市,SE6 青蔥 粉蔥 ,,,,,,,,4,1,2003,1
2003-04-08,台中市,SE6 青蔥 粉蔥 ,,,,,,,,4,2,2003,1
2003-04-09,台中市,SE6 青蔥 粉蔥 ,,,,,,,,4,3,2003,1
2003-04-10,台中市,SE6 青蔥 粉蔥 ,,,,,,,,4,4,2003,1
2003-04-11,台中市,SE6 青蔥 粉蔥 ,,,,,,,,4,5,2003,1
2003-04-12,台中市,SE6 青蔥 粉蔥 ,,,,,,,,4,6,2003,1
2003-04-13,台中市,SE6 青蔥 粉蔥 ,,,,,,,,4,7,2003,1
2003-04-14,台中市,SE6 青蔥 粉蔥 ,,,,,,,,4,1,2003,1
2003-04-15,台中市,SE6 青蔥 粉蔥 ,,,,,,,,4,2,2003,1
2003-04-16,台中市,SE6 青蔥 粉蔥 ,,,,,,,,4,3,2003,1
2003-04-17,台中市,SE6 青蔥 粉蔥 ,,,,,,,,4,4,2003,1
2003-04-18,台中市,SE6 青蔥 粉蔥 ,,,,,,,,4,5,2003,1
2003-04-19,台中市,SE6 青蔥 粉蔥 ,,,,,,,,4,6,2003,1
2003-04-20,台中市,SE6 青蔥 粉蔥 ,,,,,,,,4,7,2003,1
2003-04-21,台中市,SE6 青蔥 粉蔥 ,,,,,,,,4,1,2003,1
2003-04-22,台中市,SE6 青蔥 粉蔥 ,,,,,,,,4,2,2003,1
2003-04-23,台中市,SE6 青蔥 粉蔥 ,,,,,,,,4,3,2003,1
2003-04-24,台中市,SE6 青蔥 粉蔥 ,,,,,,,,4,4,2003,1
2003-04-25,台中市,SE6 青蔥 粉蔥 ,,,,,,,,4,5,2003,1
2003-04-26,台中市,SE6 青蔥 粉蔥 ,,,,,,,,4,6,2003,1
2003-04-27,台中市,SE6 青蔥 粉蔥 ,,,,,,,,4,7,2003,1
2003-04-28,台中市,SE6 青蔥 粉蔥 ,,,,,,,,4,1,2003,1
2003-04-29,台中市,SE6 青蔥 粉蔥 ,,,,,,,,4,2,2003,1
2003-04-30,台中市,SE6 青蔥 粉蔥 ,,,,,,,,4,3,2003,1
2003-05-01,台中市,SE6 青蔥 粉蔥 ,,,,,,,,5,4,2003,1
2003-05-02,台中市,SE6 青蔥 粉蔥 ,,,,,,,,5,5,2003,1
2003-05-03,台中市,SE6 青蔥 粉蔥 ,,,,,,,,5,6,2003,1
2003-05-04,台中市,SE6 青蔥 粉蔥 ,,,,,,,,5,7,2003,1
2003-05-05,台中市,SE6 青蔥 粉蔥 ,,,,,,,,5,1,2003,1
2003-05-06,台中市,SE6 青蔥 粉蔥 ,,,,,,,,5,2,2003,1
2003-05-07,台中市,SE6 青蔥 粉蔥 ,,,,,,,,5,3,2003,1
2003-05-08,台中市,SE6 青蔥 粉蔥 ,,,,,,,,5,4,2003,1
2003-05-09,台中市,SE6 青蔥 粉蔥 ,,,,,,,,5,5,2003,1
2003-05-10,台中市,SE6 青蔥 粉蔥 ,,,,,,,,5,6,2003,1
2003-05-11,台中市,SE6 青蔥 粉蔥 ,,,,,,,,5,7,2003,1
2003-05-12,台中市,SE6 青蔥 粉蔥 ,,,,,,,,5,1,2003,1
2003-05-13,台中市,SE6 青蔥 粉蔥 ,,,,,,,,5,2,2003,1
2003-05-14,台中市,SE6 青蔥 粉蔥 ,,,,,,,,5,3,2003,1
2003-05-15,台中市,SE6 青蔥 粉蔥 ,,,,,,,,5,4,2003,1
2003-05-16,台中市,SE6 青蔥 粉蔥 ,,,,,,,,5,5,2003,1
2003-05-17,台中市,SE6 青蔥 粉蔥 ,,,,,,,,5,6,2003,1
2003-05-18,台中市,SE6 青蔥 粉蔥 ,,,,,,,,5,7,2003,1
2003-05-19,台中市,SE6 青蔥 粉蔥 ,,,,,,,,5,1,2003,1
2003-05-20,台中市,SE6 青蔥 粉蔥 ,,,,,,,,5,2,2003,1
2003-05-21,台中市,SE6 青蔥 粉蔥 ,,,,,,,,5,3,2003,1
2003-05-22,台中市,SE6 青蔥 粉蔥 ,,,,,,,,5,4,2003,1
2003-05-23,台中市,SE6 青蔥 粉蔥 ,,,,,,,,5,5,2003,1
2003-05-24,台中市,SE6 青蔥 粉蔥 ,,,,,,,,5,6,2003,1
2003-05-25,台中市,SE6 青蔥 粉蔥 ,,,,,,,,5,7,2003,1
2003-05-26,台中市,SE6 青蔥 粉蔥 ,,,,,,,,5,1,2003,1
2003-05-27,台中市,SE6 青蔥 粉蔥 ,,,,,,,,5,2,2003,1
2003-05-28,台中市,SE6 青蔥 粉蔥 ,,,,,,,,5,3,2003,1
2003-05-29,台中市,SE6 青蔥 粉蔥 ,,,,,,,,5,4,2003,1
2003-05-30,台中市,SE6 青蔥 粉蔥 ,,,,,,,,5,5,2003,1
2003-05-31,台中市,SE6 青蔥 粉蔥 ,,,,,,,,5,6,2003,1
2003-06-01,台中市,SE6 青蔥 粉蔥 ,,,,,,,,6,7,2003,1
2003-06-02,台中市,SE6 青蔥 粉蔥 ,,,,,,,,6,1,2003,1
2003-06-03,台中市,SE6 青蔥 粉蔥 ,,,,,,,,6,2,2003,1
2003-06-04,台中市,SE6 青蔥 粉蔥 ,,,,,,,,6,3,2003,1
2003-06-05,台中市,SE6 青蔥 粉蔥 ,,,,,,,,6,4,2003,1
2003-06-06,台中市,SE6 青蔥 粉蔥 ,,,,,,,,6,5,2003,1
2003-06-07,台中市,SE6 青蔥 粉蔥 ,,,,,,,,6,6,2003,1
2003-06-08,台中市,SE6 青蔥 粉蔥 ,,,,,,,,6,7,2003,1
2003-06-09,台中市,SE6 青蔥 粉蔥 ,,,,,,,,6,1,2003,1
2003-06-10,台中市,SE6 青蔥 粉蔥 ,,,,,,,,6,2,2003,1
2003-06-11,台中市,SE6 青蔥 粉蔥 ,,,,,,,,6,3,2003,1
2003-06-12,台中市,SE6 青蔥 粉蔥 ,,,,,,,,6,4,2003,1
2003-06-13,台中市,SE6 青蔥 粉蔥 ,,,,,,,,6,5,2003,1
2003-06-14,台中市,SE6 青蔥 粉蔥 ,,,,,,,,6,6,2003,1
2003-06-15,台中市,SE6 青蔥 粉蔥 ,,,,,,,,6,7,2003,1
2003-06-16,台中市,SE6 青蔥 粉蔥 ,,,,,,,,6,1,2003,1
2003-06-17,台中市,SE6 青蔥 粉蔥 ,,,,,,,,6,2,2003,1
2003-06-18,台中市,SE6 青蔥 粉蔥 ,,,,,,,,6,3,2003,1
2003-06-19,台中市,SE6 青蔥 粉蔥 ,,,,,,,,6,4,2003,1
2003-06-20,台中市,SE6 青蔥 粉蔥 ,,,,,,,,6,5,2003,1
2003-06-21,台中市,SE6 青蔥 粉蔥 ,,,,,,,,6,6,2003,1
2003-06-22,台中市,SE6 青蔥 粉蔥 ,,,,,,,,6,7,2003,1
2003-06-23,台中市,SE6 青蔥 粉蔥 ,,,,,,,,6,1,2003,1
2003-06-24,台中市,SE6 青蔥 粉蔥 ,,,,,,,,6,2,2003,1
2003-06-25,台中市,SE6 青蔥 粉蔥 ,,,,,,,,6,3,2003,1
2003-06-26,台中市,SE6 青蔥 粉蔥 ,,,,,,,,6,4,2003,1
2003-06-27,台中市,SE6 青蔥 粉蔥 ,,,,,,,,6,5,2003,1
2003-06-28,台中市,SE6 青蔥 粉蔥 ,,,,,,,,6,6,2003,1
2003-06-29,台中市,SE6 青蔥 粉蔥 ,,,,,,,,6,7,2003,1
2003-06-30,台中市,SE6 青蔥 粉蔥 ,,,,,,,,6,1,2003,1
2003-07-01,台中市,SE6 青蔥 粉蔥 ,,,,,,,,7,2,2003,1
2003-07-02,台中市,SE6 青蔥 粉蔥 ,,,,,,,,7,3,2003,1
2003-07-03,台中市,SE6 青蔥 粉蔥 ,,,,,,,,7,4,2003,1
2003-07-04,台中市,SE6 青蔥 粉蔥 ,,,,,,,,7,5,2003,1
2003-07-05,台中市,SE6 青蔥 粉蔥 ,,,,,,,,7,6,2003,1
2003-07-06,台中市,SE6 青蔥 粉蔥 ,,,,,,,,7,7,2003,1
2003-07-07,台中市,SE6 青蔥 粉蔥 ,,,,,,,,7,1,2003,1
2003-07-08,台中市,SE6 青蔥 粉蔥 ,,,,,,,,7,2,2003,1
2003-07-09,台中市,SE6 青蔥 粉蔥 ,,,,,,,,7,3,2003,1
2003-07-10,台中市,SE6 青蔥 粉蔥 ,,,,,,,,7,4,2003,1
2003-07-11,台中市,SE6 青蔥 粉蔥 ,,,,,,,,7,5,2003,1
2003-07-12,台中市,SE6 青蔥 粉蔥 ,,,,,,,,7,6,2003,1
2003-07-13,台中市,SE6 青蔥 粉蔥 ,,,,,,,,7,7,2003,1
2003-07-14,台中市,SE6 青蔥 粉蔥 ,,,,,,,,7,1,2003,1
2003-07-15,台中市,SE6 青蔥 粉蔥 ,,,,,,,,7,2,2003,1
2003-07-16,台中市,SE6 青蔥 粉蔥 ,,,,,,,,7,3,2003,1
2003-07-17,台中市,SE6 青蔥 粉蔥 ,,,,,,,,7,4,2003,1
2003-07-18,台中市,SE6 青蔥 粉蔥 ,,,,,,,,7,5,2003,1
2003-07-19,台中市,SE6 青蔥 粉蔥 ,,,,,,,,7,6,2003,1
2003-07-20,台中市,SE6 青蔥 粉蔥 ,,,,,,,,7,7,2003,1
2003-07-21,台中市,SE6 青蔥 粉蔥 ,,,,,,,,7,1,2003,1
2003-07-22,台中市,SE6 青蔥 粉蔥 ,,,,,,,,7,2,2003,1
2003-07-23,台中市,SE6 青蔥 粉蔥 ,,,,,,,,7,3,2003,1
2003-07-24,台中市,SE6 青蔥 粉蔥 ,,,,,,,,7,4,2003,1
2003-07-25,台中市,SE6 青蔥 粉蔥 ,,,,,,,,7,5,2003,1
2003-07-26,台中市,SE6 青蔥 粉蔥 ,,,,,,,,7,6,2003,1
2003-07-27,台中市,SE6 青蔥 粉蔥 ,,,,,,,,7,7,2003,1
2003-07-28,台中市,SE6 青蔥 粉蔥 ,,,,,,,,7,1,2003,1
2003-07-29,台中市,SE6 青蔥 粉蔥 ,,,,,,,,7,2,2003,1
2003-07-30,台中市,SE6 青蔥 粉蔥 ,,,,,,,,7,3,2003,1
2003-07-31,台中市,SE6 青蔥 粉蔥 ,,,,,,,,7,4,2003,1
2003-08-01,台中市,SE6 青蔥 粉蔥 ,,,,,,,,8,5,2003,1
2003-08-02,台中市,SE6 青蔥 粉蔥 ,,,,,,,,8,6,2003,1
2003-08-03,台中市,SE6 青蔥 粉蔥 ,,,,,,,,8,7,2003,1
2003-08-04,台中市,SE6 青蔥 粉蔥 ,,,,,,,,8,1,2003,1
2003-08-05,台中市,SE6 青蔥 粉蔥 ,,,,,,,,8,2,2003,1
2003-08-06,台中市,SE6 青蔥 粉蔥 ,,,,,,,,8,3,2003,1
2003-08-07,台中市,SE6 青蔥 粉蔥 ,,,,,,,,8,4,2003,1
2003-08-08,台中市,SE6 青蔥 粉蔥 ,,,,,,,,8,5,2003,1
2003-08-09,台中市,SE6 青蔥 粉蔥 ,,,,,,,,8,6,2003,1
2003-08-10,台中市,SE6 青蔥 粉蔥 ,,,,,,,,8,7,2003,1
2003-08-11,台中市,SE6 青蔥 粉蔥 ,,,,,,,,8,1,2003,1
2003-08-12,台中市,SE6 青蔥 粉蔥 ,,,,,,,,8,2,2003,1
2003-08-13,台中市,SE6 青蔥 粉蔥 ,,,,,,,,8,3,2003,1
2003-08-14,台中市,SE6 青蔥 粉蔥 ,,,,,,,,8,4,2003,1
2003-08-15,台中市,SE6 青蔥 粉蔥 ,,,,,,,,8,5,2003,1
2003-08-16,台中市,SE6 青蔥 粉蔥 ,,,,,,,,8,6,2003,1
2003-08-17,台中市,SE6 青蔥 粉蔥 ,,,,,,,,8,7,2003,1
2003-08-18,台中市,SE6 青蔥 粉蔥 ,,,,,,,,8,1,2003,1
2003-08-19,台中市,SE6 青蔥 粉蔥 ,,,,,,,,8,2,2003,1
2003-08-20,台中市,SE6 青蔥 粉蔥 ,,,,,,,,8,3,2003,1
2003-08-21,台中市,SE6 青蔥 粉蔥 ,,,,,,,,8,4,2003,1
2003-08-22,台中市,SE6 青蔥 粉蔥 ,,,,,,,,8,5,2003,1
2003-08-23,台中市,SE6 青蔥 粉蔥 ,20.0,20.0,20.0,20.0,127.27,100.0,566.67,8,6,2003,0
2003-08-24,台中市,SE6 青蔥 粉蔥 ,20.0,20.0,20.0,20.0,0.0,100.0,0.0,8,7,2003,0
2003-08-25,台中市,SE6 青蔥 粉蔥 ,,,,,,,,8,1,2003,1
2003-08-26,台中市,SE6 青蔥 粉蔥 ,,,,,,,,8,2,2003,1
2003-08-27,台中市,SE6 青蔥 粉蔥 ,,,,,,,,8,3,2003,1
2003-08-28,台中市,SE6 青蔥 粉蔥 ,,,,,,,,8,4,2003,1
2003-08-29,台中市,SE6 青蔥 粉蔥 ,,,,,,,,8,5,2003,1
2003-08-30,台中市,SE6 青蔥 粉蔥 ,,,,,,,,8,6,2003,1
2003-08-31,台中市,SE6 青蔥 粉蔥 ,,,,,,,,8,7,2003,1
2003-09-01,台中市,SE6 青蔥 粉蔥 ,,,,,,,,9,1,2003,1
2003-09-02,台中市,SE6 青蔥 粉蔥 ,,,,,,,,9,2,2003,1
2003-09-03,台中市,SE6 青蔥 粉蔥 ,,,,,,,,9,3,2003,1
2003-09-04,台中市,SE6 青蔥 粉蔥 ,,,,,,,,9,4,2003,1
2003-09-05,台中市,SE6 青蔥 粉蔥 ,,,,,,,,9,5,2003,1
2003-09-06,台中市,SE6 青蔥 粉蔥 ,,,,,,,,9,6,2003,1
2003-09-07,台中市,SE6 青蔥 粉蔥 ,,,,,,,,9,7,2003,1
2003-09-08,台中市,SE6 青蔥 粉蔥 ,,,,,,,,9,1,2003,1
2003-09-09,台中市,SE6 青蔥 粉蔥 ,,,,,,,,9,2,2003,1
2003-09-10,台中市,SE6 青蔥 粉蔥 ,,,,,,,,9,3,2003,1
2003-09-11,台中市,SE6 青蔥 粉蔥 ,,,,,,,,9,4,2003,1
2003-09-12,台中市,SE6 青蔥 粉蔥 ,,,,,,,,9,5,2003,1
2003-09-13,台中市,SE6 青蔥 粉蔥 ,,,,,,,,9,6,2003,1
2003-09-14,台中市,SE6 青蔥 粉蔥 ,,,,,,,,9,7,2003,1
2003-09-15,台中市,SE6 青蔥 粉蔥 ,,,,,,,,9,1,2003,1
2003-09-16,台中市,SE6 青蔥 粉蔥 ,,,,,,,,9,2,2003,1
2003-09-17,台中市,SE6 青蔥 粉蔥 ,,,,,,,,9,3,2003,1
2003-09-18,台中市,SE6 青蔥 粉蔥 ,,,,,,,,9,4,2003,1
2003-09-19,台中市,SE6 青蔥 粉蔥 ,,,,,,,,9,5,2003,1
2003-09-20,台中市,SE6 青蔥 粉蔥 ,,,,,,,,9,6,2003,1
2003-09-21,台中市,SE6 青蔥 粉蔥 ,,,,,,,,9,7,2003,1
2003-09-22,台中市,SE6 青蔥 粉蔥 ,,,,,,,,9,1,2003,1
2003-09-23,台中市,SE6 青蔥 粉蔥 ,,,,,,,,9,2,2003,1
2003-09-24,台中市,SE6 青蔥 粉蔥 ,,,,,,,,9,3,2003,1
2003-09-25,台中市,SE6 青蔥 粉蔥 ,,,,,,,,9,4,2003,1
2003-09-26,台中市,SE6 青蔥 粉蔥 ,,,,,,,,9,5,2003,1
2003-09-27,台中市,SE6 青蔥 粉蔥 ,,,,,,,,9,6,2003,1
2003-09-28,台中市,SE6 青蔥 粉蔥 ,,,,,,,,9,7,2003,1
2003-09-29,台中市,SE6 青蔥 粉蔥 ,,,,,,,,9,1,2003,1
2003-09-30,台中市,SE6 青蔥 粉蔥 ,,,,,,,,9,2,2003,1
2003-10-01,台中市,SE6 青蔥 粉蔥 ,,,,,,,,10,3,2003,1
2003-10-02,台中市,SE6 青蔥 粉蔥 ,,,,,,,,10,4,2003,1
2003-10-03,台中市,SE6 青蔥 粉蔥 ,,,,,,,,10,5,2003,1
2003-10-04,台中市,SE6 青蔥 粉蔥 ,,,,,,,,10,6,2003,1
2003-10-05,台中市,SE6 青蔥 粉蔥 ,,,,,,,,10,7,2003,1
2003-10-06,台中市,SE6 青蔥 粉蔥 ,,,,,,,,10,1,2003,1
2003-10-07,台中市,SE6 青蔥 粉蔥 ,,,,,,,,10,2,2003,1
2003-10-08,台中市,SE6 青蔥 粉蔥 ,,,,,,,,10,3,2003,1
2003-10-09,台中市,SE6 青蔥 粉蔥 ,,,,,,,,10,4,2003,1
2003-10-10,台中市,SE6 青蔥 粉蔥 ,,,,,,,,10,5,2003,1
2003-10-11,台中市,SE6 青蔥 粉蔥 ,,,,,,,,10,6,2003,1
2003-10-12,台中市,SE6 青蔥 粉蔥 ,,,,,,,,10,7,2003,1
2003-10-13,台中市,SE6 青蔥 粉蔥 ,,,,,,,,10,1,2003,1
2003-10-14,台中市,SE6 青蔥 粉蔥 ,,,,,,,,10,2,2003,1
2003-10-15,台中市,SE6 青蔥 粉蔥 ,,,,,,,,10,3,2003,1
2003-10-16,台中市,SE6 青蔥 粉蔥 ,,,,,,,,10,4,2003,1
2003-10-17,台中市,SE6 青蔥 粉蔥 ,,,,,,,,10,5,2003,1
2003-10-18,台中市,SE6 青蔥 粉蔥 ,,,,,,,,10,6,2003,1
2003-10-19,台中市,SE6 青蔥 粉蔥 ,,,,,,,,10,7,2003,1
2003-10-20,台中市,SE6 青蔥 粉蔥 ,,,,,,,,10,1,2003,1
2003-10-21,台中市,SE6 青蔥 粉蔥 ,,,,,,,,10,2,2003,1
2003-10-22,台中市,SE6 青蔥 粉蔥 ,,,,,,,,10,3,2003,1
2003-10-23,台中市,SE6 青蔥 粉蔥 ,,,,,,,,10,4,2003,1
2003-10-24,台中市,SE6 青蔥 粉蔥 ,,,,,,,,10,5,2003,1
2003-10-25,台中市,SE6 青蔥 粉蔥 ,,,,,,,,10,6,2003,1
2003-10-26,台中市,SE6 青蔥 粉蔥 ,,,,,,,,10,7,2003,1
2003-10-27,台中市,SE6 青蔥 粉蔥 ,,,,,,,,10,1,2003,1
2003-10-28,台中市,SE6 青蔥 粉蔥 ,,,,,,,,10,2,2003,1
2003-10-29,台中市,SE6 青蔥 粉蔥 ,,,,,,,,10,3,2003,1
2003-10-30,台中市,SE6 青蔥 粉蔥 ,,,,,,,,10,4,2003,1
2003-10-31,台中市,SE6 青蔥 粉蔥 ,,,,,,,,10,5,2003,1
2003-11-01,台中市,SE6 青蔥 粉蔥 ,,,,,,,,11,6,2003,1
2003-11-02,台中市,SE6 青蔥 粉蔥 ,,,,,,,,11,7,2003,1
2003-11-03,台中市,SE6 青蔥 粉蔥 ,,,,,,,,11,1,2003,1
2003-11-04,台中市,SE6 青蔥 粉蔥 ,,,,,,,,11,2,2003,1
2003-11-05,台中市,SE6 青蔥 粉蔥 ,,,,,,,,11,3,2003,1
2003-11-06,台中市,SE6 青蔥 粉蔥 ,,,,,,,,11,4,2003,1
2003-11-07,台中市,SE6 青蔥 粉蔥 ,,,,,,,,11,5,2003,1
2003-11-08,台中市,SE6 青蔥 粉蔥 ,,,,,,,,11,6,2003,1
2003-11-09,台中市,SE6 青蔥 粉蔥 ,,,,,,,,11,7,2003,1
2003-11-10,台中市,SE6 青蔥 粉蔥 ,,,,,,,,11,1,2003,1
2003-11-11,台中市,SE6 青蔥 粉蔥 ,,,,,,,,11,2,2003,1
2003-11-12,台中市,SE6 青蔥 粉蔥 ,,,,,,,,11,3,2003,1
2003-11-13,台中市,SE6 青蔥 粉蔥 ,,,,,,,,11,4,2003,1
2003-11-14,台中市,SE6 青蔥 粉蔥 ,,,,,,,,11,5,2003,1
2003-11-15,台中市,SE6 青蔥 粉蔥 ,,,,,,,,11,6,2003,1
2003-11-16,台中市,SE6 青蔥 粉蔥 ,,,,,,,,11,7,2003,1
2003-11-17,台中市,SE6 青蔥 粉蔥 ,,,,,,,,11,1,2003,1
2003-11-18,台中市,SE6 青蔥 粉蔥 ,,,,,,,,11,2,2003,1
2003-11-19,台中市,SE6 青蔥 粉蔥 ,,,,,,,,11,3,2003,1
2003-11-20,台中市,SE6 青蔥 粉蔥 ,,,,,,,,11,4,2003,1
2003-11-21,台中市,SE6 青蔥 粉蔥 ,,,,,,,,11,5,2003,1
2003-11-22,台中市,SE6 青蔥 粉蔥 ,,,,,,,,11,6,2003,1
2003-11-23,台中市,SE6 青蔥 粉蔥 ,,,,,,,,11,7,2003,1
2003-11-24,台中市,SE6 青蔥 粉蔥 ,,,,,,,,11,1,2003,1
2003-11-25,台中市,SE6 青蔥 粉蔥 ,,,,,,,,11,2,2003,1
2003-11-26,台中市,SE6 青蔥 粉蔥 ,,,,,,,,11,3,2003,1
2003-11-27,台中市,SE6 青蔥 粉蔥 ,,,,,,,,11,4,2003,1
2003-11-28,台中市,SE6 青蔥 粉蔥 ,,,,,,,,11,5,2003,1
2003-11-29,台中市,SE6 青蔥 粉蔥 ,,,,,,,,11,6,2003,1
2003-11-30,台中市,SE6 青蔥 粉蔥 ,,,,,,,,11,7,2003,1
2003-12-01,台中市,SE6 青蔥 粉蔥 ,,,,,,,,12,1,2003,1
2003-12-02,台中市,SE6 青蔥 粉蔥 ,,,,,,,,12,2,2003,1
2003-12-03,台中市,SE6 青蔥 粉蔥 ,,,,,,,,12,3,2003,1
2003-12-04,台中市,SE6 青蔥 粉蔥 ,,,,,,,,12,4,2003,1
2003-12-05,台中市,SE6 青蔥 粉蔥 ,,,,,,,,12,5,2003,1
2003-12-06,台中市,SE6 青蔥 粉蔥 ,,,,,,,,12,6,2003,1
2003-12-07,台中市,SE6 青蔥 粉蔥 ,,,,,,,,12,7,2003,1
2003-12-08,台中市,SE6 青蔥 粉蔥 ,,,,,,,,12,1,2003,1
2003-12-09,台中市,SE6 青蔥 粉蔥 ,,,,,,,,12,2,2003,1
2003-12-10,台中市,SE6 青蔥 粉蔥 ,,,,,,,,12,3,2003,1
2003-12-11,台中市,SE6 青蔥 粉蔥 ,,,,,,,,12,4,2003,1
2003-12-12,台中市,SE6 青蔥 粉蔥 ,,,,,,,,12,5,2003,1
2003-12-13,台中市,SE6 青蔥 粉蔥 ,,,,,,,,12,6,2003,1
2003-12-14,台中市,SE6 青蔥 粉蔥 ,,,,,,,,12,7,2003,1
2003-12-15,台中市,SE6 青蔥 粉蔥 ,,,,,,,,12,1,2003,1
2003-12-16,台中市,SE6 青蔥 粉蔥 ,,,,,,,,12,2,2003,1
2003-12-17,台中市,SE6 青蔥 粉蔥 ,,,,,,,,12,3,2003,1
2003-12-18,台中市,SE6 青蔥 粉蔥 ,,,,,,,,12,4,2003,1
2003-12-19,台中市,SE6 青蔥 粉蔥 ,,,,,,,,12,5,2003,1
2003-12-20,台中市,SE6 青蔥 粉蔥 ,,,,,,,,12,6,2003,1
2003-12-21,台中市,SE6 青蔥 粉蔥 ,,,,,,,,12,7,2003,1
2003-12-22,台中市,SE6 青蔥 粉蔥 ,,,,,,,,12,1,2003,1
2003-12-23,台中市,SE6 青蔥 粉蔥 ,,,,,,,,12,2,2003,1
2003-12-24,台中市,SE6 青蔥 粉蔥 ,,,,,,,,12,3,2003,1
2003-12-25,台中市,SE6 青蔥 粉蔥 ,,,,,,,,12,4,2003,1
2003-12-26,台中市,SE6 青蔥 粉蔥 ,,,,,,,,12,5,2003,1
2003-12-27,台中市,SE6 青蔥 粉蔥 ,,,,,,,,12,6,2003,1
2003-12-28,台中市,SE6 青蔥 粉蔥 ,,,,,,,,12,7,2003,1
2003-12-29,台中市,SE6 青蔥 粉蔥 ,,,,,,,,12,1,2003,1
2003-12-30,台中市,SE6 青蔥 粉蔥 ,,,,,,,,12,2,2003,1
2003-12-31,台中市,SE6 青蔥 粉蔥 ,,,,,,,,12,3,2003,1
2004-01-01,台中市,SE6 青蔥 粉蔥 ,,,,,,,,1,4,2004,1
2004-01-02,台中市,SE6 青蔥 粉蔥 ,,,,,,,,1,5,2004,1
2004-01-03,台中市,SE6 青蔥 粉蔥 ,,,,,,,,1,6,2004,1
2004-01-04,台中市,SE6 青蔥 粉蔥 ,,,,,,,,1,7,2004,1
2004-01-05,台中市,SE6 青蔥 粉蔥 ,,,,,,,,1,1,2004,1
2004-01-06,台中市,SE6 青蔥 粉蔥 ,,,,,,,,1,2,2004,1
2004-01-07,台中市,SE6 青蔥 粉蔥 ,35.0,35.0,35.0,35.0,75.0,25.0,-75.0,1,3,2004,0
2004-01-08,台中市,SE6 青蔥 粉蔥 ,,,,,,,,1,4,2004,1
2004-01-09,台中市,SE6 青蔥 粉蔥 ,,,,,,,,1,5,2004,1
2004-01-10,台中市,SE6 青蔥 粉蔥 ,,,,,,,,1,6,2004,1
2004-01-11,台中市,SE6 青蔥 粉蔥 ,,,,,,,,1,7,2004,1
2004-01-12,台中市,SE6 青蔥 粉蔥 ,,,,,,,,1,1,2004,1
2004-01-13,台中市,SE6 青蔥 粉蔥 ,,,,,,,,1,2,2004,1
2004-01-14,台中市,SE6 青蔥 粉蔥 ,,,,,,,,1,3,2004,1
2004-01-15,台中市,SE6 青蔥 粉蔥 ,,,,,,,,1,4,2004,1
2004-01-16,台中市,SE6 青蔥 粉蔥 ,,,,,,,,1,5,2004,1
2004-01-17,台中市,SE6 青蔥 粉蔥 ,,,,,,,,1,6,2004,1
2004-01-18,台中市,SE6 青蔥 粉蔥 ,,,,,,,,1,7,2004,1
2004-01-19,台中市,SE6 青蔥 粉蔥 ,,,,,,,,1,1,2004,1
2004-01-20,台中市,SE6 青蔥 粉蔥 ,,,,,,,,1,2,2004,1
2004-01-21,台中市,SE6 青蔥 粉蔥 ,,,,,,,,1,3,2004,1
2004-01-22,台中市,SE6 青蔥 粉蔥 ,,,,,,,,1,4,2004,1
2004-01-23,台中市,SE6 青蔥 粉蔥 ,,,,,,,,1,5,2004,1
2004-01-24,台中市,SE6 青蔥 粉蔥 ,,,,,,,,1,6,2004,1
2004-01-25,台中市,SE6 青蔥 粉蔥 ,,,,,,,,1,7,2004,1
2004-01-26,台中市,SE6 青蔥 粉蔥 ,,,,,,,,1,1,2004,1
2004-01-27,台中市,SE6 青蔥 粉蔥 ,,,,,,,,1,2,2004,1
2004-01-28,台中市,SE6 青蔥 粉蔥 ,,,,,,,,1,3,2004,1
2004-01-29,台中市,SE6 青蔥 粉蔥 ,,,,,,,,1,4,2004,1
2004-01-30,台中市,SE6 青蔥 粉蔥 ,,,,,,,,1,5,2004,1
2004-01-31,台中市,SE6 青蔥 粉蔥 ,,,,,,,,1,6,2004,1
2004-02-01,台中市,SE6 青蔥 粉蔥 ,,,,,,,,2,7,2004,1
2004-02-02,台中市,SE6 青蔥 粉蔥 ,,,,,,,,2,1,2004,1
2004-02-03,台中市,SE6 青蔥 粉蔥 ,,,,,,,,2,2,2004,1
2004-02-04,台中市,SE6 青蔥 粉蔥 ,,,,,,,,2,3,2004,1
2004-02-05,台中市,SE6 青蔥 粉蔥 ,,,,,,,,2,4,2004,1
2004-02-06,台中市,SE6 青蔥 粉蔥 ,,,,,,,,2,5,2004,1
2004-02-07,台中市,SE6 青蔥 粉蔥 ,,,,,,,,2,6,2004,1
2004-02-08,台中市,SE6 青蔥 粉蔥 ,,,,,,,,2,7,2004,1
2004-02-09,台中市,SE6 青蔥 粉蔥 ,,,,,,,,2,1,2004,1
2004-02-10,台中市,SE6 青蔥 粉蔥 ,,,,,,,,2,2,2004,1
2004-02-11,台中市,SE6 青蔥 粉蔥 ,,,,,,,,2,3,2004,1
2004-02-12,台中市,SE6 青蔥 粉蔥 ,,,,,,,,2,4,2004,1
2004-02-13,台中市,SE6 青蔥 粉蔥 ,,,,,,,,2,5,2004,1
2004-02-14,台中市,SE6 青蔥 粉蔥 ,,,,,,,,2,6,2004,1
2004-02-15,台中市,SE6 青蔥 粉蔥 ,,,,,,,,2,7,2004,1
2004-02-16,台中市,SE6 青蔥 粉蔥 ,,,,,,,,2,1,2004,1
2004-02-17,台中市,SE6 青蔥 粉蔥 ,,,,,,,,2,2,2004,1
2004-02-18,台中市,SE6 青蔥 粉蔥 ,,,,,,,,2,3,2004,1
2004-02-19,台中市,SE6 青蔥 粉蔥 ,,,,,,,,2,4,2004,1
2004-02-20,台中市,SE6 青蔥 粉蔥 ,,,,,,,,2,5,2004,1
2004-02-21,台中市,SE6 青蔥 粉蔥 ,,,,,,,,2,6,2004,1
2004-02-22,台中市,SE6 青蔥 粉蔥 ,,,,,,,,2,7,2004,1
2004-02-23,台中市,SE6 青蔥 粉蔥 ,,,,,,,,2,1,2004,1
2004-02-24,台中市,SE6 青蔥 粉蔥 ,,,,,,,,2,2,2004,1
2004-02-25,台中市,SE6 青蔥 粉蔥 ,,,,,,,,2,3,2004,1
2004-02-26,台中市,SE6 青蔥 粉蔥 ,,,,,,,,2,4,2004,1
2004-02-27,台中市,SE6 青蔥 粉蔥 ,,,,,,,,2,5,2004,1
2004-02-28,台中市,SE6 青蔥 粉蔥 ,,,,,,,,2,6,2004,1
2004-02-29,台中市,SE6 青蔥 粉蔥 ,,,,,,,,2,7,2004,1
2004-03-01,台中市,SE6 青蔥 粉蔥 ,,,,,,,,3,1,2004,1
2004-03-02,台中市,SE6 青蔥 粉蔥 ,,,,,,,,3,2,2004,1
2004-03-03,台中市,SE6 青蔥 粉蔥 ,,,,,,,,3,3,2004,1
2004-03-04,台中市,SE6 青蔥 粉蔥 ,,,,,,,,3,4,2004,1
2004-03-05,台中市,SE6 青蔥 粉蔥 ,,,,,,,,3,5,2004,1
2004-03-06,台中市,SE6 青蔥 粉蔥 ,,,,,,,,3,6,2004,1
2004-03-07,台中市,SE6 青蔥 粉蔥 ,,,,,,,,3,7,2004,1
2004-03-08,台中市,SE6 青蔥 粉蔥 ,,,,,,,,3,1,2004,1
2004-03-09,台中市,SE6 青蔥 粉蔥 ,,,,,,,,3,2,2004,1
2004-03-10,台中市,SE6 青蔥 粉蔥 ,,,,,,,,3,3,2004,1
2004-03-11,台中市,SE6 青蔥 粉蔥 ,,,,,,,,3,4,2004,1
2004-03-12,台中市,SE6 青蔥 粉蔥 ,,,,,,,,3,5,2004,1
2004-03-13,台中市,SE6 青蔥 粉蔥 ,,,,,,,,3,6,2004,1
2004-03-14,台中市,SE6 青蔥 粉蔥 ,,,,,,,,3,7,2004,1
2004-03-15,台中市,SE6 青蔥 粉蔥 ,,,,,,,,3,1,2004,1
2004-03-16,台中市,SE6 青蔥 粉蔥 ,,,,,,,,3,2,2004,1
2004-03-17,台中市,SE6 青蔥 粉蔥 ,,,,,,,,3,3,2004,1
2004-03-18,台中市,SE6 青蔥 粉蔥 ,,,,,,,,3,4,2004,1
2004-03-19,台中市,SE6 青蔥 粉蔥 ,,,,,,,,3,5,2004,1
2004-03-20,台中市,SE6 青蔥 粉蔥 ,,,,,,,,3,6,2004,1
2004-03-21,台中市,SE6 青蔥 粉蔥 ,,,,,,,,3,7,2004,1
2004-03-22,台中市,SE6 青蔥 粉蔥 ,,,,,,,,3,1,2004,1
2004-03-23,台中市,SE6 青蔥 粉蔥 ,,,,,,,,3,2,2004,1
2004-03-24,台中市,SE6 青蔥 粉蔥 ,,,,,,,,3,3,2004,1
2004-03-25,台中市,SE6 青蔥 粉蔥 ,28.0,27.2,25.0,26.9,-23.14,169.0,576.0,3,4,2004,0
2004-03-26,台中市,SE6 青蔥 粉蔥 ,28.0,25.4,23.8,25.6,-4.83,223.0,31.95,3,5,2004,0
2004-03-27,台中市,SE6 青蔥 粉蔥 ,25.0,23.2,20.0,22.9,-10.55,172.0,-22.87,3,6,2004,0
2004-03-28,台中市,SE6 青蔥 粉蔥 ,25.0,25.0,25.0,25.0,9.17,213.0,23.84,3,7,2004,0
2004-03-29,台中市,SE6 青蔥 粉蔥 ,,,,,,,,3,1,2004,1
2004-03-30,台中市,SE6 青蔥 粉蔥 ,,,,,,,,3,2,2004,1
2004-03-31,台中市,SE6 青蔥 粉蔥 ,25.0,22.1,20.0,22.3,-10.8,202.0,-5.16,3,3,2004,0
2004-04-01,台中市,SE6 青蔥 粉蔥 ,24.7,22.4,18.0,21.9,-1.79,162.0,-19.8,4,4,2004,0
2004-04-02,台中市,SE6 青蔥 粉蔥 ,23.1,20.7,18.0,20.6,-5.94,172.0,6.17,4,5,2004,0
2004-04-03,台中市,SE6 青蔥 粉蔥 ,21.9,19.7,18.0,19.8,-3.88,188.0,9.3,4,6,2004,0
2004-04-04,台中市,SE6 青蔥 粉蔥 ,,,,,,,,4,7,2004,1
2004-04-05,台中市,SE6 青蔥 粉蔥 ,,,,,,,,4,1,2004,1
2004-04-06,台中市,SE6 青蔥 粉蔥 ,,,,,,,,4,2,2004,1
2004-04-07,台中市,SE6 青蔥 粉蔥 ,,,,,,,,4,3,2004,1
2004-04-08,台中市,SE6 青蔥 粉蔥 ,,,,,,,,4,4,2004,1
2004-04-09,台中市,SE6 青蔥 粉蔥 ,,,,,,,,4,5,2004,1
2004-04-10,台中市,SE6 青蔥 粉蔥 ,,,,,,,,4,6,2004,1
2004-04-11,台中市,SE6 青蔥 粉蔥 ,,,,,,,,4,7,2004,1
2004-04-12,台中市,SE6 青蔥 粉蔥 ,,,,,,,,4,1,2004,1
2004-04-13,台中市,SE6 青蔥 粉蔥 ,,,,,,,,4,2,2004,1
2004-04-14,台中市,SE6 青蔥 粉蔥 ,,,,,,,,4,3,2004,1
2004-04-15,台中市,SE6 青蔥 粉蔥 ,,,,,,,,4,4,2004,1
2004-04-16,台中市,SE6 青蔥 粉蔥 ,,,,,,,,4,5,2004,1
2004-04-17,台中市,SE6 青蔥 粉蔥 ,,,,,,,,4,6,2004,1
2004-04-18,台中市,SE6 青蔥 粉蔥 ,,,,,,,,4,7,2004,1
2004-04-19,台中市,SE6 青蔥 粉蔥 ,,,,,,,,4,1,2004,1
2004-04-20,台中市,SE6 青蔥 粉蔥 ,,,,,,,,4,2,2004,1
2004-04-21,台中市,SE6 青蔥 粉蔥 ,,,,,,,,4,3,2004,1
2004-04-22,台中市,SE6 青蔥 粉蔥 ,,,,,,,,4,4,2004,1
2004-04-23,台中市,SE6 青蔥 粉蔥 ,,,,,,,,4,5,2004,1
2004-04-24,台中市,SE6 青蔥 粉蔥 ,,,,,,,,4,6,2004,1
2004-04-25,台中市,SE6 青蔥 粉蔥 ,,,,,,,,4,7,2004,1
2004-04-26,台中市,SE6 青蔥 粉蔥 ,,,,,,,,4,1,2004,1
2004-04-27,台中市,SE6 青蔥 粉蔥 ,,,,,,,,4,2,2004,1
2004-04-28,台中市,SE6 青蔥 粉蔥 ,,,,,,,,4,3,2004,1
2004-04-29,台中市,SE6 青蔥 粉蔥 ,,,,,,,,4,4,2004,1
2004-04-30,台中市,SE6 青蔥 粉蔥 ,,,,,,,,4,5,2004,1
2004-05-01,台中市,SE6 青蔥 粉蔥 ,,,,,,,,5,6,2004,1
2004-05-02,台中市,SE6 青蔥 粉蔥 ,,,,,,,,5,7,2004,1
2004-05-03,台中市,SE6 青蔥 粉蔥 ,,,,,,,,5,1,2004,1
2004-05-04,台中市,SE6 青蔥 粉蔥 ,,,,,,,,5,2,2004,1
2004-05-05,台中市,SE6 青蔥 粉蔥 ,,,,,,,,5,3,2004,1
2004-05-06,台中市,SE6 青蔥 粉蔥 ,,,,,,,,5,4,2004,1
2004-05-07,台中市,SE6 青蔥 粉蔥 ,,,,,,,,5,5,2004,1
2004-05-08,台中市,SE6 青蔥 粉蔥 ,,,,,,,,5,6,2004,1
2004-05-09,台中市,SE6 青蔥 粉蔥 ,,,,,,,,5,7,2004,1
2004-05-10,台中市,SE6 青蔥 粉蔥 ,,,,,,,,5,1,2004,1
2004-05-11,台中市,SE6 青蔥 粉蔥 ,,,,,,,,5,2,2004,1
2004-05-12,台中市,SE6 青蔥 粉蔥 ,,,,,,,,5,3,2004,1
2004-05-13,台中市,SE6 青蔥 粉蔥 ,,,,,,,,5,4,2004,1
2004-05-14,台中市,SE6 青蔥 粉蔥 ,,,,,,,,5,5,2004,1
2004-05-15,台中市,SE6 青蔥 粉蔥 ,,,,,,,,5,6,2004,1
2004-05-16,台中市,SE6 青蔥 粉蔥 ,,,,,,,,5,7,2004,1
2004-05-17,台中市,SE6 青蔥 粉蔥 ,,,,,,,,5,1,2004,1
2004-05-18,台中市,SE6 青蔥 粉蔥 ,,,,,,,,5,2,2004,1
2004-05-19,台中市,SE6 青蔥 粉蔥 ,,,,,,,,5,3,2004,1
2004-05-20,台中市,SE6 青蔥 粉蔥 ,,,,,,,,5,4,2004,1
2004-05-21,台中市,SE6 青蔥 粉蔥 ,,,,,,,,5,5,2004,1
2004-05-22,台中市,SE6 青蔥 粉蔥 ,,,,,,,,5,6,2004,1
2004-05-23,台中市,SE6 青蔥 粉蔥 ,,,,,,,,5,7,2004,1
2004-05-24,台中市,SE6 青蔥 粉蔥 ,,,,,,,,5,1,2004,1
2004-05-25,台中市,SE6 青蔥 粉蔥 ,,,,,,,,5,2,2004,1
2004-05-26,台中市,SE6 青蔥 粉蔥 ,,,,,,,,5,3,2004,1
2004-05-27,台中市,SE6 青蔥 粉蔥 ,,,,,,,,5,4,2004,1
2004-05-28,台中市,SE6 青蔥 粉蔥 ,,,,,,,,5,5,2004,1
2004-05-29,台中市,SE6 青蔥 粉蔥 ,,,,,,,,5,6,2004,1
2004-05-30,台中市,SE6 青蔥 粉蔥 ,,,,,,,,5,7,2004,1
2004-05-31,台中市,SE6 青蔥 粉蔥 ,,,,,,,,5,1,2004,1
2004-06-01,台中市,SE6 青蔥 粉蔥 ,,,,,,,,6,2,2004,1
2004-06-02,台中市,SE6 青蔥 粉蔥 ,,,,,,,,6,3,2004,1
2004-06-03,台中市,SE6 青蔥 粉蔥 ,,,,,,,,6,4,2004,1
2004-06-04,台中市,SE6 青蔥 粉蔥 ,,,,,,,,6,5,2004,1
2004-06-05,台中市,SE6 青蔥 粉蔥 ,,,,,,,,6,6,2004,1
2004-06-06,台中市,SE6 青蔥 粉蔥 ,,,,,,,,6,7,2004,1
2004-06-07,台中市,SE6 青蔥 粉蔥 ,,,,,,,,6,1,2004,1
2004-06-08,台中市,SE6 青蔥 粉蔥 ,,,,,,,,6,2,2004,1
2004-06-09,台中市,SE6 青蔥 粉蔥 ,,,,,,,,6,3,2004,1
2004-06-10,台中市,SE6 青蔥 粉蔥 ,,,,,,,,6,4,2004,1
2004-06-11,台中市,SE6 青蔥 粉蔥 ,,,,,,,,6,5,2004,1
2004-06-12,台中市,SE6 青蔥 粉蔥 ,,,,,,,,6,6,2004,1
2004-06-13,台中市,SE6 青蔥 粉蔥 ,,,,,,,,6,7,2004,1
2004-06-14,台中市,SE6 青蔥 粉蔥 ,,,,,,,,6,1,2004,1
2004-06-15,台中市,SE6 青蔥 粉蔥 ,,,,,,,,6,2,2004,1
2004-06-16,台中市,SE6 青蔥 粉蔥 ,,,,,,,,6,3,2004,1
2004-06-17,台中市,SE6 青蔥 粉蔥 ,,,,,,,,6,4,2004,1
2004-06-18,台中市,SE6 青蔥 粉蔥 ,,,,,,,,6,5,2004,1
2004-06-19,台中市,SE6 青蔥 粉蔥 ,,,,,,,,6,6,2004,1
2004-06-20,台中市,SE6 青蔥 粉蔥 ,,,,,,,,6,7,2004,1
2004-06-21,台中市,SE6 青蔥 粉蔥 ,,,,,,,,6,1,2004,1
2004-06-22,台中市,SE6 青蔥 粉蔥 ,,,,,,,,6,2,2004,1
2004-06-23,台中市,SE6 青蔥 粉蔥 ,,,,,,,,6,3,2004,1
2004-06-24,台中市,SE6 青蔥 粉蔥 ,,,,,,,,6,4,2004,1
2004-06-25,台中市,SE6 青蔥 粉蔥 ,,,,,,,,6,5,2004,1
2004-06-26,台中市,SE6 青蔥 粉蔥 ,,,,,,,,6,6,2004,1
2004-06-27,台中市,SE6 青蔥 粉蔥 ,,,,,,,,6,7,2004,1
2004-06-28,台中市,SE6 青蔥 粉蔥 ,,,,,,,,6,1,2004,1
2004-06-29,台中市,SE6 青蔥 粉蔥 ,,,,,,,,6,2,2004,1
2004-06-30,台中市,SE6 青蔥 粉蔥 ,,,,,,,,6,3,2004,1
2004-07-01,台中市,SE6 青蔥 粉蔥 ,,,,,,,,7,4,2004,1
2004-07-02,台中市,SE6 青蔥 粉蔥 ,,,,,,,,7,5,2004,1
2004-07-03,台中市,SE6 青蔥 粉蔥 ,,,,,,,,7,6,2004,1
2004-07-04,台中市,SE6 青蔥 粉蔥 ,,,,,,,,7,7,2004,1
2004-07-05,台中市,SE6 青蔥 粉蔥 ,,,,,,,,7,1,2004,1
2004-07-06,台中市,SE6 青蔥 粉蔥 ,,,,,,,,7,2,2004,1
2004-07-07,台中市,SE6 青蔥 粉蔥 ,,,,,,,,7,3,2004,1
2004-07-08,台中市,SE6 青蔥 粉蔥 ,,,,,,,,7,4,2004,1
2004-07-09,台中市,SE6 青蔥 粉蔥 ,,,,,,,,7,5,2004,1
2004-07-10,台中市,SE6 青蔥 粉蔥 ,,,,,,,,7,6,2004,1
2004-07-11,台中市,SE6 青蔥 粉蔥 ,,,,,,,,7,7,2004,1
2004-07-12,台中市,SE6 青蔥 粉蔥 ,,,,,,,,7,1,2004,1
2004-07-13,台中市,SE6 青蔥 粉蔥 ,,,,,,,,7,2,2004,1
2004-07-14,台中市,SE6 青蔥 粉蔥 ,,,,,,,,7,3,2004,1
2004-07-15,台中市,SE6 青蔥 粉蔥 ,,,,,,,,7,4,2004,1
2004-07-16,台中市,SE6 青蔥 粉蔥 ,,,,,,,,7,5,2004,1
2004-07-17,台中市,SE6 青蔥 粉蔥 ,,,,,,,,7,6,2004,1
2004-07-18,台中市,SE6 青蔥 粉蔥 ,,,,,,,,7,7,2004,1
2004-07-19,台中市,SE6 青蔥 粉蔥 ,,,,,,,,7,1,2004,1
2004-07-20,台中市,SE6 青蔥 粉蔥 ,,,,,,,,7,2,2004,1
2004-07-21,台中市,SE6 青蔥 粉蔥 ,,,,,,,,7,3,2004,1
2004-07-22,台中市,SE6 青蔥 粉蔥 ,,,,,,,,7,4,2004,1
2004-07-23,台中市,SE6 青蔥 粉蔥 ,,,,,,,,7,5,2004,1
2004-07-24,台中市,SE6 青蔥 粉蔥 ,,,,,,,,7,6,2004,1
2004-07-25,台中市,SE6 青蔥 粉蔥 ,,,,,,,,7,7,2004,1
2004-07-26,台中市,SE6 青蔥 粉蔥 ,,,,,,,,7,1,2004,1
2004-07-27,台中市,SE6 青蔥 粉蔥 ,,,,,,,,7,2,2004,1
2004-07-28,台中市,SE6 青蔥 粉蔥 ,,,,,,,,7,3,2004,1
2004-07-29,台中市,SE6 青蔥 粉蔥 ,,,,,,,,7,4,2004,1
2004-07-30,台中市,SE6 青蔥 粉蔥 ,,,,,,,,7,5,2004,1
2004-07-31,台中市,SE6 青蔥 粉蔥 ,,,,,,,,7,6,2004,1
2004-08-01,台中市,SE6 青蔥 粉蔥 ,,,,,,,,8,7,2004,1
2004-08-02,台中市,SE6 青蔥 粉蔥 ,,,,,,,,8,1,2004,1
2004-08-03,台中市,SE6 青蔥 粉蔥 ,,,,,,,,8,2,2004,1
2004-08-04,台中市,SE6 青蔥 粉蔥 ,,,,,,,,8,3,2004,1
2004-08-05,台中市,SE6 青蔥 粉蔥 ,,,,,,,,8,4,2004,1
2004-08-06,台中市,SE6 青蔥 粉蔥 ,,,,,,,,8,5,2004,1
2004-08-07,台中市,SE6 青蔥 粉蔥 ,,,,,,,,8,6,2004,1
2004-08-08,台中市,SE6 青蔥 粉蔥 ,,,,,,,,8,7,2004,1
2004-08-09,台中市,SE6 青蔥 粉蔥 ,,,,,,,,8,1,2004,1
2004-08-10,台中市,SE6 青蔥 粉蔥 ,,,,,,,,8,2,2004,1
2004-08-11,台中市,SE6 青蔥 粉蔥 ,,,,,,,,8,3,2004,1
2004-08-12,台中市,SE6 青蔥 粉蔥 ,,,,,,,,8,4,2004,1
2004-08-13,台中市,SE6 青蔥 粉蔥 ,,,,,,,,8,5,2004,1
2004-08-14,台中市,SE6 青蔥 粉蔥 ,,,,,,,,8,6,2004,1
2004-08-15,台中市,SE6 青蔥 粉蔥 ,,,,,,,,8,7,2004,1
2004-08-16,台中市,SE6 青蔥 粉蔥 ,,,,,,,,8,1,2004,1
2004-08-17,台中市,SE6 青蔥 粉蔥 ,,,,,,,,8,2,2004,1
2004-08-18,台中市,SE6 青蔥 粉蔥 ,,,,,,,,8,3,2004,1
2004-08-19,台中市,SE6 青蔥 粉蔥 ,,,,,,,,8,4,2004,1
2004-08-20,台中市,SE6 青蔥 粉蔥 ,,,,,,,,8,5,2004,1
2004-08-21,台中市,SE6 青蔥 粉蔥 ,,,,,,,,8,6,2004,1
2004-08-22,台中市,SE6 青蔥 粉蔥 ,,,,,,,,8,7,2004,1
2004-08-23,台中市,SE6 青蔥 粉蔥 ,,,,,,,,8,1,2004,1
2004-08-24,台中市,SE6 青蔥 粉蔥 ,,,,,,,,8,2,2004,1
2004-08-25,台中市,SE6 青蔥 粉蔥 ,,,,,,,,8,3,2004,1
2004-08-26,台中市,SE6 青蔥 粉蔥 ,,,,,,,,8,4,2004,1
2004-08-27,台中市,SE6 青蔥 粉蔥 ,,,,,,,,8,5,2004,1
2004-08-28,台中市,SE6 青蔥 粉蔥 ,,,,,,,,8,6,2004,1
2004-08-29,台中市,SE6 青蔥 粉蔥 ,,,,,,,,8,7,2004,1
2004-08-30,台中市,SE6 青蔥 粉蔥 ,,,,,,,,8,1,2004,1
2004-08-31,台中市,SE6 青蔥 粉蔥 ,,,,,,,,8,2,2004,1
2004-09-01,台中市,SE6 青蔥 粉蔥 ,,,,,,,,9,3,2004,1
2004-09-02,台中市,SE6 青蔥 粉蔥 ,,,,,,,,9,4,2004,1
2004-09-03,台中市,SE6 青蔥 粉蔥 ,,,,,,,,9,5,2004,1
2004-09-04,台中市,SE6 青蔥 粉蔥 ,,,,,,,,9,6,2004,1
2004-09-05,台中市,SE6 青蔥 粉蔥 ,,,,,,,,9,7,2004,1
2004-09-06,台中市,SE6 青蔥 粉蔥 ,,,,,,,,9,1,2004,1
2004-09-07,台中市,SE6 青蔥 粉蔥 ,,,,,,,,9,2,2004,1
2004-09-08,台中市,SE6 青蔥 粉蔥 ,,,,,,,,9,3,2004,1
2004-09-09,台中市,SE6 青蔥 粉蔥 ,,,,,,,,9,4,2004,1
2004-09-10,台中市,SE6 青蔥 粉蔥 ,,,,,,,,9,5,2004,1
2004-09-11,台中市,SE6 青蔥 粉蔥 ,,,,,,,,9,6,2004,1
2004-09-12,台中市,SE6 青蔥 粉蔥 ,,,,,,,,9,7,2004,1
2004-09-13,台中市,SE6 青蔥 粉蔥 ,,,,,,,,9,1,2004,1
2004-09-14,台中市,SE6 青蔥 粉蔥 ,,,,,,,,9,2,2004,1
2004-09-15,台中市,SE6 青蔥 粉蔥 ,,,,,,,,9,3,2004,1
2004-09-16,台中市,SE6 青蔥 粉蔥 ,,,,,,,,9,4,2004,1
2004-09-17,台中市,SE6 青蔥 粉蔥 ,,,,,,,,9,5,2004,1
2004-09-18,台中市,SE6 青蔥 粉蔥 ,,,,,,,,9,6,2004,1
2004-09-19,台中市,SE6 青蔥 粉蔥 ,,,,,,,,9,7,2004,1
2004-09-20,台中市,SE6 青蔥 粉蔥 ,,,,,,,,9,1,2004,1
2004-09-21,台中市,SE6 青蔥 粉蔥 ,,,,,,,,9,2,2004,1
2004-09-22,台中市,SE6 青蔥 粉蔥 ,,,,,,,,9,3,2004,1
2004-09-23,台中市,SE6 青蔥 粉蔥 ,,,,,,,,9,4,2004,1
2004-09-24,台中市,SE6 青蔥 粉蔥 ,,,,,,,,9,5,2004,1
2004-09-25,台中市,SE6 青蔥 粉蔥 ,,,,,,,,9,6,2004,1
2004-09-26,台中市,SE6 青蔥 粉蔥 ,,,,,,,,9,7,2004,1
2004-09-27,台中市,SE6 青蔥 粉蔥 ,,,,,,,,9,1,2004,1
2004-09-28,台中市,SE6 青蔥 粉蔥 ,,,,,,,,9,2,2004,1
2004-09-29,台中市,SE6 青蔥 粉蔥 ,,,,,,,,9,3,2004,1
2004-09-30,台中市,SE6 青蔥 粉蔥 ,,,,,,,,9,4,2004,1
2004-10-01,台中市,SE6 青蔥 粉蔥 ,,,,,,,,10,5,2004,1
2004-10-02,台中市,SE6 青蔥 粉蔥 ,,,,,,,,10,6,2004,1
2004-10-03,台中市,SE6 青蔥 粉蔥 ,,,,,,,,10,7,2004,1
2004-10-04,台中市,SE6 青蔥 粉蔥 ,,,,,,,,10,1,2004,1
2004-10-05,台中市,SE6 青蔥 粉蔥 ,,,,,,,,10,2,2004,1
2004-10-06,台中市,SE6 青蔥 粉蔥 ,,,,,,,,10,3,2004,1
2004-10-07,台中市,SE6 青蔥 粉蔥 ,,,,,,,,10,4,2004,1
2004-10-08,台中市,SE6 青蔥 粉蔥 ,,,,,,,,10,5,2004,1
2004-10-09,台中市,SE6 青蔥 粉蔥 ,,,,,,,,10,6,2004,1
2004-10-10,台中市,SE6 青蔥 粉蔥 ,,,,,,,,10,7,2004,1
2004-10-11,台中市,SE6 青蔥 粉蔥 ,,,,,,,,10,1,2004,1
2004-10-12,台中市,SE6 青蔥 粉蔥 ,,,,,,,,10,2,2004,1
2004-10-13,台中市,SE6 青蔥 粉蔥 ,,,,,,,,10,3,2004,1
2004-10-14,台中市,SE6 青蔥 粉蔥 ,,,,,,,,10,4,2004,1
2004-10-15,台中市,SE6 青蔥 粉蔥 ,,,,,,,,10,5,2004,1
2004-10-16,台中市,SE6 青蔥 粉蔥 ,,,,,,,,10,6,2004,1
2004-10-17,台中市,SE6 青蔥 粉蔥 ,,,,,,,,10,7,2004,1
2004-10-18,台中市,SE6 青蔥 粉蔥 ,,,,,,,,10,1,2004,1
2004-10-19,台中市,SE6 青蔥 粉蔥 ,,,,,,,,10,2,2004,1
2004-10-20,台中市,SE6 青蔥 粉蔥 ,,,,,,,,10,3,2004,1
2004-10-21,台中市,SE6 青蔥 粉蔥 ,,,,,,,,10,4,2004,1
2004-10-22,台中市,SE6 青蔥 粉蔥 ,,,,,,,,10,5,2004,1
2004-10-23,台中市,SE6 青蔥 粉蔥 ,,,,,,,,10,6,2004,1
2004-10-24,台中市,SE6 青蔥 粉蔥 ,,,,,,,,10,7,2004,1
2004-10-25,台中市,SE6 青蔥 粉蔥 ,,,,,,,,10,1,2004,1
2004-10-26,台中市,SE6 青蔥 粉蔥 ,,,,,,,,10,2,2004,1
2004-10-27,台中市,SE6 青蔥 粉蔥 ,,,,,,,,10,3,2004,1
2004-10-28,台中市,SE6 青蔥 粉蔥 ,,,,,,,,10,4,2004,1
2004-10-29,台中市,SE6 青蔥 粉蔥 ,,,,,,,,10,5,2004,1
2004-10-30,台中市,SE6 青蔥 粉蔥 ,,,,,,,,10,6,2004,1
2004-10-31,台中市,SE6 青蔥 粉蔥 ,,,,,,,,10,7,2004,1
2004-11-01,台中市,SE6 青蔥 粉蔥 ,,,,,,,,11,1,2004,1
2004-11-02,台中市,SE6 青蔥 粉蔥 ,,,,,,,,11,2,2004,1
2004-11-03,台中市,SE6 青蔥 粉蔥 ,,,,,,,,11,3,2004,1
2004-11-04,台中市,SE6 青蔥 粉蔥 ,,,,,,,,11,4,2004,1
2004-11-05,台中市,SE6 青蔥 粉蔥 ,,,,,,,,11,5,2004,1
2004-11-06,台中市,SE6 青蔥 粉蔥 ,,,,,,,,11,6,2004,1
2004-11-07,台中市,SE6 青蔥 粉蔥 ,,,,,,,,11,7,2004,1
2004-11-08,台中市,SE6 青蔥 粉蔥 ,,,,,,,,11,1,2004,1
2004-11-09,台中市,SE6 青蔥 粉蔥 ,,,,,,,,11,2,2004,1
2004-11-10,台中市,SE6 青蔥 粉蔥 ,,,,,,,,11,3,2004,1
2004-11-11,台中市,SE6 青蔥 粉蔥 ,,,,,,,,11,4,2004,1
2004-11-12,台中市,SE6 青蔥 粉蔥 ,,,,,,,,11,5,2004,1
2004-11-13,台中市,SE6 青蔥 粉蔥 ,,,,,,,,11,6,2004,1
2004-11-14,台中市,SE6 青蔥 粉蔥 ,,,,,,,,11,7,2004,1
2004-11-15,台中市,SE6 青蔥 粉蔥 ,,,,,,,,11,1,2004,1
2004-11-16,台中市,SE6 青蔥 粉蔥 ,,,,,,,,11,2,2004,1
2004-11-17,台中市,SE6 青蔥 粉蔥 ,,,,,,,,11,3,2004,1
2004-11-18,台中市,SE6 青蔥 粉蔥 ,,,,,,,,11,4,2004,1
2004-11-19,台中市,SE6 青蔥 粉蔥 ,,,,,,,,11,5,2004,1
2004-11-20,台中市,SE6 青蔥 粉蔥 ,,,,,,,,11,6,2004,1
2004-11-21,台中市,SE6 青蔥 粉蔥 ,,,,,,,,11,7,2004,1
2004-11-22,台中市,SE6 青蔥 粉蔥 ,,,,,,,,11,1,2004,1
2004-11-23,台中市,SE6 青蔥 粉蔥 ,,,,,,,,11,2,2004,1
2004-11-24,台中市,SE6 青蔥 粉蔥 ,,,,,,,,11,3,2004,1
2004-11-25,台中市,SE6 青蔥 粉蔥 ,,,,,,,,11,4,2004,1
2004-11-26,台中市,SE6 青蔥 粉蔥 ,,,,,,,,11,5,2004,1
2004-11-27,台中市,SE6 青蔥 粉蔥 ,,,,,,,,11,6,2004,1
2004-11-28,台中市,SE6 青蔥 粉蔥 ,,,,,,,,11,7,2004,1
2004-11-29,台中市,SE6 青蔥 粉蔥 ,,,,,,,,11,1,2004,1
2004-11-30,台中市,SE6 青蔥 粉蔥 ,,,,,,,,11,2,2004,1
2004-12-01,台中市,SE6 青蔥 粉蔥 ,,,,,,,,12,3,2004,1
2004-12-02,台中市,SE6 青蔥 粉蔥 ,,,,,,,,12,4,2004,1
2004-12-03,台中市,SE6 青蔥 粉蔥 ,,,,,,,,12,5,2004,1
2004-12-04,台中市,SE6 青蔥 粉蔥 ,,,,,,,,12,6,2004,1
2004-12-05,台中市,SE6 青蔥 粉蔥 ,,,,,,,,12,7,2004,1
2004-12-06,台中市,SE6 青蔥 粉蔥 ,,,,,,,,12,1,2004,1
2004-12-07,台中市,SE6 青蔥 粉蔥 ,,,,,,,,12,2,2004,1
2004-12-08,台中市,SE6 青蔥 粉蔥 ,,,,,,,,12,3,2004,1
2004-12-09,台中市,SE6 青蔥 粉蔥 ,,,,,,,,12,4,2004,1
2004-12-10,台中市,SE6 青蔥 粉蔥 ,,,,,,,,12,5,2004,1
2004-12-11,台中市,SE6 青蔥 粉蔥 ,,,,,,,,12,6,2004,1
2004-12-12,台中市,SE6 青蔥 粉蔥 ,,,,,,,,12,7,2004,1
2004-12-13,台中市,SE6 青蔥 粉蔥 ,,,,,,,,12,1,2004,1
2004-12-14,台中市,SE6 青蔥 粉蔥 ,,,,,,,,12,2,2004,1
2004-12-15,台中市,SE6 青蔥 粉蔥 ,,,,,,,,12,3,2004,1
2004-12-16,台中市,SE6 青蔥 粉蔥 ,,,,,,,,12,4,2004,1
2004-12-17,台中市,SE6 青蔥 粉蔥 ,,,,,,,,12,5,2004,1
2004-12-18,台中市,SE6 青蔥 粉蔥 ,,,,,,,,12,6,2004,1
2004-12-19,台中市,SE6 青蔥 粉蔥 ,,,,,,,,12,7,2004,1
2004-12-20,台中市,SE6 青蔥 粉蔥 ,,,,,,,,12,1,2004,1
2004-12-21,台中市,SE6 青蔥 粉蔥 ,,,,,,,,12,2,2004,1
2004-12-22,台中市,SE6 青蔥 粉蔥 ,,,,,,,,12,3,2004,1
2004-12-23,台中市,SE6 青蔥 粉蔥 ,,,,,,,,12,4,2004,1
2004-12-24,台中市,SE6 青蔥 粉蔥 ,,,,,,,,12,5,2004,1
2004-12-25,台中市,SE6 青蔥 粉蔥 ,,,,,,,,12,6,2004,1
2004-12-26,台中市,SE6 青蔥 粉蔥 ,,,,,,,,12,7,2004,1
2004-12-27,台中市,SE6 青蔥 粉蔥 ,,,,,,,,12,1,2004,1
2004-12-28,台中市,SE6 青蔥 粉蔥 ,,,,,,,,12,2,2004,1
2004-12-29,台中市,SE6 青蔥 粉蔥 ,,,,,,,,12,3,2004,1
2004-12-30,台中市,SE6 青蔥 粉蔥 ,,,,,,,,12,4,2004,1
2004-12-31,台中市,SE6 青蔥 粉蔥 ,,,,,,,,12,5,2004,1
2005-01-01,台中市,SE6 青蔥 粉蔥 ,,,,,,,,1,6,2005,1
2005-01-02,台中市,SE6 青蔥 粉蔥 ,,,,,,,,1,7,2005,1
2005-01-03,台中市,SE6 青蔥 粉蔥 ,,,,,,,,1,1,2005,1
2005-01-04,台中市,SE6 青蔥 粉蔥 ,,,,,,,,1,2,2005,1
2005-01-05,台中市,SE6 青蔥 粉蔥 ,,,,,,,,1,3,2005,1
2005-01-06,台中市,SE6 青蔥 粉蔥 ,,,,,,,,1,4,2005,1
2005-01-07,台中市,SE6 青蔥 粉蔥 ,,,,,,,,1,5,2005,1
2005-01-08,台中市,SE6 青蔥 粉蔥 ,,,,,,,,1,6,2005,1
2005-01-09,台中市,SE6 青蔥 粉蔥 ,,,,,,,,1,7,2005,1
2005-01-10,台中市,SE6 青蔥 粉蔥 ,,,,,,,,1,1,2005,1
2005-01-11,台中市,SE6 青蔥 粉蔥 ,,,,,,,,1,2,2005,1
2005-01-12,台中市,SE6 青蔥 粉蔥 ,,,,,,,,1,3,2005,1
2005-01-13,台中市,SE6 青蔥 粉蔥 ,,,,,,,,1,4,2005,1
2005-01-14,台中市,SE6 青蔥 粉蔥 ,,,,,,,,1,5,2005,1
2005-01-15,台中市,SE6 青蔥 粉蔥 ,,,,,,,,1,6,2005,1
2005-01-16,台中市,SE6 青蔥 粉蔥 ,,,,,,,,1,7,2005,1
2005-01-17,台中市,SE6 青蔥 粉蔥 ,,,,,,,,1,1,2005,1
2005-01-18,台中市,SE6 青蔥 粉蔥 ,,,,,,,,1,2,2005,1
2005-01-19,台中市,SE6 青蔥 粉蔥 ,,,,,,,,1,3,2005,1
2005-01-20,台中市,SE6 青蔥 粉蔥 ,,,,,,,,1,4,2005,1
2005-01-21,台中市,SE6 青蔥 粉蔥 ,,,,,,,,1,5,2005,1
2005-01-22,台中市,SE6 青蔥 粉蔥 ,,,,,,,,1,6,2005,1
2005-01-23,台中市,SE6 青蔥 粉蔥 ,,,,,,,,1,7,2005,1
2005-01-24,台中市,SE6 青蔥 粉蔥 ,,,,,,,,1,1,2005,1
2005-01-25,台中市,SE6 青蔥 粉蔥 ,,,,,,,,1,2,2005,1
2005-01-26,台中市,SE6 青蔥 粉蔥 ,,,,,,,,1,3,2005,1
2005-01-27,台中市,SE6 青蔥 粉蔥 ,,,,,,,,1,4,2005,1
2005-01-28,台中市,SE6 青蔥 粉蔥 ,,,,,,,,1,5,2005,1
2005-01-29,台中市,SE6 青蔥 粉蔥 ,,,,,,,,1,6,2005,1
2005-01-30,台中市,SE6 青蔥 粉蔥 ,,,,,,,,1,7,2005,1
2005-01-31,台中市,SE6 青蔥 粉蔥 ,,,,,,,,1,1,2005,1
2005-02-01,台中市,SE6 青蔥 粉蔥 ,,,,,,,,2,2,2005,1
2005-02-02,台中市,SE6 青蔥 粉蔥 ,,,,,,,,2,3,2005,1
2005-02-03,台中市,SE6 青蔥 粉蔥 ,,,,,,,,2,4,2005,1
2005-02-04,台中市,SE6 青蔥 粉蔥 ,,,,,,,,2,5,2005,1
2005-02-05,台中市,SE6 青蔥 粉蔥 ,,,,,,,,2,6,2005,1
2005-02-06,台中市,SE6 青蔥 粉蔥 ,,,,,,,,2,7,2005,1
2005-02-07,台中市,SE6 青蔥 粉蔥 ,,,,,,,,2,1,2005,1
2005-02-08,台中市,SE6 青蔥 粉蔥 ,,,,,,,,2,2,2005,1
2005-02-09,台中市,SE6 青蔥 粉蔥 ,,,,,,,,2,3,2005,1
2005-02-10,台中市,SE6 青蔥 粉蔥 ,,,,,,,,2,4,2005,1
2005-02-11,台中市,SE6 青蔥 粉蔥 ,,,,,,,,2,5,2005,1
2005-02-12,台中市,SE6 青蔥 粉蔥 ,,,,,,,,2,6,2005,1
2005-02-13,台中市,SE6 青蔥 粉蔥 ,,,,,,,,2,7,2005,1
2005-02-14,台中市,SE6 青蔥 粉蔥 ,,,,,,,,2,1,2005,1
2005-02-15,台中市,SE6 青蔥 粉蔥 ,,,,,,,,2,2,2005,1
2005-02-16,台中市,SE6 青蔥 粉蔥 ,,,,,,,,2,3,2005,1
2005-02-17,台中市,SE6 青蔥 粉蔥 ,,,,,,,,2,4,2005,1
2005-02-18,台中市,SE6 青蔥 粉蔥 ,,,,,,,,2,5,2005,1
2005-02-19,台中市,SE6 青蔥 粉蔥 ,,,,,,,,2,6,2005,1
2005-02-20,台中市,SE6 青蔥 粉蔥 ,,,,,,,,2,7,2005,1
2005-02-21,台中市,SE6 青蔥 粉蔥 ,,,,,,,,2,1,2005,1
2005-02-22,台中市,SE6 青蔥 粉蔥 ,,,,,,,,2,2,2005,1
2005-02-23,台中市,SE6 青蔥 粉蔥 ,,,,,,,,2,3,2005,1
2005-02-24,台中市,SE6 青蔥 粉蔥 ,,,,,,,,2,4,2005,1
2005-02-25,台中市,SE6 青蔥 粉蔥 ,,,,,,,,2,5,2005,1
2005-02-26,台中市,SE6 青蔥 粉蔥 ,,,,,,,,2,6,2005,1
2005-02-27,台中市,SE6 青蔥 粉蔥 ,,,,,,,,2,7,2005,1
2005-02-28,台中市,SE6 青蔥 粉蔥 ,,,,,,,,2,1,2005,1
2005-03-01,台中市,SE6 青蔥 粉蔥 ,,,,,,,,3,2,2005,1
2005-03-02,台中市,SE6 青蔥 粉蔥 ,10.0,10.0,10.0,10.0,-49.49,20.0,-89.36,3,3,2005,0
2005-03-03,台中市,SE6 青蔥 粉蔥 ,,,,,,,,3,4,2005,1
2005-03-04,台中市,SE6 青蔥 粉蔥 ,,,,,,,,3,5,2005,1
2005-03-05,台中市,SE6 青蔥 粉蔥 ,,,,,,,,3,6,2005,1
2005-03-06,台中市,SE6 青蔥 粉蔥 ,,,,,,,,3,7,2005,1
2005-03-07,台中市,SE6 青蔥 粉蔥 ,,,,,,,,3,1,2005,1
2005-03-08,台中市,SE6 青蔥 粉蔥 ,,,,,,,,3,2,2005,1
2005-03-09,台中市,SE6 青蔥 粉蔥 ,,,,,,,,3,3,2005,1
2005-03-10,台中市,SE6 青蔥 粉蔥 ,,,,,,,,3,4,2005,1
2005-03-11,台中市,SE6 青蔥 粉蔥 ,,,,,,,,3,5,2005,1
2005-03-12,台中市,SE6 青蔥 粉蔥 ,,,,,,,,3,6,2005,1
2005-03-13,台中市,SE6 青蔥 粉蔥 ,,,,,,,,3,7,2005,1
2005-03-14,台中市,SE6 青蔥 粉蔥 ,,,,,,,,3,1,2005,1
2005-03-15,台中市,SE6 青蔥 粉蔥 ,,,,,,,,3,2,2005,1
2005-03-16,台中市,SE6 青蔥 粉蔥 ,,,,,,,,3,3,2005,1
2005-03-17,台中市,SE6 青蔥 粉蔥 ,,,,,,,,3,4,2005,1
2005-03-18,台中市,SE6 青蔥 粉蔥 ,,,,,,,,3,5,2005,1
2005-03-19,台中市,SE6 青蔥 粉蔥 ,,,,,,,,3,6,2005,1
2005-03-20,台中市,SE6 青蔥 粉蔥 ,,,,,,,,3,7,2005,1
2005-03-21,台中市,SE6 青蔥 粉蔥 ,,,,,,,,3,1,2005,1
2005-03-22,台中市,SE6 青蔥 粉蔥 ,,,,,,,,3,2,2005,1
2005-03-23,台中市,SE6 青蔥 粉蔥 ,,,,,,,,3,3,2005,1
2005-03-24,台中市,SE6 青蔥 粉蔥 ,,,,,,,,3,4,2005,1
2005-03-25,台中市,SE6 青蔥 粉蔥 ,,,,,,,,3,5,2005,1
2005-03-26,台中市,SE6 青蔥 粉蔥 ,,,,,,,,3,6,2005,1
2005-03-27,台中市,SE6 青蔥 粉蔥 ,,,,,,,,3,7,2005,1
2005-03-28,台中市,SE6 青蔥 粉蔥 ,,,,,,,,3,1,2005,1
2005-03-29,台中市,SE6 青蔥 粉蔥 ,,,,,,,,3,2,2005,1
2005-03-30,台中市,SE6 青蔥 粉蔥 ,,,,,,,,3,3,2005,1
2005-03-31,台中市,SE6 青蔥 粉蔥 ,,,,,,,,3,4,2005,1
2005-04-01,台中市,SE6 青蔥 粉蔥 ,,,,,,,,4,5,2005,1
2005-04-02,台中市,SE6 青蔥 粉蔥 ,,,,,,,,4,6,2005,1
2005-04-03,台中市,SE6 青蔥 粉蔥 ,,,,,,,,4,7,2005,1
2005-04-04,台中市,SE6 青蔥 粉蔥 ,,,,,,,,4,1,2005,1
2005-04-05,台中市,SE6 青蔥 粉蔥 ,,,,,,,,4,2,2005,1
2005-04-06,台中市,SE6 青蔥 粉蔥 ,,,,,,,,4,3,2005,1
2005-04-07,台中市,SE6 青蔥 粉蔥 ,,,,,,,,4,4,2005,1
2005-04-08,台中市,SE6 青蔥 粉蔥 ,,,,,,,,4,5,2005,1
2005-04-09,台中市,SE6 青蔥 粉蔥 ,,,,,,,,4,6,2005,1
2005-04-10,台中市,SE6 青蔥 粉蔥 ,,,,,,,,4,7,2005,1
2005-04-11,台中市,SE6 青蔥 粉蔥 ,,,,,,,,4,1,2005,1
2005-04-12,台中市,SE6 青蔥 粉蔥 ,,,,,,,,4,2,2005,1
2005-04-13,台中市,SE6 青蔥 粉蔥 ,,,,,,,,4,3,2005,1
2005-04-14,台中市,SE6 青蔥 粉蔥 ,,,,,,,,4,4,2005,1
2005-04-15,台中市,SE6 青蔥 粉蔥 ,,,,,,,,4,5,2005,1
2005-04-16,台中市,SE6 青蔥 粉蔥 ,,,,,,,,4,6,2005,1
2005-04-17,台中市,SE6 青蔥 粉蔥 ,,,,,,,,4,7,2005,1
2005-04-18,台中市,SE6 青蔥 粉蔥 ,,,,,,,,4,1,2005,1
2005-04-19,台中市,SE6 青蔥 粉蔥 ,,,,,,,,4,2,2005,1
2005-04-20,台中市,SE6 青蔥 粉蔥 ,,,,,,,,4,3,2005,1
2005-04-21,台中市,SE6 青蔥 粉蔥 ,,,,,,,,4,4,2005,1
2005-04-22,台中市,SE6 青蔥 粉蔥 ,,,,,,,,4,5,2005,1
2005-04-23,台中市,SE6 青蔥 粉蔥 ,,,,,,,,4,6,2005,1
2005-04-24,台中市,SE6 青蔥 粉蔥 ,,,,,,,,4,7,2005,1
2005-04-25,台中市,SE6 青蔥 粉蔥 ,,,,,,,,4,1,2005,1
2005-04-26,台中市,SE6 青蔥 粉蔥 ,,,,,,,,4,2,2005,1
2005-04-27,台中市,SE6 青蔥 粉蔥 ,,,,,,,,4,3,2005,1
2005-04-28,台中市,SE6 青蔥 粉蔥 ,,,,,,,,4,4,2005,1
2005-04-29,台中市,SE6 青蔥 粉蔥 ,,,,,,,,4,5,2005,1
2005-04-30,台中市,SE6 青蔥 粉蔥 ,,,,,,,,4,6,2005,1
2005-05-01,台中市,SE6 青蔥 粉蔥 ,,,,,,,,5,7,2005,1
2005-05-02,台中市,SE6 青蔥 粉蔥 ,,,,,,,,5,1,2005,1
2005-05-03,台中市,SE6 青蔥 粉蔥 ,,,,,,,,5,2,2005,1
2005-05-04,台中市,SE6 青蔥 粉蔥 ,,,,,,,,5,3,2005,1
2005-05-05,台中市,SE6 青蔥 粉蔥 ,,,,,,,,5,4,2005,1
2005-05-06,台中市,SE6 青蔥 粉蔥 ,,,,,,,,5,5,2005,1
2005-05-07,台中市,SE6 青蔥 粉蔥 ,,,,,,,,5,6,2005,1
2005-05-08,台中市,SE6 青蔥 粉蔥 ,,,,,,,,5,7,2005,1
2005-05-09,台中市,SE6 青蔥 粉蔥 ,,,,,,,,5,1,2005,1
2005-05-10,台中市,SE6 青蔥 粉蔥 ,,,,,,,,5,2,2005,1
2005-05-11,台中市,SE6 青蔥 粉蔥 ,,,,,,,,5,3,2005,1
2005-05-12,台中市,SE6 青蔥 粉蔥 ,,,,,,,,5,4,2005,1
2005-05-13,台中市,SE6 青蔥 粉蔥 ,,,,,,,,5,5,2005,1
2005-05-14,台中市,SE6 青蔥 粉蔥 ,,,,,,,,5,6,2005,1
2005-05-15,台中市,SE6 青蔥 粉蔥 ,,,,,,,,5,7,2005,1
2005-05-16,台中市,SE6 青蔥 粉蔥 ,,,,,,,,5,1,2005,1
2005-05-17,台中市,SE6 青蔥 粉蔥 ,,,,,,,,5,2,2005,1
2005-05-18,台中市,SE6 青蔥 粉蔥 ,,,,,,,,5,3,2005,1
2005-05-19,台中市,SE6 青蔥 粉蔥 ,,,,,,,,5,4,2005,1
2005-05-20,台中市,SE6 青蔥 粉蔥 ,,,,,,,,5,5,2005,1
2005-05-21,台中市,SE6 青蔥 粉蔥 ,,,,,,,,5,6,2005,1
2005-05-22,台中市,SE6 青蔥 粉蔥 ,,,,,,,,5,7,2005,1
2005-05-23,台中市,SE6 青蔥 粉蔥 ,,,,,,,,5,1,2005,1
2005-05-24,台中市,SE6 青蔥 粉蔥 ,,,,,,,,5,2,2005,1
2005-05-25,台中市,SE6 青蔥 粉蔥 ,,,,,,,,5,3,2005,1
2005-05-26,台中市,SE6 青蔥 粉蔥 ,,,,,,,,5,4,2005,1
2005-05-27,台中市,SE6 青蔥 粉蔥 ,,,,,,,,5,5,2005,1
2005-05-28,台中市,SE6 青蔥 粉蔥 ,,,,,,,,5,6,2005,1
2005-05-29,台中市,SE6 青蔥 粉蔥 ,,,,,,,,5,7,2005,1
2005-05-30,台中市,SE6 青蔥 粉蔥 ,,,,,,,,5,1,2005,1
2005-05-31,台中市,SE6 青蔥 粉蔥 ,,,,,,,,5,2,2005,1
2005-06-01,台中市,SE6 青蔥 粉蔥 ,,,,,,,,6,3,2005,1
2005-06-02,台中市,SE6 青蔥 粉蔥 ,,,,,,,,6,4,2005,1
2005-06-03,台中市,SE6 青蔥 粉蔥 ,,,,,,,,6,5,2005,1
2005-06-04,台中市,SE6 青蔥 粉蔥 ,,,,,,,,6,6,2005,1
2005-06-05,台中市,SE6 青蔥 粉蔥 ,,,,,,,,6,7,2005,1
2005-06-06,台中市,SE6 青蔥 粉蔥 ,,,,,,,,6,1,2005,1
2005-06-07,台中市,SE6 青蔥 粉蔥 ,,,,,,,,6,2,2005,1
2005-06-08,台中市,SE6 青蔥 粉蔥 ,,,,,,,,6,3,2005,1
2005-06-09,台中市,SE6 青蔥 粉蔥 ,,,,,,,,6,4,2005,1
2005-06-10,台中市,SE6 青蔥 粉蔥 ,,,,,,,,6,5,2005,1
2005-06-11,台中市,SE6 青蔥 粉蔥 ,,,,,,,,6,6,2005,1
2005-06-12,台中市,SE6 青蔥 粉蔥 ,,,,,,,,6,7,2005,1
2005-06-13,台中市,SE6 青蔥 粉蔥 ,,,,,,,,6,1,2005,1
2005-06-14,台中市,SE6 青蔥 粉蔥 ,,,,,,,,6,2,2005,1
2005-06-15,台中市,SE6 青蔥 粉蔥 ,,,,,,,,6,3,2005,1
2005-06-16,台中市,SE6 青蔥 粉蔥 ,,,,,,,,6,4,2005,1
2005-06-17,台中市,SE6 青蔥 粉蔥 ,,,,,,,,6,5,2005,1
2005-06-18,台中市,SE6 青蔥 粉蔥 ,,,,,,,,6,6,2005,1
2005-06-19,台中市,SE6 青蔥 粉蔥 ,,,,,,,,6,7,2005,1
2005-06-20,台中市,SE6 青蔥 粉蔥 ,,,,,,,,6,1,2005,1
2005-06-21,台中市,SE6 青蔥 粉蔥 ,,,,,,,,6,2,2005,1
2005-06-22,台中市,SE6 青蔥 粉蔥 ,,,,,,,,6,3,2005,1
2005-06-23,台中市,SE6 青蔥 粉蔥 ,,,,,,,,6,4,2005,1
2005-06-24,台中市,SE6 青蔥 粉蔥 ,,,,,,,,6,5,2005,1
2005-06-25,台中市,SE6 青蔥 粉蔥 ,,,,,,,,6,6,2005,1
2005-06-26,台中市,SE6 青蔥 粉蔥 ,,,,,,,,6,7,2005,1
2005-06-27,台中市,SE6 青蔥 粉蔥 ,,,,,,,,6,1,2005,1
2005-06-28,台中市,SE6 青蔥 粉蔥 ,,,,,,,,6,2,2005,1
2005-06-29,台中市,SE6 青蔥 粉蔥 ,,,,,,,,6,3,2005,1
2005-06-30,台中市,SE6 青蔥 粉蔥 ,,,,,,,,6,4,2005,1
2005-07-01,台中市,SE6 青蔥 粉蔥 ,,,,,,,,7,5,2005,1
2005-07-02,台中市,SE6 青蔥 粉蔥 ,,,,,,,,7,6,2005,1
2005-07-03,台中市,SE6 青蔥 粉蔥 ,,,,,,,,7,7,2005,1
2005-07-04,台中市,SE6 青蔥 粉蔥 ,,,,,,,,7,1,2005,1
2005-07-05,台中市,SE6 青蔥 粉蔥 ,,,,,,,,7,2,2005,1
2005-07-06,台中市,SE6 青蔥 粉蔥 ,,,,,,,,7,3,2005,1
2005-07-07,台中市,SE6 青蔥 粉蔥 ,,,,,,,,7,4,2005,1
2005-07-08,台中市,SE6 青蔥 粉蔥 ,,,,,,,,7,5,2005,1
2005-07-09,台中市,SE6 青蔥 粉蔥 ,,,,,,,,7,6,2005,1
2005-07-10,台中市,SE6 青蔥 粉蔥 ,,,,,,,,7,7,2005,1
2005-07-11,台中市,SE6 青蔥 粉蔥 ,,,,,,,,7,1,2005,1
2005-07-12,台中市,SE6 青蔥 粉蔥 ,,,,,,,,7,2,2005,1
2005-07-13,台中市,SE6 青蔥 粉蔥 ,,,,,,,,7,3,2005,1
2005-07-14,台中市,SE6 青蔥 粉蔥 ,,,,,,,,7,4,2005,1
2005-07-15,台中市,SE6 青蔥 粉蔥 ,,,,,,,,7,5,2005,1
2005-07-16,台中市,SE6 青蔥 粉蔥 ,,,,,,,,7,6,2005,1
2005-07-17,台中市,SE6 青蔥 粉蔥 ,,,,,,,,7,7,2005,1
2005-07-18,台中市,SE6 青蔥 粉蔥 ,,,,,,,,7,1,2005,1
2005-07-19,台中市,SE6 青蔥 粉蔥 ,,,,,,,,7,2,2005,1
2005-07-20,台中市,SE6 青蔥 粉蔥 ,,,,,,,,7,3,2005,1
2005-07-21,台中市,SE6 青蔥 粉蔥 ,,,,,,,,7,4,2005,1
2005-07-22,台中市,SE6 青蔥 粉蔥 ,,,,,,,,7,5,2005,1
2005-07-23,台中市,SE6 青蔥 粉蔥 ,,,,,,,,7,6,2005,1
2005-07-24,台中市,SE6 青蔥 粉蔥 ,,,,,,,,7,7,2005,1
2005-07-25,台中市,SE6 青蔥 粉蔥 ,,,,,,,,7,1,2005,1
2005-07-26,台中市,SE6 青蔥 粉蔥 ,,,,,,,,7,2,2005,1
2005-07-27,台中市,SE6 青蔥 粉蔥 ,,,,,,,,7,3,2005,1
2005-07-28,台中市,SE6 青蔥 粉蔥 ,,,,,,,,7,4,2005,1
2005-07-29,台中市,SE6 青蔥 粉蔥 ,,,,,,,,7,5,2005,1
2005-07-30,台中市,SE6 青蔥 粉蔥 ,,,,,,,,7,6,2005,1
2005-07-31,台中市,SE6 青蔥 粉蔥 ,,,,,,,,7,7,2005,1
2005-08-01,台中市,SE6 青蔥 粉蔥 ,,,,,,,,8,1,2005,1
2005-08-02,台中市,SE6 青蔥 粉蔥 ,,,,,,,,8,2,2005,1
2005-08-03,台中市,SE6 青蔥 粉蔥 ,,,,,,,,8,3,2005,1
2005-08-04,台中市,SE6 青蔥 粉蔥 ,,,,,,,,8,4,2005,1
2005-08-05,台中市,SE6 青蔥 粉蔥 ,,,,,,,,8,5,2005,1
2005-08-06,台中市,SE6 青蔥 粉蔥 ,,,,,,,,8,6,2005,1
2005-08-07,台中市,SE6 青蔥 粉蔥 ,,,,,,,,8,7,2005,1
2005-08-08,台中市,SE6 青蔥 粉蔥 ,,,,,,,,8,1,2005,1
2005-08-09,台中市,SE6 青蔥 粉蔥 ,,,,,,,,8,2,2005,1
2005-08-10,台中市,SE6 青蔥 粉蔥 ,,,,,,,,8,3,2005,1
2005-08-11,台中市,SE6 青蔥 粉蔥 ,,,,,,,,8,4,2005,1
2005-08-12,台中市,SE6 青蔥 粉蔥 ,,,,,,,,8,5,2005,1
2005-08-13,台中市,SE6 青蔥 粉蔥 ,,,,,,,,8,6,2005,1
2005-08-14,台中市,SE6 青蔥 粉蔥 ,,,,,,,,8,7,2005,1
2005-08-15,台中市,SE6 青蔥 粉蔥 ,,,,,,,,8,1,2005,1
2005-08-16,台中市,SE6 青蔥 粉蔥 ,,,,,,,,8,2,2005,1
2005-08-17,台中市,SE6 青蔥 粉蔥 ,,,,,,,,8,3,2005,1
2005-08-18,台中市,SE6 青蔥 粉蔥 ,,,,,,,,8,4,2005,1
2005-08-19,台中市,SE6 青蔥 粉蔥 ,,,,,,,,8,5,2005,1
2005-08-20,台中市,SE6 青蔥 粉蔥 ,,,,,,,,8,6,2005,1
2005-08-21,台中市,SE6 青蔥 粉蔥 ,,,,,,,,8,7,2005,1
2005-08-22,台中市,SE6 青蔥 粉蔥 ,,,,,,,,8,1,2005,1
2005-08-23,台中市,SE6 青蔥 粉蔥 ,,,,,,,,8,2,2005,1
2005-08-24,台中市,SE6 青蔥 粉蔥 ,,,,,,,,8,3,2005,1
2005-08-25,台中市,SE6 青蔥 粉蔥 ,,,,,,,,8,4,2005,1
2005-08-26,台中市,SE6 青蔥 粉蔥 ,,,,,,,,8,5,2005,1
2005-08-27,台中市,SE6 青蔥 粉蔥 ,,,,,,,,8,6,2005,1
2005-08-28,台中市,SE6 青蔥 粉蔥 ,,,,,,,,8,7,2005,1
2005-08-29,台中市,SE6 青蔥 粉蔥 ,,,,,,,,8,1,2005,1
2005-08-30,台中市,SE6 青蔥 粉蔥 ,,,,,,,,8,2,2005,1
2005-08-31,台中市,SE6 青蔥 粉蔥 ,,,,,,,,8,3,2005,1
2005-09-01,台中市,SE6 青蔥 粉蔥 ,,,,,,,,9,4,2005,1
2005-09-02,台中市,SE6 青蔥 粉蔥 ,,,,,,,,9,5,2005,1
2005-09-03,台中市,SE6 青蔥 粉蔥 ,,,,,,,,9,6,2005,1
2005-09-04,台中市,SE6 青蔥 粉蔥 ,,,,,,,,9,7,2005,1
2005-09-05,台中市,SE6 青蔥 粉蔥 ,,,,,,,,9,1,2005,1
2005-09-06,台中市,SE6 青蔥 粉蔥 ,,,,,,,,9,2,2005,1
2005-09-07,台中市,SE6 青蔥 粉蔥 ,,,,,,,,9,3,2005,1
2005-09-08,台中市,SE6 青蔥 粉蔥 ,,,,,,,,9,4,2005,1
2005-09-09,台中市,SE6 青蔥 粉蔥 ,,,,,,,,9,5,2005,1
2005-09-10,台中市,SE6 青蔥 粉蔥 ,,,,,,,,9,6,2005,1
2005-09-11,台中市,SE6 青蔥 粉蔥 ,,,,,,,,9,7,2005,1
2005-09-12,台中市,SE6 青蔥 粉蔥 ,,,,,,,,9,1,2005,1
2005-09-13,台中市,SE6 青蔥 粉蔥 ,,,,,,,,9,2,2005,1
2005-09-14,台中市,SE6 青蔥 粉蔥 ,,,,,,,,9,3,2005,1
2005-09-15,台中市,SE6 青蔥 粉蔥 ,,,,,,,,9,4,2005,1
2005-09-16,台中市,SE6 青蔥 粉蔥 ,,,,,,,,9,5,2005,1
2005-09-17,台中市,SE6 青蔥 粉蔥 ,,,,,,,,9,6,2005,1
2005-09-18,台中市,SE6 青蔥 粉蔥 ,,,,,,,,9,7,2005,1
2005-09-19,台中市,SE6 青蔥 粉蔥 ,,,,,,,,9,1,2005,1
2005-09-20,台中市,SE6 青蔥 粉蔥 ,,,,,,,,9,2,2005,1
2005-09-21,台中市,SE6 青蔥 粉蔥 ,,,,,,,,9,3,2005,1
2005-09-22,台中市,SE6 青蔥 粉蔥 ,,,,,,,,9,4,2005,1
2005-09-23,台中市,SE6 青蔥 粉蔥 ,,,,,,,,9,5,2005,1
2005-09-24,台中市,SE6 青蔥 粉蔥 ,,,,,,,,9,6,2005,1
2005-09-25,台中市,SE6 青蔥 粉蔥 ,,,,,,,,9,7,2005,1
2005-09-26,台中市,SE6 青蔥 粉蔥 ,,,,,,,,9,1,2005,1
2005-09-27,台中市,SE6 青蔥 粉蔥 ,,,,,,,,9,2,2005,1
2005-09-28,台中市,SE6 青蔥 粉蔥 ,,,,,,,,9,3,2005,1
2005-09-29,台中市,SE6 青蔥 粉蔥 ,,,,,,,,9,4,2005,1
2005-09-30,台中市,SE6 青蔥 粉蔥 ,,,,,,,,9,5,2005,1
2005-10-01,台中市,SE6 青蔥 粉蔥 ,,,,,,,,10,6,2005,1
2005-10-02,台中市,SE6 青蔥 粉蔥 ,,,,,,,,10,7,2005,1
2005-10-03,台中市,SE6 青蔥 粉蔥 ,,,,,,,,10,1,2005,1
2005-10-04,台中市,SE6 青蔥 粉蔥 ,,,,,,,,10,2,2005,1
2005-10-05,台中市,SE6 青蔥 粉蔥 ,,,,,,,,10,3,2005,1
2005-10-06,台中市,SE6 青蔥 粉蔥 ,,,,,,,,10,4,2005,1
2005-10-07,台中市,SE6 青蔥 粉蔥 ,,,,,,,,10,5,2005,1
2005-10-08,台中市,SE6 青蔥 粉蔥 ,,,,,,,,10,6,2005,1
2005-10-09,台中市,SE6 青蔥 粉蔥 ,,,,,,,,10,7,2005,1
2005-10-10,台中市,SE6 青蔥 粉蔥 ,,,,,,,,10,1,2005,1
2005-10-11,台中市,SE6 青蔥 粉蔥 ,,,,,,,,10,2,2005,1
2005-10-12,台中市,SE6 青蔥 粉蔥 ,,,,,,,,10,3,2005,1
2005-10-13,台中市,SE6 青蔥 粉蔥 ,,,,,,,,10,4,2005,1
2005-10-14,台中市,SE6 青蔥 粉蔥 ,,,,,,,,10,5,2005,1
2005-10-15,台中市,SE6 青蔥 粉蔥 ,,,,,,,,10,6,2005,1
2005-10-16,台中市,SE6 青蔥 粉蔥 ,,,,,,,,10,7,2005,1
2005-10-17,台中市,SE6 青蔥 粉蔥 ,,,,,,,,10,1,2005,1
2005-10-18,台中市,SE6 青蔥 粉蔥 ,,,,,,,,10,2,2005,1
2005-10-19,台中市,SE6 青蔥 粉蔥 ,,,,,,,,10,3,2005,1
2005-10-20,台中市,SE6 青蔥 粉蔥 ,,,,,,,,10,4,2005,1
2005-10-21,台中市,SE6 青蔥 粉蔥 ,,,,,,,,10,5,2005,1
2005-10-22,台中市,SE6 青蔥 粉蔥 ,,,,,,,,10,6,2005,1
2005-10-23,台中市,SE6 青蔥 粉蔥 ,,,,,,,,10,7,2005,1
2005-10-24,台中市,SE6 青蔥 粉蔥 ,,,,,,,,10,1,2005,1
2005-10-25,台中市,SE6 青蔥 粉蔥 ,,,,,,,,10,2,2005,1
2005-10-26,台中市,SE6 青蔥 粉蔥 ,,,,,,,,10,3,2005,1
2005-10-27,台中市,SE6 青蔥 粉蔥 ,,,,,,,,10,4,2005,1
2005-10-28,台中市,SE6 青蔥 粉蔥 ,,,,,,,,10,5,2005,1
2005-10-29,台中市,SE6 青蔥 粉蔥 ,,,,,,,,10,6,2005,1
2005-10-30,台中市,SE6 青蔥 粉蔥 ,,,,,,,,10,7,2005,1
2005-10-31,台中市,SE6 青蔥 粉蔥 ,,,,,,,,10,1,2005,1
2005-11-01,台中市,SE6 青蔥 粉蔥 ,,,,,,,,11,2,2005,1
2005-11-02,台中市,SE6 青蔥 粉蔥 ,,,,,,,,11,3,2005,1
2005-11-03,台中市,SE6 青蔥 粉蔥 ,,,,,,,,11,4,2005,1
2005-11-04,台中市,SE6 青蔥 粉蔥 ,,,,,,,,11,5,2005,1
2005-11-05,台中市,SE6 青蔥 粉蔥 ,,,,,,,,11,6,2005,1
2005-11-06,台中市,SE6 青蔥 粉蔥 ,,,,,,,,11,7,2005,1
2005-11-07,台中市,SE6 青蔥 粉蔥 ,,,,,,,,11,1,2005,1
2005-11-08,台中市,SE6 青蔥 粉蔥 ,,,,,,,,11,2,2005,1
2005-11-09,台中市,SE6 青蔥 粉蔥 ,,,,,,,,11,3,2005,1
2005-11-10,台中市,SE6 青蔥 粉蔥 ,,,,,,,,11,4,2005,1
2005-11-11,台中市,SE6 青蔥 粉蔥 ,,,,,,,,11,5,2005,1
2005-11-12,台中市,SE6 青蔥 粉蔥 ,,,,,,,,11,6,2005,1
2005-11-13,台中市,SE6 青蔥 粉蔥 ,,,,,,,,11,7,2005,1
2005-11-14,台中市,SE6 青蔥 粉蔥 ,,,,,,,,11,1,2005,1
2005-11-15,台中市,SE6 青蔥 粉蔥 ,,,,,,,,11,2,2005,1
2005-11-16,台中市,SE6 青蔥 粉蔥 ,,,,,,,,11,3,2005,1
2005-11-17,台中市,SE6 青蔥 粉蔥 ,,,,,,,,11,4,2005,1
2005-11-18,台中市,SE6 青蔥 粉蔥 ,,,,,,,,11,5,2005,1
2005-11-19,台中市,SE6 青蔥 粉蔥 ,,,,,,,,11,6,2005,1
2005-11-20,台中市,SE6 青蔥 粉蔥 ,,,,,,,,11,7,2005,1
2005-11-21,台中市,SE6 青蔥 粉蔥 ,,,,,,,,11,1,2005,1
2005-11-22,台中市,SE6 青蔥 粉蔥 ,,,,,,,,11,2,2005,1
2005-11-23,台中市,SE6 青蔥 粉蔥 ,,,,,,,,11,3,2005,1
2005-11-24,台中市,SE6 青蔥 粉蔥 ,,,,,,,,11,4,2005,1
2005-11-25,台中市,SE6 青蔥 粉蔥 ,,,,,,,,11,5,2005,1
2005-11-26,台中市,SE6 青蔥 粉蔥 ,,,,,,,,11,6,2005,1
2005-11-27,台中市,SE6 青蔥 粉蔥 ,,,,,,,,11,7,2005,1
2005-11-28,台中市,SE6 青蔥 粉蔥 ,,,,,,,,11,1,2005,1
2005-11-29,台中市,SE6 青蔥 粉蔥 ,,,,,,,,11,2,2005,1
2005-11-30,台中市,SE6 青蔥 粉蔥 ,,,,,,,,11,3,2005,1
2005-12-01,台中市,SE6 青蔥 粉蔥 ,,,,,,,,12,4,2005,1
2005-12-02,台中市,SE6 青蔥 粉蔥 ,,,,,,,,12,5,2005,1
2005-12-03,台中市,SE6 青蔥 粉蔥 ,,,,,,,,12,6,2005,1
2005-12-04,台中市,SE6 青蔥 粉蔥 ,,,,,,,,12,7,2005,1
2005-12-05,台中市,SE6 青蔥 粉蔥 ,,,,,,,,12,1,2005,1
2005-12-06,台中市,SE6 青蔥 粉蔥 ,,,,,,,,12,2,2005,1
2005-12-07,台中市,SE6 青蔥 粉蔥 ,,,,,,,,12,3,2005,1
2005-12-08,台中市,SE6 青蔥 粉蔥 ,,,,,,,,12,4,2005,1
2005-12-09,台中市,SE6 青蔥 粉蔥 ,,,,,,,,12,5,2005,1
2005-12-10,台中市,SE6 青蔥 粉蔥 ,,,,,,,,12,6,2005,1
2005-12-11,台中市,SE6 青蔥 粉蔥 ,,,,,,,,12,7,2005,1
2005-12-12,台中市,SE6 青蔥 粉蔥 ,,,,,,,,12,1,2005,1
2005-12-13,台中市,SE6 青蔥 粉蔥 ,,,,,,,,12,2,2005,1
2005-12-14,台中市,SE6 青蔥 粉蔥 ,,,,,,,,12,3,2005,1
2005-12-15,台中市,SE6 青蔥 粉蔥 ,,,,,,,,12,4,2005,1
2005-12-16,台中市,SE6 青蔥 粉蔥 ,,,,,,,,12,5,2005,1
2005-12-17,台中市,SE6 青蔥 粉蔥 ,,,,,,,,12,6,2005,1
2005-12-18,台中市,SE6 青蔥 粉蔥 ,,,,,,,,12,7,2005,1
2005-12-19,台中市,SE6 青蔥 粉蔥 ,,,,,,,,12,1,2005,1
2005-12-20,台中市,SE6 青蔥 粉蔥 ,,,,,,,,12,2,2005,1
2005-12-21,台中市,SE6 青蔥 粉蔥 ,,,,,,,,12,3,2005,1
2005-12-22,台中市,SE6 青蔥 粉蔥 ,,,,,,,,12,4,2005,1
2005-12-23,台中市,SE6 青蔥 粉蔥 ,,,,,,,,12,5,2005,1
2005-12-24,台中市,SE6 青蔥 粉蔥 ,,,,,,,,12,6,2005,1
2005-12-25,台中市,SE6 青蔥 粉蔥 ,,,,,,,,12,7,2005,1
2005-12-26,台中市,SE6 青蔥 粉蔥 ,,,,,,,,12,1,2005,1
2005-12-27,台中市,SE6 青蔥 粉蔥 ,,,,,,,,12,2,2005,1
2005-12-28,台中市,SE6 青蔥 粉蔥 ,,,,,,,,12,3,2005,1
2005-12-29,台中市,SE6 青蔥 粉蔥 ,,,,,,,,12,4,2005,1
2005-12-30,台中市,SE6 青蔥 粉蔥 ,,,,,,,,12,5,2005,1
2005-12-31,台中市,SE6 青蔥 粉蔥 ,,,,,,,,12,6,2005,1
2006-01-01,台中市,SE6 青蔥 粉蔥 ,,,,,,,,1,7,2006,1
2006-01-02,台中市,SE6 青蔥 粉蔥 ,,,,,,,,1,1,2006,1
2006-01-03,台中市,SE6 青蔥 粉蔥 ,,,,,,,,1,2,2006,1
2006-01-04,台中市,SE6 青蔥 粉蔥 ,,,,,,,,1,3,2006,1
2006-01-05,台中市,SE6 青蔥 粉蔥 ,,,,,,,,1,4,2006,1
2006-01-06,台中市,SE6 青蔥 粉蔥 ,,,,,,,,1,5,2006,1
2006-01-07,台中市,SE6 青蔥 粉蔥 ,,,,,,,,1,6,2006,1
2006-01-08,台中市,SE6 青蔥 粉蔥 ,,,,,,,,1,7,2006,1
2006-01-09,台中市,SE6 青蔥 粉蔥 ,,,,,,,,1,1,2006,1
2006-01-10,台中市,SE6 青蔥 粉蔥 ,,,,,,,,1,2,2006,1
2006-01-11,台中市,SE6 青蔥 粉蔥 ,,,,,,,,1,3,2006,1
2006-01-12,台中市,SE6 青蔥 粉蔥 ,,,,,,,,1,4,2006,1
2006-01-13,台中市,SE6 青蔥 粉蔥 ,,,,,,,,1,5,2006,1
2006-01-14,台中市,SE6 青蔥 粉蔥 ,,,,,,,,1,6,2006,1
2006-01-15,台中市,SE6 青蔥 粉蔥 ,,,,,,,,1,7,2006,1
2006-01-16,台中市,SE6 青蔥 粉蔥 ,,,,,,,,1,1,2006,1
2006-01-17,台中市,SE6 青蔥 粉蔥 ,,,,,,,,1,2,2006,1
2006-01-18,台中市,SE6 青蔥 粉蔥 ,,,,,,,,1,3,2006,1
2006-01-19,台中市,SE6 青蔥 粉蔥 ,,,,,,,,1,4,2006,1
2006-01-20,台中市,SE6 青蔥 粉蔥 ,,,,,,,,1,5,2006,1
2006-01-21,台中市,SE6 青蔥 粉蔥 ,,,,,,,,1,6,2006,1
2006-01-22,台中市,SE6 青蔥 粉蔥 ,,,,,,,,1,7,2006,1
2006-01-23,台中市,SE6 青蔥 粉蔥 ,,,,,,,,1,1,2006,1
2006-01-24,台中市,SE6 青蔥 粉蔥 ,,,,,,,,1,2,2006,1
2006-01-25,台中市,SE6 青蔥 粉蔥 ,,,,,,,,1,3,2006,1
2006-01-26,台中市,SE6 青蔥 粉蔥 ,,,,,,,,1,4,2006,1
2006-01-27,台中市,SE6 青蔥 粉蔥 ,,,,,,,,1,5,2006,1
2006-01-28,台中市,SE6 青蔥 粉蔥 ,,,,,,,,1,6,2006,1
2006-01-29,台中市,SE6 青蔥 粉蔥 ,,,,,,,,1,7,2006,1
2006-01-30,台中市,SE6 青蔥 粉蔥 ,,,,,,,,1,1,2006,1
2006-01-31,台中市,SE6 青蔥 粉蔥 ,,,,,,,,1,2,2006,1
2006-02-01,台中市,SE6 青蔥 粉蔥 ,,,,,,,,2,3,2006,1
2006-02-02,台中市,SE6 青蔥 粉蔥 ,,,,,,,,2,4,2006,1
2006-02-03,台中市,SE6 青蔥 粉蔥 ,,,,,,,,2,5,2006,1
2006-02-04,台中市,SE6 青蔥 粉蔥 ,,,,,,,,2,6,2006,1
2006-02-05,台中市,SE6 青蔥 粉蔥 ,,,,,,,,2,7,2006,1
2006-02-06,台中市,SE6 青蔥 粉蔥 ,,,,,,,,2,1,2006,1
2006-02-07,台中市,SE6 青蔥 粉蔥 ,,,,,,,,2,2,2006,1
2006-02-08,台中市,SE6 青蔥 粉蔥 ,,,,,,,,2,3,2006,1
2006-02-09,台中市,SE6 青蔥 粉蔥 ,,,,,,,,2,4,2006,1
2006-02-10,台中市,SE6 青蔥 粉蔥 ,,,,,,,,2,5,2006,1
2006-02-11,台中市,SE6 青蔥 粉蔥 ,,,,,,,,2,6,2006,1
2006-02-12,台中市,SE6 青蔥 粉蔥 ,,,,,,,,2,7,2006,1
2006-02-13,台中市,SE6 青蔥 粉蔥 ,,,,,,,,2,1,2006,1
2006-02-14,台中市,SE6 青蔥 粉蔥 ,,,,,,,,2,2,2006,1
2006-02-15,台中市,SE6 青蔥 粉蔥 ,,,,,,,,2,3,2006,1
2006-02-16,台中市,SE6 青蔥 粉蔥 ,,,,,,,,2,4,2006,1
2006-02-17,台中市,SE6 青蔥 粉蔥 ,,,,,,,,2,5,2006,1
2006-02-18,台中市,SE6 青蔥 粉蔥 ,,,,,,,,2,6,2006,1
2006-02-19,台中市,SE6 青蔥 粉蔥 ,,,,,,,,2,7,2006,1
2006-02-20,台中市,SE6 青蔥 粉蔥 ,,,,,,,,2,1,2006,1
2006-02-21,台中市,SE6 青蔥 粉蔥 ,,,,,,,,2,2,2006,1
2006-02-22,台中市,SE6 青蔥 粉蔥 ,,,,,,,,2,3,2006,1
2006-02-23,台中市,SE6 青蔥 粉蔥 ,,,,,,,,2,4,2006,1
2006-02-24,台中市,SE6 青蔥 粉蔥 ,,,,,,,,2,5,2006,1
2006-02-25,台中市,SE6 青蔥 粉蔥 ,,,,,,,,2,6,2006,1
2006-02-26,台中市,SE6 青蔥 粉蔥 ,,,,,,,,2,7,2006,1
2006-02-27,台中市,SE6 青蔥 粉蔥 ,,,,,,,,2,1,2006,1
2006-02-28,台中市,SE6 青蔥 粉蔥 ,,,,,,,,2,2,2006,1
2006-03-01,台中市,SE6 青蔥 粉蔥 ,,,,,,,,3,3,2006,1
2006-03-02,台中市,SE6 青蔥 粉蔥 ,,,,,,,,3,4,2006,1
2006-03-03,台中市,SE6 青蔥 粉蔥 ,,,,,,,,3,5,2006,1
2006-03-04,台中市,SE6 青蔥 粉蔥 ,,,,,,,,3,6,2006,1
2006-03-05,台中市,SE6 青蔥 粉蔥 ,,,,,,,,3,7,2006,1
2006-03-06,台中市,SE6 青蔥 粉蔥 ,,,,,,,,3,1,2006,1
2006-03-07,台中市,SE6 青蔥 粉蔥 ,,,,,,,,3,2,2006,1
2006-03-08,台中市,SE6 青蔥 粉蔥 ,,,,,,,,3,3,2006,1
2006-03-09,台中市,SE6 青蔥 粉蔥 ,,,,,,,,3,4,2006,1
2006-03-10,台中市,SE6 青蔥 粉蔥 ,,,,,,,,3,5,2006,1
2006-03-11,台中市,SE6 青蔥 粉蔥 ,,,,,,,,3,6,2006,1
2006-03-12,台中市,SE6 青蔥 粉蔥 ,,,,,,,,3,7,2006,1
2006-03-13,台中市,SE6 青蔥 粉蔥 ,,,,,,,,3,1,2006,1
2006-03-14,台中市,SE6 青蔥 粉蔥 ,,,,,,,,3,2,2006,1
2006-03-15,台中市,SE6 青蔥 粉蔥 ,,,,,,,,3,3,2006,1
2006-03-16,台中市,SE6 青蔥 粉蔥 ,,,,,,,,3,4,2006,1
2006-03-17,台中市,SE6 青蔥 粉蔥 ,,,,,,,,3,5,2006,1
2006-03-18,台中市,SE6 青蔥 粉蔥 ,,,,,,,,3,6,2006,1
2006-03-19,台中市,SE6 青蔥 粉蔥 ,,,,,,,,3,7,2006,1
2006-03-20,台中市,SE6 青蔥 粉蔥 ,,,,,,,,3,1,2006,1
2006-03-21,台中市,SE6 青蔥 粉蔥 ,,,,,,,,3,2,2006,1
2006-03-22,台中市,SE6 青蔥 粉蔥 ,,,,,,,,3,3,2006,1
2006-03-23,台中市,SE6 青蔥 粉蔥 ,,,,,,,,3,4,2006,1
2006-03-24,台中市,SE6 青蔥 粉蔥 ,,,,,,,,3,5,2006,1
2006-03-25,台中市,SE6 青蔥 粉蔥 ,,,,,,,,3,6,2006,1
2006-03-26,台中市,SE6 青蔥 粉蔥 ,,,,,,,,3,7,2006,1
2006-03-27,台中市,SE6 青蔥 粉蔥 ,,,,,,,,3,1,2006,1
2006-03-28,台中市,SE6 青蔥 粉蔥 ,,,,,,,,3,2,2006,1
2006-03-29,台中市,SE6 青蔥 粉蔥 ,,,,,,,,3,3,2006,1
2006-03-30,台中市,SE6 青蔥 粉蔥 ,,,,,,,,3,4,2006,1
2006-03-31,台中市,SE6 青蔥 粉蔥 ,,,,,,,,3,5,2006,1
2006-04-01,台中市,SE6 青蔥 粉蔥 ,,,,,,,,4,6,2006,1
2006-04-02,台中市,SE6 青蔥 粉蔥 ,,,,,,,,4,7,2006,1
2006-04-03,台中市,SE6 青蔥 粉蔥 ,,,,,,,,4,1,2006,1
2006-04-04,台中市,SE6 青蔥 粉蔥 ,,,,,,,,4,2,2006,1
2006-04-05,台中市,SE6 青蔥 粉蔥 ,,,,,,,,4,3,2006,1
2006-04-06,台中市,SE6 青蔥 粉蔥 ,,,,,,,,4,4,2006,1
2006-04-07,台中市,SE6 青蔥 粉蔥 ,,,,,,,,4,5,2006,1
2006-04-08,台中市,SE6 青蔥 粉蔥 ,,,,,,,,4,6,2006,1
2006-04-09,台中市,SE6 青蔥 粉蔥 ,,,,,,,,4,7,2006,1
2006-04-10,台中市,SE6 青蔥 粉蔥 ,,,,,,,,4,1,2006,1
2006-04-11,台中市,SE6 青蔥 粉蔥 ,,,,,,,,4,2,2006,1
2006-04-12,台中市,SE6 青蔥 粉蔥 ,,,,,,,,4,3,2006,1
2006-04-13,台中市,SE6 青蔥 粉蔥 ,,,,,,,,4,4,2006,1
2006-04-14,台中市,SE6 青蔥 粉蔥 ,,,,,,,,4,5,2006,1
2006-04-15,台中市,SE6 青蔥 粉蔥 ,,,,,,,,4,6,2006,1
2006-04-16,台中市,SE6 青蔥 粉蔥 ,,,,,,,,4,7,2006,1
2006-04-17,台中市,SE6 青蔥 粉蔥 ,,,,,,,,4,1,2006,1
2006-04-18,台中市,SE6 青蔥 粉蔥 ,,,,,,,,4,2,2006,1
2006-04-19,台中市,SE6 青蔥 粉蔥 ,,,,,,,,4,3,2006,1
2006-04-20,台中市,SE6 青蔥 粉蔥 ,,,,,,,,4,4,2006,1
2006-04-21,台中市,SE6 青蔥 粉蔥 ,,,,,,,,4,5,2006,1
2006-04-22,台中市,SE6 青蔥 粉蔥 ,,,,,,,,4,6,2006,1
2006-04-23,台中市,SE6 青蔥 粉蔥 ,,,,,,,,4,7,2006,1
2006-04-24,台中市,SE6 青蔥 粉蔥 ,,,,,,,,4,1,2006,1
2006-04-25,台中市,SE6 青蔥 粉蔥 ,,,,,,,,4,2,2006,1
2006-04-26,台中市,SE6 青蔥 粉蔥 ,,,,,,,,4,3,2006,1
2006-04-27,台中市,SE6 青蔥 粉蔥 ,,,,,,,,4,4,2006,1
2006-04-28,台中市,SE6 青蔥 粉蔥 ,,,,,,,,4,5,2006,1
2006-04-29,台中市,SE6 青蔥 粉蔥 ,,,,,,,,4,6,2006,1
2006-04-30,台中市,SE6 青蔥 粉蔥 ,,,,,,,,4,7,2006,1
2006-05-01,台中市,SE6 青蔥 粉蔥 ,,,,,,,,5,1,2006,1
2006-05-02,台中市,SE6 青蔥 粉蔥 ,,,,,,,,5,2,2006,1
2006-05-03,台中市,SE6 青蔥 粉蔥 ,,,,,,,,5,3,2006,1
2006-05-04,台中市,SE6 青蔥 粉蔥 ,,,,,,,,5,4,2006,1
2006-05-05,台中市,SE6 青蔥 粉蔥 ,,,,,,,,5,5,2006,1
2006-05-06,台中市,SE6 青蔥 粉蔥 ,,,,,,,,5,6,2006,1
2006-05-07,台中市,SE6 青蔥 粉蔥 ,,,,,,,,5,7,2006,1
2006-05-08,台中市,SE6 青蔥 粉蔥 ,,,,,,,,5,1,2006,1
2006-05-09,台中市,SE6 青蔥 粉蔥 ,,,,,,,,5,2,2006,1
2006-05-10,台中市,SE6 青蔥 粉蔥 ,,,,,,,,5,3,2006,1
2006-05-11,台中市,SE6 青蔥 粉蔥 ,,,,,,,,5,4,2006,1
2006-05-12,台中市,SE6 青蔥 粉蔥 ,,,,,,,,5,5,2006,1
2006-05-13,台中市,SE6 青蔥 粉蔥 ,,,,,,,,5,6,2006,1
2006-05-14,台中市,SE6 青蔥 粉蔥 ,,,,,,,,5,7,2006,1
2006-05-15,台中市,SE6 青蔥 粉蔥 ,,,,,,,,5,1,2006,1
2006-05-16,台中市,SE6 青蔥 粉蔥 ,,,,,,,,5,2,2006,1
2006-05-17,台中市,SE6 青蔥 粉蔥 ,,,,,,,,5,3,2006,1
2006-05-18,台中市,SE6 青蔥 粉蔥 ,,,,,,,,5,4,2006,1
2006-05-19,台中市,SE6 青蔥 粉蔥 ,,,,,,,,5,5,2006,1
2006-05-20,台中市,SE6 青蔥 粉蔥 ,,,,,,,,5,6,2006,1
2006-05-21,台中市,SE6 青蔥 粉蔥 ,,,,,,,,5,7,2006,1
2006-05-22,台中市,SE6 青蔥 粉蔥 ,,,,,,,,5,1,2006,1
2006-05-23,台中市,SE6 青蔥 粉蔥 ,,,,,,,,5,2,2006,1
2006-05-24,台中市,SE6 青蔥 粉蔥 ,,,,,,,,5,3,2006,1
2006-05-25,台中市,SE6 青蔥 粉蔥 ,,,,,,,,5,4,2006,1
2006-05-26,台中市,SE6 青蔥 粉蔥 ,,,,,,,,5,5,2006,1
2006-05-27,台中市,SE6 青蔥 粉蔥 ,,,,,,,,5,6,2006,1
2006-05-28,台中市,SE6 青蔥 粉蔥 ,,,,,,,,5,7,2006,1
2006-05-29,台中市,SE6 青蔥 粉蔥 ,,,,,,,,5,1,2006,1
2006-05-30,台中市,SE6 青蔥 粉蔥 ,,,,,,,,5,2,2006,1
2006-05-31,台中市,SE6 青蔥 粉蔥 ,,,,,,,,5,3,2006,1
2006-06-01,台中市,SE6 青蔥 粉蔥 ,,,,,,,,6,4,2006,1
2006-06-02,台中市,SE6 青蔥 粉蔥 ,,,,,,,,6,5,2006,1
2006-06-03,台中市,SE6 青蔥 粉蔥 ,,,,,,,,6,6,2006,1
2006-06-04,台中市,SE6 青蔥 粉蔥 ,,,,,,,,6,7,2006,1
2006-06-05,台中市,SE6 青蔥 粉蔥 ,,,,,,,,6,1,2006,1
2006-06-06,台中市,SE6 青蔥 粉蔥 ,,,,,,,,6,2,2006,1
2006-06-07,台中市,SE6 青蔥 粉蔥 ,,,,,,,,6,3,2006,1
2006-06-08,台中市,SE6 青蔥 粉蔥 ,,,,,,,,6,4,2006,1
2006-06-09,台中市,SE6 青蔥 粉蔥 ,,,,,,,,6,5,2006,1
2006-06-10,台中市,SE6 青蔥 粉蔥 ,,,,,,,,6,6,2006,1
2006-06-11,台中市,SE6 青蔥 粉蔥 ,,,,,,,,6,7,2006,1
2006-06-12,台中市,SE6 青蔥 粉蔥 ,,,,,,,,6,1,2006,1
2006-06-13,台中市,SE6 青蔥 粉蔥 ,,,,,,,,6,2,2006,1
2006-06-14,台中市,SE6 青蔥 粉蔥 ,,,,,,,,6,3,2006,1
2006-06-15,台中市,SE6 青蔥 粉蔥 ,,,,,,,,6,4,2006,1
2006-06-16,台中市,SE6 青蔥 粉蔥 ,,,,,,,,6,5,2006,1
2006-06-17,台中市,SE6 青蔥 粉蔥 ,,,,,,,,6,6,2006,1
2006-06-18,台中市,SE6 青蔥 粉蔥 ,,,,,,,,6,7,2006,1
2006-06-19,台中市,SE6 青蔥 粉蔥 ,,,,,,,,6,1,2006,1
2006-06-20,台中市,SE6 青蔥 粉蔥 ,,,,,,,,6,2,2006,1
2006-06-21,台中市,SE6 青蔥 粉蔥 ,,,,,,,,6,3,2006,1
2006-06-22,台中市,SE6 青蔥 粉蔥 ,,,,,,,,6,4,2006,1
2006-06-23,台中市,SE6 青蔥 粉蔥 ,,,,,,,,6,5,2006,1
2006-06-24,台中市,SE6 青蔥 粉蔥 ,,,,,,,,6,6,2006,1
2006-06-25,台中市,SE6 青蔥 粉蔥 ,,,,,,,,6,7,2006,1
2006-06-26,台中市,SE6 青蔥 粉蔥 ,,,,,,,,6,1,2006,1
2006-06-27,台中市,SE6 青蔥 粉蔥 ,,,,,,,,6,2,2006,1
2006-06-28,台中市,SE6 青蔥 粉蔥 ,,,,,,,,6,3,2006,1
2006-06-29,台中市,SE6 青蔥 粉蔥 ,,,,,,,,6,4,2006,1
2006-06-30,台中市,SE6 青蔥 粉蔥 ,,,,,,,,6,5,2006,1
2006-07-01,台中市,SE6 青蔥 粉蔥 ,,,,,,,,7,6,2006,1
2006-07-02,台中市,SE6 青蔥 粉蔥 ,,,,,,,,7,7,2006,1
2006-07-03,台中市,SE6 青蔥 粉蔥 ,,,,,,,,7,1,2006,1
2006-07-04,台中市,SE6 青蔥 粉蔥 ,,,,,,,,7,2,2006,1
2006-07-05,台中市,SE6 青蔥 粉蔥 ,,,,,,,,7,3,2006,1
2006-07-06,台中市,SE6 青蔥 粉蔥 ,,,,,,,,7,4,2006,1
2006-07-07,台中市,SE6 青蔥 粉蔥 ,,,,,,,,7,5,2006,1
2006-07-08,台中市,SE6 青蔥 粉蔥 ,,,,,,,,7,6,2006,1
2006-07-09,台中市,SE6 青蔥 粉蔥 ,,,,,,,,7,7,2006,1
2006-07-10,台中市,SE6 青蔥 粉蔥 ,,,,,,,,7,1,2006,1
2006-07-11,台中市,SE6 青蔥 粉蔥 ,,,,,,,,7,2,2006,1
2006-07-12,台中市,SE6 青蔥 粉蔥 ,,,,,,,,7,3,2006,1
2006-07-13,台中市,SE6 青蔥 粉蔥 ,,,,,,,,7,4,2006,1
2006-07-14,台中市,SE6 青蔥 粉蔥 ,,,,,,,,7,5,2006,1
2006-07-15,台中市,SE6 青蔥 粉蔥 ,,,,,,,,7,6,2006,1
2006-07-16,台中市,SE6 青蔥 粉蔥 ,,,,,,,,7,7,2006,1
2006-07-17,台中市,SE6 青蔥 粉蔥 ,,,,,,,,7,1,2006,1
2006-07-18,台中市,SE6 青蔥 粉蔥 ,,,,,,,,7,2,2006,1
2006-07-19,台中市,SE6 青蔥 粉蔥 ,,,,,,,,7,3,2006,1
2006-07-20,台中市,SE6 青蔥 粉蔥 ,,,,,,,,7,4,2006,1
2006-07-21,台中市,SE6 青蔥 粉蔥 ,,,,,,,,7,5,2006,1
2006-07-22,台中市,SE6 青蔥 粉蔥 ,,,,,,,,7,6,2006,1
2006-07-23,台中市,SE6 青蔥 粉蔥 ,,,,,,,,7,7,2006,1
2006-07-24,台中市,SE6 青蔥 粉蔥 ,,,,,,,,7,1,2006,1
2006-07-25,台中市,SE6 青蔥 粉蔥 ,,,,,,,,7,2,2006,1
2006-07-26,台中市,SE6 青蔥 粉蔥 ,,,,,,,,7,3,2006,1
2006-07-27,台中市,SE6 青蔥 粉蔥 ,,,,,,,,7,4,2006,1
2006-07-28,台中市,SE6 青蔥 粉蔥 ,,,,,,,,7,5,2006,1
2006-07-29,台中市,SE6 青蔥 粉蔥 ,,,,,,,,7,6,2006,1
2006-07-30,台中市,SE6 青蔥 粉蔥 ,,,,,,,,7,7,2006,1
2006-07-31,台中市,SE6 青蔥 粉蔥 ,,,,,,,,7,1,2006,1
2006-08-01,台中市,SE6 青蔥 粉蔥 ,,,,,,,,8,2,2006,1
2006-08-02,台中市,SE6 青蔥 粉蔥 ,,,,,,,,8,3,2006,1
2006-08-03,台中市,SE6 青蔥 粉蔥 ,,,,,,,,8,4,2006,1
2006-08-04,台中市,SE6 青蔥 粉蔥 ,,,,,,,,8,5,2006,1
2006-08-05,台中市,SE6 青蔥 粉蔥 ,,,,,,,,8,6,2006,1
2006-08-06,台中市,SE6 青蔥 粉蔥 ,,,,,,,,8,7,2006,1
2006-08-07,台中市,SE6 青蔥 粉蔥 ,,,,,,,,8,1,2006,1
2006-08-08,台中市,SE6 青蔥 粉蔥 ,,,,,,,,8,2,2006,1
2006-08-09,台中市,SE6 青蔥 粉蔥 ,,,,,,,,8,3,2006,1
2006-08-10,台中市,SE6 青蔥 粉蔥 ,,,,,,,,8,4,2006,1
2006-08-11,台中市,SE6 青蔥 粉蔥 ,,,,,,,,8,5,2006,1
2006-08-12,台中市,SE6 青蔥 粉蔥 ,,,,,,,,8,6,2006,1
2006-08-13,台中市,SE6 青蔥 粉蔥 ,,,,,,,,8,7,2006,1
2006-08-14,台中市,SE6 青蔥 粉蔥 ,,,,,,,,8,1,2006,1
2006-08-15,台中市,SE6 青蔥 粉蔥 ,,,,,,,,8,2,2006,1
2006-08-16,台中市,SE6 青蔥 粉蔥 ,,,,,,,,8,3,2006,1
2006-08-17,台中市,SE6 青蔥 粉蔥 ,,,,,,,,8,4,2006,1
2006-08-18,台中市,SE6 青蔥 粉蔥 ,,,,,,,,8,5,2006,1
2006-08-19,台中市,SE6 青蔥 粉蔥 ,,,,,,,,8,6,2006,1
2006-08-20,台中市,SE6 青蔥 粉蔥 ,,,,,,,,8,7,2006,1
2006-08-21,台中市,SE6 青蔥 粉蔥 ,,,,,,,,8,1,2006,1
2006-08-22,台中市,SE6 青蔥 粉蔥 ,,,,,,,,8,2,2006,1
2006-08-23,台中市,SE6 青蔥 粉蔥 ,,,,,,,,8,3,2006,1
2006-08-24,台中市,SE6 青蔥 粉蔥 ,,,,,,,,8,4,2006,1
2006-08-25,台中市,SE6 青蔥 粉蔥 ,,,,,,,,8,5,2006,1
2006-08-26,台中市,SE6 青蔥 粉蔥 ,,,,,,,,8,6,2006,1
2006-08-27,台中市,SE6 青蔥 粉蔥 ,,,,,,,,8,7,2006,1
2006-08-28,台中市,SE6 青蔥 粉蔥 ,,,,,,,,8,1,2006,1
2006-08-29,台中市,SE6 青蔥 粉蔥 ,,,,,,,,8,2,2006,1
2006-08-30,台中市,SE6 青蔥 粉蔥 ,,,,,,,,8,3,2006,1
2006-08-31,台中市,SE6 青蔥 粉蔥 ,,,,,,,,8,4,2006,1
2006-09-01,台中市,SE6 青蔥 粉蔥 ,,,,,,,,9,5,2006,1
2006-09-02,台中市,SE6 青蔥 粉蔥 ,,,,,,,,9,6,2006,1
2006-09-03,台中市,SE6 青蔥 粉蔥 ,,,,,,,,9,7,2006,1
2006-09-04,台中市,SE6 青蔥 粉蔥 ,,,,,,,,9,1,2006,1
2006-09-05,台中市,SE6 青蔥 粉蔥 ,,,,,,,,9,2,2006,1
2006-09-06,台中市,SE6 青蔥 粉蔥 ,,,,,,,,9,3,2006,1
2006-09-07,台中市,SE6 青蔥 粉蔥 ,,,,,,,,9,4,2006,1
2006-09-08,台中市,SE6 青蔥 粉蔥 ,,,,,,,,9,5,2006,1
2006-09-09,台中市,SE6 青蔥 粉蔥 ,,,,,,,,9,6,2006,1
2006-09-10,台中市,SE6 青蔥 粉蔥 ,,,,,,,,9,7,2006,1
2006-09-11,台中市,SE6 青蔥 粉蔥 ,,,,,,,,9,1,2006,1
2006-09-12,台中市,SE6 青蔥 粉蔥 ,,,,,,,,9,2,2006,1
2006-09-13,台中市,SE6 青蔥 粉蔥 ,,,,,,,,9,3,2006,1
2006-09-14,台中市,SE6 青蔥 粉蔥 ,,,,,,,,9,4,2006,1
2006-09-15,台中市,SE6 青蔥 粉蔥 ,,,,,,,,9,5,2006,1
2006-09-16,台中市,SE6 青蔥 粉蔥 ,,,,,,,,9,6,2006,1
2006-09-17,台中市,SE6 青蔥 粉蔥 ,,,,,,,,9,7,2006,1
2006-09-18,台中市,SE6 青蔥 粉蔥 ,,,,,,,,9,1,2006,1
2006-09-19,台中市,SE6 青蔥 粉蔥 ,,,,,,,,9,2,2006,1
2006-09-20,台中市,SE6 青蔥 粉蔥 ,,,,,,,,9,3,2006,1
2006-09-21,台中市,SE6 青蔥 粉蔥 ,,,,,,,,9,4,2006,1
2006-09-22,台中市,SE6 青蔥 粉蔥 ,,,,,,,,9,5,2006,1
2006-09-23,台中市,SE6 青蔥 粉蔥 ,,,,,,,,9,6,2006,1
2006-09-24,台中市,SE6 青蔥 粉蔥 ,,,,,,,,9,7,2006,1
2006-09-25,台中市,SE6 青蔥 粉蔥 ,,,,,,,,9,1,2006,1
2006-09-26,台中市,SE6 青蔥 粉蔥 ,,,,,,,,9,2,2006,1
2006-09-27,台中市,SE6 青蔥 粉蔥 ,,,,,,,,9,3,2006,1
2006-09-28,台中市,SE6 青蔥 粉蔥 ,,,,,,,,9,4,2006,1
2006-09-29,台中市,SE6 青蔥 粉蔥 ,,,,,,,,9,5,2006,1
2006-09-30,台中市,SE6 青蔥 粉蔥 ,,,,,,,,9,6,2006,1
2006-10-01,台中市,SE6 青蔥 粉蔥 ,,,,,,,,10,7,2006,1
2006-10-02,台中市,SE6 青蔥 粉蔥 ,,,,,,,,10,1,2006,1
2006-10-03,台中市,SE6 青蔥 粉蔥 ,,,,,,,,10,2,2006,1
2006-10-04,台中市,SE6 青蔥 粉蔥 ,,,,,,,,10,3,2006,1
2006-10-05,台中市,SE6 青蔥 粉蔥 ,,,,,,,,10,4,2006,1
2006-10-06,台中市,SE6 青蔥 粉蔥 ,,,,,,,,10,5,2006,1
2006-10-07,台中市,SE6 青蔥 粉蔥 ,,,,,,,,10,6,2006,1
2006-10-08,台中市,SE6 青蔥 粉蔥 ,,,,,,,,10,7,2006,1
2006-10-09,台中市,SE6 青蔥 粉蔥 ,,,,,,,,10,1,2006,1
2006-10-10,台中市,SE6 青蔥 粉蔥 ,,,,,,,,10,2,2006,1
2006-10-11,台中市,SE6 青蔥 粉蔥 ,,,,,,,,10,3,2006,1
2006-10-12,台中市,SE6 青蔥 粉蔥 ,,,,,,,,10,4,2006,1
2006-10-13,台中市,SE6 青蔥 粉蔥 ,,,,,,,,10,5,2006,1
2006-10-14,台中市,SE6 青蔥 粉蔥 ,,,,,,,,10,6,2006,1
2006-10-15,台中市,SE6 青蔥 粉蔥 ,,,,,,,,10,7,2006,1
2006-10-16,台中市,SE6 青蔥 粉蔥 ,,,,,,,,10,1,2006,1
2006-10-17,台中市,SE6 青蔥 粉蔥 ,,,,,,,,10,2,2006,1
2006-10-18,台中市,SE6 青蔥 粉蔥 ,,,,,,,,10,3,2006,1
2006-10-19,台中市,SE6 青蔥 粉蔥 ,,,,,,,,10,4,2006,1
2006-10-20,台中市,SE6 青蔥 粉蔥 ,,,,,,,,10,5,2006,1
2006-10-21,台中市,SE6 青蔥 粉蔥 ,,,,,,,,10,6,2006,1
2006-10-22,台中市,SE6 青蔥 粉蔥 ,,,,,,,,10,7,2006,1
2006-10-23,台中市,SE6 青蔥 粉蔥 ,,,,,,,,10,1,2006,1
2006-10-24,台中市,SE6 青蔥 粉蔥 ,,,,,,,,10,2,2006,1
2006-10-25,台中市,SE6 青蔥 粉蔥 ,,,,,,,,10,3,2006,1
2006-10-26,台中市,SE6 青蔥 粉蔥 ,,,,,,,,10,4,2006,1
2006-10-27,台中市,SE6 青蔥 粉蔥 ,,,,,,,,10,5,2006,1
2006-10-28,台中市,SE6 青蔥 粉蔥 ,,,,,,,,10,6,2006,1
2006-10-29,台中市,SE6 青蔥 粉蔥 ,,,,,,,,10,7,2006,1
2006-10-30,台中市,SE6 青蔥 粉蔥 ,,,,,,,,10,1,2006,1
2006-10-31,台中市,SE6 青蔥 粉蔥 ,,,,,,,,10,2,2006,1
2006-11-01,台中市,SE6 青蔥 粉蔥 ,,,,,,,,11,3,2006,1
2006-11-02,台中市,SE6 青蔥 粉蔥 ,,,,,,,,11,4,2006,1
2006-11-03,台中市,SE6 青蔥 粉蔥 ,,,,,,,,11,5,2006,1
2006-11-04,台中市,SE6 青蔥 粉蔥 ,,,,,,,,11,6,2006,1
2006-11-05,台中市,SE6 青蔥 粉蔥 ,,,,,,,,11,7,2006,1
2006-11-06,台中市,SE6 青蔥 粉蔥 ,,,,,,,,11,1,2006,1
2006-11-07,台中市,SE6 青蔥 粉蔥 ,,,,,,,,11,2,2006,1
2006-11-08,台中市,SE6 青蔥 粉蔥 ,,,,,,,,11,3,2006,1
2006-11-09,台中市,SE6 青蔥 粉蔥 ,,,,,,,,11,4,2006,1
2006-11-10,台中市,SE6 青蔥 粉蔥 ,,,,,,,,11,5,2006,1
2006-11-11,台中市,SE6 青蔥 粉蔥 ,,,,,,,,11,6,2006,1
2006-11-12,台中市,SE6 青蔥 粉蔥 ,,,,,,,,11,7,2006,1
2006-11-13,台中市,SE6 青蔥 粉蔥 ,,,,,,,,11,1,2006,1
2006-11-14,台中市,SE6 青蔥 粉蔥 ,,,,,,,,11,2,2006,1
2006-11-15,台中市,SE6 青蔥 粉蔥 ,,,,,,,,11,3,2006,1
2006-11-16,台中市,SE6 青蔥 粉蔥 ,,,,,,,,11,4,2006,1
2006-11-17,台中市,SE6 青蔥 粉蔥 ,,,,,,,,11,5,2006,1
2006-11-18,台中市,SE6 青蔥 粉蔥 ,,,,,,,,11,6,2006,1
2006-11-19,台中市,SE6 青蔥 粉蔥 ,,,,,,,,11,7,2006,1
2006-11-20,台中市,SE6 青蔥 粉蔥 ,,,,,,,,11,1,2006,1
2006-11-21,台中市,SE6 青蔥 粉蔥 ,,,,,,,,11,2,2006,1
2006-11-22,台中市,SE6 青蔥 粉蔥 ,,,,,,,,11,3,2006,1
2006-11-23,台中市,SE6 青蔥 粉蔥 ,,,,,,,,11,4,2006,1
2006-11-24,台中市,SE6 青蔥 粉蔥 ,,,,,,,,11,5,2006,1
2006-11-25,台中市,SE6 青蔥 粉蔥 ,,,,,,,,11,6,2006,1
2006-11-26,台中市,SE6 青蔥 粉蔥 ,,,,,,,,11,7,2006,1
2006-11-27,台中市,SE6 青蔥 粉蔥 ,,,,,,,,11,1,2006,1
2006-11-28,台中市,SE6 青蔥 粉蔥 ,,,,,,,,11,2,2006,1
2006-11-29,台中市,SE6 青蔥 粉蔥 ,,,,,,,,11,3,2006,1
2006-11-30,台中市,SE6 青蔥 粉蔥 ,,,,,,,,11,4,2006,1
2006-12-01,台中市,SE6 青蔥 粉蔥 ,,,,,,,,12,5,2006,1
2006-12-02,台中市,SE6 青蔥 粉蔥 ,,,,,,,,12,6,2006,1
2006-12-03,台中市,SE6 青蔥 粉蔥 ,,,,,,,,12,7,2006,1
2006-12-04,台中市,SE6 青蔥 粉蔥 ,,,,,,,,12,1,2006,1
2006-12-05,台中市,SE6 青蔥 粉蔥 ,,,,,,,,12,2,2006,1
2006-12-06,台中市,SE6 青蔥 粉蔥 ,,,,,,,,12,3,2006,1
2006-12-07,台中市,SE6 青蔥 粉蔥 ,,,,,,,,12,4,2006,1
2006-12-08,台中市,SE6 青蔥 粉蔥 ,,,,,,,,12,5,2006,1
2006-12-09,台中市,SE6 青蔥 粉蔥 ,,,,,,,,12,6,2006,1
2006-12-10,台中市,SE6 青蔥 粉蔥 ,,,,,,,,12,7,2006,1
2006-12-11,台中市,SE6 青蔥 粉蔥 ,,,,,,,,12,1,2006,1
2006-12-12,台中市,SE6 青蔥 粉蔥 ,,,,,,,,12,2,2006,1
2006-12-13,台中市,SE6 青蔥 粉蔥 ,,,,,,,,12,3,2006,1
2006-12-14,台中市,SE6 青蔥 粉蔥 ,,,,,,,,12,4,2006,1
2006-12-15,台中市,SE6 青蔥 粉蔥 ,,,,,,,,12,5,2006,1
2006-12-16,台中市,SE6 青蔥 粉蔥 ,,,,,,,,12,6,2006,1
2006-12-17,台中市,SE6 青蔥 粉蔥 ,,,,,,,,12,7,2006,1
2006-12-18,台中市,SE6 青蔥 粉蔥 ,,,,,,,,12,1,2006,1
2006-12-19,台中市,SE6 青蔥 粉蔥 ,,,,,,,,12,2,2006,1
2006-12-20,台中市,SE6 青蔥 粉蔥 ,,,,,,,,12,3,2006,1
2006-12-21,台中市,SE6 青蔥 粉蔥 ,,,,,,,,12,4,2006,1
2006-12-22,台中市,SE6 青蔥 粉蔥 ,,,,,,,,12,5,2006,1
2006-12-23,台中市,SE6 青蔥 粉蔥 ,,,,,,,,12,6,2006,1
2006-12-24,台中市,SE6 青蔥 粉蔥 ,,,,,,,,12,7,2006,1
2006-12-25,台中市,SE6 青蔥 粉蔥 ,,,,,,,,12,1,2006,1
2006-12-26,台中市,SE6 青蔥 粉蔥 ,,,,,,,,12,2,2006,1
2006-12-27,台中市,SE6 青蔥 粉蔥 ,,,,,,,,12,3,2006,1
2006-12-28,台中市,SE6 青蔥 粉蔥 ,,,,,,,,12,4,2006,1
2006-12-29,台中市,SE6 青蔥 粉蔥 ,,,,,,,,12,5,2006,1
2006-12-30,台中市,SE6 青蔥 粉蔥 ,,,,,,,,12,6,2006,1
2006-12-31,台中市,SE6 青蔥 粉蔥 ,,,,,,,,12,7,2006,1
2007-01-01,台中市,SE6 青蔥 粉蔥 ,,,,,,,,1,1,2007,1
2007-01-02,台中市,SE6 青蔥 粉蔥 ,,,,,,,,1,2,2007,1
2007-01-03,台中市,SE6 青蔥 粉蔥 ,,,,,,,,1,3,2007,1
2007-01-04,台中市,SE6 青蔥 粉蔥 ,,,,,,,,1,4,2007,1
2007-01-05,台中市,SE6 青蔥 粉蔥 ,,,,,,,,1,5,2007,1
2007-01-06,台中市,SE6 青蔥 粉蔥 ,,,,,,,,1,6,2007,1
2007-01-07,台中市,SE6 青蔥 粉蔥 ,,,,,,,,1,7,2007,1
2007-01-08,台中市,SE6 青蔥 粉蔥 ,,,,,,,,1,1,2007,1
2007-01-09,台中市,SE6 青蔥 粉蔥 ,,,,,,,,1,2,2007,1
2007-01-10,台中市,SE6 青蔥 粉蔥 ,,,,,,,,1,3,2007,1
2007-01-11,台中市,SE6 青蔥 粉蔥 ,,,,,,,,1,4,2007,1
2007-01-12,台中市,SE6 青蔥 粉蔥 ,,,,,,,,1,5,2007,1
2007-01-13,台中市,SE6 青蔥 粉蔥 ,,,,,,,,1,6,2007,1
2007-01-14,台中市,SE6 青蔥 粉蔥 ,,,,,,,,1,7,2007,1
2007-01-15,台中市,SE6 青蔥 粉蔥 ,,,,,,,,1,1,2007,1
2007-01-16,台中市,SE6 青蔥 粉蔥 ,,,,,,,,1,2,2007,1
2007-01-17,台中市,SE6 青蔥 粉蔥 ,,,,,,,,1,3,2007,1
2007-01-18,台中市,SE6 青蔥 粉蔥 ,,,,,,,,1,4,2007,1
2007-01-19,台中市,SE6 青蔥 粉蔥 ,,,,,,,,1,5,2007,1
2007-01-20,台中市,SE6 青蔥 粉蔥 ,,,,,,,,1,6,2007,1
2007-01-21,台中市,SE6 青蔥 粉蔥 ,,,,,,,,1,7,2007,1
2007-01-22,台中市,SE6 青蔥 粉蔥 ,,,,,,,,1,1,2007,1
2007-01-23,台中市,SE6 青蔥 粉蔥 ,,,,,,,,1,2,2007,1
2007-01-24,台中市,SE6 青蔥 粉蔥 ,,,,,,,,1,3,2007,1
2007-01-25,台中市,SE6 青蔥 粉蔥 ,,,,,,,,1,4,2007,1
2007-01-26,台中市,SE6 青蔥 粉蔥 ,,,,,,,,1,5,2007,1
2007-01-27,台中市,SE6 青蔥 粉蔥 ,,,,,,,,1,6,2007,1
2007-01-28,台中市,SE6 青蔥 粉蔥 ,,,,,,,,1,7,2007,1
2007-01-29,台中市,SE6 青蔥 粉蔥 ,,,,,,,,1,1,2007,1
2007-01-30,台中市,SE6 青蔥 粉蔥 ,,,,,,,,1,2,2007,1
2007-01-31,台中市,SE6 青蔥 粉蔥 ,,,,,,,,1,3,2007,1
2007-02-01,台中市,SE6 青蔥 粉蔥 ,,,,,,,,2,4,2007,1
2007-02-02,台中市,SE6 青蔥 粉蔥 ,,,,,,,,2,5,2007,1
2007-02-03,台中市,SE6 青蔥 粉蔥 ,,,,,,,,2,6,2007,1
2007-02-04,台中市,SE6 青蔥 粉蔥 ,,,,,,,,2,7,2007,1
2007-02-05,台中市,SE6 青蔥 粉蔥 ,,,,,,,,2,1,2007,1
2007-02-06,台中市,SE6 青蔥 粉蔥 ,,,,,,,,2,2,2007,1
2007-02-07,台中市,SE6 青蔥 粉蔥 ,,,,,,,,2,3,2007,1
2007-02-08,台中市,SE6 青蔥 粉蔥 ,,,,,,,,2,4,2007,1
2007-02-09,台中市,SE6 青蔥 粉蔥 ,,,,,,,,2,5,2007,1
2007-02-10,台中市,SE6 青蔥 粉蔥 ,,,,,,,,2,6,2007,1
2007-02-11,台中市,SE6 青蔥 粉蔥 ,,,,,,,,2,7,2007,1
2007-02-12,台中市,SE6 青蔥 粉蔥 ,,,,,,,,2,1,2007,1
2007-02-13,台中市,SE6 青蔥 粉蔥 ,,,,,,,,2,2,2007,1
2007-02-14,台中市,SE6 青蔥 粉蔥 ,,,,,,,,2,3,2007,1
2007-02-15,台中市,SE6 青蔥 粉蔥 ,,,,,,,,2,4,2007,1
2007-02-16,台中市,SE6 青蔥 粉蔥 ,,,,,,,,2,5,2007,1
2007-02-17,台中市,SE6 青蔥 粉蔥 ,,,,,,,,2,6,2007,1
2007-02-18,台中市,SE6 青蔥 粉蔥 ,,,,,,,,2,7,2007,1
2007-02-19,台中市,SE6 青蔥 粉蔥 ,,,,,,,,2,1,2007,1
2007-02-20,台中市,SE6 青蔥 粉蔥 ,,,,,,,,2,2,2007,1
2007-02-21,台中市,SE6 青蔥 粉蔥 ,,,,,,,,2,3,2007,1
2007-02-22,台中市,SE6 青蔥 粉蔥 ,,,,,,,,2,4,2007,1
2007-02-23,台中市,SE6 青蔥 粉蔥 ,,,,,,,,2,5,2007,1
2007-02-24,台中市,SE6 青蔥 粉蔥 ,,,,,,,,2,6,2007,1
2007-02-25,台中市,SE6 青蔥 粉蔥 ,,,,,,,,2,7,2007,1
2007-02-26,台中市,SE6 青蔥 粉蔥 ,,,,,,,,2,1,2007,1
2007-02-27,台中市,SE6 青蔥 粉蔥 ,,,,,,,,2,2,2007,1
2007-02-28,台中市,SE6 青蔥 粉蔥 ,,,,,,,,2,3,2007,1
2007-03-01,台中市,SE6 青蔥 粉蔥 ,,,,,,,,3,4,2007,1
2007-03-02,台中市,SE6 青蔥 粉蔥 ,,,,,,,,3,5,2007,1
2007-03-03,台中市,SE6 青蔥 粉蔥 ,,,,,,,,3,6,2007,1
2007-03-04,台中市,SE6 青蔥 粉蔥 ,,,,,,,,3,7,2007,1
2007-03-05,台中市,SE6 青蔥 粉蔥 ,,,,,,,,3,1,2007,1
2007-03-06,台中市,SE6 青蔥 粉蔥 ,,,,,,,,3,2,2007,1
2007-03-07,台中市,SE6 青蔥 粉蔥 ,,,,,,,,3,3,2007,1
2007-03-08,台中市,SE6 青蔥 粉蔥 ,,,,,,,,3,4,2007,1
2007-03-09,台中市,SE6 青蔥 粉蔥 ,,,,,,,,3,5,2007,1
2007-03-10,台中市,SE6 青蔥 粉蔥 ,,,,,,,,3,6,2007,1
2007-03-11,台中市,SE6 青蔥 粉蔥 ,,,,,,,,3,7,2007,1
2007-03-12,台中市,SE6 青蔥 粉蔥 ,,,,,,,,3,1,2007,1
2007-03-13,台中市,SE6 青蔥 粉蔥 ,,,,,,,,3,2,2007,1
2007-03-14,台中市,SE6 青蔥 粉蔥 ,,,,,,,,3,3,2007,1
2007-03-15,台中市,SE6 青蔥 粉蔥 ,,,,,,,,3,4,2007,1
2007-03-16,台中市,SE6 青蔥 粉蔥 ,,,,,,,,3,5,2007,1
2007-03-17,台中市,SE6 青蔥 粉蔥 ,,,,,,,,3,6,2007,1
2007-03-18,台中市,SE6 青蔥 粉蔥 ,13.0,13.0,13.0,13.0,30.0,24.0,20.0,3,7,2007,0
2007-03-19,台中市,SE6 青蔥 粉蔥 ,,,,,,,,3,1,2007,1
2007-03-20,台中市,SE6 青蔥 粉蔥 ,,,,,,,,3,2,2007,1
2007-03-21,台中市,SE6 青蔥 粉蔥 ,,,,,,,,3,3,2007,1
2007-03-22,台中市,SE6 青蔥 粉蔥 ,,,,,,,,3,4,2007,1
2007-03-23,台中市,SE6 青蔥 粉蔥 ,,,,,,,,3,5,2007,1
2007-03-24,台中市,SE6 青蔥 粉蔥 ,,,,,,,,3,6,2007,1
2007-03-25,台中市,SE6 青蔥 粉蔥 ,,,,,,,,3,7,2007,1
2007-03-26,台中市,SE6 青蔥 粉蔥 ,,,,,,,,3,1,2007,1
2007-03-27,台中市,SE6 青蔥 粉蔥 ,,,,,,,,3,2,2007,1
2007-03-28,台中市,SE6 青蔥 粉蔥 ,,,,,,,,3,3,2007,1
2007-03-29,台中市,SE6 青蔥 粉蔥 ,,,,,,,,3,4,2007,1
2007-03-30,台中市,SE6 青蔥 粉蔥 ,,,,,,,,3,5,2007,1
2007-03-31,台中市,SE6 青蔥 粉蔥 ,,,,,,,,3,6,2007,1
2007-04-01,台中市,SE6 青蔥 粉蔥 ,,,,,,,,4,7,2007,1
2007-04-02,台中市,SE6 青蔥 粉蔥 ,,,,,,,,4,1,2007,1
2007-04-03,台中市,SE6 青蔥 粉蔥 ,,,,,,,,4,2,2007,1
2007-04-04,台中市,SE6 青蔥 粉蔥 ,,,,,,,,4,3,2007,1
2007-04-05,台中市,SE6 青蔥 粉蔥 ,,,,,,,,4,4,2007,1
2007-04-06,台中市,SE6 青蔥 粉蔥 ,,,,,,,,4,5,2007,1
2007-04-07,台中市,SE6 青蔥 粉蔥 ,,,,,,,,4,6,2007,1
2007-04-08,台中市,SE6 青蔥 粉蔥 ,,,,,,,,4,7,2007,1
2007-04-09,台中市,SE6 青蔥 粉蔥 ,,,,,,,,4,1,2007,1
2007-04-10,台中市,SE6 青蔥 粉蔥 ,,,,,,,,4,2,2007,1
2007-04-11,台中市,SE6 青蔥 粉蔥 ,,,,,,,,4,3,2007,1
2007-04-12,台中市,SE6 青蔥 粉蔥 ,,,,,,,,4,4,2007,1
2007-04-13,台中市,SE6 青蔥 粉蔥 ,,,,,,,,4,5,2007,1
2007-04-14,台中市,SE6 青蔥 粉蔥 ,,,,,,,,4,6,2007,1
2007-04-15,台中市,SE6 青蔥 粉蔥 ,,,,,,,,4,7,2007,1
2007-04-16,台中市,SE6 青蔥 粉蔥 ,,,,,,,,4,1,2007,1
2007-04-17,台中市,SE6 青蔥 粉蔥 ,,,,,,,,4,2,2007,1
2007-04-18,台中市,SE6 青蔥 粉蔥 ,,,,,,,,4,3,2007,1
2007-04-19,台中市,SE6 青蔥 粉蔥 ,,,,,,,,4,4,2007,1
2007-04-20,台中市,SE6 青蔥 粉蔥 ,,,,,,,,4,5,2007,1
2007-04-21,台中市,SE6 青蔥 粉蔥 ,,,,,,,,4,6,2007,1
2007-04-22,台中市,SE6 青蔥 粉蔥 ,,,,,,,,4,7,2007,1
2007-04-23,台中市,SE6 青蔥 粉蔥 ,,,,,,,,4,1,2007,1
2007-04-24,台中市,SE6 青蔥 粉蔥 ,,,,,,,,4,2,2007,1
2007-04-25,台中市,SE6 青蔥 粉蔥 ,,,,,,,,4,3,2007,1
2007-04-26,台中市,SE6 青蔥 粉蔥 ,,,,,,,,4,4,2007,1
2007-04-27,台中市,SE6 青蔥 粉蔥 ,,,,,,,,4,5,2007,1
2007-04-28,台中市,SE6 青蔥 粉蔥 ,,,,,,,,4,6,2007,1
2007-04-29,台中市,SE6 青蔥 粉蔥 ,,,,,,,,4,7,2007,1
2007-04-30,台中市,SE6 青蔥 粉蔥 ,,,,,,,,4,1,2007,1
2007-05-01,台中市,SE6 青蔥 粉蔥 ,,,,,,,,5,2,2007,1
2007-05-02,台中市,SE6 青蔥 粉蔥 ,,,,,,,,5,3,2007,1
2007-05-03,台中市,SE6 青蔥 粉蔥 ,,,,,,,,5,4,2007,1
2007-05-04,台中市,SE6 青蔥 粉蔥 ,,,,,,,,5,5,2007,1
2007-05-05,台中市,SE6 青蔥 粉蔥 ,,,,,,,,5,6,2007,1
2007-05-06,台中市,SE6 青蔥 粉蔥 ,,,,,,,,5,7,2007,1
2007-05-07,台中市,SE6 青蔥 粉蔥 ,,,,,,,,5,1,2007,1
2007-05-08,台中市,SE6 青蔥 粉蔥 ,,,,,,,,5,2,2007,1
2007-05-09,台中市,SE6 青蔥 粉蔥 ,,,,,,,,5,3,2007,1
2007-05-10,台中市,SE6 青蔥 粉蔥 ,,,,,,,,5,4,2007,1
2007-05-11,台中市,SE6 青蔥 粉蔥 ,,,,,,,,5,5,2007,1
2007-05-12,台中市,SE6 青蔥 粉蔥 ,,,,,,,,5,6,2007,1
2007-05-13,台中市,SE6 青蔥 粉蔥 ,,,,,,,,5,7,2007,1
2007-05-14,台中市,SE6 青蔥 粉蔥 ,,,,,,,,5,1,2007,1
2007-05-15,台中市,SE6 青蔥 粉蔥 ,,,,,,,,5,2,2007,1
2007-05-16,台中市,SE6 青蔥 粉蔥 ,,,,,,,,5,3,2007,1
2007-05-17,台中市,SE6 青蔥 粉蔥 ,,,,,,,,5,4,2007,1
2007-05-18,台中市,SE6 青蔥 粉蔥 ,,,,,,,,5,5,2007,1
2007-05-19,台中市,SE6 青蔥 粉蔥 ,,,,,,,,5,6,2007,1
2007-05-20,台中市,SE6 青蔥 粉蔥 ,,,,,,,,5,7,2007,1
2007-05-21,台中市,SE6 青蔥 粉蔥 ,,,,,,,,5,1,2007,1
2007-05-22,台中市,SE6 青蔥 粉蔥 ,,,,,,,,5,2,2007,1
2007-05-23,台中市,SE6 青蔥 粉蔥 ,,,,,,,,5,3,2007,1
2007-05-24,台中市,SE6 青蔥 粉蔥 ,,,,,,,,5,4,2007,1
2007-05-25,台中市,SE6 青蔥 粉蔥 ,,,,,,,,5,5,2007,1
2007-05-26,台中市,SE6 青蔥 粉蔥 ,,,,,,,,5,6,2007,1
2007-05-27,台中市,SE6 青蔥 粉蔥 ,,,,,,,,5,7,2007,1
2007-05-28,台中市,SE6 青蔥 粉蔥 ,,,,,,,,5,1,2007,1
2007-05-29,台中市,SE6 青蔥 粉蔥 ,,,,,,,,5,2,2007,1
2007-05-30,台中市,SE6 青蔥 粉蔥 ,,,,,,,,5,3,2007,1
2007-05-31,台中市,SE6 青蔥 粉蔥 ,,,,,,,,5,4,2007,1
2007-06-01,台中市,SE6 青蔥 粉蔥 ,,,,,,,,6,5,2007,1
2007-06-02,台中市,SE6 青蔥 粉蔥 ,,,,,,,,6,6,2007,1
2007-06-03,台中市,SE6 青蔥 粉蔥 ,,,,,,,,6,7,2007,1
2007-06-04,台中市,SE6 青蔥 粉蔥 ,,,,,,,,6,1,2007,1
2007-06-05,台中市,SE6 青蔥 粉蔥 ,,,,,,,,6,2,2007,1
2007-06-06,台中市,SE6 青蔥 粉蔥 ,,,,,,,,6,3,2007,1
2007-06-07,台中市,SE6 青蔥 粉蔥 ,,,,,,,,6,4,2007,1
2007-06-08,台中市,SE6 青蔥 粉蔥 ,,,,,,,,6,5,2007,1
2007-06-09,台中市,SE6 青蔥 粉蔥 ,,,,,,,,6,6,2007,1
2007-06-10,台中市,SE6 青蔥 粉蔥 ,,,,,,,,6,7,2007,1
2007-06-11,台中市,SE6 青蔥 粉蔥 ,,,,,,,,6,1,2007,1
2007-06-12,台中市,SE6 青蔥 粉蔥 ,,,,,,,,6,2,2007,1
2007-06-13,台中市,SE6 青蔥 粉蔥 ,,,,,,,,6,3,2007,1
2007-06-14,台中市,SE6 青蔥 粉蔥 ,,,,,,,,6,4,2007,1
2007-06-15,台中市,SE6 青蔥 粉蔥 ,,,,,,,,6,5,2007,1
2007-06-16,台中市,SE6 青蔥 粉蔥 ,,,,,,,,6,6,2007,1
2007-06-17,台中市,SE6 青蔥 粉蔥 ,,,,,,,,6,7,2007,1
2007-06-18,台中市,SE6 青蔥 粉蔥 ,,,,,,,,6,1,2007,1
2007-06-19,台中市,SE6 青蔥 粉蔥 ,,,,,,,,6,2,2007,1
2007-06-20,台中市,SE6 青蔥 粉蔥 ,,,,,,,,6,3,2007,1
2007-06-21,台中市,SE6 青蔥 粉蔥 ,,,,,,,,6,4,2007,1
2007-06-22,台中市,SE6 青蔥 粉蔥 ,,,,,,,,6,5,2007,1
2007-06-23,台中市,SE6 青蔥 粉蔥 ,,,,,,,,6,6,2007,1
2007-06-24,台中市,SE6 青蔥 粉蔥 ,,,,,,,,6,7,2007,1
2007-06-25,台中市,SE6 青蔥 粉蔥 ,,,,,,,,6,1,2007,1
2007-06-26,台中市,SE6 青蔥 粉蔥 ,,,,,,,,6,2,2007,1
2007-06-27,台中市,SE6 青蔥 粉蔥 ,,,,,,,,6,3,2007,1
2007-06-28,台中市,SE6 青蔥 粉蔥 ,,,,,,,,6,4,2007,1
2007-06-29,台中市,SE6 青蔥 粉蔥 ,,,,,,,,6,5,2007,1
2007-06-30,台中市,SE6 青蔥 粉蔥 ,,,,,,,,6,6,2007,1
2007-07-01,台中市,SE6 青蔥 粉蔥 ,,,,,,,,7,7,2007,1
2007-07-02,台中市,SE6 青蔥 粉蔥 ,,,,,,,,7,1,2007,1
2007-07-03,台中市,SE6 青蔥 粉蔥 ,,,,,,,,7,2,2007,1
2007-07-04,台中市,SE6 青蔥 粉蔥 ,,,,,,,,7,3,2007,1
2007-07-05,台中市,SE6 青蔥 粉蔥 ,,,,,,,,7,4,2007,1
2007-07-06,台中市,SE6 青蔥 粉蔥 ,,,,,,,,7,5,2007,1
2007-07-07,台中市,SE6 青蔥 粉蔥 ,,,,,,,,7,6,2007,1
2007-07-08,台中市,SE6 青蔥 粉蔥 ,,,,,,,,7,7,2007,1
2007-07-09,台中市,SE6 青蔥 粉蔥 ,,,,,,,,7,1,2007,1
2007-07-10,台中市,SE6 青蔥 粉蔥 ,,,,,,,,7,2,2007,1
2007-07-11,台中市,SE6 青蔥 粉蔥 ,,,,,,,,7,3,2007,1
2007-07-12,台中市,SE6 青蔥 粉蔥 ,,,,,,,,7,4,2007,1
2007-07-13,台中市,SE6 青蔥 粉蔥 ,,,,,,,,7,5,2007,1
2007-07-14,台中市,SE6 青蔥 粉蔥 ,,,,,,,,7,6,2007,1
2007-07-15,台中市,SE6 青蔥 粉蔥 ,,,,,,,,7,7,2007,1
2007-07-16,台中市,SE6 青蔥 粉蔥 ,,,,,,,,7,1,2007,1
2007-07-17,台中市,SE6 青蔥 粉蔥 ,,,,,,,,7,2,2007,1
2007-07-18,台中市,SE6 青蔥 粉蔥 ,,,,,,,,7,3,2007,1
2007-07-19,台中市,SE6 青蔥 粉蔥 ,,,,,,,,7,4,2007,1
2007-07-20,台中市,SE6 青蔥 粉蔥 ,,,,,,,,7,5,2007,1
2007-07-21,台中市,SE6 青蔥 粉蔥 ,,,,,,,,7,6,2007,1
2007-07-22,台中市,SE6 青蔥 粉蔥 ,,,,,,,,7,7,2007,1
2007-07-23,台中市,SE6 青蔥 粉蔥 ,,,,,,,,7,1,2007,1
2007-07-24,台中市,SE6 青蔥 粉蔥 ,,,,,,,,7,2,2007,1
2007-07-25,台中市,SE6 青蔥 粉蔥 ,,,,,,,,7,3,2007,1
2007-07-26,台中市,SE6 青蔥 粉蔥 ,,,,,,,,7,4,2007,1
2007-07-27,台中市,SE6 青蔥 粉蔥 ,,,,,,,,7,5,2007,1
2007-07-28,台中市,SE6 青蔥 粉蔥 ,,,,,,,,7,6,2007,1
2007-07-29,台中市,SE6 青蔥 粉蔥 ,,,,,,,,7,7,2007,1
2007-07-30,台中市,SE6 青蔥 粉蔥 ,,,,,,,,7,1,2007,1
2007-07-31,台中市,SE6 青蔥 粉蔥 ,,,,,,,,7,2,2007,1
2007-08-01,台中市,SE6 青蔥 粉蔥 ,,,,,,,,8,3,2007,1
2007-08-02,台中市,SE6 青蔥 粉蔥 ,,,,,,,,8,4,2007,1
2007-08-03,台中市,SE6 青蔥 粉蔥 ,,,,,,,,8,5,2007,1
2007-08-04,台中市,SE6 青蔥 粉蔥 ,,,,,,,,8,6,2007,1
2007-08-05,台中市,SE6 青蔥 粉蔥 ,,,,,,,,8,7,2007,1
2007-08-06,台中市,SE6 青蔥 粉蔥 ,,,,,,,,8,1,2007,1
2007-08-07,台中市,SE6 青蔥 粉蔥 ,,,,,,,,8,2,2007,1
2007-08-08,台中市,SE6 青蔥 粉蔥 ,,,,,,,,8,3,2007,1
2007-08-09,台中市,SE6 青蔥 粉蔥 ,,,,,,,,8,4,2007,1
2007-08-10,台中市,SE6 青蔥 粉蔥 ,,,,,,,,8,5,2007,1
2007-08-11,台中市,SE6 青蔥 粉蔥 ,,,,,,,,8,6,2007,1
2007-08-12,台中市,SE6 青蔥 粉蔥 ,,,,,,,,8,7,2007,1
2007-08-13,台中市,SE6 青蔥 粉蔥 ,,,,,,,,8,1,2007,1
2007-08-14,台中市,SE6 青蔥 粉蔥 ,,,,,,,,8,2,2007,1
2007-08-15,台中市,SE6 青蔥 粉蔥 ,,,,,,,,8,3,2007,1
2007-08-16,台中市,SE6 青蔥 粉蔥 ,,,,,,,,8,4,2007,1
2007-08-17,台中市,SE6 青蔥 粉蔥 ,,,,,,,,8,5,2007,1
2007-08-18,台中市,SE6 青蔥 粉蔥 ,,,,,,,,8,6,2007,1
2007-08-19,台中市,SE6 青蔥 粉蔥 ,,,,,,,,8,7,2007,1
2007-08-20,台中市,SE6 青蔥 粉蔥 ,,,,,,,,8,1,2007,1
2007-08-21,台中市,SE6 青蔥 粉蔥 ,,,,,,,,8,2,2007,1
2007-08-22,台中市,SE6 青蔥 粉蔥 ,,,,,,,,8,3,2007,1
2007-08-23,台中市,SE6 青蔥 粉蔥 ,,,,,,,,8,4,2007,1
2007-08-24,台中市,SE6 青蔥 粉蔥 ,,,,,,,,8,5,2007,1
2007-08-25,台中市,SE6 青蔥 粉蔥 ,,,,,,,,8,6,2007,1
2007-08-26,台中市,SE6 青蔥 粉蔥 ,,,,,,,,8,7,2007,1
2007-08-27,台中市,SE6 青蔥 粉蔥 ,,,,,,,,8,1,2007,1
2007-08-28,台中市,SE6 青蔥 粉蔥 ,,,,,,,,8,2,2007,1
2007-08-29,台中市,SE6 青蔥 粉蔥 ,,,,,,,,8,3,2007,1
2007-08-30,台中市,SE6 青蔥 粉蔥 ,,,,,,,,8,4,2007,1
2007-08-31,台中市,SE6 青蔥 粉蔥 ,,,,,,,,8,5,2007,1
2007-09-01,台中市,SE6 青蔥 粉蔥 ,,,,,,,,9,6,2007,1
2007-09-02,台中市,SE6 青蔥 粉蔥 ,,,,,,,,9,7,2007,1
2007-09-03,台中市,SE6 青蔥 粉蔥 ,,,,,,,,9,1,2007,1
2007-09-04,台中市,SE6 青蔥 粉蔥 ,,,,,,,,9,2,2007,1
2007-09-05,台中市,SE6 青蔥 粉蔥 ,,,,,,,,9,3,2007,1
2007-09-06,台中市,SE6 青蔥 粉蔥 ,,,,,,,,9,4,2007,1
2007-09-07,台中市,SE6 青蔥 粉蔥 ,,,,,,,,9,5,2007,1
2007-09-08,台中市,SE6 青蔥 粉蔥 ,,,,,,,,9,6,2007,1
2007-09-09,台中市,SE6 青蔥 粉蔥 ,,,,,,,,9,7,2007,1
2007-09-10,台中市,SE6 青蔥 粉蔥 ,,,,,,,,9,1,2007,1
2007-09-11,台中市,SE6 青蔥 粉蔥 ,,,,,,,,9,2,2007,1
2007-09-12,台中市,SE6 青蔥 粉蔥 ,,,,,,,,9,3,2007,1
2007-09-13,台中市,SE6 青蔥 粉蔥 ,,,,,,,,9,4,2007,1
2007-09-14,台中市,SE6 青蔥 粉蔥 ,,,,,,,,9,5,2007,1
2007-09-15,台中市,SE6 青蔥 粉蔥 ,,,,,,,,9,6,2007,1
2007-09-16,台中市,SE6 青蔥 粉蔥 ,,,,,,,,9,7,2007,1
2007-09-17,台中市,SE6 青蔥 粉蔥 ,,,,,,,,9,1,2007,1
2007-09-18,台中市,SE6 青蔥 粉蔥 ,,,,,,,,9,2,2007,1
2007-09-19,台中市,SE6 青蔥 粉蔥 ,,,,,,,,9,3,2007,1
2007-09-20,台中市,SE6 青蔥 粉蔥 ,,,,,,,,9,4,2007,1
2007-09-21,台中市,SE6 青蔥 粉蔥 ,,,,,,,,9,5,2007,1
2007-09-22,台中市,SE6 青蔥 粉蔥 ,,,,,,,,9,6,2007,1
2007-09-23,台中市,SE6 青蔥 粉蔥 ,,,,,,,,9,7,2007,1
2007-09-24,台中市,SE6 青蔥 粉蔥 ,,,,,,,,9,1,2007,1
2007-09-25,台中市,SE6 青蔥 粉蔥 ,,,,,,,,9,2,2007,1
2007-09-26,台中市,SE6 青蔥 粉蔥 ,,,,,,,,9,3,2007,1
2007-09-27,台中市,SE6 青蔥 粉蔥 ,,,,,,,,9,4,2007,1
2007-09-28,台中市,SE6 青蔥 粉蔥 ,,,,,,,,9,5,2007,1
2007-09-29,台中市,SE6 青蔥 粉蔥 ,,,,,,,,9,6,2007,1
2007-09-30,台中市,SE6 青蔥 粉蔥 ,,,,,,,,9,7,2007,1
2007-10-01,台中市,SE6 青蔥 粉蔥 ,,,,,,,,10,1,2007,1
2007-10-02,台中市,SE6 青蔥 粉蔥 ,,,,,,,,10,2,2007,1
2007-10-03,台中市,SE6 青蔥 粉蔥 ,,,,,,,,10,3,2007,1
2007-10-04,台中市,SE6 青蔥 粉蔥 ,,,,,,,,10,4,2007,1
2007-10-05,台中市,SE6 青蔥 粉蔥 ,,,,,,,,10,5,2007,1
2007-10-06,台中市,SE6 青蔥 粉蔥 ,,,,,,,,10,6,2007,1
2007-10-07,台中市,SE6 青蔥 粉蔥 ,,,,,,,,10,7,2007,1
2007-10-08,台中市,SE6 青蔥 粉蔥 ,,,,,,,,10,1,2007,1
2007-10-09,台中市,SE6 青蔥 粉蔥 ,,,,,,,,10,2,2007,1
2007-10-10,台中市,SE6 青蔥 粉蔥 ,,,,,,,,10,3,2007,1
2007-10-11,台中市,SE6 青蔥 粉蔥 ,,,,,,,,10,4,2007,1
2007-10-12,台中市,SE6 青蔥 粉蔥 ,,,,,,,,10,5,2007,1
2007-10-13,台中市,SE6 青蔥 粉蔥 ,,,,,,,,10,6,2007,1
2007-10-14,台中市,SE6 青蔥 粉蔥 ,,,,,,,,10,7,2007,1
2007-10-15,台中市,SE6 青蔥 粉蔥 ,,,,,,,,10,1,2007,1
2007-10-16,台中市,SE6 青蔥 粉蔥 ,,,,,,,,10,2,2007,1
2007-10-17,台中市,SE6 青蔥 粉蔥 ,,,,,,,,10,3,2007,1
2007-10-18,台中市,SE6 青蔥 粉蔥 ,,,,,,,,10,4,2007,1
2007-10-19,台中市,SE6 青蔥 粉蔥 ,,,,,,,,10,5,2007,1
2007-10-20,台中市,SE6 青蔥 粉蔥 ,,,,,,,,10,6,2007,1
2007-10-21,台中市,SE6 青蔥 粉蔥 ,,,,,,,,10,7,2007,1
2007-10-22,台中市,SE6 青蔥 粉蔥 ,,,,,,,,10,1,2007,1
2007-10-23,台中市,SE6 青蔥 粉蔥 ,,,,,,,,10,2,2007,1
2007-10-24,台中市,SE6 青蔥 粉蔥 ,,,,,,,,10,3,2007,1
2007-10-25,台中市,SE6 青蔥 粉蔥 ,,,,,,,,10,4,2007,1
2007-10-26,台中市,SE6 青蔥 粉蔥 ,,,,,,,,10,5,2007,1
2007-10-27,台中市,SE6 青蔥 粉蔥 ,,,,,,,,10,6,2007,1
2007-10-28,台中市,SE6 青蔥 粉蔥 ,,,,,,,,10,7,2007,1
2007-10-29,台中市,SE6 青蔥 粉蔥 ,,,,,,,,10,1,2007,1
2007-10-30,台中市,SE6 青蔥 粉蔥 ,,,,,,,,10,2,2007,1
2007-10-31,台中市,SE6 青蔥 粉蔥 ,,,,,,,,10,3,2007,1
2007-11-01,台中市,SE6 青蔥 粉蔥 ,,,,,,,,11,4,2007,1
2007-11-02,台中市,SE6 青蔥 粉蔥 ,,,,,,,,11,5,2007,1
2007-11-03,台中市,SE6 青蔥 粉蔥 ,,,,,,,,11,6,2007,1
2007-11-04,台中市,SE6 青蔥 粉蔥 ,,,,,,,,11,7,2007,1
2007-11-05,台中市,SE6 青蔥 粉蔥 ,,,,,,,,11,1,2007,1
2007-11-06,台中市,SE6 青蔥 粉蔥 ,,,,,,,,11,2,2007,1
2007-11-07,台中市,SE6 青蔥 粉蔥 ,,,,,,,,11,3,2007,1
2007-11-08,台中市,SE6 青蔥 粉蔥 ,,,,,,,,11,4,2007,1
2007-11-09,台中市,SE6 青蔥 粉蔥 ,,,,,,,,11,5,2007,1
2007-11-10,台中市,SE6 青蔥 粉蔥 ,,,,,,,,11,6,2007,1
2007-11-11,台中市,SE6 青蔥 粉蔥 ,,,,,,,,11,7,2007,1
2007-11-12,台中市,SE6 青蔥 粉蔥 ,,,,,,,,11,1,2007,1
2007-11-13,台中市,SE6 青蔥 粉蔥 ,,,,,,,,11,2,2007,1
2007-11-14,台中市,SE6 青蔥 粉蔥 ,,,,,,,,11,3,2007,1
2007-11-15,台中市,SE6 青蔥 粉蔥 ,,,,,,,,11,4,2007,1
2007-11-16,台中市,SE6 青蔥 粉蔥 ,,,,,,,,11,5,2007,1
2007-11-17,台中市,SE6 青蔥 粉蔥 ,,,,,,,,11,6,2007,1
2007-11-18,台中市,SE6 青蔥 粉蔥 ,,,,,,,,11,7,2007,1
2007-11-19,台中市,SE6 青蔥 粉蔥 ,,,,,,,,11,1,2007,1
2007-11-20,台中市,SE6 青蔥 粉蔥 ,,,,,,,,11,2,2007,1
2007-11-21,台中市,SE6 青蔥 粉蔥 ,,,,,,,,11,3,2007,1
2007-11-22,台中市,SE6 青蔥 粉蔥 ,,,,,,,,11,4,2007,1
2007-11-23,台中市,SE6 青蔥 粉蔥 ,,,,,,,,11,5,2007,1
2007-11-24,台中市,SE6 青蔥 粉蔥 ,,,,,,,,11,6,2007,1
2007-11-25,台中市,SE6 青蔥 粉蔥 ,,,,,,,,11,7,2007,1
2007-11-26,台中市,SE6 青蔥 粉蔥 ,,,,,,,,11,1,2007,1
2007-11-27,台中市,SE6 青蔥 粉蔥 ,,,,,,,,11,2,2007,1
2007-11-28,台中市,SE6 青蔥 粉蔥 ,,,,,,,,11,3,2007,1
2007-11-29,台中市,SE6 青蔥 粉蔥 ,,,,,,,,11,4,2007,1
2007-11-30,台中市,SE6 青蔥 粉蔥 ,,,,,,,,11,5,2007,1
2007-12-01,台中市,SE6 青蔥 粉蔥 ,,,,,,,,12,6,2007,1
2007-12-02,台中市,SE6 青蔥 粉蔥 ,,,,,,,,12,7,2007,1
2007-12-03,台中市,SE6 青蔥 粉蔥 ,,,,,,,,12,1,2007,1
2007-12-04,台中市,SE6 青蔥 粉蔥 ,,,,,,,,12,2,2007,1
2007-12-05,台中市,SE6 青蔥 粉蔥 ,,,,,,,,12,3,2007,1
2007-12-06,台中市,SE6 青蔥 粉蔥 ,,,,,,,,12,4,2007,1
2007-12-07,台中市,SE6 青蔥 粉蔥 ,,,,,,,,12,5,2007,1
2007-12-08,台中市,SE6 青蔥 粉蔥 ,,,,,,,,12,6,2007,1
2007-12-09,台中市,SE6 青蔥 粉蔥 ,,,,,,,,12,7,2007,1
2007-12-10,台中市,SE6 青蔥 粉蔥 ,,,,,,,,12,1,2007,1
2007-12-11,台中市,SE6 青蔥 粉蔥 ,,,,,,,,12,2,2007,1
2007-12-12,台中市,SE6 青蔥 粉蔥 ,,,,,,,,12,3,2007,1
2007-12-13,台中市,SE6 青蔥 粉蔥 ,,,,,,,,12,4,2007,1
2007-12-14,台中市,SE6 青蔥 粉蔥 ,,,,,,,,12,5,2007,1
2007-12-15,台中市,SE6 青蔥 粉蔥 ,,,,,,,,12,6,2007,1
2007-12-16,台中市,SE6 青蔥 粉蔥 ,,,,,,,,12,7,2007,1
2007-12-17,台中市,SE6 青蔥 粉蔥 ,,,,,,,,12,1,2007,1
2007-12-18,台中市,SE6 青蔥 粉蔥 ,,,,,,,,12,2,2007,1
2007-12-19,台中市,SE6 青蔥 粉蔥 ,,,,,,,,12,3,2007,1
2007-12-20,台中市,SE6 青蔥 粉蔥 ,,,,,,,,12,4,2007,1
2007-12-21,台中市,SE6 青蔥 粉蔥 ,,,,,,,,12,5,2007,1
2007-12-22,台中市,SE6 青蔥 粉蔥 ,,,,,,,,12,6,2007,1
2007-12-23,台中市,SE6 青蔥 粉蔥 ,,,,,,,,12,7,2007,1
2007-12-24,台中市,SE6 青蔥 粉蔥 ,,,,,,,,12,1,2007,1
2007-12-25,台中市,SE6 青蔥 粉蔥 ,,,,,,,,12,2,2007,1
2007-12-26,台中市,SE6 青蔥 粉蔥 ,,,,,,,,12,3,2007,1
2007-12-27,台中市,SE6 青蔥 粉蔥 ,,,,,,,,12,4,2007,1
2007-12-28,台中市,SE6 青蔥 粉蔥 ,,,,,,,,12,5,2007,1
2007-12-29,台中市,SE6 青蔥 粉蔥 ,,,,,,,,12,6,2007,1
2007-12-30,台中市,SE6 青蔥 粉蔥 ,,,,,,,,12,7,2007,1
2007-12-31,台中市,SE6 青蔥 粉蔥 ,,,,,,,,12,1,2007,1
2008-01-01,台中市,SE6 青蔥 粉蔥 ,,,,,,,,1,2,2008,1
2008-01-02,台中市,SE6 青蔥 粉蔥 ,,,,,,,,1,3,2008,1
2008-01-03,台中市,SE6 青蔥 粉蔥 ,,,,,,,,1,4,2008,1
2008-01-04,台中市,SE6 青蔥 粉蔥 ,,,,,,,,1,5,2008,1
2008-01-05,台中市,SE6 青蔥 粉蔥 ,,,,,,,,1,6,2008,1
2008-01-06,台中市,SE6 青蔥 粉蔥 ,,,,,,,,1,7,2008,1
2008-01-07,台中市,SE6 青蔥 粉蔥 ,,,,,,,,1,1,2008,1
2008-01-08,台中市,SE6 青蔥 粉蔥 ,,,,,,,,1,2,2008,1
2008-01-09,台中市,SE6 青蔥 粉蔥 ,,,,,,,,1,3,2008,1
2008-01-10,台中市,SE6 青蔥 粉蔥 ,,,,,,,,1,4,2008,1
2008-01-11,台中市,SE6 青蔥 粉蔥 ,,,,,,,,1,5,2008,1
2008-01-12,台中市,SE6 青蔥 粉蔥 ,,,,,,,,1,6,2008,1
2008-01-13,台中市,SE6 青蔥 粉蔥 ,,,,,,,,1,7,2008,1
2008-01-14,台中市,SE6 青蔥 粉蔥 ,,,,,,,,1,1,2008,1
2008-01-15,台中市,SE6 青蔥 粉蔥 ,,,,,,,,1,2,2008,1
2008-01-16,台中市,SE6 青蔥 粉蔥 ,,,,,,,,1,3,2008,1
2008-01-17,台中市,SE6 青蔥 粉蔥 ,,,,,,,,1,4,2008,1
2008-01-18,台中市,SE6 青蔥 粉蔥 ,,,,,,,,1,5,2008,1
2008-01-19,台中市,SE6 青蔥 粉蔥 ,,,,,,,,1,6,2008,1
2008-01-20,台中市,SE6 青蔥 粉蔥 ,,,,,,,,1,7,2008,1
2008-01-21,台中市,SE6 青蔥 粉蔥 ,,,,,,,,1,1,2008,1
2008-01-22,台中市,SE6 青蔥 粉蔥 ,,,,,,,,1,2,2008,1
2008-01-23,台中市,SE6 青蔥 粉蔥 ,,,,,,,,1,3,2008,1
2008-01-24,台中市,SE6 青蔥 粉蔥 ,,,,,,,,1,4,2008,1
2008-01-25,台中市,SE6 青蔥 粉蔥 ,,,,,,,,1,5,2008,1
2008-01-26,台中市,SE6 青蔥 粉蔥 ,,,,,,,,1,6,2008,1
2008-01-27,台中市,SE6 青蔥 粉蔥 ,,,,,,,,1,7,2008,1
2008-01-28,台中市,SE6 青蔥 粉蔥 ,,,,,,,,1,1,2008,1
2008-01-29,台中市,SE6 青蔥 粉蔥 ,,,,,,,,1,2,2008,1
2008-01-30,台中市,SE6 青蔥 粉蔥 ,,,,,,,,1,3,2008,1
2008-01-31,台中市,SE6 青蔥 粉蔥 ,25.3,25.0,21.5,24.4,87.69,877.0,3554.17,1,4,2008,0
2008-02-01,台中市,SE6 青蔥 粉蔥 ,25.0,21.9,17.0,21.5,-11.89,821.0,-6.39,2,5,2008,0
2008-02-02,台中市,SE6 青蔥 粉蔥 ,25.0,20.5,15.7,20.4,-5.12,1067.0,29.96,2,6,2008,0
2008-02-03,台中市,SE6 青蔥 粉蔥 ,25.2,21.1,18.7,21.5,5.39,1341.0,25.68,2,7,2008,0
2008-02-04,台中市,SE6 青蔥 粉蔥 ,26.4,24.8,22.2,24.6,14.42,732.0,-45.41,2,1,2008,0
2008-02-05,台中市,SE6 青蔥 粉蔥 ,33.1,30.7,29.4,30.9,25.61,818.0,11.75,2,2,2008,0
2008-02-06,台中市,SE6 青蔥 粉蔥 ,,,,,,,,2,3,2008,1
2008-02-07,台中市,SE6 青蔥 粉蔥 ,,,,,,,,2,4,2008,1
2008-02-08,台中市,SE6 青蔥 粉蔥 ,,,,,,,,2,5,2008,1
2008-02-09,台中市,SE6 青蔥 粉蔥 ,,,,,,,,2,6,2008,1
2008-02-10,台中市,SE6 青蔥 粉蔥 ,,,,,,,,2,7,2008,1
2008-02-11,台中市,SE6 青蔥 粉蔥 ,,,,,,,,2,1,2008,1
2008-02-12,台中市,SE6 青蔥 粉蔥 ,,,,,,,,2,2,2008,1
2008-02-13,台中市,SE6 青蔥 粉蔥 ,,,,,,,,2,3,2008,1
2008-02-14,台中市,SE6 青蔥 粉蔥 ,48.0,45.3,42.0,45.2,46.28,53.0,-93.52,2,4,2008,0
2008-02-15,台中市,SE6 青蔥 粉蔥 ,42.1,40.0,39.4,40.3,-10.84,657.0,1139.62,2,5,2008,0
2008-02-16,台中市,SE6 青蔥 粉蔥 ,30.0,29.9,20.0,27.9,-30.77,386.0,-41.25,2,6,2008,0
2008-02-17,台中市,SE6 青蔥 粉蔥 ,34.0,23.7,20.0,25.0,-10.39,935.0,142.23,2,7,2008,0
2008-02-18,台中市,SE6 青蔥 粉蔥 ,,,,,,,,2,1,2008,1
2008-02-19,台中市,SE6 青蔥 粉蔥 ,31.9,28.1,21.0,27.4,9.6,642.0,-31.34,2,2,2008,0
2008-02-20,台中市,SE6 青蔥 粉蔥 ,30.4,29.9,25.0,29.0,5.84,690.0,7.48,2,3,2008,0
2008-02-21,台中市,SE6 青蔥 粉蔥 ,30.0,30.0,27.4,29.5,1.72,870.0,26.09,2,4,2008,0
2008-02-22,台中市,SE6 青蔥 粉蔥 ,,,,,,,,2,5,2008,1
2008-02-23,台中市,SE6 青蔥 粉蔥 ,,,,,,,,2,6,2008,1
2008-02-24,台中市,SE6 青蔥 粉蔥 ,30.9,30.0,30.0,30.2,2.37,954.0,9.66,2,7,2008,0
2008-02-25,台中市,SE6 青蔥 粉蔥 ,,,,,,,,2,1,2008,1
2008-02-26,台中市,SE6 青蔥 粉蔥 ,30.0,30.0,30.0,30.0,-0.66,660.0,-30.82,2,2,2008,0
2008-02-27,台中市,SE6 青蔥 粉蔥 ,30.0,30.0,27.0,29.4,-2.0,753.0,14.09,2,3,2008,0
2008-02-28,台中市,SE6 青蔥 粉蔥 ,30.4,30.0,26.0,29.3,-0.34,933.0,23.9,2,4,2008,0
2008-02-29,台中市,SE6 青蔥 粉蔥 ,30.5,30.0,26.6,29.4,0.34,660.0,-29.26,2,5,2008,0
2008-03-01,台中市,SE6 青蔥 粉蔥 ,38.0,35.2,33.1,35.4,20.41,318.0,-51.82,3,6,2008,0
2008-03-02,台中市,SE6 青蔥 粉蔥 ,39.3,38.0,34.5,37.6,6.21,353.0,11.01,3,7,2008,0
2008-03-03,台中市,SE6 青蔥 粉蔥 ,,,,,,,,3,1,2008,1
2008-03-04,台中市,SE6 青蔥 粉蔥 ,39.0,39.0,38.8,39.0,3.72,303.0,-14.16,3,2,2008,0
2008-03-05,台中市,SE6 青蔥 粉蔥 ,42.5,41.4,41.0,41.6,6.67,165.0,-45.54,3,3,2008,0
2008-03-06,台中市,SE6 青蔥 粉蔥 ,52.0,50.7,50.0,50.8,22.12,150.0,-9.09,3,4,2008,0
2008-03-07,台中市,SE6 青蔥 粉蔥 ,47.3,39.2,33.2,39.6,-22.05,397.0,164.67,3,5,2008,0
2008-03-08,台中市,SE6 青蔥 粉蔥 ,50.0,38.4,31.2,39.3,-0.76,210.0,-47.1,3,6,2008,0
2008-03-09,台中市,SE6 青蔥 粉蔥 ,40.0,39.8,36.1,39.1,-0.51,159.0,-24.29,3,7,2008,0
2008-03-10,台中市,SE6 青蔥 粉蔥 ,,,,,,,,3,1,2008,1
2008-03-11,台中市,SE6 青蔥 粉蔥 ,,,,,,,,3,2,2008,1
2008-03-12,台中市,SE6 青蔥 粉蔥 ,,,,,,,,3,3,2008,1
2008-03-13,台中市,SE6 青蔥 粉蔥 ,,,,,,,,3,4,2008,1
2008-03-14,台中市,SE6 青蔥 粉蔥 ,37.6,37.0,37.0,37.1,-5.12,229.0,44.03,3,5,2008,0
2008-03-15,台中市,SE6 青蔥 粉蔥 ,42.0,41.6,40.0,41.3,11.32,60.0,-73.8,3,6,2008,0
2008-03-16,台中市,SE6 青蔥 粉蔥 ,36.0,35.0,35.0,35.2,-14.77,104.0,73.33,3,7,2008,0
2008-03-17,台中市,SE6 青蔥 粉蔥 ,,,,,,,,3,1,2008,1
2008-03-18,台中市,SE6 青蔥 粉蔥 ,40.0,40.0,40.0,40.0,13.64,588.0,465.38,3,2,2008,0
2008-03-19,台中市,SE6 青蔥 粉蔥 ,40.0,40.0,34.8,39.0,-2.5,478.0,-18.71,3,3,2008,0
2008-03-20,台中市,SE6 青蔥 粉蔥 ,40.0,34.3,27.7,34.2,-12.31,554.0,15.9,3,4,2008,0
2008-03-21,台中市,SE6 青蔥 粉蔥 ,35.0,35.0,33.0,34.6,1.17,663.0,19.68,3,5,2008,0
2008-03-22,台中市,SE6 青蔥 粉蔥 ,42.0,42.0,39.5,41.5,19.94,480.0,-27.6,3,6,2008,0
2008-03-23,台中市,SE6 青蔥 粉蔥 ,40.0,39.8,35.0,38.9,-6.27,445.0,-7.29,3,7,2008,0
2008-03-24,台中市,SE6 青蔥 粉蔥 ,,,,,,,,3,1,2008,1
2008-03-25,台中市,SE6 青蔥 粉蔥 ,45.0,44.4,40.0,43.6,12.08,295.0,-33.71,3,2,2008,0
2008-03-26,台中市,SE6 青蔥 粉蔥 ,45.0,45.0,43.8,44.8,2.75,341.0,15.59,3,3,2008,0
2008-03-27,台中市,SE6 青蔥 粉蔥 ,40.0,35.9,35.0,36.6,-18.3,32.0,-90.62,3,4,2008,0
2008-03-28,台中市,SE6 青蔥 粉蔥 ,41.0,39.1,31.3,37.9,3.55,864.0,2600.0,3,5,2008,0
2008-03-29,台中市,SE6 青蔥 粉蔥 ,41.0,40.4,36.4,39.7,4.75,374.0,-56.71,3,6,2008,0
2008-03-30,台中市,SE6 青蔥 粉蔥 ,41.2,38.2,30.6,37.3,-6.05,645.0,72.46,3,7,2008,0
2008-03-31,台中市,SE6 青蔥 粉蔥 ,,,,,,,,3,1,2008,1
2008-04-01,台中市,SE6 青蔥 粉蔥 ,38.3,35.0,28.1,34.3,-8.04,649.0,0.62,4,2,2008,0
2008-04-02,台中市,SE6 青蔥 粉蔥 ,36.5,36.0,34.0,35.7,4.08,443.0,-31.74,4,3,2008,0
2008-04-03,台中市,SE6 青蔥 粉蔥 ,36.0,33.0,29.6,32.9,-7.84,1092.0,146.5,4,4,2008,0
2008-04-04,台中市,SE6 青蔥 粉蔥 ,,,,,,,,4,5,2008,1
2008-04-05,台中市,SE6 青蔥 粉蔥 ,,,,,,,,4,6,2008,1
2008-04-06,台中市,SE6 青蔥 粉蔥 ,32.0,32.0,32.0,32.0,-2.74,37.0,-96.61,4,7,2008,0
2008-04-07,台中市,SE6 青蔥 粉蔥 ,,,,,,,,4,1,2008,1
2008-04-08,台中市,SE6 青蔥 粉蔥 ,37.6,28.8,18.7,28.5,-10.94,633.0,1610.81,4,2,2008,0
2008-04-09,台中市,SE6 青蔥 粉蔥 ,33.2,27.0,16.3,26.1,-8.42,1579.0,149.45,4,3,2008,0
2008-04-10,台中市,SE6 青蔥 粉蔥 ,30.7,25.7,18.0,25.2,-3.45,1252.0,-20.71,4,4,2008,0
2008-04-11,台中市,SE6 青蔥 粉蔥 ,30.3,28.1,25.0,28.0,11.11,960.0,-23.32,4,5,2008,0
2008-04-12,台中市,SE6 青蔥 粉蔥 ,29.0,26.4,15.6,24.8,-11.43,1223.0,27.4,4,6,2008,0
2008-04-13,台中市,SE6 青蔥 粉蔥 ,29.7,25.9,20.7,25.6,3.23,1456.0,19.05,4,7,2008,0
2008-04-14,台中市,SE6 青蔥 粉蔥 ,,,,,,,,4,1,2008,1
2008-04-15,台中市,SE6 青蔥 粉蔥 ,28.2,26.0,20.4,25.4,-0.78,1438.0,-1.24,4,2,2008,0
2008-04-16,台中市,SE6 青蔥 粉蔥 ,28.8,24.8,14.0,23.4,-7.87,1889.0,31.36,4,3,2008,0
2008-04-17,台中市,SE6 青蔥 粉蔥 ,28.0,24.5,21.0,24.5,4.7,1452.0,-23.13,4,4,2008,0
2008-04-18,台中市,SE6 青蔥 粉蔥 ,25.7,19.8,10.6,19.1,-22.04,1939.0,33.54,4,5,2008,0
2008-04-19,台中市,SE6 青蔥 粉蔥 ,25.0,21.3,17.6,21.3,11.52,1564.0,-19.34,4,6,2008,0
2008-04-20,台中市,SE6 青蔥 粉蔥 ,25.1,21.3,15.3,20.9,-1.88,1910.0,22.12,4,7,2008,0
2008-04-21,台中市,SE6 青蔥 粉蔥 ,,,,,,,,4,1,2008,1
2008-04-22,台中市,SE6 青蔥 粉蔥 ,24.3,20.0,13.6,19.6,-6.22,1798.0,-5.86,4,2,2008,0
2008-04-23,台中市,SE6 青蔥 粉蔥 ,22.8,18.3,13.1,18.2,-7.14,1299.0,-27.75,4,3,2008,0
2008-04-24,台中市,SE6 青蔥 粉蔥 ,22.3,17.4,12.9,17.4,-4.4,1112.0,-14.4,4,4,2008,0
2008-04-25,台中市,SE6 青蔥 粉蔥 ,22.4,18.5,16.0,18.8,8.05,500.0,-55.04,4,5,2008,0
2008-04-26,台中市,SE6 青蔥 粉蔥 ,25.0,21.7,15.0,21.0,11.7,828.0,65.6,4,6,2008,0
2008-04-27,台中市,SE6 青蔥 粉蔥 ,28.0,26.0,24.6,26.1,24.29,503.0,-39.25,4,7,2008,0
2008-04-28,台中市,SE6 青蔥 粉蔥 ,,,,,,,,4,1,2008,1
2008-04-29,台中市,SE6 青蔥 粉蔥 ,,,,,,,,4,2,2008,1
2008-04-30,台中市,SE6 青蔥 粉蔥 ,30.8,29.3,22.3,28.2,8.05,758.0,50.7,4,3,2008,0
2008-05-01,台中市,SE6 青蔥 粉蔥 ,30.4,24.7,18.0,24.5,-13.12,1515.0,99.87,5,4,2008,0
2008-05-02,台中市,SE6 青蔥 粉蔥 ,23.4,19.3,14.3,19.1,-22.04,1311.0,-13.47,5,5,2008,0
2008-05-03,台中市,SE6 青蔥 粉蔥 ,20.8,18.2,5.7,16.2,-15.18,1473.0,12.36,5,6,2008,0
2008-05-04,台中市,SE6 青蔥 粉蔥 ,21.7,18.3,9.4,17.2,6.17,1088.0,-26.14,5,7,2008,0
2008-05-05,台中市,SE6 青蔥 粉蔥 ,,,,,,,,5,1,2008,1
2008-05-06,台中市,SE6 青蔥 粉蔥 ,23.0,20.8,17.8,20.7,20.35,877.0,-19.39,5,2,2008,0
2008-05-07,台中市,SE6 青蔥 粉蔥 ,23.3,20.0,19.7,20.6,-0.48,663.0,-24.4,5,3,2008,0
2008-05-08,台中市,SE6 青蔥 粉蔥 ,21.0,17.7,15.4,17.9,-13.11,1361.0,105.28,5,4,2008,0
2008-05-09,台中市,SE6 青蔥 粉蔥 ,23.0,19.1,18.0,19.7,10.06,718.0,-47.24,5,5,2008,0
2008-05-10,台中市,SE6 青蔥 粉蔥 ,19.6,18.0,17.8,18.3,-7.11,800.0,11.42,5,6,2008,0
2008-05-11,台中市,SE6 青蔥 粉蔥 ,22.3,21.3,18.9,21.0,14.75,549.0,-31.37,5,7,2008,0
2008-05-12,台中市,SE6 青蔥 粉蔥 ,,,,,,,,5,1,2008,1
2008-05-13,台中市,SE6 青蔥 粉蔥 ,26.8,22.9,22.0,23.5,11.9,513.0,-6.56,5,2,2008,0
2008-05-14,台中市,SE6 青蔥 粉蔥 ,27.5,24.0,23.0,24.5,4.26,568.0,10.72,5,3,2008,0
2008-05-15,台中市,SE6 青蔥 粉蔥 ,26.0,25.2,25.0,25.3,3.27,402.0,-29.23,5,4,2008,0
2008-05-16,台中市,SE6 青蔥 粉蔥 ,26.0,24.5,23.0,24.5,-3.16,393.0,-2.24,5,5,2008,0
2008-05-17,台中市,SE6 青蔥 粉蔥 ,25.0,25.0,25.0,25.0,2.04,360.0,-8.4,5,6,2008,0
2008-05-18,台中市,SE6 青蔥 粉蔥 ,24.9,24.0,24.0,24.2,-3.2,339.0,-5.83,5,7,2008,0
2008-05-19,台中市,SE6 青蔥 粉蔥 ,,,,,,,,5,1,2008,1
2008-05-20,台中市,SE6 青蔥 粉蔥 ,25.4,25.0,20.5,24.2,0.0,417.0,23.01,5,2,2008,0
2008-05-21,台中市,SE6 青蔥 粉蔥 ,24.0,24.0,23.1,23.8,-1.65,333.0,-20.14,5,3,2008,0
2008-05-22,台中市,SE6 青蔥 粉蔥 ,23.5,23.0,22.1,22.9,-3.78,330.0,-0.9,5,4,2008,0
2008-05-23,台中市,SE6 青蔥 粉蔥 ,20.0,17.8,14.0,17.5,-23.58,336.0,1.82,5,5,2008,0
2008-05-24,台中市,SE6 青蔥 粉蔥 ,18.0,17.1,16.1,17.1,-2.29,318.0,-5.36,5,6,2008,0
2008-05-25,台中市,SE6 青蔥 粉蔥 ,15.7,15.0,15.0,15.1,-11.7,414.0,30.19,5,7,2008,0
2008-05-26,台中市,SE6 青蔥 粉蔥 ,,,,,,,,5,1,2008,1
2008-05-27,台中市,SE6 青蔥 粉蔥 ,21.0,21.0,21.0,21.0,39.07,44.0,-89.37,5,2,2008,0
2008-05-28,台中市,SE6 青蔥 粉蔥 ,,,,,,,,5,3,2008,1
2008-05-29,台中市,SE6 青蔥 粉蔥 ,,,,,,,,5,4,2008,1
2008-05-30,台中市,SE6 青蔥 粉蔥 ,18.9,16.9,9.3,15.8,-24.76,1219.0,2670.45,5,5,2008,0
2008-05-31,台中市,SE6 青蔥 粉蔥 ,18.0,18.0,18.0,18.0,13.92,165.0,-86.46,5,6,2008,0
2008-06-01,台中市,SE6 青蔥 粉蔥 ,,,,,,,,6,7,2008,1
2008-06-02,台中市,SE6 青蔥 粉蔥 ,,,,,,,,6,1,2008,1
2008-06-03,台中市,SE6 青蔥 粉蔥 ,25.6,22.9,22.0,23.3,29.44,489.0,196.36,6,2,2008,0
2008-06-04,台中市,SE6 青蔥 粉蔥 ,25.6,21.9,18.8,22.0,-5.58,723.0,47.85,6,3,2008,0
2008-06-05,台中市,SE6 青蔥 粉蔥 ,30.9,26.2,22.9,26.5,20.45,729.0,0.83,6,4,2008,0
2008-06-06,台中市,SE6 青蔥 粉蔥 ,23.9,22.0,18.8,21.7,-18.11,1029.0,41.15,6,5,2008,0
2008-06-07,台中市,SE6 青蔥 粉蔥 ,27.6,24.3,20.2,24.1,11.06,570.0,-44.61,6,6,2008,0
2008-06-08,台中市,SE6 青蔥 粉蔥 ,28.0,27.1,15.8,25.0,3.73,574.0,0.7,6,7,2008,0
2008-06-09,台中市,SE6 青蔥 粉蔥 ,,,,,,,,6,1,2008,1
2008-06-10,台中市,SE6 青蔥 粉蔥 ,,,,,,,,6,2,2008,1
2008-06-11,台中市,SE6 青蔥 粉蔥 ,27.4,26.1,21.9,25.5,2.0,693.0,20.73,6,3,2008,0
2008-06-12,台中市,SE6 青蔥 粉蔥 ,20.0,18.5,18.0,18.7,-26.67,792.0,14.29,6,4,2008,0
2008-06-13,台中市,SE6 青蔥 粉蔥 ,18.0,15.4,10.8,15.0,-19.79,1125.0,42.05,6,5,2008,0
2008-06-14,台中市,SE6 青蔥 粉蔥 ,16.2,15.1,13.2,15.0,0.0,1073.0,-4.62,6,6,2008,0
2008-06-15,台中市,SE6 青蔥 粉蔥 ,19.9,18.0,18.0,18.4,22.67,747.0,-30.38,6,7,2008,0
2008-06-16,台中市,SE6 青蔥 粉蔥 ,,,,,,,,6,1,2008,1
2008-06-17,台中市,SE6 青蔥 粉蔥 ,23.9,22.3,22.0,22.6,22.83,777.0,4.02,6,2,2008,0
2008-06-18,台中市,SE6 青蔥 粉蔥 ,24.0,21.3,20.0,21.6,-4.42,1026.0,32.05,6,3,2008,0
2008-06-19,台中市,SE6 青蔥 粉蔥 ,24.0,22.5,19.3,22.2,2.78,1020.0,-0.58,6,4,2008,0
2008-06-20,台中市,SE6 青蔥 粉蔥 ,21.0,19.7,16.9,19.4,-12.61,1503.0,47.35,6,5,2008,0
2008-06-21,台中市,SE6 青蔥 粉蔥 ,17.5,15.5,15.0,15.8,-18.56,1476.0,-1.8,6,6,2008,0
2008-06-22,台中市,SE6 青蔥 粉蔥 ,21.3,19.2,17.5,19.3,22.15,969.0,-34.35,6,7,2008,0
2008-06-23,台中市,SE6 青蔥 粉蔥 ,,,,,,,,6,1,2008,1
2008-06-24,台中市,SE6 青蔥 粉蔥 ,24.0,22.6,20.0,22.4,16.06,693.0,-28.48,6,2,2008,0
2008-06-25,台中市,SE6 青蔥 粉蔥 ,25.0,25.0,24.4,24.9,11.16,537.0,-22.51,6,3,2008,0
2008-06-26,台中市,SE6 青蔥 粉蔥 ,22.2,20.9,10.0,19.0,-23.69,1062.0,97.77,6,4,2008,0
2008-06-27,台中市,SE6 青蔥 粉蔥 ,23.0,22.0,20.5,21.9,15.26,594.0,-44.07,6,5,2008,0
2008-06-28,台中市,SE6 青蔥 粉蔥 ,21.3,20.2,20.0,20.4,-6.85,966.0,62.63,6,6,2008,0
2008-06-29,台中市,SE6 青蔥 粉蔥 ,20.6,18.5,17.7,18.8,-7.84,972.0,0.62,6,7,2008,0
2008-06-30,台中市,SE6 青蔥 粉蔥 ,,,,,,,,6,1,2008,1
2008-07-01,台中市,SE6 青蔥 粉蔥 ,20.5,18.3,8.0,16.7,-11.17,1248.0,28.4,7,2,2008,0
2008-07-02,台中市,SE6 青蔥 粉蔥 ,22.7,21.1,12.3,19.7,17.96,1245.0,-0.24,7,3,2008,0
2008-07-03,台中市,SE6 青蔥 粉蔥 ,22.0,19.2,10.2,17.9,-9.14,1218.0,-2.17,7,4,2008,0
2008-07-04,台中市,SE6 青蔥 粉蔥 ,22.2,17.1,9.7,16.6,-7.26,1455.0,19.46,7,5,2008,0
2008-07-05,台中市,SE6 青蔥 粉蔥 ,22.9,17.2,10.1,16.9,1.81,993.0,-31.75,7,6,2008,0
2008-07-06,台中市,SE6 青蔥 粉蔥 ,23.0,17.4,10.0,17.0,0.59,786.0,-20.85,7,7,2008,0
2008-07-07,台中市,SE6 青蔥 粉蔥 ,,,,,,,,7,1,2008,1
2008-07-08,台中市,SE6 青蔥 粉蔥 ,24.0,20.1,13.2,19.5,14.71,702.0,-10.69,7,2,2008,0
2008-07-09,台中市,SE6 青蔥 粉蔥 ,24.4,20.2,15.0,20.0,2.56,642.0,-8.55,7,3,2008,0
2008-07-10,台中市,SE6 青蔥 粉蔥 ,21.4,16.5,15.0,17.2,-14.0,882.0,37.38,7,4,2008,0
2008-07-11,台中市,SE6 青蔥 粉蔥 ,20.0,15.5,10.3,15.4,-10.47,984.0,11.56,7,5,2008,0
2008-07-12,台中市,SE6 青蔥 粉蔥 ,20.0,15.8,10.3,15.5,0.65,1478.0,50.2,7,6,2008,0
2008-07-13,台中市,SE6 青蔥 粉蔥 ,17.2,13.2,8.8,13.1,-15.48,1380.0,-6.63,7,7,2008,0
2008-07-14,台中市,SE6 青蔥 粉蔥 ,,,,,,,,7,1,2008,1
2008-07-15,台中市,SE6 青蔥 粉蔥 ,18.3,14.9,11.4,14.9,13.74,918.0,-33.48,7,2,2008,0
2008-07-16,台中市,SE6 青蔥 粉蔥 ,19.8,16.2,13.0,16.3,9.4,1125.0,22.55,7,3,2008,0
2008-07-17,台中市,SE6 青蔥 粉蔥 ,23.0,20.1,15.0,19.6,20.25,1101.0,-2.13,7,4,2008,0
2008-07-18,台中市,SE6 青蔥 粉蔥 ,28.2,24.9,18.0,24.2,23.47,1546.0,40.42,7,5,2008,0
2008-07-19,台中市,SE6 青蔥 粉蔥 ,38.4,34.8,31.3,34.8,43.8,801.0,-48.19,7,6,2008,0
2008-07-20,台中市,SE6 青蔥 粉蔥 ,39.1,37.3,34.1,37.0,6.32,1354.0,69.04,7,7,2008,0
2008-07-21,台中市,SE6 青蔥 粉蔥 ,,,,,,,,7,1,2008,1
2008-07-22,台中市,SE6 青蔥 粉蔥 ,35.4,30.3,22.7,29.8,-19.46,2176.0,60.71,7,2,2008,0
2008-07-23,台中市,SE6 青蔥 粉蔥 ,25.7,22.0,8.4,20.0,-32.89,1580.0,-27.39,7,3,2008,0
2008-07-24,台中市,SE6 青蔥 粉蔥 ,16.3,12.7,6.7,12.2,-39.0,2141.0,35.51,7,4,2008,0
2008-07-25,台中市,SE6 青蔥 粉蔥 ,20.0,10.8,8.0,12.1,-0.82,1793.0,-16.25,7,5,2008,0
2008-07-26,台中市,SE6 青蔥 粉蔥 ,31.4,20.8,14.0,21.6,78.51,1509.0,-15.84,7,6,2008,0
2008-07-27,台中市,SE6 青蔥 粉蔥 ,53.7,45.2,37.1,45.3,109.72,1224.0,-18.89,7,7,2008,0
2008-07-28,台中市,SE6 青蔥 粉蔥 ,,,,,,,,7,1,2008,1
2008-07-29,台中市,SE6 青蔥 粉蔥 ,66.0,66.0,66.0,66.0,45.7,84.0,-93.14,7,2,2008,0
2008-07-30,台中市,SE6 青蔥 粉蔥 ,65.7,58.6,50.0,58.3,-11.67,790.5,841.07,7,3,2008,0
2008-07-31,台中市,SE6 青蔥 粉蔥 ,59.5,55.9,43.3,54.1,-7.2,690.0,-12.71,7,4,2008,0
2008-08-01,台中市,SE6 青蔥 粉蔥 ,46.1,40.4,20.6,37.6,-30.5,831.0,20.43,8,5,2008,0
2008-08-02,台中市,SE6 青蔥 粉蔥 ,43.6,25.5,17.2,27.4,-27.13,1193.0,43.56,8,6,2008,0
2008-08-03,台中市,SE6 青蔥 粉蔥 ,42.7,32.4,18.5,31.7,15.69,1011.0,-15.26,8,7,2008,0
2008-08-04,台中市,SE6 青蔥 粉蔥 ,,,,,,,,8,1,2008,1
2008-08-05,台中市,SE6 青蔥 粉蔥 ,51.4,46.2,29.1,43.8,38.17,489.0,-51.63,8,2,2008,0
2008-08-06,台中市,SE6 青蔥 粉蔥 ,57.4,54.1,40.7,52.1,18.95,525.0,7.36,8,3,2008,0
2008-08-07,台中市,SE6 青蔥 粉蔥 ,58.4,54.7,43.6,53.2,2.11,567.0,8.0,8,4,2008,0
2008-08-08,台中市,SE6 青蔥 粉蔥 ,,,,,,,,8,5,2008,1
2008-08-09,台中市,SE6 青蔥 粉蔥 ,63.0,60.6,47.0,58.4,9.77,330.0,-41.8,8,6,2008,0
2008-08-10,台中市,SE6 青蔥 粉蔥 ,69.9,64.5,45.0,61.7,5.65,360.0,9.09,8,7,2008,0
2008-08-11,台中市,SE6 青蔥 粉蔥 ,,,,,,,,8,1,2008,1
2008-08-12,台中市,SE6 青蔥 粉蔥 ,65.0,63.4,52.5,61.6,-0.16,213.0,-40.83,8,2,2008,0
2008-08-13,台中市,SE6 青蔥 粉蔥 ,60.0,49.0,30.0,47.4,-23.05,533.0,150.23,8,3,2008,0
2008-08-14,台中市,SE6 青蔥 粉蔥 ,63.5,40.3,25.3,41.9,-11.6,1199.0,124.95,8,4,2008,0
2008-08-15,台中市,SE6 青蔥 粉蔥 ,62.4,34.5,19.7,37.1,-11.46,1290.0,7.59,8,5,2008,0
2008-08-16,台中市,SE6 青蔥 粉蔥 ,,,,,,,,8,6,2008,1
2008-08-17,台中市,SE6 青蔥 粉蔥 ,,,,,,,,8,7,2008,1
2008-08-18,台中市,SE6 青蔥 粉蔥 ,,,,,,,,8,1,2008,1
2008-08-19,台中市,SE6 青蔥 粉蔥 ,,,,,,,,8,2,2008,1
2008-08-20,台中市,SE6 青蔥 粉蔥 ,60.0,60.0,60.0,60.0,61.73,66.0,-94.88,8,3,2008,0
2008-08-21,台中市,SE6 青蔥 粉蔥 ,,,,,,,,8,4,2008,1
2008-08-22,台中市,SE6 青蔥 粉蔥 ,32.0,30.4,30.0,30.7,-48.83,90.0,36.36,8,5,2008,0
2008-08-23,台中市,SE6 青蔥 粉蔥 ,,,,,,,,8,6,2008,1
2008-08-24,台中市,SE6 青蔥 粉蔥 ,36.0,35.4,35.0,35.4,15.31,162.0,80.0,8,7,2008,0
2008-08-25,台中市,SE6 青蔥 粉蔥 ,,,,,,,,8,1,2008,1
2008-08-26,台中市,SE6 青蔥 粉蔥 ,46.0,44.1,39.0,43.4,22.6,280.0,72.84,8,2,2008,0
2008-08-27,台中市,SE6 青蔥 粉蔥 ,48.0,41.5,27.1,39.9,-8.06,310.0,10.71,8,3,2008,0
2008-08-28,台中市,SE6 青蔥 粉蔥 ,49.0,44.1,28.3,41.9,5.01,228.0,-26.45,8,4,2008,0
2008-08-29,台中市,SE6 青蔥 粉蔥 ,55.7,29.8,18.0,32.6,-22.2,367.0,60.96,8,5,2008,0
2008-08-30,台中市,SE6 青蔥 粉蔥 ,38.0,35.0,19.6,32.5,-0.31,451.0,22.89,8,6,2008,0
2008-08-31,台中市,SE6 青蔥 粉蔥 ,53.6,41.4,31.0,41.8,28.62,459.0,1.77,8,7,2008,0
2008-09-01,台中市,SE6 青蔥 粉蔥 ,,,,,,,,9,1,2008,1
2008-09-02,台中市,SE6 青蔥 粉蔥 ,43.0,41.7,38.7,41.4,-0.96,297.0,-35.29,9,2,2008,0
2008-09-03,台中市,SE6 青蔥 粉蔥 ,43.4,37.3,27.9,36.6,-11.59,815.0,174.41,9,3,2008,0
2008-09-04,台中市,SE6 青蔥 粉蔥 ,50.3,44.8,40.0,44.9,22.68,162.0,-80.12,9,4,2008,0
2008-09-05,台中市,SE6 青蔥 粉蔥 ,41.9,39.4,35.3,39.1,-12.92,387.0,138.89,9,5,2008,0
2008-09-06,台中市,SE6 青蔥 粉蔥 ,39.7,37.5,23.3,35.1,-10.23,564.0,45.74,9,6,2008,0
2008-09-07,台中市,SE6 青蔥 粉蔥 ,45.0,41.4,31.6,40.2,14.53,445.0,-21.1,9,7,2008,0
2008-09-08,台中市,SE6 青蔥 粉蔥 ,,,,,,,,9,1,2008,1
2008-09-09,台中市,SE6 青蔥 粉蔥 ,49.3,43.5,20.0,40.0,-0.5,926.0,108.09,9,2,2008,0
2008-09-10,台中市,SE6 青蔥 粉蔥 ,47.3,32.0,20.0,32.7,-18.25,546.0,-41.04,9,3,2008,0
2008-09-11,台中市,SE6 青蔥 粉蔥 ,43.7,13.1,7.1,18.0,-44.95,586.0,7.33,9,4,2008,0
2008-09-12,台中市,SE6 青蔥 粉蔥 ,48.2,23.9,16.0,27.2,51.11,473.0,-19.28,9,5,2008,0
2008-09-13,台中市,SE6 青蔥 粉蔥 ,65.0,59.6,58.0,60.3,121.69,60.0,-87.32,9,6,2008,0
2008-09-14,台中市,SE6 青蔥 粉蔥 ,64.0,61.3,60.0,61.6,2.16,100.0,66.67,9,7,2008,0
2008-09-15,台中市,SE6 青蔥 粉蔥 ,,,,,,,,9,1,2008,1
2008-09-16,台中市,SE6 青蔥 粉蔥 ,,,,,,,,9,2,2008,1
2008-09-17,台中市,SE6 青蔥 粉蔥 ,41.0,41.0,41.0,41.0,-33.44,35.0,-65.0,9,3,2008,0
2008-09-18,台中市,SE6 青蔥 粉蔥 ,,,,,,,,9,4,2008,1
2008-09-19,台中市,SE6 青蔥 粉蔥 ,,,,,,,,9,5,2008,1
2008-09-20,台中市,SE6 青蔥 粉蔥 ,66.0,57.0,48.0,57.0,39.02,120.0,242.86,9,6,2008,0
2008-09-21,台中市,SE6 青蔥 粉蔥 ,72.0,72.0,72.0,72.0,26.32,60.0,-50.0,9,7,2008,0
2008-09-22,台中市,SE6 青蔥 粉蔥 ,,,,,,,,9,1,2008,1
2008-09-23,台中市,SE6 青蔥 粉蔥 ,63.7,32.4,27.0,37.6,-47.78,451.0,651.67,9,2,2008,0
2008-09-24,台中市,SE6 青蔥 粉蔥 ,,,,,,,,9,3,2008,1
2008-09-25,台中市,SE6 青蔥 粉蔥 ,63.0,63.0,63.0,63.0,67.55,22.0,-95.12,9,4,2008,0
2008-09-26,台中市,SE6 青蔥 粉蔥 ,63.4,27.3,25.0,34.0,-46.03,365.0,1559.09,9,5,2008,0
2008-09-27,台中市,SE6 青蔥 粉蔥 ,60.6,38.7,19.0,39.1,15.0,595.0,63.01,9,6,2008,0
2008-09-28,台中市,SE6 青蔥 粉蔥 ,78.4,30.4,20.0,37.9,-3.07,419.0,-29.58,9,7,2008,0
2008-09-29,台中市,SE6 青蔥 粉蔥 ,,,,,,,,9,1,2008,1
2008-09-30,台中市,SE6 青蔥 粉蔥 ,75.0,75.0,75.0,75.0,97.89,20.0,-95.23,9,2,2008,0
2008-10-01,台中市,SE6 青蔥 粉蔥 ,,,,,,,,10,3,2008,1
2008-10-02,台中市,SE6 青蔥 粉蔥 ,68.0,52.0,42.6,53.3,-28.93,131.0,555.0,10,4,2008,0
2008-10-03,台中市,SE6 青蔥 粉蔥 ,109.0,73.7,70.0,80.0,50.09,80.0,-38.93,10,5,2008,0
2008-10-04,台中市,SE6 青蔥 粉蔥 ,110.0,103.1,79.0,99.7,24.63,60.0,-25.0,10,6,2008,0
2008-10-05,台中市,SE6 青蔥 粉蔥 ,125.0,82.1,60.0,86.3,-13.44,80.0,33.33,10,7,2008,0
2008-10-06,台中市,SE6 青蔥 粉蔥 ,,,,,,,,10,1,2008,1
2008-10-07,台中市,SE6 青蔥 粉蔥 ,148.0,76.0,61.0,87.4,1.27,175.0,118.75,10,2,2008,0
2008-10-08,台中市,SE6 青蔥 粉蔥 ,170.0,81.9,55.0,94.1,7.67,118.0,-32.57,10,3,2008,0
2008-10-09,台中市,SE6 青蔥 粉蔥 ,220.0,220.0,220.0,220.0,133.79,20.0,-83.05,10,4,2008,0
2008-10-10,台中市,SE6 青蔥 粉蔥 ,200.0,191.4,140.0,182.9,-16.86,56.0,180.0,10,5,2008,0
2008-10-11,台中市,SE6 青蔥 粉蔥 ,180.0,131.2,120.0,138.7,-24.17,169.0,201.79,10,6,2008,0
2008-10-12,台中市,SE6 青蔥 粉蔥 ,180.0,175.0,170.0,175.0,26.17,40.0,-76.33,10,7,2008,0
2008-10-13,台中市,SE6 青蔥 粉蔥 ,,,,,,,,10,1,2008,1
2008-10-14,台中市,SE6 青蔥 粉蔥 ,125.0,122.2,66.2,111.5,-36.29,52.0,30.0,10,2,2008,0
2008-10-15,台中市,SE6 青蔥 粉蔥 ,100.9,86.0,62.3,84.2,-24.48,355.0,582.69,10,3,2008,0
2008-10-16,台中市,SE6 青蔥 粉蔥 ,100.0,84.3,80.0,86.6,2.85,134.0,-62.25,10,4,2008,0
2008-10-17,台中市,SE6 青蔥 粉蔥 ,107.5,80.7,42.1,78.3,-9.58,664.0,395.52,10,5,2008,0
2008-10-18,台中市,SE6 青蔥 粉蔥 ,125.0,117.4,101.0,115.6,47.64,64.0,-90.36,10,6,2008,0
2008-10-19,台中市,SE6 青蔥 粉蔥 ,144.4,96.2,59.4,98.5,-14.79,757.0,1082.81,10,7,2008,0
2008-10-20,台中市,SE6 青蔥 粉蔥 ,,,,,,,,10,1,2008,1
2008-10-21,台中市,SE6 青蔥 粉蔥 ,127.0,93.0,53.0,91.8,-6.8,735.0,-2.91,10,2,2008,0
2008-10-22,台中市,SE6 青蔥 粉蔥 ,125.7,94.8,82.9,98.6,7.41,280.0,-61.9,10,3,2008,0
2008-10-23,台中市,SE6 青蔥 粉蔥 ,88.7,71.8,65.0,73.8,-25.15,286.0,2.14,10,4,2008,0
2008-10-24,台中市,SE6 青蔥 粉蔥 ,114.3,56.7,37.5,64.4,-12.74,779.0,172.38,10,5,2008,0
2008-10-25,台中市,SE6 青蔥 粉蔥 ,101.4,69.0,31.4,68.0,5.59,733.0,-5.91,10,6,2008,0
2008-10-26,台中市,SE6 青蔥 粉蔥 ,96.9,58.4,30.5,60.5,-11.03,924.0,26.06,10,7,2008,0
2008-10-27,台中市,SE6 青蔥 粉蔥 ,,,,,,,,10,1,2008,1
2008-10-28,台中市,SE6 青蔥 粉蔥 ,31.0,27.1,26.0,27.7,-54.21,126.0,-86.36,10,2,2008,0
2008-10-29,台中市,SE6 青蔥 粉蔥 ,130.0,130.0,130.0,130.0,369.31,20.0,-84.13,10,3,2008,0
2008-10-30,台中市,SE6 青蔥 粉蔥 ,,,,,,,,10,4,2008,1
2008-10-31,台中市,SE6 青蔥 粉蔥 ,,,,,,,,10,5,2008,1
2008-11-01,台中市,SE6 青蔥 粉蔥 ,,,,,,,,11,6,2008,1
2008-11-02,台中市,SE6 青蔥 粉蔥 ,80.0,68.3,65.0,70.0,-46.15,45.0,125.0,11,7,2008,0
2008-11-03,台中市,SE6 青蔥 粉蔥 ,,,,,,,,11,1,2008,1
2008-11-04,台中市,SE6 青蔥 粉蔥 ,70.0,70.0,65.9,69.2,-1.14,122.0,171.11,11,2,2008,0
2008-11-05,台中市,SE6 青蔥 粉蔥 ,,,,,,,,11,3,2008,1
2008-11-06,台中市,SE6 青蔥 粉蔥 ,40.0,30.4,20.0,30.2,-56.36,82.0,-32.79,11,4,2008,0
2008-11-07,台中市,SE6 青蔥 粉蔥 ,47.0,39.7,25.0,38.2,26.49,100.0,21.95,11,5,2008,0
2008-11-08,台中市,SE6 青蔥 粉蔥 ,62.0,62.0,62.0,62.0,62.3,60.0,-40.0,11,6,2008,0
2008-11-09,台中市,SE6 青蔥 粉蔥 ,,,,,,,,11,7,2008,1
2008-11-10,台中市,SE6 青蔥 粉蔥 ,,,,,,,,11,1,2008,1
2008-11-11,台中市,SE6 青蔥 粉蔥 ,,,,,,,,11,2,2008,1
2008-11-12,台中市,SE6 青蔥 粉蔥 ,80.0,80.0,80.0,80.0,29.03,40.0,-33.33,11,3,2008,0
2008-11-13,台中市,SE6 青蔥 粉蔥 ,79.0,75.0,75.0,75.8,-5.25,113.0,182.5,11,4,2008,0
2008-11-14,台中市,SE6 青蔥 粉蔥 ,,,,,,,,11,5,2008,1
2008-11-15,台中市,SE6 青蔥 粉蔥 ,77.3,70.3,70.0,71.6,-5.54,195.0,72.57,11,6,2008,0
2008-11-16,台中市,SE6 青蔥 粉蔥 ,,,,,,,,11,7,2008,1
2008-11-17,台中市,SE6 青蔥 粉蔥 ,,,,,,,,11,1,2008,1
2008-11-18,台中市,SE6 青蔥 粉蔥 ,,,,,,,,11,2,2008,1
2008-11-19,台中市,SE6 青蔥 粉蔥 ,,,,,,,,11,3,2008,1
2008-11-20,台中市,SE6 青蔥 粉蔥 ,,,,,,,,11,4,2008,1
2008-11-21,台中市,SE6 青蔥 粉蔥 ,,,,,,,,11,5,2008,1
2008-11-22,台中市,SE6 青蔥 粉蔥 ,80.0,80.0,72.0,78.4,9.5,232.0,18.97,11,6,2008,0
2008-11-23,台中市,SE6 青蔥 粉蔥 ,85.0,81.5,80.0,81.9,4.46,240.0,3.45,11,7,2008,0
2008-11-24,台中市,SE6 青蔥 粉蔥 ,,,,,,,,11,1,2008,1
2008-11-25,台中市,SE6 青蔥 粉蔥 ,82.0,78.9,75.0,78.8,-3.79,231.0,-3.75,11,2,2008,0
2008-11-26,台中市,SE6 青蔥 粉蔥 ,80.0,77.3,75.0,77.4,-1.78,288.0,24.68,11,3,2008,0
2008-11-27,台中市,SE6 青蔥 粉蔥 ,65.0,63.5,60.0,63.1,-18.48,240.0,-16.67,11,4,2008,0
2008-11-28,台中市,SE6 青蔥 粉蔥 ,67.6,62.6,60.0,63.1,0.0,291.0,21.25,11,5,2008,0
2008-11-29,台中市,SE6 青蔥 粉蔥 ,70.7,62.6,60.0,63.7,0.95,210.0,-27.84,11,6,2008,0
2008-11-30,台中市,SE6 青蔥 粉蔥 ,76.3,70.3,70.0,71.4,12.09,231.0,10.0,11,7,2008,0
2008-12-01,台中市,SE6 青蔥 粉蔥 ,,,,,,,,12,1,2008,1
2008-12-02,台中市,SE6 青蔥 粉蔥 ,,,,,,,,12,2,2008,1
2008-12-03,台中市,SE6 青蔥 粉蔥 ,,,,,,,,12,3,2008,1
2008-12-04,台中市,SE6 青蔥 粉蔥 ,,,,,,,,12,4,2008,1
2008-12-05,台中市,SE6 青蔥 粉蔥 ,,,,,,,,12,5,2008,1
2008-12-06,台中市,SE6 青蔥 粉蔥 ,,,,,,,,12,6,2008,1
2008-12-07,台中市,SE6 青蔥 粉蔥 ,,,,,,,,12,7,2008,1
2008-12-08,台中市,SE6 青蔥 粉蔥 ,,,,,,,,12,1,2008,1
2008-12-09,台中市,SE6 青蔥 粉蔥 ,95.0,95.0,95.0,95.0,33.05,33.0,-85.71,12,2,2008,0
2008-12-10,台中市,SE6 青蔥 粉蔥 ,80.0,80.0,80.0,80.0,-15.79,48.0,45.45,12,3,2008,0
2008-12-11,台中市,SE6 青蔥 粉蔥 ,,,,,,,,12,4,2008,1
2008-12-12,台中市,SE6 青蔥 粉蔥 ,60.0,60.0,60.0,60.0,-25.0,27.0,-43.75,12,5,2008,0
2008-12-13,台中市,SE6 青蔥 粉蔥 ,75.0,70.1,65.0,70.1,16.83,172.0,537.04,12,6,2008,0
2008-12-14,台中市,SE6 青蔥 粉蔥 ,70.0,63.1,60.0,63.8,-8.99,287.0,66.86,12,7,2008,0
2008-12-15,台中市,SE6 青蔥 粉蔥 ,,,,,,,,12,1,2008,1
2008-12-16,台中市,SE6 青蔥 粉蔥 ,,,,,,,,12,2,2008,1
2008-12-17,台中市,SE6 青蔥 粉蔥 ,,,,,,,,12,3,2008,1
2008-12-18,台中市,SE6 青蔥 粉蔥 ,,,,,,,,12,4,2008,1
2008-12-19,台中市,SE6 青蔥 粉蔥 ,,,,,,,,12,5,2008,1
2008-12-20,台中市,SE6 青蔥 粉蔥 ,,,,,,,,12,6,2008,1
2008-12-21,台中市,SE6 青蔥 粉蔥 ,75.0,72.7,56.7,69.9,9.56,201.0,-29.97,12,7,2008,0
2008-12-22,台中市,SE6 青蔥 粉蔥 ,,,,,,,,12,1,2008,1
2008-12-23,台中市,SE6 青蔥 粉蔥 ,,,,,,,,12,2,2008,1
2008-12-24,台中市,SE6 青蔥 粉蔥 ,,,,,,,,12,3,2008,1
2008-12-25,台中市,SE6 青蔥 粉蔥 ,,,,,,,,12,4,2008,1
2008-12-26,台中市,SE6 青蔥 粉蔥 ,,,,,,,,12,5,2008,1
2008-12-27,台中市,SE6 青蔥 粉蔥 ,,,,,,,,12,6,2008,1
2008-12-28,台中市,SE6 青蔥 粉蔥 ,,,,,,,,12,7,2008,1
2008-12-29,台中市,SE6 青蔥 粉蔥 ,,,,,,,,12,1,2008,1
2008-12-30,台中市,SE6 青蔥 粉蔥 ,,,,,,,,12,2,2008,1
2008-12-31,台中市,SE6 青蔥 粉蔥 ,,,,,,,,12,3,2008,1
2009-01-01,台中市,SE6 青蔥 粉蔥 ,,,,,,,,1,4,2009,1
2009-01-02,台中市,SE6 青蔥 粉蔥 ,42.0,40.5,40.0,40.7,-41.77,174.0,-13.43,1,5,2009,0
2009-01-03,台中市,SE6 青蔥 粉蔥 ,40.0,40.0,40.0,40.0,-1.72,165.0,-5.17,1,6,2009,0
2009-01-04,台中市,SE6 青蔥 粉蔥 ,45.0,45.0,45.0,45.0,12.5,177.0,7.27,1,7,2009,0
2009-01-05,台中市,SE6 青蔥 粉蔥 ,,,,,,,,1,1,2009,1
2009-01-06,台中市,SE6 青蔥 粉蔥 ,46.0,45.3,45.0,45.4,0.89,150.0,-15.25,1,2,2009,0
2009-01-07,台中市,SE6 青蔥 粉蔥 ,52.0,50.0,50.0,50.4,11.01,75.0,-50.0,1,3,2009,0
2009-01-08,台中市,SE6 青蔥 粉蔥 ,50.0,48.6,41.5,47.5,-5.75,423.0,464.0,1,4,2009,0
2009-01-09,台中市,SE6 青蔥 粉蔥 ,40.2,30.8,25.0,31.5,-33.68,1043.0,146.57,1,5,2009,0
2009-01-10,台中市,SE6 青蔥 粉蔥 ,40.3,34.3,30.0,34.6,9.84,573.0,-45.06,1,6,2009,0
2009-01-11,台中市,SE6 青蔥 粉蔥 ,37.7,30.6,25.0,30.9,-10.69,360.0,-37.17,1,7,2009,0
2009-01-12,台中市,SE6 青蔥 粉蔥 ,,,,,,,,1,1,2009,1
2009-01-13,台中市,SE6 青蔥 粉蔥 ,41.2,40.0,40.0,40.2,30.1,252.0,-30.0,1,2,2009,0
2009-01-14,台中市,SE6 青蔥 粉蔥 ,47.6,45.0,41.4,44.8,11.44,270.0,7.14,1,3,2009,0
2009-01-15,台中市,SE6 青蔥 粉蔥 ,45.0,45.0,45.0,45.0,0.45,246.0,-8.89,1,4,2009,0
2009-01-16,台中市,SE6 青蔥 粉蔥 ,43.9,39.1,35.0,39.2,-12.89,624.0,153.66,1,5,2009,0
2009-01-17,台中市,SE6 青蔥 粉蔥 ,40.0,35.9,30.0,35.5,-9.44,695.0,11.38,1,6,2009,0
2009-01-18,台中市,SE6 青蔥 粉蔥 ,38.6,29.6,25.0,30.5,-14.08,929.0,33.67,1,7,2009,0
2009-01-19,台中市,SE6 青蔥 粉蔥 ,,,,,,,,1,1,2009,1
2009-01-20,台中市,SE6 青蔥 粉蔥 ,33.1,24.2,10.7,23.3,-23.61,1210.0,30.25,1,2,2009,0
2009-01-21,台中市,SE6 青蔥 粉蔥 ,30.7,23.9,20.0,24.5,5.15,1065.0,-11.98,1,3,2009,0
2009-01-22,台中市,SE6 青蔥 粉蔥 ,27.4,20.5,15.5,20.9,-14.69,1827.0,71.55,1,4,2009,0
2009-01-23,台中市,SE6 青蔥 粉蔥 ,29.1,22.0,17.1,22.4,7.18,1508.0,-17.46,1,5,2009,0
2009-01-24,台中市,SE6 青蔥 粉蔥 ,30.4,30.0,22.0,28.5,27.23,1567.0,3.91,1,6,2009,0
2009-01-25,台中市,SE6 青蔥 粉蔥 ,48.5,46.2,43.9,46.2,62.11,831.0,-46.97,1,7,2009,0
2009-01-26,台中市,SE6 青蔥 粉蔥 ,,,,,,,,1,1,2009,1
2009-01-27,台中市,SE6 青蔥 粉蔥 ,,,,,,,,1,2,2009,1
2009-01-28,台中市,SE6 青蔥 粉蔥 ,,,,,,,,1,3,2009,1
2009-01-29,台中市,SE6 青蔥 粉蔥 ,,,,,,,,1,4,2009,1
2009-01-30,台中市,SE6 青蔥 粉蔥 ,,,,,,,,1,5,2009,1
2009-01-31,台中市,SE6 青蔥 粉蔥 ,36.6,35.1,35.0,35.4,-23.38,945.0,13.72,1,6,2009,0
2009-02-01,台中市,SE6 青蔥 粉蔥 ,30.3,29.1,28.0,29.1,-17.8,927.0,-1.9,2,7,2009,0
2009-02-02,台中市,SE6 青蔥 粉蔥 ,,,,,,,,2,1,2009,1
2009-02-03,台中市,SE6 青蔥 粉蔥 ,25.4,24.0,23.0,24.1,-17.18,1017.0,9.71,2,2,2009,0
2009-02-04,台中市,SE6 青蔥 粉蔥 ,24.6,17.8,14.1,18.4,-23.65,1044.0,2.65,2,3,2009,0
2009-02-05,台中市,SE6 青蔥 粉蔥 ,15.3,10.8,7.6,11.1,-39.67,1242.0,18.97,2,4,2009,0
2009-02-06,台中市,SE6 青蔥 粉蔥 ,15.9,13.7,11.1,13.6,22.52,331.0,-73.35,2,5,2009,0
2009-02-07,台中市,SE6 青蔥 粉蔥 ,17.0,15.2,14.7,15.5,13.97,876.0,164.65,2,6,2009,0
2009-02-08,台中市,SE6 青蔥 粉蔥 ,23.2,21.7,20.3,21.7,40.0,447.0,-48.97,2,7,2009,0
2009-02-09,台中市,SE6 青蔥 粉蔥 ,30.3,28.2,26.2,28.2,29.95,546.0,22.15,2,1,2009,0
2009-02-10,台中市,SE6 青蔥 粉蔥 ,,,,,,,,2,2,2009,1
2009-02-11,台中市,SE6 青蔥 粉蔥 ,,,,,,,,2,3,2009,1
2009-02-12,台中市,SE6 青蔥 粉蔥 ,27.3,26.3,18.4,24.9,-11.7,590.0,8.06,2,4,2009,0
2009-02-13,台中市,SE6 青蔥 粉蔥 ,25.7,25.0,20.5,24.2,-2.81,465.0,-21.19,2,5,2009,0
2009-02-14,台中市,SE6 青蔥 粉蔥 ,22.8,20.0,20.0,20.6,-14.88,582.0,25.16,2,6,2009,0
2009-02-15,台中市,SE6 青蔥 粉蔥 ,24.8,23.5,22.5,23.5,14.08,569.0,-2.23,2,7,2009,0
2009-02-16,台中市,SE6 青蔥 粉蔥 ,,,,,,,,2,1,2009,1
2009-02-17,台中市,SE6 青蔥 粉蔥 ,23.0,21.9,15.0,20.8,-11.49,814.0,43.06,2,2,2009,0
2009-02-18,台中市,SE6 青蔥 粉蔥 ,20.2,15.5,11.0,15.6,-25.0,1311.0,61.06,2,3,2009,0
2009-02-19,台中市,SE6 青蔥 粉蔥 ,18.3,15.7,13.0,15.7,0.64,907.0,-30.82,2,4,2009,0
2009-02-20,台中市,SE6 青蔥 粉蔥 ,15.0,12.3,10.0,12.4,-21.02,675.0,-25.58,2,5,2009,0
2009-02-21,台中市,SE6 青蔥 粉蔥 ,15.0,12.2,9.5,12.2,-1.61,904.0,33.93,2,6,2009,0
2009-02-22,台中市,SE6 青蔥 粉蔥 ,15.1,12.8,10.0,12.7,4.1,1035.0,14.49,2,7,2009,0
2009-02-23,台中市,SE6 青蔥 粉蔥 ,,,,,,,,2,1,2009,1
2009-02-24,台中市,SE6 青蔥 粉蔥 ,17.1,13.4,9.1,13.3,4.72,1467.0,41.74,2,2,2009,0
2009-02-25,台中市,SE6 青蔥 粉蔥 ,17.9,13.8,10.0,13.9,4.51,684.0,-53.37,2,3,2009,0
2009-02-26,台中市,SE6 青蔥 粉蔥 ,21.9,12.3,6.0,13.0,-6.47,1259.0,84.06,2,4,2009,0
2009-02-27,台中市,SE6 青蔥 粉蔥 ,18.0,17.7,16.0,17.4,33.85,450.0,-64.26,2,5,2009,0
2009-02-28,台中市,SE6 青蔥 粉蔥 ,20.5,15.2,15.0,16.2,-6.9,816.0,81.33,2,6,2009,0
2009-03-01,台中市,SE6 青蔥 粉蔥 ,16.0,15.8,14.3,15.5,-4.32,535.0,-34.44,3,7,2009,0
2009-03-02,台中市,SE6 青蔥 粉蔥 ,,,,,,,,3,1,2009,1
2009-03-03,台中市,SE6 青蔥 粉蔥 ,17.0,15.7,15.0,15.8,1.94,701.0,31.03,3,2,2009,0
2009-03-04,台中市,SE6 青蔥 粉蔥 ,15.0,15.0,15.0,15.0,-5.06,60.0,-91.44,3,3,2009,0
2009-03-05,台中市,SE6 青蔥 粉蔥 ,17.7,14.5,7.8,13.8,-8.0,1208.0,1913.33,3,4,2009,0
2009-03-06,台中市,SE6 青蔥 粉蔥 ,16.2,13.9,13.0,14.2,2.9,429.0,-64.49,3,5,2009,0
2009-03-07,台中市,SE6 青蔥 粉蔥 ,15.0,14.7,11.1,14.1,-0.7,416.0,-3.03,3,6,2009,0
2009-03-08,台中市,SE6 青蔥 粉蔥 ,28.5,23.7,18.0,23.5,66.67,287.0,-31.01,3,7,2009,0
2009-03-09,台中市,SE6 青蔥 粉蔥 ,,,,,,,,3,1,2009,1
2009-03-10,台中市,SE6 青蔥 粉蔥 ,26.9,19.7,16.0,20.4,-13.19,555.0,93.38,3,2,2009,0
2009-03-11,台中市,SE6 青蔥 粉蔥 ,19.7,16.5,12.1,16.3,-20.1,580.0,4.5,3,3,2009,0
2009-03-12,台中市,SE6 青蔥 粉蔥 ,19.5,15.0,13.1,15.5,-4.91,600.0,3.45,3,4,2009,0
2009-03-13,台中市,SE6 青蔥 粉蔥 ,18.3,15.3,13.7,15.5,0.0,578.0,-3.67,3,5,2009,0
2009-03-14,台中市,SE6 青蔥 粉蔥 ,15.0,11.7,9.7,12.0,-22.58,655.0,13.32,3,6,2009,0
2009-03-15,台中市,SE6 青蔥 粉蔥 ,15.2,14.0,12.0,13.9,15.83,717.0,9.47,3,7,2009,0
2009-03-16,台中市,SE6 青蔥 粉蔥 ,,,,,,,,3,1,2009,1
2009-03-17,台中市,SE6 青蔥 粉蔥 ,16.8,13.4,10.4,13.5,-2.88,1102.0,53.7,3,2,2009,0
2009-03-18,台中市,SE6 青蔥 粉蔥 ,15.3,13.3,8.5,12.7,-5.93,1039.0,-5.72,3,3,2009,0
2009-03-19,台中市,SE6 青蔥 粉蔥 ,15.0,11.7,7.6,11.6,-8.66,961.0,-7.51,3,4,2009,0
2009-03-20,台中市,SE6 青蔥 粉蔥 ,13.4,9.9,7.0,10.0,-13.79,1209.0,25.81,3,5,2009,0
2009-03-21,台中市,SE6 青蔥 粉蔥 ,14.0,10.6,10.0,11.2,12.0,674.0,-44.25,3,6,2009,0
2009-03-22,台中市,SE6 青蔥 粉蔥 ,12.6,10.2,7.3,10.1,-9.82,884.0,31.16,3,7,2009,0
2009-03-23,台中市,SE6 青蔥 粉蔥 ,,,,,,,,3,1,2009,1
2009-03-24,台中市,SE6 青蔥 粉蔥 ,10.6,9.9,6.1,9.3,-7.92,970.0,9.73,3,2,2009,0
2009-03-25,台中市,SE6 青蔥 粉蔥 ,11.7,10.0,6.0,9.6,3.23,1307.0,34.74,3,3,2009,0
2009-03-26,台中市,SE6 青蔥 粉蔥 ,12.4,10.2,8.8,10.4,8.33,1291.0,-1.22,3,4,2009,0
2009-03-27,台中市,SE6 青蔥 粉蔥 ,12.0,10.0,9.0,10.2,-1.92,1017.0,-21.22,3,5,2009,0
2009-03-28,台中市,SE6 青蔥 粉蔥 ,10.7,10.0,8.2,9.8,-3.92,1291.0,26.94,3,6,2009,0
2009-03-29,台中市,SE6 青蔥 粉蔥 ,12.3,10.0,8.8,10.2,4.08,851.0,-34.08,3,7,2009,0
2009-03-30,台中市,SE6 青蔥 粉蔥 ,,,,,,,,3,1,2009,1
2009-03-31,台中市,SE6 青蔥 粉蔥 ,12.3,11.8,9.7,11.5,12.75,996.0,17.04,3,2,2009,0
2009-04-01,台中市,SE6 青蔥 粉蔥 ,11.0,10.8,9.6,10.6,-7.83,970.0,-2.61,4,3,2009,0
2009-04-02,台中市,SE6 青蔥 粉蔥 ,13.2,10.8,10.0,11.1,4.72,962.0,-0.82,4,4,2009,0
2009-04-03,台中市,SE6 青蔥 粉蔥 ,14.7,12.8,12.0,13.0,17.12,1028.0,6.86,4,5,2009,0
2009-04-04,台中市,SE6 青蔥 粉蔥 ,,,,,,,,4,6,2009,1
2009-04-05,台中市,SE6 青蔥 粉蔥 ,,,,,,,,4,7,2009,1
2009-04-06,台中市,SE6 青蔥 粉蔥 ,,,,,,,,4,1,2009,1
2009-04-07,台中市,SE6 青蔥 粉蔥 ,14.3,11.8,10.5,12.0,-7.69,963.0,-6.32,4,2,2009,0
2009-04-08,台中市,SE6 青蔥 粉蔥 ,14.0,11.5,10.0,11.7,-2.5,813.0,-15.58,4,3,2009,0
2009-04-09,台中市,SE6 青蔥 粉蔥 ,14.2,10.2,8.2,10.6,-9.4,985.0,21.16,4,4,2009,0
2009-04-10,台中市,SE6 青蔥 粉蔥 ,11.7,8.8,5.0,8.6,-18.87,663.0,-32.69,4,5,2009,0
2009-04-11,台中市,SE6 青蔥 粉蔥 ,13.7,11.0,7.8,10.9,26.74,1546.0,133.18,4,6,2009,0
2009-04-12,台中市,SE6 青蔥 粉蔥 ,13.5,11.3,8.7,11.2,2.75,1626.0,5.17,4,7,2009,0
2009-04-13,台中市,SE6 青蔥 粉蔥 ,,,,,,,,4,1,2009,1
2009-04-14,台中市,SE6 青蔥 粉蔥 ,13.5,11.0,6.0,10.5,-6.25,1414.0,-13.04,4,2,2009,0
2009-04-15,台中市,SE6 青蔥 粉蔥 ,13.1,10.3,9.1,10.7,1.9,1216.0,-14.0,4,3,2009,0
2009-04-16,台中市,SE6 青蔥 粉蔥 ,10.5,9.3,7.4,9.1,-14.95,990.0,-18.59,4,4,2009,0
2009-04-17,台中市,SE6 青蔥 粉蔥 ,10.7,9.7,7.0,9.4,3.3,852.0,-13.94,4,5,2009,0
2009-04-18,台中市,SE6 青蔥 粉蔥 ,11.0,10.2,10.0,10.3,9.57,837.0,-1.76,4,6,2009,0
2009-04-19,台中市,SE6 青蔥 粉蔥 ,14.4,12.2,10.7,12.3,19.42,892.0,6.57,4,7,2009,0
2009-04-20,台中市,SE6 青蔥 粉蔥 ,,,,,,,,4,1,2009,1
2009-04-21,台中市,SE6 青蔥 粉蔥 ,17.0,17.0,15.5,16.7,35.77,306.0,-65.7,4,2,2009,0
2009-04-22,台中市,SE6 青蔥 粉蔥 ,17.0,15.1,8.0,14.1,-15.57,605.0,97.71,4,3,2009,0
2009-04-23,台中市,SE6 青蔥 粉蔥 ,17.0,15.6,13.0,15.3,8.51,788.0,30.25,4,4,2009,0
2009-04-24,台中市,SE6 青蔥 粉蔥 ,15.3,15.0,15.0,15.1,-1.31,711.0,-9.77,4,5,2009,0
2009-04-25,台中市,SE6 青蔥 粉蔥 ,15.2,14.8,13.0,14.5,-3.97,682.0,-4.08,4,6,2009,0
2009-04-26,台中市,SE6 青蔥 粉蔥 ,13.9,11.9,9.8,11.9,-17.93,1299.0,90.47,4,7,2009,0
2009-04-27,台中市,SE6 青蔥 粉蔥 ,,,,,,,,4,1,2009,1
2009-04-28,台中市,SE6 青蔥 粉蔥 ,12.9,10.5,7.7,10.4,-12.61,1728.0,33.03,4,2,2009,0
2009-04-29,台中市,SE6 青蔥 粉蔥 ,11.3,9.9,7.7,9.8,-5.77,1407.0,-18.58,4,3,2009,0
2009-04-30,台中市,SE6 青蔥 粉蔥 ,13.1,10.4,8.7,10.6,8.16,1125.0,-20.04,4,4,2009,0
2009-05-01,台中市,SE6 青蔥 粉蔥 ,14.8,12.8,11.3,12.9,21.7,903.0,-19.73,5,5,2009,0
2009-05-02,台中市,SE6 青蔥 粉蔥 ,14.6,12.8,9.4,12.5,-3.1,910.0,0.78,5,6,2009,0
2009-05-03,台中市,SE6 青蔥 粉蔥 ,13.3,10.6,10.0,11.0,-12.0,1648.0,81.1,5,7,2009,0
2009-05-04,台中市,SE6 青蔥 粉蔥 ,,,,,,,,5,1,2009,1
2009-05-05,台中市,SE6 青蔥 粉蔥 ,12.5,10.6,7.5,10.4,-5.45,2280.0,38.35,5,2,2009,0
2009-05-06,台中市,SE6 青蔥 粉蔥 ,12.8,10.1,9.8,10.6,1.92,1892.0,-17.02,5,3,2009,0
2009-05-07,台中市,SE6 青蔥 粉蔥 ,11.8,10.3,9.3,10.4,-1.89,1355.0,-28.38,5,4,2009,0
2009-05-08,台中市,SE6 青蔥 粉蔥 ,11.3,9.2,7.3,9.3,-10.58,1661.0,22.58,5,5,2009,0
2009-05-09,台中市,SE6 青蔥 粉蔥 ,12.3,10.4,8.6,10.5,12.9,1075.0,-35.28,5,6,2009,0
2009-05-10,台中市,SE6 青蔥 粉蔥 ,14.1,10.6,7.1,10.6,0.95,1290.0,20.0,5,7,2009,0
2009-05-11,台中市,SE6 青蔥 粉蔥 ,,,,,,,,5,1,2009,1
2009-05-12,台中市,SE6 青蔥 粉蔥 ,12.2,10.7,7.0,10.2,-3.77,1729.0,34.03,5,2,2009,0
2009-05-13,台中市,SE6 青蔥 粉蔥 ,11.2,9.2,6.3,9.0,-11.76,2275.0,31.58,5,3,2009,0
2009-05-14,台中市,SE6 青蔥 粉蔥 ,10.2,7.4,5.0,7.5,-16.67,2375.0,4.4,5,4,2009,0
2009-05-15,台中市,SE6 青蔥 粉蔥 ,8.8,7.1,4.4,6.9,-8.0,2206.0,-7.12,5,5,2009,0
2009-05-16,台中市,SE6 青蔥 粉蔥 ,7.4,5.8,3.6,5.7,-17.39,2415.0,9.47,5,6,2009,0
2009-05-17,台中市,SE6 青蔥 粉蔥 ,7.2,5.9,4.6,5.9,3.51,2624.0,8.65,5,7,2009,0
2009-05-18,台中市,SE6 青蔥 粉蔥 ,,,,,,,,5,1,2009,1
2009-05-19,台中市,SE6 青蔥 粉蔥 ,9.0,7.3,6.4,7.5,27.12,1723.0,-34.34,5,2,2009,0
2009-05-20,台中市,SE6 青蔥 粉蔥 ,12.1,10.2,9.3,10.4,38.67,1363.0,-20.89,5,3,2009,0
2009-05-21,台中市,SE6 青蔥 粉蔥 ,12.8,10.5,7.5,10.3,-0.96,1299.0,-4.7,5,4,2009,0
2009-05-22,台中市,SE6 青蔥 粉蔥 ,12.4,10.5,7.6,10.3,0.0,1969.0,51.58,5,5,2009,0
2009-05-23,台中市,SE6 青蔥 粉蔥 ,10.2,8.8,6.2,8.6,-16.5,1822.0,-7.47,5,6,2009,0
2009-05-24,台中市,SE6 青蔥 粉蔥 ,11.9,10.4,8.4,10.3,19.77,1805.0,-0.93,5,7,2009,0
2009-05-25,台中市,SE6 青蔥 粉蔥 ,,,,,,,,5,1,2009,1
2009-05-26,台中市,SE6 青蔥 粉蔥 ,13.2,11.5,10.0,11.5,11.65,1789.0,-0.89,5,2,2009,0
2009-05-27,台中市,SE6 青蔥 粉蔥 ,11.1,9.7,7.8,9.6,-16.52,2168.0,21.19,5,3,2009,0
2009-05-28,台中市,SE6 青蔥 粉蔥 ,13.0,10.8,8.4,10.7,11.46,1281.0,-40.91,5,4,2009,0
2009-05-29,台中市,SE6 青蔥 粉蔥 ,,,,,,,,5,5,2009,1
2009-05-30,台中市,SE6 青蔥 粉蔥 ,,,,,,,,5,6,2009,1
2009-05-31,台中市,SE6 青蔥 粉蔥 ,19.1,16.3,10.4,15.7,46.73,933.0,-27.17,5,7,2009,0
2009-06-01,台中市,SE6 青蔥 粉蔥 ,,,,,,,,6,1,2009,1
2009-06-02,台中市,SE6 青蔥 粉蔥 ,19.5,17.6,12.0,16.9,7.64,1110.0,18.97,6,2,2009,0
2009-06-03,台中市,SE6 青蔥 粉蔥 ,18.4,16.6,11.9,16.0,-5.33,1121.0,0.99,6,3,2009,0
2009-06-04,台中市,SE6 青蔥 粉蔥 ,15.1,13.6,10.2,13.2,-17.5,1633.0,45.67,6,4,2009,0
2009-06-05,台中市,SE6 青蔥 粉蔥 ,12.1,10.6,8.4,10.5,-20.45,1360.0,-16.72,6,5,2009,0
2009-06-06,台中市,SE6 青蔥 粉蔥 ,13.6,10.6,10.0,11.1,5.71,936.0,-31.18,6,6,2009,0
2009-06-07,台中市,SE6 青蔥 粉蔥 ,11.0,10.0,8.6,9.9,-10.81,1735.0,85.36,6,7,2009,0
2009-06-08,台中市,SE6 青蔥 粉蔥 ,,,,,,,,6,1,2009,1
2009-06-09,台中市,SE6 青蔥 粉蔥 ,11.7,10.0,8.0,10.0,1.01,1785.0,2.88,6,2,2009,0
2009-06-10,台中市,SE6 青蔥 粉蔥 ,10.1,8.4,6.4,8.3,-17.0,1462.0,-18.1,6,3,2009,0
2009-06-11,台中市,SE6 青蔥 粉蔥 ,12.7,12.0,11.4,12.0,44.58,927.0,-36.59,6,4,2009,0
2009-06-12,台中市,SE6 青蔥 粉蔥 ,11.2,9.6,6.7,9.4,-21.67,1690.0,82.31,6,5,2009,0
2009-06-13,台中市,SE6 青蔥 粉蔥 ,12.9,9.9,8.0,10.1,7.45,1281.0,-24.2,6,6,2009,0
2009-06-14,台中市,SE6 青蔥 粉蔥 ,11.8,10.3,8.3,10.2,0.99,1531.0,19.52,6,7,2009,0
2009-06-15,台中市,SE6 青蔥 粉蔥 ,,,,,,,,6,1,2009,1
2009-06-16,台中市,SE6 青蔥 粉蔥 ,12.3,11.2,10.0,11.2,9.8,1776.0,16.0,6,2,2009,0
2009-06-17,台中市,SE6 青蔥 粉蔥 ,12.3,11.2,9.8,11.2,0.0,1749.0,-1.52,6,3,2009,0
2009-06-18,台中市,SE6 青蔥 粉蔥 ,13.0,11.1,8.2,10.9,-2.68,1456.0,-16.75,6,4,2009,0
2009-06-19,台中市,SE6 青蔥 粉蔥 ,12.4,11.9,10.1,11.6,6.42,1695.0,16.41,6,5,2009,0
2009-06-20,台中市,SE6 青蔥 粉蔥 ,20.1,19.1,13.8,18.2,56.9,1447.0,-14.63,6,6,2009,0
2009-06-21,台中市,SE6 青蔥 粉蔥 ,17.0,15.8,13.9,15.7,-13.74,1992.0,37.66,6,7,2009,0
2009-06-22,台中市,SE6 青蔥 粉蔥 ,,,,,,,,6,1,2009,1
2009-06-23,台中市,SE6 青蔥 粉蔥 ,17.1,15.7,12.7,15.4,-1.91,2192.0,10.04,6,2,2009,0
2009-06-24,台中市,SE6 青蔥 粉蔥 ,12.3,10.9,8.8,10.8,-29.87,2828.0,29.01,6,3,2009,0
2009-06-25,台中市,SE6 青蔥 粉蔥 ,12.8,9.8,6.1,9.6,-11.11,1996.0,-29.42,6,4,2009,0
2009-06-26,台中市,SE6 青蔥 粉蔥 ,12.1,9.3,7.0,9.4,-2.08,1921.0,-3.76,6,5,2009,0
2009-06-27,台中市,SE6 青蔥 粉蔥 ,10.3,8.7,5.5,8.4,-10.64,2152.0,12.02,6,6,2009,0
2009-06-28,台中市,SE6 青蔥 粉蔥 ,13.2,10.9,8.8,10.9,29.76,1787.0,-16.96,6,7,2009,0
2009-06-29,台中市,SE6 青蔥 粉蔥 ,,,,,,,,6,1,2009,1
2009-06-30,台中市,SE6 青蔥 粉蔥 ,13.5,12.5,6.4,11.5,5.5,1734.0,-2.97,6,2,2009,0
2009-07-01,台中市,SE6 青蔥 粉蔥 ,19.2,17.5,13.3,17.0,47.83,1351.0,-22.09,7,3,2009,0
2009-07-02,台中市,SE6 青蔥 粉蔥 ,20.7,18.4,13.4,17.9,5.29,1721.0,27.39,7,4,2009,0
2009-07-03,台中市,SE6 青蔥 粉蔥 ,21.4,19.9,16.2,19.5,8.94,1684.0,-2.15,7,5,2009,0
2009-07-04,台中市,SE6 青蔥 粉蔥 ,21.2,19.0,9.8,17.6,-9.74,1907.0,13.24,7,6,2009,0
2009-07-05,台中市,SE6 青蔥 粉蔥 ,23.3,20.2,12.9,19.4,10.23,1596.0,-16.31,7,7,2009,0
2009-07-06,台中市,SE6 青蔥 粉蔥 ,,,,,,,,7,1,2009,1
2009-07-07,台中市,SE6 青蔥 粉蔥 ,20.5,18.5,14.7,18.2,-6.19,1637.0,2.57,7,2,2009,0
2009-07-08,台中市,SE6 青蔥 粉蔥 ,21.5,18.7,14.4,18.4,1.1,1309.0,-20.04,7,3,2009,0
2009-07-09,台中市,SE6 青蔥 粉蔥 ,23.0,19.4,13.8,19.0,3.26,1151.0,-12.07,7,4,2009,0
2009-07-10,台中市,SE6 青蔥 粉蔥 ,23.5,17.6,10.1,17.3,-8.95,1699.0,47.61,7,5,2009,0
2009-07-11,台中市,SE6 青蔥 粉蔥 ,22.4,20.1,11.2,18.8,8.67,963.0,-43.32,7,6,2009,0
2009-07-12,台中市,SE6 青蔥 粉蔥 ,23.2,18.7,11.4,18.2,-3.19,1014.0,5.3,7,7,2009,0
2009-07-13,台中市,SE6 青蔥 粉蔥 ,,,,,,,,7,1,2009,1
2009-07-14,台中市,SE6 青蔥 粉蔥 ,22.0,18.4,11.0,17.6,-3.3,1384.0,36.49,7,2,2009,0
2009-07-15,台中市,SE6 青蔥 粉蔥 ,23.8,21.3,8.3,19.2,9.09,713.0,-48.48,7,3,2009,0
2009-07-16,台中市,SE6 青蔥 粉蔥 ,22.8,21.5,13.7,20.2,5.21,589.0,-17.39,7,4,2009,0
2009-07-17,台中市,SE6 青蔥 粉蔥 ,27.7,25.4,14.2,23.6,16.83,420.0,-28.69,7,5,2009,0
2009-07-18,台中市,SE6 青蔥 粉蔥 ,30.7,25.6,17.5,25.0,5.93,594.0,41.43,7,6,2009,0
2009-07-19,台中市,SE6 青蔥 粉蔥 ,30.0,27.2,20.4,26.4,5.6,437.0,-26.43,7,7,2009,0
2009-07-20,台中市,SE6 青蔥 粉蔥 ,,,,,,,,7,1,2009,1
2009-07-21,台中市,SE6 青蔥 粉蔥 ,26.4,22.1,17.3,22.0,-16.67,855.0,95.65,7,2,2009,0
2009-07-22,台中市,SE6 青蔥 粉蔥 ,24.1,18.7,15.0,19.0,-13.64,854.0,-0.12,7,3,2009,0
2009-07-23,台中市,SE6 青蔥 粉蔥 ,21.2,18.9,13.7,18.3,-3.68,735.0,-13.93,7,4,2009,0
2009-07-24,台中市,SE6 青蔥 粉蔥 ,21.0,20.0,14.0,19.0,3.83,759.0,3.27,7,5,2009,0
2009-07-25,台中市,SE6 青蔥 粉蔥 ,22.5,21.1,13.8,19.9,4.74,1007.0,32.67,7,6,2009,0
2009-07-26,台中市,SE6 青蔥 粉蔥 ,23.0,21.7,15.6,20.8,4.52,816.0,-18.97,7,7,2009,0
2009-07-27,台中市,SE6 青蔥 粉蔥 ,,,,,,,,7,1,2009,1
2009-07-28,台中市,SE6 青蔥 粉蔥 ,24.7,23.4,19.0,22.8,9.62,564.0,-30.88,7,2,2009,0
2009-07-29,台中市,SE6 青蔥 粉蔥 ,25.5,23.7,18.5,23.0,0.88,625.0,10.82,7,3,2009,0
2009-07-30,台中市,SE6 青蔥 粉蔥 ,26.8,25.9,21.2,25.1,9.13,583.0,-6.72,7,4,2009,0
2009-07-31,台中市,SE6 青蔥 粉蔥 ,29.0,28.1,25.5,27.8,10.76,325.0,-44.25,7,5,2009,0
2009-08-01,台中市,SE6 青蔥 粉蔥 ,28.8,25.5,19.1,24.9,-10.43,730.0,124.62,8,6,2009,0
2009-08-02,台中市,SE6 青蔥 粉蔥 ,31.0,30.0,21.3,28.5,14.46,300.0,-58.9,8,7,2009,0
2009-08-03,台中市,SE6 青蔥 粉蔥 ,,,,,,,,8,1,2009,1
2009-08-04,台中市,SE6 青蔥 粉蔥 ,23.0,22.8,22.0,22.7,-20.35,71.0,-76.33,8,2,2009,0
2009-08-05,台中市,SE6 青蔥 粉蔥 ,21.0,20.5,13.0,19.1,-15.86,105.0,47.89,8,3,2009,0
2009-08-06,台中市,SE6 青蔥 粉蔥 ,26.8,22.7,15.4,22.1,15.71,494.0,370.48,8,4,2009,0
2009-08-07,台中市,SE6 青蔥 粉蔥 ,41.3,38.9,31.1,37.8,71.04,907.0,83.6,8,5,2009,0
2009-08-08,台中市,SE6 青蔥 粉蔥 ,43.0,37.7,31.9,37.6,-0.53,187.0,-79.38,8,6,2009,0
2009-08-09,台中市,SE6 青蔥 粉蔥 ,43.7,36.5,25.3,35.7,-5.05,668.0,257.22,8,7,2009,0
2009-08-10,台中市,SE6 青蔥 粉蔥 ,,,,,,,,8,1,2009,1
2009-08-11,台中市,SE6 青蔥 粉蔥 ,65.0,61.4,57.5,61.4,71.99,711.0,6.44,8,2,2009,0
2009-08-12,台中市,SE6 青蔥 粉蔥 ,65.0,64.7,60.0,63.8,3.91,430.0,-39.52,8,3,2009,0
2009-08-13,台中市,SE6 青蔥 粉蔥 ,74.0,71.6,49.0,67.6,5.96,347.0,-19.3,8,4,2009,0
2009-08-14,台中市,SE6 青蔥 粉蔥 ,72.7,60.3,40.9,58.9,-12.87,435.0,25.36,8,5,2009,0
2009-08-15,台中市,SE6 青蔥 粉蔥 ,85.0,79.9,59.7,76.9,30.56,513.0,17.93,8,6,2009,0
2009-08-16,台中市,SE6 青蔥 粉蔥 ,100.0,100.0,89.1,97.8,27.18,234.0,-54.39,8,7,2009,0
2009-08-17,台中市,SE6 青蔥 粉蔥 ,,,,,,,,8,1,2009,1
2009-08-18,台中市,SE6 青蔥 粉蔥 ,110.5,94.2,47.1,88.1,-9.92,467.0,99.57,8,2,2009,0
2009-08-19,台中市,SE6 青蔥 粉蔥 ,110.0,89.3,68.1,89.2,1.25,538.0,15.2,8,3,2009,0
2009-08-20,台中市,SE6 青蔥 粉蔥 ,112.2,81.2,30.2,77.2,-13.45,610.0,13.38,8,4,2009,0
2009-08-21,台中市,SE6 青蔥 粉蔥 ,87.5,60.9,24.2,58.9,-23.7,608.0,-0.33,8,5,2009,0
2009-08-22,台中市,SE6 青蔥 粉蔥 ,93.2,48.9,33.6,54.7,-7.13,731.0,20.23,8,6,2009,0
2009-08-23,台中市,SE6 青蔥 粉蔥 ,64.1,39.5,20.0,40.5,-25.96,553.0,-24.35,8,7,2009,0
2009-08-24,台中市,SE6 青蔥 粉蔥 ,,,,,,,,8,1,2009,1
2009-08-25,台中市,SE6 青蔥 粉蔥 ,63.4,43.6,20.0,42.8,5.68,872.5,57.78,8,2,2009,0
2009-08-26,台中市,SE6 青蔥 粉蔥 ,63.0,46.6,23.0,45.1,5.37,902.0,3.38,8,3,2009,0
2009-08-27,台中市,SE6 青蔥 粉蔥 ,59.4,49.7,24.8,46.6,3.33,866.0,-3.99,8,4,2009,0
2009-08-28,台中市,SE6 青蔥 粉蔥 ,48.6,32.3,22.5,33.6,-27.9,1432.0,65.36,8,5,2009,0
2009-08-29,台中市,SE6 青蔥 粉蔥 ,47.0,30.2,20.9,31.7,-5.65,1409.0,-1.61,8,6,2009,0
2009-08-30,台中市,SE6 青蔥 粉蔥 ,52.4,33.6,22.3,35.1,10.73,1298.0,-7.88,8,7,2009,0
2009-08-31,台中市,SE6 青蔥 粉蔥 ,,,,,,,,8,1,2009,1
2009-09-01,台中市,SE6 青蔥 粉蔥 ,46.6,38.7,27.8,38.1,8.55,729.0,-43.84,9,2,2009,0
2009-09-02,台中市,SE6 青蔥 粉蔥 ,45.9,42.0,36.4,41.7,9.45,685.0,-6.04,9,3,2009,0
2009-09-03,台中市,SE6 青蔥 粉蔥 ,57.0,56.2,50.7,55.3,32.61,279.0,-59.27,9,4,2009,0
2009-09-04,台中市,SE6 青蔥 粉蔥 ,,,,,,,,9,5,2009,1
2009-09-05,台中市,SE6 青蔥 粉蔥 ,,,,,,,,9,6,2009,1
2009-09-06,台中市,SE6 青蔥 粉蔥 ,85.7,61.0,47.4,63.3,14.47,620.0,122.22,9,7,2009,0
2009-09-07,台中市,SE6 青蔥 粉蔥 ,,,,,,,,9,1,2009,1
2009-09-08,台中市,SE6 青蔥 粉蔥 ,56.0,56.0,52.2,55.2,-12.8,222.0,-64.19,9,2,2009,0
2009-09-09,台中市,SE6 青蔥 粉蔥 ,55.0,50.7,30.3,47.5,-13.95,304.0,36.94,9,3,2009,0
2009-09-10,台中市,SE6 青蔥 粉蔥 ,50.7,47.0,26.5,43.6,-8.21,814.0,167.76,9,4,2009,0
2009-09-11,台中市,SE6 青蔥 粉蔥 ,50.2,48.7,34.3,46.1,5.73,524.0,-35.63,9,5,2009,0
2009-09-12,台中市,SE6 青蔥 粉蔥 ,50.0,45.0,34.2,43.8,-4.99,825.0,57.44,9,6,2009,0
2009-09-13,台中市,SE6 青蔥 粉蔥 ,50.0,36.6,28.3,37.7,-13.93,962.0,16.61,9,7,2009,0
2009-09-14,台中市,SE6 青蔥 粉蔥 ,,,,,,,,9,1,2009,1
2009-09-15,台中市,SE6 青蔥 粉蔥 ,46.0,32.3,14.7,31.5,-16.45,1146.0,19.13,9,2,2009,0
2009-09-16,台中市,SE6 青蔥 粉蔥 ,46.8,39.6,25.7,38.2,21.27,771.0,-32.72,9,3,2009,0
2009-09-17,台中市,SE6 青蔥 粉蔥 ,48.0,46.3,34.4,44.3,15.97,283.0,-63.29,9,4,2009,0
2009-09-18,台中市,SE6 青蔥 粉蔥 ,65.1,51.1,35.7,50.8,14.67,292.0,3.18,9,5,2009,0
2009-09-19,台中市,SE6 青蔥 粉蔥 ,65.0,61.4,31.0,56.0,10.24,187.0,-35.96,9,6,2009,0
2009-09-20,台中市,SE6 青蔥 粉蔥 ,56.0,39.1,35.0,41.7,-25.54,222.0,18.72,9,7,2009,0
2009-09-21,台中市,SE6 青蔥 粉蔥 ,,,,,,,,9,1,2009,1
2009-09-22,台中市,SE6 青蔥 粉蔥 ,37.0,34.3,30.0,34.0,-18.47,70.0,-68.47,9,2,2009,0
2009-09-23,台中市,SE6 青蔥 粉蔥 ,40.0,38.9,35.0,38.3,12.65,120.0,71.43,9,3,2009,0
2009-09-24,台中市,SE6 青蔥 粉蔥 ,35.0,29.1,25.0,29.4,-23.24,180.0,50.0,9,4,2009,0
2009-09-25,台中市,SE6 青蔥 粉蔥 ,40.0,35.0,35.0,36.0,22.45,99.0,-45.0,9,5,2009,0
2009-09-26,台中市,SE6 青蔥 粉蔥 ,30.0,30.0,30.0,30.0,-16.67,40.0,-59.6,9,6,2009,0
2009-09-27,台中市,SE6 青蔥 粉蔥 ,38.0,38.0,33.6,37.1,23.67,73.0,82.5,9,7,2009,0
2009-09-28,台中市,SE6 青蔥 粉蔥 ,,,,,,,,9,1,2009,1
2009-09-29,台中市,SE6 青蔥 粉蔥 ,34.8,30.0,30.0,31.0,-16.44,82.0,12.33,9,2,2009,0
2009-09-30,台中市,SE6 青蔥 粉蔥 ,30.0,30.0,30.0,30.0,-3.23,16.0,-80.49,9,3,2009,0
2009-10-01,台中市,SE6 青蔥 粉蔥 ,,,,,,,,10,4,2009,1
2009-10-02,台中市,SE6 青蔥 粉蔥 ,38.0,38.0,38.0,38.0,26.67,80.0,400.0,10,5,2009,0
2009-10-03,台中市,SE6 青蔥 粉蔥 ,45.0,45.0,45.0,45.0,18.42,260.0,225.0,10,6,2009,0
2009-10-04,台中市,SE6 青蔥 粉蔥 ,,,,,,,,10,7,2009,1
2009-10-05,台中市,SE6 青蔥 粉蔥 ,,,,,,,,10,1,2009,1
2009-10-06,台中市,SE6 青蔥 粉蔥 ,,,,,,,,10,2,2009,1
2009-10-07,台中市,SE6 青蔥 粉蔥 ,,,,,,,,10,3,2009,1
2009-10-08,台中市,SE6 青蔥 粉蔥 ,45.0,45.0,45.0,45.0,0.0,20.0,-92.31,10,4,2009,0
2009-10-09,台中市,SE6 青蔥 粉蔥 ,45.0,45.0,45.0,45.0,0.0,20.0,0.0,10,5,2009,0
2009-10-10,台中市,SE6 青蔥 粉蔥 ,,,,,,,,10,6,2009,1
2009-10-11,台中市,SE6 青蔥 粉蔥 ,,,,,,,,10,7,2009,1
2009-10-12,台中市,SE6 青蔥 粉蔥 ,,,,,,,,10,1,2009,1
2009-10-13,台中市,SE6 青蔥 粉蔥 ,47.0,47.0,47.0,47.0,4.44,13.0,-35.0,10,2,2009,0
2009-10-14,台中市,SE6 青蔥 粉蔥 ,55.0,51.7,42.9,50.6,7.66,706.0,5330.77,10,3,2009,0
2009-10-15,台中市,SE6 青蔥 粉蔥 ,,,,,,,,10,4,2009,1
2009-10-16,台中市,SE6 青蔥 粉蔥 ,55.0,52.5,50.0,52.5,3.75,80.0,-88.67,10,5,2009,0
2009-10-17,台中市,SE6 青蔥 粉蔥 ,61.0,61.0,61.0,61.0,16.19,40.0,-50.0,10,6,2009,0
2009-10-18,台中市,SE6 青蔥 粉蔥 ,53.9,43.9,37.3,44.6,-26.89,206.0,415.0,10,7,2009,0
2009-10-19,台中市,SE6 青蔥 粉蔥 ,,,,,,,,10,1,2009,1
2009-10-20,台中市,SE6 青蔥 粉蔥 ,55.0,44.7,38.0,45.4,1.79,282.0,36.89,10,2,2009,0
2009-10-21,台中市,SE6 青蔥 粉蔥 ,45.0,38.7,30.2,38.3,-15.64,412.0,46.1,10,3,2009,0
2009-10-22,台中市,SE6 青蔥 粉蔥 ,39.1,31.6,30.0,32.8,-14.36,440.0,6.8,10,4,2009,0
2009-10-23,台中市,SE6 青蔥 粉蔥 ,30.0,30.0,26.3,29.3,-10.67,320.0,-27.27,10,5,2009,0
2009-10-24,台中市,SE6 青蔥 粉蔥 ,50.0,43.1,39.3,43.7,49.15,688.0,115.0,10,6,2009,0
2009-10-25,台中市,SE6 青蔥 粉蔥 ,39.0,33.3,27.0,33.2,-24.03,242.0,-64.83,10,7,2009,0
2009-10-26,台中市,SE6 青蔥 粉蔥 ,,,,,,,,10,1,2009,1
2009-10-27,台中市,SE6 青蔥 粉蔥 ,,,,,,,,10,2,2009,1
2009-10-28,台中市,SE6 青蔥 粉蔥 ,37.0,34.8,30.0,34.3,3.31,240.0,-0.83,10,3,2009,0
2009-10-29,台中市,SE6 青蔥 粉蔥 ,31.9,27.4,24.4,27.7,-19.24,340.0,41.67,10,4,2009,0
2009-10-30,台中市,SE6 青蔥 粉蔥 ,,,,,,,,10,5,2009,1
2009-10-31,台中市,SE6 青蔥 粉蔥 ,,,,,,,,10,6,2009,1
2009-11-01,台中市,SE6 青蔥 粉蔥 ,35.0,35.0,35.0,35.0,26.35,40.0,-88.24,11,7,2009,0
2009-11-02,台中市,SE6 青蔥 粉蔥 ,,,,,,,,11,1,2009,1
2009-11-03,台中市,SE6 青蔥 粉蔥 ,35.0,35.0,35.0,35.0,0.0,38.0,-5.0,11,2,2009,0
2009-11-04,台中市,SE6 青蔥 粉蔥 ,35.0,33.9,30.0,33.3,-4.86,180.0,373.68,11,3,2009,0
2009-11-05,台中市,SE6 青蔥 粉蔥 ,30.0,26.1,25.0,26.7,-19.82,60.0,-66.67,11,4,2009,0
2009-11-06,台中市,SE6 青蔥 粉蔥 ,27.0,27.0,27.0,27.0,1.12,60.0,0.0,11,5,2009,0
2009-11-07,台中市,SE6 青蔥 粉蔥 ,,,,,,,,11,6,2009,1
2009-11-08,台中市,SE6 青蔥 粉蔥 ,,,,,,,,11,7,2009,1
2009-11-09,台中市,SE6 青蔥 粉蔥 ,,,,,,,,11,1,2009,1
2009-11-10,台中市,SE6 青蔥 粉蔥 ,,,,,,,,11,2,2009,1
2009-11-11,台中市,SE6 青蔥 粉蔥 ,,,,,,,,11,3,2009,1
2009-11-12,台中市,SE6 青蔥 粉蔥 ,,,,,,,,11,4,2009,1
2009-11-13,台中市,SE6 青蔥 粉蔥 ,,,,,,,,11,5,2009,1
2009-11-14,台中市,SE6 青蔥 粉蔥 ,,,,,,,,11,6,2009,1
2009-11-15,台中市,SE6 青蔥 粉蔥 ,20.0,18.6,17.2,18.6,-31.11,260.0,333.33,11,7,2009,0
2009-11-16,台中市,SE6 青蔥 粉蔥 ,,,,,,,,11,1,2009,1
2009-11-17,台中市,SE6 青蔥 粉蔥 ,20.0,19.5,18.0,19.3,3.76,177.0,-31.92,11,2,2009,0
2009-11-18,台中市,SE6 青蔥 粉蔥 ,,,,,,,,11,3,2009,1
2009-11-19,台中市,SE6 青蔥 粉蔥 ,,,,,,,,11,4,2009,1
2009-11-20,台中市,SE6 青蔥 粉蔥 ,,,,,,,,11,5,2009,1
2009-11-21,台中市,SE6 青蔥 粉蔥 ,,,,,,,,11,6,2009,1
2009-11-22,台中市,SE6 青蔥 粉蔥 ,,,,,,,,11,7,2009,1
2009-11-23,台中市,SE6 青蔥 粉蔥 ,,,,,,,,11,1,2009,1
2009-11-24,台中市,SE6 青蔥 粉蔥 ,,,,,,,,11,2,2009,1
2009-11-25,台中市,SE6 青蔥 粉蔥 ,,,,,,,,11,3,2009,1
2009-11-26,台中市,SE6 青蔥 粉蔥 ,15.0,11.0,10.0,11.6,-39.9,59.0,-66.67,11,4,2009,0
2009-11-27,台中市,SE6 青蔥 粉蔥 ,,,,,,,,11,5,2009,1
2009-11-28,台中市,SE6 青蔥 粉蔥 ,,,,,,,,11,6,2009,1
2009-11-29,台中市,SE6 青蔥 粉蔥 ,17.0,16.1,16.0,16.3,40.52,120.0,103.39,11,7,2009,0
2009-11-30,台中市,SE6 青蔥 粉蔥 ,,,,,,,,11,1,2009,1
2009-12-01,台中市,SE6 青蔥 粉蔥 ,,,,,,,,12,2,2009,1
2009-12-02,台中市,SE6 青蔥 粉蔥 ,,,,,,,,12,3,2009,1
2009-12-03,台中市,SE6 青蔥 粉蔥 ,,,,,,,,12,4,2009,1
2009-12-04,台中市,SE6 青蔥 粉蔥 ,,,,,,,,12,5,2009,1
2009-12-05,台中市,SE6 青蔥 粉蔥 ,,,,,,,,12,6,2009,1
2009-12-06,台中市,SE6 青蔥 粉蔥 ,,,,,,,,12,7,2009,1
2009-12-07,台中市,SE6 青蔥 粉蔥 ,,,,,,,,12,1,2009,1
2009-12-08,台中市,SE6 青蔥 粉蔥 ,,,,,,,,12,2,2009,1
2009-12-09,台中市,SE6 青蔥 粉蔥 ,,,,,,,,12,3,2009,1
2009-12-10,台中市,SE6 青蔥 粉蔥 ,,,,,,,,12,4,2009,1
2009-12-11,台中市,SE6 青蔥 粉蔥 ,,,,,,,,12,5,2009,1
2009-12-12,台中市,SE6 青蔥 粉蔥 ,,,,,,,,12,6,2009,1
2009-12-13,台中市,SE6 青蔥 粉蔥 ,,,,,,,,12,7,2009,1
2009-12-14,台中市,SE6 青蔥 粉蔥 ,,,,,,,,12,1,2009,1
2009-12-15,台中市,SE6 青蔥 粉蔥 ,,,,,,,,12,2,2009,1
2009-12-16,台中市,SE6 青蔥 粉蔥 ,,,,,,,,12,3,2009,1
2009-12-17,台中市,SE6 青蔥 粉蔥 ,,,,,,,,12,4,2009,1
2009-12-18,台中市,SE6 青蔥 粉蔥 ,,,,,,,,12,5,2009,1
2009-12-19,台中市,SE6 青蔥 粉蔥 ,,,,,,,,12,6,2009,1
2009-12-20,台中市,SE6 青蔥 粉蔥 ,,,,,,,,12,7,2009,1
2009-12-21,台中市,SE6 青蔥 粉蔥 ,,,,,,,,12,1,2009,1
2009-12-22,台中市,SE6 青蔥 粉蔥 ,,,,,,,,12,2,2009,1
2009-12-23,台中市,SE6 青蔥 粉蔥 ,,,,,,,,12,3,2009,1
2009-12-24,台中市,SE6 青蔥 粉蔥 ,,,,,,,,12,4,2009,1
2009-12-25,台中市,SE6 青蔥 粉蔥 ,,,,,,,,12,5,2009,1
2009-12-26,台中市,SE6 青蔥 粉蔥 ,,,,,,,,12,6,2009,1
2009-12-27,台中市,SE6 青蔥 粉蔥 ,,,,,,,,12,7,2009,1
2009-12-28,台中市,SE6 青蔥 粉蔥 ,,,,,,,,12,1,2009,1
2009-12-29,台中市,SE6 青蔥 粉蔥 ,,,,,,,,12,2,2009,1
2009-12-30,台中市,SE6 青蔥 粉蔥 ,,,,,,,,12,3,2009,1
2009-12-31,台中市,SE6 青蔥 粉蔥 ,,,,,,,,12,4,2009,1
2010-01-01,台中市,SE6 青蔥 粉蔥 ,15.8,15.0,13.3,14.8,-9.2,372.0,210.0,1,5,2010,0
2010-01-02,台中市,SE6 青蔥 粉蔥 ,,,,,,,,1,6,2010,1
2010-01-03,台中市,SE6 青蔥 粉蔥 ,,,,,,,,1,7,2010,1
2010-01-04,台中市,SE6 青蔥 粉蔥 ,,,,,,,,1,1,2010,1
2010-01-05,台中市,SE6 青蔥 粉蔥 ,30.0,30.0,30.0,30.0,102.7,20.0,-94.62,1,2,2010,0
2010-01-06,台中市,SE6 青蔥 粉蔥 ,20.0,20.0,20.0,20.0,-33.33,20.0,0.0,1,3,2010,0
2010-01-07,台中市,SE6 青蔥 粉蔥 ,,,,,,,,1,4,2010,1
2010-01-08,台中市,SE6 青蔥 粉蔥 ,,,,,,,,1,5,2010,1
2010-01-09,台中市,SE6 青蔥 粉蔥 ,17.0,17.0,17.0,17.0,-15.0,30.0,50.0,1,6,2010,0
2010-01-10,台中市,SE6 青蔥 粉蔥 ,16.5,13.0,13.0,13.7,-19.41,100.0,233.33,1,7,2010,0
2010-01-11,台中市,SE6 青蔥 粉蔥 ,,,,,,,,1,1,2010,1
2010-01-12,台中市,SE6 青蔥 粉蔥 ,,,,,,,,1,2,2010,1
2010-01-13,台中市,SE6 青蔥 粉蔥 ,,,,,,,,1,3,2010,1
2010-01-14,台中市,SE6 青蔥 粉蔥 ,,,,,,,,1,4,2010,1
2010-01-15,台中市,SE6 青蔥 粉蔥 ,,,,,,,,1,5,2010,1
2010-01-16,台中市,SE6 青蔥 粉蔥 ,,,,,,,,1,6,2010,1
2010-01-17,台中市,SE6 青蔥 粉蔥 ,,,,,,,,1,7,2010,1
2010-01-18,台中市,SE6 青蔥 粉蔥 ,,,,,,,,1,1,2010,1
2010-01-19,台中市,SE6 青蔥 粉蔥 ,,,,,,,,1,2,2010,1
2010-01-20,台中市,SE6 青蔥 粉蔥 ,,,,,,,,1,3,2010,1
2010-01-21,台中市,SE6 青蔥 粉蔥 ,9.6,8.6,6.2,8.3,-39.42,474.0,374.0,1,4,2010,0
2010-01-22,台中市,SE6 青蔥 粉蔥 ,7.0,6.8,3.3,6.1,-26.51,412.0,-13.08,1,5,2010,0
2010-01-23,台中市,SE6 青蔥 粉蔥 ,9.3,8.1,8.0,8.3,36.07,365.0,-11.41,1,6,2010,0
2010-01-24,台中市,SE6 青蔥 粉蔥 ,10.0,9.4,8.0,9.2,10.84,286.0,-21.64,1,7,2010,0
2010-01-25,台中市,SE6 青蔥 粉蔥 ,,,,,,,,1,1,2010,1
2010-01-26,台中市,SE6 青蔥 粉蔥 ,15.2,12.7,11.4,13.0,41.3,872.0,204.9,1,2,2010,0
2010-01-27,台中市,SE6 青蔥 粉蔥 ,,,,,,,,1,3,2010,1
2010-01-28,台中市,SE6 青蔥 粉蔥 ,13.0,12.1,12.0,12.3,-5.38,240.0,-72.48,1,4,2010,0
2010-01-29,台中市,SE6 青蔥 粉蔥 ,13.5,12.7,7.7,11.9,-3.25,346.0,44.17,1,5,2010,0
2010-01-30,台中市,SE6 青蔥 粉蔥 ,14.0,12.1,10.0,12.1,1.68,528.0,52.6,1,6,2010,0
2010-01-31,台中市,SE6 青蔥 粉蔥 ,10.3,9.2,5.1,8.6,-28.93,840.0,59.09,1,7,2010,0
2010-02-01,台中市,SE6 青蔥 粉蔥 ,,,,,,,,2,1,2010,1
2010-02-02,台中市,SE6 青蔥 粉蔥 ,11.0,9.6,6.0,9.1,5.81,600.0,-28.57,2,2,2010,0
2010-02-03,台中市,SE6 青蔥 粉蔥 ,11.0,10.9,7.0,10.1,10.99,675.0,12.5,2,3,2010,0
2010-02-04,台中市,SE6 青蔥 粉蔥 ,10.0,9.8,8.0,9.5,-5.94,570.0,-15.56,2,4,2010,0
2010-02-05,台中市,SE6 青蔥 粉蔥 ,11.0,9.6,6.0,9.2,-3.16,500.0,-12.28,2,5,2010,0
2010-02-06,台中市,SE6 青蔥 粉蔥 ,11.0,9.8,8.0,9.7,5.43,520.0,4.0,2,6,2010,0
2010-02-07,台中市,SE6 青蔥 粉蔥 ,11.0,11.0,10.1,10.8,11.34,440.0,-15.38,2,7,2010,0
2010-02-08,台中市,SE6 青蔥 粉蔥 ,,,,,,,,2,1,2010,1
2010-02-09,台中市,SE6 青蔥 粉蔥 ,12.0,10.1,7.3,9.9,-8.33,440.0,0.0,2,2,2010,0
2010-02-10,台中市,SE6 青蔥 粉蔥 ,13.0,12.6,10.0,12.2,23.23,220.0,-50.0,2,3,2010,0
2010-02-11,台中市,SE6 青蔥 粉蔥 ,15.4,9.8,5.2,10.0,-18.03,726.0,230.0,2,4,2010,0
2010-02-12,台中市,SE6 青蔥 粉蔥 ,23.0,12.7,4.0,13.0,30.0,390.0,-46.28,2,5,2010,0
2010-02-13,台中市,SE6 青蔥 粉蔥 ,,,,,,,,2,6,2010,1
2010-02-14,台中市,SE6 青蔥 粉蔥 ,,,,,,,,2,7,2010,1
2010-02-15,台中市,SE6 青蔥 粉蔥 ,,,,,,,,2,1,2010,1
2010-02-16,台中市,SE6 青蔥 粉蔥 ,,,,,,,,2,2,2010,1
2010-02-17,台中市,SE6 青蔥 粉蔥 ,,,,,,,,2,3,2010,1
2010-02-18,台中市,SE6 青蔥 粉蔥 ,,,,,,,,2,4,2010,1
2010-02-19,台中市,SE6 青蔥 粉蔥 ,,,,,,,,2,5,2010,1
2010-02-20,台中市,SE6 青蔥 粉蔥 ,23.0,23.0,23.0,23.0,76.92,60.0,-84.62,2,6,2010,0
2010-02-21,台中市,SE6 青蔥 粉蔥 ,25.0,25.0,22.3,24.5,6.52,220.0,266.67,2,7,2010,0
2010-02-22,台中市,SE6 青蔥 粉蔥 ,,,,,,,,2,1,2010,1
2010-02-23,台中市,SE6 青蔥 粉蔥 ,30.0,28.1,25.0,27.9,13.88,190.0,-13.64,2,2,2010,0
2010-02-24,台中市,SE6 青蔥 粉蔥 ,22.0,19.1,15.3,18.9,-32.26,110.0,-42.11,2,3,2010,0
2010-02-25,台中市,SE6 青蔥 粉蔥 ,12.0,11.0,10.0,11.0,-41.8,160.0,45.45,2,4,2010,0
2010-02-26,台中市,SE6 青蔥 粉蔥 ,13.6,8.9,2.5,8.6,-21.82,183.0,14.37,2,5,2010,0
2010-02-27,台中市,SE6 青蔥 粉蔥 ,23.8,11.9,5.6,13.0,51.16,220.0,20.22,2,6,2010,0
2010-02-28,台中市,SE6 青蔥 粉蔥 ,19.0,12.5,4.6,12.2,-6.15,440.0,100.0,2,7,2010,0
2010-03-01,台中市,SE6 青蔥 粉蔥 ,,,,,,,,3,1,2010,1
2010-03-02,台中市,SE6 青蔥 粉蔥 ,,,,,,,,3,2,2010,1
2010-03-03,台中市,SE6 青蔥 粉蔥 ,23.0,10.2,3.0,11.3,-7.38,400.0,-9.09,3,3,2010,0
2010-03-04,台中市,SE6 青蔥 粉蔥 ,10.0,10.0,10.0,10.0,-11.5,20.0,-95.0,3,4,2010,0
2010-03-05,台中市,SE6 青蔥 粉蔥 ,12.0,12.0,12.0,12.0,20.0,20.0,0.0,3,5,2010,0
2010-03-06,台中市,SE6 青蔥 粉蔥 ,22.9,16.9,12.9,17.3,44.17,140.0,600.0,3,6,2010,0
2010-03-07,台中市,SE6 青蔥 粉蔥 ,25.0,18.8,13.0,18.9,9.25,41.0,-70.71,3,7,2010,0
2010-03-08,台中市,SE6 青蔥 粉蔥 ,,,,,,,,3,1,2010,1
2010-03-09,台中市,SE6 青蔥 粉蔥 ,27.0,13.8,10.0,15.7,-16.93,60.0,46.34,3,2,2010,0
2010-03-10,台中市,SE6 青蔥 粉蔥 ,27.0,21.0,15.0,21.0,33.76,40.0,-33.33,3,3,2010,0
2010-03-11,台中市,SE6 青蔥 粉蔥 ,30.0,30.0,30.0,30.0,42.86,20.0,-50.0,3,4,2010,0
2010-03-12,台中市,SE6 青蔥 粉蔥 ,35.0,21.8,18.0,23.7,-21.0,60.0,200.0,3,5,2010,0
2010-03-13,台中市,SE6 青蔥 粉蔥 ,35.0,35.0,35.0,35.0,47.68,20.0,-66.67,3,6,2010,0
2010-03-14,台中市,SE6 青蔥 粉蔥 ,37.0,37.0,37.0,37.0,5.71,40.0,100.0,3,7,2010,0
2010-03-15,台中市,SE6 青蔥 粉蔥 ,,,,,,,,3,1,2010,1
2010-03-16,台中市,SE6 青蔥 粉蔥 ,32.2,25.0,18.7,25.2,-31.89,458.0,1045.0,3,2,2010,0
2010-03-17,台中市,SE6 青蔥 粉蔥 ,29.8,24.9,17.3,24.3,-3.57,545.0,19.0,3,3,2010,0
2010-03-18,台中市,SE6 青蔥 粉蔥 ,27.2,21.5,20.0,22.3,-8.23,426.0,-21.83,3,4,2010,0
2010-03-19,台中市,SE6 青蔥 粉蔥 ,28.5,23.4,20.0,23.7,6.28,666.0,56.34,3,5,2010,0
2010-03-20,台中市,SE6 青蔥 粉蔥 ,28.9,23.1,10.0,21.6,-8.86,602.0,-9.61,3,6,2010,0
2010-03-21,台中市,SE6 青蔥 粉蔥 ,32.3,27.6,20.4,27.1,25.46,484.0,-19.6,3,7,2010,0
2010-03-22,台中市,SE6 青蔥 粉蔥 ,,,,,,,,3,1,2010,1
2010-03-23,台中市,SE6 青蔥 粉蔥 ,31.0,28.4,20.1,27.3,0.74,430.0,-11.16,3,2,2010,0
2010-03-24,台中市,SE6 青蔥 粉蔥 ,28.3,25.2,24.0,25.6,-6.23,804.0,86.98,3,3,2010,0
2010-03-25,台中市,SE6 青蔥 粉蔥 ,24.6,22.1,14.5,21.1,-17.58,998.0,24.13,3,4,2010,0
2010-03-26,台中市,SE6 青蔥 粉蔥 ,25.3,20.7,16.0,20.7,-1.9,755.0,-24.35,3,5,2010,0
2010-03-27,台中市,SE6 青蔥 粉蔥 ,26.7,23.5,20.4,23.5,13.53,807.0,6.89,3,6,2010,0
2010-03-28,台中市,SE6 青蔥 粉蔥 ,28.5,24.2,20.7,24.4,3.83,1095.0,35.69,3,7,2010,0
2010-03-29,台中市,SE6 青蔥 粉蔥 ,,,,,,,,3,1,2010,1
2010-03-30,台中市,SE6 青蔥 粉蔥 ,28.3,23.6,18.0,23.4,-4.1,523.0,-52.24,3,2,2010,0
2010-03-31,台中市,SE6 青蔥 粉蔥 ,30.8,25.5,22.9,26.1,11.54,659.0,26.0,3,3,2010,0
2010-04-01,台中市,SE6 青蔥 粉蔥 ,36.0,31.8,27.0,31.7,21.46,81.0,-87.71,4,4,2010,0
2010-04-02,台中市,SE6 青蔥 粉蔥 ,37.4,34.1,24.4,32.8,3.47,228.0,181.48,4,5,2010,0
2010-04-03,台中市,SE6 青蔥 粉蔥 ,37.0,33.4,25.0,32.5,-0.91,181.0,-20.61,4,6,2010,0
2010-04-04,台中市,SE6 青蔥 粉蔥 ,38.2,29.7,20.0,29.5,-9.23,386.0,113.26,4,7,2010,0
2010-04-05,台中市,SE6 青蔥 粉蔥 ,,,,,,,,4,1,2010,1
2010-04-06,台中市,SE6 青蔥 粉蔥 ,,,,,,,,4,2,2010,1
2010-04-07,台中市,SE6 青蔥 粉蔥 ,33.3,27.7,17.0,26.7,-9.49,188.0,-51.3,4,3,2010,0
2010-04-08,台中市,SE6 青蔥 粉蔥 ,33.0,28.3,20.0,27.6,3.37,166.0,-11.7,4,4,2010,0
2010-04-09,台中市,SE6 青蔥 粉蔥 ,32.0,26.5,25.0,27.3,-1.09,139.0,-16.27,4,5,2010,0
2010-04-10,台中市,SE6 青蔥 粉蔥 ,31.0,25.9,24.0,26.5,-2.93,143.0,2.88,4,6,2010,0
2010-04-11,台中市,SE6 青蔥 粉蔥 ,,,,,,,,4,7,2010,1
2010-04-12,台中市,SE6 青蔥 粉蔥 ,,,,,,,,4,1,2010,1
2010-04-13,台中市,SE6 青蔥 粉蔥 ,10.0,10.0,10.0,10.0,-62.26,39.0,-72.73,4,2,2010,0
2010-04-14,台中市,SE6 青蔥 粉蔥 ,18.0,18.0,18.0,18.0,80.0,98.0,151.28,4,3,2010,0
2010-04-15,台中市,SE6 青蔥 粉蔥 ,28.0,27.5,25.0,27.1,50.56,68.0,-30.61,4,4,2010,0
2010-04-16,台中市,SE6 青蔥 粉蔥 ,27.0,27.0,27.0,27.0,-0.37,20.0,-70.59,4,5,2010,0
2010-04-17,台中市,SE6 青蔥 粉蔥 ,37.0,36.5,36.0,36.5,35.19,72.0,260.0,4,6,2010,0
2010-04-18,台中市,SE6 青蔥 粉蔥 ,36.0,32.9,23.0,31.5,-13.7,74.0,2.78,4,7,2010,0
2010-04-19,台中市,SE6 青蔥 粉蔥 ,,,,,,,,4,1,2010,1
2010-04-20,台中市,SE6 青蔥 粉蔥 ,,,,,,,,4,2,2010,1
2010-04-21,台中市,SE6 青蔥 粉蔥 ,25.0,23.7,20.0,23.2,-26.35,100.0,35.14,4,3,2010,0
2010-04-22,台中市,SE6 青蔥 粉蔥 ,36.8,23.0,18.0,24.7,6.47,98.0,-2.0,4,4,2010,0
2010-04-23,台中市,SE6 青蔥 粉蔥 ,40.0,32.5,25.0,32.5,31.58,168.0,71.43,4,5,2010,0
2010-04-24,台中市,SE6 青蔥 粉蔥 ,33.0,33.0,33.0,33.0,1.54,90.0,-46.43,4,6,2010,0
2010-04-25,台中市,SE6 青蔥 粉蔥 ,39.0,38.1,38.0,38.3,16.06,56.0,-37.78,4,7,2010,0
2010-04-26,台中市,SE6 青蔥 粉蔥 ,,,,,,,,4,1,2010,1
2010-04-27,台中市,SE6 青蔥 粉蔥 ,25.0,13.9,10.0,15.3,-60.05,62.0,10.71,4,2,2010,0
2010-04-28,台中市,SE6 青蔥 粉蔥 ,,,,,,,,4,3,2010,1
2010-04-29,台中市,SE6 青蔥 粉蔥 ,,,,,,,,4,4,2010,1
2010-04-30,台中市,SE6 青蔥 粉蔥 ,,,,,,,,4,5,2010,1
2010-05-01,台中市,SE6 青蔥 粉蔥 ,,,,,,,,5,6,2010,1
2010-05-02,台中市,SE6 青蔥 粉蔥 ,,,,,,,,5,7,2010,1
2010-05-03,台中市,SE6 青蔥 粉蔥 ,,,,,,,,5,1,2010,1
2010-05-04,台中市,SE6 青蔥 粉蔥 ,,,,,,,,5,2,2010,1
2010-05-05,台中市,SE6 青蔥 粉蔥 ,,,,,,,,5,3,2010,1
2010-05-06,台中市,SE6 青蔥 粉蔥 ,,,,,,,,5,4,2010,1
2010-05-07,台中市,SE6 青蔥 粉蔥 ,,,,,,,,5,5,2010,1
2010-05-08,台中市,SE6 青蔥 粉蔥 ,,,,,,,,5,6,2010,1
2010-05-09,台中市,SE6 青蔥 粉蔥 ,,,,,,,,5,7,2010,1
2010-05-10,台中市,SE6 青蔥 粉蔥 ,,,,,,,,5,1,2010,1
2010-05-11,台中市,SE6 青蔥 粉蔥 ,35.0,32.5,30.0,32.5,112.42,60.0,-3.23,5,2,2010,0
2010-05-12,台中市,SE6 青蔥 粉蔥 ,32.0,31.0,30.0,31.0,-4.62,30.0,-50.0,5,3,2010,0
2010-05-13,台中市,SE6 青蔥 粉蔥 ,,,,,,,,5,4,2010,1
2010-05-14,台中市,SE6 青蔥 粉蔥 ,,,,,,,,5,5,2010,1
2010-05-15,台中市,SE6 青蔥 粉蔥 ,,,,,,,,5,6,2010,1
2010-05-16,台中市,SE6 青蔥 粉蔥 ,,,,,,,,5,7,2010,1
2010-05-17,台中市,SE6 青蔥 粉蔥 ,,,,,,,,5,1,2010,1
2010-05-18,台中市,SE6 青蔥 粉蔥 ,33.1,18.0,18.0,21.0,-32.26,109.0,263.33,5,2,2010,0
2010-05-19,台中市,SE6 青蔥 粉蔥 ,,,,,,,,5,3,2010,1
2010-05-20,台中市,SE6 青蔥 粉蔥 ,,,,,,,,5,4,2010,1
2010-05-21,台中市,SE6 青蔥 粉蔥 ,,,,,,,,5,5,2010,1
2010-05-22,台中市,SE6 青蔥 粉蔥 ,35.0,35.0,35.0,35.0,66.67,18.0,-83.49,5,6,2010,0
2010-05-23,台中市,SE6 青蔥 粉蔥 ,,,,,,,,5,7,2010,1
2010-05-24,台中市,SE6 青蔥 粉蔥 ,,,,,,,,5,1,2010,1
2010-05-25,台中市,SE6 青蔥 粉蔥 ,,,,,,,,5,2,2010,1
2010-05-26,台中市,SE6 青蔥 粉蔥 ,,,,,,,,5,3,2010,1
2010-05-27,台中市,SE6 青蔥 粉蔥 ,,,,,,,,5,4,2010,1
2010-05-28,台中市,SE6 青蔥 粉蔥 ,,,,,,,,5,5,2010,1
2010-05-29,台中市,SE6 青蔥 粉蔥 ,,,,,,,,5,6,2010,1
2010-05-30,台中市,SE6 青蔥 粉蔥 ,,,,,,,,5,7,2010,1
2010-05-31,台中市,SE6 青蔥 粉蔥 ,,,,,,,,5,1,2010,1
2010-06-01,台中市,SE6 青蔥 粉蔥 ,,,,,,,,6,2,2010,1
2010-06-02,台中市,SE6 青蔥 粉蔥 ,,,,,,,,6,3,2010,1
2010-06-03,台中市,SE6 青蔥 粉蔥 ,,,,,,,,6,4,2010,1
2010-06-04,台中市,SE6 青蔥 粉蔥 ,,,,,,,,6,5,2010,1
2010-06-05,台中市,SE6 青蔥 粉蔥 ,,,,,,,,6,6,2010,1
2010-06-06,台中市,SE6 青蔥 粉蔥 ,,,,,,,,6,7,2010,1
2010-06-07,台中市,SE6 青蔥 粉蔥 ,,,,,,,,6,1,2010,1
2010-06-08,台中市,SE6 青蔥 粉蔥 ,,,,,,,,6,2,2010,1
2010-06-09,台中市,SE6 青蔥 粉蔥 ,,,,,,,,6,3,2010,1
2010-06-10,台中市,SE6 青蔥 粉蔥 ,,,,,,,,6,4,2010,1
2010-06-11,台中市,SE6 青蔥 粉蔥 ,,,,,,,,6,5,2010,1
2010-06-12,台中市,SE6 青蔥 粉蔥 ,,,,,,,,6,6,2010,1
2010-06-13,台中市,SE6 青蔥 粉蔥 ,,,,,,,,6,7,2010,1
2010-06-14,台中市,SE6 青蔥 粉蔥 ,,,,,,,,6,1,2010,1
2010-06-15,台中市,SE6 青蔥 粉蔥 ,,,,,,,,6,2,2010,1
2010-06-16,台中市,SE6 青蔥 粉蔥 ,,,,,,,,6,3,2010,1
2010-06-17,台中市,SE6 青蔥 粉蔥 ,,,,,,,,6,4,2010,1
2010-06-18,台中市,SE6 青蔥 粉蔥 ,,,,,,,,6,5,2010,1
2010-06-19,台中市,SE6 青蔥 粉蔥 ,,,,,,,,6,6,2010,1
2010-06-20,台中市,SE6 青蔥 粉蔥 ,,,,,,,,6,7,2010,1
2010-06-21,台中市,SE6 青蔥 粉蔥 ,,,,,,,,6,1,2010,1
2010-06-22,台中市,SE6 青蔥 粉蔥 ,,,,,,,,6,2,2010,1
2010-06-23,台中市,SE6 青蔥 粉蔥 ,,,,,,,,6,3,2010,1
2010-06-24,台中市,SE6 青蔥 粉蔥 ,,,,,,,,6,4,2010,1
2010-06-25,台中市,SE6 青蔥 粉蔥 ,,,,,,,,6,5,2010,1
2010-06-26,台中市,SE6 青蔥 粉蔥 ,,,,,,,,6,6,2010,1
2010-06-27,台中市,SE6 青蔥 粉蔥 ,,,,,,,,6,7,2010,1
2010-06-28,台中市,SE6 青蔥 粉蔥 ,,,,,,,,6,1,2010,1
2010-06-29,台中市,SE6 青蔥 粉蔥 ,,,,,,,,6,2,2010,1
2010-06-30,台中市,SE6 青蔥 粉蔥 ,,,,,,,,6,3,2010,1
2010-07-01,台中市,SE6 青蔥 粉蔥 ,,,,,,,,7,4,2010,1
2010-07-02,台中市,SE6 青蔥 粉蔥 ,,,,,,,,7,5,2010,1
2010-07-03,台中市,SE6 青蔥 粉蔥 ,,,,,,,,7,6,2010,1
2010-07-04,台中市,SE6 青蔥 粉蔥 ,,,,,,,,7,7,2010,1
2010-07-05,台中市,SE6 青蔥 粉蔥 ,,,,,,,,7,1,2010,1
2010-07-06,台中市,SE6 青蔥 粉蔥 ,,,,,,,,7,2,2010,1
2010-07-07,台中市,SE6 青蔥 粉蔥 ,,,,,,,,7,3,2010,1
2010-07-08,台中市,SE6 青蔥 粉蔥 ,,,,,,,,7,4,2010,1
2010-07-09,台中市,SE6 青蔥 粉蔥 ,,,,,,,,7,5,2010,1
2010-07-10,台中市,SE6 青蔥 粉蔥 ,,,,,,,,7,6,2010,1
2010-07-11,台中市,SE6 青蔥 粉蔥 ,,,,,,,,7,7,2010,1
2010-07-12,台中市,SE6 青蔥 粉蔥 ,,,,,,,,7,1,2010,1
2010-07-13,台中市,SE6 青蔥 粉蔥 ,,,,,,,,7,2,2010,1
2010-07-14,台中市,SE6 青蔥 粉蔥 ,,,,,,,,7,3,2010,1
2010-07-15,台中市,SE6 青蔥 粉蔥 ,,,,,,,,7,4,2010,1
2010-07-16,台中市,SE6 青蔥 粉蔥 ,,,,,,,,7,5,2010,1
2010-07-17,台中市,SE6 青蔥 粉蔥 ,,,,,,,,7,6,2010,1
2010-07-18,台中市,SE6 青蔥 粉蔥 ,,,,,,,,7,7,2010,1
2010-07-19,台中市,SE6 青蔥 粉蔥 ,,,,,,,,7,1,2010,1
2010-07-20,台中市,SE6 青蔥 粉蔥 ,,,,,,,,7,2,2010,1
2010-07-21,台中市,SE6 青蔥 粉蔥 ,,,,,,,,7,3,2010,1
2010-07-22,台中市,SE6 青蔥 粉蔥 ,,,,,,,,7,4,2010,1
2010-07-23,台中市,SE6 青蔥 粉蔥 ,,,,,,,,7,5,2010,1
2010-07-24,台中市,SE6 青蔥 粉蔥 ,,,,,,,,7,6,2010,1
2010-07-25,台中市,SE6 青蔥 粉蔥 ,,,,,,,,7,7,2010,1
2010-07-26,台中市,SE6 青蔥 粉蔥 ,,,,,,,,7,1,2010,1
2010-07-27,台中市,SE6 青蔥 粉蔥 ,,,,,,,,7,2,2010,1
2010-07-28,台中市,SE6 青蔥 粉蔥 ,,,,,,,,7,3,2010,1
2010-07-29,台中市,SE6 青蔥 粉蔥 ,,,,,,,,7,4,2010,1
2010-07-30,台中市,SE6 青蔥 粉蔥 ,,,,,,,,7,5,2010,1
2010-07-31,台中市,SE6 青蔥 粉蔥 ,,,,,,,,7,6,2010,1
2010-08-01,台中市,SE6 青蔥 粉蔥 ,,,,,,,,8,7,2010,1
2010-08-02,台中市,SE6 青蔥 粉蔥 ,,,,,,,,8,1,2010,1
2010-08-03,台中市,SE6 青蔥 粉蔥 ,,,,,,,,8,2,2010,1
2010-08-04,台中市,SE6 青蔥 粉蔥 ,,,,,,,,8,3,2010,1
2010-08-05,台中市,SE6 青蔥 粉蔥 ,,,,,,,,8,4,2010,1
2010-08-06,台中市,SE6 青蔥 粉蔥 ,,,,,,,,8,5,2010,1
2010-08-07,台中市,SE6 青蔥 粉蔥 ,,,,,,,,8,6,2010,1
2010-08-08,台中市,SE6 青蔥 粉蔥 ,,,,,,,,8,7,2010,1
2010-08-09,台中市,SE6 青蔥 粉蔥 ,,,,,,,,8,1,2010,1
2010-08-10,台中市,SE6 青蔥 粉蔥 ,,,,,,,,8,2,2010,1
2010-08-11,台中市,SE6 青蔥 粉蔥 ,,,,,,,,8,3,2010,1
2010-08-12,台中市,SE6 青蔥 粉蔥 ,,,,,,,,8,4,2010,1
2010-08-13,台中市,SE6 青蔥 粉蔥 ,,,,,,,,8,5,2010,1
2010-08-14,台中市,SE6 青蔥 粉蔥 ,,,,,,,,8,6,2010,1
2010-08-15,台中市,SE6 青蔥 粉蔥 ,38.0,29.1,25.0,30.0,-14.29,696.0,3766.67,8,7,2010,0
2010-08-16,台中市,SE6 青蔥 粉蔥 ,,,,,,,,8,1,2010,1
2010-08-17,台中市,SE6 青蔥 粉蔥 ,39.1,36.1,28.9,35.3,17.67,528.0,-24.14,8,2,2010,0
2010-08-18,台中市,SE6 青蔥 粉蔥 ,36.0,34.9,33.3,34.8,-1.42,444.0,-15.91,8,3,2010,0
2010-08-19,台中市,SE6 青蔥 粉蔥 ,38.4,36.2,35.0,36.4,4.6,381.0,-14.19,8,4,2010,0
2010-08-20,台中市,SE6 青蔥 粉蔥 ,35.6,33.7,32.0,33.7,-7.42,483.0,26.77,8,5,2010,0
2010-08-21,台中市,SE6 青蔥 粉蔥 ,36.8,35.0,34.3,35.2,4.45,453.0,-6.21,8,6,2010,0
2010-08-22,台中市,SE6 青蔥 粉蔥 ,37.5,36.5,34.5,36.3,3.12,492.0,8.61,8,7,2010,0
2010-08-23,台中市,SE6 青蔥 粉蔥 ,43.0,40.5,38.0,40.5,11.57,354.0,-28.05,8,1,2010,0
2010-08-24,台中市,SE6 青蔥 粉蔥 ,45.3,44.1,41.0,43.7,7.9,225.0,-36.44,8,2,2010,0
2010-08-25,台中市,SE6 青蔥 粉蔥 ,,,,,,,,8,3,2010,1
2010-08-26,台中市,SE6 青蔥 粉蔥 ,,,,,,,,8,4,2010,1
2010-08-27,台中市,SE6 青蔥 粉蔥 ,45.0,37.8,18.0,35.3,-19.22,420.0,86.67,8,5,2010,0
2010-08-28,台中市,SE6 青蔥 粉蔥 ,38.0,35.3,31.9,35.2,-0.28,588.0,40.0,8,6,2010,0
2010-08-29,台中市,SE6 青蔥 粉蔥 ,38.8,34.4,18.1,32.0,-9.09,804.0,36.73,8,7,2010,0
2010-08-30,台中市,SE6 青蔥 粉蔥 ,,,,,,,,8,1,2010,1
2010-08-31,台中市,SE6 青蔥 粉蔥 ,41.0,36.6,30.9,36.4,13.75,558.0,-30.6,8,2,2010,0
2010-09-01,台中市,SE6 青蔥 粉蔥 ,48.0,46.1,45.0,46.3,27.2,360.0,-35.48,9,3,2010,0
2010-09-02,台中市,SE6 青蔥 粉蔥 ,50.5,43.4,31.4,42.4,-8.42,372.0,3.33,9,4,2010,0
2010-09-03,台中市,SE6 青蔥 粉蔥 ,46.7,40.0,28.0,38.9,-8.25,430.0,15.59,9,5,2010,0
2010-09-04,台中市,SE6 青蔥 粉蔥 ,42.9,26.7,20.2,28.6,-26.48,517.0,20.23,9,6,2010,0
2010-09-05,台中市,SE6 青蔥 粉蔥 ,40.2,30.0,26.8,31.4,9.79,465.0,-10.06,9,7,2010,0
2010-09-06,台中市,SE6 青蔥 粉蔥 ,,,,,,,,9,1,2010,1
2010-09-07,台中市,SE6 青蔥 粉蔥 ,40.6,39.8,38.0,39.6,26.11,243.0,-47.74,9,2,2010,0
2010-09-08,台中市,SE6 青蔥 粉蔥 ,43.0,42.4,40.4,42.1,6.31,237.0,-2.47,9,3,2010,0
2010-09-09,台中市,SE6 青蔥 粉蔥 ,44.0,43.7,43.0,43.6,3.56,204.0,-13.92,9,4,2010,0
2010-09-10,台中市,SE6 青蔥 粉蔥 ,53.0,51.4,40.4,49.5,13.53,240.0,17.65,9,5,2010,0
2010-09-11,台中市,SE6 青蔥 粉蔥 ,53.2,52.4,50.6,52.2,5.45,356.0,48.33,9,6,2010,0
2010-09-12,台中市,SE6 青蔥 粉蔥 ,49.5,40.7,27.6,39.8,-23.75,410.0,15.17,9,7,2010,0
2010-09-13,台中市,SE6 青蔥 粉蔥 ,,,,,,,,9,1,2010,1
2010-09-14,台中市,SE6 青蔥 粉蔥 ,45.8,39.4,34.4,39.7,-0.25,522.0,27.32,9,2,2010,0
2010-09-15,台中市,SE6 青蔥 粉蔥 ,44.3,38.2,34.6,38.7,-2.52,627.0,20.11,9,3,2010,0
2010-09-16,台中市,SE6 青蔥 粉蔥 ,43.9,34.2,31.0,35.5,-8.27,657.0,4.78,9,4,2010,0
2010-09-17,台中市,SE6 青蔥 粉蔥 ,45.0,37.3,31.9,37.8,6.48,689.0,4.87,9,5,2010,0
2010-09-18,台中市,SE6 青蔥 粉蔥 ,50.4,47.6,40.2,46.7,23.54,1161.0,68.51,9,6,2010,0
2010-09-19,台中市,SE6 青蔥 粉蔥 ,53.4,45.5,37.4,45.5,-2.57,1464.0,26.1,9,7,2010,0
2010-09-20,台中市,SE6 青蔥 粉蔥 ,,,,,,,,9,1,2010,1
2010-09-21,台中市,SE6 青蔥 粉蔥 ,44.3,36.0,30.3,36.5,-19.78,1017.0,-30.53,9,2,2010,0
2010-09-22,台中市,SE6 青蔥 粉蔥 ,46.0,45.2,45.0,45.3,24.11,270.0,-73.45,9,3,2010,0
2010-09-23,台中市,SE6 青蔥 粉蔥 ,,,,,,,,9,4,2010,1
2010-09-24,台中市,SE6 青蔥 粉蔥 ,,,,,,,,9,5,2010,1
2010-09-25,台中市,SE6 青蔥 粉蔥 ,55.8,52.5,35.3,49.7,9.71,663.0,145.56,9,6,2010,0
2010-09-26,台中市,SE6 青蔥 粉蔥 ,57.6,50.9,30.7,48.2,-3.02,767.0,15.69,9,7,2010,0
2010-09-27,台中市,SE6 青蔥 粉蔥 ,,,,,,,,9,1,2010,1
2010-09-28,台中市,SE6 青蔥 粉蔥 ,60.0,52.2,27.9,48.9,1.45,698.0,-9.0,9,2,2010,0
2010-09-29,台中市,SE6 青蔥 粉蔥 ,58.8,55.3,30.0,51.0,4.29,667.0,-4.44,9,3,2010,0
2010-09-30,台中市,SE6 青蔥 粉蔥 ,56.5,47.8,35.0,47.0,-7.84,439.0,-34.18,9,4,2010,0
2010-10-01,台中市,SE6 青蔥 粉蔥 ,48.1,33.9,25.0,34.9,-25.74,971.0,121.18,10,5,2010,0
2010-10-02,台中市,SE6 青蔥 粉蔥 ,36.4,31.7,25.9,31.4,-10.03,1035.0,6.59,10,6,2010,0
2010-10-03,台中市,SE6 青蔥 粉蔥 ,42.7,35.7,20.4,34.0,8.28,1028.0,-0.68,10,7,2010,0
2010-10-04,台中市,SE6 青蔥 粉蔥 ,,,,,,,,10,1,2010,1
2010-10-05,台中市,SE6 青蔥 粉蔥 ,52.1,45.1,39.5,45.4,33.53,658.0,-35.99,10,2,2010,0
2010-10-06,台中市,SE6 青蔥 粉蔥 ,64.3,44.7,30.0,45.7,0.66,472.0,-28.27,10,3,2010,0
2010-10-07,台中市,SE6 青蔥 粉蔥 ,60.0,55.1,44.4,53.9,17.94,296.0,-37.29,10,4,2010,0
2010-10-08,台中市,SE6 青蔥 粉蔥 ,47.5,37.9,26.7,37.5,-30.43,564.0,90.54,10,5,2010,0
2010-10-09,台中市,SE6 青蔥 粉蔥 ,45.8,41.3,35.0,40.9,9.07,399.0,-29.26,10,6,2010,0
2010-10-10,台中市,SE6 青蔥 粉蔥 ,42.6,37.8,24.1,36.0,-11.98,483.0,21.05,10,7,2010,0
2010-10-11,台中市,SE6 青蔥 粉蔥 ,,,,,,,,10,1,2010,1
2010-10-12,台中市,SE6 青蔥 粉蔥 ,39.9,36.2,21.1,34.0,-5.56,630.0,30.43,10,2,2010,0
2010-10-13,台中市,SE6 青蔥 粉蔥 ,34.0,27.4,25.0,28.2,-17.06,765.0,21.43,10,3,2010,0
2010-10-14,台中市,SE6 青蔥 粉蔥 ,28.2,23.5,17.8,23.3,-17.38,696.0,-9.02,10,4,2010,0
2010-10-15,台中市,SE6 青蔥 粉蔥 ,25.0,20.3,19.6,21.1,-9.44,666.0,-4.31,10,5,2010,0
2010-10-16,台中市,SE6 青蔥 粉蔥 ,23.6,19.3,16.4,19.6,-7.11,1103.0,65.62,10,6,2010,0
2010-10-17,台中市,SE6 青蔥 粉蔥 ,28.0,25.4,20.0,24.8,26.53,582.0,-47.23,10,7,2010,0
2010-10-18,台中市,SE6 青蔥 粉蔥 ,,,,,,,,10,1,2010,1
2010-10-19,台中市,SE6 青蔥 粉蔥 ,37.2,32.8,27.3,32.6,31.45,419.0,-28.01,10,2,2010,0
2010-10-20,台中市,SE6 青蔥 粉蔥 ,38.0,28.7,19.2,28.6,-12.27,656.0,56.56,10,3,2010,0
2010-10-21,台中市,SE6 青蔥 粉蔥 ,29.0,22.9,18.7,23.2,-18.88,555.0,-15.4,10,4,2010,0
2010-10-22,台中市,SE6 青蔥 粉蔥 ,29.0,23.5,18.0,23.5,1.29,1064.0,91.71,10,5,2010,0
2010-10-23,台中市,SE6 青蔥 粉蔥 ,33.2,28.8,21.9,28.3,20.43,561.0,-47.27,10,6,2010,0
2010-10-24,台中市,SE6 青蔥 粉蔥 ,35.0,32.3,28.3,32.0,13.07,528.0,-5.88,10,7,2010,0
2010-10-25,台中市,SE6 青蔥 粉蔥 ,,,,,,,,10,1,2010,1
2010-10-26,台中市,SE6 青蔥 粉蔥 ,38.3,29.4,20.6,29.4,-8.13,564.0,6.82,10,2,2010,0
2010-10-27,台中市,SE6 青蔥 粉蔥 ,32.8,19.7,15.2,21.5,-26.87,724.0,28.37,10,3,2010,0
2010-10-28,台中市,SE6 青蔥 粉蔥 ,35.0,26.9,19.2,27.0,25.58,459.0,-36.6,10,4,2010,0
2010-10-29,台中市,SE6 青蔥 粉蔥 ,36.0,30.0,29.1,31.0,14.81,317.0,-30.94,10,5,2010,0
2010-10-30,台中市,SE6 青蔥 粉蔥 ,35.6,34.7,29.2,33.8,9.03,255.0,-19.56,10,6,2010,0
2010-10-31,台中市,SE6 青蔥 粉蔥 ,35.0,23.7,13.5,23.9,-29.29,531.0,108.24,10,7,2010,0
2010-11-01,台中市,SE6 青蔥 粉蔥 ,,,,,,,,11,1,2010,1
2010-11-02,台中市,SE6 青蔥 粉蔥 ,32.7,25.6,19.0,25.7,7.53,465.0,-12.43,11,2,2010,0
2010-11-03,台中市,SE6 青蔥 粉蔥 ,39.3,27.2,15.0,27.2,5.84,438.0,-5.81,11,3,2010,0
2010-11-04,台中市,SE6 青蔥 粉蔥 ,30.0,19.1,11.1,19.7,-27.57,525.0,19.86,11,4,2010,0
2010-11-05,台中市,SE6 青蔥 粉蔥 ,25.0,19.6,12.0,19.1,-3.05,507.0,-3.43,11,5,2010,0
2010-11-06,台中市,SE6 青蔥 粉蔥 ,27.8,23.7,16.0,23.0,20.42,560.0,10.45,11,6,2010,0
2010-11-07,台中市,SE6 青蔥 粉蔥 ,26.9,23.9,22.0,24.2,5.22,516.0,-7.86,11,7,2010,0
2010-11-08,台中市,SE6 青蔥 粉蔥 ,,,,,,,,11,1,2010,1
2010-11-09,台中市,SE6 青蔥 粉蔥 ,27.0,24.6,20.7,24.3,0.41,450.0,-12.79,11,2,2010,0
2010-11-10,台中市,SE6 青蔥 粉蔥 ,25.0,21.8,18.0,21.7,-10.7,462.0,2.67,11,3,2010,0
2010-11-11,台中市,SE6 青蔥 粉蔥 ,22.0,14.6,10.0,15.2,-29.95,566.0,22.51,11,4,2010,0
2010-11-12,台中市,SE6 青蔥 粉蔥 ,21.2,19.6,16.0,19.2,26.32,678.0,19.79,11,5,2010,0
2010-11-13,台中市,SE6 青蔥 粉蔥 ,23.0,22.0,21.5,22.1,15.1,471.0,-30.53,11,6,2010,0
2010-11-14,台中市,SE6 青蔥 粉蔥 ,28.3,25.0,21.4,24.9,12.67,480.0,1.91,11,7,2010,0
2010-11-15,台中市,SE6 青蔥 粉蔥 ,,,,,,,,11,1,2010,1
2010-11-16,台中市,SE6 青蔥 粉蔥 ,31.5,29.5,27.3,29.5,18.47,228.0,-52.5,11,2,2010,0
2010-11-17,台中市,SE6 青蔥 粉蔥 ,27.9,23.7,20.0,23.8,-19.32,456.0,100.0,11,3,2010,0
2010-11-18,台中市,SE6 青蔥 粉蔥 ,26.9,23.3,20.0,23.4,-1.68,453.0,-0.66,11,4,2010,0
2010-11-19,台中市,SE6 青蔥 粉蔥 ,21.3,17.3,5.7,15.8,-32.48,924.0,103.97,11,5,2010,0
2010-11-20,台中市,SE6 青蔥 粉蔥 ,23.0,19.1,4.0,16.8,6.33,708.0,-23.38,11,6,2010,0
2010-11-21,台中市,SE6 青蔥 粉蔥 ,23.0,21.4,17.4,20.9,24.4,567.0,-19.92,11,7,2010,0
2010-11-22,台中市,SE6 青蔥 粉蔥 ,,,,,,,,11,1,2010,1
2010-11-23,台中市,SE6 青蔥 粉蔥 ,29.4,28.5,27.0,28.4,35.89,258.0,-54.5,11,2,2010,0
2010-11-24,台中市,SE6 青蔥 粉蔥 ,26.9,23.4,19.1,23.2,-18.31,663.0,156.98,11,3,2010,0
2010-11-25,台中市,SE6 青蔥 粉蔥 ,19.0,18.0,16.1,17.8,-23.28,600.0,-9.5,11,4,2010,0
2010-11-26,台中市,SE6 青蔥 粉蔥 ,18.1,13.7,11.6,14.1,-20.79,1431.0,138.5,11,5,2010,0
2010-11-27,台中市,SE6 青蔥 粉蔥 ,11.8,10.4,6.7,10.0,-29.08,1391.0,-2.8,11,6,2010,0
2010-11-28,台中市,SE6 青蔥 粉蔥 ,11.0,10.4,9.4,10.3,3.0,1227.0,-11.79,11,7,2010,0
2010-11-29,台中市,SE6 青蔥 粉蔥 ,,,,,,,,11,1,2010,1
2010-11-30,台中市,SE6 青蔥 粉蔥 ,22.0,21.3,16.1,20.4,98.06,609.0,-50.37,11,2,2010,0
2010-12-01,台中市,SE6 青蔥 粉蔥 ,27.6,26.7,23.3,26.2,28.43,530.0,-12.97,12,3,2010,0
2010-12-02,台中市,SE6 青蔥 粉蔥 ,24.2,22.3,18.9,22.0,-16.03,757.0,42.83,12,4,2010,0
2010-12-03,台中市,SE6 青蔥 粉蔥 ,24.2,21.6,19.3,21.6,-1.82,737.0,-2.64,12,5,2010,0
2010-12-04,台中市,SE6 青蔥 粉蔥 ,19.2,17.1,15.0,17.1,-20.83,1243.0,68.66,12,6,2010,0
2010-12-05,台中市,SE6 青蔥 粉蔥 ,16.9,15.8,15.0,15.9,-7.02,1017.0,-18.18,12,7,2010,0
2010-12-06,台中市,SE6 青蔥 粉蔥 ,,,,,,,,12,1,2010,1
2010-12-07,台中市,SE6 青蔥 粉蔥 ,21.8,20.3,15.4,19.6,23.27,996.0,-2.06,12,2,2010,0
2010-12-08,台中市,SE6 青蔥 粉蔥 ,18.5,16.2,15.0,16.5,-15.82,1294.0,29.92,12,3,2010,0
2010-12-09,台中市,SE6 青蔥 粉蔥 ,17.0,15.0,13.0,15.0,-9.09,957.0,-26.04,12,4,2010,0
2010-12-10,台中市,SE6 青蔥 粉蔥 ,13.4,11.8,6.6,11.1,-26.0,1476.0,54.23,12,5,2010,0
2010-12-11,台中市,SE6 青蔥 粉蔥 ,14.2,13.4,13.0,13.5,21.62,1284.0,-13.01,12,6,2010,0
2010-12-12,台中市,SE6 青蔥 粉蔥 ,19.0,15.2,13.0,15.5,14.81,1264.0,-1.56,12,7,2010,0
2010-12-13,台中市,SE6 青蔥 粉蔥 ,,,,,,,,12,1,2010,1
2010-12-14,台中市,SE6 青蔥 粉蔥 ,17.7,15.0,13.0,15.2,-1.94,1324.0,4.75,12,2,2010,0
2010-12-15,台中市,SE6 青蔥 粉蔥 ,18.8,16.2,12.9,16.1,5.92,1230.0,-7.1,12,3,2010,0
2010-12-16,台中市,SE6 青蔥 粉蔥 ,16.5,12.8,10.6,13.1,-18.63,1033.0,-16.02,12,4,2010,0
2010-12-17,台中市,SE6 青蔥 粉蔥 ,19.7,18.4,16.6,18.3,39.69,408.0,-60.5,12,5,2010,0
2010-12-18,台中市,SE6 青蔥 粉蔥 ,24.6,22.4,12.8,20.9,14.21,743.0,82.11,12,6,2010,0
2010-12-19,台中市,SE6 青蔥 粉蔥 ,28.2,25.2,18.2,24.4,16.75,1014.0,36.47,12,7,2010,0
2010-12-20,台中市,SE6 青蔥 粉蔥 ,,,,,,,,12,1,2010,1
2010-12-21,台中市,SE6 青蔥 粉蔥 ,28.9,26.4,19.4,25.5,4.51,1249.0,23.18,12,2,2010,0
2010-12-22,台中市,SE6 青蔥 粉蔥 ,24.9,16.8,13.1,17.7,-30.59,1394.0,11.61,12,3,2010,0
2010-12-23,台中市,SE6 青蔥 粉蔥 ,16.5,14.5,10.0,14.0,-20.9,666.0,-52.22,12,4,2010,0
2010-12-24,台中市,SE6 青蔥 粉蔥 ,19.2,14.3,8.5,14.1,0.71,1122.0,68.47,12,5,2010,0
2010-12-25,台中市,SE6 青蔥 粉蔥 ,19.4,15.1,8.8,14.7,4.26,1392.0,24.06,12,6,2010,0
2010-12-26,台中市,SE6 青蔥 粉蔥 ,17.8,15.0,10.5,14.7,0.0,1646.0,18.25,12,7,2010,0
2010-12-27,台中市,SE6 青蔥 粉蔥 ,,,,,,,,12,1,2010,1
2010-12-28,台中市,SE6 青蔥 粉蔥 ,18.2,15.1,11.7,15.0,2.04,1927.0,17.07,12,2,2010,0
2010-12-29,台中市,SE6 青蔥 粉蔥 ,21.1,14.3,8.9,14.6,-2.67,1649.0,-14.43,12,3,2010,0
2010-12-30,台中市,SE6 青蔥 粉蔥 ,18.7,14.0,9.3,14.0,-4.11,1737.0,5.34,12,4,2010,0
2010-12-31,台中市,SE6 青蔥 粉蔥 ,20.0,15.2,9.4,15.0,7.14,1530.0,-11.92,12,5,2010,0
2011-01-01,台中市,SE6 青蔥 粉蔥 ,15.2,12.8,10.8,12.9,-14.0,2035.0,33.01,1,6,2011,0
2011-01-02,台中市,SE6 青蔥 粉蔥 ,15.6,13.8,12.1,13.8,6.98,1843.0,-9.43,1,7,2011,0
2011-01-03,台中市,SE6 青蔥 粉蔥 ,,,,,,,,1,1,2011,1
2011-01-04,台中市,SE6 青蔥 粉蔥 ,16.6,15.1,12.6,14.9,7.97,1658.0,-10.04,1,2,2011,0
2011-01-05,台中市,SE6 青蔥 粉蔥 ,14.9,13.6,12.4,13.5,-9.4,1758.0,6.03,1,3,2011,0
2011-01-06,台中市,SE6 青蔥 粉蔥 ,16.3,14.5,12.7,14.5,7.41,1540.0,-12.4,1,4,2011,0
2011-01-07,台中市,SE6 青蔥 粉蔥 ,13.8,10.9,9.9,11.2,-22.76,2056.0,33.51,1,5,2011,0
2011-01-08,台中市,SE6 青蔥 粉蔥 ,18.4,17.0,15.1,16.8,50.0,1447.0,-29.62,1,6,2011,0
2011-01-09,台中市,SE6 青蔥 粉蔥 ,19.3,18.4,16.5,18.2,8.33,1380.0,-4.63,1,7,2011,0
2011-01-10,台中市,SE6 青蔥 粉蔥 ,,,,,,,,1,1,2011,1
2011-01-11,台中市,SE6 青蔥 粉蔥 ,25.0,22.2,15.0,21.2,16.48,1136.0,-17.68,1,2,2011,0
2011-01-12,台中市,SE6 青蔥 粉蔥 ,23.0,20.8,15.4,20.1,-5.19,1374.0,20.95,1,3,2011,0
2011-01-13,台中市,SE6 青蔥 粉蔥 ,26.1,22.1,14.4,20.4,1.49,1267.0,-7.79,1,4,2011,0
2011-01-14,台中市,SE6 青蔥 粉蔥 ,27.4,23.1,15.9,22.3,9.31,1145.0,-9.63,1,5,2011,0
2011-01-15,台中市,SE6 青蔥 粉蔥 ,25.5,21.5,16.0,21.0,-5.83,1616.0,41.14,1,6,2011,0
2011-01-16,台中市,SE6 青蔥 粉蔥 ,28.8,25.8,17.3,24.6,17.14,862.0,-46.66,1,7,2011,0
2011-01-17,台中市,SE6 青蔥 粉蔥 ,,,,,,,,1,1,2011,1
2011-01-18,台中市,SE6 青蔥 粉蔥 ,26.9,23.4,16.5,22.7,-7.72,1794.0,108.12,1,2,2011,0
2011-01-19,台中市,SE6 青蔥 粉蔥 ,22.0,19.0,12.1,17.7,-22.03,1435.0,-20.01,1,3,2011,0
2011-01-20,台中市,SE6 青蔥 粉蔥 ,17.6,14.6,10.4,14.2,-19.77,1523.0,6.13,1,4,2011,0
2011-01-21,台中市,SE6 青蔥 粉蔥 ,15.0,10.8,9.8,11.6,-18.31,1327.0,-12.87,1,5,2011,0
2011-01-22,台中市,SE6 青蔥 粉蔥 ,18.2,14.9,13.1,15.4,32.76,1419.0,6.93,1,6,2011,0
2011-01-23,台中市,SE6 青蔥 粉蔥 ,18.8,15.7,8.7,14.9,-3.25,1569.0,10.57,1,7,2011,0
2011-01-24,台中市,SE6 青蔥 粉蔥 ,,,,,,,,1,1,2011,1
2011-01-25,台中市,SE6 青蔥 粉蔥 ,21.6,18.2,13.2,18.0,20.81,1596.0,1.72,1,2,2011,0
2011-01-26,台中市,SE6 青蔥 粉蔥 ,20.2,17.7,10.6,16.4,-8.89,1568.0,-1.75,1,3,2011,0
2011-01-27,台中市,SE6 青蔥 粉蔥 ,16.1,13.1,9.6,13.0,-20.73,2040.0,30.1,1,4,2011,0
2011-01-28,台中市,SE6 青蔥 粉蔥 ,18.9,15.0,11.1,14.8,13.85,1405.0,-31.13,1,5,2011,0
2011-01-29,台中市,SE6 青蔥 粉蔥 ,25.4,19.4,13.4,18.9,27.7,1567.0,11.53,1,6,2011,0
2011-01-30,台中市,SE6 青蔥 粉蔥 ,27.0,25.0,19.9,24.3,28.57,1723.0,9.96,1,7,2011,0
2011-01-31,台中市,SE6 青蔥 粉蔥 ,26.5,21.9,17.6,21.6,-11.11,2204.0,27.92,1,1,2011,0
2011-02-01,台中市,SE6 青蔥 粉蔥 ,26.7,23.8,19.7,23.7,9.72,2459.0,11.57,2,2,2011,0
2011-02-02,台中市,SE6 青蔥 粉蔥 ,25.2,21.9,13.7,20.9,-11.81,1507.0,-38.71,2,3,2011,0
2011-02-03,台中市,SE6 青蔥 粉蔥 ,,,,,,,,2,4,2011,1
2011-02-04,台中市,SE6 青蔥 粉蔥 ,,,,,,,,2,5,2011,1
2011-02-05,台中市,SE6 青蔥 粉蔥 ,,,,,,,,2,6,2011,1
2011-02-06,台中市,SE6 青蔥 粉蔥 ,,,,,,,,2,7,2011,1
2011-02-07,台中市,SE6 青蔥 粉蔥 ,,,,,,,,2,1,2011,1
2011-02-08,台中市,SE6 青蔥 粉蔥 ,18.3,14.6,9.2,14.1,-32.54,1720.0,14.13,2,2,2011,0
2011-02-09,台中市,SE6 青蔥 粉蔥 ,14.8,12.3,7.4,11.6,-17.73,1465.0,-14.83,2,3,2011,0
2011-02-10,台中市,SE6 青蔥 粉蔥 ,13.2,11.6,9.8,11.4,-1.72,1739.0,18.7,2,4,2011,0
2011-02-11,台中市,SE6 青蔥 粉蔥 ,15.6,13.7,6.6,12.5,9.65,1311.0,-24.61,2,5,2011,0
2011-02-12,台中市,SE6 青蔥 粉蔥 ,21.1,17.9,10.8,16.8,34.4,1077.0,-17.85,2,6,2011,0
2011-02-13,台中市,SE6 青蔥 粉蔥 ,23.3,21.6,13.3,19.7,17.26,993.0,-7.8,2,7,2011,0
2011-02-14,台中市,SE6 青蔥 粉蔥 ,,,,,,,,2,1,2011,1
2011-02-15,台中市,SE6 青蔥 粉蔥 ,28.3,25.0,15.2,22.7,15.23,1009.0,1.61,2,2,2011,0
2011-02-16,台中市,SE6 青蔥 粉蔥 ,31.0,29.6,23.6,27.7,22.03,769.0,-23.79,2,3,2011,0
2011-02-17,台中市,SE6 青蔥 粉蔥 ,27.4,25.2,21.4,24.5,-11.55,1843.0,139.66,2,4,2011,0
2011-02-18,台中市,SE6 青蔥 粉蔥 ,,,,,,,,2,5,2011,1
2011-02-19,台中市,SE6 青蔥 粉蔥 ,,,,,,,,2,6,2011,1
2011-02-20,台中市,SE6 青蔥 粉蔥 ,17.6,11.6,5.6,11.2,-54.29,3655.0,98.32,2,7,2011,0
2011-02-21,台中市,SE6 青蔥 粉蔥 ,,,,,,,,2,1,2011,1
2011-02-22,台中市,SE6 青蔥 粉蔥 ,16.6,13.0,9.0,12.6,12.5,1975.0,-45.96,2,2,2011,0
2011-02-23,台中市,SE6 青蔥 粉蔥 ,14.9,13.4,8.3,12.5,-0.79,1414.0,-28.41,2,3,2011,0
2011-02-24,台中市,SE6 青蔥 粉蔥 ,15.0,12.0,7.3,11.2,-10.4,1694.0,19.8,2,4,2011,0
2011-02-25,台中市,SE6 青蔥 粉蔥 ,14.9,12.2,9.4,12.1,8.04,1465.0,-13.52,2,5,2011,0
2011-02-26,台中市,SE6 青蔥 粉蔥 ,13.0,9.2,7.4,9.6,-20.66,2637.0,80.0,2,6,2011,0
2011-02-27,台中市,SE6 青蔥 粉蔥 ,14.9,12.1,9.3,12.0,25.0,1332.0,-49.49,2,7,2011,0
2011-02-28,台中市,SE6 青蔥 粉蔥 ,,,,,,,,2,1,2011,1
2011-03-01,台中市,SE6 青蔥 粉蔥 ,18.2,17.2,13.8,16.3,35.83,1192.0,-10.51,3,2,2011,0
2011-03-02,台中市,SE6 青蔥 粉蔥 ,18.3,16.9,14.0,16.3,0.0,1535.0,28.78,3,3,2011,0
2011-03-03,台中市,SE6 青蔥 粉蔥 ,13.2,11.7,9.5,11.4,-30.06,2186.0,42.41,3,4,2011,0
2011-03-04,台中市,SE6 青蔥 粉蔥 ,13.2,10.2,6.9,10.1,-11.4,2295.0,4.99,3,5,2011,0
2011-03-05,台中市,SE6 青蔥 粉蔥 ,14.3,11.0,8.2,11.1,9.9,1408.0,-38.65,3,6,2011,0
2011-03-06,台中市,SE6 青蔥 粉蔥 ,15.3,14.1,10.7,13.6,22.52,1478.0,4.97,3,7,2011,0
2011-03-07,台中市,SE6 青蔥 粉蔥 ,,,,,,,,3,1,2011,1
2011-03-08,台中市,SE6 青蔥 粉蔥 ,20.2,17.8,13.7,17.3,27.21,1397.0,-5.48,3,2,2011,0
2011-03-09,台中市,SE6 青蔥 粉蔥 ,27.2,23.8,19.0,22.9,32.37,894.0,-36.01,3,3,2011,0
2011-03-10,台中市,SE6 青蔥 粉蔥 ,26.9,19.7,15.3,19.8,-13.54,1770.0,97.99,3,4,2011,0
2011-03-11,台中市,SE6 青蔥 粉蔥 ,23.9,15.0,10.1,15.0,-24.24,1913.0,8.08,3,5,2011,0
2011-03-12,台中市,SE6 青蔥 粉蔥 ,19.1,12.4,8.7,12.7,-15.33,2736.0,43.02,3,6,2011,0
2011-03-13,台中市,SE6 青蔥 粉蔥 ,17.4,11.5,6.8,11.9,-6.3,2403.0,-12.17,3,7,2011,0
2011-03-14,台中市,SE6 青蔥 粉蔥 ,,,,,,,,3,1,2011,1
2011-03-15,台中市,SE6 青蔥 粉蔥 ,17.1,13.6,9.4,13.6,14.29,1973.0,-17.89,3,2,2011,0
2011-03-16,台中市,SE6 青蔥 粉蔥 ,14.4,10.5,7.9,11.0,-19.12,1977.0,0.2,3,3,2011,0
2011-03-17,台中市,SE6 青蔥 粉蔥 ,14.9,12.3,9.2,12.2,10.91,1419.0,-28.22,3,4,2011,0
2011-03-18,台中市,SE6 青蔥 粉蔥 ,20.0,15.8,11.3,17.3,41.8,882.0,-37.84,3,5,2011,0
2011-03-19,台中市,SE6 青蔥 粉蔥 ,17.2,15.5,13.0,15.5,-10.4,1622.0,83.9,3,6,2011,0
2011-03-20,台中市,SE6 青蔥 粉蔥 ,16.8,15.1,12.3,14.8,-4.52,1854.0,14.3,3,7,2011,0
2011-03-21,台中市,SE6 青蔥 粉蔥 ,,,,,,,,3,1,2011,1
2011-03-22,台中市,SE6 青蔥 粉蔥 ,16.7,14.0,10.8,13.4,-9.46,2305.0,24.33,3,2,2011,0
2011-03-23,台中市,SE6 青蔥 粉蔥 ,12.2,10.7,8.7,10.4,-22.39,2080.0,-9.76,3,3,2011,0
2011-03-24,台中市,SE6 青蔥 粉蔥 ,12.6,10.2,9.8,10.7,2.88,1360.0,-34.62,3,4,2011,0
2011-03-25,台中市,SE6 青蔥 粉蔥 ,11.9,10.4,9.4,10.4,-2.8,2019.0,48.46,3,5,2011,0
2011-03-26,台中市,SE6 青蔥 粉蔥 ,11.9,10.6,9.4,10.7,2.88,2081.0,3.07,3,6,2011,0
2011-03-27,台中市,SE6 青蔥 粉蔥 ,11.9,10.3,9.7,10.6,-0.93,2144.0,3.03,3,7,2011,0
2011-03-28,台中市,SE6 青蔥 粉蔥 ,,,,,,,,3,1,2011,1
2011-03-29,台中市,SE6 青蔥 粉蔥 ,15.1,13.7,11.3,13.2,24.53,1917.0,-10.59,3,2,2011,0
2011-03-30,台中市,SE6 青蔥 粉蔥 ,13.4,11.1,9.4,11.3,-14.39,2082.0,8.61,3,3,2011,0
2011-03-31,台中市,SE6 青蔥 粉蔥 ,12.1,11.1,10.3,11.1,-1.77,1800.0,-13.54,3,4,2011,0
2011-04-01,台中市,SE6 青蔥 粉蔥 ,13.7,12.3,10.6,12.2,9.91,1759.0,-2.28,4,5,2011,0
2011-04-02,台中市,SE6 青蔥 粉蔥 ,15.1,13.0,10.7,12.8,4.92,1991.0,13.19,4,6,2011,0
2011-04-03,台中市,SE6 青蔥 粉蔥 ,16.1,12.1,10.6,12.4,-3.13,1927.0,-3.21,4,7,2011,0
2011-04-04,台中市,SE6 青蔥 粉蔥 ,18.1,13.1,10.0,13.5,8.87,1622.0,-15.83,4,1,2011,0
2011-04-05,台中市,SE6 青蔥 粉蔥 ,,,,,,,,4,2,2011,1
2011-04-06,台中市,SE6 青蔥 粉蔥 ,,,,,,,,4,3,2011,1
2011-04-07,台中市,SE6 青蔥 粉蔥 ,25.7,24.1,20.6,23.4,73.33,1087.0,-32.98,4,4,2011,0
2011-04-08,台中市,SE6 青蔥 粉蔥 ,26.0,23.6,15.8,22.7,-2.99,1451.0,33.49,4,5,2011,0
2011-04-09,台中市,SE6 青蔥 粉蔥 ,25.6,22.2,16.8,21.6,-4.85,1488.0,2.55,4,6,2011,0
2011-04-10,台中市,SE6 青蔥 粉蔥 ,25.1,21.2,14.4,20.2,-6.48,1653.0,11.09,4,7,2011,0
2011-04-11,台中市,SE6 青蔥 粉蔥 ,,,,,,,,4,1,2011,1
2011-04-12,台中市,SE6 青蔥 粉蔥 ,24.6,18.3,10.2,17.3,-14.36,1609.0,-2.66,4,2,2011,0
2011-04-13,台中市,SE6 青蔥 粉蔥 ,26.1,19.3,6.5,17.4,0.58,1347.0,-16.28,4,3,2011,0
2011-04-14,台中市,SE6 青蔥 粉蔥 ,21.4,15.2,8.1,14.5,-16.67,2386.0,77.13,4,4,2011,0
2011-04-15,台中市,SE6 青蔥 粉蔥 ,15.2,12.2,7.2,11.9,-17.93,1778.0,-25.48,4,5,2011,0
2011-04-16,台中市,SE6 青蔥 粉蔥 ,10.9,7.8,5.8,8.0,-32.77,2389.0,34.36,4,6,2011,0
2011-04-17,台中市,SE6 青蔥 粉蔥 ,12.8,9.1,6.5,9.6,20.0,1678.0,-29.76,4,7,2011,0
2011-04-18,台中市,SE6 青蔥 粉蔥 ,,,,,,,,4,1,2011,1
2011-04-19,台中市,SE6 青蔥 粉蔥 ,25.8,24.0,21.0,23.7,146.88,699.0,-58.34,4,2,2011,0
2011-04-20,台中市,SE6 青蔥 粉蔥 ,27.8,27.0,25.6,26.9,13.5,789.0,12.88,4,3,2011,0
2011-04-21,台中市,SE6 青蔥 粉蔥 ,25.5,24.6,20.2,23.9,-11.15,878.0,11.28,4,4,2011,0
2011-04-22,台中市,SE6 青蔥 粉蔥 ,22.3,20.2,16.3,20.0,-16.32,989.0,12.64,4,5,2011,0
2011-04-23,台中市,SE6 青蔥 粉蔥 ,25.0,22.8,19.0,22.5,12.5,880.0,-11.02,4,6,2011,0
2011-04-24,台中市,SE6 青蔥 粉蔥 ,22.1,20.7,18.1,20.5,-8.89,1113.0,26.48,4,7,2011,0
2011-04-25,台中市,SE6 青蔥 粉蔥 ,,,,,,,,4,1,2011,1
2011-04-26,台中市,SE6 青蔥 粉蔥 ,24.6,22.8,20.1,22.1,7.8,1252.0,12.49,4,2,2011,0
2011-04-27,台中市,SE6 青蔥 粉蔥 ,21.4,19.5,12.4,18.4,-16.74,1445.0,15.42,4,3,2011,0
2011-04-28,台中市,SE6 青蔥 粉蔥 ,18.1,17.3,13.6,16.8,-8.7,1323.0,-8.44,4,4,2011,0
2011-04-29,台中市,SE6 青蔥 粉蔥 ,15.2,14.3,9.7,13.4,-20.24,1572.0,18.82,4,5,2011,0
2011-04-30,台中市,SE6 青蔥 粉蔥 ,13.5,12.5,9.1,11.8,-11.94,1645.0,4.64,4,6,2011,0
2011-05-01,台中市,SE6 青蔥 粉蔥 ,15.1,13.8,7.9,12.7,7.63,1233.0,-25.05,5,7,2011,0
2011-05-02,台中市,SE6 青蔥 粉蔥 ,,,,,,,,5,1,2011,1
2011-05-03,台中市,SE6 青蔥 粉蔥 ,16.1,15.8,14.2,15.5,22.05,1266.0,2.68,5,2,2011,0
2011-05-04,台中市,SE6 青蔥 粉蔥 ,16.2,15.8,13.8,15.4,-0.65,1299.0,2.61,5,3,2011,0
2011-05-05,台中市,SE6 青蔥 粉蔥 ,16.0,15.0,12.6,14.5,-5.84,1414.0,8.85,5,4,2011,0
2011-05-06,台中市,SE6 青蔥 粉蔥 ,15.4,14.2,12.1,14.1,-2.76,1593.0,12.66,5,5,2011,0
2011-05-07,台中市,SE6 青蔥 粉蔥 ,16.6,15.0,13.0,14.7,4.26,968.0,-39.23,5,6,2011,0
2011-05-08,台中市,SE6 青蔥 粉蔥 ,16.8,15.0,12.0,14.9,1.36,1400.0,44.63,5,7,2011,0
2011-05-09,台中市,SE6 青蔥 粉蔥 ,,,,,,,,5,1,2011,1
2011-05-10,台中市,SE6 青蔥 粉蔥 ,19.0,15.7,13.6,16.2,8.72,1408.0,0.57,5,2,2011,0
2011-05-11,台中市,SE6 青蔥 粉蔥 ,18.1,15.7,12.8,15.7,-3.09,1284.0,-8.81,5,3,2011,0
2011-05-12,台中市,SE6 青蔥 粉蔥 ,15.3,13.5,10.0,12.9,-17.83,1823.0,41.98,5,4,2011,0
2011-05-13,台中市,SE6 青蔥 粉蔥 ,13.7,10.6,6.4,10.1,-21.71,2240.0,22.87,5,5,2011,0
2011-05-14,台中市,SE6 青蔥 粉蔥 ,14.3,12.3,9.8,12.2,20.79,1469.0,-34.42,5,6,2011,0
2011-05-15,台中市,SE6 青蔥 粉蔥 ,17.2,16.1,12.7,15.2,24.59,1016.0,-30.84,5,7,2011,0
2011-05-16,台中市,SE6 青蔥 粉蔥 ,,,,,,,,5,1,2011,1
2011-05-17,台中市,SE6 青蔥 粉蔥 ,19.4,15.2,11.0,15.0,-1.32,1756.0,72.83,5,2,2011,0
2011-05-18,台中市,SE6 青蔥 粉蔥 ,20.6,16.7,13.8,16.7,11.33,1002.0,-42.94,5,3,2011,0
2011-05-19,台中市,SE6 青蔥 粉蔥 ,19.7,14.5,10.6,14.4,-13.77,1583.0,57.98,5,4,2011,0
2011-05-20,台中市,SE6 青蔥 粉蔥 ,15.5,12.4,10.2,12.4,-13.89,1783.0,12.63,5,5,2011,0
2011-05-21,台中市,SE6 青蔥 粉蔥 ,14.4,11.4,8.9,11.4,-8.06,1802.0,1.07,5,6,2011,0
2011-05-22,台中市,SE6 青蔥 粉蔥 ,14.4,11.9,9.3,11.7,2.63,1780.0,-1.22,5,7,2011,0
2011-05-23,台中市,SE6 青蔥 粉蔥 ,,,,,,,,5,1,2011,1
2011-05-24,台中市,SE6 青蔥 粉蔥 ,24.0,19.4,15.6,19.6,67.52,777.0,-56.35,5,2,2011,0
2011-05-25,台中市,SE6 青蔥 粉蔥 ,30.0,24.3,15.2,24.1,22.96,708.0,-8.88,5,3,2011,0
2011-05-26,台中市,SE6 青蔥 粉蔥 ,20.8,17.1,12.2,16.3,-32.37,2135.0,201.55,5,4,2011,0
2011-05-27,台中市,SE6 青蔥 粉蔥 ,19.5,13.3,8.4,13.4,-17.79,2122.0,-0.61,5,5,2011,0
2011-05-28,台中市,SE6 青蔥 粉蔥 ,20.6,15.5,10.0,14.7,9.7,1711.0,-19.37,5,6,2011,0
2011-05-29,台中市,SE6 青蔥 粉蔥 ,22.0,16.9,11.9,17.0,15.65,1310.0,-23.44,5,7,2011,0
2011-05-30,台中市,SE6 青蔥 粉蔥 ,,,,,,,,5,1,2011,1
2011-05-31,台中市,SE6 青蔥 粉蔥 ,19.5,16.6,11.2,15.7,-7.65,2222.0,69.62,5,2,2011,0
2011-06-01,台中市,SE6 青蔥 粉蔥 ,15.4,12.3,9.3,12.2,-22.29,2432.0,9.45,6,3,2011,0
2011-06-02,台中市,SE6 青蔥 粉蔥 ,13.7,10.8,7.5,10.6,-13.11,1978.0,-18.67,6,4,2011,0
2011-06-03,台中市,SE6 青蔥 粉蔥 ,14.0,10.2,6.6,10.1,-4.72,1689.0,-14.61,6,5,2011,0
2011-06-04,台中市,SE6 青蔥 粉蔥 ,11.5,9.2,5.8,8.9,-11.88,1758.0,4.09,6,6,2011,0
2011-06-05,台中市,SE6 青蔥 粉蔥 ,12.1,10.6,7.9,10.2,14.61,1663.0,-5.4,6,7,2011,0
2011-06-06,台中市,SE6 青蔥 粉蔥 ,17.8,14.7,8.0,14.2,39.22,821.0,-50.63,6,1,2011,0
2011-06-07,台中市,SE6 青蔥 粉蔥 ,,,,,,,,6,2,2011,1
2011-06-08,台中市,SE6 青蔥 粉蔥 ,,,,,,,,6,3,2011,1
2011-06-09,台中市,SE6 青蔥 粉蔥 ,21.8,18.2,14.2,18.2,28.17,644.0,-21.56,6,4,2011,0
2011-06-10,台中市,SE6 青蔥 粉蔥 ,25.0,23.4,20.8,23.0,26.37,626.0,-2.8,6,5,2011,0
2011-06-11,台中市,SE6 青蔥 粉蔥 ,24.4,20.2,12.7,19.3,-16.09,1192.0,90.42,6,6,2011,0
2011-06-12,台中市,SE6 青蔥 粉蔥 ,19.2,16.4,11.3,15.7,-18.65,1555.0,30.45,6,7,2011,0
2011-06-13,台中市,SE6 青蔥 粉蔥 ,,,,,,,,6,1,2011,1
2011-06-14,台中市,SE6 青蔥 粉蔥 ,22.1,20.8,14.1,19.5,24.2,998.0,-35.82,6,2,2011,0
2011-06-15,台中市,SE6 青蔥 粉蔥 ,20.5,17.2,14.0,17.1,-12.31,978.0,-2.0,6,3,2011,0
2011-06-16,台中市,SE6 青蔥 粉蔥 ,19.4,16.7,11.4,15.9,-7.02,1165.0,19.12,6,4,2011,0
2011-06-17,台中市,SE6 青蔥 粉蔥 ,17.2,14.7,7.5,14.0,-11.95,1209.0,3.78,6,5,2011,0
2011-06-18,台中市,SE6 青蔥 粉蔥 ,14.0,12.0,9.2,11.6,-17.14,1352.0,11.83,6,6,2011,0
2011-06-19,台中市,SE6 青蔥 粉蔥 ,19.8,17.4,11.8,16.8,44.83,924.0,-31.66,6,7,2011,0
2011-06-20,台中市,SE6 青蔥 粉蔥 ,,,,,,,,6,1,2011,1
2011-06-21,台中市,SE6 青蔥 粉蔥 ,18.7,17.7,14.0,17.0,1.19,1283.0,38.85,6,2,2011,0
2011-06-22,台中市,SE6 青蔥 粉蔥 ,20.2,18.0,16.4,18.2,7.06,1247.0,-2.81,6,3,2011,0
2011-06-23,台中市,SE6 青蔥 粉蔥 ,22.0,20.0,16.0,19.6,7.69,1107.0,-11.23,6,4,2011,0
2011-06-24,台中市,SE6 青蔥 粉蔥 ,22.1,21.2,18.0,20.9,6.63,969.0,-12.47,6,5,2011,0
2011-06-25,台中市,SE6 青蔥 粉蔥 ,24.4,24.0,20.4,23.4,11.96,905.0,-6.6,6,6,2011,0
2011-06-26,台中市,SE6 青蔥 粉蔥 ,34.8,30.4,21.2,29.5,26.07,472.0,-47.85,6,7,2011,0
2011-06-27,台中市,SE6 青蔥 粉蔥 ,,,,,,,,6,1,2011,1
2011-06-28,台中市,SE6 青蔥 粉蔥 ,28.2,26.7,23.2,26.4,-10.51,1477.0,212.92,6,2,2011,0
2011-06-29,台中市,SE6 青蔥 粉蔥 ,24.5,20.7,18.1,21.0,-20.45,1631.0,10.43,6,3,2011,0
2011-06-30,台中市,SE6 青蔥 粉蔥 ,19.0,15.9,11.3,15.9,-24.29,1786.0,9.5,6,4,2011,0
2011-07-01,台中市,SE6 青蔥 粉蔥 ,20.4,16.9,13.6,17.3,8.81,1487.0,-16.74,7,5,2011,0
2011-07-02,台中市,SE6 青蔥 粉蔥 ,20.0,18.0,16.5,18.3,5.78,1172.0,-21.18,7,6,2011,0
2011-07-03,台中市,SE6 青蔥 粉蔥 ,24.1,20.4,15.8,20.5,12.02,1165.0,-0.6,7,7,2011,0
2011-07-04,台中市,SE6 青蔥 粉蔥 ,,,,,,,,7,1,2011,1
2011-07-05,台中市,SE6 青蔥 粉蔥 ,25.3,22.6,18.6,22.5,9.76,1046.0,-10.21,7,2,2011,0
2011-07-06,台中市,SE6 青蔥 粉蔥 ,28.0,25.9,23.8,26.2,16.44,1060.0,1.34,7,3,2011,0
2011-07-07,台中市,SE6 青蔥 粉蔥 ,30.1,28.3,26.0,28.2,7.63,1000.0,-5.66,7,4,2011,0
2011-07-08,台中市,SE6 青蔥 粉蔥 ,29.0,26.6,22.6,26.2,-7.09,1100.0,10.0,7,5,2011,0
2011-07-09,台中市,SE6 青蔥 粉蔥 ,30.0,29.8,25.0,28.8,9.92,1032.0,-6.18,7,6,2011,0
2011-07-10,台中市,SE6 青蔥 粉蔥 ,30.7,29.2,25.3,28.7,-0.35,1119.0,8.43,7,7,2011,0
2011-07-11,台中市,SE6 青蔥 粉蔥 ,,,,,,,,7,1,2011,1
2011-07-12,台中市,SE6 青蔥 粉蔥 ,31.6,29.1,27.4,29.3,2.09,1174.0,4.92,7,2,2011,0
2011-07-13,台中市,SE6 青蔥 粉蔥 ,34.7,31.0,28.3,30.8,5.12,1037.0,-11.67,7,3,2011,0
2011-07-14,台中市,SE6 青蔥 粉蔥 ,37.3,34.0,29.7,33.5,8.77,985.0,-5.01,7,4,2011,0
2011-07-15,台中市,SE6 青蔥 粉蔥 ,37.3,36.2,32.0,35.6,6.27,1065.0,8.12,7,5,2011,0
2011-07-16,台中市,SE6 青蔥 粉蔥 ,37.6,33.0,28.6,33.4,-6.18,1172.0,10.05,7,6,2011,0
2011-07-17,台中市,SE6 青蔥 粉蔥 ,35.9,31.8,28.1,31.8,-4.79,1330.0,13.48,7,7,2011,0
2011-07-18,台中市,SE6 青蔥 粉蔥 ,,,,,,,,7,1,2011,1
2011-07-19,台中市,SE6 青蔥 粉蔥 ,38.7,36.0,28.7,35.6,11.95,1030.0,-22.56,7,2,2011,0
2011-07-20,台中市,SE6 青蔥 粉蔥 ,38.4,35.6,30.0,35.2,-1.12,1153.0,11.94,7,3,2011,0
2011-07-21,台中市,SE6 青蔥 粉蔥 ,37.6,33.7,28.8,33.3,-5.4,1506.0,30.62,7,4,2011,0
2011-07-22,台中市,SE6 青蔥 粉蔥 ,38.2,32.8,28.3,33.2,-0.3,1370.0,-9.03,7,5,2011,0
2011-07-23,台中市,SE6 青蔥 粉蔥 ,34.3,28.5,24.7,29.3,-11.75,1747.0,27.52,7,6,2011,0
2011-07-24,台中市,SE6 青蔥 粉蔥 ,34.7,28.5,22.7,28.7,-2.05,1820.0,4.18,7,7,2011,0
2011-07-25,台中市,SE6 青蔥 粉蔥 ,,,,,,,,7,1,2011,1
2011-07-26,台中市,SE6 青蔥 粉蔥 ,34.3,28.8,24.6,29.5,2.79,1556.0,-14.51,7,2,2011,0
2011-07-27,台中市,SE6 青蔥 粉蔥 ,37.7,31.4,25.6,32.3,9.49,1096.0,-29.56,7,3,2011,0
2011-07-28,台中市,SE6 青蔥 粉蔥 ,37.1,31.9,26.0,32.4,0.31,1428.0,30.29,7,4,2011,0
2011-07-29,台中市,SE6 青蔥 粉蔥 ,37.1,29.1,20.8,29.3,-9.57,1557.0,9.03,7,5,2011,0
2011-07-30,台中市,SE6 青蔥 粉蔥 ,37.3,30.8,24.2,31.3,6.83,1428.0,-8.29,7,6,2011,0
2011-07-31,台中市,SE6 青蔥 粉蔥 ,34.2,29.3,23.7,29.4,-6.07,2027.0,41.95,7,7,2011,0
2011-08-01,台中市,SE6 青蔥 粉蔥 ,,,,,,,,8,1,2011,1
2011-08-02,台中市,SE6 青蔥 粉蔥 ,38.8,34.6,26.8,34.5,17.35,1173.0,-42.13,8,2,2011,0
2011-08-03,台中市,SE6 青蔥 粉蔥 ,40.6,32.2,24.8,33.6,-2.61,1086.0,-7.42,8,3,2011,0
2011-08-04,台中市,SE6 青蔥 粉蔥 ,43.6,37.0,28.8,37.4,11.31,1089.0,0.28,8,4,2011,0
2011-08-05,台中市,SE6 青蔥 粉蔥 ,51.7,49.5,47.0,49.4,32.09,534.0,-50.96,8,5,2011,0
2011-08-06,台中市,SE6 青蔥 粉蔥 ,58.0,55.0,52.7,54.9,11.13,593.0,11.05,8,6,2011,0
2011-08-07,台中市,SE6 青蔥 粉蔥 ,60.0,58.6,51.5,56.8,3.46,699.0,17.88,8,7,2011,0
2011-08-08,台中市,SE6 青蔥 粉蔥 ,,,,,,,,8,1,2011,1
2011-08-09,台中市,SE6 青蔥 粉蔥 ,50.9,44.8,35.8,44.0,-22.54,1422.0,103.43,8,2,2011,0
2011-08-10,台中市,SE6 青蔥 粉蔥 ,36.1,28.6,22.9,28.6,-35.0,1513.0,6.4,8,3,2011,0
2011-08-11,台中市,SE6 青蔥 粉蔥 ,28.9,22.3,18.5,22.8,-20.28,1842.0,21.74,8,4,2011,0
2011-08-12,台中市,SE6 青蔥 粉蔥 ,31.1,23.4,19.4,24.2,6.14,1349.0,-26.76,8,5,2011,0
2011-08-13,台中市,SE6 青蔥 粉蔥 ,36.6,29.1,24.2,29.9,23.55,1356.0,0.52,8,6,2011,0
2011-08-14,台中市,SE6 青蔥 粉蔥 ,45.8,40.3,33.4,40.4,35.12,1361.0,0.37,8,7,2011,0
2011-08-15,台中市,SE6 青蔥 粉蔥 ,,,,,,,,8,1,2011,1
2011-08-16,台中市,SE6 青蔥 粉蔥 ,,,,,,,,8,2,2011,1
2011-08-17,台中市,SE6 青蔥 粉蔥 ,48.3,36.1,31.3,38.3,-5.2,1103.0,-18.96,8,3,2011,0
2011-08-18,台中市,SE6 青蔥 粉蔥 ,50.7,44.4,36.0,44.8,16.97,1095.0,-0.73,8,4,2011,0
2011-08-19,台中市,SE6 青蔥 粉蔥 ,48.6,42.3,38.1,43.3,-3.35,1077.0,-1.64,8,5,2011,0
2011-08-20,台中市,SE6 青蔥 粉蔥 ,46.6,36.1,30.7,37.7,-12.93,1392.0,29.25,8,6,2011,0
2011-08-21,台中市,SE6 青蔥 粉蔥 ,47.6,44.5,40.4,44.7,18.57,789.0,-43.32,8,7,2011,0
2011-08-22,台中市,SE6 青蔥 粉蔥 ,,,,,,,,8,1,2011,1
2011-08-23,台中市,SE6 青蔥 粉蔥 ,46.8,42.5,40.0,43.1,-3.58,1113.0,41.06,8,2,2011,0
2011-08-24,台中市,SE6 青蔥 粉蔥 ,45.7,41.8,39.7,42.3,-1.86,1026.0,-7.82,8,3,2011,0
2011-08-25,台中市,SE6 青蔥 粉蔥 ,44.4,39.7,36.3,40.0,-5.44,1116.0,8.77,8,4,2011,0
2011-08-26,台中市,SE6 青蔥 粉蔥 ,43.9,37.7,32.4,38.4,-4.0,1301.0,16.58,8,5,2011,0
2011-08-27,台中市,SE6 青蔥 粉蔥 ,43.4,37.0,31.2,37.4,-2.6,1429.0,9.84,8,6,2011,0
2011-08-28,台中市,SE6 青蔥 粉蔥 ,51.7,44.1,38.0,44.7,19.52,1407.0,-1.54,8,7,2011,0
2011-08-29,台中市,SE6 青蔥 粉蔥 ,,,,,,,,8,1,2011,1
2011-08-30,台中市,SE6 青蔥 粉蔥 ,57.7,49.9,46.8,51.1,14.32,819.0,-41.79,8,2,2011,0
2011-08-31,台中市,SE6 青蔥 粉蔥 ,53.7,45.7,37.1,45.0,-11.94,1140.0,39.19,8,3,2011,0
2011-09-01,台中市,SE6 青蔥 粉蔥 ,49.6,34.1,27.6,36.0,-20.0,1191.0,4.47,9,4,2011,0
2011-09-02,台中市,SE6 青蔥 粉蔥 ,46.8,38.2,31.0,38.9,8.06,1421.0,19.31,9,5,2011,0
2011-09-03,台中市,SE6 青蔥 粉蔥 ,40.9,34.8,26.6,34.3,-11.83,1460.0,2.74,9,6,2011,0
2011-09-04,台中市,SE6 青蔥 粉蔥 ,41.8,37.2,24.4,36.6,6.71,1434.0,-1.78,9,7,2011,0
2011-09-05,台中市,SE6 青蔥 粉蔥 ,,,,,,,,9,1,2011,1
2011-09-06,台中市,SE6 青蔥 粉蔥 ,46.0,42.7,38.2,42.5,16.12,782.0,-45.47,9,2,2011,0
2011-09-07,台中市,SE6 青蔥 粉蔥 ,49.0,45.2,41.8,45.4,6.82,793.0,1.41,9,3,2011,0
2011-09-08,台中市,SE6 青蔥 粉蔥 ,58.3,55.3,47.3,54.2,19.38,565.0,-28.75,9,4,2011,0
2011-09-09,台中市,SE6 青蔥 粉蔥 ,53.3,52.7,50.7,52.5,-3.14,1175.0,107.96,9,5,2011,0
2011-09-10,台中市,SE6 青蔥 粉蔥 ,51.0,48.4,42.6,47.7,-9.14,1150.0,-2.13,9,6,2011,0
2011-09-11,台中市,SE6 青蔥 粉蔥 ,48.2,40.9,35.3,42.2,-11.53,1055.0,-8.26,9,7,2011,0
2011-09-12,台中市,SE6 青蔥 粉蔥 ,47.2,41.2,36.5,42.5,0.71,764.0,-27.58,9,1,2011,0
2011-09-13,台中市,SE6 青蔥 粉蔥 ,,,,,,,,9,2,2011,1
2011-09-14,台中市,SE6 青蔥 粉蔥 ,,,,,,,,9,3,2011,1
2011-09-15,台中市,SE6 青蔥 粉蔥 ,56.0,48.9,43.8,50.0,17.65,530.0,-30.63,9,4,2011,0
2011-09-16,台中市,SE6 青蔥 粉蔥 ,51.0,49.6,43.3,48.1,-3.8,435.0,-17.92,9,5,2011,0
2011-09-17,台中市,SE6 青蔥 粉蔥 ,45.7,41.3,32.3,40.9,-14.97,862.0,98.16,9,6,2011,0
2011-09-18,台中市,SE6 青蔥 粉蔥 ,35.6,32.4,29.2,32.5,-20.54,1209.0,40.26,9,7,2011,0
2011-09-19,台中市,SE6 青蔥 粉蔥 ,,,,,,,,9,1,2011,1
2011-09-20,台中市,SE6 青蔥 粉蔥 ,39.0,34.2,28.8,34.6,6.46,970.0,-19.77,9,2,2011,0
2011-09-21,台中市,SE6 青蔥 粉蔥 ,36.6,33.7,30.0,33.7,-2.6,891.0,-8.14,9,3,2011,0
2011-09-22,台中市,SE6 青蔥 粉蔥 ,33.7,30.3,24.7,30.0,-10.98,922.0,3.48,9,4,2011,0
2011-09-23,台中市,SE6 青蔥 粉蔥 ,36.5,32.7,32.0,33.2,10.67,586.0,-36.44,9,5,2011,0
2011-09-24,台中市,SE6 青蔥 粉蔥 ,36.5,33.2,27.2,32.9,-0.9,602.0,2.73,9,6,2011,0
2011-09-25,台中市,SE6 青蔥 粉蔥 ,40.0,35.1,32.2,36.0,9.42,995.0,65.28,9,7,2011,0
2011-09-26,台中市,SE6 青蔥 粉蔥 ,,,,,,,,9,1,2011,1
2011-09-27,台中市,SE6 青蔥 粉蔥 ,45.3,41.8,37.0,41.1,14.17,628.0,-36.88,9,2,2011,0
2011-09-28,台中市,SE6 青蔥 粉蔥 ,48.0,38.2,18.4,39.5,-3.89,739.0,17.68,9,3,2011,0
2011-09-29,台中市,SE6 青蔥 粉蔥 ,50.7,49.8,42.3,48.2,22.03,345.0,-53.32,9,4,2011,0
2011-09-30,台中市,SE6 青蔥 粉蔥 ,49.0,47.4,40.0,47.4,-1.66,524.0,51.88,9,5,2011,0
2011-10-01,台中市,SE6 青蔥 粉蔥 ,46.0,44.4,41.0,44.0,-7.17,363.0,-30.73,10,6,2011,0
2011-10-02,台中市,SE6 青蔥 粉蔥 ,46.0,46.0,38.0,44.1,0.23,297.0,-18.18,10,7,2011,0
2011-10-03,台中市,SE6 青蔥 粉蔥 ,,,,,,,,10,1,2011,1
2011-10-04,台中市,SE6 青蔥 粉蔥 ,46.3,45.4,40.0,44.6,1.13,409.0,37.71,10,2,2011,0
2011-10-05,台中市,SE6 青蔥 粉蔥 ,48.8,45.7,38.2,44.5,-0.22,565.0,38.14,10,3,2011,0
2011-10-06,台中市,SE6 青蔥 粉蔥 ,45.0,45.0,35.0,41.3,-7.19,80.0,-85.84,10,4,2011,0
2011-10-07,台中市,SE6 青蔥 粉蔥 ,45.5,42.7,40.0,43.0,4.12,376.0,370.0,10,5,2011,0
2011-10-08,台中市,SE6 青蔥 粉蔥 ,43.0,40.8,33.7,40.0,-6.98,400.0,6.38,10,6,2011,0
2011-10-09,台中市,SE6 青蔥 粉蔥 ,44.0,43.0,36.5,40.1,0.25,442.0,10.5,10,7,2011,0
2011-10-10,台中市,SE6 青蔥 粉蔥 ,,,,,,,,10,1,2011,1
2011-10-11,台中市,SE6 青蔥 粉蔥 ,43.5,41.4,37.5,40.9,2.0,290.0,-34.39,10,2,2011,0
2011-10-12,台中市,SE6 青蔥 粉蔥 ,38.4,35.0,30.0,34.5,-15.65,740.0,155.17,10,3,2011,0
2011-10-13,台中市,SE6 青蔥 粉蔥 ,41.0,24.5,10.0,26.5,-23.19,621.0,-16.08,10,4,2011,0
2011-10-14,台中市,SE6 青蔥 粉蔥 ,40.0,40.0,32.5,38.7,46.04,387.0,-37.68,10,5,2011,0
2011-10-15,台中市,SE6 青蔥 粉蔥 ,41.5,40.6,30.0,38.9,0.52,364.0,-5.94,10,6,2011,0
2011-10-16,台中市,SE6 青蔥 粉蔥 ,43.0,41.8,32.0,41.1,5.66,507.0,39.29,10,7,2011,0
2011-10-17,台中市,SE6 青蔥 粉蔥 ,,,,,,,,10,1,2011,1
2011-10-18,台中市,SE6 青蔥 粉蔥 ,44.0,43.0,40.7,42.7,3.89,444.0,-12.43,10,2,2011,0
2011-10-19,台中市,SE6 青蔥 粉蔥 ,44.7,43.4,41.3,43.1,0.94,424.0,-4.5,10,3,2011,0
2011-10-20,台中市,SE6 青蔥 粉蔥 ,53.0,50.0,38.5,49.1,13.92,219.0,-48.35,10,4,2011,0
2011-10-21,台中市,SE6 青蔥 粉蔥 ,48.5,45.3,36.2,43.9,-10.59,557.0,154.34,10,5,2011,0
2011-10-22,台中市,SE6 青蔥 粉蔥 ,44.3,42.2,33.3,40.6,-7.52,471.0,-15.44,10,6,2011,0
2011-10-23,台中市,SE6 青蔥 粉蔥 ,44.8,43.1,41.2,42.9,5.67,696.0,47.77,10,7,2011,0
2011-10-24,台中市,SE6 青蔥 粉蔥 ,,,,,,,,10,1,2011,1
2011-10-25,台中市,SE6 青蔥 粉蔥 ,42.6,37.0,30.6,36.4,-15.15,1105.0,58.76,10,2,2011,0
2011-10-26,台中市,SE6 青蔥 粉蔥 ,35.4,33.5,29.4,33.0,-9.34,1088.0,-1.54,10,3,2011,0
2011-10-27,台中市,SE6 青蔥 粉蔥 ,31.2,29.5,23.6,28.5,-13.64,1287.0,18.29,10,4,2011,0
2011-10-28,台中市,SE6 青蔥 粉蔥 ,27.2,25.3,21.8,25.0,-12.28,1377.0,6.99,10,5,2011,0
2011-10-29,台中市,SE6 青蔥 粉蔥 ,24.3,21.7,19.2,21.7,-13.2,1380.0,0.22,10,6,2011,0
2011-10-30,台中市,SE6 青蔥 粉蔥 ,23.6,21.3,20.5,21.6,-0.46,1356.0,-1.74,10,7,2011,0
2011-10-31,台中市,SE6 青蔥 粉蔥 ,,,,,,,,10,1,2011,1
2011-11-01,台中市,SE6 青蔥 粉蔥 ,33.7,26.9,24.2,27.1,25.46,984.0,-27.43,11,2,2011,0
2011-11-02,台中市,SE6 青蔥 粉蔥 ,38.0,36.1,31.0,35.3,30.26,483.0,-50.91,11,3,2011,0
2011-11-03,台中市,SE6 青蔥 粉蔥 ,35.3,31.7,28.7,31.8,-9.92,881.0,82.4,11,4,2011,0
2011-11-04,台中市,SE6 青蔥 粉蔥 ,33.9,31.0,28.8,31.0,-2.52,1196.0,35.75,11,5,2011,0
2011-11-05,台中市,SE6 青蔥 粉蔥 ,27.3,24.7,21.0,24.5,-20.97,1851.0,54.77,11,6,2011,0
2011-11-06,台中市,SE6 青蔥 粉蔥 ,27.5,22.4,18.4,22.7,-7.35,1545.0,-16.53,11,7,2011,0
2011-11-07,台中市,SE6 青蔥 粉蔥 ,,,,,,,,11,1,2011,1
2011-11-08,台中市,SE6 青蔥 粉蔥 ,29.3,26.8,21.9,26.3,15.86,1365.0,-11.65,11,2,2011,0
2011-11-09,台中市,SE6 青蔥 粉蔥 ,28.1,25.8,21.3,25.4,-3.42,1455.0,6.59,11,3,2011,0
2011-11-10,台中市,SE6 青蔥 粉蔥 ,29.0,26.5,22.4,26.4,3.94,1056.0,-27.42,11,4,2011,0
2011-11-11,台中市,SE6 青蔥 粉蔥 ,34.7,32.7,30.7,32.5,23.11,507.0,-51.99,11,5,2011,0
2011-11-12,台中市,SE6 青蔥 粉蔥 ,33.0,30.4,28.3,30.7,-5.54,1024.0,101.97,11,6,2011,0
2011-11-13,台中市,SE6 青蔥 粉蔥 ,38.5,33.1,30.0,33.8,10.1,927.0,-9.47,11,7,2011,0
2011-11-14,台中市,SE6 青蔥 粉蔥 ,,,,,,,,11,1,2011,1
2011-11-15,台中市,SE6 青蔥 粉蔥 ,47.0,42.1,37.2,42.7,26.33,929.0,0.22,11,2,2011,0
2011-11-16,台中市,SE6 青蔥 粉蔥 ,51.2,44.8,41.8,46.4,8.67,672.0,-27.66,11,3,2011,0
2011-11-17,台中市,SE6 青蔥 粉蔥 ,50.8,41.4,38.6,43.7,-5.82,718.0,6.85,11,4,2011,0
2011-11-18,台中市,SE6 青蔥 粉蔥 ,49.3,39.5,23.0,38.6,-11.67,1080.0,50.42,11,5,2011,0
2011-11-19,台中市,SE6 青蔥 粉蔥 ,44.0,18.0,9.7,22.8,-40.93,1359.0,25.83,11,6,2011,0
2011-11-20,台中市,SE6 青蔥 粉蔥 ,45.1,25.9,15.0,29.4,28.95,1031.0,-24.14,11,7,2011,0
2011-11-21,台中市,SE6 青蔥 粉蔥 ,,,,,,,,11,1,2011,1
2011-11-22,台中市,SE6 青蔥 粉蔥 ,34.2,26.5,20.0,26.7,-9.18,1545.0,49.85,11,2,2011,0
2011-11-23,台中市,SE6 青蔥 粉蔥 ,34.4,24.9,21.0,26.2,-1.87,977.0,-36.76,11,3,2011,0
2011-11-24,台中市,SE6 青蔥 粉蔥 ,40.0,35.7,29.2,35.3,34.73,729.0,-25.38,11,4,2011,0
2011-11-25,台中市,SE6 青蔥 粉蔥 ,45.4,43.4,40.2,43.1,22.1,709.0,-2.74,11,5,2011,0
2011-11-26,台中市,SE6 青蔥 粉蔥 ,55.8,48.1,23.0,48.6,12.76,476.0,-32.86,11,6,2011,0
2011-11-27,台中市,SE6 青蔥 粉蔥 ,56.0,52.0,41.8,49.6,2.06,542.0,13.87,11,7,2011,0
2011-11-28,台中市,SE6 青蔥 粉蔥 ,,,,,,,,11,1,2011,1
2011-11-29,台中市,SE6 青蔥 粉蔥 ,48.0,44.2,32.0,42.5,-14.31,556.0,2.58,11,2,2011,0
2011-11-30,台中市,SE6 青蔥 粉蔥 ,42.8,36.0,22.5,32.7,-23.06,832.0,49.64,11,3,2011,0
2011-12-01,台中市,SE6 青蔥 粉蔥 ,40.5,31.2,21.7,32.4,-0.92,916.0,10.1,12,4,2011,0
2011-12-02,台中市,SE6 青蔥 粉蔥 ,43.2,32.7,24.8,33.0,1.85,952.0,3.93,12,5,2011,0
2011-12-03,台中市,SE6 青蔥 粉蔥 ,45.8,34.5,27.0,35.5,7.58,647.0,-32.04,12,6,2011,0
2011-12-04,台中市,SE6 青蔥 粉蔥 ,46.2,31.8,30.0,36.1,1.69,663.0,2.47,12,7,2011,0
2011-12-05,台中市,SE6 青蔥 粉蔥 ,,,,,,,,12,1,2011,1
2011-12-06,台中市,SE6 青蔥 粉蔥 ,51.2,32.2,30.0,37.8,4.71,693.0,4.52,12,2,2011,0
2011-12-07,台中市,SE6 青蔥 粉蔥 ,50.8,32.6,18.5,35.4,-6.35,918.0,32.47,12,3,2011,0
2011-12-08,台中市,SE6 青蔥 粉蔥 ,56.5,30.7,18.8,36.2,2.26,564.0,-38.56,12,4,2011,0
2011-12-09,台中市,SE6 青蔥 粉蔥 ,57.2,34.8,29.2,41.2,13.81,533.0,-5.5,12,5,2011,0
2011-12-10,台中市,SE6 青蔥 粉蔥 ,56.0,39.5,33.4,43.0,4.37,637.0,19.51,12,6,2011,0
2011-12-11,台中市,SE6 青蔥 粉蔥 ,56.0,34.8,32.2,40.8,-5.12,543.0,-14.76,12,7,2011,0
2011-12-12,台中市,SE6 青蔥 粉蔥 ,,,,,,,,12,1,2011,1
2011-12-13,台中市,SE6 青蔥 粉蔥 ,43.7,42.6,38.0,40.9,0.25,440.0,-18.97,12,2,2011,0
2011-12-14,台中市,SE6 青蔥 粉蔥 ,43.0,42.4,36.7,39.6,-3.18,466.0,5.91,12,3,2011,0
2011-12-15,台中市,SE6 青蔥 粉蔥 ,40.0,40.0,35.0,38.6,-2.53,83.0,-82.19,12,4,2011,0
2011-12-16,台中市,SE6 青蔥 粉蔥 ,40.0,31.7,30.0,32.1,-16.84,243.0,192.77,12,5,2011,0
2011-12-17,台中市,SE6 青蔥 粉蔥 ,40.0,40.0,34.0,39.2,22.12,149.0,-38.68,12,6,2011,0
2011-12-18,台中市,SE6 青蔥 粉蔥 ,38.0,36.0,35.0,36.3,-7.4,103.0,-30.87,12,7,2011,0
2011-12-19,台中市,SE6 青蔥 粉蔥 ,,,,,,,,12,1,2011,1
2011-12-20,台中市,SE6 青蔥 粉蔥 ,34.3,32.4,19.8,30.1,-17.08,744.0,622.33,12,2,2011,0
2011-12-21,台中市,SE6 青蔥 粉蔥 ,35.5,33.2,30.8,32.7,8.64,554.0,-25.54,12,3,2011,0
2011-12-22,台中市,SE6 青蔥 粉蔥 ,33.3,31.1,30.0,31.2,-4.59,443.0,-20.04,12,4,2011,0
2011-12-23,台中市,SE6 青蔥 粉蔥 ,36.5,33.4,32.0,33.9,8.65,259.0,-41.53,12,5,2011,0
2011-12-24,台中市,SE6 青蔥 粉蔥 ,38.2,36.6,31.2,36.0,6.19,423.0,63.32,12,6,2011,0
2011-12-25,台中市,SE6 青蔥 粉蔥 ,40.0,38.1,34.3,38.0,5.56,452.0,6.86,12,7,2011,0
2011-12-26,台中市,SE6 青蔥 粉蔥 ,,,,,,,,12,1,2011,1
2011-12-27,台中市,SE6 青蔥 粉蔥 ,42.0,36.8,33.8,37.5,-1.32,569.0,25.88,12,2,2011,0
2011-12-28,台中市,SE6 青蔥 粉蔥 ,40.0,38.5,36.5,38.4,2.4,470.0,-17.4,12,3,2011,0
2011-12-29,台中市,SE6 青蔥 粉蔥 ,39.2,36.5,35.0,36.9,-3.91,500.0,6.38,12,4,2011,0
2011-12-30,台中市,SE6 青蔥 粉蔥 ,39.8,37.1,27.5,36.6,-0.81,588.0,17.6,12,5,2011,0
2011-12-31,台中市,SE6 青蔥 粉蔥 ,40.0,36.8,34.2,36.5,-0.27,460.0,-21.77,12,6,2011,0
2012-01-01,台中市,SE6 青蔥 粉蔥 ,42.5,40.0,32.5,38.9,6.58,487.0,5.87,1,7,2012,0
2012-01-02,台中市,SE6 青蔥 粉蔥 ,,,,,,,,1,1,2012,1
2012-01-03,台中市,SE6 青蔥 粉蔥 ,44.0,42.1,39.2,42.1,8.23,480.0,-1.44,1,2,2012,0
2012-01-04,台中市,SE6 青蔥 粉蔥 ,43.2,41.3,34.5,39.8,-5.46,558.0,16.25,1,3,2012,0
2012-01-05,台中市,SE6 青蔥 粉蔥 ,46.4,44.1,30.4,42.1,5.78,616.0,10.39,1,4,2012,0
2012-01-06,台中市,SE6 青蔥 粉蔥 ,46.8,44.9,30.2,43.0,2.14,535.0,-13.15,1,5,2012,0
2012-01-07,台中市,SE6 青蔥 粉蔥 ,45.4,42.7,32.0,41.3,-3.95,583.0,8.97,1,6,2012,0
2012-01-08,台中市,SE6 青蔥 粉蔥 ,46.0,45.0,38.0,43.6,5.57,569.0,-2.4,1,7,2012,0
2012-01-09,台中市,SE6 青蔥 粉蔥 ,,,,,,,,1,1,2012,1
2012-01-10,台中市,SE6 青蔥 粉蔥 ,43.3,41.5,38.7,41.5,-4.82,865.0,52.02,1,2,2012,0
2012-01-11,台中市,SE6 青蔥 粉蔥 ,40.2,39.3,34.0,38.5,-7.23,763.0,-11.79,1,3,2012,0
2012-01-12,台中市,SE6 青蔥 粉蔥 ,38.8,36.9,29.3,36.2,-5.97,896.0,17.43,1,4,2012,0
2012-01-13,台中市,SE6 青蔥 粉蔥 ,39.0,36.2,30.1,36.2,0.0,1022.0,14.06,1,5,2012,0
2012-01-14,台中市,SE6 青蔥 粉蔥 ,34.1,32.3,28.5,32.0,-11.6,1078.0,5.48,1,6,2012,0
2012-01-15,台中市,SE6 青蔥 粉蔥 ,31.6,30.2,23.6,29.1,-9.06,1123.0,4.17,1,7,2012,0
2012-01-16,台中市,SE6 青蔥 粉蔥 ,,,,,,,,1,1,2012,1
2012-01-17,台中市,SE6 青蔥 粉蔥 ,36.8,31.9,29.8,32.3,11.0,999.0,-11.04,1,2,2012,0
2012-01-18,台中市,SE6 青蔥 粉蔥 ,38.6,32.5,27.1,32.5,0.62,1104.0,10.51,1,3,2012,0
2012-01-19,台中市,SE6 青蔥 粉蔥 ,44.0,38.2,27.2,37.4,15.08,841.0,-23.82,1,4,2012,0
2012-01-20,台中市,SE6 青蔥 粉蔥 ,53.2,50.1,39.5,47.8,27.81,914.0,8.68,1,5,2012,0
2012-01-21,台中市,SE6 青蔥 粉蔥 ,55.6,49.2,41.0,49.0,2.51,1217.0,33.15,1,6,2012,0
2012-01-22,台中市,SE6 青蔥 粉蔥 ,56.6,52.9,21.2,45.4,-7.35,954.0,-21.61,1,7,2012,0
2012-01-23,台中市,SE6 青蔥 粉蔥 ,,,,,,,,1,1,2012,1
2012-01-24,台中市,SE6 青蔥 粉蔥 ,,,,,,,,1,2,2012,1
2012-01-25,台中市,SE6 青蔥 粉蔥 ,,,,,,,,1,3,2012,1
2012-01-26,台中市,SE6 青蔥 粉蔥 ,,,,,,,,1,4,2012,1
2012-01-27,台中市,SE6 青蔥 粉蔥 ,,,,,,,,1,5,2012,1
2012-01-28,台中市,SE6 青蔥 粉蔥 ,47.5,45.2,40.5,44.4,-2.2,463.0,-51.47,1,6,2012,0
2012-01-29,台中市,SE6 青蔥 粉蔥 ,51.0,45.4,32.0,44.5,0.23,496.0,7.13,1,7,2012,0
2012-01-30,台中市,SE6 青蔥 粉蔥 ,57.0,54.5,51.0,54.5,22.47,233.0,-53.02,1,1,2012,0
2012-01-31,台中市,SE6 青蔥 粉蔥 ,,,,,,,,1,2,2012,1
2012-02-01,台中市,SE6 青蔥 粉蔥 ,52.4,47.3,39.6,47.1,-13.58,620.0,166.09,2,3,2012,0
2012-02-02,台中市,SE6 青蔥 粉蔥 ,43.2,38.0,28.2,36.7,-22.08,812.0,30.97,2,4,2012,0
2012-02-03,台中市,SE6 青蔥 粉蔥 ,40.3,34.4,20.3,33.1,-9.81,876.0,7.88,2,5,2012,0
2012-02-04,台中市,SE6 青蔥 粉蔥 ,41.6,33.4,23.4,31.9,-3.63,1199.0,36.87,2,6,2012,0
2012-02-05,台中市,SE6 青蔥 粉蔥 ,37.1,32.2,24.5,30.7,-3.76,1264.0,5.42,2,7,2012,0
2012-02-06,台中市,SE6 青蔥 粉蔥 ,36.2,30.5,23.4,30.2,-1.63,1411.0,11.63,2,1,2012,0
2012-02-07,台中市,SE6 青蔥 粉蔥 ,,,,,,,,2,2,2012,1
2012-02-08,台中市,SE6 青蔥 粉蔥 ,,,,,,,,2,3,2012,1
2012-02-09,台中市,SE6 青蔥 粉蔥 ,36.7,32.7,18.0,30.8,1.99,1057.0,-25.09,2,4,2012,0
2012-02-10,台中市,SE6 青蔥 粉蔥 ,37.1,35.4,27.3,34.4,11.69,872.0,-17.5,2,5,2012,0
2012-02-11,台中市,SE6 青蔥 粉蔥 ,36.7,33.2,25.8,32.5,-5.52,903.0,3.56,2,6,2012,0
2012-02-12,台中市,SE6 青蔥 粉蔥 ,37.3,34.9,28.6,34.0,4.62,965.0,6.87,2,7,2012,0
2012-02-13,台中市,SE6 青蔥 粉蔥 ,,,,,,,,2,1,2012,1
2012-02-14,台中市,SE6 青蔥 粉蔥 ,43.0,39.5,30.8,38.1,12.06,820.0,-15.03,2,2,2012,0
2012-02-15,台中市,SE6 青蔥 粉蔥 ,42.7,40.7,31.1,39.8,4.46,1039.0,26.71,2,3,2012,0
2012-02-16,台中市,SE6 青蔥 粉蔥 ,43.2,37.9,30.0,37.6,-5.53,889.0,-14.44,2,4,2012,0
2012-02-17,台中市,SE6 青蔥 粉蔥 ,41.4,35.7,27.6,34.2,-9.04,1173.0,31.95,2,5,2012,0
2012-02-18,台中市,SE6 青蔥 粉蔥 ,40.0,29.6,26.0,31.4,-8.19,1015.0,-13.47,2,6,2012,0
2012-02-19,台中市,SE6 青蔥 粉蔥 ,42.8,40.4,33.6,39.4,25.48,690.0,-32.02,2,7,2012,0
2012-02-20,台中市,SE6 青蔥 粉蔥 ,,,,,,,,2,1,2012,1
2012-02-21,台中市,SE6 青蔥 粉蔥 ,43.1,40.4,36.4,40.1,1.78,1047.0,51.74,2,2,2012,0
2012-02-22,台中市,SE6 青蔥 粉蔥 ,43.4,40.2,36.7,40.6,1.25,1147.0,9.55,2,3,2012,0
2012-02-23,台中市,SE6 青蔥 粉蔥 ,47.0,45.0,43.5,45.0,10.84,180.0,-84.31,2,4,2012,0
2012-02-24,台中市,SE6 青蔥 粉蔥 ,46.5,37.6,17.8,34.2,-24.0,558.0,210.0,2,5,2012,0
2012-02-25,台中市,SE6 青蔥 粉蔥 ,42.0,34.2,29.0,34.6,1.17,715.0,28.14,2,6,2012,0
2012-02-26,台中市,SE6 青蔥 粉蔥 ,39.4,33.0,27.6,33.4,-3.47,1260.0,76.22,2,7,2012,0
2012-02-27,台中市,SE6 青蔥 粉蔥 ,,,,,,,,2,1,2012,1
2012-02-28,台中市,SE6 青蔥 粉蔥 ,42.7,38.5,34.7,39.6,18.56,604.0,-52.06,2,2,2012,0
2012-02-29,台中市,SE6 青蔥 粉蔥 ,45.3,41.2,35.7,40.8,3.03,462.0,-23.51,2,3,2012,0
2012-03-01,台中市,SE6 青蔥 粉蔥 ,40.4,35.3,33.4,36.0,-11.76,711.0,53.9,3,4,2012,0
2012-03-02,台中市,SE6 青蔥 粉蔥 ,42.4,37.8,32.4,37.1,3.06,824.0,15.89,3,5,2012,0
2012-03-03,台中市,SE6 青蔥 粉蔥 ,40.8,37.3,30.8,36.8,-0.81,723.0,-12.26,3,6,2012,0
2012-03-04,台中市,SE6 青蔥 粉蔥 ,42.0,36.7,31.5,36.4,-1.09,600.0,-17.01,3,7,2012,0
2012-03-05,台中市,SE6 青蔥 粉蔥 ,,,,,,,,3,1,2012,1
2012-03-06,台中市,SE6 青蔥 粉蔥 ,44.0,36.7,29.6,37.9,4.12,884.0,47.33,3,2,2012,0
2012-03-07,台中市,SE6 青蔥 粉蔥 ,40.0,34.6,26.8,34.1,-10.03,1115.0,26.13,3,3,2012,0
2012-03-08,台中市,SE6 青蔥 粉蔥 ,34.6,30.0,23.6,29.1,-14.66,1426.0,27.89,3,4,2012,0
2012-03-09,台中市,SE6 青蔥 粉蔥 ,34.8,28.8,25.0,29.1,0.0,1330.0,-6.73,3,5,2012,0
2012-03-10,台中市,SE6 青蔥 粉蔥 ,35.4,29.4,22.4,28.7,-1.37,1092.0,-17.89,3,6,2012,0
2012-03-11,台中市,SE6 青蔥 粉蔥 ,31.7,28.6,24.5,28.1,-2.09,856.0,-21.61,3,7,2012,0
2012-03-12,台中市,SE6 青蔥 粉蔥 ,,,,,,,,3,1,2012,1
2012-03-13,台中市,SE6 青蔥 粉蔥 ,35.0,31.8,29.3,32.3,14.95,1245.0,45.44,3,2,2012,0
2012-03-14,台中市,SE6 青蔥 粉蔥 ,36.1,31.6,25.2,31.1,-3.72,1439.0,15.58,3,3,2012,0
2012-03-15,台中市,SE6 青蔥 粉蔥 ,32.1,27.2,21.3,26.4,-15.11,1662.0,15.5,3,4,2012,0
2012-03-16,台中市,SE6 青蔥 粉蔥 ,32.0,28.6,22.4,27.7,4.92,933.0,-43.86,3,5,2012,0
2012-03-17,台中市,SE6 青蔥 粉蔥 ,31.1,26.7,22.8,26.4,-4.69,1357.0,45.44,3,6,2012,0
2012-03-18,台中市,SE6 青蔥 粉蔥 ,33.5,30.1,21.5,28.4,7.58,885.0,-34.78,3,7,2012,0
2012-03-19,台中市,SE6 青蔥 粉蔥 ,,,,,,,,3,1,2012,1
2012-03-20,台中市,SE6 青蔥 粉蔥 ,36.2,31.0,23.8,30.7,8.1,960.0,8.47,3,2,2012,0
2012-03-21,台中市,SE6 青蔥 粉蔥 ,35.9,28.4,23.4,29.4,-4.23,1204.0,25.42,3,3,2012,0
2012-03-22,台中市,SE6 青蔥 粉蔥 ,34.8,25.4,21.0,26.0,-11.56,1488.0,23.59,3,4,2012,0
2012-03-23,台中市,SE6 青蔥 粉蔥 ,30.0,21.6,12.7,21.5,-17.31,1701.0,14.31,3,5,2012,0
2012-03-24,台中市,SE6 青蔥 粉蔥 ,45.2,22.5,11.2,21.6,0.47,1635.0,-3.88,3,6,2012,0
2012-03-25,台中市,SE6 青蔥 粉蔥 ,29.4,22.3,10.5,21.3,-1.39,1473.0,-9.91,3,7,2012,0
2012-03-26,台中市,SE6 青蔥 粉蔥 ,,,,,,,,3,1,2012,1
2012-03-27,台中市,SE6 青蔥 粉蔥 ,76.7,26.3,16.3,29.0,36.15,1064.0,-27.77,3,2,2012,0
2012-03-28,台中市,SE6 青蔥 粉蔥 ,32.5,27.2,21.0,27.5,-5.17,1279.0,20.21,3,3,2012,0
2012-03-29,台中市,SE6 青蔥 粉蔥 ,30.2,24.0,18.4,24.3,-11.64,1448.0,13.21,3,4,2012,0
2012-03-30,台中市,SE6 青蔥 粉蔥 ,30.1,26.5,20.1,26.0,7.0,1798.0,24.17,3,5,2012,0
2012-03-31,台中市,SE6 青蔥 粉蔥 ,28.0,22.8,16.3,22.0,-15.38,2013.0,11.96,3,6,2012,0
2012-04-01,台中市,SE6 青蔥 粉蔥 ,24.3,19.9,13.1,19.2,-12.73,1288.0,-36.02,4,7,2012,0
2012-04-02,台中市,SE6 青蔥 粉蔥 ,30.0,22.8,18.3,23.8,23.96,760.0,-40.99,4,1,2012,0
2012-04-03,台中市,SE6 青蔥 粉蔥 ,23.1,19.3,14.2,19.4,-18.49,1956.0,157.37,4,2,2012,0
2012-04-04,台中市,SE6 青蔥 粉蔥 ,,,,,,,,4,3,2012,1
2012-04-05,台中市,SE6 青蔥 粉蔥 ,,,,,,,,4,4,2012,1
2012-04-06,台中市,SE6 青蔥 粉蔥 ,26.8,25.1,24.0,25.3,30.41,866.0,-55.73,4,5,2012,0
2012-04-07,台中市,SE6 青蔥 粉蔥 ,26.9,23.6,17.6,22.9,-9.49,1367.0,57.85,4,6,2012,0
2012-04-08,台中市,SE6 青蔥 粉蔥 ,26.2,22.8,20.3,23.0,0.44,1539.0,12.58,4,7,2012,0
2012-04-09,台中市,SE6 青蔥 粉蔥 ,,,,,,,,4,1,2012,1
2012-04-10,台中市,SE6 青蔥 粉蔥 ,24.4,21.5,16.1,19.9,-13.48,1508.0,-2.01,4,2,2012,0
2012-04-11,台中市,SE6 青蔥 粉蔥 ,22.0,16.2,10.9,15.6,-21.61,2198.0,45.76,4,3,2012,0
2012-04-12,台中市,SE6 青蔥 粉蔥 ,17.4,14.1,10.1,13.7,-12.18,1246.0,-43.31,4,4,2012,0
2012-04-13,台中市,SE6 青蔥 粉蔥 ,16.4,12.7,9.0,12.4,-9.49,1404.0,12.68,4,5,2012,0
2012-04-14,台中市,SE6 青蔥 粉蔥 ,17.0,14.5,8.4,13.4,8.06,1367.0,-2.64,4,6,2012,0
2012-04-15,台中市,SE6 青蔥 粉蔥 ,19.1,15.6,14.0,16.0,19.4,1181.0,-13.61,4,7,2012,0
2012-04-16,台中市,SE6 青蔥 粉蔥 ,,,,,,,,4,1,2012,1
2012-04-17,台中市,SE6 青蔥 粉蔥 ,31.4,16.0,12.0,16.4,2.5,1207.0,2.2,4,2,2012,0
2012-04-18,台中市,SE6 青蔥 粉蔥 ,19.2,15.0,11.8,15.0,-8.54,1336.0,10.69,4,3,2012,0
2012-04-19,台中市,SE6 青蔥 粉蔥 ,18.7,13.6,9.2,14.0,-6.67,1341.0,0.37,4,4,2012,0
2012-04-20,台中市,SE6 青蔥 粉蔥 ,15.7,14.0,7.4,12.3,-12.14,1558.0,16.18,4,5,2012,0
2012-04-21,台中市,SE6 青蔥 粉蔥 ,17.1,15.1,14.6,15.5,26.02,1260.0,-19.13,4,6,2012,0
2012-04-22,台中市,SE6 青蔥 粉蔥 ,18.9,15.8,14.9,16.1,3.87,1286.0,2.06,4,7,2012,0
2012-04-23,台中市,SE6 青蔥 粉蔥 ,,,,,,,,4,1,2012,1
2012-04-24,台中市,SE6 青蔥 粉蔥 ,21.3,19.1,17.2,19.3,19.88,1069.0,-16.87,4,2,2012,0
2012-04-25,台中市,SE6 青蔥 粉蔥 ,20.4,18.1,14.2,17.7,-8.29,1482.0,38.63,4,3,2012,0
2012-04-26,台中市,SE6 青蔥 粉蔥 ,22.9,18.0,11.1,17.3,-2.26,1430.0,-3.51,4,4,2012,0
2012-04-27,台中市,SE6 青蔥 粉蔥 ,19.6,16.3,12.1,16.3,-5.78,993.0,-30.56,4,5,2012,0
2012-04-28,台中市,SE6 青蔥 粉蔥 ,17.4,15.6,13.4,15.4,-5.52,1344.0,35.35,4,6,2012,0
2012-04-29,台中市,SE6 青蔥 粉蔥 ,17.3,15.7,12.9,15.5,0.65,1531.0,13.91,4,7,2012,0
2012-04-30,台中市,SE6 青蔥 粉蔥 ,,,,,,,,4,1,2012,1
2012-05-01,台中市,SE6 青蔥 粉蔥 ,19.0,17.7,12.9,16.6,7.1,1219.0,-20.38,5,2,2012,0
2012-05-02,台中市,SE6 青蔥 粉蔥 ,19.0,18.0,16.1,17.8,7.23,1435.0,17.72,5,3,2012,0
2012-05-03,台中市,SE6 青蔥 粉蔥 ,21.3,18.3,15.6,18.7,5.06,1584.0,10.38,5,4,2012,0
2012-05-04,台中市,SE6 青蔥 粉蔥 ,19.7,18.1,16.2,17.9,-4.28,1994.0,25.88,5,5,2012,0
2012-05-05,台中市,SE6 青蔥 粉蔥 ,19.0,17.3,14.4,16.9,-5.59,2303.0,15.5,5,6,2012,0
2012-05-06,台中市,SE6 青蔥 粉蔥 ,18.4,15.8,14.1,15.9,-5.92,2445.0,6.17,5,7,2012,0
2012-05-07,台中市,SE6 青蔥 粉蔥 ,,,,,,,,5,1,2012,1
2012-05-08,台中市,SE6 青蔥 粉蔥 ,16.3,14.2,11.7,14.1,-11.32,2732.0,11.74,5,2,2012,0
2012-05-09,台中市,SE6 青蔥 粉蔥 ,15.8,14.1,11.0,13.9,-1.42,2315.0,-15.26,5,3,2012,0
2012-05-10,台中市,SE6 青蔥 粉蔥 ,16.0,13.1,11.5,13.5,-2.88,2042.0,-11.79,5,4,2012,0
2012-05-11,台中市,SE6 青蔥 粉蔥 ,15.0,13.7,11.4,13.5,0.0,2197.0,7.59,5,5,2012,0
2012-05-12,台中市,SE6 青蔥 粉蔥 ,21.6,18.8,10.7,17.4,28.89,1688.0,-23.17,5,6,2012,0
2012-05-13,台中市,SE6 青蔥 粉蔥 ,21.2,19.9,12.8,18.4,5.75,1988.0,17.77,5,7,2012,0
2012-05-14,台中市,SE6 青蔥 粉蔥 ,,,,,,,,5,1,2012,1
2012-05-15,台中市,SE6 青蔥 粉蔥 ,20.9,18.5,13.4,18.1,-1.63,1718.0,-13.58,5,2,2012,0
2012-05-16,台中市,SE6 青蔥 粉蔥 ,20.5,19.4,12.0,17.5,-3.31,1654.0,-3.73,5,3,2012,0
2012-05-17,台中市,SE6 青蔥 粉蔥 ,20.6,17.5,12.5,17.1,-2.29,1668.0,0.85,5,4,2012,0
2012-05-18,台中市,SE6 青蔥 粉蔥 ,20.5,18.1,10.8,17.0,-0.58,1397.0,-16.25,5,5,2012,0
2012-05-19,台中市,SE6 青蔥 粉蔥 ,19.1,17.2,11.1,15.7,-7.65,1750.0,25.27,5,6,2012,0
2012-05-20,台中市,SE6 青蔥 粉蔥 ,15.9,14.5,10.4,14.0,-10.83,2214.0,26.51,5,7,2012,0
2012-05-21,台中市,SE6 青蔥 粉蔥 ,,,,,,,,5,1,2012,1
2012-05-22,台中市,SE6 青蔥 粉蔥 ,22.6,21.2,14.2,20.1,43.57,1705.0,-22.99,5,2,2012,0
2012-05-23,台中市,SE6 青蔥 粉蔥 ,24.2,22.6,14.4,21.4,6.47,1614.0,-5.34,5,3,2012,0
2012-05-24,台中市,SE6 青蔥 粉蔥 ,24.1,21.7,15.7,21.1,-1.4,1516.0,-6.07,5,4,2012,0
2012-05-25,台中市,SE6 青蔥 粉蔥 ,23.4,22.0,16.5,21.1,0.0,1593.0,5.08,5,5,2012,0
2012-05-26,台中市,SE6 青蔥 粉蔥 ,24.1,22.4,14.8,20.8,-1.42,1616.0,1.44,5,6,2012,0
2012-05-27,台中市,SE6 青蔥 粉蔥 ,24.0,22.1,14.3,20.5,-1.44,1870.0,15.72,5,7,2012,0
2012-05-28,台中市,SE6 青蔥 粉蔥 ,,,,,,,,5,1,2012,1
2012-05-29,台中市,SE6 青蔥 粉蔥 ,26.0,25.1,15.5,23.2,13.17,1610.0,-13.9,5,2,2012,0
2012-05-30,台中市,SE6 青蔥 粉蔥 ,25.1,23.8,16.0,22.6,-2.59,1587.0,-1.43,5,3,2012,0
2012-05-31,台中市,SE6 青蔥 粉蔥 ,25.1,23.4,15.3,21.7,-3.98,1635.0,3.02,5,4,2012,0
2012-06-01,台中市,SE6 青蔥 粉蔥 ,24.2,22.2,11.0,19.7,-9.22,2029.0,24.1,6,5,2012,0
2012-06-02,台中市,SE6 青蔥 粉蔥 ,24.3,21.8,13.0,20.6,4.57,1694.0,-16.51,6,6,2012,0
2012-06-03,台中市,SE6 青蔥 粉蔥 ,23.2,22.2,14.0,20.7,0.49,2015.0,18.95,6,7,2012,0
2012-06-04,台中市,SE6 青蔥 粉蔥 ,,,,,,,,6,1,2012,1
2012-06-05,台中市,SE6 青蔥 粉蔥 ,26.1,22.2,15.5,21.6,4.35,1452.0,-27.94,6,2,2012,0
2012-06-06,台中市,SE6 青蔥 粉蔥 ,25.7,23.7,15.0,22.1,2.31,1756.0,20.94,6,3,2012,0
2012-06-07,台中市,SE6 青蔥 粉蔥 ,22.7,20.2,16.0,19.3,-12.67,1584.0,-9.79,6,4,2012,0
2012-06-08,台中市,SE6 青蔥 粉蔥 ,22.3,19.9,17.4,19.6,1.55,1361.0,-14.08,6,5,2012,0
2012-06-09,台中市,SE6 青蔥 粉蔥 ,23.5,20.2,17.2,20.1,2.55,1193.0,-12.34,6,6,2012,0
2012-06-10,台中市,SE6 青蔥 粉蔥 ,27.1,21.9,19.5,22.7,12.94,1182.0,-0.92,6,7,2012,0
2012-06-11,台中市,SE6 青蔥 粉蔥 ,,,,,,,,6,1,2012,1
2012-06-12,台中市,SE6 青蔥 粉蔥 ,33.1,30.1,26.3,29.6,30.4,1222.0,3.38,6,2,2012,0
2012-06-13,台中市,SE6 青蔥 粉蔥 ,35.4,31.9,27.0,32.2,8.78,1347.0,10.23,6,3,2012,0
2012-06-14,台中市,SE6 青蔥 粉蔥 ,35.4,32.9,26.8,32.5,0.93,1475.0,9.5,6,4,2012,0
2012-06-15,台中市,SE6 青蔥 粉蔥 ,33.7,32.6,29.4,31.8,-2.15,1381.0,-6.37,6,5,2012,0
2012-06-16,台中市,SE6 青蔥 粉蔥 ,35.4,32.3,26.4,31.9,0.31,1164.0,-15.71,6,6,2012,0
2012-06-17,台中市,SE6 青蔥 粉蔥 ,36.1,32.7,28.0,32.6,2.19,1237.0,6.27,6,7,2012,0
2012-06-18,台中市,SE6 青蔥 粉蔥 ,,,,,,,,6,1,2012,1
2012-06-19,台中市,SE6 青蔥 粉蔥 ,49.1,46.4,36.5,45.4,39.26,1202.0,-2.83,6,2,2012,0
2012-06-20,台中市,SE6 青蔥 粉蔥 ,63.7,56.4,42.0,55.2,21.59,1093.0,-9.07,6,3,2012,0
2012-06-21,台中市,SE6 青蔥 粉蔥 ,60.1,56.1,37.0,53.3,-3.44,1219.0,11.53,6,4,2012,0
2012-06-22,台中市,SE6 青蔥 粉蔥 ,61.4,48.9,35.2,48.9,-8.26,1740.0,42.74,6,5,2012,0
2012-06-23,台中市,SE6 青蔥 粉蔥 ,48.1,36.8,22.7,35.5,-27.4,1991.0,14.43,6,6,2012,0
2012-06-24,台中市,SE6 青蔥 粉蔥 ,,,,,,,,6,7,2012,1
2012-06-25,台中市,SE6 青蔥 粉蔥 ,,,,,,,,6,1,2012,1
2012-06-26,台中市,SE6 青蔥 粉蔥 ,56.1,48.4,30.9,47.6,34.08,1048.0,-47.36,6,2,2012,0
2012-06-27,台中市,SE6 青蔥 粉蔥 ,52.1,48.1,34.3,45.8,-3.78,1244.0,18.7,6,3,2012,0
2012-06-28,台中市,SE6 青蔥 粉蔥 ,53.7,48.8,40.3,48.5,5.9,888.0,-28.62,6,4,2012,0
2012-06-29,台中市,SE6 青蔥 粉蔥 ,66.3,54.0,48.3,54.7,12.78,869.0,-2.14,6,5,2012,0
2012-06-30,台中市,SE6 青蔥 粉蔥 ,71.7,67.2,51.4,66.0,20.66,875.0,0.69,6,6,2012,0
2012-07-01,台中市,SE6 青蔥 粉蔥 ,77.6,73.1,68.0,73.0,10.61,690.0,-21.14,7,7,2012,0
2012-07-02,台中市,SE6 青蔥 粉蔥 ,,,,,,,,7,1,2012,1
2012-07-03,台中市,SE6 青蔥 粉蔥 ,80.7,76.5,52.3,72.8,-0.27,1026.0,48.7,7,2,2012,0
2012-07-04,台中市,SE6 青蔥 粉蔥 ,80.8,74.9,41.2,67.0,-7.97,1183.0,15.3,7,3,2012,0
2012-07-05,台中市,SE6 青蔥 粉蔥 ,77.1,68.7,51.5,69.4,3.58,971.0,-17.92,7,4,2012,0
2012-07-06,台中市,SE6 青蔥 粉蔥 ,70.9,65.5,51.4,63.8,-8.07,1155.0,18.95,7,5,2012,0
2012-07-07,台中市,SE6 青蔥 粉蔥 ,68.4,65.8,42.8,61.2,-4.08,1141.0,-1.21,7,6,2012,0
2012-07-08,台中市,SE6 青蔥 粉蔥 ,78.8,74.9,68.8,74.9,22.39,772.0,-32.34,7,7,2012,0
2012-07-09,台中市,SE6 青蔥 粉蔥 ,,,,,,,,7,1,2012,1
2012-07-10,台中市,SE6 青蔥 粉蔥 ,93.5,88.1,66.2,85.2,13.75,734.0,-4.92,7,2,2012,0
2012-07-11,台中市,SE6 青蔥 粉蔥 ,91.8,85.6,71.7,84.1,-1.29,879.0,19.75,7,3,2012,0
2012-07-12,台中市,SE6 青蔥 粉蔥 ,88.0,81.2,65.0,79.1,-5.95,862.0,-1.93,7,4,2012,0
2012-07-13,台中市,SE6 青蔥 粉蔥 ,75.7,68.3,50.3,66.9,-15.42,1261.0,46.29,7,5,2012,0
2012-07-14,台中市,SE6 青蔥 粉蔥 ,78.0,76.8,60.8,74.3,11.06,810.0,-35.77,7,6,2012,0
2012-07-15,台中市,SE6 青蔥 粉蔥 ,80.8,76.3,66.3,74.8,0.67,942.0,16.3,7,7,2012,0
2012-07-16,台中市,SE6 青蔥 粉蔥 ,,,,,,,,7,1,2012,1
2012-07-17,台中市,SE6 青蔥 粉蔥 ,85.0,78.6,75.8,80.7,7.89,739.0,-21.55,7,2,2012,0
2012-07-18,台中市,SE6 青蔥 粉蔥 ,83.6,81.5,70.0,79.3,-1.73,741.0,0.27,7,3,2012,0
2012-07-19,台中市,SE6 青蔥 粉蔥 ,87.0,84.7,82.8,84.6,6.68,627.0,-15.38,7,4,2012,0
2012-07-20,台中市,SE6 青蔥 粉蔥 ,95.2,90.2,83.6,90.1,6.5,614.0,-2.07,7,5,2012,0
2012-07-21,台中市,SE6 青蔥 粉蔥 ,94.0,84.3,73.7,84.2,-6.55,1051.0,71.17,7,6,2012,0
2012-07-22,台中市,SE6 青蔥 粉蔥 ,85.8,79.2,64.0,78.1,-7.24,1170.0,11.32,7,7,2012,0
2012-07-23,台中市,SE6 青蔥 粉蔥 ,,,,,,,,7,1,2012,1
2012-07-24,台中市,SE6 青蔥 粉蔥 ,88.0,82.6,58.5,78.6,0.64,868.0,-25.81,7,2,2012,0
2012-07-25,台中市,SE6 青蔥 粉蔥 ,88.0,85.5,73.7,83.1,5.73,832.0,-4.15,7,3,2012,0
2012-07-26,台中市,SE6 青蔥 粉蔥 ,86.2,82.1,73.8,81.4,-2.05,837.0,0.6,7,4,2012,0
2012-07-27,台中市,SE6 青蔥 粉蔥 ,96.8,90.9,86.8,91.6,12.53,606.0,-27.6,7,5,2012,0
2012-07-28,台中市,SE6 青蔥 粉蔥 ,101.2,98.2,92.4,97.3,6.22,652.0,7.59,7,6,2012,0
2012-07-29,台中市,SE6 青蔥 粉蔥 ,112.2,106.6,96.8,106.0,8.94,620.0,-4.91,7,7,2012,0
2012-07-30,台中市,SE6 青蔥 粉蔥 ,,,,,,,,7,1,2012,1
2012-07-31,台中市,SE6 青蔥 粉蔥 ,117.2,112.6,97.8,110.7,4.43,868.0,40.0,7,2,2012,0
2012-08-01,台中市,SE6 青蔥 粉蔥 ,131.5,128.0,117.5,126.7,14.45,616.0,-29.03,8,3,2012,0
2012-08-02,台中市,SE6 青蔥 粉蔥 ,142.6,134.9,112.2,132.2,4.34,728.0,18.18,8,4,2012,0
2012-08-03,台中市,SE6 青蔥 粉蔥 ,145.8,130.8,110.0,129.7,-1.89,575.0,-21.02,8,5,2012,0
2012-08-04,台中市,SE6 青蔥 粉蔥 ,143.3,136.5,104.0,133.0,2.54,757.0,31.65,8,6,2012,0
2012-08-05,台中市,SE6 青蔥 粉蔥 ,135.0,122.1,93.3,118.4,-10.98,837.0,10.57,8,7,2012,0
2012-08-06,台中市,SE6 青蔥 粉蔥 ,,,,,,,,8,1,2012,1
2012-08-07,台中市,SE6 青蔥 粉蔥 ,136.5,125.4,101.3,123.0,3.89,851.0,1.67,8,2,2012,0
2012-08-08,台中市,SE6 青蔥 粉蔥 ,142.5,121.2,88.8,123.4,0.33,538.0,-36.78,8,3,2012,0
2012-08-09,台中市,SE6 青蔥 粉蔥 ,148.0,145.0,129.5,143.0,15.88,297.0,-44.8,8,4,2012,0
2012-08-10,台中市,SE6 青蔥 粉蔥 ,172.0,172.0,172.0,172.0,20.28,90.0,-69.7,8,5,2012,0
2012-08-11,台中市,SE6 青蔥 粉蔥 ,152.5,125.0,125.0,132.3,-23.08,164.0,82.22,8,6,2012,0
2012-08-12,台中市,SE6 青蔥 粉蔥 ,163.0,152.2,127.8,150.1,13.45,648.0,295.12,8,7,2012,0
2012-08-13,台中市,SE6 青蔥 粉蔥 ,,,,,,,,8,1,2012,1
2012-08-14,台中市,SE6 青蔥 粉蔥 ,178.0,166.2,95.8,153.9,2.53,514.0,-20.68,8,2,2012,0
2012-08-15,台中市,SE6 青蔥 粉蔥 ,182.0,172.6,166.5,177.2,15.14,399.0,-22.37,8,3,2012,0
2012-08-16,台中市,SE6 青蔥 粉蔥 ,175.0,167.8,105.0,162.5,-8.3,469.0,17.54,8,4,2012,0
2012-08-17,台中市,SE6 青蔥 粉蔥 ,171.3,164.8,128.3,158.5,-2.46,446.0,-4.9,8,5,2012,0
2012-08-18,台中市,SE6 青蔥 粉蔥 ,165.3,164.1,153.3,162.6,2.59,406.0,-8.97,8,6,2012,0
2012-08-19,台中市,SE6 青蔥 粉蔥 ,157.8,154.2,106.2,142.7,-12.24,642.0,58.13,8,7,2012,0
2012-08-20,台中市,SE6 青蔥 粉蔥 ,,,,,,,,8,1,2012,1
2012-08-21,台中市,SE6 青蔥 粉蔥 ,156.0,151.8,129.0,143.7,0.7,689.0,7.32,8,2,2012,0
2012-08-22,台中市,SE6 青蔥 粉蔥 ,165.7,154.7,145.8,154.9,7.79,804.0,16.69,8,3,2012,0
2012-08-23,台中市,SE6 青蔥 粉蔥 ,178.4,157.1,151.0,160.7,3.74,591.0,-26.49,8,4,2012,0
2012-08-24,台中市,SE6 青蔥 粉蔥 ,167.5,161.2,153.0,161.3,0.37,265.0,-55.16,8,5,2012,0
2012-08-25,台中市,SE6 青蔥 粉蔥 ,172.5,115.6,70.0,116.0,-28.08,545.0,105.66,8,6,2012,0
2012-08-26,台中市,SE6 青蔥 粉蔥 ,171.0,125.0,67.5,104.5,-9.91,423.0,-22.39,8,7,2012,0
2012-08-27,台中市,SE6 青蔥 粉蔥 ,,,,,,,,8,1,2012,1
2012-08-28,台中市,SE6 青蔥 粉蔥 ,154.5,70.0,20.0,81.9,-21.63,692.0,63.59,8,2,2012,0
2012-08-29,台中市,SE6 青蔥 粉蔥 ,148.0,40.6,29.2,51.0,-37.73,535.0,-22.69,8,3,2012,0
2012-08-30,台中市,SE6 青蔥 粉蔥 ,176.0,109.9,29.5,100.2,96.47,509.0,-4.86,8,4,2012,0
2012-08-31,台中市,SE6 青蔥 粉蔥 ,170.0,104.1,25.8,93.8,-6.39,935.0,83.69,8,5,2012,0
2012-09-01,台中市,SE6 青蔥 粉蔥 ,169.7,46.0,25.0,77.3,-17.59,422.0,-54.87,9,6,2012,0
2012-09-02,台中市,SE6 青蔥 粉蔥 ,179.0,92.7,30.0,82.4,6.6,376.0,-10.9,9,7,2012,0
2012-09-03,台中市,SE6 青蔥 粉蔥 ,,,,,,,,9,1,2012,1
2012-09-04,台中市,SE6 青蔥 粉蔥 ,,,,,,,,9,2,2012,1
2012-09-05,台中市,SE6 青蔥 粉蔥 ,182.7,175.8,140.0,171.9,108.62,292.0,-22.34,9,3,2012,0
2012-09-06,台中市,SE6 青蔥 粉蔥 ,152.8,139.4,115.0,139.4,-18.91,505.0,72.95,9,4,2012,0
2012-09-07,台中市,SE6 青蔥 粉蔥 ,147.3,129.1,92.5,123.3,-11.55,849.0,68.12,9,5,2012,0
2012-09-08,台中市,SE6 青蔥 粉蔥 ,128.5,107.9,70.0,105.4,-14.52,813.0,-4.24,9,6,2012,0
2012-09-09,台中市,SE6 青蔥 粉蔥 ,126.3,121.4,70.3,113.3,7.5,330.0,-59.41,9,7,2012,0
2012-09-10,台中市,SE6 青蔥 粉蔥 ,,,,,,,,9,1,2012,1
2012-09-11,台中市,SE6 青蔥 粉蔥 ,128.0,120.1,75.4,112.8,-0.44,690.0,109.09,9,2,2012,0
2012-09-12,台中市,SE6 青蔥 粉蔥 ,120.1,91.2,47.8,89.0,-21.1,816.0,18.26,9,3,2012,0
2012-09-13,台中市,SE6 青蔥 粉蔥 ,110.0,78.3,41.2,76.1,-14.49,849.0,4.04,9,4,2012,0
2012-09-14,台中市,SE6 青蔥 粉蔥 ,94.0,87.0,76.2,86.8,14.06,550.0,-35.22,9,5,2012,0
2012-09-15,台中市,SE6 青蔥 粉蔥 ,87.5,74.6,66.5,75.9,-12.56,544.0,-1.09,9,6,2012,0
2012-09-16,台中市,SE6 青蔥 粉蔥 ,81.0,76.0,70.8,73.9,-2.64,419.0,-22.98,9,7,2012,0
2012-09-17,台中市,SE6 青蔥 粉蔥 ,,,,,,,,9,1,2012,1
2012-09-18,台中市,SE6 青蔥 粉蔥 ,70.4,67.5,58.1,66.3,-10.28,1172.0,179.71,9,2,2012,0
2012-09-19,台中市,SE6 青蔥 粉蔥 ,65.7,62.5,58.5,62.2,-6.18,1344.0,14.68,9,3,2012,0
2012-09-20,台中市,SE6 青蔥 粉蔥 ,67.5,64.4,58.8,64.0,2.89,1100.0,-18.15,9,4,2012,0
2012-09-21,台中市,SE6 青蔥 粉蔥 ,68.5,66.0,62.4,65.6,2.5,1086.0,-1.27,9,5,2012,0
2012-09-22,台中市,SE6 青蔥 粉蔥 ,100.0,88.7,76.0,88.4,34.76,705.0,-35.08,9,6,2012,0
2012-09-23,台中市,SE6 青蔥 粉蔥 ,105.0,100.8,83.7,98.5,11.43,1250.0,77.3,9,7,2012,0
2012-09-24,台中市,SE6 青蔥 粉蔥 ,,,,,,,,9,1,2012,1
2012-09-25,台中市,SE6 青蔥 粉蔥 ,109.1,101.9,89.8,101.1,2.64,1179.0,-5.68,9,2,2012,0
2012-09-26,台中市,SE6 青蔥 粉蔥 ,103.9,90.2,76.4,89.3,-11.67,1245.0,5.6,9,3,2012,0
2012-09-27,台中市,SE6 青蔥 粉蔥 ,83.8,64.3,52.5,65.7,-26.43,1557.0,25.06,9,4,2012,0
2012-09-28,台中市,SE6 青蔥 粉蔥 ,62.1,47.8,35.4,48.3,-26.48,1962.0,26.01,9,5,2012,0
2012-09-29,台中市,SE6 青蔥 粉蔥 ,54.0,49.6,40.5,48.7,0.83,1302.0,-33.64,9,6,2012,0
2012-09-30,台中市,SE6 青蔥 粉蔥 ,63.0,56.4,51.8,56.9,16.84,551.0,-57.68,9,7,2012,0
2012-10-01,台中市,SE6 青蔥 粉蔥 ,,,,,,,,10,1,2012,1
2012-10-02,台中市,SE6 青蔥 粉蔥 ,,,,,,,,10,2,2012,1
2012-10-03,台中市,SE6 青蔥 粉蔥 ,95.0,85.2,71.5,83.5,46.75,268.0,-51.36,10,3,2012,0
2012-10-04,台中市,SE6 青蔥 粉蔥 ,93.4,89.9,79.2,88.2,5.63,709.0,164.55,10,4,2012,0
2012-10-05,台中市,SE6 青蔥 粉蔥 ,87.0,78.6,58.0,75.8,-14.06,722.0,1.83,10,5,2012,0
2012-10-06,台中市,SE6 青蔥 粉蔥 ,84.7,80.2,70.3,78.9,4.09,858.0,18.84,10,6,2012,0
2012-10-07,台中市,SE6 青蔥 粉蔥 ,78.6,68.1,58.8,68.3,-13.43,1153.0,34.38,10,7,2012,0
2012-10-08,台中市,SE6 青蔥 粉蔥 ,,,,,,,,10,1,2012,1
2012-10-09,台中市,SE6 青蔥 粉蔥 ,75.0,68.2,56.0,67.3,-1.46,632.0,-45.19,10,2,2012,0
2012-10-10,台中市,SE6 青蔥 粉蔥 ,77.8,69.5,48.8,68.0,1.04,519.0,-17.88,10,3,2012,0
2012-10-11,台中市,SE6 青蔥 粉蔥 ,68.0,66.2,61.4,65.3,-3.97,650.0,25.24,10,4,2012,0
2012-10-12,台中市,SE6 青蔥 粉蔥 ,68.0,66.3,53.3,63.5,-2.76,342.0,-47.38,10,5,2012,0
2012-10-13,台中市,SE6 青蔥 粉蔥 ,72.0,68.8,60.7,66.8,5.2,333.0,-2.63,10,6,2012,0
2012-10-14,台中市,SE6 青蔥 粉蔥 ,65.2,60.3,54.5,59.7,-10.63,587.0,76.28,10,7,2012,0
2012-10-15,台中市,SE6 青蔥 粉蔥 ,,,,,,,,10,1,2012,1
2012-10-16,台中市,SE6 青蔥 粉蔥 ,65.8,57.9,45.0,56.4,-5.53,625.0,6.47,10,2,2012,0
2012-10-17,台中市,SE6 青蔥 粉蔥 ,65.8,60.0,45.2,57.8,2.48,463.0,-25.92,10,3,2012,0
2012-10-18,台中市,SE6 青蔥 粉蔥 ,60.0,57.2,36.8,53.2,-7.96,503.0,8.64,10,4,2012,0
2012-10-19,台中市,SE6 青蔥 粉蔥 ,61.0,60.0,60.0,60.2,13.16,288.0,-42.74,10,5,2012,0
2012-10-20,台中市,SE6 青蔥 粉蔥 ,68.0,67.0,63.5,66.4,10.3,240.0,-16.67,10,6,2012,0
2012-10-21,台中市,SE6 青蔥 粉蔥 ,70.5,70.0,70.0,70.1,5.57,201.0,-16.25,10,7,2012,0
2012-10-22,台中市,SE6 青蔥 粉蔥 ,,,,,,,,10,1,2012,1
2012-10-23,台中市,SE6 青蔥 粉蔥 ,71.0,70.0,50.0,66.2,-5.56,300.0,49.25,10,2,2012,0
2012-10-24,台中市,SE6 青蔥 粉蔥 ,66.0,63.4,60.0,63.3,-4.38,264.0,-12.0,10,3,2012,0
2012-10-25,台中市,SE6 青蔥 粉蔥 ,62.0,60.2,57.5,60.0,-5.21,234.0,-11.36,10,4,2012,0
2012-10-26,台中市,SE6 青蔥 粉蔥 ,64.3,56.4,28.3,48.3,-19.5,491.0,109.83,10,5,2012,0
2012-10-27,台中市,SE6 青蔥 粉蔥 ,65.4,54.2,28.6,46.5,-3.73,639.0,30.14,10,6,2012,0
2012-10-28,台中市,SE6 青蔥 粉蔥 ,62.4,46.9,26.2,46.0,-1.08,689.0,7.82,10,7,2012,0
2012-10-29,台中市,SE6 青蔥 粉蔥 ,,,,,,,,10,1,2012,1
2012-10-30,台中市,SE6 青蔥 粉蔥 ,62.0,55.7,31.0,52.2,13.48,515.0,-25.25,10,2,2012,0
2012-10-31,台中市,SE6 青蔥 粉蔥 ,56.0,39.4,20.4,37.8,-27.59,661.0,28.35,10,3,2012,0
2012-11-01,台中市,SE6 青蔥 粉蔥 ,55.0,55.0,36.7,43.3,14.55,457.0,-30.86,11,4,2012,0
2012-11-02,台中市,SE6 青蔥 粉蔥 ,51.0,50.2,40.7,46.2,6.7,449.0,-1.75,11,5,2012,0
2012-11-03,台中市,SE6 青蔥 粉蔥 ,52.0,40.1,18.8,36.2,-21.65,682.0,51.89,11,6,2012,0
2012-11-04,台中市,SE6 青蔥 粉蔥 ,54.0,50.9,27.0,47.0,29.83,317.0,-53.52,11,7,2012,0
2012-11-05,台中市,SE6 青蔥 粉蔥 ,,,,,,,,11,1,2012,1
2012-11-06,台中市,SE6 青蔥 粉蔥 ,52.0,50.6,45.2,49.8,5.96,575.0,81.39,11,2,2012,0
2012-11-07,台中市,SE6 青蔥 粉蔥 ,48.8,44.8,36.3,43.8,-12.05,935.0,62.61,11,3,2012,0
2012-11-08,台中市,SE6 青蔥 粉蔥 ,42.7,34.1,26.3,33.7,-23.06,1052.0,12.51,11,4,2012,0
2012-11-09,台中市,SE6 青蔥 粉蔥 ,41.8,36.6,24.8,35.0,3.86,760.0,-27.76,11,5,2012,0
2012-11-10,台中市,SE6 青蔥 粉蔥 ,44.1,36.0,26.4,35.3,0.86,933.0,22.76,11,6,2012,0
2012-11-11,台中市,SE6 青蔥 粉蔥 ,40.5,36.3,26.2,35.2,-0.28,881.0,-5.57,11,7,2012,0
2012-11-12,台中市,SE6 青蔥 粉蔥 ,,,,,,,,11,1,2012,1
2012-11-13,台中市,SE6 青蔥 粉蔥 ,38.5,33.0,29.8,33.2,-5.68,1164.0,32.12,11,2,2012,0
2012-11-14,台中市,SE6 青蔥 粉蔥 ,35.8,32.1,28.1,32.1,-3.31,1122.0,-3.61,11,3,2012,0
2012-11-15,台中市,SE6 青蔥 粉蔥 ,30.3,26.6,22.4,26.5,-17.45,974.0,-13.19,11,4,2012,0
2012-11-16,台中市,SE6 青蔥 粉蔥 ,25.1,21.4,18.0,21.4,-19.25,1619.0,66.22,11,5,2012,0
2012-11-17,台中市,SE6 青蔥 粉蔥 ,22.6,18.0,16.4,18.4,-14.02,1412.0,-12.79,11,6,2012,0
2012-11-18,台中市,SE6 青蔥 粉蔥 ,21.4,18.8,16.0,18.8,2.17,1571.0,11.26,11,7,2012,0
2012-11-19,台中市,SE6 青蔥 粉蔥 ,,,,,,,,11,1,2012,1
2012-11-20,台中市,SE6 青蔥 粉蔥 ,23.1,22.1,20.8,22.1,17.55,1463.0,-6.87,11,2,2012,0
2012-11-21,台中市,SE6 青蔥 粉蔥 ,23.5,21.3,19.9,21.5,-2.71,1410.0,-3.62,11,3,2012,0
2012-11-22,台中市,SE6 青蔥 粉蔥 ,23.8,21.8,19.4,21.8,1.4,1437.0,1.91,11,4,2012,0
2012-11-23,台中市,SE6 青蔥 粉蔥 ,27.1,22.1,15.7,22.0,0.92,1891.0,31.59,11,5,2012,0
2012-11-24,台中市,SE6 青蔥 粉蔥 ,26.2,23.5,18.2,23.0,4.55,1929.0,2.01,11,6,2012,0
2012-11-25,台中市,SE6 青蔥 粉蔥 ,27.7,24.9,19.8,24.5,6.52,2025.0,4.98,11,7,2012,0
2012-11-26,台中市,SE6 青蔥 粉蔥 ,,,,,,,,11,1,2012,1
2012-11-27,台中市,SE6 青蔥 粉蔥 ,27.0,23.9,18.9,23.5,-4.08,2005.0,-0.99,11,2,2012,0
2012-11-28,台中市,SE6 青蔥 粉蔥 ,27.0,23.9,18.3,23.5,0.0,1637.0,-18.35,11,3,2012,0
2012-11-29,台中市,SE6 青蔥 粉蔥 ,24.2,22.4,17.4,21.8,-7.23,1952.0,19.24,11,4,2012,0
2012-11-30,台中市,SE6 青蔥 粉蔥 ,28.6,24.3,16.6,23.7,8.72,1215.0,-37.76,11,5,2012,0
2012-12-01,台中市,SE6 青蔥 粉蔥 ,32.9,27.9,20.9,27.5,16.03,1592.0,31.03,12,6,2012,0
2012-12-02,台中市,SE6 青蔥 粉蔥 ,39.5,34.1,28.2,33.8,22.91,1313.0,-17.53,12,7,2012,0
2012-12-03,台中市,SE6 青蔥 粉蔥 ,,,,,,,,12,1,2012,1
2012-12-04,台中市,SE6 青蔥 粉蔥 ,52.9,48.4,27.5,44.7,32.25,1287.0,-1.98,12,2,2012,0
2012-12-05,台中市,SE6 青蔥 粉蔥 ,51.4,47.7,30.2,45.9,2.68,1404.0,9.09,12,3,2012,0
2012-12-06,台中市,SE6 青蔥 粉蔥 ,48.8,42.5,31.4,40.1,-12.64,1625.0,15.74,12,4,2012,0
2012-12-07,台中市,SE6 青蔥 粉蔥 ,37.0,32.3,24.6,31.4,-21.7,2165.0,33.23,12,5,2012,0
2012-12-08,台中市,SE6 青蔥 粉蔥 ,33.1,28.7,19.1,27.2,-13.38,2142.0,-1.06,12,6,2012,0
2012-12-09,台中市,SE6 青蔥 粉蔥 ,34.6,32.2,20.5,30.2,11.03,1619.0,-24.42,12,7,2012,0
2012-12-10,台中市,SE6 青蔥 粉蔥 ,,,,,,,,12,1,2012,1
2012-12-11,台中市,SE6 青蔥 粉蔥 ,41.6,37.0,23.5,34.1,12.91,1623.0,0.25,12,2,2012,0
2012-12-12,台中市,SE6 青蔥 粉蔥 ,43.7,39.7,28.2,38.5,12.9,1453.0,-10.47,12,3,2012,0
2012-12-13,台中市,SE6 青蔥 粉蔥 ,39.0,33.2,22.4,32.1,-16.62,1569.0,7.98,12,4,2012,0
2012-12-14,台中市,SE6 青蔥 粉蔥 ,36.1,28.7,15.5,26.1,-18.69,1956.0,24.67,12,5,2012,0
2012-12-15,台中市,SE6 青蔥 粉蔥 ,37.0,29.2,11.4,23.8,-8.81,2006.0,2.56,12,6,2012,0
2012-12-16,台中市,SE6 青蔥 粉蔥 ,39.2,31.4,8.6,26.8,12.61,1356.0,-32.4,12,7,2012,0
2012-12-17,台中市,SE6 青蔥 粉蔥 ,,,,,,,,12,1,2012,1
2012-12-18,台中市,SE6 青蔥 粉蔥 ,38.3,33.0,27.5,32.9,22.76,1355.0,-0.07,12,2,2012,0
2012-12-19,台中市,SE6 青蔥 粉蔥 ,31.7,28.8,21.0,27.8,-15.5,1436.0,5.98,12,3,2012,0
2012-12-20,台中市,SE6 青蔥 粉蔥 ,30.4,27.5,21.8,27.2,-2.16,1324.0,-7.8,12,4,2012,0
2012-12-21,台中市,SE6 青蔥 粉蔥 ,33.4,23.8,18.9,25.0,-8.09,1237.0,-6.57,12,5,2012,0
2012-12-22,台中市,SE6 青蔥 粉蔥 ,35.7,26.8,15.0,27.3,9.2,880.0,-28.86,12,6,2012,0
2012-12-23,台中市,SE6 青蔥 粉蔥 ,35.6,28.4,17.1,26.6,-2.56,1043.0,18.52,12,7,2012,0
2012-12-24,台中市,SE6 青蔥 粉蔥 ,,,,,,,,12,1,2012,1
2012-12-25,台中市,SE6 青蔥 粉蔥 ,41.2,36.9,20.0,34.4,29.32,766.0,-26.56,12,2,2012,0
2012-12-26,台中市,SE6 青蔥 粉蔥 ,33.3,27.1,15.3,25.3,-26.45,859.0,12.14,12,3,2012,0
2012-12-27,台中市,SE6 青蔥 粉蔥 ,37.5,27.0,13.8,27.9,10.28,491.0,-42.84,12,4,2012,0
2012-12-28,台中市,SE6 青蔥 粉蔥 ,38.2,23.7,12.9,21.9,-21.51,1343.0,173.52,12,5,2012,0
2012-12-29,台中市,SE6 青蔥 粉蔥 ,31.3,17.8,5.1,14.3,-34.7,1547.0,15.19,12,6,2012,0
2012-12-30,台中市,SE6 青蔥 粉蔥 ,36.4,31.2,20.8,27.8,94.41,804.0,-48.03,12,7,2012,0
2012-12-31,台中市,SE6 青蔥 粉蔥 ,,,,,,,,12,1,2012,1
2013-01-01,台中市,SE6 青蔥 粉蔥 ,44.7,36.6,22.0,32.1,15.47,593.0,-26.24,1,2,2013,0
2013-01-02,台中市,SE6 青蔥 粉蔥 ,45.0,33.7,22.0,32.3,0.62,611.0,3.04,1,3,2013,0
2013-01-03,台中市,SE6 青蔥 粉蔥 ,40.4,31.1,22.6,30.9,-4.33,1132.0,85.27,1,4,2013,0
2013-01-04,台中市,SE6 青蔥 粉蔥 ,31.1,27.9,23.3,27.3,-11.65,968.0,-14.49,1,5,2013,0
2013-01-05,台中市,SE6 青蔥 粉蔥 ,30.3,24.9,14.7,22.5,-17.58,1135.0,17.25,1,6,2013,0
2013-01-06,台中市,SE6 青蔥 粉蔥 ,30.8,26.6,14.9,22.5,0.0,1532.0,34.98,1,7,2013,0
2013-01-07,台中市,SE6 青蔥 粉蔥 ,,,,,,,,1,1,2013,1
2013-01-08,台中市,SE6 青蔥 粉蔥 ,30.4,24.4,17.2,23.9,6.22,1171.0,-23.56,1,2,2013,0
2013-01-09,台中市,SE6 青蔥 粉蔥 ,23.7,20.5,16.1,20.2,-15.48,1381.0,17.93,1,3,2013,0
2013-01-10,台中市,SE6 青蔥 粉蔥 ,25.0,20.5,15.0,19.5,-3.47,911.0,-34.03,1,4,2013,0
2013-01-11,台中市,SE6 青蔥 粉蔥 ,25.1,20.7,13.7,19.9,2.05,1162.0,27.55,1,5,2013,0
2013-01-12,台中市,SE6 青蔥 粉蔥 ,31.8,27.9,12.8,23.6,18.59,776.0,-33.22,1,6,2013,0
2013-01-13,台中市,SE6 青蔥 粉蔥 ,26.9,20.4,9.8,17.2,-27.12,1677.0,116.11,1,7,2013,0
2013-01-14,台中市,SE6 青蔥 粉蔥 ,,,,,,,,1,1,2013,1
2013-01-15,台中市,SE6 青蔥 粉蔥 ,29.7,23.2,13.7,21.8,26.74,1123.0,-33.04,1,2,2013,0
2013-01-16,台中市,SE6 青蔥 粉蔥 ,26.0,19.8,14.4,19.9,-8.72,1021.0,-9.08,1,3,2013,0
2013-01-17,台中市,SE6 青蔥 粉蔥 ,24.3,19.0,9.8,19.0,-4.52,965.0,-5.48,1,4,2013,0
2013-01-18,台中市,SE6 青蔥 粉蔥 ,23.0,19.1,12.4,18.3,-3.68,1463.0,51.61,1,5,2013,0
2013-01-19,台中市,SE6 青蔥 粉蔥 ,20.0,17.0,11.4,16.5,-9.84,1771.0,21.05,1,6,2013,0
2013-01-20,台中市,SE6 青蔥 粉蔥 ,23.1,19.3,13.4,18.1,9.7,1492.0,-15.75,1,7,2013,0
2013-01-21,台中市,SE6 青蔥 粉蔥 ,,,,,,,,1,1,2013,1
2013-01-22,台中市,SE6 青蔥 粉蔥 ,21.6,18.6,11.7,17.2,-4.97,1220.0,-18.23,1,2,2013,0
2013-01-23,台中市,SE6 青蔥 粉蔥 ,19.7,17.3,12.9,16.7,-2.91,1307.0,7.13,1,3,2013,0
2013-01-24,台中市,SE6 青蔥 粉蔥 ,15.7,12.8,5.9,11.5,-31.14,1583.0,21.12,1,4,2013,0
2013-01-25,台中市,SE6 青蔥 粉蔥 ,15.4,12.6,5.2,10.7,-6.96,1798.0,13.58,1,5,2013,0
2013-01-26,台中市,SE6 青蔥 粉蔥 ,16.6,13.2,9.8,13.0,21.5,1835.0,2.06,1,6,2013,0
2013-01-27,台中市,SE6 青蔥 粉蔥 ,13.1,11.4,10.0,11.4,-12.31,2111.0,15.04,1,7,2013,0
2013-01-28,台中市,SE6 青蔥 粉蔥 ,,,,,,,,1,1,2013,1
2013-01-29,台中市,SE6 青蔥 粉蔥 ,13.1,11.7,9.7,11.3,-0.88,1947.0,-7.77,1,2,2013,0
2013-01-30,台中市,SE6 青蔥 粉蔥 ,11.8,10.0,7.2,9.7,-14.16,1976.0,1.49,1,3,2013,0
2013-01-31,台中市,SE6 青蔥 粉蔥 ,13.1,12.1,10.2,11.9,22.68,1244.0,-37.04,1,4,2013,0
2013-02-01,台中市,SE6 青蔥 粉蔥 ,12.2,10.8,8.4,10.6,-10.92,1472.0,18.33,2,5,2013,0
2013-02-02,台中市,SE6 青蔥 粉蔥 ,13.5,11.4,6.2,10.6,0.0,1906.0,29.48,2,6,2013,0
2013-02-03,台中市,SE6 青蔥 粉蔥 ,15.7,13.6,10.8,13.4,26.42,1675.0,-12.12,2,7,2013,0
2013-02-04,台中市,SE6 青蔥 粉蔥 ,,,,,,,,2,1,2013,1
2013-02-05,台中市,SE6 青蔥 粉蔥 ,16.7,11.6,9.3,12.0,-10.45,1520.0,-9.25,2,2,2013,0
2013-02-06,台中市,SE6 青蔥 粉蔥 ,29.6,20.0,10.8,19.7,64.17,1934.0,27.24,2,3,2013,0
2013-02-07,台中市,SE6 青蔥 粉蔥 ,31.6,27.3,15.1,25.5,29.44,2158.0,11.58,2,4,2013,0
2013-02-08,台中市,SE6 青蔥 粉蔥 ,28.8,24.7,18.6,23.6,-7.45,2509.0,16.27,2,5,2013,0
2013-02-09,台中市,SE6 青蔥 粉蔥 ,32.5,25.7,22.0,26.6,12.71,1348.0,-46.27,2,6,2013,0
2013-02-10,台中市,SE6 青蔥 粉蔥 ,,,,,,,,2,7,2013,1
2013-02-11,台中市,SE6 青蔥 粉蔥 ,,,,,,,,2,1,2013,1
2013-02-12,台中市,SE6 青蔥 粉蔥 ,,,,,,,,2,2,2013,1
2013-02-13,台中市,SE6 青蔥 粉蔥 ,,,,,,,,2,3,2013,1
2013-02-14,台中市,SE6 青蔥 粉蔥 ,,,,,,,,2,4,2013,1
2013-02-15,台中市,SE6 青蔥 粉蔥 ,35.6,25.4,13.4,25.5,-4.14,1101.0,-18.32,2,5,2013,0
2013-02-16,台中市,SE6 青蔥 粉蔥 ,38.4,30.8,10.0,27.9,9.41,1043.0,-5.27,2,6,2013,0
2013-02-17,台中市,SE6 青蔥 粉蔥 ,38.1,31.7,21.6,30.8,10.39,1120.0,7.38,2,7,2013,0
2013-02-18,台中市,SE6 青蔥 粉蔥 ,,,,,,,,2,1,2013,1
2013-02-19,台中市,SE6 青蔥 粉蔥 ,35.9,23.9,11.4,22.6,-26.62,1908.0,70.36,2,2,2013,0
2013-02-20,台中市,SE6 青蔥 粉蔥 ,26.4,22.4,13.0,19.4,-14.16,1306.0,-31.55,2,3,2013,0
2013-02-21,台中市,SE6 青蔥 粉蔥 ,20.0,13.8,7.6,12.6,-35.05,2283.0,74.81,2,4,2013,0
2013-02-22,台中市,SE6 青蔥 粉蔥 ,20.0,15.8,11.8,16.0,26.98,1183.0,-48.18,2,5,2013,0
2013-02-23,台中市,SE6 青蔥 粉蔥 ,20.2,15.1,10.8,15.2,-5.0,2020.0,70.75,2,6,2013,0
2013-02-24,台中市,SE6 青蔥 粉蔥 ,19.2,14.9,10.9,15.3,0.66,2224.0,10.1,2,7,2013,0
2013-02-25,台中市,SE6 青蔥 粉蔥 ,,,,,,,,2,1,2013,1
2013-02-26,台中市,SE6 青蔥 粉蔥 ,,,,,,,,2,2,2013,1
2013-02-27,台中市,SE6 青蔥 粉蔥 ,18.7,16.8,11.2,16.2,5.88,1824.0,-17.99,2,3,2013,0
2013-02-28,台中市,SE6 青蔥 粉蔥 ,17.6,13.6,7.4,12.9,-20.37,2158.0,18.31,2,4,2013,0
2013-03-01,台中市,SE6 青蔥 粉蔥 ,15.9,11.5,7.0,11.2,-13.18,1961.0,-9.13,3,5,2013,0
2013-03-02,台中市,SE6 青蔥 粉蔥 ,20.7,15.9,10.0,15.8,41.07,1086.0,-44.62,3,6,2013,0
2013-03-03,台中市,SE6 青蔥 粉蔥 ,19.7,15.1,7.8,13.6,-13.92,1510.0,39.04,3,7,2013,0
2013-03-04,台中市,SE6 青蔥 粉蔥 ,,,,,,,,3,1,2013,1
2013-03-05,台中市,SE6 青蔥 粉蔥 ,21.2,16.9,13.0,16.4,20.59,1628.0,7.81,3,2,2013,0
2013-03-06,台中市,SE6 青蔥 粉蔥 ,22.3,17.1,13.5,17.7,7.93,1137.0,-30.16,3,3,2013,0
2013-03-07,台中市,SE6 青蔥 粉蔥 ,21.5,16.6,7.8,13.9,-21.47,2143.0,88.48,3,4,2013,0
2013-03-08,台中市,SE6 青蔥 粉蔥 ,21.8,16.0,8.0,15.1,8.63,1419.0,-33.78,3,5,2013,0
2013-03-09,台中市,SE6 青蔥 粉蔥 ,20.2,15.8,12.0,15.3,1.32,1475.0,3.95,3,6,2013,0
2013-03-10,台中市,SE6 青蔥 粉蔥 ,17.0,14.2,9.8,13.0,-15.03,1481.0,0.41,3,7,2013,0
2013-03-11,台中市,SE6 青蔥 粉蔥 ,,,,,,,,3,1,2013,1
2013-03-12,台中市,SE6 青蔥 粉蔥 ,22.1,17.3,11.8,17.1,31.54,1165.0,-21.34,3,2,2013,0
2013-03-13,台中市,SE6 青蔥 粉蔥 ,20.3,16.9,14.8,17.0,-0.58,1061.0,-8.93,3,3,2013,0
2013-03-14,台中市,SE6 青蔥 粉蔥 ,17.6,14.5,9.2,13.9,-18.24,1568.0,47.79,3,4,2013,0
2013-03-15,台中市,SE6 青蔥 粉蔥 ,17.0,13.6,9.0,13.8,-0.72,973.0,-37.95,3,5,2013,0
2013-03-16,台中市,SE6 青蔥 粉蔥 ,17.1,13.9,9.1,13.5,-2.17,1223.0,25.69,3,6,2013,0
2013-03-17,台中市,SE6 青蔥 粉蔥 ,15.7,12.6,7.7,12.0,-11.11,1504.0,22.98,3,7,2013,0
2013-03-18,台中市,SE6 青蔥 粉蔥 ,,,,,,,,3,1,2013,1
2013-03-19,台中市,SE6 青蔥 粉蔥 ,16.1,13.0,9.2,12.6,5.0,1878.0,24.87,3,2,2013,0
2013-03-20,台中市,SE6 青蔥 粉蔥 ,14.1,10.9,6.1,10.0,-20.63,1469.0,-21.78,3,3,2013,0
2013-03-21,台中市,SE6 青蔥 粉蔥 ,15.0,12.1,8.0,12.3,23.0,1011.0,-31.18,3,4,2013,0
2013-03-22,台中市,SE6 青蔥 粉蔥 ,15.0,12.0,10.0,12.2,-0.81,1384.0,36.89,3,5,2013,0
2013-03-23,台中市,SE6 青蔥 粉蔥 ,13.4,12.0,9.7,11.9,-2.46,1489.0,7.59,3,6,2013,0
2013-03-24,台中市,SE6 青蔥 粉蔥 ,15.9,12.8,10.0,12.7,6.72,1663.0,11.69,3,7,2013,0
2013-03-25,台中市,SE6 青蔥 粉蔥 ,,,,,,,,3,1,2013,1
2013-03-26,台中市,SE6 青蔥 粉蔥 ,12.0,11.3,10.5,11.3,-11.02,1693.0,1.8,3,2,2013,0
2013-03-27,台中市,SE6 青蔥 粉蔥 ,13.0,12.0,10.4,11.8,4.42,1607.0,-5.08,3,3,2013,0
2013-03-28,台中市,SE6 青蔥 粉蔥 ,13.0,11.8,10.7,11.8,0.0,1612.0,0.31,3,4,2013,0
2013-03-29,台中市,SE6 青蔥 粉蔥 ,13.2,11.0,9.0,11.2,-5.08,1925.0,19.42,3,5,2013,0
2013-03-30,台中市,SE6 青蔥 粉蔥 ,15.9,15.0,12.4,14.4,28.57,1187.0,-38.34,3,6,2013,0
2013-03-31,台中市,SE6 青蔥 粉蔥 ,15.0,13.1,9.6,12.5,-13.19,2925.0,146.42,3,7,2013,0
2013-04-01,台中市,SE6 青蔥 粉蔥 ,,,,,,,,4,1,2013,1
2013-04-02,台中市,SE6 青蔥 粉蔥 ,14.7,13.6,11.2,13.3,6.4,1644.0,-43.79,4,2,2013,0
2013-04-03,台中市,SE6 青蔥 粉蔥 ,14.4,12.7,10.5,12.4,-6.77,2244.0,36.5,4,3,2013,0
2013-04-04,台中市,SE6 青蔥 粉蔥 ,,,,,,,,4,4,2013,1
2013-04-05,台中市,SE6 青蔥 粉蔥 ,,,,,,,,4,5,2013,1
2013-04-06,台中市,SE6 青蔥 粉蔥 ,25.1,23.1,15.4,22.5,81.45,1073.0,-52.18,4,6,2013,0
2013-04-07,台中市,SE6 青蔥 粉蔥 ,36.0,32.7,25.6,32.7,45.33,715.0,-33.36,4,7,2013,0
2013-04-08,台中市,SE6 青蔥 粉蔥 ,,,,,,,,4,1,2013,1
2013-04-09,台中市,SE6 青蔥 粉蔥 ,31.9,28.5,20.0,26.4,-19.27,1590.0,122.38,4,2,2013,0
2013-04-10,台中市,SE6 青蔥 粉蔥 ,26.6,22.6,12.8,20.7,-21.59,2277.0,43.21,4,3,2013,0
2013-04-11,台中市,SE6 青蔥 粉蔥 ,20.6,16.0,10.4,14.4,-30.43,3062.0,34.48,4,4,2013,0
2013-04-12,台中市,SE6 青蔥 粉蔥 ,15.6,11.4,6.6,9.8,-31.94,3179.0,3.82,4,5,2013,0
2013-04-13,台中市,SE6 青蔥 粉蔥 ,18.2,13.5,9.8,13.1,33.67,1780.0,-44.01,4,6,2013,0
2013-04-14,台中市,SE6 青蔥 粉蔥 ,18.6,15.6,11.0,14.4,9.92,1650.0,-7.3,4,7,2013,0
2013-04-15,台中市,SE6 青蔥 粉蔥 ,,,,,,,,4,1,2013,1
2013-04-16,台中市,SE6 青蔥 粉蔥 ,21.4,18.5,9.9,16.2,12.5,2051.0,24.3,4,2,2013,0
2013-04-17,台中市,SE6 青蔥 粉蔥 ,13.4,10.3,7.6,10.1,-37.65,3987.0,94.39,4,3,2013,0
2013-04-18,台中市,SE6 青蔥 粉蔥 ,9.3,7.7,5.8,7.4,-26.73,3062.0,-23.2,4,4,2013,0
2013-04-19,台中市,SE6 青蔥 粉蔥 ,7.8,6.3,5.0,6.1,-17.57,2689.0,-12.18,4,5,2013,0
2013-04-20,台中市,SE6 青蔥 粉蔥 ,11.2,7.8,5.3,7.6,24.59,3058.0,13.72,4,6,2013,0
2013-04-21,台中市,SE6 青蔥 粉蔥 ,9.0,7.1,5.4,7.2,-5.26,3517.0,15.01,4,7,2013,0
2013-04-22,台中市,SE6 青蔥 粉蔥 ,,,,,,,,4,1,2013,1
2013-04-23,台中市,SE6 青蔥 粉蔥 ,11.2,7.5,6.3,8.0,11.11,2915.0,-17.12,4,2,2013,0
2013-04-24,台中市,SE6 青蔥 粉蔥 ,12.2,6.6,4.9,7.4,-7.5,2495.0,-14.41,4,3,2013,0
2013-04-25,台中市,SE6 青蔥 粉蔥 ,10.3,6.3,4.4,6.6,-10.81,2416.0,-3.17,4,4,2013,0
2013-04-26,台中市,SE6 青蔥 粉蔥 ,11.1,7.9,5.4,8.0,21.21,1965.0,-18.67,4,5,2013,0
2013-04-27,台中市,SE6 青蔥 粉蔥 ,14.0,9.2,6.6,9.8,22.5,2009.0,2.24,4,6,2013,0
2013-04-28,台中市,SE6 青蔥 粉蔥 ,16.2,12.2,9.5,12.5,27.55,1657.0,-17.52,4,7,2013,0
2013-04-29,台中市,SE6 青蔥 粉蔥 ,,,,,,,,4,1,2013,1
2013-04-30,台中市,SE6 青蔥 粉蔥 ,26.1,21.4,16.9,21.4,71.2,1314.0,-20.7,4,2,2013,0
2013-05-01,台中市,SE6 青蔥 粉蔥 ,22.2,20.4,16.2,19.5,-8.88,1971.0,50.0,5,3,2013,0
2013-05-02,台中市,SE6 青蔥 粉蔥 ,22.2,18.8,14.5,18.4,-5.64,1732.0,-12.13,5,4,2013,0
2013-05-03,台中市,SE6 青蔥 粉蔥 ,16.4,13.2,7.5,12.7,-30.98,2736.0,57.97,5,5,2013,0
2013-05-04,台中市,SE6 青蔥 粉蔥 ,12.4,8.2,6.4,8.8,-30.71,2456.0,-10.23,5,6,2013,0
2013-05-05,台中市,SE6 青蔥 粉蔥 ,14.3,10.0,5.2,9.9,12.5,2277.0,-7.29,5,7,2013,0
2013-05-06,台中市,SE6 青蔥 粉蔥 ,,,,,,,,5,1,2013,1
2013-05-07,台中市,SE6 青蔥 粉蔥 ,15.5,8.6,4.0,9.0,-9.09,2572.0,12.96,5,2,2013,0
2013-05-08,台中市,SE6 青蔥 粉蔥 ,13.5,9.6,4.3,9.2,2.22,1691.0,-34.25,5,3,2013,0
2013-05-09,台中市,SE6 青蔥 粉蔥 ,15.1,10.0,7.1,10.4,13.04,1413.0,-16.44,5,4,2013,0
2013-05-10,台中市,SE6 青蔥 粉蔥 ,13.4,10.6,8.4,10.6,1.92,1547.0,9.48,5,5,2013,0
2013-05-11,台中市,SE6 青蔥 粉蔥 ,12.4,10.3,7.1,10.2,-3.77,1314.0,-15.06,5,6,2013,0
2013-05-12,台中市,SE6 青蔥 粉蔥 ,12.3,11.0,9.6,11.0,7.84,1442.0,9.74,5,7,2013,0
2013-05-13,台中市,SE6 青蔥 粉蔥 ,,,,,,,,5,1,2013,1
2013-05-14,台中市,SE6 青蔥 粉蔥 ,22.0,21.0,13.7,19.9,80.91,328.0,-77.25,5,2,2013,0
2013-05-15,台中市,SE6 青蔥 粉蔥 ,28.0,21.0,21.0,25.2,26.63,100.0,-69.51,5,3,2013,0
2013-05-16,台中市,SE6 青蔥 粉蔥 ,28.0,25.7,21.0,25.5,1.19,295.0,195.0,5,4,2013,0
2013-05-17,台中市,SE6 青蔥 粉蔥 ,24.3,17.9,14.1,18.4,-27.84,1192.0,304.07,5,5,2013,0
2013-05-18,台中市,SE6 青蔥 粉蔥 ,19.4,15.6,7.7,14.4,-21.74,1858.0,55.87,5,6,2013,0
2013-05-19,台中市,SE6 青蔥 粉蔥 ,18.9,15.5,12.4,15.6,8.33,1748.0,-5.92,5,7,2013,0
2013-05-20,台中市,SE6 青蔥 粉蔥 ,,,,,,,,5,1,2013,1
2013-05-21,台中市,SE6 青蔥 粉蔥 ,19.2,17.3,14.5,17.0,8.97,1503.0,-14.02,5,2,2013,0
2013-05-22,台中市,SE6 青蔥 粉蔥 ,20.0,18.5,16.0,18.3,7.65,1589.0,5.72,5,3,2013,0
2013-05-23,台中市,SE6 青蔥 粉蔥 ,17.8,15.8,12.0,15.3,-16.39,1955.0,23.03,5,4,2013,0
2013-05-24,台中市,SE6 青蔥 粉蔥 ,19.2,14.6,12.0,15.0,-1.96,1666.0,-14.78,5,5,2013,0
2013-05-25,台中市,SE6 青蔥 粉蔥 ,19.4,17.5,14.4,17.3,15.33,1293.0,-22.39,5,6,2013,0
2013-05-26,台中市,SE6 青蔥 粉蔥 ,21.6,17.9,14.4,17.8,2.89,1569.0,21.35,5,7,2013,0
2013-05-27,台中市,SE6 青蔥 粉蔥 ,,,,,,,,5,1,2013,1
2013-05-28,台中市,SE6 青蔥 粉蔥 ,22.6,19.9,16.8,19.7,10.67,1185.0,-24.47,5,2,2013,0
2013-05-29,台中市,SE6 青蔥 粉蔥 ,26.5,24.6,21.6,24.4,23.86,1139.0,-3.88,5,3,2013,0
2013-05-30,台中市,SE6 青蔥 粉蔥 ,25.6,23.5,20.8,23.4,-4.1,1327.0,16.51,5,4,2013,0
2013-05-31,台中市,SE6 青蔥 粉蔥 ,26.3,25.0,21.7,24.5,4.7,1224.0,-7.76,5,5,2013,0
2013-06-01,台中市,SE6 青蔥 粉蔥 ,25.4,24.4,23.2,24.4,-0.41,1288.0,5.23,6,6,2013,0
2013-06-02,台中市,SE6 青蔥 粉蔥 ,29.2,27.3,23.6,27.0,10.66,1474.0,14.44,6,7,2013,0
2013-06-03,台中市,SE6 青蔥 粉蔥 ,,,,,,,,6,1,2013,1
2013-06-04,台中市,SE6 青蔥 粉蔥 ,36.4,31.6,29.8,32.4,20.0,1083.0,-26.53,6,2,2013,0
2013-06-05,台中市,SE6 青蔥 粉蔥 ,42.0,40.1,35.2,39.7,22.53,762.0,-29.64,6,3,2013,0
2013-06-06,台中市,SE6 青蔥 粉蔥 ,46.8,43.8,37.3,43.3,9.07,1029.0,35.04,6,4,2013,0
2013-06-07,台中市,SE6 青蔥 粉蔥 ,44.6,40.1,32.1,38.9,-10.16,1291.0,25.46,6,5,2013,0
2013-06-08,台中市,SE6 青蔥 粉蔥 ,44.2,40.6,32.4,39.7,2.06,1176.0,-8.91,6,6,2013,0
2013-06-09,台中市,SE6 青蔥 粉蔥 ,43.7,36.3,27.2,35.5,-10.58,1366.0,16.16,6,7,2013,0
2013-06-10,台中市,SE6 青蔥 粉蔥 ,,,,,,,,6,1,2013,1
2013-06-11,台中市,SE6 青蔥 粉蔥 ,49.3,42.8,37.4,42.4,19.44,1216.0,-10.98,6,2,2013,0
2013-06-12,台中市,SE6 青蔥 粉蔥 ,48.4,42.8,37.4,43.3,2.12,1228.0,0.99,6,3,2013,0
2013-06-13,台中市,SE6 青蔥 粉蔥 ,,,,,,,,6,4,2013,1
2013-06-14,台中市,SE6 青蔥 粉蔥 ,,,,,,,,6,5,2013,1
2013-06-15,台中市,SE6 青蔥 粉蔥 ,55.5,47.6,43.2,48.2,11.32,810.0,-34.04,6,6,2013,0
2013-06-16,台中市,SE6 青蔥 粉蔥 ,59.4,50.4,45.2,50.7,5.19,734.0,-9.38,6,7,2013,0
2013-06-17,台中市,SE6 青蔥 粉蔥 ,,,,,,,,6,1,2013,1
2013-06-18,台中市,SE6 青蔥 粉蔥 ,54.8,52.2,33.0,46.2,-8.88,1156.0,57.49,6,2,2013,0
2013-06-19,台中市,SE6 青蔥 粉蔥 ,51.4,44.4,33.6,43.6,-5.63,1063.0,-8.04,6,3,2013,0
2013-06-20,台中市,SE6 青蔥 粉蔥 ,45.1,35.7,27.3,35.1,-19.5,1465.0,37.82,6,4,2013,0
2013-06-21,台中市,SE6 青蔥 粉蔥 ,40.6,36.8,28.1,35.4,0.85,1324.0,-9.62,6,5,2013,0
2013-06-22,台中市,SE6 青蔥 粉蔥 ,40.6,34.5,29.3,34.9,-1.41,1405.0,6.12,6,6,2013,0
2013-06-23,台中市,SE6 青蔥 粉蔥 ,45.2,38.7,30.8,38.0,8.88,1171.0,-16.65,6,7,2013,0
2013-06-24,台中市,SE6 青蔥 粉蔥 ,,,,,,,,6,1,2013,1
2013-06-25,台中市,SE6 青蔥 粉蔥 ,46.1,40.5,34.5,40.7,7.11,1200.0,2.48,6,2,2013,0
2013-06-26,台中市,SE6 青蔥 粉蔥 ,54.7,43.0,34.8,42.8,5.16,1013.0,-15.58,6,3,2013,0
2013-06-27,台中市,SE6 青蔥 粉蔥 ,57.0,45.4,37.2,44.9,4.91,1224.0,20.83,6,4,2013,0
2013-06-28,台中市,SE6 青蔥 粉蔥 ,59.8,47.5,35.0,46.3,3.12,1198.0,-2.12,6,5,2013,0
2013-06-29,台中市,SE6 青蔥 粉蔥 ,59.0,48.7,39.5,48.8,5.4,898.0,-25.04,6,6,2013,0
2013-06-30,台中市,SE6 青蔥 粉蔥 ,67.4,52.3,42.2,52.6,7.79,1202.0,33.85,6,7,2013,0
2013-07-01,台中市,SE6 青蔥 粉蔥 ,,,,,,,,7,1,2013,1
2013-07-02,台中市,SE6 青蔥 粉蔥 ,64.2,50.5,42.6,49.0,-6.84,1060.0,-11.81,7,2,2013,0
2013-07-03,台中市,SE6 青蔥 粉蔥 ,66.3,60.2,45.0,59.4,21.22,327.0,-69.15,7,3,2013,0
2013-07-04,台中市,SE6 青蔥 粉蔥 ,65.5,58.8,40.2,54.3,-8.59,659.0,101.53,7,4,2013,0
2013-07-05,台中市,SE6 青蔥 粉蔥 ,68.3,64.5,58.0,64.7,19.15,287.0,-56.45,7,5,2013,0
2013-07-06,台中市,SE6 青蔥 粉蔥 ,69.0,63.6,47.7,61.7,-4.64,855.0,197.91,7,6,2013,0
2013-07-07,台中市,SE6 青蔥 粉蔥 ,70.2,65.0,57.9,64.1,3.89,1143.0,33.68,7,7,2013,0
2013-07-08,台中市,SE6 青蔥 粉蔥 ,,,,,,,,7,1,2013,1
2013-07-09,台中市,SE6 青蔥 粉蔥 ,75.3,67.5,58.2,65.3,1.87,1097.0,-4.02,7,2,2013,0
2013-07-10,台中市,SE6 青蔥 粉蔥 ,76.4,68.9,59.2,67.5,3.37,837.0,-23.7,7,3,2013,0
2013-07-11,台中市,SE6 青蔥 粉蔥 ,94.0,75.8,68.0,79.7,18.07,248.0,-70.37,7,4,2013,0
2013-07-12,台中市,SE6 青蔥 粉蔥 ,117.0,90.5,75.0,93.8,17.69,207.0,-16.53,7,5,2013,0
2013-07-13,台中市,SE6 青蔥 粉蔥 ,111.5,94.8,80.2,91.1,-2.88,1160.0,460.39,7,6,2013,0
2013-07-14,台中市,SE6 青蔥 粉蔥 ,96.3,83.8,70.0,81.0,-11.09,463.0,-60.09,7,7,2013,0
2013-07-15,台中市,SE6 青蔥 粉蔥 ,,,,,,,,7,1,2013,1
2013-07-16,台中市,SE6 青蔥 粉蔥 ,87.8,80.1,50.0,72.1,-10.99,742.0,60.26,7,2,2013,0
2013-07-17,台中市,SE6 青蔥 粉蔥 ,72.6,48.1,37.1,46.9,-34.95,827.0,11.46,7,3,2013,0
2013-07-18,台中市,SE6 青蔥 粉蔥 ,61.8,54.4,30.0,50.8,8.32,431.0,-47.88,7,4,2013,0
2013-07-19,台中市,SE6 青蔥 粉蔥 ,66.7,58.6,56.7,60.5,19.09,296.0,-31.32,7,5,2013,0
2013-07-20,台中市,SE6 青蔥 粉蔥 ,78.2,65.6,53.0,62.8,3.8,529.0,78.72,7,6,2013,0
2013-07-21,台中市,SE6 青蔥 粉蔥 ,75.7,67.4,51.3,65.7,4.62,364.0,-31.19,7,7,2013,0
2013-07-22,台中市,SE6 青蔥 粉蔥 ,,,,,,,,7,1,2013,1
2013-07-23,台中市,SE6 青蔥 粉蔥 ,80.0,71.1,45.2,67.9,3.35,517.0,42.03,7,2,2013,0
2013-07-24,台中市,SE6 青蔥 粉蔥 ,75.5,72.5,62.8,71.2,4.86,463.0,-10.44,7,3,2013,0
2013-07-25,台中市,SE6 青蔥 粉蔥 ,89.0,76.0,63.3,75.1,5.48,316.0,-31.75,7,4,2013,0
2013-07-26,台中市,SE6 青蔥 粉蔥 ,88.3,80.0,75.0,80.0,6.52,418.0,32.28,7,5,2013,0
2013-07-27,台中市,SE6 青蔥 粉蔥 ,80.0,74.2,57.6,72.2,-9.75,641.0,53.35,7,6,2013,0
2013-07-28,台中市,SE6 青蔥 粉蔥 ,85.4,73.5,60.0,72.3,0.14,691.0,7.8,7,7,2013,0
2013-07-29,台中市,SE6 青蔥 粉蔥 ,,,,,,,,7,1,2013,1
2013-07-30,台中市,SE6 青蔥 粉蔥 ,73.2,65.2,60.8,66.1,-8.58,706.0,2.17,7,2,2013,0
2013-07-31,台中市,SE6 青蔥 粉蔥 ,63.8,54.8,47.5,56.4,-14.67,528.0,-25.21,7,3,2013,0
2013-08-01,台中市,SE6 青蔥 粉蔥 ,78.5,63.8,46.2,63.5,12.59,545.0,3.22,8,4,2013,0
2013-08-02,台中市,SE6 青蔥 粉蔥 ,62.0,55.1,45.0,54.6,-14.02,797.0,46.24,8,5,2013,0
2013-08-03,台中市,SE6 青蔥 粉蔥 ,64.5,60.9,52.5,59.9,9.71,543.0,-31.87,8,6,2013,0
2013-08-04,台中市,SE6 青蔥 粉蔥 ,60.3,49.9,38.3,49.6,-17.2,910.0,67.59,8,7,2013,0
2013-08-05,台中市,SE6 青蔥 粉蔥 ,,,,,,,,8,1,2013,1
2013-08-06,台中市,SE6 青蔥 粉蔥 ,62.2,58.6,52.8,58.2,17.34,468.0,-48.57,8,2,2013,0
2013-08-07,台中市,SE6 青蔥 粉蔥 ,60.0,55.2,46.2,54.3,-6.7,729.0,55.77,8,3,2013,0
2013-08-08,台中市,SE6 青蔥 粉蔥 ,58.2,54.1,41.7,50.9,-6.26,833.0,14.27,8,4,2013,0
2013-08-09,台中市,SE6 青蔥 粉蔥 ,50.0,36.5,30.0,37.8,-25.74,1114.0,33.73,8,5,2013,0
2013-08-10,台中市,SE6 青蔥 粉蔥 ,46.0,32.6,30.0,34.7,-8.2,862.0,-22.62,8,6,2013,0
2013-08-11,台中市,SE6 青蔥 粉蔥 ,43.1,35.3,30.0,35.8,3.17,960.0,11.37,8,7,2013,0
2013-08-12,台中市,SE6 青蔥 粉蔥 ,,,,,,,,8,1,2013,1
2013-08-13,台中市,SE6 青蔥 粉蔥 ,36.8,29.2,20.2,28.6,-20.11,1880.0,95.83,8,2,2013,0
2013-08-14,台中市,SE6 青蔥 粉蔥 ,36.1,27.4,16.1,26.9,-5.94,1346.0,-28.4,8,3,2013,0
2013-08-15,台中市,SE6 青蔥 粉蔥 ,36.5,32.4,23.5,31.3,16.36,1104.0,-17.98,8,4,2013,0
2013-08-16,台中市,SE6 青蔥 粉蔥 ,40.4,36.8,29.0,35.3,12.78,790.0,-28.44,8,5,2013,0
2013-08-17,台中市,SE6 青蔥 粉蔥 ,40.0,38.1,28.8,36.5,3.4,654.0,-17.22,8,6,2013,0
2013-08-18,台中市,SE6 青蔥 粉蔥 ,43.4,39.6,31.2,39.5,8.22,969.0,48.17,8,7,2013,0
2013-08-19,台中市,SE6 青蔥 粉蔥 ,,,,,,,,8,1,2013,1
2013-08-20,台中市,SE6 青蔥 粉蔥 ,43.8,39.9,34.3,39.7,0.51,1277.0,31.79,8,2,2013,0
2013-08-21,台中市,SE6 青蔥 粉蔥 ,60.9,52.8,41.0,50.9,28.21,1265.0,-0.94,8,3,2013,0
2013-08-22,台中市,SE6 青蔥 粉蔥 ,,,,,,,,8,4,2013,1
2013-08-23,台中市,SE6 青蔥 粉蔥 ,,,,,,,,8,5,2013,1
2013-08-24,台中市,SE6 青蔥 粉蔥 ,55.5,53.5,51.0,53.5,5.11,827.0,-34.62,8,6,2013,0
2013-08-25,台中市,SE6 青蔥 粉蔥 ,57.2,49.4,38.2,48.3,-9.72,1252.0,51.39,8,7,2013,0
2013-08-26,台中市,SE6 青蔥 粉蔥 ,,,,,,,,8,1,2013,1
2013-08-27,台中市,SE6 青蔥 粉蔥 ,50.0,44.2,31.4,42.7,-11.59,1470.0,17.41,8,2,2013,0
2013-08-28,台中市,SE6 青蔥 粉蔥 ,46.4,38.5,30.0,38.3,-10.3,1894.0,28.84,8,3,2013,0
2013-08-29,台中市,SE6 青蔥 粉蔥 ,43.4,37.3,30.9,37.3,-2.61,1571.0,-17.05,8,4,2013,0
2013-08-30,台中市,SE6 青蔥 粉蔥 ,50.0,45.8,40.0,45.5,21.98,1233.0,-21.51,8,5,2013,0
2013-08-31,台中市,SE6 青蔥 粉蔥 ,72.0,68.0,53.0,66.6,46.37,246.0,-80.05,8,6,2013,0
2013-09-01,台中市,SE6 青蔥 粉蔥 ,88.5,76.2,50.0,71.1,6.76,270.0,9.76,9,7,2013,0
2013-09-02,台中市,SE6 青蔥 粉蔥 ,,,,,,,,9,1,2013,1
2013-09-03,台中市,SE6 青蔥 粉蔥 ,90.5,74.7,15.0,52.4,-26.3,383.0,41.85,9,2,2013,0
2013-09-04,台中市,SE6 青蔥 粉蔥 ,111.0,101.3,73.5,102.3,95.23,158.0,-58.75,9,3,2013,0
2013-09-05,台中市,SE6 青蔥 粉蔥 ,133.5,129.0,126.5,128.9,26.0,151.0,-4.43,9,4,2013,0
2013-09-06,台中市,SE6 青蔥 粉蔥 ,129.0,123.3,80.0,114.4,-11.25,112.0,-25.83,9,5,2013,0
2013-09-07,台中市,SE6 青蔥 粉蔥 ,118.0,110.8,95.5,107.7,-5.86,214.0,91.07,9,6,2013,0
2013-09-08,台中市,SE6 青蔥 粉蔥 ,124.3,100.6,68.0,97.1,-9.84,315.0,47.2,9,7,2013,0
2013-09-09,台中市,SE6 青蔥 粉蔥 ,,,,,,,,9,1,2013,1
2013-09-10,台中市,SE6 青蔥 粉蔥 ,110.0,97.8,75.3,95.9,-1.24,251.0,-20.32,9,2,2013,0
2013-09-11,台中市,SE6 青蔥 粉蔥 ,115.5,98.4,85.0,99.9,4.17,546.0,117.53,9,3,2013,0
2013-09-12,台中市,SE6 青蔥 粉蔥 ,94.0,80.6,53.3,74.2,-25.73,358.0,-34.43,9,4,2013,0
2013-09-13,台中市,SE6 青蔥 粉蔥 ,81.8,80.2,70.8,78.6,5.93,737.0,105.87,9,5,2013,0
2013-09-14,台中市,SE6 青蔥 粉蔥 ,79.3,71.4,59.2,70.2,-10.69,854.0,15.88,9,6,2013,0
2013-09-15,台中市,SE6 青蔥 粉蔥 ,71.0,66.2,45.7,62.1,-11.54,973.0,13.93,9,7,2013,0
2013-09-16,台中市,SE6 青蔥 粉蔥 ,84.7,78.6,63.3,76.7,23.51,384.0,-60.53,9,1,2013,0
2013-09-17,台中市,SE6 青蔥 粉蔥 ,84.2,73.6,70.4,75.4,-1.69,634.0,65.1,9,2,2013,0
2013-09-18,台中市,SE6 青蔥 粉蔥 ,84.4,79.6,74.0,79.7,5.7,637.0,0.47,9,3,2013,0
2013-09-19,台中市,SE6 青蔥 粉蔥 ,89.1,85.3,56.7,80.1,0.5,1011.0,58.71,9,4,2013,0
2013-09-20,台中市,SE6 青蔥 粉蔥 ,,,,,,,,9,5,2013,1
2013-09-21,台中市,SE6 青蔥 粉蔥 ,,,,,,,,9,6,2013,1
2013-09-22,台中市,SE6 青蔥 粉蔥 ,101.0,100.7,87.2,96.6,20.6,544.0,-46.19,9,7,2013,0
2013-09-23,台中市,SE6 青蔥 粉蔥 ,,,,,,,,9,1,2013,1
2013-09-24,台中市,SE6 青蔥 粉蔥 ,101.0,97.2,51.5,80.6,-16.56,963.0,77.02,9,2,2013,0
2013-09-25,台中市,SE6 青蔥 粉蔥 ,98.4,94.2,62.7,86.9,7.82,882.0,-8.41,9,3,2013,0
2013-09-26,台中市,SE6 青蔥 粉蔥 ,80.5,68.6,40.8,65.8,-24.28,712.0,-19.27,9,4,2013,0
2013-09-27,台中市,SE6 青蔥 粉蔥 ,70.0,54.1,25.6,55.2,-16.11,607.0,-14.75,9,5,2013,0
2013-09-28,台中市,SE6 青蔥 粉蔥 ,82.2,77.4,61.5,76.7,38.95,481.0,-20.76,9,6,2013,0
2013-09-29,台中市,SE6 青蔥 粉蔥 ,89.0,87.8,85.0,87.4,13.95,274.0,-43.04,9,7,2013,0
2013-09-30,台中市,SE6 青蔥 粉蔥 ,,,,,,,,9,1,2013,1
2013-10-01,台中市,SE6 青蔥 粉蔥 ,100.0,94.4,86.0,93.6,7.09,488.0,78.1,10,2,2013,0
2013-10-02,台中市,SE6 青蔥 粉蔥 ,118.0,110.4,85.2,104.8,11.97,495.0,1.43,10,3,2013,0
2013-10-03,台中市,SE6 青蔥 粉蔥 ,105.0,94.2,68.7,88.5,-15.55,452.0,-8.69,10,4,2013,0
2013-10-04,台中市,SE6 青蔥 粉蔥 ,100.5,95.9,73.0,91.2,3.05,491.0,8.63,10,5,2013,0
2013-10-05,台中市,SE6 青蔥 粉蔥 ,106.3,99.6,48.3,83.0,-8.99,414.0,-15.68,10,6,2013,0
2013-10-06,台中市,SE6 青蔥 粉蔥 ,106.2,76.6,34.4,46.2,-44.34,1766.0,326.57,10,7,2013,0
2013-10-07,台中市,SE6 青蔥 粉蔥 ,,,,,,,,10,1,2013,1
2013-10-08,台中市,SE6 青蔥 粉蔥 ,106.5,89.5,30.0,85.1,84.2,238.0,-86.52,10,2,2013,0
2013-10-09,台中市,SE6 青蔥 粉蔥 ,95.0,86.1,71.2,82.9,-2.59,481.0,102.1,10,3,2013,0
2013-10-10,台中市,SE6 青蔥 粉蔥 ,82.0,68.3,47.7,64.2,-22.56,469.0,-2.49,10,4,2013,0
2013-10-11,台中市,SE6 青蔥 粉蔥 ,75.5,68.8,51.0,68.6,6.85,246.0,-47.55,10,5,2013,0
2013-10-12,台中市,SE6 青蔥 粉蔥 ,71.0,70.0,54.0,63.8,-7.0,301.0,22.36,10,6,2013,0
2013-10-13,台中市,SE6 青蔥 粉蔥 ,72.3,61.6,52.0,60.2,-5.64,352.0,16.94,10,7,2013,0
2013-10-14,台中市,SE6 青蔥 粉蔥 ,,,,,,,,10,1,2013,1
2013-10-15,台中市,SE6 青蔥 粉蔥 ,75.2,66.6,41.5,60.4,0.33,589.0,67.33,10,2,2013,0
2013-10-16,台中市,SE6 青蔥 粉蔥 ,82.3,76.8,38.3,70.1,16.06,319.0,-45.84,10,3,2013,0
2013-10-17,台中市,SE6 青蔥 粉蔥 ,76.0,55.5,55.0,57.9,-17.4,159.0,-50.16,10,4,2013,0
2013-10-18,台中市,SE6 青蔥 粉蔥 ,55.0,43.3,35.0,42.4,-26.77,242.0,52.2,10,5,2013,0
2013-10-19,台中市,SE6 青蔥 粉蔥 ,55.0,43.3,40.0,47.2,11.32,159.0,-34.3,10,6,2013,0
2013-10-20,台中市,SE6 青蔥 粉蔥 ,50.0,43.0,42.0,43.0,-8.9,136.0,-14.47,10,7,2013,0
2013-10-21,台中市,SE6 青蔥 粉蔥 ,,,,,,,,10,1,2013,1
2013-10-22,台中市,SE6 青蔥 粉蔥 ,59.0,59.0,45.0,56.1,30.47,101.0,-25.74,10,2,2013,0
2013-10-23,台中市,SE6 青蔥 粉蔥 ,59.0,58.5,38.0,53.3,-4.99,81.0,-19.8,10,3,2013,0
2013-10-24,台中市,SE6 青蔥 粉蔥 ,66.7,51.8,37.0,50.7,-4.88,453.0,459.26,10,4,2013,0
2013-10-25,台中市,SE6 青蔥 粉蔥 ,58.3,47.7,35.0,47.8,-5.72,332.0,-26.71,10,5,2013,0
2013-10-26,台中市,SE6 青蔥 粉蔥 ,62.3,51.2,42.0,51.3,7.32,387.0,16.57,10,6,2013,0
2013-10-27,台中市,SE6 青蔥 粉蔥 ,56.0,52.3,41.2,50.0,-2.53,515.0,33.07,10,7,2013,0
2013-10-28,台中市,SE6 青蔥 粉蔥 ,,,,,,,,10,1,2013,1
2013-10-29,台中市,SE6 青蔥 粉蔥 ,60.7,58.4,55.3,58.4,16.8,376.0,-26.99,10,2,2013,0
2013-10-30,台中市,SE6 青蔥 粉蔥 ,60.0,58.6,57.0,58.5,0.17,367.0,-2.39,10,3,2013,0
2013-10-31,台中市,SE6 青蔥 粉蔥 ,63.5,60.0,58.5,60.5,3.42,253.0,-31.06,10,4,2013,0
2013-11-01,台中市,SE6 青蔥 粉蔥 ,,,,,,,,11,5,2013,1
2013-11-02,台中市,SE6 青蔥 粉蔥 ,,,,,,,,11,6,2013,1
2013-11-03,台中市,SE6 青蔥 粉蔥 ,,,,,,,,11,7,2013,1
2013-11-04,台中市,SE6 青蔥 粉蔥 ,,,,,,,,11,1,2013,1
2013-11-05,台中市,SE6 青蔥 粉蔥 ,37.8,30.7,20.2,29.7,-50.91,484.0,91.3,11,2,2013,0
2013-11-06,台中市,SE6 青蔥 粉蔥 ,31.7,28.7,28.0,29.3,-1.35,374.0,-22.73,11,3,2013,0
2013-11-07,台中市,SE6 青蔥 粉蔥 ,26.5,23.9,22.2,24.3,-17.06,479.0,28.07,11,4,2013,0
2013-11-08,台中市,SE6 青蔥 粉蔥 ,29.0,27.8,25.5,27.5,13.17,256.0,-46.56,11,5,2013,0
2013-11-09,台中市,SE6 青蔥 粉蔥 ,25.5,25.0,25.0,25.1,-8.73,247.0,-3.52,11,6,2013,0
2013-11-10,台中市,SE6 青蔥 粉蔥 ,42.5,37.5,32.0,37.1,47.81,257.0,4.05,11,7,2013,0
2013-11-11,台中市,SE6 青蔥 粉蔥 ,,,,,,,,11,1,2013,1
2013-11-12,台中市,SE6 青蔥 粉蔥 ,41.0,38.3,37.7,38.8,4.58,315.0,22.57,11,2,2013,0
2013-11-13,台中市,SE6 青蔥 粉蔥 ,45.5,43.0,41.5,43.5,12.11,151.0,-52.06,11,3,2013,0
2013-11-14,台中市,SE6 青蔥 粉蔥 ,43.0,43.0,35.0,42.6,-2.07,42.0,-72.19,11,4,2013,0
2013-11-15,台中市,SE6 青蔥 粉蔥 ,,,,,,,,11,5,2013,1
2013-11-16,台中市,SE6 青蔥 粉蔥 ,22.0,22.0,22.0,22.0,-48.36,20.0,-52.38,11,6,2013,0
2013-11-17,台中市,SE6 青蔥 粉蔥 ,45.7,40.1,33.7,40.0,81.82,387.0,1835.0,11,7,2013,0
2013-11-18,台中市,SE6 青蔥 粉蔥 ,,,,,,,,11,1,2013,1
2013-11-19,台中市,SE6 青蔥 粉蔥 ,50.0,46.6,38.3,45.1,12.75,400.0,3.36,11,2,2013,0
2013-11-20,台中市,SE6 青蔥 粉蔥 ,44.0,40.4,35.0,40.0,-11.31,411.0,2.75,11,3,2013,0
2013-11-21,台中市,SE6 青蔥 粉蔥 ,44.2,32.6,30.0,36.0,-10.0,516.0,25.55,11,4,2013,0
2013-11-22,台中市,SE6 青蔥 粉蔥 ,31.0,30.0,28.7,29.9,-16.94,429.0,-16.86,11,5,2013,0
2013-11-23,台中市,SE6 青蔥 粉蔥 ,41.3,39.3,35.0,39.1,30.77,321.0,-25.17,11,6,2013,0
2013-11-24,台中市,SE6 青蔥 粉蔥 ,40.8,38.5,31.5,37.5,-4.09,444.0,38.32,11,7,2013,0
2013-11-25,台中市,SE6 青蔥 粉蔥 ,,,,,,,,11,1,2013,1
2013-11-26,台中市,SE6 青蔥 粉蔥 ,45.0,43.3,41.7,43.3,15.47,347.0,-21.85,11,2,2013,0
2013-11-27,台中市,SE6 青蔥 粉蔥 ,43.8,37.2,34.8,38.4,-11.32,453.0,30.55,11,3,2013,0
2013-11-28,台中市,SE6 青蔥 粉蔥 ,31.0,27.1,19.5,26.6,-30.73,442.0,-2.43,11,4,2013,0
2013-11-29,台中市,SE6 青蔥 粉蔥 ,25.0,19.6,17.1,20.1,-24.44,873.0,97.51,11,5,2013,0
2013-11-30,台中市,SE6 青蔥 粉蔥 ,32.0,30.3,23.5,29.3,45.77,288.0,-67.01,11,6,2013,0
2013-12-01,台中市,SE6 青蔥 粉蔥 ,39.0,37.7,34.0,37.3,27.3,195.0,-32.29,12,7,2013,0
2013-12-02,台中市,SE6 青蔥 粉蔥 ,,,,,,,,12,1,2013,1
2013-12-03,台中市,SE6 青蔥 粉蔥 ,43.0,41.5,37.0,40.8,9.38,640.0,228.21,12,2,2013,0
2013-12-04,台中市,SE6 青蔥 粉蔥 ,42.0,40.0,37.0,39.9,-2.21,911.0,42.34,12,3,2013,0
2013-12-05,台中市,SE6 青蔥 粉蔥 ,32.7,31.0,28.8,30.9,-22.56,926.0,1.65,12,4,2013,0
2013-12-06,台中市,SE6 青蔥 粉蔥 ,27.9,23.0,21.0,23.7,-23.3,1383.0,49.35,12,5,2013,0
2013-12-07,台中市,SE6 青蔥 粉蔥 ,32.4,26.7,22.8,27.1,14.35,698.0,-49.53,12,6,2013,0
2013-12-08,台中市,SE6 青蔥 粉蔥 ,40.2,36.4,32.0,36.3,33.95,678.0,-2.87,12,7,2013,0
2013-12-09,台中市,SE6 青蔥 粉蔥 ,,,,,,,,12,1,2013,1
2013-12-10,台中市,SE6 青蔥 粉蔥 ,34.2,32.1,30.5,32.2,-11.29,760.0,12.09,12,2,2013,0
2013-12-11,台中市,SE6 青蔥 粉蔥 ,34.2,31.1,28.8,31.2,-3.11,696.0,-8.42,12,3,2013,0
2013-12-12,台中市,SE6 青蔥 粉蔥 ,37.2,30.4,23.4,30.4,-2.56,636.0,-8.62,12,4,2013,0
2013-12-13,台中市,SE6 青蔥 粉蔥 ,38.2,32.3,23.4,31.6,3.95,628.0,-1.26,12,5,2013,0
2013-12-14,台中市,SE6 青蔥 粉蔥 ,38.8,28.6,19.5,28.0,-11.39,931.0,48.25,12,6,2013,0
2013-12-15,台中市,SE6 青蔥 粉蔥 ,36.5,28.8,22.3,29.0,3.57,848.0,-8.92,12,7,2013,0
2013-12-16,台中市,SE6 青蔥 粉蔥 ,,,,,,,,12,1,2013,1
2013-12-17,台中市,SE6 青蔥 粉蔥 ,32.5,24.5,20.0,25.4,-12.41,525.0,-38.09,12,2,2013,0
2013-12-18,台中市,SE6 青蔥 粉蔥 ,32.7,30.0,27.3,30.1,18.5,432.0,-17.71,12,3,2013,0
2013-12-19,台中市,SE6 青蔥 粉蔥 ,37.7,35.5,30.7,35.1,16.61,414.0,-4.17,12,4,2013,0
2013-12-20,台中市,SE6 青蔥 粉蔥 ,48.5,45.2,41.0,45.0,28.21,318.0,-23.19,12,5,2013,0
2013-12-21,台中市,SE6 青蔥 粉蔥 ,45.0,42.4,39.8,42.4,-5.78,540.0,69.81,12,6,2013,0
2013-12-22,台中市,SE6 青蔥 粉蔥 ,40.0,30.6,28.0,31.9,-24.76,710.0,31.48,12,7,2013,0
2013-12-23,台中市,SE6 青蔥 粉蔥 ,,,,,,,,12,1,2013,1
2013-12-24,台中市,SE6 青蔥 粉蔥 ,39.0,38.0,36.3,37.9,18.81,400.0,-43.66,12,2,2013,0
2013-12-25,台中市,SE6 青蔥 粉蔥 ,47.0,45.2,22.5,41.9,10.55,209.0,-47.75,12,3,2013,0
2013-12-26,台中市,SE6 青蔥 粉蔥 ,32.0,32.0,22.0,27.0,-35.56,80.0,-61.72,12,4,2013,0
2013-12-27,台中市,SE6 青蔥 粉蔥 ,25.5,25.0,25.0,25.3,-6.3,380.0,375.0,12,5,2013,0
2013-12-28,台中市,SE6 青蔥 粉蔥 ,27.0,19.9,13.8,18.9,-25.3,1230.0,223.68,12,6,2013,0
2013-12-29,台中市,SE6 青蔥 粉蔥 ,26.0,21.3,15.0,21.8,15.34,260.0,-78.86,12,7,2013,0
2013-12-30,台中市,SE6 青蔥 粉蔥 ,,,,,,,,12,1,2013,1
2013-12-31,台中市,SE6 青蔥 粉蔥 ,31.6,29.7,27.8,29.5,35.32,682.0,162.31,12,2,2013,0
2014-01-01,台中市,SE6 青蔥 粉蔥 ,30.0,28.0,25.0,27.6,-6.44,627.0,-8.06,1,3,2014,0
2014-01-02,台中市,SE6 青蔥 粉蔥 ,35.0,30.7,28.0,30.9,11.96,535.0,-14.67,1,4,2014,0
2014-01-03,台中市,SE6 青蔥 粉蔥 ,29.8,26.8,22.5,26.4,-14.56,1181.0,120.75,1,5,2014,0
2014-01-04,台中市,SE6 青蔥 粉蔥 ,27.0,21.4,13.0,20.2,-23.48,2142.0,81.37,1,6,2014,0
2014-01-05,台中市,SE6 青蔥 粉蔥 ,27.4,18.3,12.4,18.4,-8.91,1417.0,-33.85,1,7,2014,0
2014-01-06,台中市,SE6 青蔥 粉蔥 ,,,,,,,,1,1,2014,1
2014-01-07,台中市,SE6 青蔥 粉蔥 ,25.7,20.3,13.3,19.2,4.35,1421.0,0.28,1,2,2014,0
2014-01-08,台中市,SE6 青蔥 粉蔥 ,25.4,20.4,14.0,19.8,3.13,1771.0,24.63,1,3,2014,0
2014-01-09,台中市,SE6 青蔥 粉蔥 ,21.6,18.0,11.7,17.0,-14.14,1587.0,-10.39,1,4,2014,0
2014-01-10,台中市,SE6 青蔥 粉蔥 ,22.0,20.0,13.6,18.8,10.59,1261.0,-20.54,1,5,2014,0
2014-01-11,台中市,SE6 青蔥 粉蔥 ,20.0,18.0,13.7,17.1,-9.04,1722.0,36.56,1,6,2014,0
2014-01-12,台中市,SE6 青蔥 粉蔥 ,20.1,17.2,12.3,16.2,-5.26,1778.0,3.25,1,7,2014,0
2014-01-13,台中市,SE6 青蔥 粉蔥 ,,,,,,,,1,1,2014,1
2014-01-14,台中市,SE6 青蔥 粉蔥 ,21.3,16.1,13.7,15.8,-2.47,2171.0,22.1,1,2,2014,0
2014-01-15,台中市,SE6 青蔥 粉蔥 ,20.4,17.3,12.1,16.6,5.06,1374.0,-36.71,1,3,2014,0
2014-01-16,台中市,SE6 青蔥 粉蔥 ,18.7,15.3,9.3,13.5,-18.67,1857.0,35.15,1,4,2014,0
2014-01-17,台中市,SE6 青蔥 粉蔥 ,18.3,16.2,12.5,15.5,14.81,954.0,-48.63,1,5,2014,0
2014-01-18,台中市,SE6 青蔥 粉蔥 ,22.1,15.1,10.3,14.3,-7.74,1236.0,29.56,1,6,2014,0
2014-01-19,台中市,SE6 青蔥 粉蔥 ,24.0,19.3,11.2,17.8,24.48,1001.0,-19.01,1,7,2014,0
2014-01-20,台中市,SE6 青蔥 粉蔥 ,,,,,,,,1,1,2014,1
2014-01-21,台中市,SE6 青蔥 粉蔥 ,20.2,15.0,11.0,15.1,-15.17,1779.0,77.72,1,2,2014,0
2014-01-22,台中市,SE6 青蔥 粉蔥 ,15.9,14.8,9.0,13.9,-7.95,2004.0,12.65,1,3,2014,0
2014-01-23,台中市,SE6 青蔥 粉蔥 ,16.2,12.4,7.5,12.1,-12.95,2494.0,24.45,1,4,2014,0
2014-01-24,台中市,SE6 青蔥 粉蔥 ,18.3,15.0,6.2,13.6,12.4,1547.0,-37.97,1,5,2014,0
2014-01-25,台中市,SE6 青蔥 粉蔥 ,21.4,12.8,6.0,13.1,-3.68,1230.0,-20.49,1,6,2014,0
2014-01-26,台中市,SE6 青蔥 粉蔥 ,16.8,14.0,6.1,12.9,-1.53,1577.0,28.21,1,7,2014,0
2014-01-27,台中市,SE6 青蔥 粉蔥 ,16.0,12.5,6.1,12.2,-5.43,2019.0,28.03,1,1,2014,0
2014-01-28,台中市,SE6 青蔥 粉蔥 ,20.2,16.1,10.2,15.3,25.41,1549.0,-23.28,1,2,2014,0
2014-01-29,台中市,SE6 青蔥 粉蔥 ,30.6,23.5,20.0,23.6,54.25,2223.0,43.51,1,3,2014,0
2014-01-30,台中市,SE6 青蔥 粉蔥 ,23.1,13.8,9.8,14.4,-38.98,1915.0,-13.86,1,4,2014,0
2014-01-31,台中市,SE6 青蔥 粉蔥 ,,,,,,,,1,5,2014,1
2014-02-01,台中市,SE6 青蔥 粉蔥 ,,,,,,,,2,6,2014,1
2014-02-02,台中市,SE6 青蔥 粉蔥 ,,,,,,,,2,7,2014,1
2014-02-03,台中市,SE6 青蔥 粉蔥 ,,,,,,,,2,1,2014,1
2014-02-04,台中市,SE6 青蔥 粉蔥 ,,,,,,,,2,2,2014,1
2014-02-05,台中市,SE6 青蔥 粉蔥 ,26.7,20.0,15.7,19.4,34.72,1206.0,-37.02,2,3,2014,0
2014-02-06,台中市,SE6 青蔥 粉蔥 ,23.8,21.1,13.2,19.5,0.52,826.0,-31.51,2,4,2014,0
2014-02-07,台中市,SE6 青蔥 粉蔥 ,18.6,15.0,10.0,14.3,-26.67,1364.0,65.13,2,5,2014,0
2014-02-08,台中市,SE6 青蔥 粉蔥 ,13.9,11.8,9.9,11.8,-17.48,1496.0,9.68,2,6,2014,0
2014-02-09,台中市,SE6 青蔥 粉蔥 ,14.0,10.1,7.1,10.5,-11.02,1262.0,-15.64,2,7,2014,0
2014-02-10,台中市,SE6 青蔥 粉蔥 ,,,,,,,,2,1,2014,1
2014-02-11,台中市,SE6 青蔥 粉蔥 ,20.8,14.9,10.2,15.0,42.86,848.0,-32.81,2,2,2014,0
2014-02-12,台中市,SE6 青蔥 粉蔥 ,20.0,15.5,11.6,15.6,4.0,814.0,-4.01,2,3,2014,0
2014-02-13,台中市,SE6 青蔥 粉蔥 ,20.0,15.3,10.6,15.1,-3.21,1470.0,80.59,2,4,2014,0
2014-02-14,台中市,SE6 青蔥 粉蔥 ,24.8,19.7,13.2,18.5,22.52,1894.0,28.84,2,5,2014,0
2014-02-15,台中市,SE6 青蔥 粉蔥 ,,,,,,,,2,6,2014,1
2014-02-16,台中市,SE6 青蔥 粉蔥 ,,,,,,,,2,7,2014,1
2014-02-17,台中市,SE6 青蔥 粉蔥 ,,,,,,,,2,1,2014,1
2014-02-18,台中市,SE6 青蔥 粉蔥 ,24.2,20.9,15.3,20.3,9.73,2169.0,14.52,2,2,2014,0
2014-02-19,台中市,SE6 青蔥 粉蔥 ,20.7,15.7,12.2,15.3,-24.63,2426.0,11.85,2,3,2014,0
2014-02-20,台中市,SE6 青蔥 粉蔥 ,16.1,11.2,9.7,11.6,-24.18,2350.0,-3.13,2,4,2014,0
2014-02-21,台中市,SE6 青蔥 粉蔥 ,15.0,11.0,9.5,11.2,-3.45,2253.0,-4.13,2,5,2014,0
2014-02-22,台中市,SE6 青蔥 粉蔥 ,13.8,11.6,9.6,11.6,3.57,1721.0,-23.61,2,6,2014,0
2014-02-23,台中市,SE6 青蔥 粉蔥 ,15.9,13.9,11.1,13.6,17.24,2220.0,28.99,2,7,2014,0
2014-02-24,台中市,SE6 青蔥 粉蔥 ,,,,,,,,2,1,2014,1
2014-02-25,台中市,SE6 青蔥 粉蔥 ,17.9,15.3,10.4,14.1,3.68,2251.0,1.4,2,2,2014,0
2014-02-26,台中市,SE6 青蔥 粉蔥 ,20.4,17.9,12.8,16.6,17.73,1708.0,-24.12,2,3,2014,0
2014-02-27,台中市,SE6 青蔥 粉蔥 ,18.8,14.7,10.1,13.7,-17.47,1643.0,-3.81,2,4,2014,0
2014-02-28,台中市,SE6 青蔥 粉蔥 ,15.2,11.8,7.8,10.6,-22.63,2158.0,31.35,2,5,2014,0
2014-03-01,台中市,SE6 青蔥 粉蔥 ,14.8,11.8,10.0,11.8,11.32,1677.0,-22.29,3,6,2014,0
2014-03-02,台中市,SE6 青蔥 粉蔥 ,10.6,7.6,5.5,7.5,-36.44,2244.0,33.81,3,7,2014,0
2014-03-03,台中市,SE6 青蔥 粉蔥 ,,,,,,,,3,1,2014,1
2014-03-04,台中市,SE6 青蔥 粉蔥 ,12.1,11.0,10.6,11.0,46.67,1084.0,-51.69,3,2,2014,0
2014-03-05,台中市,SE6 青蔥 粉蔥 ,12.7,11.6,10.3,11.5,4.55,1204.0,11.07,3,3,2014,0
2014-03-06,台中市,SE6 青蔥 粉蔥 ,14.2,11.4,7.3,10.5,-8.7,1894.0,57.31,3,4,2014,0
2014-03-07,台中市,SE6 青蔥 粉蔥 ,15.4,13.1,10.0,12.4,18.1,1618.0,-14.57,3,5,2014,0
2014-03-08,台中市,SE6 青蔥 粉蔥 ,19.8,13.6,9.7,12.8,3.23,1586.0,-1.98,3,6,2014,0
2014-03-09,台中市,SE6 青蔥 粉蔥 ,17.9,16.2,10.4,13.6,6.25,2080.0,31.15,3,7,2014,0
2014-03-10,台中市,SE6 青蔥 粉蔥 ,,,,,,,,3,1,2014,1
2014-03-11,台中市,SE6 青蔥 粉蔥 ,17.2,16.0,13.2,15.5,13.97,1504.0,-27.69,3,2,2014,0
2014-03-12,台中市,SE6 青蔥 粉蔥 ,18.6,17.8,14.4,16.8,8.39,1200.0,-20.21,3,3,2014,0
2014-03-13,台中市,SE6 青蔥 粉蔥 ,18.0,16.8,13.0,15.8,-5.95,1452.0,21.0,3,4,2014,0
2014-03-14,台中市,SE6 青蔥 粉蔥 ,17.8,16.1,15.2,16.3,3.16,756.0,-47.93,3,5,2014,0
2014-03-15,台中市,SE6 青蔥 粉蔥 ,17.7,16.7,13.8,16.0,-1.84,1561.0,106.48,3,6,2014,0
2014-03-16,台中市,SE6 青蔥 粉蔥 ,18.6,16.7,14.2,16.2,1.25,2508.0,60.67,3,7,2014,0
2014-03-17,台中市,SE6 青蔥 粉蔥 ,,,,,,,,3,1,2014,1
2014-03-18,台中市,SE6 青蔥 粉蔥 ,20.0,18.9,17.2,18.6,14.81,1357.0,-45.89,3,2,2014,0
2014-03-19,台中市,SE6 青蔥 粉蔥 ,20.0,17.7,13.1,16.6,-10.75,1995.0,47.02,3,3,2014,0
2014-03-20,台中市,SE6 青蔥 粉蔥 ,16.9,14.4,11.2,13.9,-16.27,2020.0,1.25,3,4,2014,0
2014-03-21,台中市,SE6 青蔥 粉蔥 ,16.8,14.4,10.2,13.5,-2.88,1871.0,-7.38,3,5,2014,0
2014-03-22,台中市,SE6 青蔥 粉蔥 ,17.6,16.4,13.5,15.4,14.07,1771.0,-5.34,3,6,2014,0
2014-03-23,台中市,SE6 青蔥 粉蔥 ,19.2,16.9,13.0,15.8,2.6,1708.0,-3.56,3,7,2014,0
2014-03-24,台中市,SE6 青蔥 粉蔥 ,,,,,,,,3,1,2014,1
2014-03-25,台中市,SE6 青蔥 粉蔥 ,19.8,17.2,14.9,16.7,5.7,1516.0,-11.24,3,2,2014,0
2014-03-26,台中市,SE6 青蔥 粉蔥 ,20.7,18.4,14.8,17.7,5.99,1463.0,-3.5,3,3,2014,0
2014-03-27,台中市,SE6 青蔥 粉蔥 ,20.4,17.2,13.6,16.4,-7.34,1873.0,28.02,3,4,2014,0
2014-03-28,台中市,SE6 青蔥 粉蔥 ,17.2,14.1,12.0,14.1,-14.02,1942.0,3.68,3,5,2014,0
2014-03-29,台中市,SE6 青蔥 粉蔥 ,19.7,14.5,9.6,14.4,2.13,1857.0,-4.38,3,6,2014,0
2014-03-30,台中市,SE6 青蔥 粉蔥 ,20.4,17.5,14.3,16.5,14.58,1297.0,-30.16,3,7,2014,0
2014-03-31,台中市,SE6 青蔥 粉蔥 ,,,,,,,,3,1,2014,1
2014-04-01,台中市,SE6 青蔥 粉蔥 ,17.9,15.0,11.1,14.6,-11.52,2137.0,64.76,4,2,2014,0
2014-04-02,台中市,SE6 青蔥 粉蔥 ,17.3,11.7,9.0,12.1,-17.12,2302.0,7.72,4,3,2014,0
2014-04-03,台中市,SE6 青蔥 粉蔥 ,18.6,13.9,10.9,14.2,17.36,1337.0,-41.92,4,4,2014,0
2014-04-04,台中市,SE6 青蔥 粉蔥 ,22.7,17.4,13.7,17.8,25.35,1462.0,9.35,4,5,2014,0
2014-04-05,台中市,SE6 青蔥 粉蔥 ,,,,,,,,4,6,2014,1
2014-04-06,台中市,SE6 青蔥 粉蔥 ,,,,,,,,4,7,2014,1
2014-04-07,台中市,SE6 青蔥 粉蔥 ,,,,,,,,4,1,2014,1
2014-04-08,台中市,SE6 青蔥 粉蔥 ,30.6,24.7,19.4,24.5,37.64,1267.0,-13.34,4,2,2014,0
2014-04-09,台中市,SE6 青蔥 粉蔥 ,27.2,21.7,16.4,20.8,-15.1,1871.0,47.67,4,3,2014,0
2014-04-10,台中市,SE6 青蔥 粉蔥 ,24.1,19.0,12.5,17.4,-16.35,2019.0,7.91,4,4,2014,0
2014-04-11,台中市,SE6 青蔥 粉蔥 ,30.0,22.2,13.8,20.7,18.97,1320.0,-34.62,4,5,2014,0
2014-04-12,台中市,SE6 青蔥 粉蔥 ,30.4,20.9,15.6,20.4,-1.45,1551.0,17.5,4,6,2014,0
2014-04-13,台中市,SE6 青蔥 粉蔥 ,27.4,17.4,11.8,16.6,-18.63,1213.0,-21.79,4,7,2014,0
2014-04-14,台中市,SE6 青蔥 粉蔥 ,,,,,,,,4,1,2014,1
2014-04-15,台中市,SE6 青蔥 粉蔥 ,21.5,17.9,12.7,16.5,-0.6,2053.0,69.25,4,2,2014,0
2014-04-16,台中市,SE6 青蔥 粉蔥 ,25.0,17.7,12.8,17.1,3.64,1284.0,-37.46,4,3,2014,0
2014-04-17,台中市,SE6 青蔥 粉蔥 ,19.8,14.8,7.8,14.5,-15.2,1650.0,28.5,4,4,2014,0
2014-04-18,台中市,SE6 青蔥 粉蔥 ,22.2,18.2,8.2,16.2,11.72,1378.0,-16.48,4,5,2014,0
2014-04-19,台中市,SE6 青蔥 粉蔥 ,27.7,17.4,12.6,17.8,9.88,1399.0,1.52,4,6,2014,0
2014-04-20,台中市,SE6 青蔥 粉蔥 ,31.6,19.7,12.6,18.6,4.49,1334.0,-4.65,4,7,2014,0
2014-04-21,台中市,SE6 青蔥 粉蔥 ,,,,,,,,4,1,2014,1
2014-04-22,台中市,SE6 青蔥 粉蔥 ,24.4,21.4,11.9,19.1,2.69,1498.0,12.29,4,2,2014,0
2014-04-23,台中市,SE6 青蔥 粉蔥 ,20.3,18.2,14.8,18.1,-5.24,1511.0,0.87,4,3,2014,0
2014-04-24,台中市,SE6 青蔥 粉蔥 ,20.5,16.1,11.8,15.4,-14.92,1771.0,17.21,4,4,2014,0
2014-04-25,台中市,SE6 青蔥 粉蔥 ,22.2,15.1,11.1,14.8,-3.9,1621.0,-8.47,4,5,2014,0
2014-04-26,台中市,SE6 青蔥 粉蔥 ,18.0,13.7,11.2,13.8,-6.76,1587.0,-2.1,4,6,2014,0
2014-04-27,台中市,SE6 青蔥 粉蔥 ,19.0,15.3,13.8,15.9,15.22,1032.0,-34.97,4,7,2014,0
2014-04-28,台中市,SE6 青蔥 粉蔥 ,,,,,,,,4,1,2014,1
2014-04-29,台中市,SE6 青蔥 粉蔥 ,20.7,19.0,16.3,18.5,16.35,1260.0,22.09,4,2,2014,0
2014-04-30,台中市,SE6 青蔥 粉蔥 ,19.3,17.1,12.8,16.6,-10.27,1688.0,33.97,4,3,2014,0
2014-05-01,台中市,SE6 青蔥 粉蔥 ,20.1,16.9,12.9,16.3,-1.81,1520.0,-9.95,5,4,2014,0
2014-05-02,台中市,SE6 青蔥 粉蔥 ,22.8,18.1,14.1,17.9,9.82,1312.0,-13.68,5,5,2014,0
2014-05-03,台中市,SE6 青蔥 粉蔥 ,21.3,18.2,12.9,17.4,-2.79,1552.0,18.29,5,6,2014,0
2014-05-04,台中市,SE6 青蔥 粉蔥 ,20.2,18.2,13.9,17.5,0.57,1536.0,-1.03,5,7,2014,0
2014-05-05,台中市,SE6 青蔥 粉蔥 ,,,,,,,,5,1,2014,1
2014-05-06,台中市,SE6 青蔥 粉蔥 ,24.2,22.8,17.2,21.7,24.0,1291.0,-15.95,5,2,2014,0
2014-05-07,台中市,SE6 青蔥 粉蔥 ,26.8,23.5,20.3,23.2,6.91,1435.0,11.15,5,3,2014,0
2014-05-08,台中市,SE6 青蔥 粉蔥 ,21.6,11.4,6.8,12.5,-46.12,5456.0,280.21,5,4,2014,0
2014-05-09,台中市,SE6 青蔥 粉蔥 ,21.2,12.0,4.6,10.7,-14.4,1493.0,-72.64,5,5,2014,0
2014-05-10,台中市,SE6 青蔥 粉蔥 ,23.0,17.9,14.2,17.1,59.81,1823.0,22.1,5,6,2014,0
2014-05-11,台中市,SE6 青蔥 粉蔥 ,25.7,18.9,13.3,18.2,6.43,1978.0,8.5,5,7,2014,0
2014-05-12,台中市,SE6 青蔥 粉蔥 ,,,,,,,,5,1,2014,1
2014-05-13,台中市,SE6 青蔥 粉蔥 ,27.0,24.0,16.6,23.2,27.47,914.0,-53.79,5,2,2014,0
2014-05-14,台中市,SE6 青蔥 粉蔥 ,29.0,25.9,17.5,23.9,3.02,699.0,-23.52,5,3,2014,0
2014-05-15,台中市,SE6 青蔥 粉蔥 ,36.4,28.9,19.2,26.2,9.62,860.0,23.03,5,4,2014,0
2014-05-16,台中市,SE6 青蔥 粉蔥 ,30.1,22.3,17.6,22.8,-12.98,1444.0,67.91,5,5,2014,0
2014-05-17,台中市,SE6 青蔥 粉蔥 ,29.8,20.3,12.9,19.4,-14.91,1639.0,13.5,5,6,2014,0
2014-05-18,台中市,SE6 青蔥 粉蔥 ,27.0,17.6,11.0,16.4,-15.46,1832.0,11.78,5,7,2014,0
2014-05-19,台中市,SE6 青蔥 粉蔥 ,,,,,,,,5,1,2014,1
2014-05-20,台中市,SE6 青蔥 粉蔥 ,30.9,26.2,20.3,25.0,52.44,1909.0,4.2,5,2,2014,0
2014-05-21,台中市,SE6 青蔥 粉蔥 ,26.2,17.3,12.3,17.5,-30.0,1966.0,2.99,5,3,2014,0
2014-05-22,台中市,SE6 青蔥 粉蔥 ,26.4,22.1,14.3,21.0,20.0,1502.0,-23.6,5,4,2014,0
2014-05-23,台中市,SE6 青蔥 粉蔥 ,25.2,21.1,13.8,19.7,-6.19,1920.0,27.83,5,5,2014,0
2014-05-24,台中市,SE6 青蔥 粉蔥 ,27.4,21.6,15.5,20.9,6.09,1252.0,-34.79,5,6,2014,0
2014-05-25,台中市,SE6 青蔥 粉蔥 ,25.4,20.6,16.3,20.8,-0.48,2250.0,79.71,5,7,2014,0
2014-05-26,台中市,SE6 青蔥 粉蔥 ,,,,,,,,5,1,2014,1
2014-05-27,台中市,SE6 青蔥 粉蔥 ,29.6,26.2,23.4,25.9,24.52,1352.0,-39.91,5,2,2014,0
2014-05-28,台中市,SE6 青蔥 粉蔥 ,28.3,24.6,17.2,23.2,-10.42,1589.0,17.53,5,3,2014,0
2014-05-29,台中市,SE6 青蔥 粉蔥 ,28.7,22.8,14.3,21.6,-6.9,1795.0,12.96,5,4,2014,0
2014-05-30,台中市,SE6 青蔥 粉蔥 ,26.7,22.1,16.4,21.4,-0.93,1901.0,5.91,5,5,2014,0
2014-05-31,台中市,SE6 青蔥 粉蔥 ,26.5,16.2,10.5,17.0,-20.56,1711.0,-9.99,5,6,2014,0
2014-06-01,台中市,SE6 青蔥 粉蔥 ,24.0,16.1,10.9,16.5,-2.94,1816.0,6.14,6,7,2014,0
2014-06-02,台中市,SE6 青蔥 粉蔥 ,27.2,22.7,10.5,19.7,19.39,1051.0,-42.13,6,1,2014,0
2014-06-03,台中市,SE6 青蔥 粉蔥 ,,,,,,,,6,2,2014,1
2014-06-04,台中市,SE6 青蔥 粉蔥 ,,,,,,,,6,3,2014,1
2014-06-05,台中市,SE6 青蔥 粉蔥 ,30.4,28.6,22.3,26.5,34.52,1138.0,8.28,6,4,2014,0
2014-06-06,台中市,SE6 青蔥 粉蔥 ,28.2,25.2,15.4,23.3,-12.08,2001.0,75.83,6,5,2014,0
2014-06-07,台中市,SE6 青蔥 粉蔥 ,26.8,22.8,17.2,21.7,-6.87,1844.0,-7.85,6,6,2014,0
2014-06-08,台中市,SE6 青蔥 粉蔥 ,28.3,25.7,22.8,25.2,16.13,1283.0,-30.42,6,7,2014,0
2014-06-09,台中市,SE6 青蔥 粉蔥 ,,,,,,,,6,1,2014,1
2014-06-10,台中市,SE6 青蔥 粉蔥 ,28.9,25.2,14.4,24.0,-4.76,2241.0,74.67,6,2,2014,0
2014-06-11,台中市,SE6 青蔥 粉蔥 ,30.8,25.0,12.2,23.4,-2.5,1729.0,-22.85,6,3,2014,0
2014-06-12,台中市,SE6 青蔥 粉蔥 ,29.3,24.4,14.2,23.0,-1.71,2175.0,25.8,6,4,2014,0
2014-06-13,台中市,SE6 青蔥 粉蔥 ,27.5,21.4,14.5,20.6,-10.43,2358.0,8.41,6,5,2014,0
2014-06-14,台中市,SE6 青蔥 粉蔥 ,26.8,21.0,15.8,20.8,0.97,1849.0,-21.59,6,6,2014,0
2014-06-15,台中市,SE6 青蔥 粉蔥 ,28.5,24.8,15.5,23.0,10.58,1422.0,-23.09,6,7,2014,0
2014-06-16,台中市,SE6 青蔥 粉蔥 ,,,,,,,,6,1,2014,1
2014-06-17,台中市,SE6 青蔥 粉蔥 ,24.9,22.1,19.6,21.6,-6.09,1898.0,33.47,6,2,2014,0
2014-06-18,台中市,SE6 青蔥 粉蔥 ,26.3,24.8,18.7,22.7,5.09,1144.0,-39.73,6,3,2014,0
2014-06-19,台中市,SE6 青蔥 粉蔥 ,25.7,23.3,19.8,22.5,-0.88,1563.0,36.63,6,4,2014,0
2014-06-20,台中市,SE6 青蔥 粉蔥 ,25.2,21.9,17.4,21.1,-6.22,1945.0,24.44,6,5,2014,0
2014-06-21,台中市,SE6 青蔥 粉蔥 ,26.7,21.4,17.6,21.2,0.47,1684.0,-13.42,6,6,2014,0
2014-06-22,台中市,SE6 青蔥 粉蔥 ,28.3,23.2,18.4,22.7,7.08,1616.0,-4.04,6,7,2014,0
2014-06-23,台中市,SE6 青蔥 粉蔥 ,,,,,,,,6,1,2014,1
2014-06-24,台中市,SE6 青蔥 粉蔥 ,32.2,27.3,22.2,26.4,16.3,1337.0,-17.26,6,2,2014,0
2014-06-25,台中市,SE6 青蔥 粉蔥 ,29.0,26.6,17.6,24.0,-9.09,1507.0,12.72,6,3,2014,0
2014-06-26,台中市,SE6 青蔥 粉蔥 ,31.6,27.8,21.1,25.7,7.08,1170.0,-22.36,6,4,2014,0
2014-06-27,台中市,SE6 青蔥 粉蔥 ,32.6,28.4,22.8,27.3,6.23,1048.0,-10.43,6,5,2014,0
2014-06-28,台中市,SE6 青蔥 粉蔥 ,33.0,29.6,21.6,27.7,1.47,773.0,-26.24,6,6,2014,0
2014-06-29,台中市,SE6 青蔥 粉蔥 ,31.4,30.5,21.8,26.8,-3.25,914.0,18.24,6,7,2014,0
2014-06-30,台中市,SE6 青蔥 粉蔥 ,,,,,,,,6,1,2014,1
2014-07-01,台中市,SE6 青蔥 粉蔥 ,28.9,23.9,18.0,22.5,-16.04,1989.0,117.61,7,2,2014,0
2014-07-02,台中市,SE6 青蔥 粉蔥 ,30.0,23.8,18.0,23.0,2.22,1956.0,-1.66,7,3,2014,0
2014-07-03,台中市,SE6 青蔥 粉蔥 ,25.5,21.0,16.2,20.7,-10.0,1983.0,1.38,7,4,2014,0
2014-07-04,台中市,SE6 青蔥 粉蔥 ,26.2,22.0,17.4,21.8,5.31,1618.0,-18.41,7,5,2014,0
2014-07-05,台中市,SE6 青蔥 粉蔥 ,28.7,25.4,18.2,23.8,9.17,833.0,-48.52,7,6,2014,0
2014-07-06,台中市,SE6 青蔥 粉蔥 ,29.0,27.2,20.6,24.8,4.2,660.0,-20.77,7,7,2014,0
2014-07-07,台中市,SE6 青蔥 粉蔥 ,,,,,,,,7,1,2014,1
2014-07-08,台中市,SE6 青蔥 粉蔥 ,28.6,25.6,19.3,24.4,-1.61,2245.0,240.15,7,2,2014,0
2014-07-09,台中市,SE6 青蔥 粉蔥 ,28.8,25.4,19.9,24.2,-0.82,2097.0,-6.59,7,3,2014,0
2014-07-10,台中市,SE6 青蔥 粉蔥 ,28.6,27.4,20.6,25.2,4.13,1532.0,-26.94,7,4,2014,0
2014-07-11,台中市,SE6 青蔥 粉蔥 ,28.9,26.0,20.4,25.0,-0.79,1435.0,-6.33,7,5,2014,0
2014-07-12,台中市,SE6 青蔥 粉蔥 ,26.7,25.2,19.6,24.0,-4.0,1779.0,23.97,7,6,2014,0
2014-07-13,台中市,SE6 青蔥 粉蔥 ,26.8,25.2,22.1,24.6,2.5,1061.0,-40.36,7,7,2014,0
2014-07-14,台中市,SE6 青蔥 粉蔥 ,,,,,,,,7,1,2014,1
2014-07-15,台中市,SE6 青蔥 粉蔥 ,34.2,28.4,24.0,28.7,16.67,1025.0,-3.39,7,2,2014,0
2014-07-16,台中市,SE6 青蔥 粉蔥 ,37.4,33.3,24.0,32.2,12.2,660.0,-35.61,7,3,2014,0
2014-07-17,台中市,SE6 青蔥 粉蔥 ,34.2,29.8,24.0,29.7,-7.76,1630.0,146.97,7,4,2014,0
2014-07-18,台中市,SE6 青蔥 粉蔥 ,34.8,28.3,21.0,27.3,-8.08,2185.0,34.05,7,5,2014,0
2014-07-19,台中市,SE6 青蔥 粉蔥 ,35.4,27.4,22.8,27.8,1.83,1748.0,-20.0,7,6,2014,0
2014-07-20,台中市,SE6 青蔥 粉蔥 ,37.8,27.2,22.4,27.9,0.36,1275.0,-27.06,7,7,2014,0
2014-07-21,台中市,SE6 青蔥 粉蔥 ,,,,,,,,7,1,2014,1
2014-07-22,台中市,SE6 青蔥 粉蔥 ,46.4,37.8,29.0,37.4,34.05,1134.0,-11.06,7,2,2014,0
2014-07-23,台中市,SE6 青蔥 粉蔥 ,52.0,42.3,34.5,43.2,15.51,290.0,-74.43,7,3,2014,0
2014-07-24,台中市,SE6 青蔥 粉蔥 ,48.2,37.2,25.6,37.7,-12.73,739.0,154.83,7,4,2014,0
2014-07-25,台中市,SE6 青蔥 粉蔥 ,47.0,38.0,31.3,37.5,-0.53,465.0,-37.08,7,5,2014,0
2014-07-26,台中市,SE6 青蔥 粉蔥 ,35.1,26.0,18.6,26.4,-29.6,1560.0,235.48,7,6,2014,0
2014-07-27,台中市,SE6 青蔥 粉蔥 ,30.7,19.6,11.1,20.9,-20.83,1410.0,-9.62,7,7,2014,0
2014-07-28,台中市,SE6 青蔥 粉蔥 ,,,,,,,,7,1,2014,1
2014-07-29,台中市,SE6 青蔥 粉蔥 ,31.4,21.7,12.0,21.9,4.78,1685.0,19.5,7,2,2014,0
2014-07-30,台中市,SE6 青蔥 粉蔥 ,36.1,21.9,13.9,22.4,2.28,1394.0,-17.27,7,3,2014,0
2014-07-31,台中市,SE6 青蔥 粉蔥 ,36.7,24.2,16.3,24.9,11.16,1015.0,-27.19,7,4,2014,0
2014-08-01,台中市,SE6 青蔥 粉蔥 ,37.5,31.4,27.8,32.0,28.51,739.0,-27.19,8,5,2014,0
2014-08-02,台中市,SE6 青蔥 粉蔥 ,36.0,30.6,22.3,29.8,-6.87,965.0,30.58,8,6,2014,0
2014-08-03,台中市,SE6 青蔥 粉蔥 ,38.6,29.6,22.7,28.4,-4.7,1124.0,16.48,8,7,2014,0
2014-08-04,台中市,SE6 青蔥 粉蔥 ,,,,,,,,8,1,2014,1
2014-08-05,台中市,SE6 青蔥 粉蔥 ,43.0,34.3,31.3,34.8,22.54,522.0,-53.56,8,2,2014,0
2014-08-06,台中市,SE6 青蔥 粉蔥 ,47.2,38.1,31.4,38.6,10.92,809.0,54.98,8,3,2014,0
2014-08-07,台中市,SE6 青蔥 粉蔥 ,46.4,36.5,30.8,36.4,-5.7,1185.0,46.48,8,4,2014,0
2014-08-08,台中市,SE6 青蔥 粉蔥 ,39.5,35.0,25.0,32.7,-10.16,1060.0,-10.55,8,5,2014,0
2014-08-09,台中市,SE6 青蔥 粉蔥 ,46.3,36.4,29.0,36.4,11.31,901.0,-15.0,8,6,2014,0
2014-08-10,台中市,SE6 青蔥 粉蔥 ,39.3,32.6,26.4,32.7,-10.16,1217.0,35.07,8,7,2014,0
2014-08-11,台中市,SE6 青蔥 粉蔥 ,,,,,,,,8,1,2014,1
2014-08-12,台中市,SE6 青蔥 粉蔥 ,,,,,,,,8,2,2014,1
2014-08-13,台中市,SE6 青蔥 粉蔥 ,51.0,39.6,30.5,38.6,18.04,209.0,-82.83,8,3,2014,0
2014-08-14,台中市,SE6 青蔥 粉蔥 ,46.2,39.4,29.2,37.7,-2.33,689.0,229.67,8,4,2014,0
2014-08-15,台中市,SE6 青蔥 粉蔥 ,41.0,34.7,22.8,31.3,-16.98,558.0,-19.01,8,5,2014,0
2014-08-16,台中市,SE6 青蔥 粉蔥 ,41.4,35.3,23.6,32.9,5.11,669.0,19.89,8,6,2014,0
2014-08-17,台中市,SE6 青蔥 粉蔥 ,50.0,34.2,21.5,31.2,-5.17,300.0,-55.16,8,7,2014,0
2014-08-18,台中市,SE6 青蔥 粉蔥 ,,,,,,,,8,1,2014,1
2014-08-19,台中市,SE6 青蔥 粉蔥 ,49.3,28.2,15.0,28.0,-10.26,539.0,79.67,8,2,2014,0
2014-08-20,台中市,SE6 青蔥 粉蔥 ,53.0,31.0,27.0,35.7,27.5,102.0,-81.08,8,3,2014,0
2014-08-21,台中市,SE6 青蔥 粉蔥 ,56.5,31.0,30.5,40.8,14.29,162.0,58.82,8,4,2014,0
2014-08-22,台中市,SE6 青蔥 粉蔥 ,56.5,55.0,36.5,50.1,22.79,138.0,-14.81,8,5,2014,0
2014-08-23,台中市,SE6 青蔥 粉蔥 ,59.2,51.2,40.2,49.5,-1.2,568.0,311.59,8,6,2014,0
2014-08-24,台中市,SE6 青蔥 粉蔥 ,60.0,60.0,60.0,60.0,21.21,60.0,-89.44,8,7,2014,0
2014-08-25,台中市,SE6 青蔥 粉蔥 ,,,,,,,,8,1,2014,1
2014-08-26,台中市,SE6 青蔥 粉蔥 ,60.5,56.8,46.8,54.2,-9.67,357.0,495.0,8,2,2014,0
2014-08-27,台中市,SE6 青蔥 粉蔥 ,64.0,55.4,47.3,56.4,4.06,329.0,-7.84,8,3,2014,0
2014-08-28,台中市,SE6 青蔥 粉蔥 ,65.0,61.4,42.3,59.3,5.14,308.0,-6.38,8,4,2014,0
2014-08-29,台中市,SE6 青蔥 粉蔥 ,61.5,60.7,60.0,60.7,2.36,213.0,-30.84,8,5,2014,0
2014-08-30,台中市,SE6 青蔥 粉蔥 ,62.0,61.8,52.5,58.4,-3.79,306.0,43.66,8,6,2014,0
2014-08-31,台中市,SE6 青蔥 粉蔥 ,45.0,40.0,38.0,40.8,-30.14,80.0,-73.86,8,7,2014,0
2014-09-01,台中市,SE6 青蔥 粉蔥 ,,,,,,,,9,1,2014,1
2014-09-02,台中市,SE6 青蔥 粉蔥 ,62.1,51.4,29.5,47.2,15.69,1123.0,1303.75,9,2,2014,0
2014-09-03,台中市,SE6 青蔥 粉蔥 ,57.3,44.1,28.8,43.2,-8.47,830.0,-26.09,9,3,2014,0
2014-09-04,台中市,SE6 青蔥 粉蔥 ,61.2,51.2,37.0,49.6,14.81,516.0,-37.83,9,4,2014,0
2014-09-05,台中市,SE6 青蔥 粉蔥 ,58.2,54.1,32.5,46.4,-6.45,674.0,30.62,9,5,2014,0
2014-09-06,台中市,SE6 青蔥 粉蔥 ,57.5,55.2,28.2,47.7,2.8,784.0,16.32,9,6,2014,0
2014-09-07,台中市,SE6 青蔥 粉蔥 ,56.2,47.9,32.0,45.0,-5.66,839.0,7.02,9,7,2014,0
2014-09-08,台中市,SE6 青蔥 粉蔥 ,63.7,59.6,42.0,54.8,21.78,363.0,-56.73,9,1,2014,0
2014-09-09,台中市,SE6 青蔥 粉蔥 ,,,,,,,,9,2,2014,1
2014-09-10,台中市,SE6 青蔥 粉蔥 ,,,,,,,,9,3,2014,1
2014-09-11,台中市,SE6 青蔥 粉蔥 ,66.8,48.9,10.5,44.2,-19.34,540.0,48.76,9,4,2014,0
2014-09-12,台中市,SE6 青蔥 粉蔥 ,65.2,61.0,46.2,57.4,29.86,676.0,25.19,9,5,2014,0
2014-09-13,台中市,SE6 青蔥 粉蔥 ,60.2,53.4,35.0,48.8,-14.98,895.0,32.4,9,6,2014,0
2014-09-14,台中市,SE6 青蔥 粉蔥 ,65.8,57.8,39.2,55.5,13.73,592.0,-33.85,9,7,2014,0
2014-09-15,台中市,SE6 青蔥 粉蔥 ,,,,,,,,9,1,2014,1
2014-09-16,台中市,SE6 青蔥 粉蔥 ,63.8,60.1,39.0,59.8,7.75,374.0,-36.82,9,2,2014,0
2014-09-17,台中市,SE6 青蔥 粉蔥 ,64.0,60.0,41.0,54.0,-9.7,177.0,-52.67,9,3,2014,0
2014-09-18,台中市,SE6 青蔥 粉蔥 ,62.2,54.8,36.0,53.1,-1.67,533.0,201.13,9,4,2014,0
2014-09-19,台中市,SE6 青蔥 粉蔥 ,60.2,51.0,40.2,50.1,-5.65,479.0,-10.13,9,5,2014,0
2014-09-20,台中市,SE6 青蔥 粉蔥 ,64.0,56.5,47.0,54.5,8.78,552.0,15.24,9,6,2014,0
2014-09-21,台中市,SE6 青蔥 粉蔥 ,73.7,69.0,57.0,65.6,20.37,331.0,-40.04,9,7,2014,0
2014-09-22,台中市,SE6 青蔥 粉蔥 ,,,,,,,,9,1,2014,1
2014-09-23,台中市,SE6 青蔥 粉蔥 ,72.0,70.0,52.0,66.5,1.37,80.0,-75.83,9,2,2014,0
2014-09-24,台中市,SE6 青蔥 粉蔥 ,,,,,,,,9,3,2014,1
2014-09-25,台中市,SE6 青蔥 粉蔥 ,73.5,51.5,50.0,60.2,-9.47,139.0,73.75,9,4,2014,0
2014-09-26,台中市,SE6 青蔥 粉蔥 ,62.5,53.9,40.0,53.3,-11.46,545.0,292.09,9,5,2014,0
2014-09-27,台中市,SE6 青蔥 粉蔥 ,68.3,54.1,32.0,54.6,2.44,395.0,-27.52,9,6,2014,0
2014-09-28,台中市,SE6 青蔥 粉蔥 ,67.5,57.0,45.0,53.7,-1.65,295.0,-25.32,9,7,2014,0
2014-09-29,台中市,SE6 青蔥 粉蔥 ,,,,,,,,9,1,2014,1
2014-09-30,台中市,SE6 青蔥 粉蔥 ,71.3,66.0,46.0,54.6,1.68,419.0,42.03,9,2,2014,0
2014-10-01,台中市,SE6 青蔥 粉蔥 ,74.0,66.3,53.5,65.8,20.51,236.0,-43.68,10,3,2014,0
2014-10-02,台中市,SE6 青蔥 粉蔥 ,74.0,60.4,37.0,53.5,-18.69,403.0,70.76,10,4,2014,0
2014-10-03,台中市,SE6 青蔥 粉蔥 ,66.7,54.0,40.0,57.2,6.92,287.0,-28.78,10,5,2014,0
2014-10-04,台中市,SE6 青蔥 粉蔥 ,70.0,65.0,46.0,61.2,6.99,228.0,-20.56,10,6,2014,0
2014-10-05,台中市,SE6 青蔥 粉蔥 ,72.0,68.5,45.0,57.8,-5.56,348.0,52.63,10,7,2014,0
2014-10-06,台中市,SE6 青蔥 粉蔥 ,,,,,,,,10,1,2014,1
2014-10-07,台中市,SE6 青蔥 粉蔥 ,70.3,63.7,48.3,59.0,2.08,502.0,44.25,10,2,2014,0
2014-10-08,台中市,SE6 青蔥 粉蔥 ,64.3,56.1,50.8,57.3,-2.88,762.0,51.79,10,3,2014,0
2014-10-09,台中市,SE6 青蔥 粉蔥 ,59.4,52.1,45.0,52.9,-7.68,742.0,-2.62,10,4,2014,0
2014-10-10,台中市,SE6 青蔥 粉蔥 ,56.4,48.7,40.2,47.2,-10.78,781.0,5.26,10,5,2014,0
2014-10-11,台中市,SE6 青蔥 粉蔥 ,55.0,50.4,40.2,49.7,5.3,711.0,-8.96,10,6,2014,0
2014-10-12,台中市,SE6 青蔥 粉蔥 ,64.2,55.8,42.4,52.8,6.24,763.0,7.31,10,7,2014,0
2014-10-13,台中市,SE6 青蔥 粉蔥 ,,,,,,,,10,1,2014,1
2014-10-14,台中市,SE6 青蔥 粉蔥 ,57.4,54.3,39.7,51.8,-1.89,1029.0,34.86,10,2,2014,0
2014-10-15,台中市,SE6 青蔥 粉蔥 ,61.2,58.9,55.2,58.6,13.13,484.0,-52.96,10,3,2014,0
2014-10-16,台中市,SE6 青蔥 粉蔥 ,66.0,60.6,51.2,57.1,-2.56,547.0,13.02,10,4,2014,0
2014-10-17,台中市,SE6 青蔥 粉蔥 ,67.3,65.9,52.0,63.7,11.56,472.0,-13.71,10,5,2014,0
2014-10-18,台中市,SE6 青蔥 粉蔥 ,69.0,65.5,55.8,64.5,1.26,581.0,23.09,10,6,2014,0
2014-10-19,台中市,SE6 青蔥 粉蔥 ,72.0,58.8,39.5,53.4,-17.21,989.0,70.22,10,7,2014,0
2014-10-20,台中市,SE6 青蔥 粉蔥 ,,,,,,,,10,1,2014,1
2014-10-21,台中市,SE6 青蔥 粉蔥 ,70.0,67.0,56.0,65.0,21.72,181.0,-81.7,10,2,2014,0
2014-10-22,台中市,SE6 青蔥 粉蔥 ,60.0,55.2,47.5,53.1,-18.31,275.0,51.93,10,3,2014,0
2014-10-23,台中市,SE6 青蔥 粉蔥 ,65.2,54.6,44.2,49.8,-6.21,595.0,116.36,10,4,2014,0
2014-10-24,台中市,SE6 青蔥 粉蔥 ,62.0,47.2,31.2,45.4,-8.84,620.0,4.2,10,5,2014,0
2014-10-25,台中市,SE6 青蔥 粉蔥 ,58.4,46.3,30.8,43.4,-4.41,783.0,26.29,10,6,2014,0
2014-10-26,台中市,SE6 青蔥 粉蔥 ,66.5,57.3,30.5,53.8,23.96,180.0,-77.01,10,7,2014,0
2014-10-27,台中市,SE6 青蔥 粉蔥 ,,,,,,,,10,1,2014,1
2014-10-28,台中市,SE6 青蔥 粉蔥 ,63.5,51.0,30.0,45.4,-15.61,416.0,131.11,10,2,2014,0
2014-10-29,台中市,SE6 青蔥 粉蔥 ,61.0,52.7,45.3,52.3,15.2,284.0,-31.73,10,3,2014,0
2014-10-30,台中市,SE6 青蔥 粉蔥 ,61.7,51.0,42.7,48.2,-7.84,420.0,47.89,10,4,2014,0
2014-10-31,台中市,SE6 青蔥 粉蔥 ,58.8,44.7,38.8,46.2,-4.15,494.0,17.62,10,5,2014,0
2014-11-01,台中市,SE6 青蔥 粉蔥 ,52.0,40.2,10.0,30.2,-34.63,632.0,27.94,11,6,2014,0
2014-11-02,台中市,SE6 青蔥 粉蔥 ,47.0,32.4,27.7,34.7,14.9,540.0,-14.56,11,7,2014,0
2014-11-03,台中市,SE6 青蔥 粉蔥 ,,,,,,,,11,1,2014,1
2014-11-04,台中市,SE6 青蔥 粉蔥 ,52.6,40.8,16.0,33.4,-3.75,870.0,61.11,11,2,2014,0
2014-11-05,台中市,SE6 青蔥 粉蔥 ,53.0,46.0,31.0,43.8,31.14,554.0,-36.32,11,3,2014,0
2014-11-06,台中市,SE6 青蔥 粉蔥 ,56.8,47.2,32.0,45.1,2.97,550.0,-0.72,11,4,2014,0
2014-11-07,台中市,SE6 青蔥 粉蔥 ,63.0,53.6,41.7,54.6,21.06,355.0,-35.45,11,5,2014,0
2014-11-08,台中市,SE6 青蔥 粉蔥 ,65.0,50.0,36.2,48.9,-10.44,809.0,127.89,11,6,2014,0
2014-11-09,台中市,SE6 青蔥 粉蔥 ,61.5,42.8,32.2,42.8,-12.47,1014.0,25.34,11,7,2014,0
2014-11-10,台中市,SE6 青蔥 粉蔥 ,,,,,,,,11,1,2014,1
2014-11-11,台中市,SE6 青蔥 粉蔥 ,56.0,41.0,20.2,35.7,-16.59,1021.0,0.69,11,2,2014,0
2014-11-12,台中市,SE6 青蔥 粉蔥 ,56.6,43.5,22.8,37.0,3.64,763.0,-25.27,11,3,2014,0
2014-11-13,台中市,SE6 青蔥 粉蔥 ,54.8,49.6,22.0,42.5,14.86,1123.0,47.18,11,4,2014,0
2014-11-14,台中市,SE6 青蔥 粉蔥 ,52.8,49.6,36.2,48.0,12.94,1047.0,-6.77,11,5,2014,0
2014-11-15,台中市,SE6 青蔥 粉蔥 ,48.2,40.7,31.4,40.9,-14.79,1386.0,32.38,11,6,2014,0
2014-11-16,台中市,SE6 青蔥 粉蔥 ,46.6,38.5,30.0,38.3,-6.36,1325.0,-4.4,11,7,2014,0
2014-11-17,台中市,SE6 青蔥 粉蔥 ,,,,,,,,11,1,2014,1
2014-11-18,台中市,SE6 青蔥 粉蔥 ,42.8,35.2,32.4,37.9,-1.04,1027.0,-22.49,11,2,2014,0
2014-11-19,台中市,SE6 青蔥 粉蔥 ,49.3,37.5,32.5,38.6,1.85,838.0,-18.4,11,3,2014,0
2014-11-20,台中市,SE6 青蔥 粉蔥 ,47.6,42.7,35.0,41.4,7.25,1125.0,34.25,11,4,2014,0
2014-11-21,台中市,SE6 青蔥 粉蔥 ,51.6,48.8,41.7,47.9,15.7,1020.0,-9.33,11,5,2014,0
2014-11-22,台中市,SE6 青蔥 粉蔥 ,54.4,48.0,36.1,44.9,-6.26,1318.0,29.22,11,6,2014,0
2014-11-23,台中市,SE6 青蔥 粉蔥 ,49.7,40.3,25.1,38.2,-14.92,1096.0,-16.84,11,7,2014,0
2014-11-24,台中市,SE6 青蔥 粉蔥 ,,,,,,,,11,1,2014,1
2014-11-25,台中市,SE6 青蔥 粉蔥 ,48.3,46.4,26.6,39.8,4.19,1079.0,-1.55,11,2,2014,0
2014-11-26,台中市,SE6 青蔥 粉蔥 ,50.3,46.9,28.3,40.9,2.76,1089.0,0.93,11,3,2014,0
2014-11-27,台中市,SE6 青蔥 粉蔥 ,43.6,38.2,16.2,32.7,-20.05,1231.0,13.04,11,4,2014,0
2014-11-28,台中市,SE6 青蔥 粉蔥 ,42.2,36.2,11.9,30.2,-7.65,1343.0,9.1,11,5,2014,0
2014-11-29,台中市,SE6 青蔥 粉蔥 ,43.4,33.9,23.4,32.8,8.61,955.0,-28.89,11,6,2014,0
2014-11-30,台中市,SE6 青蔥 粉蔥 ,40.6,30.5,12.0,26.2,-20.12,1187.0,24.29,11,7,2014,0
2014-12-01,台中市,SE6 青蔥 粉蔥 ,,,,,,,,12,1,2014,1
2014-12-02,台中市,SE6 青蔥 粉蔥 ,41.6,35.2,18.3,32.2,22.9,1160.0,-2.27,12,2,2014,0
2014-12-03,台中市,SE6 青蔥 粉蔥 ,38.3,34.2,26.3,33.5,4.04,1021.0,-11.98,12,3,2014,0
2014-12-04,台中市,SE6 青蔥 粉蔥 ,38.6,31.1,24.1,30.9,-7.76,886.0,-13.22,12,4,2014,0
2014-12-05,台中市,SE6 青蔥 粉蔥 ,44.2,39.8,29.8,38.5,24.6,733.0,-17.27,12,5,2014,0
2014-12-06,台中市,SE6 青蔥 粉蔥 ,47.5,44.6,37.5,43.2,12.21,586.0,-20.05,12,6,2014,0
2014-12-07,台中市,SE6 青蔥 粉蔥 ,42.9,40.0,31.5,38.3,-11.34,1182.0,101.71,12,7,2014,0
2014-12-08,台中市,SE6 青蔥 粉蔥 ,,,,,,,,12,1,2014,1
2014-12-09,台中市,SE6 青蔥 粉蔥 ,50.2,46.2,32.8,43.7,14.1,818.0,-30.8,12,2,2014,0
2014-12-10,台中市,SE6 青蔥 粉蔥 ,49.4,41.0,30.0,40.7,-6.86,807.0,-1.34,12,3,2014,0
2014-12-11,台中市,SE6 青蔥 粉蔥 ,45.5,37.4,26.1,37.8,-7.13,1319.0,63.44,12,4,2014,0
2014-12-12,台中市,SE6 青蔥 粉蔥 ,37.2,29.6,25.0,31.3,-17.2,2065.0,56.56,12,5,2014,0
2014-12-13,台中市,SE6 青蔥 粉蔥 ,35.2,26.4,20.6,28.0,-10.54,2091.0,1.26,12,6,2014,0
2014-12-14,台中市,SE6 青蔥 粉蔥 ,35.1,28.4,21.0,28.9,3.21,1393.0,-33.38,12,7,2014,0
2014-12-15,台中市,SE6 青蔥 粉蔥 ,,,,,,,,12,1,2014,1
2014-12-16,台中市,SE6 青蔥 粉蔥 ,40.8,38.4,29.5,37.2,28.72,1074.0,-22.9,12,2,2014,0
2014-12-17,台中市,SE6 青蔥 粉蔥 ,49.5,40.9,25.5,39.5,6.18,1200.0,11.73,12,3,2014,0
2014-12-18,台中市,SE6 青蔥 粉蔥 ,39.0,37.0,31.4,36.5,-7.59,1507.0,25.58,12,4,2014,0
2014-12-19,台中市,SE6 青蔥 粉蔥 ,36.0,33.0,26.6,31.3,-14.25,2058.0,36.56,12,5,2014,0
2014-12-20,台中市,SE6 青蔥 粉蔥 ,33.8,28.3,21.5,27.9,-10.86,2289.0,11.22,12,6,2014,0
2014-12-21,台中市,SE6 青蔥 粉蔥 ,35.1,30.4,22.7,30.2,8.24,1513.0,-33.9,12,7,2014,0
2014-12-22,台中市,SE6 青蔥 粉蔥 ,,,,,,,,12,1,2014,1
2014-12-23,台中市,SE6 青蔥 粉蔥 ,35.7,33.2,26.8,33.1,9.6,1522.0,0.59,12,2,2014,0
2014-12-24,台中市,SE6 青蔥 粉蔥 ,35.0,29.7,23.1,29.2,-11.78,2077.0,36.47,12,3,2014,0
2014-12-25,台中市,SE6 青蔥 粉蔥 ,26.6,22.8,17.6,21.6,-26.03,2581.0,24.27,12,4,2014,0
2014-12-26,台中市,SE6 青蔥 粉蔥 ,29.9,25.1,19.6,24.6,13.89,1510.0,-41.5,12,5,2014,0
2014-12-27,台中市,SE6 青蔥 粉蔥 ,36.0,33.0,22.5,31.9,29.67,727.0,-51.85,12,6,2014,0
2014-12-28,台中市,SE6 青蔥 粉蔥 ,33.5,31.4,22.5,30.0,-5.96,1182.0,62.59,12,7,2014,0
2014-12-29,台中市,SE6 青蔥 粉蔥 ,,,,,,,,12,1,2014,1
2014-12-30,台中市,SE6 青蔥 粉蔥 ,27.0,23.9,18.5,22.7,-24.33,3012.0,154.82,12,2,2014,0
2014-12-31,台中市,SE6 青蔥 粉蔥 ,26.3,22.2,17.3,21.3,-6.17,1704.0,-43.43,12,3,2014,0
2015-01-01,台中市,SE6 青蔥 粉蔥 ,27.1,19.1,9.0,18.5,-13.15,1976.0,15.96,1,4,2015,0
2015-01-02,台中市,SE6 青蔥 粉蔥 ,26.4,23.4,17.0,22.6,22.16,1303.0,-34.06,1,5,2015,0
2015-01-03,台中市,SE6 青蔥 粉蔥 ,34.2,25.7,22.3,26.7,18.14,874.0,-32.92,1,6,2015,0
2015-01-04,台中市,SE6 青蔥 粉蔥 ,35.0,24.3,20.2,26.0,-2.62,1407.0,60.98,1,7,2015,0
2015-01-05,台中市,SE6 青蔥 粉蔥 ,,,,,,,,1,1,2015,1
2015-01-06,台中市,SE6 青蔥 粉蔥 ,29.9,26.3,23.2,26.0,0.0,2059.0,46.34,1,2,2015,0
2015-01-07,台中市,SE6 青蔥 粉蔥 ,29.3,26.1,17.8,23.3,-10.38,2051.0,-0.39,1,3,2015,0
2015-01-08,台中市,SE6 青蔥 粉蔥 ,28.2,24.0,16.4,22.6,-3.0,1752.0,-14.58,1,4,2015,0
2015-01-09,台中市,SE6 青蔥 粉蔥 ,28.3,23.7,18.7,23.0,1.77,1124.0,-35.84,1,5,2015,0
2015-01-10,台中市,SE6 青蔥 粉蔥 ,26.7,23.9,16.6,23.2,0.87,1795.0,59.7,1,6,2015,0
2015-01-11,台中市,SE6 青蔥 粉蔥 ,23.2,21.1,16.4,20.4,-12.07,2132.0,18.77,1,7,2015,0
2015-01-12,台中市,SE6 青蔥 粉蔥 ,,,,,,,,1,1,2015,1
2015-01-13,台中市,SE6 青蔥 粉蔥 ,24.5,20.4,16.5,20.0,-1.96,2146.0,0.66,1,2,2015,0
2015-01-14,台中市,SE6 青蔥 粉蔥 ,24.1,20.0,14.4,19.5,-2.5,2067.0,-3.68,1,3,2015,0
2015-01-15,台中市,SE6 青蔥 粉蔥 ,23.8,19.4,13.5,18.8,-3.59,1857.0,-10.16,1,4,2015,0
2015-01-16,台中市,SE6 青蔥 粉蔥 ,21.5,18.9,15.3,18.4,-2.13,1964.0,5.76,1,5,2015,0
2015-01-17,台中市,SE6 青蔥 粉蔥 ,22.5,18.9,13.1,18.1,-1.63,2340.0,19.14,1,6,2015,0
2015-01-18,台中市,SE6 青蔥 粉蔥 ,25.0,20.9,15.8,20.6,13.81,1713.0,-26.79,1,7,2015,0
2015-01-19,台中市,SE6 青蔥 粉蔥 ,,,,,,,,1,1,2015,1
2015-01-20,台中市,SE6 青蔥 粉蔥 ,24.1,19.9,16.4,19.8,-3.88,1835.0,7.12,1,2,2015,0
2015-01-21,台中市,SE6 青蔥 粉蔥 ,26.2,18.9,16.0,19.5,-1.52,1557.0,-15.15,1,3,2015,0
2015-01-22,台中市,SE6 青蔥 粉蔥 ,25.0,20.3,16.0,20.4,4.62,1707.0,9.63,1,4,2015,0
2015-01-23,台中市,SE6 青蔥 粉蔥 ,22.0,18.7,14.9,18.0,-11.76,1775.0,3.98,1,5,2015,0
2015-01-24,台中市,SE6 青蔥 粉蔥 ,25.1,19.4,16.3,19.7,9.44,1764.0,-0.62,1,6,2015,0
2015-01-25,台中市,SE6 青蔥 粉蔥 ,21.5,18.7,16.2,18.6,-5.58,2349.0,33.16,1,7,2015,0
2015-01-26,台中市,SE6 青蔥 粉蔥 ,,,,,,,,1,1,2015,1
2015-01-27,台中市,SE6 青蔥 粉蔥 ,23.6,19.9,16.3,19.9,6.99,2060.0,-12.3,1,2,2015,0
2015-01-28,台中市,SE6 青蔥 粉蔥 ,23.0,19.4,16.2,19.5,-2.01,2057.0,-0.15,1,3,2015,0
2015-01-29,台中市,SE6 青蔥 粉蔥 ,19.7,16.7,13.7,16.7,-14.36,2563.0,24.6,1,4,2015,0
2015-01-30,台中市,SE6 青蔥 粉蔥 ,18.6,14.4,11.1,14.8,-11.38,2725.0,6.32,1,5,2015,0
2015-01-31,台中市,SE6 青蔥 粉蔥 ,21.8,13.6,8.6,13.4,-9.46,2815.0,3.3,1,6,2015,0
2015-02-01,台中市,SE6 青蔥 粉蔥 ,20.4,14.1,8.8,14.1,5.22,2243.0,-20.32,2,7,2015,0
2015-02-02,台中市,SE6 青蔥 粉蔥 ,,,,,,,,2,1,2015,1
2015-02-03,台中市,SE6 青蔥 粉蔥 ,23.1,12.8,9.5,13.8,-2.13,2150.0,-4.15,2,2,2015,0
2015-02-04,台中市,SE6 青蔥 粉蔥 ,20.4,13.0,10.8,13.8,0.0,2509.0,16.7,2,3,2015,0
2015-02-05,台中市,SE6 青蔥 粉蔥 ,18.3,11.7,8.0,12.2,-11.59,2605.0,3.83,2,4,2015,0
2015-02-06,台中市,SE6 青蔥 粉蔥 ,17.6,10.8,9.4,11.7,-4.1,2977.0,14.28,2,5,2015,0
2015-02-07,台中市,SE6 青蔥 粉蔥 ,17.8,10.5,9.2,11.6,-0.85,2430.0,-18.37,2,6,2015,0
2015-02-08,台中市,SE6 青蔥 粉蔥 ,18.9,15.0,12.6,15.2,31.03,2245.0,-7.61,2,7,2015,0
2015-02-09,台中市,SE6 青蔥 粉蔥 ,,,,,,,,2,1,2015,1
2015-02-10,台中市,SE6 青蔥 粉蔥 ,22.5,18.9,16.1,18.9,24.34,1783.0,-20.58,2,2,2015,0
2015-02-11,台中市,SE6 青蔥 粉蔥 ,26.9,25.8,20.5,25.0,32.28,1901.0,6.62,2,3,2015,0
2015-02-12,台中市,SE6 青蔥 粉蔥 ,25.6,21.8,17.6,21.2,-15.2,2293.0,20.62,2,4,2015,0
2015-02-13,台中市,SE6 青蔥 粉蔥 ,22.4,17.5,12.6,17.4,-17.92,3462.0,50.98,2,5,2015,0
2015-02-14,台中市,SE6 青蔥 粉蔥 ,20.3,15.1,11.2,15.0,-13.79,3293.0,-4.88,2,6,2015,0
2015-02-15,台中市,SE6 青蔥 粉蔥 ,19.6,14.5,11.3,14.8,-1.33,3146.0,-4.46,2,7,2015,0
2015-02-16,台中市,SE6 青蔥 粉蔥 ,19.8,14.7,12.7,14.7,-0.68,2415.0,-23.24,2,1,2015,0
2015-02-17,台中市,SE6 青蔥 粉蔥 ,21.6,19.6,16.0,19.0,29.25,3194.0,32.26,2,2,2015,0
2015-02-18,台中市,SE6 青蔥 粉蔥 ,30.0,23.9,19.8,23.0,21.05,2172.0,-32.0,2,3,2015,0
2015-02-19,台中市,SE6 青蔥 粉蔥 ,,,,,,,,2,4,2015,1
2015-02-20,台中市,SE6 青蔥 粉蔥 ,,,,,,,,2,5,2015,1
2015-02-21,台中市,SE6 青蔥 粉蔥 ,,,,,,,,2,6,2015,1
2015-02-22,台中市,SE6 青蔥 粉蔥 ,,,,,,,,2,7,2015,1
2015-02-23,台中市,SE6 青蔥 粉蔥 ,,,,,,,,2,1,2015,1
2015-02-24,台中市,SE6 青蔥 粉蔥 ,26.4,25.0,20.2,24.3,5.65,2324.0,7.0,2,2,2015,0
2015-02-25,台中市,SE6 青蔥 粉蔥 ,26.2,21.8,18.9,22.0,-9.47,2463.0,5.98,2,3,2015,0
2015-02-26,台中市,SE6 青蔥 粉蔥 ,24.7,18.0,13.7,18.6,-15.45,2718.0,10.35,2,4,2015,0
2015-02-27,台中市,SE6 青蔥 粉蔥 ,,,,,,,,2,5,2015,1
2015-02-28,台中市,SE6 青蔥 粉蔥 ,19.4,14.2,10.0,14.3,-23.12,3454.0,27.08,2,6,2015,0
2015-03-01,台中市,SE6 青蔥 粉蔥 ,17.4,12.7,9.8,12.9,-9.79,2480.0,-28.2,3,7,2015,0
2015-03-02,台中市,SE6 青蔥 粉蔥 ,,,,,,,,3,1,2015,1
2015-03-03,台中市,SE6 青蔥 粉蔥 ,19.9,15.8,13.1,16.4,27.13,1711.0,-31.01,3,2,2015,0
2015-03-04,台中市,SE6 青蔥 粉蔥 ,24.1,22.7,18.7,21.7,32.32,1300.0,-24.02,3,3,2015,0
2015-03-05,台中市,SE6 青蔥 粉蔥 ,26.0,21.8,20.6,22.3,2.76,1568.0,20.62,3,4,2015,0
2015-03-06,台中市,SE6 青蔥 粉蔥 ,25.1,23.1,17.1,22.2,-0.45,2815.0,79.53,3,5,2015,0
2015-03-07,台中市,SE6 青蔥 粉蔥 ,,,,,,,,3,6,2015,1
2015-03-08,台中市,SE6 青蔥 粉蔥 ,,,,,,,,3,7,2015,1
2015-03-09,台中市,SE6 青蔥 粉蔥 ,,,,,,,,3,1,2015,1
2015-03-10,台中市,SE6 青蔥 粉蔥 ,25.2,21.0,14.7,20.3,-8.56,2814.0,-0.04,3,2,2015,0
2015-03-11,台中市,SE6 青蔥 粉蔥 ,25.5,20.8,16.0,20.4,0.49,2310.0,-17.91,3,3,2015,0
2015-03-12,台中市,SE6 青蔥 粉蔥 ,22.5,17.4,12.9,16.7,-18.14,2827.0,22.38,3,4,2015,0
2015-03-13,台中市,SE6 青蔥 粉蔥 ,21.9,16.2,12.2,15.2,-8.98,2547.0,-9.9,3,5,2015,0
2015-03-14,台中市,SE6 青蔥 粉蔥 ,20.6,15.5,11.5,14.9,-1.97,2712.0,6.48,3,6,2015,0
2015-03-15,台中市,SE6 青蔥 粉蔥 ,20.6,15.0,10.4,14.9,0.0,2672.0,-1.47,3,7,2015,0
2015-03-16,台中市,SE6 青蔥 粉蔥 ,,,,,,,,3,1,2015,1
2015-03-17,台中市,SE6 青蔥 粉蔥 ,22.1,14.3,9.9,14.2,-4.7,2621.0,-1.91,3,2,2015,0
2015-03-18,台中市,SE6 青蔥 粉蔥 ,17.4,10.7,8.0,11.1,-21.83,3049.0,16.33,3,3,2015,0
2015-03-19,台中市,SE6 青蔥 粉蔥 ,15.7,10.0,7.1,10.9,-1.8,2794.0,-8.36,3,4,2015,0
2015-03-20,台中市,SE6 青蔥 粉蔥 ,17.5,10.8,7.2,11.1,1.83,2558.0,-8.45,3,5,2015,0
2015-03-21,台中市,SE6 青蔥 粉蔥 ,17.1,11.8,8.3,12.2,9.91,2516.0,-1.64,3,6,2015,0
2015-03-22,台中市,SE6 青蔥 粉蔥 ,16.7,11.6,9.6,12.1,-0.82,1731.0,-31.2,3,7,2015,0
2015-03-23,台中市,SE6 青蔥 粉蔥 ,,,,,,,,3,1,2015,1
2015-03-24,台中市,SE6 青蔥 粉蔥 ,19.8,16.4,13.4,16.4,35.54,2074.0,19.82,3,2,2015,0
2015-03-25,台中市,SE6 青蔥 粉蔥 ,18.5,15.7,13.3,15.6,-4.88,2594.0,25.07,3,3,2015,0
2015-03-26,台中市,SE6 青蔥 粉蔥 ,18.2,15.7,13.8,15.8,1.28,1830.0,-29.45,3,4,2015,0
2015-03-27,台中市,SE6 青蔥 粉蔥 ,18.0,16.1,14.5,16.2,2.53,1865.0,1.91,3,5,2015,0
2015-03-28,台中市,SE6 青蔥 粉蔥 ,19.2,17.1,14.2,16.9,4.32,2002.0,7.35,3,6,2015,0
2015-03-29,台中市,SE6 青蔥 粉蔥 ,27.3,24.7,19.1,23.8,40.83,1550.0,-22.58,3,7,2015,0
2015-03-30,台中市,SE6 青蔥 粉蔥 ,,,,,,,,3,1,2015,1
2015-03-31,台中市,SE6 青蔥 粉蔥 ,32.1,29.6,25.1,28.4,19.33,1436.0,-7.35,3,2,2015,0
2015-04-01,台中市,SE6 青蔥 粉蔥 ,30.6,26.7,19.4,25.7,-9.51,1970.0,37.19,4,3,2015,0
2015-04-02,台中市,SE6 青蔥 粉蔥 ,26.4,19.8,15.0,19.5,-24.12,2940.0,49.24,4,4,2015,0
2015-04-03,台中市,SE6 青蔥 粉蔥 ,21.6,17.7,13.8,17.8,-8.72,2382.0,-18.98,4,5,2015,0
2015-04-04,台中市,SE6 青蔥 粉蔥 ,20.9,15.6,11.2,16.1,-9.55,2364.0,-0.76,4,6,2015,0
2015-04-05,台中市,SE6 青蔥 粉蔥 ,,,,,,,,4,7,2015,1
2015-04-06,台中市,SE6 青蔥 粉蔥 ,,,,,,,,4,1,2015,1
2015-04-07,台中市,SE6 青蔥 粉蔥 ,18.3,15.2,12.2,15.3,-4.97,2207.0,-6.64,4,2,2015,0
2015-04-08,台中市,SE6 青蔥 粉蔥 ,19.4,14.6,12.5,15.1,-1.31,1745.0,-20.93,4,3,2015,0
2015-04-09,台中市,SE6 青蔥 粉蔥 ,20.6,14.4,11.7,14.9,-1.32,1870.0,7.16,4,4,2015,0
2015-04-10,台中市,SE6 青蔥 粉蔥 ,18.1,14.1,12.8,14.5,-2.68,2592.0,38.61,4,5,2015,0
2015-04-11,台中市,SE6 青蔥 粉蔥 ,18.5,14.2,11.3,13.9,-4.14,2460.0,-5.09,4,6,2015,0
2015-04-12,台中市,SE6 青蔥 粉蔥 ,17.4,15.6,13.0,15.2,9.35,1824.0,-25.85,4,7,2015,0
2015-04-13,台中市,SE6 青蔥 粉蔥 ,,,,,,,,4,1,2015,1
2015-04-14,台中市,SE6 青蔥 粉蔥 ,18.2,16.3,14.2,16.2,6.58,2504.0,37.28,4,2,2015,0
2015-04-15,台中市,SE6 青蔥 粉蔥 ,17.4,16.0,14.4,16.0,-1.23,2647.0,5.71,4,3,2015,0
2015-04-16,台中市,SE6 青蔥 粉蔥 ,19.8,17.4,14.8,16.9,5.62,1515.0,-42.77,4,4,2015,0
2015-04-17,台中市,SE6 青蔥 粉蔥 ,17.0,15.6,14.3,15.6,-7.69,2160.0,42.57,4,5,2015,0
2015-04-18,台中市,SE6 青蔥 粉蔥 ,19.3,17.0,15.3,16.9,8.33,1731.0,-19.86,4,6,2015,0
2015-04-19,台中市,SE6 青蔥 粉蔥 ,19.7,17.8,15.2,17.3,2.37,1594.0,-7.91,4,7,2015,0
2015-04-20,台中市,SE6 青蔥 粉蔥 ,,,,,,,,4,1,2015,1
2015-04-21,台中市,SE6 青蔥 粉蔥 ,22.0,20.2,16.7,19.6,13.29,1203.0,-24.53,4,2,2015,0
2015-04-22,台中市,SE6 青蔥 粉蔥 ,21.4,19.8,17.2,19.6,0.0,1361.0,13.13,4,3,2015,0
2015-04-23,台中市,SE6 青蔥 粉蔥 ,19.3,15.1,12.9,15.9,-18.88,2464.0,81.04,4,4,2015,0
2015-04-24,台中市,SE6 青蔥 粉蔥 ,19.0,16.3,14.5,16.3,2.52,1373.0,-44.28,4,5,2015,0
2015-04-25,台中市,SE6 青蔥 粉蔥 ,21.2,18.8,16.0,18.7,14.72,768.0,-44.06,4,6,2015,0
2015-04-26,台中市,SE6 青蔥 粉蔥 ,23.0,19.3,15.8,18.5,-1.07,1164.0,51.56,4,7,2015,0
2015-04-27,台中市,SE6 青蔥 粉蔥 ,,,,,,,,4,1,2015,1
2015-04-28,台中市,SE6 青蔥 粉蔥 ,24.0,22.6,19.6,21.8,17.84,1147.0,-1.46,4,2,2015,0
2015-04-29,台中市,SE6 青蔥 粉蔥 ,25.4,23.2,18.4,21.9,0.46,1253.0,9.24,4,3,2015,0
2015-04-30,台中市,SE6 青蔥 粉蔥 ,22.2,18.7,14.8,18.3,-16.44,1488.0,18.75,4,4,2015,0
2015-05-01,台中市,SE6 青蔥 粉蔥 ,22.4,17.9,13.0,16.9,-7.65,1194.0,-19.76,5,5,2015,0
2015-05-02,台中市,SE6 青蔥 粉蔥 ,22.0,17.3,12.7,16.9,0.0,1824.0,52.76,5,6,2015,0
2015-05-03,台中市,SE6 青蔥 粉蔥 ,21.3,16.6,11.4,16.0,-5.33,2087.0,14.42,5,7,2015,0
2015-05-04,台中市,SE6 青蔥 粉蔥 ,,,,,,,,5,1,2015,1
2015-05-05,台中市,SE6 青蔥 粉蔥 ,20.5,17.5,13.0,17.0,6.25,1732.0,-17.01,5,2,2015,0
2015-05-06,台中市,SE6 青蔥 粉蔥 ,20.5,12.9,7.7,12.7,-25.29,2347.0,35.51,5,3,2015,0
2015-05-07,台中市,SE6 青蔥 粉蔥 ,17.1,13.7,10.2,13.4,5.51,1482.0,-36.86,5,4,2015,0
2015-05-08,台中市,SE6 青蔥 粉蔥 ,18.6,14.8,13.0,15.1,12.69,1659.0,11.94,5,5,2015,0
2015-05-09,台中市,SE6 青蔥 粉蔥 ,18.8,15.3,11.3,15.0,-0.66,1720.0,3.68,5,6,2015,0
2015-05-10,台中市,SE6 青蔥 粉蔥 ,16.8,14.5,10.8,14.2,-5.33,1572.0,-8.6,5,7,2015,0
2015-05-11,台中市,SE6 青蔥 粉蔥 ,,,,,,,,5,1,2015,1
2015-05-12,台中市,SE6 青蔥 粉蔥 ,17.9,14.4,9.8,13.8,-2.82,1385.0,-11.9,5,2,2015,0
2015-05-13,台中市,SE6 青蔥 粉蔥 ,21.7,19.6,17.6,19.4,40.58,1361.0,-1.73,5,3,2015,0
2015-05-14,台中市,SE6 青蔥 粉蔥 ,22.9,20.1,13.8,18.9,-2.58,1381.0,1.47,5,4,2015,0
2015-05-15,台中市,SE6 青蔥 粉蔥 ,19.2,18.2,16.7,18.2,-3.7,1694.0,22.66,5,5,2015,0
2015-05-16,台中市,SE6 青蔥 粉蔥 ,19.3,16.7,15.5,16.8,-7.69,2059.0,21.55,5,6,2015,0
2015-05-17,台中市,SE6 青蔥 粉蔥 ,16.0,14.4,12.2,14.2,-15.48,1954.0,-5.1,5,7,2015,0
2015-05-18,台中市,SE6 青蔥 粉蔥 ,,,,,,,,5,1,2015,1
2015-05-19,台中市,SE6 青蔥 粉蔥 ,19.2,16.2,14.3,16.4,15.49,1721.0,-11.92,5,2,2015,0
2015-05-20,台中市,SE6 青蔥 粉蔥 ,22.0,18.6,15.7,18.6,13.41,1574.0,-8.54,5,3,2015,0
2015-05-21,台中市,SE6 青蔥 粉蔥 ,26.3,23.4,19.2,23.2,24.73,1321.0,-16.07,5,4,2015,0
2015-05-22,台中市,SE6 青蔥 粉蔥 ,33.7,31.1,24.7,30.6,31.9,434.0,-67.15,5,5,2015,0
2015-05-23,台中市,SE6 青蔥 粉蔥 ,32.4,30.6,27.7,29.9,-2.29,1313.0,202.53,5,6,2015,0
2015-05-24,台中市,SE6 青蔥 粉蔥 ,31.3,26.8,19.8,25.1,-16.05,2155.0,64.13,5,7,2015,0
2015-05-25,台中市,SE6 青蔥 粉蔥 ,,,,,,,,5,1,2015,1
2015-05-26,台中市,SE6 青蔥 粉蔥 ,30.5,26.5,15.7,24.5,-2.39,2286.0,6.08,5,2,2015,0
2015-05-27,台中市,SE6 青蔥 粉蔥 ,25.2,21.2,16.0,20.5,-16.33,1789.0,-21.74,5,3,2015,0
2015-05-28,台中市,SE6 青蔥 粉蔥 ,31.7,26.6,18.0,25.6,24.88,1561.0,-12.74,5,4,2015,0
2015-05-29,台中市,SE6 青蔥 粉蔥 ,29.0,24.4,16.2,23.6,-7.81,1851.0,18.58,5,5,2015,0
2015-05-30,台中市,SE6 青蔥 粉蔥 ,25.7,23.3,16.8,22.5,-4.66,2073.0,11.99,5,6,2015,0
2015-05-31,台中市,SE6 青蔥 粉蔥 ,26.1,24.6,16.4,22.5,0.0,2122.0,2.36,5,7,2015,0
2015-06-01,台中市,SE6 青蔥 粉蔥 ,,,,,,,,6,1,2015,1
2015-06-02,台中市,SE6 青蔥 粉蔥 ,35.3,31.8,20.1,29.4,30.67,1341.0,-36.8,6,2,2015,0
2015-06-03,台中市,SE6 青蔥 粉蔥 ,38.0,35.6,29.3,34.5,17.35,1441.0,7.46,6,3,2015,0
2015-06-04,台中市,SE6 青蔥 粉蔥 ,38.4,37.1,30.7,35.4,2.61,1484.0,2.98,6,4,2015,0
2015-06-05,台中市,SE6 青蔥 粉蔥 ,40.1,38.0,29.2,35.4,0.0,1370.0,-7.68,6,5,2015,0
2015-06-06,台中市,SE6 青蔥 粉蔥 ,38.4,37.3,29.7,34.7,-1.98,1424.0,3.94,6,6,2015,0
2015-06-07,台中市,SE6 青蔥 粉蔥 ,39.8,37.7,33.1,36.8,6.05,1457.0,2.32,6,7,2015,0
2015-06-08,台中市,SE6 青蔥 粉蔥 ,,,,,,,,6,1,2015,1
2015-06-09,台中市,SE6 青蔥 粉蔥 ,43.7,42.0,36.3,41.4,12.5,1224.0,-15.99,6,2,2015,0
2015-06-10,台中市,SE6 青蔥 粉蔥 ,44.1,42.4,38.8,42.5,2.66,1315.0,7.43,6,3,2015,0
2015-06-11,台中市,SE6 青蔥 粉蔥 ,47.0,43.4,33.8,40.9,-3.76,1335.0,1.52,6,4,2015,0
2015-06-12,台中市,SE6 青蔥 粉蔥 ,47.0,42.4,31.9,40.5,-0.98,1502.0,12.51,6,5,2015,0
2015-06-13,台中市,SE6 青蔥 粉蔥 ,45.0,40.7,28.7,37.5,-7.41,1918.0,27.7,6,6,2015,0
2015-06-14,台中市,SE6 青蔥 粉蔥 ,45.4,42.4,30.8,40.6,8.27,933.0,-51.36,6,7,2015,0
2015-06-15,台中市,SE6 青蔥 粉蔥 ,,,,,,,,6,1,2015,1
2015-06-16,台中市,SE6 青蔥 粉蔥 ,50.5,45.7,32.1,44.7,10.1,1035.0,10.93,6,2,2015,0
2015-06-17,台中市,SE6 青蔥 粉蔥 ,55.4,49.2,40.5,48.8,9.17,1177.0,13.72,6,3,2015,0
2015-06-18,台中市,SE6 青蔥 粉蔥 ,55.4,51.9,49.2,52.1,6.76,1005.0,-14.61,6,4,2015,0
2015-06-19,台中市,SE6 青蔥 粉蔥 ,57.8,52.6,40.1,49.0,-5.95,1179.0,17.31,6,5,2015,0
2015-06-20,台中市,SE6 青蔥 粉蔥 ,59.0,54.1,48.1,54.1,10.41,1059.0,-10.18,6,6,2015,0
2015-06-21,台中市,SE6 青蔥 粉蔥 ,,,,,,,,6,7,2015,1
2015-06-22,台中市,SE6 青蔥 粉蔥 ,,,,,,,,6,1,2015,1
2015-06-23,台中市,SE6 青蔥 粉蔥 ,73.2,64.7,40.0,59.2,9.43,661.0,-37.58,6,2,2015,0
2015-06-24,台中市,SE6 青蔥 粉蔥 ,78.0,70.2,52.5,65.2,10.14,774.0,17.1,6,3,2015,0
2015-06-25,台中市,SE6 青蔥 粉蔥 ,71.7,57.0,33.4,54.6,-16.26,1466.0,89.41,6,4,2015,0
2015-06-26,台中市,SE6 青蔥 粉蔥 ,61.4,47.1,29.2,46.5,-14.84,1326.0,-9.55,6,5,2015,0
2015-06-27,台中市,SE6 青蔥 粉蔥 ,59.8,43.3,33.1,44.8,-3.66,1031.0,-22.25,6,6,2015,0
2015-06-28,台中市,SE6 青蔥 粉蔥 ,60.6,43.4,28.4,42.2,-5.8,1217.0,18.04,6,7,2015,0
2015-06-29,台中市,SE6 青蔥 粉蔥 ,,,,,,,,6,1,2015,1
2015-06-30,台中市,SE6 青蔥 粉蔥 ,60.2,45.7,15.0,40.2,-4.74,988.0,-18.82,6,2,2015,0
2015-07-01,台中市,SE6 青蔥 粉蔥 ,64.2,58.1,39.6,54.8,36.32,779.0,-21.15,7,3,2015,0
2015-07-02,台中市,SE6 青蔥 粉蔥 ,62.3,51.7,29.0,48.7,-11.13,829.0,6.42,7,4,2015,0
2015-07-03,台中市,SE6 青蔥 粉蔥 ,60.2,56.9,45.2,54.9,12.73,791.0,-4.58,7,5,2015,0
2015-07-04,台中市,SE6 青蔥 粉蔥 ,63.8,53.9,40.2,54.1,-1.46,526.0,-33.5,7,6,2015,0
2015-07-05,台中市,SE6 青蔥 粉蔥 ,71.5,68.8,64.5,68.4,26.43,587.0,11.6,7,7,2015,0
2015-07-06,台中市,SE6 青蔥 粉蔥 ,,,,,,,,7,1,2015,1
2015-07-07,台中市,SE6 青蔥 粉蔥 ,86.8,83.7,76.2,82.4,20.47,812.0,38.33,7,2,2015,0
2015-07-08,台中市,SE6 青蔥 粉蔥 ,87.1,81.5,70.8,77.3,-6.19,1246.0,53.45,7,3,2015,0
2015-07-09,台中市,SE6 青蔥 粉蔥 ,81.8,74.7,60.2,71.0,-8.15,1267.0,1.69,7,4,2015,0
2015-07-10,台中市,SE6 青蔥 粉蔥 ,68.1,64.2,41.8,61.2,-13.8,1250.0,-1.34,7,5,2015,0
2015-07-11,台中市,SE6 青蔥 粉蔥 ,56.7,55.1,38.1,52.2,-14.71,1004.0,-19.68,7,6,2015,0
2015-07-12,台中市,SE6 青蔥 粉蔥 ,57.6,56.8,36.7,50.6,-3.07,1196.0,19.12,7,7,2015,0
2015-07-13,台中市,SE6 青蔥 粉蔥 ,,,,,,,,7,1,2015,1
2015-07-14,台中市,SE6 青蔥 粉蔥 ,60.5,57.1,39.6,54.3,7.31,1229.0,2.76,7,2,2015,0
2015-07-15,台中市,SE6 青蔥 粉蔥 ,60.5,56.6,34.3,53.5,-1.47,943.0,-23.27,7,3,2015,0
2015-07-16,台中市,SE6 青蔥 粉蔥 ,62.0,57.8,40.1,54.2,1.31,1057.0,12.09,7,4,2015,0
2015-07-17,台中市,SE6 青蔥 粉蔥 ,64.1,61.5,41.6,56.3,3.87,1049.0,-0.76,7,5,2015,0
2015-07-18,台中市,SE6 青蔥 粉蔥 ,68.5,62.5,35.5,57.7,2.49,609.0,-41.94,7,6,2015,0
2015-07-19,台中市,SE6 青蔥 粉蔥 ,69.6,67.9,58.8,66.6,15.42,827.0,35.8,7,7,2015,0
2015-07-20,台中市,SE6 青蔥 粉蔥 ,,,,,,,,7,1,2015,1
2015-07-21,台中市,SE6 青蔥 粉蔥 ,74.1,71.8,63.1,70.8,6.31,848.0,2.54,7,2,2015,0
2015-07-22,台中市,SE6 青蔥 粉蔥 ,73.0,71.9,59.3,69.7,-1.55,839.0,-1.06,7,3,2015,0
2015-07-23,台中市,SE6 青蔥 粉蔥 ,72.8,69.8,57.1,67.5,-3.16,1066.0,27.06,7,4,2015,0
2015-07-24,台中市,SE6 青蔥 粉蔥 ,66.6,62.5,51.4,60.9,-9.78,1103.0,3.47,7,5,2015,0
2015-07-25,台中市,SE6 青蔥 粉蔥 ,67.2,61.0,44.3,57.9,-4.93,1341.0,21.58,7,6,2015,0
2015-07-26,台中市,SE6 青蔥 粉蔥 ,61.2,54.6,38.4,50.7,-12.44,1421.0,5.97,7,7,2015,0
2015-07-27,台中市,SE6 青蔥 粉蔥 ,,,,,,,,7,1,2015,1
2015-07-28,台中市,SE6 青蔥 粉蔥 ,64.6,56.8,39.4,51.1,0.79,1683.0,18.44,7,2,2015,0
2015-07-29,台中市,SE6 青蔥 粉蔥 ,65.0,54.0,36.5,50.7,-0.78,1273.0,-24.36,7,3,2015,0
2015-07-30,台中市,SE6 青蔥 粉蔥 ,66.3,55.6,40.3,50.5,-0.39,497.0,-60.96,7,4,2015,0
2015-07-31,台中市,SE6 青蔥 粉蔥 ,69.2,44.8,32.2,46.5,-7.92,756.0,52.11,7,5,2015,0
2015-08-01,台中市,SE6 青蔥 粉蔥 ,76.4,51.8,31.6,47.3,1.72,1065.0,40.87,8,6,2015,0
2015-08-02,台中市,SE6 青蔥 粉蔥 ,78.4,48.9,30.0,46.3,-2.11,1103.0,3.57,8,7,2015,0
2015-08-03,台中市,SE6 青蔥 粉蔥 ,,,,,,,,8,1,2015,1
2015-08-04,台中市,SE6 青蔥 粉蔥 ,74.3,53.2,37.3,50.9,9.94,389.0,-64.73,8,2,2015,0
2015-08-05,台中市,SE6 青蔥 粉蔥 ,75.7,57.8,49.3,60.6,19.06,410.0,5.4,8,3,2015,0
2015-08-06,台中市,SE6 青蔥 粉蔥 ,96.0,92.3,58.0,73.6,21.45,626.0,52.68,8,4,2015,0
2015-08-07,台中市,SE6 青蔥 粉蔥 ,100.7,96.6,66.7,83.9,13.99,569.0,-9.11,8,5,2015,0
2015-08-08,台中市,SE6 青蔥 粉蔥 ,83.5,73.0,65.0,73.7,-12.16,222.0,-60.98,8,6,2015,0
2015-08-09,台中市,SE6 青蔥 粉蔥 ,91.0,82.0,80.0,82.2,11.53,530.0,138.74,8,7,2015,0
2015-08-10,台中市,SE6 青蔥 粉蔥 ,,,,,,,,8,1,2015,1
2015-08-11,台中市,SE6 青蔥 粉蔥 ,94.8,51.0,31.2,54.9,-33.21,392.0,-26.04,8,2,2015,0
2015-08-12,台中市,SE6 青蔥 粉蔥 ,118.5,77.6,56.0,89.6,63.21,524.0,33.67,8,3,2015,0
2015-08-13,台中市,SE6 青蔥 粉蔥 ,112.0,105.6,45.5,94.4,5.36,260.0,-50.38,8,4,2015,0
2015-08-14,台中市,SE6 青蔥 粉蔥 ,179.7,167.4,119.0,157.7,67.06,267.0,2.69,8,5,2015,0
2015-08-15,台中市,SE6 青蔥 粉蔥 ,161.2,144.1,69.8,125.6,-20.36,512.0,91.76,8,6,2015,0
2015-08-16,台中市,SE6 青蔥 粉蔥 ,173.0,135.0,90.0,115.1,-8.36,49.0,-90.43,8,7,2015,0
2015-08-17,台中市,SE6 青蔥 粉蔥 ,,,,,,,,8,1,2015,1
2015-08-18,台中市,SE6 青蔥 粉蔥 ,183.2,177.1,95.0,148.9,29.37,730.0,1389.8,8,2,2015,0
2015-08-19,台中市,SE6 青蔥 粉蔥 ,178.6,150.5,91.0,141.8,-4.77,935.0,28.08,8,3,2015,0
2015-08-20,台中市,SE6 青蔥 粉蔥 ,151.7,120.7,42.5,101.4,-28.49,1176.0,25.78,8,4,2015,0
2015-08-21,台中市,SE6 青蔥 粉蔥 ,147.8,126.8,91.2,120.5,18.84,733.0,-37.67,8,5,2015,0
2015-08-22,台中市,SE6 青蔥 粉蔥 ,135.5,98.9,40.0,84.6,-29.79,1001.0,36.56,8,6,2015,0
2015-08-23,台中市,SE6 青蔥 粉蔥 ,109.8,58.1,24.0,55.1,-34.87,1086.0,8.49,8,7,2015,0
2015-08-24,台中市,SE6 青蔥 粉蔥 ,,,,,,,,8,1,2015,1
2015-08-25,台中市,SE6 青蔥 粉蔥 ,103.1,85.2,37.4,73.4,33.21,1111.0,2.3,8,2,2015,0
2015-08-26,台中市,SE6 青蔥 粉蔥 ,90.5,71.7,32.5,62.4,-14.99,707.0,-36.36,8,3,2015,0
2015-08-27,台中市,SE6 青蔥 粉蔥 ,78.0,63.4,31.5,59.3,-4.97,1265.0,78.93,8,4,2015,0
2015-08-28,台中市,SE6 青蔥 粉蔥 ,86.5,73.3,37.0,62.5,5.4,715.0,-43.48,8,5,2015,0
2015-08-29,台中市,SE6 青蔥 粉蔥 ,,,,,,,,8,6,2015,1
2015-08-30,台中市,SE6 青蔥 粉蔥 ,,,,,,,,8,7,2015,1
2015-08-31,台中市,SE6 青蔥 粉蔥 ,,,,,,,,8,1,2015,1
2015-09-01,台中市,SE6 青蔥 粉蔥 ,115.8,70.9,25.5,66.4,6.24,1025.0,43.36,9,2,2015,0
2015-09-02,台中市,SE6 青蔥 粉蔥 ,100.8,86.0,35.3,69.4,4.52,1507.0,47.02,9,3,2015,0
2015-09-03,台中市,SE6 青蔥 粉蔥 ,94.9,65.9,18.2,59.5,-14.27,1660.0,10.15,9,4,2015,0
2015-09-04,台中市,SE6 青蔥 粉蔥 ,90.1,74.5,31.2,64.6,8.57,1602.0,-3.49,9,5,2015,0
2015-09-05,台中市,SE6 青蔥 粉蔥 ,88.1,80.9,50.9,71.6,10.84,1305.0,-18.54,9,6,2015,0
2015-09-06,台中市,SE6 青蔥 粉蔥 ,104.0,92.6,68.7,83.9,17.18,1045.0,-19.92,9,7,2015,0
2015-09-07,台中市,SE6 青蔥 粉蔥 ,,,,,,,,9,1,2015,1
2015-09-08,台中市,SE6 青蔥 粉蔥 ,107.8,67.6,14.2,72.0,-14.18,769.0,-26.41,9,2,2015,0
2015-09-09,台中市,SE6 青蔥 粉蔥 ,112.7,108.0,64.7,95.2,32.22,336.0,-56.31,9,3,2015,0
2015-09-10,台中市,SE6 青蔥 粉蔥 ,121.8,103.6,53.8,89.9,-5.57,837.0,149.11,9,4,2015,0
2015-09-11,台中市,SE6 青蔥 粉蔥 ,112.2,90.3,24.8,76.8,-14.57,809.0,-3.35,9,5,2015,0
2015-09-12,台中市,SE6 青蔥 粉蔥 ,107.3,95.6,87.1,98.8,28.65,1019.0,25.96,9,6,2015,0
2015-09-13,台中市,SE6 青蔥 粉蔥 ,97.3,78.5,35.7,72.4,-26.72,1173.0,15.11,9,7,2015,0
2015-09-14,台中市,SE6 青蔥 粉蔥 ,,,,,,,,9,1,2015,1
2015-09-15,台中市,SE6 青蔥 粉蔥 ,92.2,78.6,34.5,69.0,-4.7,1105.0,-5.8,9,2,2015,0
2015-09-16,台中市,SE6 青蔥 粉蔥 ,84.8,63.6,44.4,68.0,-1.45,739.0,-33.12,9,3,2015,0
2015-09-17,台中市,SE6 青蔥 粉蔥 ,84.5,62.2,44.0,69.8,2.65,565.0,-23.55,9,4,2015,0
2015-09-18,台中市,SE6 青蔥 粉蔥 ,76.6,55.6,44.6,57.9,-17.05,1296.0,129.38,9,5,2015,0
2015-09-19,台中市,SE6 青蔥 粉蔥 ,60.9,49.7,24.9,48.3,-16.58,1643.0,26.77,9,6,2015,0
2015-09-20,台中市,SE6 青蔥 粉蔥 ,66.0,49.5,13.0,38.8,-19.67,881.0,-46.38,9,7,2015,0
2015-09-21,台中市,SE6 青蔥 粉蔥 ,,,,,,,,9,1,2015,1
2015-09-22,台中市,SE6 青蔥 粉蔥 ,65.2,58.3,38.8,57.2,47.42,1116.0,26.67,9,2,2015,0
2015-09-23,台中市,SE6 青蔥 粉蔥 ,66.3,62.4,33.1,52.8,-7.69,1248.0,11.83,9,3,2015,0
2015-09-24,台中市,SE6 青蔥 粉蔥 ,65.2,50.6,33.1,49.1,-7.01,1953.0,56.49,9,4,2015,0
2015-09-25,台中市,SE6 青蔥 粉蔥 ,56.1,39.5,23.8,40.0,-18.53,2039.0,4.4,9,5,2015,0
2015-09-26,台中市,SE6 青蔥 粉蔥 ,55.9,45.4,33.8,44.1,10.25,1206.0,-40.85,9,6,2015,0
2015-09-27,台中市,SE6 青蔥 粉蔥 ,64.5,53.2,38.7,51.0,15.65,1729.0,43.37,9,7,2015,0
2015-09-28,台中市,SE6 青蔥 粉蔥 ,,,,,,,,9,1,2015,1
2015-09-29,台中市,SE6 青蔥 粉蔥 ,,,,,,,,9,2,2015,1
2015-09-30,台中市,SE6 青蔥 粉蔥 ,79.5,78.8,77.5,78.6,54.12,252.0,-85.43,9,3,2015,0
2015-10-01,台中市,SE6 青蔥 粉蔥 ,89.5,80.0,62.5,83.1,5.73,367.0,45.63,10,4,2015,0
2015-10-02,台中市,SE6 青蔥 粉蔥 ,85.0,77.1,35.2,62.5,-24.79,1320.0,259.67,10,5,2015,0
2015-10-03,台中市,SE6 青蔥 粉蔥 ,82.0,79.2,44.2,64.7,3.52,795.0,-39.77,10,6,2015,0
2015-10-04,台中市,SE6 青蔥 粉蔥 ,113.0,96.2,63.3,82.0,26.74,503.0,-36.73,10,7,2015,0
2015-10-05,台中市,SE6 青蔥 粉蔥 ,,,,,,,,10,1,2015,1
2015-10-06,台中市,SE6 青蔥 粉蔥 ,126.2,109.2,60.0,98.2,19.76,692.0,37.57,10,2,2015,0
2015-10-07,台中市,SE6 青蔥 粉蔥 ,128.3,105.9,60.0,90.5,-7.84,559.0,-19.22,10,3,2015,0
2015-10-08,台中市,SE6 青蔥 粉蔥 ,101.3,67.5,45.0,60.4,-33.26,592.0,5.9,10,4,2015,0
2015-10-09,台中市,SE6 青蔥 粉蔥 ,131.0,68.3,42.5,75.5,25.0,226.0,-61.82,10,5,2015,0
2015-10-10,台中市,SE6 青蔥 粉蔥 ,130.2,117.3,52.8,89.7,18.81,832.0,268.14,10,6,2015,0
2015-10-11,台中市,SE6 青蔥 粉蔥 ,131.0,115.6,86.5,112.4,25.31,576.0,-30.77,10,7,2015,0
2015-10-12,台中市,SE6 青蔥 粉蔥 ,,,,,,,,10,1,2015,1
2015-10-13,台中市,SE6 青蔥 粉蔥 ,122.7,110.9,94.5,109.8,-2.31,937.0,62.67,10,2,2015,0
2015-10-14,台中市,SE6 青蔥 粉蔥 ,118.9,91.5,71.2,87.6,-20.22,975.0,4.06,10,3,2015,0
2015-10-15,台中市,SE6 青蔥 粉蔥 ,80.8,72.7,65.0,72.5,-17.24,656.0,-32.72,10,4,2015,0
2015-10-16,台中市,SE6 青蔥 粉蔥 ,93.7,61.0,48.8,61.5,-15.17,863.0,31.55,10,5,2015,0
2015-10-17,台中市,SE6 青蔥 粉蔥 ,101.0,86.0,75.0,88.8,44.39,129.0,-85.05,10,6,2015,0
2015-10-18,台中市,SE6 青蔥 粉蔥 ,108.0,80.0,37.5,66.1,-25.56,253.0,96.12,10,7,2015,0
2015-10-19,台中市,SE6 青蔥 粉蔥 ,,,,,,,,10,1,2015,1
2015-10-20,台中市,SE6 青蔥 粉蔥 ,103.3,85.9,79.0,86.2,30.41,448.0,77.08,10,2,2015,0
2015-10-21,台中市,SE6 青蔥 粉蔥 ,86.2,67.4,41.0,66.3,-23.09,671.0,49.78,10,3,2015,0
2015-10-22,台中市,SE6 青蔥 粉蔥 ,90.8,80.4,45.5,65.5,-1.21,508.0,-24.29,10,4,2015,0
2015-10-23,台中市,SE6 青蔥 粉蔥 ,80.5,52.9,14.8,50.0,-23.66,664.0,30.71,10,5,2015,0
2015-10-24,台中市,SE6 青蔥 粉蔥 ,80.0,50.0,33.4,52.2,4.4,1094.0,64.76,10,6,2015,0
2015-10-25,台中市,SE6 青蔥 粉蔥 ,70.4,45.3,29.4,48.9,-6.32,837.0,-23.49,10,7,2015,0
2015-10-26,台中市,SE6 青蔥 粉蔥 ,,,,,,,,10,1,2015,1
2015-10-27,台中市,SE6 青蔥 粉蔥 ,78.0,55.3,19.0,54.4,11.25,537.0,-35.84,10,2,2015,0
2015-10-28,台中市,SE6 青蔥 粉蔥 ,82.5,68.6,52.0,61.2,12.5,617.0,14.9,10,3,2015,0
2015-10-29,台中市,SE6 青蔥 粉蔥 ,79.0,75.0,75.0,76.5,25.0,111.0,-82.01,10,4,2015,0
2015-10-30,台中市,SE6 青蔥 粉蔥 ,62.5,59.9,41.8,55.0,-28.1,595.0,436.04,10,5,2015,0
2015-10-31,台中市,SE6 青蔥 粉蔥 ,83.5,63.9,41.5,66.2,20.36,504.0,-15.29,10,6,2015,0
2015-11-01,台中市,SE6 青蔥 粉蔥 ,80.0,62.7,42.2,57.6,-12.99,704.0,39.68,11,7,2015,0
2015-11-02,台中市,SE6 青蔥 粉蔥 ,,,,,,,,11,1,2015,1
2015-11-03,台中市,SE6 青蔥 粉蔥 ,85.0,67.2,50.0,66.9,16.15,570.0,-19.03,11,2,2015,0
2015-11-04,台中市,SE6 青蔥 粉蔥 ,82.2,58.7,37.0,56.1,-16.14,738.0,29.47,11,3,2015,0
2015-11-05,台中市,SE6 青蔥 粉蔥 ,35.0,35.0,35.0,35.0,-37.61,40.0,-94.58,11,4,2015,0
2015-11-06,台中市,SE6 青蔥 粉蔥 ,59.0,40.0,18.0,34.9,-0.29,197.0,392.5,11,5,2015,0
2015-11-07,台中市,SE6 青蔥 粉蔥 ,28.0,26.5,25.0,27.0,-22.64,120.0,-39.09,11,6,2015,0
2015-11-08,台中市,SE6 青蔥 粉蔥 ,70.0,63.0,56.0,63.0,133.33,40.0,-66.67,11,7,2015,0
2015-11-09,台中市,SE6 青蔥 粉蔥 ,,,,,,,,11,1,2015,1
2015-11-10,台中市,SE6 青蔥 粉蔥 ,43.0,43.0,43.0,43.0,-31.75,30.0,-25.0,11,2,2015,0
2015-11-11,台中市,SE6 青蔥 粉蔥 ,,,,,,,,11,3,2015,1
2015-11-12,台中市,SE6 青蔥 粉蔥 ,60.0,41.0,22.0,53.3,23.95,102.0,240.0,11,4,2015,0
2015-11-13,台中市,SE6 青蔥 粉蔥 ,40.0,19.0,18.0,21.7,-59.29,260.0,154.9,11,5,2015,0
2015-11-14,台中市,SE6 青蔥 粉蔥 ,,,,,,,,11,6,2015,1
2015-11-15,台中市,SE6 青蔥 粉蔥 ,55.0,52.8,44.7,51.9,139.17,401.0,54.23,11,7,2015,0
2015-11-16,台中市,SE6 青蔥 粉蔥 ,,,,,,,,11,1,2015,1
2015-11-17,台中市,SE6 青蔥 粉蔥 ,35.0,33.0,30.5,32.7,-36.99,159.0,-60.35,11,2,2015,0
2015-11-18,台中市,SE6 青蔥 粉蔥 ,40.0,37.3,36.0,37.6,14.98,205.0,28.93,11,3,2015,0
2015-11-19,台中市,SE6 青蔥 粉蔥 ,53.2,46.8,35.0,45.5,21.01,459.0,123.9,11,4,2015,0
2015-11-20,台中市,SE6 青蔥 粉蔥 ,41.0,39.5,31.0,37.7,-17.14,474.0,3.27,11,5,2015,0
2015-11-21,台中市,SE6 青蔥 粉蔥 ,47.8,38.9,30.0,39.0,3.45,609.0,28.48,11,6,2015,0
2015-11-22,台中市,SE6 青蔥 粉蔥 ,46.8,42.3,38.4,42.5,8.97,615.0,0.99,11,7,2015,0
2015-11-23,台中市,SE6 青蔥 粉蔥 ,,,,,,,,11,1,2015,1
2015-11-24,台中市,SE6 青蔥 粉蔥 ,52.6,47.4,43.8,47.8,12.47,639.0,3.9,11,2,2015,0
2015-11-25,台中市,SE6 青蔥 粉蔥 ,54.0,52.8,47.2,51.7,8.16,447.0,-30.05,11,3,2015,0
2015-11-26,台中市,SE6 青蔥 粉蔥 ,56.5,53.9,47.5,53.1,2.71,450.0,0.67,11,4,2015,0
2015-11-27,台中市,SE6 青蔥 粉蔥 ,,,,,,,,11,5,2015,1
2015-11-28,台中市,SE6 青蔥 粉蔥 ,56.0,54.5,53.0,54.3,2.26,105.0,-76.67,11,6,2015,0
2015-11-29,台中市,SE6 青蔥 粉蔥 ,,,,,,,,11,7,2015,1
2015-11-30,台中市,SE6 青蔥 粉蔥 ,,,,,,,,11,1,2015,1
2015-12-01,台中市,SE6 青蔥 粉蔥 ,45.0,45.0,45.0,45.0,-17.13,20.0,-80.95,12,2,2015,0
2015-12-02,台中市,SE6 青蔥 粉蔥 ,75.0,66.0,50.5,55.8,24.0,185.0,825.0,12,3,2015,0
2015-12-03,台中市,SE6 青蔥 粉蔥 ,80.0,60.0,40.0,42.5,-23.84,48.0,-74.05,12,4,2015,0
2015-12-04,台中市,SE6 青蔥 粉蔥 ,,,,,,,,12,5,2015,1
2015-12-05,台中市,SE6 青蔥 粉蔥 ,56.0,56.0,56.0,56.0,31.76,20.0,-58.33,12,6,2015,0
2015-12-06,台中市,SE6 青蔥 粉蔥 ,63.0,61.4,54.5,60.5,8.04,268.0,1240.0,12,7,2015,0
2015-12-07,台中市,SE6 青蔥 粉蔥 ,,,,,,,,12,1,2015,1
2015-12-08,台中市,SE6 青蔥 粉蔥 ,55.3,53.9,52.0,53.8,-11.07,379.0,41.42,12,2,2015,0
2015-12-09,台中市,SE6 青蔥 粉蔥 ,53.7,49.7,46.0,49.9,-7.25,411.0,8.44,12,3,2015,0
2015-12-10,台中市,SE6 青蔥 粉蔥 ,61.7,54.4,52.3,55.6,11.42,366.0,-10.95,12,4,2015,0
2015-12-11,台中市,SE6 青蔥 粉蔥 ,,,,,,,,12,5,2015,1
2015-12-12,台中市,SE6 青蔥 粉蔥 ,80.0,72.8,58.0,64.2,15.47,255.0,-30.33,12,6,2015,0
2015-12-13,台中市,SE6 青蔥 粉蔥 ,73.0,72.7,71.0,72.3,12.62,138.0,-45.88,12,7,2015,0
2015-12-14,台中市,SE6 青蔥 粉蔥 ,,,,,,,,12,1,2015,1
2015-12-15,台中市,SE6 青蔥 粉蔥 ,84.0,82.3,58.5,77.3,6.92,175.0,26.81,12,2,2015,0
2015-12-16,台中市,SE6 青蔥 粉蔥 ,82.5,80.0,78.0,80.0,3.49,156.0,-10.86,12,3,2015,0
2015-12-17,台中市,SE6 青蔥 粉蔥 ,82.0,82.0,82.0,82.0,2.5,165.0,5.77,12,4,2015,0
2015-12-18,台中市,SE6 青蔥 粉蔥 ,88.0,84.3,80.5,83.5,1.83,186.0,12.73,12,5,2015,0
2015-12-19,台中市,SE6 青蔥 粉蔥 ,83.3,80.0,75.0,79.5,-4.79,357.0,91.94,12,6,2015,0
2015-12-20,台中市,SE6 青蔥 粉蔥 ,80.8,75.1,71.5,75.5,-5.03,582.0,63.03,12,7,2015,0
2015-12-21,台中市,SE6 青蔥 粉蔥 ,,,,,,,,12,1,2015,1
2015-12-22,台中市,SE6 青蔥 粉蔥 ,85.3,82.8,67.7,79.3,5.03,333.0,-42.78,12,2,2015,0
2015-12-23,台中市,SE6 青蔥 粉蔥 ,88.0,88.0,88.0,88.0,10.97,54.0,-83.78,12,3,2015,0
2015-12-24,台中市,SE6 青蔥 粉蔥 ,95.5,89.7,76.5,83.9,-4.66,255.0,372.22,12,4,2015,0
2015-12-25,台中市,SE6 青蔥 粉蔥 ,85.0,73.8,63.3,74.8,-10.85,398.0,56.08,12,5,2015,0
2015-12-26,台中市,SE6 青蔥 粉蔥 ,77.7,68.0,63.3,68.6,-8.29,430.0,8.04,12,6,2015,0
2015-12-27,台中市,SE6 青蔥 粉蔥 ,75.5,74.5,71.5,73.8,7.58,180.0,-58.14,12,7,2015,0
2015-12-28,台中市,SE6 青蔥 粉蔥 ,,,,,,,,12,1,2015,1
2015-12-29,台中市,SE6 青蔥 粉蔥 ,78.0,75.3,71.0,75.4,2.17,200.0,11.11,12,2,2015,0
2015-12-30,台中市,SE6 青蔥 粉蔥 ,79.6,70.5,56.8,70.0,-7.16,652.0,226.0,12,3,2015,0
2015-12-31,台中市,SE6 青蔥 粉蔥 ,86.0,75.4,72.0,75.4,7.71,280.0,-57.06,12,4,2015,0
2016-01-01,台中市,SE6 青蔥 粉蔥 ,85.0,84.0,81.5,83.5,10.74,180.0,-35.71,1,5,2016,0
2016-01-02,台中市,SE6 青蔥 粉蔥 ,87.0,85.5,84.5,85.8,2.75,171.0,-5.0,1,6,2016,0
2016-01-03,台中市,SE6 青蔥 粉蔥 ,92.0,91.7,88.0,90.8,5.83,208.0,21.64,1,7,2016,0
2016-01-04,台中市,SE6 青蔥 粉蔥 ,,,,,,,,1,1,2016,1
2016-01-05,台中市,SE6 青蔥 粉蔥 ,92.0,91.0,90.0,91.3,0.55,30.0,-85.58,1,2,2016,0
2016-01-06,台中市,SE6 青蔥 粉蔥 ,106.0,106.0,106.0,106.0,16.1,21.0,-30.0,1,3,2016,0
2016-01-07,台中市,SE6 青蔥 粉蔥 ,102.5,99.7,90.0,97.8,-7.74,294.0,1300.0,1,4,2016,0
2016-01-08,台中市,SE6 青蔥 粉蔥 ,98.0,89.1,53.6,84.2,-13.91,703.0,139.12,1,5,2016,0
2016-01-09,台中市,SE6 青蔥 粉蔥 ,96.4,79.8,64.4,80.2,-4.75,974.0,38.55,1,6,2016,0
2016-01-10,台中市,SE6 青蔥 粉蔥 ,87.7,82.7,72.8,81.5,1.62,752.0,-22.79,1,7,2016,0
2016-01-11,台中市,SE6 青蔥 粉蔥 ,,,,,,,,1,1,2016,1
2016-01-12,台中市,SE6 青蔥 粉蔥 ,94.0,80.5,65.8,82.0,0.61,654.0,-13.03,1,2,2016,0
2016-01-13,台中市,SE6 青蔥 粉蔥 ,99.0,91.0,74.6,89.5,9.15,608.0,-7.03,1,3,2016,0
2016-01-14,台中市,SE6 青蔥 粉蔥 ,91.6,84.0,65.8,81.5,-8.94,619.0,1.81,1,4,2016,0
2016-01-15,台中市,SE6 青蔥 粉蔥 ,94.8,86.2,70.2,85.4,4.79,585.0,-5.49,1,5,2016,0
2016-01-16,台中市,SE6 青蔥 粉蔥 ,100.0,84.2,70.7,86.1,0.82,358.0,-38.8,1,6,2016,0
2016-01-17,台中市,SE6 青蔥 粉蔥 ,109.7,100.2,74.3,95.2,10.57,364.0,1.68,1,7,2016,0
2016-01-18,台中市,SE6 青蔥 粉蔥 ,,,,,,,,1,1,2016,1
2016-01-19,台中市,SE6 青蔥 粉蔥 ,112.2,88.1,68.0,89.3,-6.2,465.0,27.75,1,2,2016,0
2016-01-20,台中市,SE6 青蔥 粉蔥 ,111.0,100.1,83.0,98.2,9.97,369.0,-20.65,1,3,2016,0
2016-01-21,台中市,SE6 青蔥 粉蔥 ,108.0,106.3,88.7,100.4,2.24,426.0,15.45,1,4,2016,0
2016-01-22,台中市,SE6 青蔥 粉蔥 ,105.3,98.4,81.5,95.2,-5.18,787.0,84.74,1,5,2016,0
2016-01-23,台中市,SE6 青蔥 粉蔥 ,101.8,85.6,73.6,86.4,-9.24,922.0,17.15,1,6,2016,0
2016-01-24,台中市,SE6 青蔥 粉蔥 ,102.7,98.8,88.0,95.3,10.3,352.0,-61.82,1,7,2016,0
2016-01-25,台中市,SE6 青蔥 粉蔥 ,,,,,,,,1,1,2016,1
2016-01-26,台中市,SE6 青蔥 粉蔥 ,110.2,100.3,91.2,101.0,5.98,569.0,61.65,1,2,2016,0
2016-01-27,台中市,SE6 青蔥 粉蔥 ,107.8,96.6,86.0,96.7,-4.26,980.0,72.23,1,3,2016,0
2016-01-28,台中市,SE6 青蔥 粉蔥 ,91.8,86.5,83.8,87.3,-9.72,667.0,-31.94,1,4,2016,0
2016-01-29,台中市,SE6 青蔥 粉蔥 ,89.4,81.1,68.6,79.3,-9.16,1042.0,56.22,1,5,2016,0
2016-01-30,台中市,SE6 青蔥 粉蔥 ,81.2,67.0,63.0,69.8,-11.98,701.0,-32.73,1,6,2016,0
2016-01-31,台中市,SE6 青蔥 粉蔥 ,74.8,64.7,57.4,65.1,-6.73,999.0,42.51,1,7,2016,0
2016-02-01,台中市,SE6 青蔥 粉蔥 ,80.4,72.3,55.0,70.9,8.91,589.0,-41.04,2,1,2016,0
2016-02-02,台中市,SE6 青蔥 粉蔥 ,85.5,69.0,55.5,69.7,-1.69,1059.0,79.8,2,2,2016,0
2016-02-03,台中市,SE6 青蔥 粉蔥 ,92.9,74.6,66.5,78.1,12.05,1186.0,11.99,2,3,2016,0
2016-02-04,台中市,SE6 青蔥 粉蔥 ,108.5,86.2,76.2,88.1,12.8,1127.0,-4.97,2,4,2016,0
2016-02-05,台中市,SE6 青蔥 粉蔥 ,113.0,93.5,75.2,94.2,6.92,1713.0,52.0,2,5,2016,0
2016-02-06,台中市,SE6 青蔥 粉蔥 ,119.3,90.8,83.5,93.4,-0.85,1679.0,-1.98,2,6,2016,0
2016-02-07,台中市,SE6 青蔥 粉蔥 ,112.8,96.2,82.2,96.0,2.78,804.0,-52.11,2,7,2016,0
2016-02-08,台中市,SE6 青蔥 粉蔥 ,,,,,,,,2,1,2016,1
2016-02-09,台中市,SE6 青蔥 粉蔥 ,,,,,,,,2,2,2016,1
2016-02-10,台中市,SE6 青蔥 粉蔥 ,,,,,,,,2,3,2016,1
2016-02-11,台中市,SE6 青蔥 粉蔥 ,,,,,,,,2,4,2016,1
2016-02-12,台中市,SE6 青蔥 粉蔥 ,,,,,,,,2,5,2016,1
2016-02-13,台中市,SE6 青蔥 粉蔥 ,109.2,91.7,82.2,91.4,-4.79,538.0,-33.08,2,6,2016,0
2016-02-14,台中市,SE6 青蔥 粉蔥 ,131.7,123.2,82.7,111.2,21.66,373.0,-30.67,2,7,2016,0
2016-02-15,台中市,SE6 青蔥 粉蔥 ,,,,,,,,2,1,2016,1
2016-02-16,台中市,SE6 青蔥 粉蔥 ,,,,,,,,2,2,2016,1
2016-02-17,台中市,SE6 青蔥 粉蔥 ,125.3,109.7,88.8,108.3,-2.61,807.0,116.35,2,3,2016,0
2016-02-18,台中市,SE6 青蔥 粉蔥 ,130.0,102.2,85.5,102.2,-5.63,765.0,-5.2,2,4,2016,0
2016-02-19,台中市,SE6 青蔥 粉蔥 ,101.0,90.3,73.7,88.8,-13.11,898.0,17.39,2,5,2016,0
2016-02-20,台中市,SE6 青蔥 粉蔥 ,105.0,83.5,50.6,86.5,-2.59,738.0,-17.82,2,6,2016,0
2016-02-21,台中市,SE6 青蔥 粉蔥 ,99.5,81.4,35.9,76.7,-11.33,1712.0,131.98,2,7,2016,0
2016-02-22,台中市,SE6 青蔥 粉蔥 ,,,,,,,,2,1,2016,1
2016-02-23,台中市,SE6 青蔥 粉蔥 ,,,,,,,,2,2,2016,1
2016-02-24,台中市,SE6 青蔥 粉蔥 ,,,,,,,,2,3,2016,1
2016-02-25,台中市,SE6 青蔥 粉蔥 ,90.4,81.5,51.8,80.4,4.82,1358.0,-20.68,2,4,2016,0
2016-02-26,台中市,SE6 青蔥 粉蔥 ,82.3,74.8,61.0,74.4,-7.46,1462.0,7.66,2,5,2016,0
2016-02-27,台中市,SE6 青蔥 粉蔥 ,83.3,74.6,59.7,73.6,-1.08,1466.0,0.27,2,6,2016,0
2016-02-28,台中市,SE6 青蔥 粉蔥 ,88.6,76.7,60.0,74.5,1.22,754.0,-48.57,2,7,2016,0
2016-02-29,台中市,SE6 青蔥 粉蔥 ,,,,,,,,2,1,2016,1
2016-03-01,台中市,SE6 青蔥 粉蔥 ,99.4,85.3,66.1,82.9,11.28,1001.0,32.76,3,2,2016,0
2016-03-02,台中市,SE6 青蔥 粉蔥 ,101.6,95.5,68.8,89.1,7.48,724.0,-27.67,3,3,2016,0
2016-03-03,台中市,SE6 青蔥 粉蔥 ,95.6,88.7,73.1,85.1,-4.49,1233.0,70.3,3,4,2016,0
2016-03-04,台中市,SE6 青蔥 粉蔥 ,99.7,78.9,51.4,72.7,-14.57,1195.0,-3.08,3,5,2016,0
2016-03-05,台中市,SE6 青蔥 粉蔥 ,89.6,78.4,52.5,73.4,0.96,1399.0,17.07,3,6,2016,0
2016-03-06,台中市,SE6 青蔥 粉蔥 ,86.7,80.4,57.1,72.9,-0.68,1225.0,-12.44,3,7,2016,0
2016-03-07,台中市,SE6 青蔥 粉蔥 ,,,,,,,,3,1,2016,1
2016-03-08,台中市,SE6 青蔥 粉蔥 ,86.6,77.1,55.4,74.5,2.19,1625.0,32.65,3,2,2016,0
2016-03-09,台中市,SE6 青蔥 粉蔥 ,80.7,73.9,62.8,73.1,-1.88,810.0,-50.15,3,3,2016,0
2016-03-10,台中市,SE6 青蔥 粉蔥 ,76.4,64.9,43.8,61.3,-16.14,1256.0,55.06,3,4,2016,0
2016-03-11,台中市,SE6 青蔥 粉蔥 ,65.0,59.7,43.4,56.7,-7.5,761.0,-39.41,3,5,2016,0
2016-03-12,台中市,SE6 青蔥 粉蔥 ,71.8,62.5,40.5,60.1,6.0,796.0,4.6,3,6,2016,0
2016-03-13,台中市,SE6 青蔥 粉蔥 ,78.8,68.9,52.4,66.6,10.82,1117.0,40.33,3,7,2016,0
2016-03-14,台中市,SE6 青蔥 粉蔥 ,,,,,,,,3,1,2016,1
2016-03-15,台中市,SE6 青蔥 粉蔥 ,97.9,74.5,60.7,76.0,14.11,1294.0,15.85,3,2,2016,0
2016-03-16,台中市,SE6 青蔥 粉蔥 ,98.5,75.5,60.0,76.7,0.92,1235.0,-4.56,3,3,2016,0
2016-03-17,台中市,SE6 青蔥 粉蔥 ,74.0,62.5,46.7,62.0,-19.17,2014.0,63.08,3,4,2016,0
2016-03-18,台中市,SE6 青蔥 粉蔥 ,63.5,49.2,26.4,46.3,-25.32,2948.0,46.38,3,5,2016,0
2016-03-19,台中市,SE6 青蔥 粉蔥 ,56.8,37.2,22.9,39.8,-14.04,3064.0,3.93,3,6,2016,0
2016-03-20,台中市,SE6 青蔥 粉蔥 ,52.8,38.7,25.1,36.8,-7.54,2571.0,-16.09,3,7,2016,0
2016-03-21,台中市,SE6 青蔥 粉蔥 ,,,,,,,,3,1,2016,1
2016-03-22,台中市,SE6 青蔥 粉蔥 ,52.4,45.6,36.3,44.6,21.2,2081.0,-19.06,3,2,2016,0
2016-03-23,台中市,SE6 青蔥 粉蔥 ,56.2,46.9,36.5,45.5,2.02,2180.0,4.76,3,3,2016,0
2016-03-24,台中市,SE6 青蔥 粉蔥 ,61.8,45.0,22.7,41.9,-7.91,1586.0,-27.25,3,4,2016,0
2016-03-25,台中市,SE6 青蔥 粉蔥 ,62.1,52.2,32.4,51.0,21.72,1224.0,-22.82,3,5,2016,0
2016-03-26,台中市,SE6 青蔥 粉蔥 ,59.8,49.5,36.5,47.1,-7.65,2401.0,96.16,3,6,2016,0
2016-03-27,台中市,SE6 青蔥 粉蔥 ,67.3,57.6,39.4,53.0,12.53,1620.0,-32.53,3,7,2016,0
2016-03-28,台中市,SE6 青蔥 粉蔥 ,,,,,,,,3,1,2016,1
2016-03-29,台中市,SE6 青蔥 粉蔥 ,72.0,59.0,53.3,59.5,12.26,2067.0,27.59,3,2,2016,0
2016-03-30,台中市,SE6 青蔥 粉蔥 ,70.7,61.7,51.3,60.1,1.01,1662.0,-19.59,3,3,2016,0
2016-03-31,台中市,SE6 青蔥 粉蔥 ,70.4,58.3,46.5,56.9,-5.32,1616.0,-2.77,3,4,2016,0
2016-04-01,台中市,SE6 青蔥 粉蔥 ,54.0,48.2,29.8,44.4,-21.97,2374.0,46.91,4,5,2016,0
2016-04-02,台中市,SE6 青蔥 粉蔥 ,49.7,40.6,24.2,38.3,-13.74,2927.0,23.29,4,6,2016,0
2016-04-03,台中市,SE6 青蔥 粉蔥 ,42.4,28.4,16.1,28.3,-26.11,3976.0,35.84,4,7,2016,0
2016-04-04,台中市,SE6 青蔥 粉蔥 ,,,,,,,,4,1,2016,1
2016-04-05,台中市,SE6 青蔥 粉蔥 ,,,,,,,,4,2,2016,1
2016-04-06,台中市,SE6 青蔥 粉蔥 ,56.1,49.8,29.1,47.0,66.08,1047.0,-73.67,4,3,2016,0
2016-04-07,台中市,SE6 青蔥 粉蔥 ,57.6,47.3,29.0,46.7,-0.64,1643.0,56.92,4,4,2016,0
2016-04-08,台中市,SE6 青蔥 粉蔥 ,39.6,28.5,15.4,27.0,-42.18,3179.0,93.49,4,5,2016,0
2016-04-09,台中市,SE6 青蔥 粉蔥 ,30.6,24.4,15.4,23.2,-14.07,3229.0,1.57,4,6,2016,0
2016-04-10,台中市,SE6 青蔥 粉蔥 ,31.1,23.2,13.8,23.1,-0.43,3290.0,1.89,4,7,2016,0
2016-04-11,台中市,SE6 青蔥 粉蔥 ,,,,,,,,4,1,2016,1
2016-04-12,台中市,SE6 青蔥 粉蔥 ,36.7,24.8,18.3,26.0,12.55,2066.0,-37.2,4,2,2016,0
2016-04-13,台中市,SE6 青蔥 粉蔥 ,29.9,19.6,10.8,19.3,-25.77,2074.0,0.39,4,3,2016,0
2016-04-14,台中市,SE6 青蔥 粉蔥 ,33.4,21.0,10.9,19.5,1.04,1771.0,-14.61,4,4,2016,0
2016-04-15,台中市,SE6 青蔥 粉蔥 ,29.9,14.8,7.7,16.1,-17.44,1779.0,0.45,4,5,2016,0
2016-04-16,台中市,SE6 青蔥 粉蔥 ,38.0,23.7,10.0,24.9,54.66,1591.0,-10.57,4,6,2016,0
2016-04-17,台中市,SE6 青蔥 粉蔥 ,40.9,19.4,9.1,25.4,2.01,1649.0,3.65,4,7,2016,0
2016-04-18,台中市,SE6 青蔥 粉蔥 ,,,,,,,,4,1,2016,1
2016-04-19,台中市,SE6 青蔥 粉蔥 ,47.2,38.9,28.7,40.2,58.27,1295.0,-21.47,4,2,2016,0
2016-04-20,台中市,SE6 青蔥 粉蔥 ,51.8,46.1,31.5,45.5,13.18,1699.0,31.2,4,3,2016,0
2016-04-21,台中市,SE6 青蔥 粉蔥 ,50.8,38.3,22.4,35.6,-21.76,2359.0,38.85,4,4,2016,0
2016-04-22,台中市,SE6 青蔥 粉蔥 ,37.6,22.8,13.8,23.5,-33.99,3288.0,39.38,4,5,2016,0
2016-04-23,台中市,SE6 青蔥 粉蔥 ,29.3,18.5,12.2,18.4,-21.7,2454.0,-25.36,4,6,2016,0
2016-04-24,台中市,SE6 青蔥 粉蔥 ,24.6,17.0,12.1,17.0,-7.61,2253.0,-8.19,4,7,2016,0
2016-04-25,台中市,SE6 青蔥 粉蔥 ,,,,,,,,4,1,2016,1
2016-04-26,台中市,SE6 青蔥 粉蔥 ,24.9,19.5,13.1,18.8,10.59,2597.0,15.27,4,2,2016,0
2016-04-27,台中市,SE6 青蔥 粉蔥 ,28.5,18.2,12.5,19.0,1.06,2173.0,-16.33,4,3,2016,0
2016-04-28,台中市,SE6 青蔥 粉蔥 ,23.1,15.7,10.9,16.4,-13.68,1741.0,-19.88,4,4,2016,0
2016-04-29,台中市,SE6 青蔥 粉蔥 ,24.2,17.5,11.9,17.3,5.49,1554.0,-10.74,4,5,2016,0
2016-04-30,台中市,SE6 青蔥 粉蔥 ,23.4,18.2,10.8,18.3,5.78,2501.0,60.94,4,6,2016,0
2016-05-01,台中市,SE6 青蔥 粉蔥 ,35.1,24.8,13.4,24.3,32.79,1443.0,-42.3,5,7,2016,0
2016-05-02,台中市,SE6 青蔥 粉蔥 ,,,,,,,,5,1,2016,1
2016-05-03,台中市,SE6 青蔥 粉蔥 ,39.8,19.3,9.4,19.5,-19.75,893.0,-38.12,5,2,2016,0
2016-05-04,台中市,SE6 青蔥 粉蔥 ,36.2,24.9,12.0,24.0,23.08,1514.0,69.54,5,3,2016,0
2016-05-05,台中市,SE6 青蔥 粉蔥 ,36.4,23.7,7.7,24.2,0.83,1703.0,12.48,5,4,2016,0
2016-05-06,台中市,SE6 青蔥 粉蔥 ,33.0,21.6,9.4,19.9,-17.77,2450.0,43.86,5,5,2016,0
2016-05-07,台中市,SE6 青蔥 粉蔥 ,30.4,21.9,9.4,19.4,-2.51,1982.0,-19.1,5,6,2016,0
2016-05-08,台中市,SE6 青蔥 粉蔥 ,30.8,25.3,10.2,21.6,11.34,2112.0,6.56,5,7,2016,0
2016-05-09,台中市,SE6 青蔥 粉蔥 ,,,,,,,,5,1,2016,1
2016-05-10,台中市,SE6 青蔥 粉蔥 ,32.6,28.1,19.1,25.8,19.44,1758.0,-16.76,5,2,2016,0
2016-05-11,台中市,SE6 青蔥 粉蔥 ,27.0,20.6,13.1,19.6,-24.03,2367.0,34.64,5,3,2016,0
2016-05-12,台中市,SE6 青蔥 粉蔥 ,25.5,19.1,10.9,17.8,-9.18,2218.0,-6.29,5,4,2016,0
2016-05-13,台中市,SE6 青蔥 粉蔥 ,28.6,22.0,14.1,20.6,15.73,1975.0,-10.96,5,5,2016,0
2016-05-14,台中市,SE6 青蔥 粉蔥 ,26.8,20.8,11.4,19.2,-6.8,2536.0,28.41,5,6,2016,0
2016-05-15,台中市,SE6 青蔥 粉蔥 ,24.6,17.0,9.6,16.3,-15.1,3376.0,33.12,5,7,2016,0
2016-05-16,台中市,SE6 青蔥 粉蔥 ,,,,,,,,5,1,2016,1
2016-05-17,台中市,SE6 青蔥 粉蔥 ,26.4,19.3,11.8,18.7,14.72,2185.0,-35.28,5,2,2016,0
2016-05-18,台中市,SE6 青蔥 粉蔥 ,25.4,19.0,11.1,18.1,-3.21,2437.0,11.53,5,3,2016,0
2016-05-19,台中市,SE6 青蔥 粉蔥 ,22.6,15.3,8.8,14.9,-17.68,2814.0,15.47,5,4,2016,0
2016-05-20,台中市,SE6 青蔥 粉蔥 ,23.7,16.7,11.3,16.8,12.75,2117.0,-24.77,5,5,2016,0
2016-05-21,台中市,SE6 青蔥 粉蔥 ,21.4,16.5,11.2,15.6,-7.14,2134.0,0.8,5,6,2016,0
2016-05-22,台中市,SE6 青蔥 粉蔥 ,22.4,19.0,13.5,18.2,16.67,2095.0,-1.83,5,7,2016,0
2016-05-23,台中市,SE6 青蔥 粉蔥 ,,,,,,,,5,1,2016,1
2016-05-24,台中市,SE6 青蔥 粉蔥 ,23.6,17.2,10.2,17.1,-6.04,2399.0,14.51,5,2,2016,0
2016-05-25,台中市,SE6 青蔥 粉蔥 ,21.9,16.1,8.9,14.9,-12.87,2780.0,15.88,5,3,2016,0
2016-05-26,台中市,SE6 青蔥 粉蔥 ,21.8,15.4,8.1,14.6,-2.01,2642.0,-4.96,5,4,2016,0
2016-05-27,台中市,SE6 青蔥 粉蔥 ,22.2,16.0,11.0,15.9,8.9,2197.0,-16.84,5,5,2016,0
2016-05-28,台中市,SE6 青蔥 粉蔥 ,22.4,15.5,10.6,15.6,-1.89,2702.0,22.99,5,6,2016,0
2016-05-29,台中市,SE6 青蔥 粉蔥 ,19.0,13.9,9.8,13.9,-10.9,2597.0,-3.89,5,7,2016,0
2016-05-30,台中市,SE6 青蔥 粉蔥 ,,,,,,,,5,1,2016,1
2016-05-31,台中市,SE6 青蔥 粉蔥 ,24.3,20.5,9.8,18.6,33.81,1703.0,-34.42,5,2,2016,0
2016-06-01,台中市,SE6 青蔥 粉蔥 ,22.6,20.8,14.9,19.5,4.84,1468.0,-13.8,6,3,2016,0
2016-06-02,台中市,SE6 青蔥 粉蔥 ,24.1,21.2,13.9,19.9,2.05,1832.0,24.8,6,4,2016,0
2016-06-03,台中市,SE6 青蔥 粉蔥 ,26.1,21.4,13.7,20.0,0.5,1966.0,7.31,6,5,2016,0
2016-06-04,台中市,SE6 青蔥 粉蔥 ,21.5,18.8,11.1,16.6,-17.0,2399.0,22.02,6,6,2016,0
2016-06-05,台中市,SE6 青蔥 粉蔥 ,21.8,17.0,8.8,16.2,-2.41,2227.0,-7.17,6,7,2016,0
2016-06-06,台中市,SE6 青蔥 粉蔥 ,,,,,,,,6,1,2016,1
2016-06-07,台中市,SE6 青蔥 粉蔥 ,23.2,17.4,13.2,17.5,8.02,2180.0,-2.11,6,2,2016,0
2016-06-08,台中市,SE6 青蔥 粉蔥 ,22.2,17.9,10.4,17.0,-2.86,2549.0,16.93,6,3,2016,0
2016-06-09,台中市,SE6 青蔥 粉蔥 ,21.6,18.1,12.3,17.6,3.53,2095.0,-17.81,6,4,2016,0
2016-06-10,台中市,SE6 青蔥 粉蔥 ,,,,,,,,6,5,2016,1
2016-06-11,台中市,SE6 青蔥 粉蔥 ,,,,,,,,6,6,2016,1
2016-06-12,台中市,SE6 青蔥 粉蔥 ,38.3,33.5,25.0,31.4,78.41,1275.0,-39.14,6,7,2016,0
2016-06-13,台中市,SE6 青蔥 粉蔥 ,,,,,,,,6,1,2016,1
2016-06-14,台中市,SE6 青蔥 粉蔥 ,40.0,32.8,27.4,32.4,3.18,2134.0,67.37,6,2,2016,0
2016-06-15,台中市,SE6 青蔥 粉蔥 ,31.2,24.8,11.6,21.8,-32.72,3045.0,42.69,6,3,2016,0
2016-06-16,台中市,SE6 青蔥 粉蔥 ,19.6,13.6,6.6,12.3,-43.58,4036.0,32.55,6,4,2016,0
2016-06-17,台中市,SE6 青蔥 粉蔥 ,18.0,13.2,7.9,12.3,0.0,3114.0,-22.84,6,5,2016,0
2016-06-18,台中市,SE6 青蔥 粉蔥 ,20.2,16.0,7.4,14.2,15.45,2791.0,-10.37,6,6,2016,0
2016-06-19,台中市,SE6 青蔥 粉蔥 ,23.1,17.7,10.3,16.8,18.31,2308.0,-17.31,6,7,2016,0
2016-06-20,台中市,SE6 青蔥 粉蔥 ,,,,,,,,6,1,2016,1
2016-06-21,台中市,SE6 青蔥 粉蔥 ,22.4,17.5,11.6,16.5,-1.79,3154.0,36.66,6,2,2016,0
2016-06-22,台中市,SE6 青蔥 粉蔥 ,18.2,14.9,9.8,14.3,-13.33,2661.0,-15.63,6,3,2016,0
2016-06-23,台中市,SE6 青蔥 粉蔥 ,17.8,12.0,8.4,12.2,-14.69,2613.0,-1.8,6,4,2016,0
2016-06-24,台中市,SE6 青蔥 粉蔥 ,17.5,16.2,11.1,15.4,26.23,1894.0,-27.52,6,5,2016,0
2016-06-25,台中市,SE6 青蔥 粉蔥 ,19.6,16.0,11.5,15.1,-1.95,2195.0,15.89,6,6,2016,0
2016-06-26,台中市,SE6 青蔥 粉蔥 ,21.2,16.3,11.9,16.2,7.28,1892.0,-13.8,6,7,2016,0
2016-06-27,台中市,SE6 青蔥 粉蔥 ,,,,,,,,6,1,2016,1
2016-06-28,台中市,SE6 青蔥 粉蔥 ,28.4,23.9,12.4,21.5,32.72,1805.0,-4.6,6,2,2016,0
2016-06-29,台中市,SE6 青蔥 粉蔥 ,37.8,27.0,16.5,27.5,27.91,1052.0,-41.72,6,3,2016,0
2016-06-30,台中市,SE6 青蔥 粉蔥 ,31.2,24.6,18.6,25.3,-8.0,1897.0,80.32,6,4,2016,0
2016-07-01,台中市,SE6 青蔥 粉蔥 ,23.3,19.4,13.4,18.3,-27.67,2916.0,53.72,7,5,2016,0
2016-07-02,台中市,SE6 青蔥 粉蔥 ,25.8,17.1,10.3,16.5,-9.84,3440.0,17.97,7,6,2016,0
2016-07-03,台中市,SE6 青蔥 粉蔥 ,22.8,15.4,10.2,15.2,-7.88,2337.0,-32.06,7,7,2016,0
2016-07-04,台中市,SE6 青蔥 粉蔥 ,,,,,,,,7,1,2016,1
2016-07-05,台中市,SE6 青蔥 粉蔥 ,34.1,25.9,19.7,26.0,71.05,1128.0,-51.73,7,2,2016,0
2016-07-06,台中市,SE6 青蔥 粉蔥 ,42.1,35.9,22.9,34.9,34.23,1510.0,33.87,7,3,2016,0
2016-07-07,台中市,SE6 青蔥 粉蔥 ,56.8,48.4,35.4,47.1,34.96,1799.0,19.14,7,4,2016,0
2016-07-08,台中市,SE6 青蔥 粉蔥 ,53.7,45.9,36.1,44.4,-5.73,2041.0,13.45,7,5,2016,0
2016-07-09,台中市,SE6 青蔥 粉蔥 ,45.4,36.7,27.3,36.0,-18.92,2495.0,22.24,7,6,2016,0
2016-07-10,台中市,SE6 青蔥 粉蔥 ,39.5,25.2,12.1,22.5,-37.5,2208.0,-11.5,7,7,2016,0
2016-07-11,台中市,SE6 青蔥 粉蔥 ,,,,,,,,7,1,2016,1
2016-07-12,台中市,SE6 青蔥 粉蔥 ,30.1,19.0,12.4,18.6,-17.33,2326.0,5.34,7,2,2016,0
2016-07-13,台中市,SE6 青蔥 粉蔥 ,19.8,14.4,9.2,15.1,-18.82,3110.0,33.71,7,3,2016,0
2016-07-14,台中市,SE6 青蔥 粉蔥 ,22.6,15.2,8.6,15.6,3.31,1928.0,-38.01,7,4,2016,0
2016-07-15,台中市,SE6 青蔥 粉蔥 ,26.2,18.1,9.2,18.0,15.38,1850.0,-4.05,7,5,2016,0
2016-07-16,台中市,SE6 青蔥 粉蔥 ,24.6,19.5,12.2,19.5,8.33,2118.0,14.49,7,6,2016,0
2016-07-17,台中市,SE6 青蔥 粉蔥 ,30.8,24.7,14.0,24.2,24.1,1352.0,-36.17,7,7,2016,0
2016-07-18,台中市,SE6 青蔥 粉蔥 ,,,,,,,,7,1,2016,1
2016-07-19,台中市,SE6 青蔥 粉蔥 ,39.0,31.3,22.0,31.3,29.34,1308.0,-3.25,7,2,2016,0
2016-07-20,台中市,SE6 青蔥 粉蔥 ,40.4,30.8,24.7,31.5,0.64,1904.0,45.57,7,3,2016,0
2016-07-21,台中市,SE6 青蔥 粉蔥 ,35.2,27.3,15.1,26.6,-15.56,2541.0,33.46,7,4,2016,0
2016-07-22,台中市,SE6 青蔥 粉蔥 ,31.4,22.8,14.0,22.7,-14.66,2137.0,-15.9,7,5,2016,0
2016-07-23,台中市,SE6 青蔥 粉蔥 ,30.6,21.8,15.6,23.2,2.2,2285.0,6.93,7,6,2016,0
2016-07-24,台中市,SE6 青蔥 粉蔥 ,32.8,23.5,15.2,23.1,-0.43,2039.0,-10.77,7,7,2016,0
2016-07-25,台中市,SE6 青蔥 粉蔥 ,,,,,,,,7,1,2016,1
2016-07-26,台中市,SE6 青蔥 粉蔥 ,31.6,21.7,15.3,21.6,-6.49,2770.0,35.85,7,2,2016,0
2016-07-27,台中市,SE6 青蔥 粉蔥 ,29.2,19.3,12.6,19.3,-10.65,2579.0,-6.9,7,3,2016,0
2016-07-28,台中市,SE6 青蔥 粉蔥 ,27.8,18.8,12.7,18.5,-4.15,2595.0,0.62,7,4,2016,0
2016-07-29,台中市,SE6 青蔥 粉蔥 ,23.2,18.0,11.8,16.9,-8.65,2510.0,-3.28,7,5,2016,0
2016-07-30,台中市,SE6 青蔥 粉蔥 ,27.8,23.5,17.8,22.7,34.32,1572.0,-37.37,7,6,2016,0
2016-07-31,台中市,SE6 青蔥 粉蔥 ,30.4,23.7,17.6,23.4,3.08,1241.0,-21.06,7,7,2016,0
2016-08-01,台中市,SE6 青蔥 粉蔥 ,,,,,,,,8,1,2016,1
2016-08-02,台中市,SE6 青蔥 粉蔥 ,35.8,24.7,16.8,24.9,6.41,1617.0,30.3,8,2,2016,0
2016-08-03,台中市,SE6 青蔥 粉蔥 ,32.2,26.2,15.9,24.1,-3.21,2107.0,30.3,8,3,2016,0
2016-08-04,台中市,SE6 青蔥 粉蔥 ,30.7,23.5,14.3,21.8,-9.54,1817.0,-13.76,8,4,2016,0
2016-08-05,台中市,SE6 青蔥 粉蔥 ,31.8,24.6,14.9,23.8,9.17,1861.0,2.42,8,5,2016,0
2016-08-06,台中市,SE6 青蔥 粉蔥 ,28.2,22.1,13.3,22.2,-6.72,1934.0,3.92,8,6,2016,0
2016-08-07,台中市,SE6 青蔥 粉蔥 ,28.3,21.4,13.6,21.5,-3.15,1469.0,-24.04,8,7,2016,0
2016-08-08,台中市,SE6 青蔥 粉蔥 ,,,,,,,,8,1,2016,1
2016-08-09,台中市,SE6 青蔥 粉蔥 ,34.8,26.0,19.8,26.0,20.93,1425.0,-3.0,8,2,2016,0
2016-08-10,台中市,SE6 青蔥 粉蔥 ,30.1,23.5,15.3,23.2,-10.77,1617.0,13.47,8,3,2016,0
2016-08-11,台中市,SE6 青蔥 粉蔥 ,30.2,21.6,10.4,20.6,-11.21,1925.0,19.05,8,4,2016,0
2016-08-12,台中市,SE6 青蔥 粉蔥 ,27.9,20.6,12.5,20.2,-1.94,1501.0,-22.03,8,5,2016,0
2016-08-13,台中市,SE6 青蔥 粉蔥 ,32.4,25.4,14.4,23.8,17.82,1750.0,16.59,8,6,2016,0
2016-08-14,台中市,SE6 青蔥 粉蔥 ,35.1,26.9,17.5,26.3,10.5,1645.0,-6.0,8,7,2016,0
2016-08-15,台中市,SE6 青蔥 粉蔥 ,,,,,,,,8,1,2016,1
2016-08-16,台中市,SE6 青蔥 粉蔥 ,36.1,29.0,21.0,28.8,9.51,2292.0,39.33,8,2,2016,0
2016-08-17,台中市,SE6 青蔥 粉蔥 ,35.4,26.8,19.3,26.9,-6.6,2675.0,16.71,8,3,2016,0
2016-08-18,台中市,SE6 青蔥 粉蔥 ,,,,,,,,8,4,2016,1
2016-08-19,台中市,SE6 青蔥 粉蔥 ,,,,,,,,8,5,2016,1
2016-08-20,台中市,SE6 青蔥 粉蔥 ,35.8,30.4,20.8,29.4,9.29,1691.0,-36.79,8,6,2016,0
2016-08-21,台中市,SE6 青蔥 粉蔥 ,38.3,31.8,22.7,30.9,5.1,1491.0,-11.83,8,7,2016,0
2016-08-22,台中市,SE6 青蔥 粉蔥 ,,,,,,,,8,1,2016,1
2016-08-23,台中市,SE6 青蔥 粉蔥 ,42.7,31.8,15.1,29.5,-4.53,2476.0,66.06,8,2,2016,0
2016-08-24,台中市,SE6 青蔥 粉蔥 ,37.2,28.5,15.7,26.1,-11.53,2585.0,4.4,8,3,2016,0
2016-08-25,台中市,SE6 青蔥 粉蔥 ,35.4,27.5,16.9,25.7,-1.53,2387.0,-7.66,8,4,2016,0
2016-08-26,台中市,SE6 青蔥 粉蔥 ,36.8,26.4,14.2,25.4,-1.17,1780.0,-25.43,8,5,2016,0
2016-08-27,台中市,SE6 青蔥 粉蔥 ,38.1,27.1,16.5,27.1,6.69,1610.0,-9.55,8,6,2016,0
2016-08-28,台中市,SE6 青蔥 粉蔥 ,40.0,25.3,18.0,27.3,0.74,2014.0,25.09,8,7,2016,0
2016-08-29,台中市,SE6 青蔥 粉蔥 ,,,,,,,,8,1,2016,1
2016-08-30,台中市,SE6 青蔥 粉蔥 ,47.0,33.2,25.2,34.0,24.54,1311.0,-34.91,8,2,2016,0
2016-08-31,台中市,SE6 青蔥 粉蔥 ,54.8,33.9,24.7,35.0,2.94,1368.0,4.35,8,3,2016,0
2016-09-01,台中市,SE6 青蔥 粉蔥 ,41.2,31.0,22.8,31.2,-10.86,984.0,-28.07,9,4,2016,0
2016-09-02,台中市,SE6 青蔥 粉蔥 ,41.8,32.5,21.4,32.6,4.49,1546.0,57.11,9,5,2016,0
2016-09-03,台中市,SE6 青蔥 粉蔥 ,46.8,30.7,21.4,32.0,-1.84,1610.0,4.14,9,6,2016,0
2016-09-04,台中市,SE6 青蔥 粉蔥 ,40.0,27.6,19.7,29.3,-8.44,1822.0,13.17,9,7,2016,0
2016-09-05,台中市,SE6 青蔥 粉蔥 ,,,,,,,,9,1,2016,1
2016-09-06,台中市,SE6 青蔥 粉蔥 ,47.5,35.5,20.6,31.8,8.53,1369.0,-24.86,9,2,2016,0
2016-09-07,台中市,SE6 青蔥 粉蔥 ,39.0,28.6,18.0,27.4,-13.84,1677.0,22.5,9,3,2016,0
2016-09-08,台中市,SE6 青蔥 粉蔥 ,43.4,26.1,14.3,26.7,-2.55,1157.0,-31.01,9,4,2016,0
2016-09-09,台中市,SE6 青蔥 粉蔥 ,51.8,36.0,18.8,34.8,30.34,1472.0,27.23,9,5,2016,0
2016-09-10,台中市,SE6 青蔥 粉蔥 ,56.1,32.4,15.9,31.8,-8.62,2238.0,52.04,9,6,2016,0
2016-09-11,台中市,SE6 青蔥 粉蔥 ,45.7,32.8,16.9,31.2,-1.89,2608.0,16.53,9,7,2016,0
2016-09-12,台中市,SE6 青蔥 粉蔥 ,,,,,,,,9,1,2016,1
2016-09-13,台中市,SE6 青蔥 粉蔥 ,56.4,45.3,25.0,43.8,40.38,2253.0,-13.61,9,2,2016,0
2016-09-14,台中市,SE6 青蔥 粉蔥 ,56.8,45.1,25.3,41.9,-4.34,2221.0,-1.42,9,3,2016,0
2016-09-15,台中市,SE6 青蔥 粉蔥 ,62.0,46.5,30.8,47.1,12.41,1577.0,-29.0,9,4,2016,0
2016-09-16,台中市,SE6 青蔥 粉蔥 ,,,,,,,,9,5,2016,1
2016-09-17,台中市,SE6 青蔥 粉蔥 ,,,,,,,,9,6,2016,1
2016-09-18,台中市,SE6 青蔥 粉蔥 ,55.8,36.7,16.9,34.9,-25.9,1959.0,24.22,9,7,2016,0
2016-09-19,台中市,SE6 青蔥 粉蔥 ,,,,,,,,9,1,2016,1
2016-09-20,台中市,SE6 青蔥 粉蔥 ,55.2,45.6,29.8,44.4,27.22,1611.0,-17.76,9,2,2016,0
2016-09-21,台中市,SE6 青蔥 粉蔥 ,52.4,40.4,21.4,38.0,-14.41,2036.0,26.38,9,3,2016,0
2016-09-22,台中市,SE6 青蔥 粉蔥 ,48.5,34.8,15.7,33.0,-13.16,2262.0,11.1,9,4,2016,0
2016-09-23,台中市,SE6 青蔥 粉蔥 ,57.0,35.2,19.4,35.6,7.88,1510.0,-33.24,9,5,2016,0
2016-09-24,台中市,SE6 青蔥 粉蔥 ,62.0,40.8,28.0,42.3,18.82,1436.0,-4.9,9,6,2016,0
2016-09-25,台中市,SE6 青蔥 粉蔥 ,68.8,43.0,33.7,46.0,8.75,1042.0,-27.44,9,7,2016,0
2016-09-26,台中市,SE6 青蔥 粉蔥 ,,,,,,,,9,1,2016,1
2016-09-27,台中市,SE6 青蔥 粉蔥 ,77.0,62.3,45.8,60.6,31.74,1756.0,68.52,9,2,2016,0
2016-09-28,台中市,SE6 青蔥 粉蔥 ,61.0,54.7,20.7,46.7,-22.94,920.0,-47.61,9,3,2016,0
2016-09-29,台中市,SE6 青蔥 粉蔥 ,115.0,72.5,46.0,78.9,68.95,586.0,-36.3,9,4,2016,0
2016-09-30,台中市,SE6 青蔥 粉蔥 ,134.2,97.5,54.6,94.1,19.26,670.0,14.33,9,5,2016,0
2016-10-01,台中市,SE6 青蔥 粉蔥 ,142.7,130.7,65.3,118.6,26.04,733.0,9.4,10,6,2016,0
2016-10-02,台中市,SE6 青蔥 粉蔥 ,141.9,123.3,52.4,111.6,-5.9,1067.0,45.57,10,7,2016,0
2016-10-03,台中市,SE6 青蔥 粉蔥 ,,,,,,,,10,1,2016,1
2016-10-04,台中市,SE6 青蔥 粉蔥 ,197.2,170.1,99.2,158.2,41.76,738.0,-30.83,10,2,2016,0
2016-10-05,台中市,SE6 青蔥 粉蔥 ,175.6,137.3,80.1,138.3,-12.58,975.0,32.11,10,3,2016,0
2016-10-06,台中市,SE6 青蔥 粉蔥 ,189.0,156.8,77.5,151.5,9.54,742.0,-23.9,10,4,2016,0
2016-10-07,台中市,SE6 青蔥 粉蔥 ,199.8,185.6,130.3,176.2,16.3,799.0,7.68,10,5,2016,0
2016-10-08,台中市,SE6 青蔥 粉蔥 ,184.2,143.6,89.7,135.4,-23.16,1525.0,90.86,10,6,2016,0
2016-10-09,台中市,SE6 青蔥 粉蔥 ,150.7,95.3,61.5,97.6,-27.92,2199.0,44.2,10,7,2016,0
2016-10-10,台中市,SE6 青蔥 粉蔥 ,,,,,,,,10,1,2016,1
2016-10-11,台中市,SE6 青蔥 粉蔥 ,144.8,78.3,47.1,82.5,-15.47,2157.0,-1.91,10,2,2016,0
2016-10-12,台中市,SE6 青蔥 粉蔥 ,158.8,95.2,43.0,89.3,8.24,1312.0,-39.17,10,3,2016,0
2016-10-13,台中市,SE6 青蔥 粉蔥 ,154.8,116.5,50.4,106.3,19.04,1074.0,-18.14,10,4,2016,0
2016-10-14,台中市,SE6 青蔥 粉蔥 ,125.0,89.8,36.4,86.7,-18.44,1480.0,37.8,10,5,2016,0
2016-10-15,台中市,SE6 青蔥 粉蔥 ,126.8,99.4,44.9,87.8,1.27,1136.0,-23.24,10,6,2016,0
2016-10-16,台中市,SE6 青蔥 粉蔥 ,135.8,90.7,42.0,86.7,-1.25,1177.0,3.61,10,7,2016,0
2016-10-17,台中市,SE6 青蔥 粉蔥 ,,,,,,,,10,1,2016,1
2016-10-18,台中市,SE6 青蔥 粉蔥 ,120.4,85.0,48.6,77.2,-10.96,1514.0,28.63,10,2,2016,0
2016-10-19,台中市,SE6 青蔥 粉蔥 ,138.1,85.6,41.8,86.0,11.4,957.0,-36.79,10,3,2016,0
2016-10-20,台中市,SE6 青蔥 粉蔥 ,143.0,75.7,45.7,74.3,-13.6,1131.0,18.18,10,4,2016,0
2016-10-21,台中市,SE6 青蔥 粉蔥 ,140.4,73.0,50.8,87.6,17.9,927.0,-18.04,10,5,2016,0
2016-10-22,台中市,SE6 青蔥 粉蔥 ,102.1,64.1,24.5,57.4,-34.47,2581.0,178.43,10,6,2016,0
2016-10-23,台中市,SE6 青蔥 粉蔥 ,96.0,67.1,35.8,61.6,7.32,1589.0,-38.43,10,7,2016,0
2016-10-24,台中市,SE6 青蔥 粉蔥 ,,,,,,,,10,1,2016,1
2016-10-25,台中市,SE6 青蔥 粉蔥 ,63.5,44.2,12.1,38.7,-37.18,2450.0,54.19,10,2,2016,0
2016-10-26,台中市,SE6 青蔥 粉蔥 ,73.4,46.9,21.0,43.0,11.11,1221.0,-50.16,10,3,2016,0
2016-10-27,台中市,SE6 青蔥 粉蔥 ,92.2,51.1,23.7,54.0,25.58,924.0,-24.32,10,4,2016,0
2016-10-28,台中市,SE6 青蔥 粉蔥 ,89.6,73.3,37.8,67.8,25.56,960.0,3.9,10,5,2016,0
2016-10-29,台中市,SE6 青蔥 粉蔥 ,95.2,75.5,43.6,76.2,12.39,770.0,-19.79,10,6,2016,0
2016-10-30,台中市,SE6 青蔥 粉蔥 ,111.5,81.1,49.8,82.7,8.53,527.0,-31.56,10,7,2016,0
2016-10-31,台中市,SE6 青蔥 粉蔥 ,,,,,,,,10,1,2016,1
2016-11-01,台中市,SE6 青蔥 粉蔥 ,113.6,81.1,56.4,82.8,0.12,937.0,77.8,11,2,2016,0
2016-11-02,台中市,SE6 青蔥 粉蔥 ,100.1,81.5,63.3,82.7,-0.12,1180.0,25.93,11,3,2016,0
2016-11-03,台中市,SE6 青蔥 粉蔥 ,109.2,83.0,64.2,86.1,4.11,911.0,-22.8,11,4,2016,0
2016-11-04,台中市,SE6 青蔥 粉蔥 ,108.5,87.7,60.5,90.0,4.53,423.0,-53.57,11,5,2016,0
2016-11-05,台中市,SE6 青蔥 粉蔥 ,93.6,69.2,53.7,68.9,-23.44,1214.0,187.0,11,6,2016,0
2016-11-06,台中市,SE6 青蔥 粉蔥 ,85.4,52.7,32.3,55.8,-19.01,1028.0,-15.32,11,7,2016,0
2016-11-07,台中市,SE6 青蔥 粉蔥 ,,,,,,,,11,1,2016,1
2016-11-08,台中市,SE6 青蔥 粉蔥 ,95.6,70.1,52.6,71.5,28.14,836.0,-18.68,11,2,2016,0
2016-11-09,台中市,SE6 青蔥 粉蔥 ,82.8,68.7,51.7,69.2,-3.22,863.0,3.23,11,3,2016,0
2016-11-10,台中市,SE6 青蔥 粉蔥 ,83.1,57.6,37.8,60.1,-13.15,1153.0,33.6,11,4,2016,0
2016-11-11,台中市,SE6 青蔥 粉蔥 ,81.7,61.8,41.0,62.6,4.16,524.0,-54.55,11,5,2016,0
2016-11-12,台中市,SE6 青蔥 粉蔥 ,72.8,51.0,38.7,53.7,-14.22,1128.0,115.27,11,6,2016,0
2016-11-13,台中市,SE6 青蔥 粉蔥 ,92.6,67.1,42.0,69.4,29.24,681.0,-39.63,11,7,2016,0
2016-11-14,台中市,SE6 青蔥 粉蔥 ,,,,,,,,11,1,2016,1
2016-11-15,台中市,SE6 青蔥 粉蔥 ,90.2,66.5,41.7,67.6,-2.59,815.0,19.68,11,2,2016,0
2016-11-16,台中市,SE6 青蔥 粉蔥 ,79.3,62.2,31.0,61.0,-9.76,1035.0,26.99,11,3,2016,0
2016-11-17,台中市,SE6 青蔥 粉蔥 ,79.5,56.5,37.5,58.7,-3.77,1343.0,29.76,11,4,2016,0
2016-11-18,台中市,SE6 青蔥 粉蔥 ,72.8,47.8,25.8,47.4,-19.25,1441.0,7.3,11,5,2016,0
2016-11-19,台中市,SE6 青蔥 粉蔥 ,62.3,45.7,24.2,45.5,-4.01,1620.0,12.42,11,6,2016,0
2016-11-20,台中市,SE6 青蔥 粉蔥 ,69.7,47.8,24.1,46.1,1.32,1547.0,-4.51,11,7,2016,0
2016-11-21,台中市,SE6 青蔥 粉蔥 ,,,,,,,,11,1,2016,1
2016-11-22,台中市,SE6 青蔥 粉蔥 ,70.1,44.3,26.7,46.5,0.87,1187.0,-23.27,11,2,2016,0
2016-11-23,台中市,SE6 青蔥 粉蔥 ,82.7,58.8,35.7,57.3,23.23,350.0,-70.51,11,3,2016,0
2016-11-24,台中市,SE6 青蔥 粉蔥 ,80.0,69.7,56.5,65.6,14.49,256.0,-26.86,11,4,2016,0
2016-11-25,台中市,SE6 青蔥 粉蔥 ,81.3,65.4,56.7,71.5,8.99,442.0,72.66,11,5,2016,0
2016-11-26,台中市,SE6 青蔥 粉蔥 ,77.6,58.1,40.4,60.0,-16.08,824.0,86.43,11,6,2016,0
2016-11-27,台中市,SE6 青蔥 粉蔥 ,69.8,54.8,46.2,57.5,-4.17,1328.0,61.17,11,7,2016,0
2016-11-28,台中市,SE6 青蔥 粉蔥 ,,,,,,,,11,1,2016,1
2016-11-29,台中市,SE6 青蔥 粉蔥 ,84.1,62.0,54.7,63.8,10.96,1018.0,-23.34,11,2,2016,0
2016-11-30,台中市,SE6 青蔥 粉蔥 ,83.2,72.7,58.0,70.7,10.82,563.0,-44.7,11,3,2016,0
2016-12-01,台中市,SE6 青蔥 粉蔥 ,75.7,70.5,55.8,66.6,-5.8,1082.0,92.18,12,4,2016,0
2016-12-02,台中市,SE6 青蔥 粉蔥 ,81.0,71.9,55.0,66.3,-0.45,794.0,-26.62,12,5,2016,0
2016-12-03,台中市,SE6 青蔥 粉蔥 ,72.7,66.2,51.8,64.3,-3.02,948.0,19.4,12,6,2016,0
2016-12-04,台中市,SE6 青蔥 粉蔥 ,74.5,62.2,41.8,61.8,-3.89,693.0,-26.9,12,7,2016,0
2016-12-05,台中市,SE6 青蔥 粉蔥 ,,,,,,,,12,1,2016,1
2016-12-06,台中市,SE6 青蔥 粉蔥 ,73.4,62.1,41.7,61.4,-0.65,984.0,41.99,12,2,2016,0
2016-12-07,台中市,SE6 青蔥 粉蔥 ,73.8,59.7,46.6,60.3,-1.79,713.0,-27.54,12,3,2016,0
2016-12-08,台中市,SE6 青蔥 粉蔥 ,64.8,50.3,30.4,46.9,-22.22,850.0,19.21,12,4,2016,0
2016-12-09,台中市,SE6 青蔥 粉蔥 ,63.7,39.4,21.7,42.3,-9.81,693.0,-18.47,12,5,2016,0
2016-12-10,台中市,SE6 青蔥 粉蔥 ,68.4,40.3,31.6,45.9,8.51,592.0,-14.57,12,6,2016,0
2016-12-11,台中市,SE6 青蔥 粉蔥 ,71.5,64.2,41.0,62.0,35.08,248.0,-58.11,12,7,2016,0
2016-12-12,台中市,SE6 青蔥 粉蔥 ,,,,,,,,12,1,2016,1
2016-12-13,台中市,SE6 青蔥 粉蔥 ,70.6,63.4,36.8,61.6,-0.65,501.0,102.02,12,2,2016,0
2016-12-14,台中市,SE6 青蔥 粉蔥 ,71.3,67.1,36.7,59.9,-2.76,749.0,49.5,12,3,2016,0
2016-12-15,台中市,SE6 青蔥 粉蔥 ,67.8,52.2,38.7,54.8,-8.51,964.0,28.7,12,4,2016,0
2016-12-16,台中市,SE6 青蔥 粉蔥 ,59.5,58.0,48.5,57.7,5.29,251.0,-73.96,12,5,2016,0
2016-12-17,台中市,SE6 青蔥 粉蔥 ,62.4,52.3,44.0,53.4,-7.45,585.0,133.07,12,6,2016,0
2016-12-18,台中市,SE6 青蔥 粉蔥 ,66.8,60.3,57.2,61.3,14.79,464.0,-20.68,12,7,2016,0
2016-12-19,台中市,SE6 青蔥 粉蔥 ,,,,,,,,12,1,2016,1
2016-12-20,台中市,SE6 青蔥 粉蔥 ,74.7,67.3,45.0,64.0,4.4,901.0,94.18,12,2,2016,0
2016-12-21,台中市,SE6 青蔥 粉蔥 ,59.2,52.6,36.8,52.1,-18.59,589.0,-34.63,12,3,2016,0
2016-12-22,台中市,SE6 青蔥 粉蔥 ,63.8,53.4,31.2,45.8,-12.09,447.0,-24.11,12,4,2016,0
2016-12-23,台中市,SE6 青蔥 粉蔥 ,64.5,58.5,38.0,57.0,24.45,250.0,-44.07,12,5,2016,0
2016-12-24,台中市,SE6 青蔥 粉蔥 ,66.0,45.7,31.0,48.0,-15.79,358.0,43.2,12,6,2016,0
2016-12-25,台中市,SE6 青蔥 粉蔥 ,50.0,38.0,35.0,39.3,-18.13,80.0,-77.65,12,7,2016,0
2016-12-26,台中市,SE6 青蔥 粉蔥 ,,,,,,,,12,1,2016,1
2016-12-27,台中市,SE6 青蔥 粉蔥 ,53.0,38.7,19.7,38.3,-2.54,841.0,951.25,12,2,2016,0
2016-12-28,台中市,SE6 青蔥 粉蔥 ,51.2,34.3,19.2,33.1,-13.58,1254.0,49.11,12,3,2016,0
2016-12-29,台中市,SE6 青蔥 粉蔥 ,46.4,32.5,19.6,33.5,1.21,579.0,-53.83,12,4,2016,0
2016-12-30,台中市,SE6 青蔥 粉蔥 ,45.6,35.8,22.8,35.0,4.48,991.0,71.16,12,5,2016,0
2016-12-31,台中市,SE6 青蔥 粉蔥 ,39.4,24.5,18.5,25.6,-26.86,1313.0,32.49,12,6,2016,0
2017-01-01,台中市,SE6 青蔥 粉蔥 ,34.1,25.0,19.8,25.9,1.17,1609.0,22.54,1,7,2017,0
2017-01-02,台中市,SE6 青蔥 粉蔥 ,,,,,,,,1,1,2017,1
2017-01-03,台中市,SE6 青蔥 粉蔥 ,39.5,31.2,20.3,29.1,12.36,1647.0,2.36,1,2,2017,0
2017-01-04,台中市,SE6 青蔥 粉蔥 ,41.1,31.9,19.4,28.7,-1.37,1513.0,-8.14,1,3,2017,0
2017-01-05,台中市,SE6 青蔥 粉蔥 ,31.2,20.5,13.3,20.2,-29.62,2159.0,42.7,1,4,2017,0
2017-01-06,台中市,SE6 青蔥 粉蔥 ,30.2,24.3,17.0,23.0,13.86,1068.0,-50.53,1,5,2017,0
2017-01-07,台中市,SE6 青蔥 粉蔥 ,34.3,19.6,11.6,19.8,-13.91,1249.0,16.95,1,6,2017,0
2017-01-08,台中市,SE6 青蔥 粉蔥 ,36.1,27.0,16.0,24.5,23.74,1227.0,-1.76,1,7,2017,0
2017-01-09,台中市,SE6 青蔥 粉蔥 ,,,,,,,,1,1,2017,1
2017-01-10,台中市,SE6 青蔥 粉蔥 ,34.6,28.0,20.9,28.7,17.14,1450.0,18.17,1,2,2017,0
2017-01-11,台中市,SE6 青蔥 粉蔥 ,33.6,23.4,14.5,24.1,-16.03,1282.0,-11.59,1,3,2017,0
2017-01-12,台中市,SE6 青蔥 粉蔥 ,33.6,23.5,14.9,23.3,-3.32,1666.0,29.95,1,4,2017,0
2017-01-13,台中市,SE6 青蔥 粉蔥 ,32.7,23.4,12.4,21.7,-6.87,1428.0,-14.29,1,5,2017,0
2017-01-14,台中市,SE6 青蔥 粉蔥 ,31.9,22.5,11.6,20.6,-5.07,1789.0,25.28,1,6,2017,0
2017-01-15,台中市,SE6 青蔥 粉蔥 ,32.2,23.3,17.2,23.9,16.02,1953.0,9.17,1,7,2017,0
2017-01-16,台中市,SE6 青蔥 粉蔥 ,,,,,,,,1,1,2017,1
2017-01-17,台中市,SE6 青蔥 粉蔥 ,31.7,27.4,18.3,24.7,3.35,1857.0,-4.92,1,2,2017,0
2017-01-18,台中市,SE6 青蔥 粉蔥 ,31.4,24.7,16.4,24.3,-1.62,1779.0,-4.2,1,3,2017,0
2017-01-19,台中市,SE6 青蔥 粉蔥 ,29.1,23.6,16.5,23.0,-5.35,2220.0,24.79,1,4,2017,0
2017-01-20,台中市,SE6 青蔥 粉蔥 ,26.4,19.6,10.8,19.8,-13.91,2913.0,31.22,1,5,2017,0
2017-01-21,台中市,SE6 青蔥 粉蔥 ,29.5,22.9,15.6,22.2,12.12,2469.0,-15.24,1,6,2017,0
2017-01-22,台中市,SE6 青蔥 粉蔥 ,27.2,21.4,15.7,21.6,-2.7,2141.0,-13.28,1,7,2017,0
2017-01-23,台中市,SE6 青蔥 粉蔥 ,,,,,,,,1,1,2017,1
2017-01-24,台中市,SE6 青蔥 粉蔥 ,41.8,35.6,28.6,35.0,62.04,2824.0,31.9,1,2,2017,0
2017-01-25,台中市,SE6 青蔥 粉蔥 ,61.9,49.7,37.4,48.9,39.71,2744.0,-2.83,1,3,2017,0
2017-01-26,台中市,SE6 青蔥 粉蔥 ,51.9,32.5,22.6,32.4,-33.74,4992.0,81.92,1,4,2017,0
2017-01-27,台中市,SE6 青蔥 粉蔥 ,43.6,29.1,12.6,24.8,-23.46,2303.0,-53.87,1,5,2017,0
2017-01-28,台中市,SE6 青蔥 粉蔥 ,,,,,,,,1,6,2017,1
2017-01-29,台中市,SE6 青蔥 粉蔥 ,,,,,,,,1,7,2017,1
2017-01-30,台中市,SE6 青蔥 粉蔥 ,,,,,,,,1,1,2017,1
2017-01-31,台中市,SE6 青蔥 粉蔥 ,,,,,,,,1,2,2017,1
2017-02-01,台中市,SE6 青蔥 粉蔥 ,,,,,,,,2,3,2017,1
2017-02-02,台中市,SE6 青蔥 粉蔥 ,33.3,26.7,14.2,24.8,0.0,2798.0,21.49,2,4,2017,0
2017-02-03,台中市,SE6 青蔥 粉蔥 ,29.9,19.0,11.0,19.1,-22.98,3698.0,32.17,2,5,2017,0
2017-02-04,台中市,SE6 青蔥 粉蔥 ,27.9,21.0,13.0,20.7,8.38,3360.0,-9.14,2,6,2017,0
2017-02-05,台中市,SE6 青蔥 粉蔥 ,,,,,,,,2,7,2017,1
2017-02-06,台中市,SE6 青蔥 粉蔥 ,,,,,,,,2,1,2017,1
2017-02-07,台中市,SE6 青蔥 粉蔥 ,22.8,13.9,9.7,15.5,-25.12,4881.0,45.27,2,2,2017,0
2017-02-08,台中市,SE6 青蔥 粉蔥 ,19.6,11.4,7.6,12.1,-21.94,3774.0,-22.68,2,3,2017,0
2017-02-09,台中市,SE6 青蔥 粉蔥 ,19.1,12.4,7.0,12.1,0.0,2641.0,-30.02,2,4,2017,0
2017-02-10,台中市,SE6 青蔥 粉蔥 ,16.8,10.6,7.2,11.2,-7.44,3098.0,17.3,2,5,2017,0
2017-02-11,台中市,SE6 青蔥 粉蔥 ,21.6,17.9,14.4,17.9,59.82,2269.0,-26.76,2,6,2017,0
2017-02-12,台中市,SE6 青蔥 粉蔥 ,,,,,,,,2,7,2017,1
2017-02-13,台中市,SE6 青蔥 粉蔥 ,,,,,,,,2,1,2017,1
2017-02-14,台中市,SE6 青蔥 粉蔥 ,27.8,23.2,19.8,23.0,28.49,2494.0,9.92,2,2,2017,0
2017-02-15,台中市,SE6 青蔥 粉蔥 ,27.7,18.8,13.1,19.4,-15.65,2721.0,9.1,2,3,2017,0
2017-02-16,台中市,SE6 青蔥 粉蔥 ,27.1,18.3,11.1,17.7,-8.76,2742.0,0.77,2,4,2017,0
2017-02-17,台中市,SE6 青蔥 粉蔥 ,23.0,14.6,6.9,14.7,-16.95,3764.0,37.27,2,5,2017,0
2017-02-18,台中市,SE6 青蔥 粉蔥 ,21.2,15.3,8.9,15.2,3.4,3424.0,-9.03,2,6,2017,0
2017-02-19,台中市,SE6 青蔥 粉蔥 ,23.8,16.3,11.6,15.8,3.95,2665.0,-22.17,2,7,2017,0
2017-02-20,台中市,SE6 青蔥 粉蔥 ,,,,,,,,2,1,2017,1
2017-02-21,台中市,SE6 青蔥 粉蔥 ,25.3,18.7,13.6,18.7,18.35,2644.0,-0.79,2,2,2017,0
2017-02-22,台中市,SE6 青蔥 粉蔥 ,22.6,16.3,10.3,16.3,-12.83,2293.0,-13.28,2,3,2017,0
2017-02-23,台中市,SE6 青蔥 粉蔥 ,23.9,18.1,12.2,17.7,8.59,2654.0,15.74,2,4,2017,0
2017-02-24,台中市,SE6 青蔥 粉蔥 ,20.7,14.8,7.9,14.5,-18.08,3959.0,49.17,2,5,2017,0
2017-02-25,台中市,SE6 青蔥 粉蔥 ,21.5,13.3,6.9,12.8,-11.72,3583.0,-9.5,2,6,2017,0
2017-02-26,台中市,SE6 青蔥 粉蔥 ,22.1,12.9,9.4,13.8,7.81,2419.0,-32.49,2,7,2017,0
2017-02-27,台中市,SE6 青蔥 粉蔥 ,,,,,,,,2,1,2017,1
2017-02-28,台中市,SE6 青蔥 粉蔥 ,20.8,18.0,11.6,17.2,24.64,2216.0,-8.39,2,2,2017,0
2017-03-01,台中市,SE6 青蔥 粉蔥 ,25.6,20.2,13.7,20.1,16.86,2248.0,1.44,3,3,2017,0
2017-03-02,台中市,SE6 青蔥 粉蔥 ,27.2,22.6,17.6,22.6,12.44,1960.0,-12.81,3,4,2017,0
2017-03-03,台中市,SE6 青蔥 粉蔥 ,26.5,22.2,14.8,21.5,-4.87,3019.0,54.03,3,5,2017,0
2017-03-04,台中市,SE6 青蔥 粉蔥 ,26.3,20.2,15.2,20.2,-6.05,3076.0,1.89,3,6,2017,0
2017-03-05,台中市,SE6 青蔥 粉蔥 ,25.4,18.6,13.9,18.5,-8.42,3047.0,-0.94,3,7,2017,0
2017-03-06,台中市,SE6 青蔥 粉蔥 ,,,,,,,,3,1,2017,1
2017-03-07,台中市,SE6 青蔥 粉蔥 ,24.1,18.4,11.4,17.5,-5.41,3418.0,12.18,3,2,2017,0
2017-03-08,台中市,SE6 青蔥 粉蔥 ,20.2,15.1,11.0,14.7,-16.0,3890.0,13.81,3,3,2017,0
2017-03-09,台中市,SE6 青蔥 粉蔥 ,22.2,14.0,8.4,13.5,-8.16,2242.0,-42.37,3,4,2017,0
2017-03-10,台中市,SE6 青蔥 粉蔥 ,25.6,18.9,13.0,19.0,40.74,1625.0,-27.52,3,5,2017,0
2017-03-11,台中市,SE6 青蔥 粉蔥 ,20.9,16.6,11.2,16.6,-12.63,2427.0,49.35,3,6,2017,0
2017-03-12,台中市,SE6 青蔥 粉蔥 ,20.1,16.5,12.4,16.1,-3.01,3528.0,45.36,3,7,2017,0
2017-03-13,台中市,SE6 青蔥 粉蔥 ,,,,,,,,3,1,2017,1
2017-03-14,台中市,SE6 青蔥 粉蔥 ,19.5,15.4,9.5,14.6,-9.32,4053.0,14.88,3,2,2017,0
2017-03-15,台中市,SE6 青蔥 粉蔥 ,19.8,15.6,12.1,15.3,4.79,2744.0,-32.3,3,3,2017,0
2017-03-16,台中市,SE6 青蔥 粉蔥 ,18.6,15.1,11.0,14.3,-6.54,3167.0,15.42,3,4,2017,0
2017-03-17,台中市,SE6 青蔥 粉蔥 ,19.3,13.8,9.8,13.4,-6.29,2854.0,-9.88,3,5,2017,0
2017-03-18,台中市,SE6 青蔥 粉蔥 ,19.2,15.2,12.6,15.4,14.93,2705.0,-5.22,3,6,2017,0
2017-03-19,台中市,SE6 青蔥 粉蔥 ,19.4,16.6,13.5,16.3,5.84,2333.0,-13.75,3,7,2017,0
2017-03-20,台中市,SE6 青蔥 粉蔥 ,,,,,,,,3,1,2017,1
2017-03-21,台中市,SE6 青蔥 粉蔥 ,19.1,16.3,13.5,16.3,0.0,2793.0,19.72,3,2,2017,0
2017-03-22,台中市,SE6 青蔥 粉蔥 ,18.6,15.5,13.0,15.7,-3.68,2282.0,-18.3,3,3,2017,0
2017-03-23,台中市,SE6 青蔥 粉蔥 ,18.0,15.9,13.8,16.1,2.55,2856.0,25.15,3,4,2017,0
2017-03-24,台中市,SE6 青蔥 粉蔥 ,17.1,14.0,11.5,13.8,-14.29,4258.0,49.09,3,5,2017,0
2017-03-25,台中市,SE6 青蔥 粉蔥 ,19.3,13.5,9.7,13.2,-4.35,3628.0,-14.8,3,6,2017,0
2017-03-26,台中市,SE6 青蔥 粉蔥 ,16.3,12.0,8.6,12.0,-9.09,3891.0,7.25,3,7,2017,0
2017-03-27,台中市,SE6 青蔥 粉蔥 ,,,,,,,,3,1,2017,1
2017-03-28,台中市,SE6 青蔥 粉蔥 ,17.1,14.1,11.1,13.8,15.0,3423.0,-12.03,3,2,2017,0
2017-03-29,台中市,SE6 青蔥 粉蔥 ,19.0,15.2,11.5,15.3,10.87,2630.0,-23.17,3,3,2017,0
2017-03-30,台中市,SE6 青蔥 粉蔥 ,16.8,13.8,9.8,13.6,-11.11,2618.0,-0.46,3,4,2017,0
2017-03-31,台中市,SE6 青蔥 粉蔥 ,16.4,12.0,9.4,12.6,-7.35,3476.0,32.77,3,5,2017,0
2017-04-01,台中市,SE6 青蔥 粉蔥 ,15.0,9.6,6.7,10.3,-18.25,4026.0,15.82,4,6,2017,0
2017-04-02,台中市,SE6 青蔥 粉蔥 ,14.0,9.2,6.0,9.8,-4.85,3620.0,-10.08,4,7,2017,0
2017-04-03,台中市,SE6 青蔥 粉蔥 ,20.0,15.9,12.1,16.1,64.29,2278.0,-37.07,4,1,2017,0
2017-04-04,台中市,SE6 青蔥 粉蔥 ,,,,,,,,4,2,2017,1
2017-04-05,台中市,SE6 青蔥 粉蔥 ,,,,,,,,4,3,2017,1
2017-04-06,台中市,SE6 青蔥 粉蔥 ,17.6,14.9,11.4,14.6,-9.32,3821.0,67.73,4,4,2017,0
2017-04-07,台中市,SE6 青蔥 粉蔥 ,16.8,11.2,9.6,12.2,-16.44,3491.0,-8.64,4,5,2017,0
2017-04-08,台中市,SE6 青蔥 粉蔥 ,15.3,10.8,7.5,11.0,-9.84,4150.0,18.88,4,6,2017,0
2017-04-09,台中市,SE6 青蔥 粉蔥 ,12.4,7.7,5.0,8.2,-25.45,4282.0,3.18,4,7,2017,0
2017-04-10,台中市,SE6 青蔥 粉蔥 ,,,,,,,,4,1,2017,1
2017-04-11,台中市,SE6 青蔥 粉蔥 ,12.9,9.2,6.2,9.3,13.41,4237.0,-1.05,4,2,2017,0
2017-04-12,台中市,SE6 青蔥 粉蔥 ,10.6,7.4,5.1,7.5,-19.35,4357.0,2.83,4,3,2017,0
2017-04-13,台中市,SE6 青蔥 粉蔥 ,10.7,7.6,4.3,7.9,5.33,2639.0,-39.43,4,4,2017,0
2017-04-14,台中市,SE6 青蔥 粉蔥 ,13.7,10.6,7.4,10.7,35.44,1468.0,-44.37,4,5,2017,0
2017-04-15,台中市,SE6 青蔥 粉蔥 ,16.2,14.3,10.6,13.9,29.91,1654.0,12.67,4,6,2017,0
2017-04-16,台中市,SE6 青蔥 粉蔥 ,19.2,15.1,10.6,15.1,8.63,2248.0,35.91,4,7,2017,0
2017-04-17,台中市,SE6 青蔥 粉蔥 ,,,,,,,,4,1,2017,1
2017-04-18,台中市,SE6 青蔥 粉蔥 ,21.2,15.1,11.4,15.0,-0.66,3148.0,40.04,4,2,2017,0
2017-04-19,台中市,SE6 青蔥 粉蔥 ,20.0,14.4,9.4,14.0,-6.67,3411.0,8.35,4,3,2017,0
2017-04-20,台中市,SE6 青蔥 粉蔥 ,15.5,10.7,6.6,11.0,-21.43,4197.0,23.04,4,4,2017,0
2017-04-21,台中市,SE6 青蔥 粉蔥 ,14.6,8.7,5.3,8.7,-20.91,3599.0,-14.25,4,5,2017,0
2017-04-22,台中市,SE6 青蔥 粉蔥 ,11.7,7.0,4.2,7.3,-16.09,4561.0,26.73,4,6,2017,0
2017-04-23,台中市,SE6 青蔥 粉蔥 ,17.2,13.5,8.1,14.6,100.0,1650.0,-63.82,4,7,2017,0
2017-04-24,台中市,SE6 青蔥 粉蔥 ,,,,,,,,4,1,2017,1
2017-04-25,台中市,SE6 青蔥 粉蔥 ,20.0,17.2,13.8,16.9,15.75,2263.0,37.15,4,2,2017,0
2017-04-26,台中市,SE6 青蔥 粉蔥 ,16.3,13.2,7.9,13.4,-20.71,2841.0,25.54,4,3,2017,0
2017-04-27,台中市,SE6 青蔥 粉蔥 ,18.9,12.9,9.3,13.1,-2.24,2840.0,-0.04,4,4,2017,0
2017-04-28,台中市,SE6 青蔥 粉蔥 ,16.9,14.1,8.5,13.9,6.11,2780.0,-2.11,4,5,2017,0
2017-04-29,台中市,SE6 青蔥 粉蔥 ,16.7,15.2,13.1,15.0,7.91,2339.0,-15.86,4,6,2017,0
2017-04-30,台中市,SE6 青蔥 粉蔥 ,16.3,14.5,10.5,14.2,-5.33,2963.0,26.68,4,7,2017,0
2017-05-01,台中市,SE6 青蔥 粉蔥 ,,,,,,,,5,1,2017,1
2017-05-02,台中市,SE6 青蔥 粉蔥 ,20.1,15.9,11.6,15.6,9.86,2525.0,-14.78,5,2,2017,0
2017-05-03,台中市,SE6 青蔥 粉蔥 ,18.4,16.1,12.4,15.9,1.92,2898.0,14.77,5,3,2017,0
2017-05-04,台中市,SE6 青蔥 粉蔥 ,18.9,16.2,12.0,16.2,1.89,2396.0,-17.32,5,4,2017,0
2017-05-05,台中市,SE6 青蔥 粉蔥 ,17.2,14.6,10.2,13.4,-17.28,3799.0,58.56,5,5,2017,0
2017-05-06,台中市,SE6 青蔥 粉蔥 ,15.7,12.0,7.0,11.5,-14.18,3869.0,1.84,5,6,2017,0
2017-05-07,台中市,SE6 青蔥 粉蔥 ,12.4,8.2,3.7,7.7,-33.04,3611.0,-6.67,5,7,2017,0
2017-05-08,台中市,SE6 青蔥 粉蔥 ,,,,,,,,5,1,2017,1
2017-05-09,台中市,SE6 青蔥 粉蔥 ,14.6,11.2,7.1,10.9,41.56,2347.0,-35.0,5,2,2017,0
2017-05-10,台中市,SE6 青蔥 粉蔥 ,14.2,12.3,10.0,12.2,11.93,2210.0,-5.84,5,3,2017,0
2017-05-11,台中市,SE6 青蔥 粉蔥 ,13.1,10.8,6.5,10.6,-13.11,2324.0,5.16,5,4,2017,0
2017-05-12,台中市,SE6 青蔥 粉蔥 ,14.0,10.8,6.5,10.7,0.94,2253.0,-3.06,5,5,2017,0
2017-05-13,台中市,SE6 青蔥 粉蔥 ,13.2,10.1,6.8,10.3,-3.74,2461.0,9.23,5,6,2017,0
2017-05-14,台中市,SE6 青蔥 粉蔥 ,12.8,9.5,4.3,9.2,-10.68,3076.0,24.99,5,7,2017,0
2017-05-15,台中市,SE6 青蔥 粉蔥 ,,,,,,,,5,1,2017,1
2017-05-16,台中市,SE6 青蔥 粉蔥 ,13.4,11.0,4.9,10.7,16.3,2368.0,-23.02,5,2,2017,0
2017-05-17,台中市,SE6 青蔥 粉蔥 ,14.2,12.5,9.2,12.4,15.89,1835.0,-22.51,5,3,2017,0
2017-05-18,台中市,SE6 青蔥 粉蔥 ,13.2,10.7,3.6,10.2,-17.74,2404.0,31.01,5,4,2017,0
2017-05-19,台中市,SE6 青蔥 粉蔥 ,15.1,10.1,5.1,10.2,0.0,2191.0,-8.86,5,5,2017,0
2017-05-20,台中市,SE6 青蔥 粉蔥 ,14.4,10.0,6.1,10.2,0.0,2408.0,9.9,5,6,2017,0
2017-05-21,台中市,SE6 青蔥 粉蔥 ,18.5,12.7,7.9,12.8,25.49,1730.0,-28.16,5,7,2017,0
2017-05-22,台中市,SE6 青蔥 粉蔥 ,,,,,,,,5,1,2017,1
2017-05-23,台中市,SE6 青蔥 粉蔥 ,20.0,14.3,9.8,15.1,17.97,1755.0,1.45,5,2,2017,0
2017-05-24,台中市,SE6 青蔥 粉蔥 ,20.4,16.4,11.2,16.4,8.61,1825.0,3.99,5,3,2017,0
2017-05-25,台中市,SE6 青蔥 粉蔥 ,21.7,16.9,9.8,17.1,4.27,1781.0,-2.41,5,4,2017,0
2017-05-26,台中市,SE6 青蔥 粉蔥 ,22.4,19.2,11.4,17.8,4.09,2088.0,17.24,5,5,2017,0
2017-05-27,台中市,SE6 青蔥 粉蔥 ,23.9,17.6,10.6,17.5,-1.69,2774.0,32.85,5,6,2017,0
2017-05-28,台中市,SE6 青蔥 粉蔥 ,20.7,14.8,9.6,15.2,-13.14,2805.0,1.12,5,7,2017,0
2017-05-29,台中市,SE6 青蔥 粉蔥 ,18.1,12.8,7.6,13.2,-13.16,2473.0,-11.84,5,1,2017,0
2017-05-30,台中市,SE6 青蔥 粉蔥 ,20.4,14.9,9.0,14.9,12.88,2005.0,-18.92,5,2,2017,0
2017-05-31,台中市,SE6 青蔥 粉蔥 ,,,,,,,,5,3,2017,1
2017-06-01,台中市,SE6 青蔥 粉蔥 ,,,,,,,,6,4,2017,1
2017-06-02,台中市,SE6 青蔥 粉蔥 ,25.0,20.5,11.2,19.7,32.21,1507.0,-24.84,6,5,2017,0
2017-06-03,台中市,SE6 青蔥 粉蔥 ,26.5,22.4,13.8,21.2,7.61,1456.0,-3.38,6,6,2017,0
2017-06-04,台中市,SE6 青蔥 粉蔥 ,48.6,41.0,28.5,38.8,83.02,1417.0,-2.68,6,7,2017,0
2017-06-05,台中市,SE6 青蔥 粉蔥 ,,,,,,,,6,1,2017,1
2017-06-06,台中市,SE6 青蔥 粉蔥 ,47.6,40.1,23.0,37.2,-4.12,2350.0,65.84,6,2,2017,0
2017-06-07,台中市,SE6 青蔥 粉蔥 ,40.9,24.8,10.1,23.3,-37.37,2668.0,13.53,6,3,2017,0
2017-06-08,台中市,SE6 青蔥 粉蔥 ,34.4,19.5,5.8,19.2,-17.6,2965.0,11.13,6,4,2017,0
2017-06-09,台中市,SE6 青蔥 粉蔥 ,26.1,16.8,9.9,16.2,-15.62,2642.0,-10.89,6,5,2017,0
2017-06-10,台中市,SE6 青蔥 粉蔥 ,21.0,14.4,10.1,14.9,-8.02,2722.0,3.03,6,6,2017,0
2017-06-11,台中市,SE6 青蔥 粉蔥 ,20.2,11.7,6.9,11.8,-20.81,2924.0,7.42,6,7,2017,0
2017-06-12,台中市,SE6 青蔥 粉蔥 ,,,,,,,,6,1,2017,1
2017-06-13,台中市,SE6 青蔥 粉蔥 ,25.1,17.3,10.5,16.8,42.37,2256.0,-22.85,6,2,2017,0
2017-06-14,台中市,SE6 青蔥 粉蔥 ,35.7,25.7,14.3,22.9,36.31,1770.0,-21.54,6,3,2017,0
2017-06-15,台中市,SE6 青蔥 粉蔥 ,42.0,33.4,20.5,30.6,33.62,1354.0,-23.5,6,4,2017,0
2017-06-16,台中市,SE6 青蔥 粉蔥 ,50.3,36.2,23.3,34.8,13.73,1305.0,-3.62,6,5,2017,0
2017-06-17,台中市,SE6 青蔥 粉蔥 ,42.9,31.3,24.3,31.9,-8.33,2559.0,96.09,6,6,2017,0
2017-06-18,台中市,SE6 青蔥 粉蔥 ,31.8,23.2,13.3,22.3,-30.09,3108.0,21.45,6,7,2017,0
2017-06-19,台中市,SE6 青蔥 粉蔥 ,,,,,,,,6,1,2017,1
2017-06-20,台中市,SE6 青蔥 粉蔥 ,31.7,21.9,10.4,20.9,-6.28,2976.0,-4.25,6,2,2017,0
2017-06-21,台中市,SE6 青蔥 粉蔥 ,28.2,15.8,8.0,16.7,-20.1,3046.0,2.35,6,3,2017,0
2017-06-22,台中市,SE6 青蔥 粉蔥 ,24.0,15.0,6.7,14.9,-10.78,2547.0,-16.38,6,4,2017,0
2017-06-23,台中市,SE6 青蔥 粉蔥 ,27.2,21.3,10.2,19.3,29.53,1426.0,-44.01,6,5,2017,0
2017-06-24,台中市,SE6 青蔥 粉蔥 ,40.9,32.6,19.1,30.2,56.48,1254.0,-12.06,6,6,2017,0
2017-06-25,台中市,SE6 青蔥 粉蔥 ,66.3,54.7,34.6,53.7,77.81,867.0,-30.86,6,7,2017,0
2017-06-26,台中市,SE6 青蔥 粉蔥 ,,,,,,,,6,1,2017,1
2017-06-27,台中市,SE6 青蔥 粉蔥 ,71.6,64.2,54.4,63.4,18.06,1072.0,23.64,6,2,2017,0
2017-06-28,台中市,SE6 青蔥 粉蔥 ,60.2,51.7,30.7,48.3,-23.82,1750.0,63.25,6,3,2017,0
2017-06-29,台中市,SE6 青蔥 粉蔥 ,57.4,43.3,30.7,42.7,-11.59,1437.0,-17.89,6,4,2017,0
2017-06-30,台中市,SE6 青蔥 粉蔥 ,56.1,36.7,23.2,37.5,-12.18,1437.0,0.0,6,5,2017,0
2017-07-01,台中市,SE6 青蔥 粉蔥 ,49.4,35.2,25.6,35.6,-5.07,1973.0,37.3,7,6,2017,0
2017-07-02,台中市,SE6 青蔥 粉蔥 ,58.4,41.6,32.2,42.6,19.66,1146.0,-41.92,7,7,2017,0
2017-07-03,台中市,SE6 青蔥 粉蔥 ,,,,,,,,7,1,2017,1
2017-07-04,台中市,SE6 青蔥 粉蔥 ,78.8,58.6,39.6,55.4,30.05,924.0,-19.37,7,2,2017,0
2017-07-05,台中市,SE6 青蔥 粉蔥 ,81.4,67.0,52.0,67.0,20.94,1137.0,23.05,7,3,2017,0
2017-07-06,台中市,SE6 青蔥 粉蔥 ,105.4,87.0,56.2,85.8,28.06,590.0,-48.11,7,4,2017,0
2017-07-07,台中市,SE6 青蔥 粉蔥 ,82.2,72.0,49.6,69.4,-19.11,1263.0,114.07,7,5,2017,0
2017-07-08,台中市,SE6 青蔥 粉蔥 ,84.1,71.3,53.0,67.5,-2.74,1137.0,-9.98,7,6,2017,0
2017-07-09,台中市,SE6 青蔥 粉蔥 ,70.3,62.7,48.7,60.4,-10.52,1093.0,-3.87,7,7,2017,0
2017-07-10,台中市,SE6 青蔥 粉蔥 ,,,,,,,,7,1,2017,1
2017-07-11,台中市,SE6 青蔥 粉蔥 ,66.1,58.3,45.6,57.7,-4.47,1305.0,19.4,7,2,2017,0
2017-07-12,台中市,SE6 青蔥 粉蔥 ,56.8,51.2,37.9,50.0,-13.34,1552.0,18.93,7,3,2017,0
2017-07-13,台中市,SE6 青蔥 粉蔥 ,60.7,55.1,41.0,52.4,4.8,1084.0,-30.15,7,4,2017,0
2017-07-14,台中市,SE6 青蔥 粉蔥 ,70.0,66.4,55.8,63.4,20.99,969.0,-10.61,7,5,2017,0
2017-07-15,台中市,SE6 青蔥 粉蔥 ,77.4,72.2,56.8,68.5,8.04,868.0,-10.42,7,6,2017,0
2017-07-16,台中市,SE6 青蔥 粉蔥 ,82.5,78.3,66.5,75.8,10.66,933.0,7.49,7,7,2017,0
2017-07-17,台中市,SE6 青蔥 粉蔥 ,,,,,,,,7,1,2017,1
2017-07-18,台中市,SE6 青蔥 粉蔥 ,94.0,79.3,67.2,78.8,3.96,856.0,-8.25,7,2,2017,0
2017-07-19,台中市,SE6 青蔥 粉蔥 ,101.0,92.5,81.1,91.6,16.24,935.0,9.23,7,3,2017,0
2017-07-20,台中市,SE6 青蔥 粉蔥 ,91.4,86.6,35.2,78.1,-14.74,1185.0,26.74,7,4,2017,0
2017-07-21,台中市,SE6 青蔥 粉蔥 ,98.1,88.5,68.7,82.7,5.89,1195.0,0.84,7,5,2017,0
2017-07-22,台中市,SE6 青蔥 粉蔥 ,83.5,75.1,43.2,69.2,-16.32,1532.0,28.2,7,6,2017,0
2017-07-23,台中市,SE6 青蔥 粉蔥 ,80.8,75.1,51.5,72.1,4.19,1462.0,-4.57,7,7,2017,0
2017-07-24,台中市,SE6 青蔥 粉蔥 ,,,,,,,,7,1,2017,1
2017-07-25,台中市,SE6 青蔥 粉蔥 ,88.4,81.9,58.1,78.0,8.18,1124.0,-23.12,7,2,2017,0
2017-07-26,台中市,SE6 青蔥 粉蔥 ,99.8,90.3,73.8,92.1,18.08,589.0,-47.6,7,3,2017,0
2017-07-27,台中市,SE6 青蔥 粉蔥 ,94.2,86.6,65.5,86.2,-6.41,882.0,49.75,7,4,2017,0
2017-07-28,台中市,SE6 青蔥 粉蔥 ,119.1,98.0,86.8,100.5,16.59,1032.0,17.01,7,5,2017,0
2017-07-29,台中市,SE6 青蔥 粉蔥 ,129.1,115.0,80.1,114.3,13.73,1063.0,3.0,7,6,2017,0
2017-07-30,台中市,SE6 青蔥 粉蔥 ,124.4,103.7,88.9,105.5,-7.7,1183.0,11.29,7,7,2017,0
2017-07-31,台中市,SE6 青蔥 粉蔥 ,,,,,,,,7,1,2017,1
2017-08-01,台中市,SE6 青蔥 粉蔥 ,122.1,105.4,70.1,102.8,-2.56,1390.0,17.5,8,2,2017,0
2017-08-02,台中市,SE6 青蔥 粉蔥 ,109.8,80.8,64.7,79.1,-23.05,1128.0,-18.85,8,3,2017,0
2017-08-03,台中市,SE6 青蔥 粉蔥 ,89.9,61.8,30.8,59.0,-25.41,1322.0,17.2,8,4,2017,0
2017-08-04,台中市,SE6 青蔥 粉蔥 ,95.3,76.9,27.5,71.3,20.85,841.0,-36.38,8,5,2017,0
2017-08-05,台中市,SE6 青蔥 粉蔥 ,98.8,85.5,58.8,84.0,17.81,475.0,-43.52,8,6,2017,0
2017-08-06,台中市,SE6 青蔥 粉蔥 ,108.2,90.8,64.8,88.4,5.24,592.0,24.63,8,7,2017,0
2017-08-07,台中市,SE6 青蔥 粉蔥 ,,,,,,,,8,1,2017,1
2017-08-08,台中市,SE6 青蔥 粉蔥 ,123.2,106.4,46.8,102.8,16.29,457.0,-22.8,8,2,2017,0
2017-08-09,台中市,SE6 青蔥 粉蔥 ,127.5,107.8,90.7,111.3,8.27,682.0,49.23,8,3,2017,0
2017-08-10,台中市,SE6 青蔥 粉蔥 ,140.0,122.6,92.2,123.5,10.96,376.0,-44.87,8,4,2017,0
2017-08-11,台中市,SE6 青蔥 粉蔥 ,136.3,128.2,115.0,127.9,3.56,362.0,-3.72,8,5,2017,0
2017-08-12,台中市,SE6 青蔥 粉蔥 ,130.7,126.8,122.0,126.0,-1.49,479.0,32.32,8,6,2017,0
2017-08-13,台中市,SE6 青蔥 粉蔥 ,124.8,114.9,48.2,105.2,-16.51,624.0,30.27,8,7,2017,0
2017-08-14,台中市,SE6 青蔥 粉蔥 ,,,,,,,,8,1,2017,1
2017-08-15,台中市,SE6 青蔥 粉蔥 ,128.8,118.0,112.0,119.2,13.31,520.0,-16.67,8,2,2017,0
2017-08-16,台中市,SE6 青蔥 粉蔥 ,127.3,106.4,7.7,91.8,-22.99,785.0,50.96,8,3,2017,0
2017-08-17,台中市,SE6 青蔥 粉蔥 ,127.0,107.7,71.3,108.3,17.97,727.0,-7.39,8,4,2017,0
2017-08-18,台中市,SE6 青蔥 粉蔥 ,126.3,117.7,100.3,117.0,8.03,342.0,-52.96,8,5,2017,0
2017-08-19,台中市,SE6 青蔥 粉蔥 ,137.3,132.4,117.0,129.9,11.03,284.0,-16.96,8,6,2017,0
2017-08-20,台中市,SE6 青蔥 粉蔥 ,148.0,142.5,125.5,138.8,6.85,238.0,-16.2,8,7,2017,0
2017-08-21,台中市,SE6 青蔥 粉蔥 ,,,,,,,,8,1,2017,1
2017-08-22,台中市,SE6 青蔥 粉蔥 ,154.0,150.6,142.0,150.5,8.43,418.0,75.63,8,2,2017,0
2017-08-23,台中市,SE6 青蔥 粉蔥 ,137.4,129.7,123.6,129.9,-13.69,749.0,79.19,8,3,2017,0
2017-08-24,台中市,SE6 青蔥 粉蔥 ,128.0,121.2,110.0,119.6,-7.93,327.0,-56.34,8,4,2017,0
2017-08-25,台中市,SE6 青蔥 粉蔥 ,121.0,119.2,113.7,118.2,-1.17,321.0,-1.83,8,5,2017,0
2017-08-26,台中市,SE6 青蔥 粉蔥 ,158.0,149.8,114.3,145.1,22.76,308.0,-4.05,8,6,2017,0
2017-08-27,台中市,SE6 青蔥 粉蔥 ,157.8,143.2,101.0,138.0,-4.89,553.0,79.55,8,7,2017,0
2017-08-28,台中市,SE6 青蔥 粉蔥 ,,,,,,,,8,1,2017,1
2017-08-29,台中市,SE6 青蔥 粉蔥 ,166.5,141.2,97.0,141.6,2.61,365.0,-34.0,8,2,2017,0
2017-08-30,台中市,SE6 青蔥 粉蔥 ,150.0,135.6,104.0,133.9,-5.44,450.0,23.29,8,3,2017,0
2017-08-31,台中市,SE6 青蔥 粉蔥 ,155.5,152.3,150.0,152.7,14.04,204.0,-54.67,8,4,2017,0
2017-09-01,台中市,SE6 青蔥 粉蔥 ,167.0,149.3,82.5,144.7,-5.24,271.0,32.84,9,5,2017,0
2017-09-02,台中市,SE6 青蔥 粉蔥 ,165.3,159.2,98.3,154.2,6.57,371.0,36.9,9,6,2017,0
2017-09-03,台中市,SE6 青蔥 粉蔥 ,164.3,160.7,153.0,159.1,3.18,358.0,-3.5,9,7,2017,0
2017-09-04,台中市,SE6 青蔥 粉蔥 ,165.7,155.6,109.3,154.0,-3.21,296.0,-17.32,9,1,2017,0
2017-09-05,台中市,SE6 青蔥 粉蔥 ,155.8,148.8,117.5,142.2,-7.66,481.0,62.5,9,2,2017,0
2017-09-06,台中市,SE6 青蔥 粉蔥 ,,,,,,,,9,3,2017,1
2017-09-07,台中市,SE6 青蔥 粉蔥 ,,,,,,,,9,4,2017,1
2017-09-08,台中市,SE6 青蔥 粉蔥 ,158.8,143.2,116.8,143.0,0.56,550.0,14.35,9,5,2017,0
2017-09-09,台中市,SE6 青蔥 粉蔥 ,161.0,147.8,133.7,148.9,4.13,352.0,-36.0,9,6,2017,0
2017-09-10,台中市,SE6 青蔥 粉蔥 ,163.7,154.3,146.0,155.1,4.16,341.0,-3.12,9,7,2017,0
2017-09-11,台中市,SE6 青蔥 粉蔥 ,,,,,,,,9,1,2017,1
2017-09-12,台中市,SE6 青蔥 粉蔥 ,198.7,182.1,143.3,176.9,14.06,433.0,26.98,9,2,2017,0
2017-09-13,台中市,SE6 青蔥 粉蔥 ,178.3,155.8,126.7,158.6,-10.34,680.0,57.04,9,3,2017,0
2017-09-14,台中市,SE6 青蔥 粉蔥 ,164.0,108.0,19.5,107.9,-31.97,539.0,-20.74,9,4,2017,0
2017-09-15,台中市,SE6 青蔥 粉蔥 ,154.7,127.6,96.3,129.5,20.02,336.0,-37.66,9,5,2017,0
2017-09-16,台中市,SE6 青蔥 粉蔥 ,149.0,132.2,66.5,116.5,-10.04,596.0,77.38,9,6,2017,0
2017-09-17,台中市,SE6 青蔥 粉蔥 ,144.0,121.2,73.0,118.9,2.06,424.0,-28.86,9,7,2017,0
2017-09-18,台中市,SE6 青蔥 粉蔥 ,,,,,,,,9,1,2017,1
2017-09-19,台中市,SE6 青蔥 粉蔥 ,146.8,136.9,104.2,131.5,10.6,659.0,55.42,9,2,2017,0
2017-09-20,台中市,SE6 青蔥 粉蔥 ,148.8,141.4,122.8,139.2,5.86,579.0,-12.14,9,3,2017,0
2017-09-21,台中市,SE6 青蔥 粉蔥 ,148.0,132.3,81.0,121.3,-12.86,636.0,9.84,9,4,2017,0
2017-09-22,台中市,SE6 青蔥 粉蔥 ,118.0,110.5,103.0,106.8,-11.95,80.0,-87.42,9,5,2017,0
2017-09-23,台中市,SE6 青蔥 粉蔥 ,139.8,131.5,87.5,125.3,17.32,541.0,576.25,9,6,2017,0
2017-09-24,台中市,SE6 青蔥 粉蔥 ,130.0,122.8,75.6,107.7,-14.05,777.0,43.62,9,7,2017,0
2017-09-25,台中市,SE6 青蔥 粉蔥 ,,,,,,,,9,1,2017,1
2017-09-26,台中市,SE6 青蔥 粉蔥 ,138.7,122.2,77.3,109.7,1.86,365.0,-53.02,9,2,2017,0
2017-09-27,台中市,SE6 青蔥 粉蔥 ,128.2,93.8,62.2,90.6,-17.41,549.0,50.41,9,3,2017,0
2017-09-28,台中市,SE6 青蔥 粉蔥 ,131.3,109.6,71.0,105.9,16.89,477.0,-13.11,9,4,2017,0
2017-09-29,台中市,SE6 青蔥 粉蔥 ,113.3,91.6,57.2,90.6,-14.45,984.0,106.29,9,5,2017,0
2017-09-30,台中市,SE6 青蔥 粉蔥 ,96.0,62.0,41.0,60.8,-32.89,913.0,-7.22,9,6,2017,0
2017-10-01,台中市,SE6 青蔥 粉蔥 ,90.6,59.9,30.3,65.1,7.07,834.0,-8.65,10,7,2017,0
2017-10-02,台中市,SE6 青蔥 粉蔥 ,,,,,,,,10,1,2017,1
2017-10-03,台中市,SE6 青蔥 粉蔥 ,97.0,66.0,44.5,65.8,1.08,1021.0,22.42,10,2,2017,0
2017-10-04,台中市,SE6 青蔥 粉蔥 ,93.9,76.3,51.6,74.6,13.37,1379.0,35.06,10,3,2017,0
2017-10-05,台中市,SE6 青蔥 粉蔥 ,,,,,,,,10,4,2017,1
2017-10-06,台中市,SE6 青蔥 粉蔥 ,,,,,,,,10,5,2017,1
2017-10-07,台中市,SE6 青蔥 粉蔥 ,108.5,89.6,33.0,75.9,1.74,961.0,-30.31,10,6,2017,0
2017-10-08,台中市,SE6 青蔥 粉蔥 ,100.0,98.9,70.0,92.7,22.13,703.0,-26.85,10,7,2017,0
2017-10-09,台中市,SE6 青蔥 粉蔥 ,,,,,,,,10,1,2017,1
2017-10-10,台中市,SE6 青蔥 粉蔥 ,119.3,104.3,69.1,100.0,7.87,1041.0,48.08,10,2,2017,0
2017-10-11,台中市,SE6 青蔥 粉蔥 ,107.0,93.0,76.0,91.9,-8.1,686.0,-34.1,10,3,2017,0
2017-10-12,台中市,SE6 青蔥 粉蔥 ,121.8,97.4,60.5,91.4,-0.54,731.0,6.56,10,4,2017,0
2017-10-13,台中市,SE6 青蔥 粉蔥 ,122.8,83.2,68.8,84.5,-7.55,612.0,-16.28,10,5,2017,0
2017-10-14,台中市,SE6 青蔥 粉蔥 ,110.3,84.0,47.3,83.4,-1.3,1058.0,72.88,10,6,2017,0
2017-10-15,台中市,SE6 青蔥 粉蔥 ,123.5,102.4,67.0,104.8,25.66,434.0,-58.98,10,7,2017,0
2017-10-16,台中市,SE6 青蔥 粉蔥 ,,,,,,,,10,1,2017,1
2017-10-17,台中市,SE6 青蔥 粉蔥 ,117.3,88.2,58.0,93.9,-10.4,384.0,-11.52,10,2,2017,0
2017-10-18,台中市,SE6 青蔥 粉蔥 ,110.5,92.8,63.0,88.3,-5.96,218.0,-43.23,10,3,2017,0
2017-10-19,台中市,SE6 青蔥 粉蔥 ,108.0,88.0,53.5,85.2,-3.51,370.0,69.72,10,4,2017,0
2017-10-20,台中市,SE6 青蔥 粉蔥 ,115.0,94.0,88.0,97.7,14.67,405.0,9.46,10,5,2017,0
2017-10-21,台中市,SE6 青蔥 粉蔥 ,107.3,88.9,65.3,83.7,-14.33,1220.0,201.23,10,6,2017,0
2017-10-22,台中市,SE6 青蔥 粉蔥 ,98.2,83.7,63.4,78.8,-5.85,811.0,-33.52,10,7,2017,0
2017-10-23,台中市,SE6 青蔥 粉蔥 ,,,,,,,,10,1,2017,1
2017-10-24,台中市,SE6 青蔥 粉蔥 ,109.0,95.2,90.8,97.4,23.6,436.0,-46.24,10,2,2017,0
2017-10-25,台中市,SE6 青蔥 粉蔥 ,118.0,107.8,100.3,108.5,11.4,351.0,-19.5,10,3,2017,0
2017-10-26,台中市,SE6 青蔥 粉蔥 ,128.7,122.7,102.0,120.8,11.34,401.0,14.25,10,4,2017,0
2017-10-27,台中市,SE6 青蔥 粉蔥 ,114.0,89.0,75.0,97.3,-19.45,146.0,-63.59,10,5,2017,0
2017-10-28,台中市,SE6 青蔥 粉蔥 ,121.5,107.0,91.5,102.5,5.34,224.0,53.42,10,6,2017,0
2017-10-29,台中市,SE6 青蔥 粉蔥 ,139.0,128.0,100.0,130.5,27.32,200.0,-10.71,10,7,2017,0
2017-10-30,台中市,SE6 青蔥 粉蔥 ,,,,,,,,10,1,2017,1
2017-10-31,台中市,SE6 青蔥 粉蔥 ,139.3,133.2,98.7,127.2,-2.53,495.0,147.5,10,2,2017,0
2017-11-01,台中市,SE6 青蔥 粉蔥 ,132.0,109.2,78.7,110.2,-13.36,439.0,-11.31,11,3,2017,0
2017-11-02,台中市,SE6 青蔥 粉蔥 ,130.0,105.4,61.6,106.4,-3.45,682.0,55.35,11,4,2017,0
2017-11-03,台中市,SE6 青蔥 粉蔥 ,120.0,96.7,77.0,99.1,-6.86,642.0,-5.87,11,5,2017,0
2017-11-04,台中市,SE6 青蔥 粉蔥 ,107.5,74.4,50.0,79.3,-19.98,221.0,-65.58,11,6,2017,0
2017-11-05,台中市,SE6 青蔥 粉蔥 ,124.5,93.2,49.2,68.3,-13.87,607.0,174.66,11,7,2017,0
2017-11-06,台中市,SE6 青蔥 粉蔥 ,,,,,,,,11,1,2017,1
2017-11-07,台中市,SE6 青蔥 粉蔥 ,121.6,92.3,40.0,85.1,24.6,613.0,0.99,11,2,2017,0
2017-11-08,台中市,SE6 青蔥 粉蔥 ,123.5,72.8,54.0,77.4,-9.05,198.0,-67.7,11,3,2017,0
2017-11-09,台中市,SE6 青蔥 粉蔥 ,143.0,63.4,36.7,71.0,-8.27,358.0,80.81,11,4,2017,0
2017-11-10,台中市,SE6 青蔥 粉蔥 ,107.8,72.4,48.8,71.3,0.42,722.0,101.68,11,5,2017,0
2017-11-11,台中市,SE6 青蔥 粉蔥 ,91.3,56.9,28.3,47.9,-32.82,960.0,32.96,11,6,2017,0
2017-11-12,台中市,SE6 青蔥 粉蔥 ,81.2,54.1,49.5,57.5,20.04,416.0,-56.67,11,7,2017,0
2017-11-13,台中市,SE6 青蔥 粉蔥 ,,,,,,,,11,1,2017,1
2017-11-14,台中市,SE6 青蔥 粉蔥 ,106.0,76.0,68.0,81.0,40.87,353.0,-15.14,11,2,2017,0
2017-11-15,台中市,SE6 青蔥 粉蔥 ,87.0,73.0,45.0,73.0,-9.88,300.0,-15.01,11,3,2017,0
2017-11-16,台中市,SE6 青蔥 粉蔥 ,81.5,61.6,36.2,57.8,-20.82,672.0,124.0,11,4,2017,0
2017-11-17,台中市,SE6 青蔥 粉蔥 ,89.5,39.5,17.5,40.8,-29.41,987.0,46.88,11,5,2017,0
2017-11-18,台中市,SE6 青蔥 粉蔥 ,95.0,88.0,71.7,84.5,107.11,252.0,-74.47,11,6,2017,0
2017-11-19,台中市,SE6 青蔥 粉蔥 ,99.2,66.2,36.0,60.9,-27.93,646.0,156.35,11,7,2017,0
2017-11-20,台中市,SE6 青蔥 粉蔥 ,,,,,,,,11,1,2017,1
2017-11-21,台中市,SE6 青蔥 粉蔥 ,87.5,60.5,44.0,56.9,-6.57,660.0,2.17,11,2,2017,0
2017-11-22,台中市,SE6 青蔥 粉蔥 ,84.3,73.7,38.0,63.1,10.9,405.0,-38.64,11,3,2017,0
2017-11-23,台中市,SE6 青蔥 粉蔥 ,75.0,62.2,36.0,54.1,-14.26,522.0,28.89,11,4,2017,0
2017-11-24,台中市,SE6 青蔥 粉蔥 ,56.3,43.6,39.2,44.9,-17.01,862.0,65.13,11,5,2017,0
2017-11-25,台中市,SE6 青蔥 粉蔥 ,45.2,40.8,30.8,39.1,-12.92,937.0,8.7,11,6,2017,0
2017-11-26,台中市,SE6 青蔥 粉蔥 ,64.0,45.8,42.5,48.9,25.06,589.0,-37.14,11,7,2017,0
2017-11-27,台中市,SE6 青蔥 粉蔥 ,,,,,,,,11,1,2017,1
2017-11-28,台中市,SE6 青蔥 粉蔥 ,57.2,44.1,22.0,38.9,-20.45,819.0,39.05,11,2,2017,0
2017-11-29,台中市,SE6 青蔥 粉蔥 ,53.5,39.4,22.8,39.0,0.26,526.0,-35.78,11,3,2017,0
2017-11-30,台中市,SE6 青蔥 粉蔥 ,41.0,34.0,18.8,29.2,-25.13,794.0,50.95,11,4,2017,0
2017-12-01,台中市,SE6 青蔥 粉蔥 ,44.7,30.4,28.7,33.6,15.07,629.0,-20.78,12,5,2017,0
2017-12-02,台中市,SE6 青蔥 粉蔥 ,49.0,38.5,32.8,39.8,18.45,553.0,-12.08,12,6,2017,0
2017-12-03,台中市,SE6 青蔥 粉蔥 ,50.6,41.5,32.2,40.4,1.51,674.0,21.88,12,7,2017,0
2017-12-04,台中市,SE6 青蔥 粉蔥 ,,,,,,,,12,1,2017,1
2017-12-05,台中市,SE6 青蔥 粉蔥 ,54.6,43.9,33.0,43.0,6.44,713.0,5.79,12,2,2017,0
2017-12-06,台中市,SE6 青蔥 粉蔥 ,47.5,40.5,28.8,40.5,-5.81,567.0,-20.48,12,3,2017,0
2017-12-07,台中市,SE6 青蔥 粉蔥 ,47.0,36.4,26.2,34.9,-13.83,515.0,-9.17,12,4,2017,0
2017-12-08,台中市,SE6 青蔥 粉蔥 ,51.2,36.2,25.5,33.4,-4.3,587.0,13.98,12,5,2017,0
2017-12-09,台中市,SE6 青蔥 粉蔥 ,46.0,34.2,30.0,33.7,0.9,507.0,-13.63,12,6,2017,0
2017-12-10,台中市,SE6 青蔥 粉蔥 ,48.0,47.0,34.5,46.4,37.69,131.0,-74.16,12,7,2017,0
2017-12-11,台中市,SE6 青蔥 粉蔥 ,,,,,,,,12,1,2017,1
2017-12-12,台中市,SE6 青蔥 粉蔥 ,,,,,,,,12,2,2017,1
2017-12-13,台中市,SE6 青蔥 粉蔥 ,38.3,32.7,31.0,34.6,-25.43,408.0,211.45,12,3,2017,0
2017-12-14,台中市,SE6 青蔥 粉蔥 ,35.3,29.5,23.3,29.6,-14.45,426.0,4.41,12,4,2017,0
2017-12-15,台中市,SE6 青蔥 粉蔥 ,32.2,25.0,22.2,26.6,-10.14,682.0,60.09,12,5,2017,0
2017-12-16,台中市,SE6 青蔥 粉蔥 ,33.0,31.0,29.0,31.8,19.55,270.0,-60.41,12,6,2017,0
2017-12-17,台中市,SE6 青蔥 粉蔥 ,37.2,32.5,28.0,32.5,2.2,701.0,159.63,12,7,2017,0
2017-12-18,台中市,SE6 青蔥 粉蔥 ,,,,,,,,12,1,2017,1
2017-12-19,台中市,SE6 青蔥 粉蔥 ,39.0,37.0,35.5,36.4,12.0,155.0,-77.89,12,2,2017,0
2017-12-20,台中市,SE6 青蔥 粉蔥 ,38.3,30.6,21.3,28.3,-22.25,486.0,213.55,12,3,2017,0
2017-12-21,台中市,SE6 青蔥 粉蔥 ,37.4,34.5,28.0,33.7,19.08,541.0,11.32,12,4,2017,0
2017-12-22,台中市,SE6 青蔥 粉蔥 ,40.0,34.0,22.0,32.6,-3.26,370.0,-31.61,12,5,2017,0
2017-12-23,台中市,SE6 青蔥 粉蔥 ,36.0,35.6,27.5,33.5,2.76,288.0,-22.16,12,6,2017,0
2017-12-24,台中市,SE6 青蔥 粉蔥 ,33.0,25.8,21.0,24.9,-25.67,271.0,-5.9,12,7,2017,0
2017-12-25,台中市,SE6 青蔥 粉蔥 ,,,,,,,,12,1,2017,1
2017-12-26,台中市,SE6 青蔥 粉蔥 ,41.5,35.9,22.8,33.4,34.14,1144.0,322.14,12,2,2017,0
2017-12-27,台中市,SE6 青蔥 粉蔥 ,35.3,32.9,25.7,31.0,-7.19,803.0,-29.81,12,3,2017,0
2017-12-28,台中市,SE6 青蔥 粉蔥 ,31.1,25.6,20.0,25.6,-17.42,947.0,17.93,12,4,2017,0
2017-12-29,台中市,SE6 青蔥 粉蔥 ,27.2,19.9,14.4,20.0,-21.88,1311.0,38.44,12,5,2017,0
2017-12-30,台中市,SE6 青蔥 粉蔥 ,24.9,20.0,18.5,20.5,2.5,990.0,-24.49,12,6,2017,0
2017-12-31,台中市,SE6 青蔥 粉蔥 ,30.0,23.7,20.2,24.2,18.05,749.0,-24.34,12,7,2017,0
2018-01-01,台中市,SE6 青蔥 粉蔥 ,,,,,,,,1,1,2018,1
2018-01-02,台中市,SE6 青蔥 粉蔥 ,26.3,22.8,19.3,22.9,-5.37,1044.0,39.39,1,2,2018,0
2018-01-03,台中市,SE6 青蔥 粉蔥 ,25.0,20.9,14.0,20.1,-12.23,505.0,-51.63,1,3,2018,0
2018-01-04,台中市,SE6 青蔥 粉蔥 ,24.2,18.2,18.0,19.1,-4.98,899.0,78.02,1,4,2018,0
2018-01-05,台中市,SE6 青蔥 粉蔥 ,21.3,19.4,14.0,17.8,-6.81,1136.0,26.36,1,5,2018,0
2018-01-06,台中市,SE6 青蔥 粉蔥 ,26.7,23.2,18.2,22.0,23.6,1047.0,-7.83,1,6,2018,0
2018-01-07,台中市,SE6 青蔥 粉蔥 ,29.6,25.3,20.0,24.8,12.73,610.0,-41.74,1,7,2018,0
2018-01-08,台中市,SE6 青蔥 粉蔥 ,,,,,,,,1,1,2018,1
2018-01-09,台中市,SE6 青蔥 粉蔥 ,36.7,31.9,23.3,29.4,18.55,510.0,-16.39,1,2,2018,0
2018-01-10,台中市,SE6 青蔥 粉蔥 ,39.3,34.2,30.7,34.4,17.01,521.0,2.16,1,3,2018,0
2018-01-11,台中市,SE6 青蔥 粉蔥 ,43.7,40.8,34.0,38.7,12.5,511.0,-1.92,1,4,2018,0
2018-01-12,台中市,SE6 青蔥 粉蔥 ,50.8,42.1,29.2,38.2,-1.29,687.0,34.44,1,5,2018,0
2018-01-13,台中市,SE6 青蔥 粉蔥 ,46.0,39.2,30.6,37.4,-2.09,1441.0,109.75,1,6,2018,0
2018-01-14,台中市,SE6 青蔥 粉蔥 ,48.0,38.6,28.4,35.3,-5.61,1515.0,5.14,1,7,2018,0
2018-01-15,台中市,SE6 青蔥 粉蔥 ,,,,,,,,1,1,2018,1
2018-01-16,台中市,SE6 青蔥 粉蔥 ,50.6,41.1,30.1,39.0,10.48,1570.0,3.63,1,2,2018,0
2018-01-17,台中市,SE6 青蔥 粉蔥 ,43.4,31.6,20.6,29.7,-23.85,1791.0,14.08,1,3,2018,0
2018-01-18,台中市,SE6 青蔥 粉蔥 ,38.6,22.9,13.1,24.3,-18.18,1076.0,-39.92,1,4,2018,0
2018-01-19,台中市,SE6 青蔥 粉蔥 ,30.7,20.3,11.9,20.1,-17.28,1507.0,40.06,1,5,2018,0
2018-01-20,台中市,SE6 青蔥 粉蔥 ,25.0,19.7,12.9,18.8,-6.47,1732.0,14.93,1,6,2018,0
2018-01-21,台中市,SE6 青蔥 粉蔥 ,25.0,19.5,11.4,18.0,-4.26,1236.0,-28.64,1,7,2018,0
2018-01-22,台中市,SE6 青蔥 粉蔥 ,,,,,,,,1,1,2018,1
2018-01-23,台中市,SE6 青蔥 粉蔥 ,27.4,25.1,18.2,22.9,27.22,922.0,-25.4,1,2,2018,0
2018-01-24,台中市,SE6 青蔥 粉蔥 ,29.3,26.8,23.7,25.7,12.23,468.0,-49.24,1,3,2018,0
2018-01-25,台中市,SE6 青蔥 粉蔥 ,31.0,23.1,16.4,22.8,-11.28,882.0,88.46,1,4,2018,0
2018-01-26,台中市,SE6 青蔥 粉蔥 ,28.0,21.5,16.8,21.3,-6.58,1917.0,117.35,1,5,2018,0
2018-01-27,台中市,SE6 青蔥 粉蔥 ,32.0,23.7,19.2,24.1,13.15,1673.0,-12.73,1,6,2018,0
2018-01-28,台中市,SE6 青蔥 粉蔥 ,28.5,23.7,19.4,23.7,-1.66,1655.0,-1.08,1,7,2018,0
2018-01-29,台中市,SE6 青蔥 粉蔥 ,,,,,,,,1,1,2018,1
2018-01-30,台中市,SE6 青蔥 粉蔥 ,32.1,27.2,18.4,25.3,6.75,1436.0,-13.23,1,2,2018,0
2018-01-31,台中市,SE6 青蔥 粉蔥 ,29.8,25.0,20.5,25.0,-1.19,1675.0,16.64,1,3,2018,0
2018-02-01,台中市,SE6 青蔥 粉蔥 ,25.5,21.7,16.7,21.8,-12.8,1685.0,0.6,2,4,2018,0
2018-02-02,台中市,SE6 青蔥 粉蔥 ,22.8,18.4,13.2,17.8,-18.35,2048.0,21.54,2,5,2018,0
2018-02-03,台中市,SE6 青蔥 粉蔥 ,25.7,24.4,19.9,23.4,31.46,1337.0,-34.72,2,6,2018,0
2018-02-04,台中市,SE6 青蔥 粉蔥 ,28.4,23.8,19.4,23.9,2.14,1705.0,27.52,2,7,2018,0
2018-02-05,台中市,SE6 青蔥 粉蔥 ,,,,,,,,2,1,2018,1
2018-02-06,台中市,SE6 青蔥 粉蔥 ,29.9,24.9,20.5,25.0,4.6,1531.0,-10.21,2,2,2018,0
2018-02-07,台中市,SE6 青蔥 粉蔥 ,30.3,27.4,21.4,27.2,8.8,1341.0,-12.41,2,3,2018,0
2018-02-08,台中市,SE6 青蔥 粉蔥 ,27.2,23.7,21.3,24.1,-11.4,1849.0,37.88,2,4,2018,0
2018-02-09,台中市,SE6 青蔥 粉蔥 ,29.0,25.6,20.3,25.2,4.56,1754.0,-5.14,2,5,2018,0
2018-02-10,台中市,SE6 青蔥 粉蔥 ,30.5,25.5,19.0,25.4,0.79,1654.0,-5.7,2,6,2018,0
2018-02-11,台中市,SE6 青蔥 粉蔥 ,31.9,26.3,21.2,25.8,1.57,1872.0,13.18,2,7,2018,0
2018-02-12,台中市,SE6 青蔥 粉蔥 ,27.6,20.3,16.6,21.1,-18.22,3135.0,67.47,2,1,2018,0
2018-02-13,台中市,SE6 青蔥 粉蔥 ,24.4,19.4,14.2,19.2,-9.0,3717.0,18.56,2,2,2018,0
2018-02-14,台中市,SE6 青蔥 粉蔥 ,26.4,22.1,13.3,17.9,-6.77,2495.0,-32.88,2,3,2018,0
2018-02-15,台中市,SE6 青蔥 粉蔥 ,32.5,22.1,14.5,20.2,12.85,1609.0,-35.51,2,4,2018,0
2018-02-16,台中市,SE6 青蔥 粉蔥 ,,,,,,,,2,5,2018,1
2018-02-17,台中市,SE6 青蔥 粉蔥 ,,,,,,,,2,6,2018,1
2018-02-18,台中市,SE6 青蔥 粉蔥 ,,,,,,,,2,7,2018,1
2018-02-19,台中市,SE6 青蔥 粉蔥 ,,,,,,,,2,1,2018,1
2018-02-20,台中市,SE6 青蔥 粉蔥 ,,,,,,,,2,2,2018,1
2018-02-21,台中市,SE6 青蔥 粉蔥 ,35.8,32.7,24.2,32.1,58.91,982.0,-38.97,2,3,2018,0
2018-02-22,台中市,SE6 青蔥 粉蔥 ,34.4,28.8,19.7,26.9,-16.2,2070.0,110.79,2,4,2018,0
2018-02-23,台中市,SE6 青蔥 粉蔥 ,35.6,30.6,26.6,30.5,13.38,2992.0,44.54,2,5,2018,0
2018-02-24,台中市,SE6 青蔥 粉蔥 ,,,,,,,,2,6,2018,1
2018-02-25,台中市,SE6 青蔥 粉蔥 ,,,,,,,,2,7,2018,1
2018-02-26,台中市,SE6 青蔥 粉蔥 ,,,,,,,,2,1,2018,1
2018-02-27,台中市,SE6 青蔥 粉蔥 ,24.5,20.0,15.0,19.1,-37.38,2741.0,-8.39,2,2,2018,0
2018-02-28,台中市,SE6 青蔥 粉蔥 ,25.6,18.2,12.7,18.7,-2.09,2715.0,-0.95,2,3,2018,0
2018-03-01,台中市,SE6 青蔥 粉蔥 ,23.0,16.7,7.5,14.8,-20.86,2935.0,8.1,3,4,2018,0
2018-03-02,台中市,SE6 青蔥 粉蔥 ,23.9,15.8,8.4,16.0,8.11,2632.0,-10.32,3,5,2018,0
2018-03-03,台中市,SE6 青蔥 粉蔥 ,21.8,15.4,9.3,14.3,-10.62,2569.0,-2.39,3,6,2018,0
2018-03-04,台中市,SE6 青蔥 粉蔥 ,18.8,12.1,8.2,13.0,-9.09,2650.0,3.15,3,7,2018,0
2018-03-05,台中市,SE6 青蔥 粉蔥 ,,,,,,,,3,1,2018,1
2018-03-06,台中市,SE6 青蔥 粉蔥 ,,,,,,,,3,2,2018,1
2018-03-07,台中市,SE6 青蔥 粉蔥 ,,,,,,,,3,3,2018,1
2018-03-08,台中市,SE6 青蔥 粉蔥 ,28.3,23.2,13.6,22.0,69.23,1889.0,-28.72,3,4,2018,0
2018-03-09,台中市,SE6 青蔥 粉蔥 ,28.5,21.4,12.3,20.2,-8.18,1863.0,-1.38,3,5,2018,0
2018-03-10,台中市,SE6 青蔥 粉蔥 ,26.3,21.6,13.7,20.1,-0.5,2118.0,13.69,3,6,2018,0
2018-03-11,台中市,SE6 青蔥 粉蔥 ,28.1,25.4,17.1,23.9,18.91,1713.0,-19.12,3,7,2018,0
2018-03-12,台中市,SE6 青蔥 粉蔥 ,,,,,,,,3,1,2018,1
2018-03-13,台中市,SE6 青蔥 粉蔥 ,31.6,23.3,14.9,22.4,-6.28,2311.0,34.91,3,2,2018,0
2018-03-14,台中市,SE6 青蔥 粉蔥 ,30.9,25.8,12.7,23.5,4.91,1713.0,-25.88,3,3,2018,0
2018-03-15,台中市,SE6 青蔥 粉蔥 ,29.6,21.8,14.9,20.7,-11.91,2517.0,46.94,3,4,2018,0
2018-03-16,台中市,SE6 青蔥 粉蔥 ,30.7,21.6,12.5,20.3,-1.93,2330.0,-7.43,3,5,2018,0
2018-03-17,台中市,SE6 青蔥 粉蔥 ,26.6,19.5,13.2,19.5,-3.94,1656.0,-28.93,3,6,2018,0
2018-03-18,台中市,SE6 青蔥 粉蔥 ,28.4,18.6,10.6,17.9,-8.21,2459.0,48.49,3,7,2018,0
2018-03-19,台中市,SE6 青蔥 粉蔥 ,,,,,,,,3,1,2018,1
2018-03-20,台中市,SE6 青蔥 粉蔥 ,26.4,21.2,12.4,20.1,12.29,2048.0,-16.71,3,2,2018,0
2018-03-21,台中市,SE6 青蔥 粉蔥 ,22.2,20.3,13.5,18.4,-8.46,2153.0,5.13,3,3,2018,0
2018-03-22,台中市,SE6 青蔥 粉蔥 ,25.5,18.5,11.1,17.3,-5.98,2546.0,18.25,3,4,2018,0
2018-03-23,台中市,SE6 青蔥 粉蔥 ,21.3,18.3,12.8,17.5,1.16,2336.0,-8.25,3,5,2018,0
2018-03-24,台中市,SE6 青蔥 粉蔥 ,20.9,16.4,10.8,16.2,-7.43,2997.0,28.3,3,6,2018,0
2018-03-25,台中市,SE6 青蔥 粉蔥 ,25.0,19.5,9.3,18.4,13.58,2114.0,-29.46,3,7,2018,0
2018-03-26,台中市,SE6 青蔥 粉蔥 ,,,,,,,,3,1,2018,1
2018-03-27,台中市,SE6 青蔥 粉蔥 ,22.2,19.8,11.9,18.5,0.54,2392.0,13.15,3,2,2018,0
2018-03-28,台中市,SE6 青蔥 粉蔥 ,24.2,20.7,15.1,20.0,8.11,1404.0,-41.3,3,3,2018,0
2018-03-29,台中市,SE6 青蔥 粉蔥 ,21.7,18.1,9.6,16.1,-19.5,1943.0,38.39,3,4,2018,0
2018-03-30,台中市,SE6 青蔥 粉蔥 ,25.0,19.5,10.3,18.4,14.29,1172.0,-39.68,3,5,2018,0
2018-03-31,台中市,SE6 青蔥 粉蔥 ,23.1,20.0,13.0,18.7,1.63,1507.0,28.58,3,6,2018,0
2018-04-01,台中市,SE6 青蔥 粉蔥 ,21.3,18.3,10.0,16.5,-11.76,2084.0,38.29,4,7,2018,0
2018-04-02,台中市,SE6 青蔥 粉蔥 ,,,,,,,,4,1,2018,1
2018-04-03,台中市,SE6 青蔥 粉蔥 ,21.6,19.1,14.3,18.6,12.73,1881.0,-9.74,4,2,2018,0
2018-04-04,台中市,SE6 青蔥 粉蔥 ,30.8,25.5,15.9,24.3,30.65,2227.0,18.39,4,3,2018,0
2018-04-05,台中市,SE6 青蔥 粉蔥 ,,,,,,,,4,4,2018,1
2018-04-06,台中市,SE6 青蔥 粉蔥 ,,,,,,,,4,5,2018,1
2018-04-07,台中市,SE6 青蔥 粉蔥 ,33.8,29.9,22.4,29.6,21.81,1295.0,-41.85,4,6,2018,0
2018-04-08,台中市,SE6 青蔥 粉蔥 ,33.2,30.0,26.1,29.6,0.0,1514.0,16.91,4,7,2018,0
2018-04-09,台中市,SE6 青蔥 粉蔥 ,,,,,,,,4,1,2018,1
2018-04-10,台中市,SE6 青蔥 粉蔥 ,40.7,36.2,22.0,32.5,9.8,1786.0,17.97,4,2,2018,0
2018-04-11,台中市,SE6 青蔥 粉蔥 ,38.4,31.0,20.2,28.9,-11.08,2465.0,38.02,4,3,2018,0
2018-04-12,台中市,SE6 青蔥 粉蔥 ,30.9,21.1,13.3,20.5,-29.07,3055.0,23.94,4,4,2018,0
2018-04-13,台中市,SE6 青蔥 粉蔥 ,26.0,15.2,9.8,15.5,-24.39,2326.0,-23.86,4,5,2018,0
2018-04-14,台中市,SE6 青蔥 粉蔥 ,20.2,14.0,8.1,14.5,-6.45,1837.0,-21.02,4,6,2018,0
2018-04-15,台中市,SE6 青蔥 粉蔥 ,26.2,13.0,7.4,14.1,-2.76,2515.0,36.91,4,7,2018,0
2018-04-16,台中市,SE6 青蔥 粉蔥 ,,,,,,,,4,1,2018,1
2018-04-17,台中市,SE6 青蔥 粉蔥 ,25.6,19.0,12.8,18.7,32.62,1923.0,-23.54,4,2,2018,0
2018-04-18,台中市,SE6 青蔥 粉蔥 ,26.6,17.7,13.1,19.2,2.67,1303.0,-32.24,4,3,2018,0
2018-04-19,台中市,SE6 青蔥 粉蔥 ,28.0,19.6,15.0,20.5,6.77,1289.0,-1.07,4,4,2018,0
2018-04-20,台中市,SE6 青蔥 粉蔥 ,27.8,20.6,15.4,21.0,2.44,1232.0,-4.42,4,5,2018,0
2018-04-21,台中市,SE6 青蔥 粉蔥 ,30.4,21.6,16.5,22.2,5.71,1363.0,10.63,4,6,2018,0
2018-04-22,台中市,SE6 青蔥 粉蔥 ,34.0,21.3,13.0,22.4,0.9,1401.0,2.79,4,7,2018,0
2018-04-23,台中市,SE6 青蔥 粉蔥 ,,,,,,,,4,1,2018,1
2018-04-24,台中市,SE6 青蔥 粉蔥 ,31.7,25.8,16.3,24.8,10.71,1091.0,-22.13,4,2,2018,0
2018-04-25,台中市,SE6 青蔥 粉蔥 ,33.4,28.4,18.9,27.6,11.29,1229.0,12.65,4,3,2018,0
2018-04-26,台中市,SE6 青蔥 粉蔥 ,31.9,24.5,17.8,24.0,-13.04,1715.0,39.54,4,4,2018,0
2018-04-27,台中市,SE6 青蔥 粉蔥 ,32.0,24.9,14.7,23.3,-2.92,1843.0,7.46,4,5,2018,0
2018-04-28,台中市,SE6 青蔥 粉蔥 ,32.7,25.1,16.0,24.1,3.43,1590.0,-13.73,4,6,2018,0
2018-04-29,台中市,SE6 青蔥 粉蔥 ,34.0,25.8,19.1,25.5,5.81,1328.0,-16.48,4,7,2018,0
2018-04-30,台中市,SE6 青蔥 粉蔥 ,,,,,,,,4,1,2018,1
2018-05-01,台中市,SE6 青蔥 粉蔥 ,35.3,31.7,25.0,30.8,20.78,1026.0,-22.74,5,2,2018,0
2018-05-02,台中市,SE6 青蔥 粉蔥 ,36.6,32.4,25.7,31.0,0.65,1248.0,21.64,5,3,2018,0
2018-05-03,台中市,SE6 青蔥 粉蔥 ,36.5,29.6,23.7,29.7,-4.19,1038.0,-16.83,5,4,2018,0
2018-05-04,台中市,SE6 青蔥 粉蔥 ,35.5,33.1,30.0,32.9,10.77,572.0,-44.89,5,5,2018,0
2018-05-05,台中市,SE6 青蔥 粉蔥 ,36.2,33.0,25.2,32.0,-2.74,1097.0,91.78,5,6,2018,0
2018-05-06,台中市,SE6 青蔥 粉蔥 ,35.3,30.1,20.3,29.2,-8.75,1406.0,28.17,5,7,2018,0
2018-05-07,台中市,SE6 青蔥 粉蔥 ,,,,,,,,5,1,2018,1
2018-05-08,台中市,SE6 青蔥 粉蔥 ,34.3,25.1,17.3,26.2,-10.27,1093.0,-22.26,5,2,2018,0
2018-05-09,台中市,SE6 青蔥 粉蔥 ,36.1,33.8,32.0,33.9,29.39,1043.0,-4.57,5,3,2018,0
2018-05-10,台中市,SE6 青蔥 粉蔥 ,39.3,37.6,32.4,37.0,9.14,972.0,-6.81,5,4,2018,0
2018-05-11,台中市,SE6 青蔥 粉蔥 ,42.4,39.8,30.1,37.8,2.16,1168.0,20.16,5,5,2018,0
2018-05-12,台中市,SE6 青蔥 粉蔥 ,39.4,34.0,28.8,34.1,-9.79,1330.0,13.87,5,6,2018,0
2018-05-13,台中市,SE6 青蔥 粉蔥 ,34.7,30.4,24.4,30.3,-11.14,1231.0,-7.44,5,7,2018,0
2018-05-14,台中市,SE6 青蔥 粉蔥 ,,,,,,,,5,1,2018,1
2018-05-15,台中市,SE6 青蔥 粉蔥 ,37.0,31.4,15.7,27.7,-8.58,1245.0,1.14,5,2,2018,0
2018-05-16,台中市,SE6 青蔥 粉蔥 ,36.5,33.0,16.7,28.3,2.17,1001.0,-19.6,5,3,2018,0
2018-05-17,台中市,SE6 青蔥 粉蔥 ,34.0,30.4,22.2,29.5,4.24,1306.0,30.47,5,4,2018,0
2018-05-18,台中市,SE6 青蔥 粉蔥 ,33.6,29.8,22.6,29.8,1.02,1277.0,-2.22,5,5,2018,0
2018-05-19,台中市,SE6 青蔥 粉蔥 ,38.1,29.1,16.6,27.4,-8.05,1141.0,-10.65,5,6,2018,0
2018-05-20,台中市,SE6 青蔥 粉蔥 ,35.4,28.7,22.1,28.6,4.38,1112.0,-2.54,5,7,2018,0
2018-05-21,台中市,SE6 青蔥 粉蔥 ,,,,,,,,5,1,2018,1
2018-05-22,台中市,SE6 青蔥 粉蔥 ,38.4,36.2,31.4,35.2,23.08,830.0,-25.36,5,2,2018,0
2018-05-23,台中市,SE6 青蔥 粉蔥 ,41.3,38.8,34.3,37.9,7.67,1098.0,32.29,5,3,2018,0
2018-05-24,台中市,SE6 青蔥 粉蔥 ,47.2,39.8,27.0,38.0,0.26,646.0,-41.17,5,4,2018,0
2018-05-25,台中市,SE6 青蔥 粉蔥 ,49.2,34.3,21.8,33.0,-13.16,1382.0,113.93,5,5,2018,0
2018-05-26,台中市,SE6 青蔥 粉蔥 ,46.8,33.2,19.8,33.4,1.21,1929.0,39.58,5,6,2018,0
2018-05-27,台中市,SE6 青蔥 粉蔥 ,44.9,26.5,16.8,26.7,-20.06,1942.0,0.67,5,7,2018,0
2018-05-28,台中市,SE6 青蔥 粉蔥 ,,,,,,,,5,1,2018,1
2018-05-29,台中市,SE6 青蔥 粉蔥 ,41.1,29.1,16.4,28.3,5.99,1458.0,-24.92,5,2,2018,0
2018-05-30,台中市,SE6 青蔥 粉蔥 ,41.1,24.9,14.8,24.1,-14.84,1464.0,0.41,5,3,2018,0
2018-05-31,台中市,SE6 青蔥 粉蔥 ,44.6,24.5,12.9,26.1,8.3,1195.0,-18.37,5,4,2018,0
2018-06-01,台中市,SE6 青蔥 粉蔥 ,39.9,26.1,17.5,26.5,1.53,1431.0,19.75,6,5,2018,0
2018-06-02,台中市,SE6 青蔥 粉蔥 ,39.1,29.4,22.9,29.3,10.57,1394.0,-2.59,6,6,2018,0
2018-06-03,台中市,SE6 青蔥 粉蔥 ,41.6,34.6,27.4,34.1,16.38,1233.0,-11.55,6,7,2018,0
2018-06-04,台中市,SE6 青蔥 粉蔥 ,,,,,,,,6,1,2018,1
2018-06-05,台中市,SE6 青蔥 粉蔥 ,41.3,36.4,29.1,36.1,5.87,1524.0,23.6,6,2,2018,0
2018-06-06,台中市,SE6 青蔥 粉蔥 ,41.2,36.0,30.4,35.5,-1.66,1439.0,-5.58,6,3,2018,0
2018-06-07,台中市,SE6 青蔥 粉蔥 ,41.5,32.4,21.9,31.2,-12.11,1592.0,10.63,6,4,2018,0
2018-06-08,台中市,SE6 青蔥 粉蔥 ,41.2,31.7,21.2,30.5,-2.24,1707.0,7.22,6,5,2018,0
2018-06-09,台中市,SE6 青蔥 粉蔥 ,40.8,33.3,25.7,32.5,6.56,1711.0,0.23,6,6,2018,0
2018-06-10,台中市,SE6 青蔥 粉蔥 ,40.3,31.6,22.4,31.2,-4.0,1682.0,-1.69,6,7,2018,0
2018-06-11,台中市,SE6 青蔥 粉蔥 ,,,,,,,,6,1,2018,1
2018-06-12,台中市,SE6 青蔥 粉蔥 ,51.8,43.1,31.8,42.1,34.94,664.0,-60.52,6,2,2018,0
2018-06-13,台中市,SE6 青蔥 粉蔥 ,44.4,39.8,30.6,39.1,-7.13,1062.0,59.94,6,3,2018,0
2018-06-14,台中市,SE6 青蔥 粉蔥 ,45.8,39.7,33.9,39.9,2.05,1307.0,23.07,6,4,2018,0
2018-06-15,台中市,SE6 青蔥 粉蔥 ,54.4,47.5,39.6,46.9,17.54,1124.0,-14.0,6,5,2018,0
2018-06-16,台中市,SE6 青蔥 粉蔥 ,52.4,45.1,38.7,45.0,-4.05,1569.0,39.59,6,6,2018,0
2018-06-17,台中市,SE6 青蔥 粉蔥 ,47.2,38.3,26.8,37.5,-16.67,2021.0,28.81,6,7,2018,0
2018-06-18,台中市,SE6 青蔥 粉蔥 ,42.3,35.8,29.5,35.1,-6.4,1584.0,-21.62,6,1,2018,0
2018-06-19,台中市,SE6 青蔥 粉蔥 ,,,,,,,,6,2,2018,1
2018-06-20,台中市,SE6 青蔥 粉蔥 ,,,,,,,,6,3,2018,1
2018-06-21,台中市,SE6 青蔥 粉蔥 ,50.7,43.0,34.0,43.2,23.08,1343.0,-15.21,6,4,2018,0
2018-06-22,台中市,SE6 青蔥 粉蔥 ,41.6,37.1,26.7,35.4,-18.06,1504.0,11.99,6,5,2018,0
2018-06-23,台中市,SE6 青蔥 粉蔥 ,50.6,44.0,35.5,44.1,24.58,1055.0,-29.85,6,6,2018,0
2018-06-24,台中市,SE6 青蔥 粉蔥 ,53.2,42.9,34.6,43.2,-2.04,1807.0,71.28,6,7,2018,0
2018-06-25,台中市,SE6 青蔥 粉蔥 ,,,,,,,,6,1,2018,1
2018-06-26,台中市,SE6 青蔥 粉蔥 ,59.6,44.0,32.7,45.9,6.25,1481.0,-18.04,6,2,2018,0
2018-06-27,台中市,SE6 青蔥 粉蔥 ,47.6,37.6,26.5,37.2,-18.95,2051.0,38.49,6,3,2018,0
2018-06-28,台中市,SE6 青蔥 粉蔥 ,47.4,39.1,31.1,39.1,5.11,1232.0,-39.93,6,4,2018,0
2018-06-29,台中市,SE6 青蔥 粉蔥 ,51.0,37.7,28.4,37.9,-3.07,1356.0,10.06,6,5,2018,0
2018-06-30,台中市,SE6 青蔥 粉蔥 ,49.2,35.2,19.9,33.7,-11.08,1866.0,37.61,6,6,2018,0
2018-07-01,台中市,SE6 青蔥 粉蔥 ,52.1,33.0,22.7,34.1,1.19,1899.0,1.77,7,7,2018,0
2018-07-02,台中市,SE6 青蔥 粉蔥 ,,,,,,,,7,1,2018,1
2018-07-03,台中市,SE6 青蔥 粉蔥 ,50.3,44.8,35.7,44.0,29.03,974.0,-48.71,7,2,2018,0
2018-07-04,台中市,SE6 青蔥 粉蔥 ,59.5,52.2,27.0,49.2,11.82,797.0,-18.17,7,3,2018,0
2018-07-05,台中市,SE6 青蔥 粉蔥 ,61.4,50.1,35.3,49.7,1.02,1437.0,80.3,7,4,2018,0
2018-07-06,台中市,SE6 青蔥 粉蔥 ,56.8,46.0,15.0,38.9,-21.73,2117.0,47.32,7,5,2018,0
2018-07-07,台中市,SE6 青蔥 粉蔥 ,45.8,32.2,13.9,30.3,-22.11,2943.0,39.02,7,6,2018,0
2018-07-08,台中市,SE6 青蔥 粉蔥 ,57.4,36.2,16.0,34.6,14.19,2021.0,-31.33,7,7,2018,0
2018-07-09,台中市,SE6 青蔥 粉蔥 ,,,,,,,,7,1,2018,1
2018-07-10,台中市,SE6 青蔥 粉蔥 ,71.2,57.7,31.6,56.2,62.43,1621.0,-19.79,7,2,2018,0
2018-07-11,台中市,SE6 青蔥 粉蔥 ,63.1,54.1,35.4,52.4,-6.76,1530.0,-5.61,7,3,2018,0
2018-07-12,台中市,SE6 青蔥 粉蔥 ,58.2,51.3,35.1,48.6,-7.25,1313.0,-14.18,7,4,2018,0
2018-07-13,台中市,SE6 青蔥 粉蔥 ,62.6,45.7,24.1,42.5,-12.55,1575.0,19.95,7,5,2018,0
2018-07-14,台中市,SE6 青蔥 粉蔥 ,62.7,44.6,20.0,44.4,4.47,1623.0,3.05,7,6,2018,0
2018-07-15,台中市,SE6 青蔥 粉蔥 ,53.9,35.2,20.1,36.3,-18.24,2527.0,55.7,7,7,2018,0
2018-07-16,台中市,SE6 青蔥 粉蔥 ,,,,,,,,7,1,2018,1
2018-07-17,台中市,SE6 青蔥 粉蔥 ,49.1,34.5,16.2,33.6,-7.44,1713.0,-32.21,7,2,2018,0
2018-07-18,台中市,SE6 青蔥 粉蔥 ,43.9,31.2,13.9,30.5,-9.23,1487.0,-13.19,7,3,2018,0
2018-07-19,台中市,SE6 青蔥 粉蔥 ,43.3,27.9,11.6,27.9,-8.52,1735.0,16.68,7,4,2018,0
2018-07-20,台中市,SE6 青蔥 粉蔥 ,47.8,25.8,15.5,29.0,3.94,2156.0,24.27,7,5,2018,0
2018-07-21,台中市,SE6 青蔥 粉蔥 ,44.7,34.3,17.1,35.0,20.69,1891.0,-12.29,7,6,2018,0
2018-07-22,台中市,SE6 青蔥 粉蔥 ,44.2,32.8,19.2,31.2,-10.86,2327.0,23.06,7,7,2018,0
2018-07-23,台中市,SE6 青蔥 粉蔥 ,,,,,,,,7,1,2018,1
2018-07-24,台中市,SE6 青蔥 粉蔥 ,51.1,41.3,16.0,38.4,23.08,1787.0,-23.21,7,2,2018,0
2018-07-25,台中市,SE6 青蔥 粉蔥 ,48.1,35.3,12.4,30.8,-19.79,1984.0,11.02,7,3,2018,0
2018-07-26,台中市,SE6 青蔥 粉蔥 ,49.3,32.0,14.9,31.0,0.65,1655.0,-16.58,7,4,2018,0
2018-07-27,台中市,SE6 青蔥 粉蔥 ,44.5,31.2,12.4,30.4,-1.94,1839.0,11.12,7,5,2018,0
2018-07-28,台中市,SE6 青蔥 粉蔥 ,46.1,29.8,18.0,31.5,3.62,1749.0,-4.89,7,6,2018,0
2018-07-29,台中市,SE6 青蔥 粉蔥 ,44.1,28.9,19.1,29.8,-5.4,2342.0,33.91,7,7,2018,0
2018-07-30,台中市,SE6 青蔥 粉蔥 ,,,,,,,,7,1,2018,1
2018-07-31,台中市,SE6 青蔥 粉蔥 ,48.4,33.2,16.7,32.7,9.73,1669.0,-28.74,7,2,2018,0
2018-08-01,台中市,SE6 青蔥 粉蔥 ,43.7,33.9,16.9,31.8,-2.75,1917.0,14.86,8,3,2018,0
2018-08-02,台中市,SE6 青蔥 粉蔥 ,36.3,24.2,12.8,24.2,-23.9,2722.0,41.99,8,4,2018,0
2018-08-03,台中市,SE6 青蔥 粉蔥 ,36.7,25.6,15.2,25.6,5.79,1952.0,-28.29,8,5,2018,0
2018-08-04,台中市,SE6 青蔥 粉蔥 ,35.6,28.6,18.2,28.2,10.16,2227.0,14.09,8,6,2018,0
2018-08-05,台中市,SE6 青蔥 粉蔥 ,34.0,26.2,17.3,25.8,-8.51,2733.0,22.72,8,7,2018,0
2018-08-06,台中市,SE6 青蔥 粉蔥 ,,,,,,,,8,1,2018,1
2018-08-07,台中市,SE6 青蔥 粉蔥 ,36.5,29.9,17.1,28.3,9.69,2220.0,-18.77,8,2,2018,0
2018-08-08,台中市,SE6 青蔥 粉蔥 ,34.5,29.1,19.0,28.1,-0.71,2041.0,-8.06,8,3,2018,0
2018-08-09,台中市,SE6 青蔥 粉蔥 ,33.2,29.8,16.9,27.5,-2.14,1973.0,-3.33,8,4,2018,0
2018-08-10,台中市,SE6 青蔥 粉蔥 ,33.8,29.6,16.5,27.9,1.45,1693.0,-14.19,8,5,2018,0
2018-08-11,台中市,SE6 青蔥 粉蔥 ,32.7,26.8,18.7,26.4,-5.38,2385.0,40.87,8,6,2018,0
2018-08-12,台中市,SE6 青蔥 粉蔥 ,30.8,26.1,17.8,25.2,-4.55,3224.0,35.18,8,7,2018,0
2018-08-13,台中市,SE6 青蔥 粉蔥 ,,,,,,,,8,1,2018,1
2018-08-14,台中市,SE6 青蔥 粉蔥 ,33.8,28.0,17.8,27.0,7.14,2723.0,-15.54,8,2,2018,0
2018-08-15,台中市,SE6 青蔥 粉蔥 ,30.2,23.3,16.2,23.1,-14.44,2468.0,-9.36,8,3,2018,0
2018-08-16,台中市,SE6 青蔥 粉蔥 ,29.2,21.5,16.8,22.3,-3.46,2851.0,15.52,8,4,2018,0
2018-08-17,台中市,SE6 青蔥 粉蔥 ,29.4,21.8,16.6,22.3,0.0,2539.0,-10.94,8,5,2018,0
2018-08-18,台中市,SE6 青蔥 粉蔥 ,28.0,23.2,14.9,22.3,0.0,2380.0,-6.26,8,6,2018,0
2018-08-19,台中市,SE6 青蔥 粉蔥 ,30.1,24.2,13.9,23.3,4.48,2433.0,2.23,8,7,2018,0
2018-08-20,台中市,SE6 青蔥 粉蔥 ,,,,,,,,8,1,2018,1
2018-08-21,台中市,SE6 青蔥 粉蔥 ,33.2,26.1,12.9,25.6,9.87,2556.0,5.06,8,2,2018,0
2018-08-22,台中市,SE6 青蔥 粉蔥 ,32.8,26.9,17.3,26.5,3.52,2379.0,-6.92,8,3,2018,0
2018-08-23,台中市,SE6 青蔥 粉蔥 ,32.9,26.8,14.4,24.8,-6.42,2928.0,23.08,8,4,2018,0
2018-08-24,台中市,SE6 青蔥 粉蔥 ,34.0,28.6,15.3,27.1,9.27,3237.0,10.55,8,5,2018,0
2018-08-25,台中市,SE6 青蔥 粉蔥 ,47.5,41.0,24.4,39.7,46.49,2388.0,-26.23,8,6,2018,0
2018-08-26,台中市,SE6 青蔥 粉蔥 ,,,,,,,,8,7,2018,1
2018-08-27,台中市,SE6 青蔥 粉蔥 ,,,,,,,,8,1,2018,1
2018-08-28,台中市,SE6 青蔥 粉蔥 ,49.9,42.7,23.8,41.4,4.28,2127.0,-10.93,8,2,2018,0
2018-08-29,台中市,SE6 青蔥 粉蔥 ,47.1,35.5,16.6,32.6,-21.26,2744.0,29.01,8,3,2018,0
2018-08-30,台中市,SE6 青蔥 粉蔥 ,49.6,40.9,27.1,40.5,24.23,2066.0,-24.71,8,4,2018,0
2018-08-31,台中市,SE6 青蔥 粉蔥 ,44.8,34.5,18.0,33.4,-17.53,2876.0,39.21,8,5,2018,0
2018-09-01,台中市,SE6 青蔥 粉蔥 ,42.7,34.0,18.5,31.7,-5.09,3118.0,8.41,9,6,2018,0
2018-09-02,台中市,SE6 青蔥 粉蔥 ,41.1,27.8,13.5,27.5,-13.25,3532.0,13.28,9,7,2018,0
2018-09-03,台中市,SE6 青蔥 粉蔥 ,,,,,,,,9,1,2018,1
2018-09-04,台中市,SE6 青蔥 粉蔥 ,43.9,28.6,11.7,27.1,-1.45,2194.0,-37.88,9,2,2018,0
2018-09-05,台中市,SE6 青蔥 粉蔥 ,48.7,36.0,14.1,32.8,21.03,1623.0,-26.03,9,3,2018,0
2018-09-06,台中市,SE6 青蔥 粉蔥 ,48.2,33.3,13.7,33.6,2.44,1514.0,-6.72,9,4,2018,0
2018-09-07,台中市,SE6 青蔥 粉蔥 ,48.5,41.4,22.5,38.8,15.48,1652.0,9.11,9,5,2018,0
2018-09-08,台中市,SE6 青蔥 粉蔥 ,52.3,40.8,22.1,40.5,4.38,1333.0,-19.31,9,6,2018,0
2018-09-09,台中市,SE6 青蔥 粉蔥 ,51.5,40.4,22.4,39.1,-3.46,1816.0,36.23,9,7,2018,0
2018-09-10,台中市,SE6 青蔥 粉蔥 ,,,,,,,,9,1,2018,1
2018-09-11,台中市,SE6 青蔥 粉蔥 ,66.8,56.3,35.5,51.8,32.48,1470.0,-19.05,9,2,2018,0
2018-09-12,台中市,SE6 青蔥 粉蔥 ,66.5,47.3,26.6,47.2,-8.88,1753.0,19.25,9,3,2018,0
2018-09-13,台中市,SE6 青蔥 粉蔥 ,61.8,44.5,21.6,42.2,-10.59,1744.0,-0.51,9,4,2018,0
2018-09-14,台中市,SE6 青蔥 粉蔥 ,51.8,35.8,19.8,37.3,-11.61,1848.0,5.96,9,5,2018,0
2018-09-15,台中市,SE6 青蔥 粉蔥 ,56.6,34.3,14.4,34.4,-7.77,1536.0,-16.88,9,6,2018,0
2018-09-16,台中市,SE6 青蔥 粉蔥 ,52.4,31.3,12.9,32.5,-5.52,1882.0,22.53,9,7,2018,0
2018-09-17,台中市,SE6 青蔥 粉蔥 ,,,,,,,,9,1,2018,1
2018-09-18,台中市,SE6 青蔥 粉蔥 ,55.4,41.0,17.3,37.0,13.85,1671.0,-11.21,9,2,2018,0
2018-09-19,台中市,SE6 青蔥 粉蔥 ,54.0,33.1,12.7,32.3,-12.7,1939.0,16.04,9,3,2018,0
2018-09-20,台中市,SE6 青蔥 粉蔥 ,51.6,35.2,12.8,34.0,5.26,1776.0,-8.41,9,4,2018,0
2018-09-21,台中市,SE6 青蔥 粉蔥 ,52.1,38.8,17.9,37.4,10.0,1695.0,-4.56,9,5,2018,0
2018-09-22,台中市,SE6 青蔥 粉蔥 ,55.5,43.0,21.3,39.6,5.88,1439.0,-15.1,9,6,2018,0
2018-09-23,台中市,SE6 青蔥 粉蔥 ,55.7,46.3,21.8,40.9,3.28,1337.0,-7.09,9,7,2018,0
2018-09-24,台中市,SE6 青蔥 粉蔥 ,54.7,48.3,38.7,47.6,16.38,909.0,-32.01,9,1,2018,0
2018-09-25,台中市,SE6 青蔥 粉蔥 ,,,,,,,,9,2,2018,1
2018-09-26,台中市,SE6 青蔥 粉蔥 ,,,,,,,,9,3,2018,1
2018-09-27,台中市,SE6 青蔥 粉蔥 ,62.0,46.4,35.0,45.6,-4.2,472.0,-48.07,9,4,2018,0
2018-09-28,台中市,SE6 青蔥 粉蔥 ,69.7,64.8,41.3,57.8,26.75,293.0,-37.92,9,5,2018,0
2018-09-29,台中市,SE6 青蔥 粉蔥 ,78.0,52.7,25.0,51.5,-10.9,240.0,-18.09,9,6,2018,0
2018-09-30,台中市,SE6 青蔥 粉蔥 ,69.8,48.3,19.0,43.6,-15.34,925.0,285.42,9,7,2018,0
2018-10-01,台中市,SE6 青蔥 粉蔥 ,,,,,,,,10,1,2018,1
2018-10-02,台中市,SE6 青蔥 粉蔥 ,71.0,46.8,24.5,50.4,15.6,745.0,-19.46,10,2,2018,0
2018-10-03,台中市,SE6 青蔥 粉蔥 ,59.5,33.6,25.2,38.6,-23.41,943.0,26.58,10,3,2018,0
2018-10-04,台中市,SE6 青蔥 粉蔥 ,54.7,28.5,19.7,32.2,-16.58,864.0,-8.38,10,4,2018,0
2018-10-05,台中市,SE6 青蔥 粉蔥 ,55.7,42.6,19.2,39.7,23.29,1355.0,56.83,10,5,2018,0
2018-10-06,台中市,SE6 青蔥 粉蔥 ,48.6,40.8,35.7,41.0,3.27,922.0,-31.96,10,6,2018,0
2018-10-07,台中市,SE6 青蔥 粉蔥 ,56.6,37.6,18.8,38.0,-7.32,1013.0,9.87,10,7,2018,0
2018-10-08,台中市,SE6 青蔥 粉蔥 ,,,,,,,,10,1,2018,1
2018-10-09,台中市,SE6 青蔥 粉蔥 ,62.8,38.0,14.9,37.6,-1.05,1110.0,9.58,10,2,2018,0
2018-10-10,台中市,SE6 青蔥 粉蔥 ,62.6,35.0,18.5,37.6,0.0,1288.0,16.04,10,3,2018,0
2018-10-11,台中市,SE6 青蔥 粉蔥 ,52.4,32.7,14.3,29.9,-20.48,1317.0,2.25,10,4,2018,0
2018-10-12,台中市,SE6 青蔥 粉蔥 ,54.0,38.1,21.3,34.7,16.05,1413.0,7.29,10,5,2018,0
2018-10-13,台中市,SE6 青蔥 粉蔥 ,49.2,38.0,18.4,33.5,-3.46,1690.0,19.6,10,6,2018,0
2018-10-14,台中市,SE6 青蔥 粉蔥 ,47.9,37.2,15.8,31.8,-5.07,1603.0,-5.15,10,7,2018,0
2018-10-15,台中市,SE6 青蔥 粉蔥 ,,,,,,,,10,1,2018,1
2018-10-16,台中市,SE6 青蔥 粉蔥 ,54.0,50.4,42.3,48.5,52.52,411.0,-74.36,10,2,2018,0
2018-10-17,台中市,SE6 青蔥 粉蔥 ,57.2,35.9,17.3,35.8,-26.19,1542.0,275.18,10,3,2018,0
2018-10-18,台中市,SE6 青蔥 粉蔥 ,53.8,42.7,21.2,37.4,4.47,1201.0,-22.11,10,4,2018,0
2018-10-19,台中市,SE6 青蔥 粉蔥 ,55.0,44.0,23.1,38.6,3.21,1364.0,13.57,10,5,2018,0
2018-10-20,台中市,SE6 青蔥 粉蔥 ,50.3,31.8,12.0,28.4,-26.42,2094.0,53.52,10,6,2018,0
2018-10-21,台中市,SE6 青蔥 粉蔥 ,45.9,38.2,14.9,34.7,22.18,1710.0,-18.34,10,7,2018,0
2018-10-22,台中市,SE6 青蔥 粉蔥 ,,,,,,,,10,1,2018,1
2018-10-23,台中市,SE6 青蔥 粉蔥 ,45.7,40.7,28.0,39.6,14.12,1528.0,-10.64,10,2,2018,0
2018-10-24,台中市,SE6 青蔥 粉蔥 ,38.9,30.7,17.7,29.9,-24.49,2099.0,37.37,10,3,2018,0
2018-10-25,台中市,SE6 青蔥 粉蔥 ,35.0,23.1,14.1,24.9,-16.72,1575.0,-24.96,10,4,2018,0
2018-10-26,台中市,SE6 青蔥 粉蔥 ,37.0,28.1,7.4,23.7,-4.82,1483.0,-5.84,10,5,2018,0
2018-10-27,台中市,SE6 青蔥 粉蔥 ,35.3,29.6,18.3,28.6,20.68,1627.0,9.71,10,6,2018,0
2018-10-28,台中市,SE6 青蔥 粉蔥 ,39.2,32.0,18.2,30.2,5.59,2000.0,22.93,10,7,2018,0
2018-10-29,台中市,SE6 青蔥 粉蔥 ,,,,,,,,10,1,2018,1
2018-10-30,台中市,SE6 青蔥 粉蔥 ,36.1,28.5,13.5,26.9,-10.93,1686.0,-15.7,10,2,2018,0
2018-10-31,台中市,SE6 青蔥 粉蔥 ,38.7,28.2,14.2,26.7,-0.74,1502.0,-10.91,10,3,2018,0
2018-11-01,台中市,SE6 青蔥 粉蔥 ,37.8,24.6,15.6,26.3,-1.5,1614.0,7.46,11,4,2018,0
2018-11-02,台中市,SE6 青蔥 粉蔥 ,37.2,26.3,18.7,27.3,3.8,1793.0,11.09,11,5,2018,0
2018-11-03,台中市,SE6 青蔥 粉蔥 ,35.3,26.0,19.2,26.3,-3.66,1808.0,0.84,11,6,2018,0
2018-11-04,台中市,SE6 青蔥 粉蔥 ,30.0,24.1,15.9,23.4,-11.03,2031.0,12.33,11,7,2018,0
2018-11-05,台中市,SE6 青蔥 粉蔥 ,,,,,,,,11,1,2018,1
2018-11-06,台中市,SE6 青蔥 粉蔥 ,28.3,18.5,11.7,19.3,-17.52,2234.0,10.0,11,2,2018,0
2018-11-07,台中市,SE6 青蔥 粉蔥 ,27.0,21.1,15.4,20.5,6.22,1638.0,-26.68,11,3,2018,0
2018-11-08,台中市,SE6 青蔥 粉蔥 ,28.0,20.8,10.3,20.3,-0.98,1544.0,-5.74,11,4,2018,0
2018-11-09,台中市,SE6 青蔥 粉蔥 ,30.8,25.9,13.8,23.6,16.26,1422.0,-7.9,11,5,2018,0
2018-11-10,台中市,SE6 青蔥 粉蔥 ,28.0,24.8,13.8,24.0,1.69,1415.0,-0.49,11,6,2018,0
2018-11-11,台中市,SE6 青蔥 粉蔥 ,30.2,27.1,13.0,24.8,3.33,1474.0,4.17,11,7,2018,0
2018-11-12,台中市,SE6 青蔥 粉蔥 ,,,,,,,,11,1,2018,1
2018-11-13,台中市,SE6 青蔥 粉蔥 ,30.8,23.9,14.0,23.2,-6.45,2133.0,44.71,11,2,2018,0
2018-11-14,台中市,SE6 青蔥 粉蔥 ,34.3,23.5,15.1,24.9,7.33,1434.0,-32.77,11,3,2018,0
2018-11-15,台中市,SE6 青蔥 粉蔥 ,29.5,19.0,11.8,20.4,-18.07,2183.0,52.23,11,4,2018,0
2018-11-16,台中市,SE6 青蔥 粉蔥 ,29.0,15.9,11.5,18.9,-7.35,2115.0,-3.11,11,5,2018,0
2018-11-17,台中市,SE6 青蔥 粉蔥 ,28.3,17.8,13.7,19.3,2.12,2006.0,-5.15,11,6,2018,0
2018-11-18,台中市,SE6 青蔥 粉蔥 ,29.2,21.0,12.8,20.4,5.7,1885.0,-6.03,11,7,2018,0
2018-11-19,台中市,SE6 青蔥 粉蔥 ,,,,,,,,11,1,2018,1
2018-11-20,台中市,SE6 青蔥 粉蔥 ,29.8,19.2,12.1,19.7,-3.43,2754.0,46.1,11,2,2018,0
2018-11-21,台中市,SE6 青蔥 粉蔥 ,27.9,19.4,12.1,19.7,0.0,1859.0,-32.5,11,3,2018,0
2018-11-22,台中市,SE6 青蔥 粉蔥 ,26.4,16.0,9.4,17.2,-12.69,1960.0,5.43,11,4,2018,0
2018-11-23,台中市,SE6 青蔥 粉蔥 ,28.1,16.2,10.0,17.2,0.0,1809.0,-7.7,11,5,2018,0
2018-11-24,台中市,SE6 青蔥 粉蔥 ,26.8,15.9,10.8,17.0,-1.16,2258.0,24.82,11,6,2018,0
2018-11-25,台中市,SE6 青蔥 粉蔥 ,26.4,21.5,11.7,20.7,21.76,1479.0,-34.5,11,7,2018,0
2018-11-26,台中市,SE6 青蔥 粉蔥 ,,,,,,,,11,1,2018,1
2018-11-27,台中市,SE6 青蔥 粉蔥 ,28.8,20.2,14.5,21.1,1.93,1987.0,34.35,11,2,2018,0
2018-11-28,台中市,SE6 青蔥 粉蔥 ,25.4,20.8,14.1,20.9,-0.95,1568.0,-21.09,11,3,2018,0
2018-11-29,台中市,SE6 青蔥 粉蔥 ,25.7,19.0,14.3,19.2,-8.13,1655.0,5.55,11,4,2018,0
2018-11-30,台中市,SE6 青蔥 粉蔥 ,26.0,20.6,13.7,20.7,7.81,1887.0,14.02,11,5,2018,0
2018-12-01,台中市,SE6 青蔥 粉蔥 ,26.5,19.0,13.1,19.8,-4.35,2307.0,22.26,12,6,2018,0
2018-12-02,台中市,SE6 青蔥 粉蔥 ,29.4,22.4,16.2,23.1,16.67,1694.0,-26.57,12,7,2018,0
2018-12-03,台中市,SE6 青蔥 粉蔥 ,,,,,,,,12,1,2018,1
2018-12-04,台中市,SE6 青蔥 粉蔥 ,25.2,17.9,13.1,19.0,-17.75,3511.0,107.26,12,2,2018,0
2018-12-05,台中市,SE6 青蔥 粉蔥 ,25.2,16.2,8.0,16.8,-11.58,2417.0,-31.16,12,3,2018,0
2018-12-06,台中市,SE6 青蔥 粉蔥 ,19.9,12.2,6.7,13.4,-20.24,2843.0,17.63,12,4,2018,0
2018-12-07,台中市,SE6 青蔥 粉蔥 ,21.9,13.2,7.2,13.9,3.73,3248.0,14.25,12,5,2018,0
2018-12-08,台中市,SE6 青蔥 粉蔥 ,18.9,11.2,7.4,12.4,-10.79,3065.0,-5.63,12,6,2018,0
2018-12-09,台中市,SE6 青蔥 粉蔥 ,18.3,12.0,7.7,12.8,3.23,2240.0,-26.92,12,7,2018,0
2018-12-10,台中市,SE6 青蔥 粉蔥 ,,,,,,,,12,1,2018,1
2018-12-11,台中市,SE6 青蔥 粉蔥 ,22.3,17.5,6.6,18.6,45.31,1083.0,-51.65,12,2,2018,0
2018-12-12,台中市,SE6 青蔥 粉蔥 ,31.0,23.0,14.0,25.0,34.41,834.0,-22.99,12,3,2018,0
2018-12-13,台中市,SE6 青蔥 粉蔥 ,28.8,24.9,20.4,25.2,0.8,1808.0,116.79,12,4,2018,0
2018-12-14,台中市,SE6 青蔥 粉蔥 ,24.3,19.2,13.7,19.3,-23.41,2332.0,28.98,12,5,2018,0
2018-12-15,台中市,SE6 青蔥 粉蔥 ,23.9,17.7,13.1,18.6,-3.63,2547.0,9.22,12,6,2018,0
2018-12-16,台中市,SE6 青蔥 粉蔥 ,22.6,16.1,10.7,16.9,-9.14,2648.0,3.97,12,7,2018,0
2018-12-17,台中市,SE6 青蔥 粉蔥 ,,,,,,,,12,1,2018,1
2018-12-18,台中市,SE6 青蔥 粉蔥 ,25.6,14.8,11.4,16.8,-0.59,2496.0,-5.74,12,2,2018,0
2018-12-19,台中市,SE6 青蔥 粉蔥 ,22.2,14.1,9.8,15.7,-6.55,2681.0,7.41,12,3,2018,0
2018-12-20,台中市,SE6 青蔥 粉蔥 ,21.9,15.1,11.2,16.2,3.18,1970.0,-26.52,12,4,2018,0
2018-12-21,台中市,SE6 青蔥 粉蔥 ,24.4,14.1,10.2,16.4,1.23,1876.0,-4.77,12,5,2018,0
2018-12-22,台中市,SE6 青蔥 粉蔥 ,22.2,15.6,9.2,16.3,-0.61,2102.0,12.05,12,6,2018,0
2018-12-23,台中市,SE6 青蔥 粉蔥 ,30.0,25.8,20.5,27.0,65.64,373.0,-82.25,12,7,2018,0
2018-12-24,台中市,SE6 青蔥 粉蔥 ,,,,,,,,12,1,2018,1
2018-12-25,台中市,SE6 青蔥 粉蔥 ,26.0,19.6,14.6,20.5,-24.07,2565.0,587.67,12,2,2018,0
2018-12-26,台中市,SE6 青蔥 粉蔥 ,21.9,17.3,11.9,17.3,-15.61,2182.0,-14.93,12,3,2018,0
2018-12-27,台中市,SE6 青蔥 粉蔥 ,21.3,14.2,8.8,15.2,-12.14,2635.0,20.76,12,4,2018,0
2018-12-28,台中市,SE6 青蔥 粉蔥 ,19.1,15.2,10.5,15.7,3.29,2233.0,-15.26,12,5,2018,0
2018-12-29,台中市,SE6 青蔥 粉蔥 ,19.6,14.6,8.6,14.1,-10.19,2728.0,22.17,12,6,2018,0
2018-12-30,台中市,SE6 青蔥 粉蔥 ,21.2,17.3,11.6,17.6,24.82,2227.0,-18.37,12,7,2018,0
2018-12-31,台中市,SE6 青蔥 粉蔥 ,,,,,,,,12,1,2018,1
2019-01-01,台中市,SE6 青蔥 粉蔥 ,26.8,22.0,17.0,22.1,25.57,2033.0,-8.71,1,2,2019,0
2019-01-02,台中市,SE6 青蔥 粉蔥 ,27.0,22.1,18.7,22.7,2.71,1772.0,-12.84,1,3,2019,0
2019-01-03,台中市,SE6 青蔥 粉蔥 ,25.2,18.6,14.3,19.9,-12.33,1795.0,1.3,1,4,2019,0
2019-01-04,台中市,SE6 青蔥 粉蔥 ,24.9,19.6,15.9,20.4,2.51,2296.0,27.91,1,5,2019,0
2019-01-05,台中市,SE6 青蔥 粉蔥 ,24.0,20.0,15.5,20.2,-0.98,2487.0,8.32,1,6,2019,0
2019-01-06,台中市,SE6 青蔥 粉蔥 ,22.3,15.7,10.2,16.4,-18.81,2778.0,11.7,1,7,2019,0
2019-01-07,台中市,SE6 青蔥 粉蔥 ,,,,,,,,1,1,2019,1
2019-01-08,台中市,SE6 青蔥 粉蔥 ,20.5,15.6,10.4,15.6,-4.88,3160.0,13.75,1,2,2019,0
2019-01-09,台中市,SE6 青蔥 粉蔥 ,20.0,12.7,7.5,14.0,-10.26,2530.0,-19.94,1,3,2019,0
2019-01-10,台中市,SE6 青蔥 粉蔥 ,20.9,12.8,6.8,13.8,-1.43,2731.0,7.94,1,4,2019,0
2019-01-11,台中市,SE6 青蔥 粉蔥 ,18.3,11.9,5.9,12.4,-10.14,2246.0,-17.76,1,5,2019,0
2019-01-12,台中市,SE6 青蔥 粉蔥 ,16.9,10.6,5.7,11.4,-8.06,2734.0,21.73,1,6,2019,0
2019-01-13,台中市,SE6 青蔥 粉蔥 ,16.7,9.8,5.0,10.5,-7.89,2662.0,-2.63,1,7,2019,0
2019-01-14,台中市,SE6 青蔥 粉蔥 ,,,,,,,,1,1,2019,1
2019-01-15,台中市,SE6 青蔥 粉蔥 ,22.5,16.3,11.6,17.0,61.9,1701.0,-36.1,1,2,2019,0
2019-01-16,台中市,SE6 青蔥 粉蔥 ,23.1,15.8,12.1,17.6,3.53,1379.0,-18.93,1,3,2019,0
2019-01-17,台中市,SE6 青蔥 粉蔥 ,24.8,16.8,12.1,18.5,5.11,1949.0,41.33,1,4,2019,0
2019-01-18,台中市,SE6 青蔥 粉蔥 ,21.2,16.0,12.5,16.9,-8.65,2338.0,19.96,1,5,2019,0
2019-01-19,台中市,SE6 青蔥 粉蔥 ,20.2,14.2,11.7,16.2,-4.14,2136.0,-8.64,1,6,2019,0
2019-01-20,台中市,SE6 青蔥 粉蔥 ,23.0,15.7,11.7,16.8,3.7,1913.0,-10.44,1,7,2019,0
2019-01-21,台中市,SE6 青蔥 粉蔥 ,,,,,,,,1,1,2019,1
2019-01-22,台中市,SE6 青蔥 粉蔥 ,22.5,14.7,9.3,15.5,-7.74,2667.0,39.41,1,2,2019,0
2019-01-23,台中市,SE6 青蔥 粉蔥 ,25.0,14.6,10.7,17.0,9.68,2323.0,-12.9,1,3,2019,0
2019-01-24,台中市,SE6 青蔥 粉蔥 ,22.8,13.6,9.2,15.4,-9.41,2330.0,0.3,1,4,2019,0
2019-01-25,台中市,SE6 青蔥 粉蔥 ,21.1,14.5,10.6,15.6,1.3,2225.0,-4.51,1,5,2019,0
2019-01-26,台中市,SE6 青蔥 粉蔥 ,24.5,15.9,11.8,17.7,13.46,2112.0,-5.08,1,6,2019,0
2019-01-27,台中市,SE6 青蔥 粉蔥 ,22.4,14.3,9.2,15.9,-10.17,2751.0,30.26,1,7,2019,0
2019-01-28,台中市,SE6 青蔥 粉蔥 ,,,,,,,,1,1,2019,1
2019-01-29,台中市,SE6 青蔥 粉蔥 ,21.7,15.3,11.4,16.6,4.4,2234.0,-18.79,1,2,2019,0
2019-01-30,台中市,SE6 青蔥 粉蔥 ,28.1,19.5,14.2,21.0,26.51,1538.0,-31.15,1,3,2019,0
2019-01-31,台中市,SE6 青蔥 粉蔥 ,26.9,20.4,13.2,21.5,2.38,2327.0,51.3,1,4,2019,0
2019-02-01,台中市,SE6 青蔥 粉蔥 ,31.6,26.0,20.9,26.5,23.26,2580.0,10.87,2,5,2019,0
2019-02-02,台中市,SE6 青蔥 粉蔥 ,39.6,32.4,25.6,33.0,24.53,2803.0,8.64,2,6,2019,0
2019-02-03,台中市,SE6 青蔥 粉蔥 ,43.1,34.3,29.7,36.0,9.09,2715.0,-3.14,2,7,2019,0
2019-02-04,台中市,SE6 青蔥 粉蔥 ,45.7,40.4,25.8,40.1,11.39,1183.0,-56.43,2,1,2019,0
2019-02-05,台中市,SE6 青蔥 粉蔥 ,,,,,,,,2,2,2019,1
2019-02-06,台中市,SE6 青蔥 粉蔥 ,,,,,,,,2,3,2019,1
2019-02-07,台中市,SE6 青蔥 粉蔥 ,,,,,,,,2,4,2019,1
2019-02-08,台中市,SE6 青蔥 粉蔥 ,,,,,,,,2,5,2019,1
2019-02-09,台中市,SE6 青蔥 粉蔥 ,,,,,,,,2,6,2019,1
2019-02-10,台中市,SE6 青蔥 粉蔥 ,36.3,32.2,28.0,32.5,-18.95,2040.0,72.44,2,7,2019,0
2019-02-11,台中市,SE6 青蔥 粉蔥 ,44.0,40.4,32.6,39.2,20.62,1021.0,-49.95,2,1,2019,0
2019-02-12,台中市,SE6 青蔥 粉蔥 ,40.9,37.6,30.8,37.0,-5.61,2454.0,140.35,2,2,2019,0
2019-02-13,台中市,SE6 青蔥 粉蔥 ,,,,,,,,2,3,2019,1
2019-02-14,台中市,SE6 青蔥 粉蔥 ,34.7,26.5,15.7,26.3,-28.92,3277.0,33.54,2,4,2019,0
2019-02-15,台中市,SE6 青蔥 粉蔥 ,27.4,18.3,11.0,18.9,-28.14,2621.0,-20.02,2,5,2019,0
2019-02-16,台中市,SE6 青蔥 粉蔥 ,27.1,17.9,9.6,18.1,-4.23,2570.0,-1.95,2,6,2019,0
2019-02-17,台中市,SE6 青蔥 粉蔥 ,26.3,22.8,13.8,22.1,22.1,1803.0,-29.84,2,7,2019,0
2019-02-18,台中市,SE6 青蔥 粉蔥 ,32.8,26.8,20.5,26.3,19.0,1484.0,-17.69,2,1,2019,0
2019-02-19,台中市,SE6 青蔥 粉蔥 ,34.6,30.8,23.5,30.0,14.07,1746.0,17.65,2,2,2019,0
2019-02-20,台中市,SE6 青蔥 粉蔥 ,,,,,,,,2,3,2019,1
2019-02-21,台中市,SE6 青蔥 粉蔥 ,,,,,,,,2,4,2019,1
2019-02-22,台中市,SE6 青蔥 粉蔥 ,37.2,30.0,19.3,29.0,-3.33,2620.0,50.06,2,5,2019,0
2019-02-23,台中市,SE6 青蔥 粉蔥 ,39.7,31.4,21.1,31.6,8.97,2160.0,-17.56,2,6,2019,0
2019-02-24,台中市,SE6 青蔥 粉蔥 ,33.5,27.0,17.7,26.0,-17.72,2190.0,1.39,2,7,2019,0
2019-02-25,台中市,SE6 青蔥 粉蔥 ,,,,,,,,2,1,2019,1
2019-02-26,台中市,SE6 青蔥 粉蔥 ,34.9,29.7,23.5,30.3,16.54,1263.0,-42.33,2,2,2019,0
2019-02-27,台中市,SE6 青蔥 粉蔥 ,38.7,33.4,23.6,32.3,6.6,1688.0,33.65,2,3,2019,0
2019-02-28,台中市,SE6 青蔥 粉蔥 ,39.1,32.8,18.9,30.9,-4.33,2071.0,22.69,2,4,2019,0
2019-03-01,台中市,SE6 青蔥 粉蔥 ,40.8,33.8,24.2,33.2,7.44,2062.0,-0.43,3,5,2019,0
2019-03-02,台中市,SE6 青蔥 粉蔥 ,38.1,32.6,22.8,31.8,-4.22,1982.0,-3.88,3,6,2019,0
2019-03-03,台中市,SE6 青蔥 粉蔥 ,37.3,31.5,21.9,30.5,-4.09,2014.0,1.61,3,7,2019,0
2019-03-04,台中市,SE6 青蔥 粉蔥 ,,,,,,,,3,1,2019,1
2019-03-05,台中市,SE6 青蔥 粉蔥 ,36.9,31.7,21.9,30.6,0.33,1958.0,-2.78,3,2,2019,0
2019-03-06,台中市,SE6 青蔥 粉蔥 ,33.1,26.3,16.3,25.9,-15.36,2397.0,22.42,3,3,2019,0
2019-03-07,台中市,SE6 青蔥 粉蔥 ,34.3,23.7,16.4,26.1,0.77,1566.0,-34.67,3,4,2019,0
2019-03-08,台中市,SE6 青蔥 粉蔥 ,31.6,28.0,15.5,26.8,2.68,1104.0,-29.5,3,5,2019,0
2019-03-09,台中市,SE6 青蔥 粉蔥 ,33.8,29.4,18.2,27.7,3.36,667.0,-39.58,3,6,2019,0
2019-03-10,台中市,SE6 青蔥 粉蔥 ,50.0,35.9,23.2,38.8,40.07,933.0,39.88,3,7,2019,0
2019-03-11,台中市,SE6 青蔥 粉蔥 ,,,,,,,,3,1,2019,1
2019-03-12,台中市,SE6 青蔥 粉蔥 ,51.4,43.6,31.9,42.9,10.57,1531.0,64.09,3,2,2019,0
2019-03-13,台中市,SE6 青蔥 粉蔥 ,50.0,42.6,25.4,41.4,-3.5,1925.0,25.73,3,3,2019,0
2019-03-14,台中市,SE6 青蔥 粉蔥 ,45.6,36.3,23.4,35.8,-13.53,2533.0,31.58,3,4,2019,0
2019-03-15,台中市,SE6 青蔥 粉蔥 ,47.2,34.2,23.1,34.1,-4.75,2485.0,-1.89,3,5,2019,0
2019-03-16,台中市,SE6 青蔥 粉蔥 ,38.7,32.2,24.9,31.4,-7.92,3326.0,33.84,3,6,2019,0
2019-03-17,台中市,SE6 青蔥 粉蔥 ,38.4,33.0,19.4,29.4,-6.37,2227.0,-33.04,3,7,2019,0
2019-03-18,台中市,SE6 青蔥 粉蔥 ,,,,,,,,3,1,2019,1
2019-03-19,台中市,SE6 青蔥 粉蔥 ,36.3,28.0,19.0,27.7,-5.78,3012.0,35.25,3,2,2019,0
2019-03-20,台中市,SE6 青蔥 粉蔥 ,30.7,26.8,18.5,24.9,-10.11,2324.0,-22.84,3,3,2019,0
2019-03-21,台中市,SE6 青蔥 粉蔥 ,32.2,23.4,14.3,22.5,-9.64,1746.0,-24.87,3,4,2019,0
2019-03-22,台中市,SE6 青蔥 粉蔥 ,33.3,24.2,13.2,23.9,6.22,1882.0,7.79,3,5,2019,0
2019-03-23,台中市,SE6 青蔥 粉蔥 ,34.0,26.4,16.8,26.5,10.88,1690.0,-10.2,3,6,2019,0
2019-03-24,台中市,SE6 青蔥 粉蔥 ,37.9,30.9,21.8,30.1,13.58,1929.0,14.14,3,7,2019,0
2019-03-25,台中市,SE6 青蔥 粉蔥 ,,,,,,,,3,1,2019,1
2019-03-26,台中市,SE6 青蔥 粉蔥 ,37.5,30.0,18.9,30.1,0.0,2408.0,24.83,3,2,2019,0
2019-03-27,台中市,SE6 青蔥 粉蔥 ,36.0,25.0,15.5,25.3,-15.95,2998.0,24.5,3,3,2019,0
2019-03-28,台中市,SE6 青蔥 粉蔥 ,32.0,21.4,12.4,21.3,-15.81,3173.0,5.84,3,4,2019,0
2019-03-29,台中市,SE6 青蔥 粉蔥 ,31.1,20.6,10.3,18.3,-14.08,2850.0,-10.18,3,5,2019,0
2019-03-30,台中市,SE6 青蔥 粉蔥 ,33.7,26.1,13.5,24.7,34.97,2134.0,-25.12,3,6,2019,0
2019-03-31,台中市,SE6 青蔥 粉蔥 ,29.1,22.2,13.9,22.1,-10.53,2387.0,11.86,3,7,2019,0
2019-04-01,台中市,SE6 青蔥 粉蔥 ,,,,,,,,4,1,2019,1
2019-04-02,台中市,SE6 青蔥 粉蔥 ,32.7,26.5,21.0,27.3,23.53,1716.0,-28.11,4,2,2019,0
2019-04-03,台中市,SE6 青蔥 粉蔥 ,32.2,25.4,17.8,26.0,-4.76,2194.0,27.86,4,3,2019,0
2019-04-04,台中市,SE6 青蔥 粉蔥 ,35.7,28.1,19.4,29.0,11.54,2252.0,2.64,4,4,2019,0
2019-04-05,台中市,SE6 青蔥 粉蔥 ,,,,,,,,4,5,2019,1
2019-04-06,台中市,SE6 青蔥 粉蔥 ,,,,,,,,4,6,2019,1
2019-04-07,台中市,SE6 青蔥 粉蔥 ,39.8,33.9,27.1,35.2,21.38,1721.0,-23.58,4,7,2019,0
2019-04-08,台中市,SE6 青蔥 粉蔥 ,,,,,,,,4,1,2019,1
2019-04-09,台中市,SE6 青蔥 粉蔥 ,37.3,31.1,26.9,32.2,-8.52,1803.0,4.76,4,2,2019,0
2019-04-10,台中市,SE6 青蔥 粉蔥 ,38.5,31.2,25.2,32.9,2.17,1507.0,-16.42,4,3,2019,0
2019-04-11,台中市,SE6 青蔥 粉蔥 ,37.7,30.1,22.3,31.2,-5.17,2002.0,32.85,4,4,2019,0
2019-04-12,台中市,SE6 青蔥 粉蔥 ,28.9,20.4,12.8,20.1,-35.58,4127.0,106.14,4,5,2019,0
2019-04-13,台中市,SE6 青蔥 粉蔥 ,25.6,18.8,11.2,18.6,-7.46,3320.0,-19.55,4,6,2019,0
2019-04-14,台中市,SE6 青蔥 粉蔥 ,20.2,14.3,10.0,14.9,-19.89,3083.0,-7.14,4,7,2019,0
2019-04-15,台中市,SE6 青蔥 粉蔥 ,,,,,,,,4,1,2019,1
2019-04-16,台中市,SE6 青蔥 粉蔥 ,26.4,18.7,14.6,19.7,32.21,2587.0,-16.09,4,2,2019,0
2019-04-17,台中市,SE6 青蔥 粉蔥 ,26.2,18.5,13.7,19.1,-3.05,2320.0,-10.32,4,3,2019,0
2019-04-18,台中市,SE6 青蔥 粉蔥 ,27.3,20.8,13.5,21.2,10.99,1633.0,-29.61,4,4,2019,0
2019-04-19,台中市,SE6 青蔥 粉蔥 ,30.5,22.0,15.8,23.3,9.91,1531.0,-6.25,4,5,2019,0
2019-04-20,台中市,SE6 青蔥 粉蔥 ,34.6,26.3,17.7,25.6,9.87,2056.0,34.29,4,6,2019,0
2019-04-21,台中市,SE6 青蔥 粉蔥 ,29.2,21.1,12.2,19.8,-22.66,3663.0,78.16,4,7,2019,0
2019-04-22,台中市,SE6 青蔥 粉蔥 ,,,,,,,,4,1,2019,1
2019-04-23,台中市,SE6 青蔥 粉蔥 ,28.4,18.4,6.5,17.7,-10.61,3070.0,-16.19,4,2,2019,0
2019-04-24,台中市,SE6 青蔥 粉蔥 ,28.2,15.3,9.0,18.6,5.08,2217.0,-27.79,4,3,2019,0
2019-04-25,台中市,SE6 青蔥 粉蔥 ,28.9,19.0,8.4,19.6,5.38,2383.0,7.49,4,4,2019,0
2019-04-26,台中市,SE6 青蔥 粉蔥 ,25.7,18.3,14.3,20.0,2.04,1792.0,-24.8,4,5,2019,0
2019-04-27,台中市,SE6 青蔥 粉蔥 ,27.9,17.6,7.5,18.7,-6.5,2952.0,64.73,4,6,2019,0
2019-04-28,台中市,SE6 青蔥 粉蔥 ,26.8,15.4,7.1,17.0,-9.09,3215.0,8.91,4,7,2019,0
2019-04-29,台中市,SE6 青蔥 粉蔥 ,,,,,,,,4,1,2019,1
2019-04-30,台中市,SE6 青蔥 粉蔥 ,30.7,20.9,11.5,22.1,30.0,2622.0,-18.44,4,2,2019,0
2019-05-01,台中市,SE6 青蔥 粉蔥 ,27.9,20.1,11.4,19.5,-11.76,3143.0,19.87,5,3,2019,0
2019-05-02,台中市,SE6 青蔥 粉蔥 ,24.9,17.6,10.2,17.3,-11.28,3253.0,3.5,5,4,2019,0
2019-05-03,台中市,SE6 青蔥 粉蔥 ,22.7,11.1,5.6,13.6,-21.39,3100.0,-4.7,5,5,2019,0
2019-05-04,台中市,SE6 青蔥 粉蔥 ,24.8,12.6,6.3,14.6,7.35,2919.0,-5.84,5,6,2019,0
2019-05-05,台中市,SE6 青蔥 粉蔥 ,31.7,15.9,9.4,17.9,22.6,2411.0,-17.4,5,7,2019,0
2019-05-06,台中市,SE6 青蔥 粉蔥 ,,,,,,,,5,1,2019,1
2019-05-07,台中市,SE6 青蔥 粉蔥 ,34.3,21.2,15.9,23.4,30.73,2417.0,0.25,5,2,2019,0
2019-05-08,台中市,SE6 青蔥 粉蔥 ,34.1,17.0,9.7,19.8,-15.38,2457.0,1.65,5,3,2019,0
2019-05-09,台中市,SE6 青蔥 粉蔥 ,32.7,23.9,16.9,24.5,23.74,2136.0,-13.06,5,4,2019,0
2019-05-10,台中市,SE6 青蔥 粉蔥 ,31.6,22.8,12.8,22.7,-7.35,2109.0,-1.26,5,5,2019,0
2019-05-11,台中市,SE6 青蔥 粉蔥 ,33.6,19.9,10.4,22.0,-3.08,2645.0,25.41,5,6,2019,0
2019-05-12,台中市,SE6 青蔥 粉蔥 ,28.6,21.8,15.6,21.8,-0.91,2561.0,-3.18,5,7,2019,0
2019-05-13,台中市,SE6 青蔥 粉蔥 ,,,,,,,,5,1,2019,1
2019-05-14,台中市,SE6 青蔥 粉蔥 ,31.0,22.0,11.5,21.1,-3.21,2433.0,-5.0,5,2,2019,0
2019-05-15,台中市,SE6 青蔥 粉蔥 ,34.1,27.2,15.4,26.1,23.7,2314.0,-4.89,5,3,2019,0
2019-05-16,台中市,SE6 青蔥 粉蔥 ,,,,,,,,5,4,2019,1
2019-05-17,台中市,SE6 青蔥 粉蔥 ,34.5,26.9,12.5,25.7,-1.53,2416.0,4.41,5,5,2019,0
2019-05-18,台中市,SE6 青蔥 粉蔥 ,38.2,32.7,20.2,31.1,21.01,1808.0,-25.17,5,6,2019,0
2019-05-19,台中市,SE6 青蔥 粉蔥 ,30.6,25.2,17.4,24.6,-20.9,2344.0,29.65,5,7,2019,0
2019-05-20,台中市,SE6 青蔥 粉蔥 ,,,,,,,,5,1,2019,1
2019-05-21,台中市,SE6 青蔥 粉蔥 ,28.1,19.7,10.6,20.1,-18.29,3218.0,37.29,5,2,2019,0
2019-05-22,台中市,SE6 青蔥 粉蔥 ,32.1,21.1,12.4,22.0,9.45,2391.0,-25.7,5,3,2019,0
2019-05-23,台中市,SE6 青蔥 粉蔥 ,26.0,17.3,12.9,18.9,-14.09,3194.0,33.58,5,4,2019,0
2019-05-24,台中市,SE6 青蔥 粉蔥 ,21.1,12.6,9.3,13.7,-27.51,4106.0,28.55,5,5,2019,0
2019-05-25,台中市,SE6 青蔥 粉蔥 ,22.6,14.8,9.4,15.7,14.6,3171.0,-22.77,5,6,2019,0
2019-05-26,台中市,SE6 青蔥 粉蔥 ,26.7,22.8,14.4,22.1,40.76,1577.0,-50.27,5,7,2019,0
2019-05-27,台中市,SE6 青蔥 粉蔥 ,,,,,,,,5,1,2019,1
2019-05-28,台中市,SE6 青蔥 粉蔥 ,28.3,22.5,17.0,22.8,3.17,2406.0,52.57,5,2,2019,0
2019-05-29,台中市,SE6 青蔥 粉蔥 ,27.3,21.2,16.2,22.2,-2.63,2634.0,9.48,5,3,2019,0
2019-05-30,台中市,SE6 青蔥 粉蔥 ,27.5,19.1,14.3,20.1,-9.46,2789.0,5.88,5,4,2019,0
2019-05-31,台中市,SE6 青蔥 粉蔥 ,22.8,16.1,12.2,16.6,-17.41,3297.0,18.21,5,5,2019,0
2019-06-01,台中市,SE6 青蔥 粉蔥 ,25.9,19.3,12.9,19.6,18.07,1744.0,-47.1,6,6,2019,0
2019-06-02,台中市,SE6 青蔥 粉蔥 ,28.5,18.0,11.6,18.9,-3.57,2823.0,61.87,6,7,2019,0
2019-06-03,台中市,SE6 青蔥 粉蔥 ,,,,,,,,6,1,2019,1
2019-06-04,台中市,SE6 青蔥 粉蔥 ,25.8,16.9,10.7,17.8,-5.82,3361.0,19.06,6,2,2019,0
2019-06-05,台中市,SE6 青蔥 粉蔥 ,21.3,15.0,10.0,15.7,-11.8,2989.0,-11.07,6,3,2019,0
2019-06-06,台中市,SE6 青蔥 粉蔥 ,23.9,17.0,10.6,17.1,8.92,2555.0,-14.52,6,4,2019,0
2019-06-07,台中市,SE6 青蔥 粉蔥 ,20.6,16.2,11.2,16.0,-6.43,2408.0,-5.75,6,5,2019,0
2019-06-08,台中市,SE6 青蔥 粉蔥 ,28.8,24.5,18.2,23.8,48.75,910.0,-62.21,6,6,2019,0
2019-06-09,台中市,SE6 青蔥 粉蔥 ,,,,,,,,6,7,2019,1
2019-06-10,台中市,SE6 青蔥 粉蔥 ,,,,,,,,6,1,2019,1
2019-06-11,台中市,SE6 青蔥 粉蔥 ,33.8,29.0,24.8,29.3,23.11,1735.0,90.66,6,2,2019,0
2019-06-12,台中市,SE6 青蔥 粉蔥 ,28.1,22.5,16.2,22.9,-21.84,2472.0,42.48,6,3,2019,0
2019-06-13,台中市,SE6 青蔥 粉蔥 ,27.2,18.6,13.2,18.8,-17.9,2137.0,-13.55,6,4,2019,0
2019-06-14,台中市,SE6 青蔥 粉蔥 ,26.4,16.3,9.9,16.6,-11.7,1922.0,-10.06,6,5,2019,0
2019-06-15,台中市,SE6 青蔥 粉蔥 ,27.1,19.9,13.6,20.8,25.3,1845.0,-4.01,6,6,2019,0
2019-06-16,台中市,SE6 青蔥 粉蔥 ,26.8,19.6,12.1,19.8,-4.81,2183.0,18.32,6,7,2019,0
2019-06-17,台中市,SE6 青蔥 粉蔥 ,,,,,,,,6,1,2019,1
2019-06-18,台中市,SE6 青蔥 粉蔥 ,30.0,21.8,15.8,23.1,16.67,2941.0,34.72,6,2,2019,0
2019-06-19,台中市,SE6 青蔥 粉蔥 ,25.2,18.5,10.4,17.8,-22.94,3024.0,2.82,6,3,2019,0
2019-06-20,台中市,SE6 青蔥 粉蔥 ,22.7,15.4,8.4,15.9,-10.67,2533.0,-16.24,6,4,2019,0
2019-06-21,台中市,SE6 青蔥 粉蔥 ,19.5,14.4,9.0,14.5,-8.81,2869.0,13.26,6,5,2019,0
2019-06-22,台中市,SE6 青蔥 粉蔥 ,24.9,14.9,8.2,16.2,11.72,2267.0,-20.98,6,6,2019,0
2019-06-23,台中市,SE6 青蔥 粉蔥 ,21.9,13.8,8.6,14.9,-8.02,2354.0,3.84,6,7,2019,0
2019-06-24,台中市,SE6 青蔥 粉蔥 ,,,,,,,,6,1,2019,1
2019-06-25,台中市,SE6 青蔥 粉蔥 ,29.1,21.5,13.6,22.4,50.34,2177.0,-7.52,6,2,2019,0
2019-06-26,台中市,SE6 青蔥 粉蔥 ,28.4,20.3,12.3,21.2,-5.36,2116.0,-2.8,6,3,2019,0
2019-06-27,台中市,SE6 青蔥 粉蔥 ,25.7,20.8,12.6,20.8,-1.89,2283.0,7.89,6,4,2019,0
2019-06-28,台中市,SE6 青蔥 粉蔥 ,26.3,21.2,16.5,21.4,2.88,1964.0,-13.97,6,5,2019,0
2019-06-29,台中市,SE6 青蔥 粉蔥 ,28.3,20.3,15.0,21.7,1.4,1743.0,-11.25,6,6,2019,0
2019-06-30,台中市,SE6 青蔥 粉蔥 ,31.9,23.8,15.6,24.3,11.98,2110.0,21.06,6,7,2019,0
2019-07-01,台中市,SE6 青蔥 粉蔥 ,,,,,,,,7,1,2019,1
2019-07-02,台中市,SE6 青蔥 粉蔥 ,33.9,26.8,20.7,27.3,12.35,2112.0,0.09,7,2,2019,0
2019-07-03,台中市,SE6 青蔥 粉蔥 ,33.6,28.7,23.6,29.1,6.59,1946.0,-7.86,7,3,2019,0
2019-07-04,台中市,SE6 青蔥 粉蔥 ,30.1,23.4,10.5,23.0,-20.96,2704.0,38.95,7,4,2019,0
2019-07-05,台中市,SE6 青蔥 粉蔥 ,26.6,21.8,15.1,21.6,-6.09,2430.0,-10.13,7,5,2019,0
2019-07-06,台中市,SE6 青蔥 粉蔥 ,29.1,22.3,14.2,22.4,3.7,1905.0,-21.6,7,6,2019,0
2019-07-07,台中市,SE6 青蔥 粉蔥 ,30.0,25.2,21.0,26.2,16.96,1954.0,2.57,7,7,2019,0
2019-07-08,台中市,SE6 青蔥 粉蔥 ,,,,,,,,7,1,2019,1
2019-07-09,台中市,SE6 青蔥 粉蔥 ,27.8,22.4,15.1,22.1,-15.65,2515.0,28.71,7,2,2019,0
2019-07-10,台中市,SE6 青蔥 粉蔥 ,30.4,24.1,16.0,23.8,7.69,1634.0,-35.03,7,3,2019,0
2019-07-11,台中市,SE6 青蔥 粉蔥 ,27.8,24.1,18.2,23.8,0.0,1765.0,8.02,7,4,2019,0
2019-07-12,台中市,SE6 青蔥 粉蔥 ,29.1,25.7,16.4,24.4,2.52,1894.0,7.31,7,5,2019,0
2019-07-13,台中市,SE6 青蔥 粉蔥 ,28.3,25.5,15.4,24.2,-0.82,2068.0,9.19,7,6,2019,0
2019-07-14,台中市,SE6 青蔥 粉蔥 ,30.6,24.6,16.9,24.4,0.83,2456.0,18.76,7,7,2019,0
2019-07-15,台中市,SE6 青蔥 粉蔥 ,,,,,,,,7,1,2019,1
2019-07-16,台中市,SE6 青蔥 粉蔥 ,31.6,26.6,17.2,26.1,6.97,2135.0,-13.07,7,2,2019,0
2019-07-17,台中市,SE6 青蔥 粉蔥 ,50.3,46.6,35.9,46.4,77.78,1471.0,-31.1,7,3,2019,0
2019-07-18,台中市,SE6 青蔥 粉蔥 ,62.2,52.3,42.4,55.0,18.53,1020.0,-30.66,7,4,2019,0
2019-07-19,台中市,SE6 青蔥 粉蔥 ,45.8,35.6,28.6,38.3,-30.36,1482.0,45.29,7,5,2019,0
2019-07-20,台中市,SE6 青蔥 粉蔥 ,50.9,36.2,25.7,38.4,0.26,1743.0,17.61,7,6,2019,0
2019-07-21,台中市,SE6 青蔥 粉蔥 ,42.4,30.1,20.8,33.1,-13.8,1994.0,14.4,7,7,2019,0
2019-07-22,台中市,SE6 青蔥 粉蔥 ,,,,,,,,7,1,2019,1
2019-07-23,台中市,SE6 青蔥 粉蔥 ,47.0,35.2,18.2,35.1,6.04,1803.0,-9.58,7,2,2019,0
2019-07-24,台中市,SE6 青蔥 粉蔥 ,38.4,31.6,20.0,31.8,-9.4,1722.0,-4.49,7,3,2019,0
2019-07-25,台中市,SE6 青蔥 粉蔥 ,39.8,33.6,20.6,33.3,4.72,1242.0,-27.87,7,4,2019,0
2019-07-26,台中市,SE6 青蔥 粉蔥 ,52.0,41.5,25.8,43.9,31.83,802.0,-35.43,7,5,2019,0
2019-07-27,台中市,SE6 青蔥 粉蔥 ,53.0,48.8,37.8,49.8,13.44,770.0,-3.99,7,6,2019,0
2019-07-28,台中市,SE6 青蔥 粉蔥 ,76.3,55.1,39.7,58.6,17.67,613.0,-20.39,7,7,2019,0
2019-07-29,台中市,SE6 青蔥 粉蔥 ,,,,,,,,7,1,2019,1
2019-07-30,台中市,SE6 青蔥 粉蔥 ,83.0,65.2,38.8,64.3,9.73,1210.0,97.39,7,2,2019,0
2019-07-31,台中市,SE6 青蔥 粉蔥 ,72.6,54.8,35.0,57.3,-10.89,1331.0,10.0,7,3,2019,0
2019-08-01,台中市,SE6 青蔥 粉蔥 ,77.5,58.8,40.3,61.8,7.85,873.0,-34.41,8,4,2019,0
2019-08-02,台中市,SE6 青蔥 粉蔥 ,85.8,71.3,48.7,68.7,11.17,883.0,1.15,8,5,2019,0
2019-08-03,台中市,SE6 青蔥 粉蔥 ,92.8,78.3,55.5,78.0,13.54,658.0,-25.48,8,6,2019,0
2019-08-04,台中市,SE6 青蔥 粉蔥 ,96.8,88.3,60.2,85.2,9.23,637.0,-3.19,8,7,2019,0
2019-08-05,台中市,SE6 青蔥 粉蔥 ,,,,,,,,8,1,2019,1
2019-08-06,台中市,SE6 青蔥 粉蔥 ,95.8,86.9,63.0,85.9,0.82,1034.0,62.32,8,2,2019,0
2019-08-07,台中市,SE6 青蔥 粉蔥 ,96.5,84.0,61.1,81.5,-5.12,1051.0,1.64,8,3,2019,0
2019-08-08,台中市,SE6 青蔥 粉蔥 ,101.0,88.3,66.8,86.6,6.26,769.0,-26.83,8,4,2019,0
2019-08-09,台中市,SE6 青蔥 粉蔥 ,108.5,95.6,68.8,92.2,6.47,513.0,-33.29,8,5,2019,0
2019-08-10,台中市,SE6 青蔥 粉蔥 ,96.7,69.1,43.0,69.0,-25.16,1761.0,243.27,8,6,2019,0
2019-08-11,台中市,SE6 青蔥 粉蔥 ,103.2,73.1,37.8,71.4,3.48,518.0,-70.58,8,7,2019,0
2019-08-12,台中市,SE6 青蔥 粉蔥 ,,,,,,,,8,1,2019,1
2019-08-13,台中市,SE6 青蔥 粉蔥 ,116.5,86.9,47.2,85.8,20.17,535.0,3.28,8,2,2019,0
2019-08-14,台中市,SE6 青蔥 粉蔥 ,119.3,99.4,62.7,98.0,14.22,423.0,-20.93,8,3,2019,0
2019-08-15,台中市,SE6 青蔥 粉蔥 ,117.0,106.4,83.0,103.6,5.71,714.0,68.79,8,4,2019,0
2019-08-16,台中市,SE6 青蔥 粉蔥 ,,,,,,,,8,5,2019,1
2019-08-17,台中市,SE6 青蔥 粉蔥 ,,,,,,,,8,6,2019,1
2019-08-18,台中市,SE6 青蔥 粉蔥 ,149.2,111.8,80.2,111.5,7.63,435.0,-39.08,8,7,2019,0
2019-08-19,台中市,SE6 青蔥 粉蔥 ,,,,,,,,8,1,2019,1
2019-08-20,台中市,SE6 青蔥 粉蔥 ,152.2,102.0,61.5,100.1,-10.22,574.0,31.95,8,2,2019,0
2019-08-21,台中市,SE6 青蔥 粉蔥 ,149.3,138.4,67.3,115.4,15.28,326.0,-43.21,8,3,2019,0
2019-08-22,台中市,SE6 青蔥 粉蔥 ,174.7,132.0,83.7,129.8,12.48,326.0,0.0,8,4,2019,0
2019-08-23,台中市,SE6 青蔥 粉蔥 ,177.7,119.1,53.0,120.0,-7.55,401.0,23.01,8,5,2019,0
2019-08-24,台中市,SE6 青蔥 粉蔥 ,145.6,135.2,100.6,128.4,7.0,635.0,58.35,8,6,2019,0
2019-08-25,台中市,SE6 青蔥 粉蔥 ,139.7,110.3,74.7,108.9,-15.19,1183.0,86.3,8,7,2019,0
2019-08-26,台中市,SE6 青蔥 粉蔥 ,,,,,,,,8,1,2019,1
2019-08-27,台中市,SE6 青蔥 粉蔥 ,125.9,109.3,69.2,105.3,-3.31,1099.0,-7.1,8,2,2019,0
2019-08-28,台中市,SE6 青蔥 粉蔥 ,127.8,110.3,58.8,101.8,-3.32,1090.0,-0.82,8,3,2019,0
2019-08-29,台中市,SE6 青蔥 粉蔥 ,137.4,109.9,67.6,106.4,4.52,506.0,-53.58,8,4,2019,0
2019-08-30,台中市,SE6 青蔥 粉蔥 ,156.8,128.9,102.2,131.0,23.12,408.0,-19.37,8,5,2019,0
2019-08-31,台中市,SE6 青蔥 粉蔥 ,172.5,142.5,82.2,138.5,5.73,424.0,3.92,8,6,2019,0
2019-09-01,台中市,SE6 青蔥 粉蔥 ,199.8,167.2,106.0,166.6,20.29,434.0,2.36,9,7,2019,0
2019-09-02,台中市,SE6 青蔥 粉蔥 ,,,,,,,,9,1,2019,1
2019-09-03,台中市,SE6 青蔥 粉蔥 ,284.7,225.4,114.7,227.0,36.25,244.0,-43.78,9,2,2019,0
2019-09-04,台中市,SE6 青蔥 粉蔥 ,319.3,288.2,142.3,279.2,23.0,349.0,43.03,9,3,2019,0
2019-09-05,台中市,SE6 青蔥 粉蔥 ,266.2,240.5,166.2,234.4,-16.05,416.0,19.2,9,4,2019,0
2019-09-06,台中市,SE6 青蔥 粉蔥 ,241.7,225.8,186.3,221.6,-5.46,413.0,-0.72,9,5,2019,0
2019-09-07,台中市,SE6 青蔥 粉蔥 ,230.0,194.2,131.3,194.3,-12.32,888.0,115.01,9,6,2019,0
2019-09-08,台中市,SE6 青蔥 粉蔥 ,227.0,203.6,107.6,183.0,-5.82,720.0,-18.92,9,7,2019,0
2019-09-09,台中市,SE6 青蔥 粉蔥 ,,,,,,,,9,1,2019,1
2019-09-10,台中市,SE6 青蔥 粉蔥 ,211.8,180.2,108.7,162.7,-11.09,911.0,26.53,9,2,2019,0
2019-09-11,台中市,SE6 青蔥 粉蔥 ,208.0,174.9,103.6,170.8,4.98,604.0,-33.7,9,3,2019,0
2019-09-12,台中市,SE6 青蔥 粉蔥 ,187.0,160.2,107.8,155.5,-8.96,867.0,43.54,9,4,2019,0
2019-09-13,台中市,SE6 青蔥 粉蔥 ,177.2,160.7,94.6,155.0,-0.32,652.0,-24.8,9,5,2019,0
2019-09-14,台中市,SE6 青蔥 粉蔥 ,168.0,166.3,157.0,164.9,6.39,338.0,-48.16,9,6,2019,0
2019-09-15,台中市,SE6 青蔥 粉蔥 ,,,,,,,,9,7,2019,1
2019-09-16,台中市,SE6 青蔥 粉蔥 ,,,,,,,,9,1,2019,1
2019-09-17,台中市,SE6 青蔥 粉蔥 ,184.2,170.5,53.4,149.8,-9.16,604.0,78.7,9,2,2019,0
2019-09-18,台中市,SE6 青蔥 粉蔥 ,210.0,209.0,198.0,207.4,38.45,220.0,-63.58,9,3,2019,0
2019-09-19,台中市,SE6 青蔥 粉蔥 ,220.0,218.4,195.0,217.9,5.06,259.0,17.73,9,4,2019,0
2019-09-20,台中市,SE6 青蔥 粉蔥 ,228.0,190.6,165.0,198.2,-9.04,240.0,-7.34,9,5,2019,0
2019-09-21,台中市,SE6 青蔥 粉蔥 ,228.0,200.4,179.7,204.5,3.18,263.0,9.58,9,6,2019,0
2019-09-22,台中市,SE6 青蔥 粉蔥 ,233.0,205.5,136.5,199.0,-2.69,249.0,-5.32,9,7,2019,0
2019-09-23,台中市,SE6 青蔥 粉蔥 ,,,,,,,,9,1,2019,1
2019-09-24,台中市,SE6 青蔥 粉蔥 ,236.0,202.7,179.0,210.2,5.63,482.0,93.57,9,2,2019,0
2019-09-25,台中市,SE6 青蔥 粉蔥 ,244.3,230.5,184.7,222.2,5.71,353.0,-26.76,9,3,2019,0
2019-09-26,台中市,SE6 青蔥 粉蔥 ,234.7,209.9,173.0,208.3,-6.26,391.0,10.76,9,4,2019,0
2019-09-27,台中市,SE6 青蔥 粉蔥 ,241.0,213.0,175.3,213.0,2.26,413.0,5.63,9,5,2019,0
2019-09-28,台中市,SE6 青蔥 粉蔥 ,248.0,198.8,170.3,203.0,-4.69,362.0,-12.35,9,6,2019,0
2019-09-29,台中市,SE6 青蔥 粉蔥 ,247.7,231.0,178.3,216.2,6.5,371.0,2.49,9,7,2019,0
2019-09-30,台中市,SE6 青蔥 粉蔥 ,,,,,,,,9,1,2019,1
2019-10-01,台中市,SE6 青蔥 粉蔥 ,223.7,186.6,174.0,195.9,-9.39,315.0,-15.09,10,2,2019,0
2019-10-02,台中市,SE6 青蔥 粉蔥 ,223.0,197.0,175.5,196.2,0.15,229.0,-27.3,10,3,2019,0
2019-10-03,台中市,SE6 青蔥 粉蔥 ,207.5,187.7,149.0,180.8,-7.85,246.0,7.42,10,4,2019,0
2019-10-04,台中市,SE6 青蔥 粉蔥 ,198.0,162.5,108.0,171.7,-5.03,272.0,10.57,10,5,2019,0
2019-10-05,台中市,SE6 青蔥 粉蔥 ,232.4,184.7,113.2,181.2,5.53,562.0,106.62,10,6,2019,0
2019-10-06,台中市,SE6 青蔥 粉蔥 ,210.4,168.6,122.0,173.4,-4.3,747.0,32.92,10,7,2019,0
2019-10-07,台中市,SE6 青蔥 粉蔥 ,,,,,,,,10,1,2019,1
2019-10-08,台中市,SE6 青蔥 粉蔥 ,201.2,182.4,168.2,183.8,6.0,801.0,7.23,10,2,2019,0
2019-10-09,台中市,SE6 青蔥 粉蔥 ,198.4,164.0,134.0,167.7,-8.76,701.0,-12.48,10,3,2019,0
2019-10-10,台中市,SE6 青蔥 粉蔥 ,206.2,174.3,138.8,174.5,4.05,505.0,-27.96,10,4,2019,0
2019-10-11,台中市,SE6 青蔥 粉蔥 ,199.3,174.0,151.7,174.6,0.06,348.0,-31.09,10,5,2019,0
2019-10-12,台中市,SE6 青蔥 粉蔥 ,188.5,167.9,139.0,168.8,-3.32,361.0,3.74,10,6,2019,0
2019-10-13,台中市,SE6 青蔥 粉蔥 ,220.0,138.0,135.0,159.6,-5.45,111.0,-69.25,10,7,2019,0
2019-10-14,台中市,SE6 青蔥 粉蔥 ,,,,,,,,10,1,2019,1
2019-10-15,台中市,SE6 青蔥 粉蔥 ,208.3,175.5,137.0,170.4,6.77,402.0,262.16,10,2,2019,0
2019-10-16,台中市,SE6 青蔥 粉蔥 ,226.0,176.3,119.7,172.0,0.94,334.0,-16.92,10,3,2019,0
2019-10-17,台中市,SE6 青蔥 粉蔥 ,,,,,,,,10,4,2019,1
2019-10-18,台中市,SE6 青蔥 粉蔥 ,216.8,169.9,119.5,177.4,3.14,411.0,23.05,10,5,2019,0
2019-10-19,台中市,SE6 青蔥 粉蔥 ,200.3,180.4,105.7,157.4,-11.27,349.0,-15.09,10,6,2019,0
2019-10-20,台中市,SE6 青蔥 粉蔥 ,207.2,156.7,93.5,155.8,-1.02,699.0,100.29,10,7,2019,0
2019-10-21,台中市,SE6 青蔥 粉蔥 ,,,,,,,,10,1,2019,1
2019-10-22,台中市,SE6 青蔥 粉蔥 ,202.5,178.9,133.2,163.4,4.88,419.0,-40.06,10,2,2019,0
2019-10-23,台中市,SE6 青蔥 粉蔥 ,203.0,174.2,101.0,159.5,-2.39,476.0,13.6,10,3,2019,0
2019-10-24,台中市,SE6 青蔥 粉蔥 ,200.0,171.0,113.2,160.6,0.69,640.0,34.45,10,4,2019,0
2019-10-25,台中市,SE6 青蔥 粉蔥 ,202.3,169.0,122.2,162.1,0.93,639.0,-0.16,10,5,2019,0
2019-10-26,台中市,SE6 青蔥 粉蔥 ,192.0,155.8,45.3,127.9,-21.1,374.0,-41.47,10,6,2019,0
2019-10-27,台中市,SE6 青蔥 粉蔥 ,180.2,147.2,102.5,141.5,10.63,547.0,46.26,10,7,2019,0
2019-10-28,台中市,SE6 青蔥 粉蔥 ,,,,,,,,10,1,2019,1
2019-10-29,台中市,SE6 青蔥 粉蔥 ,218.0,130.7,105.0,141.5,0.0,211.0,-61.43,10,2,2019,0
2019-10-30,台中市,SE6 青蔥 粉蔥 ,218.0,188.7,168.0,187.6,32.58,127.0,-39.81,10,3,2019,0
2019-10-31,台中市,SE6 青蔥 粉蔥 ,218.0,182.3,138.0,195.1,4.0,145.0,14.17,10,4,2019,0
2019-11-01,台中市,SE6 青蔥 粉蔥 ,220.7,193.4,171.3,194.0,-0.56,246.0,69.66,11,5,2019,0
2019-11-02,台中市,SE6 青蔥 粉蔥 ,205.5,186.2,150.0,182.2,-6.08,343.0,39.43,11,6,2019,0
2019-11-03,台中市,SE6 青蔥 粉蔥 ,186.2,158.6,118.8,150.4,-17.45,499.0,45.48,11,7,2019,0
2019-11-04,台中市,SE6 青蔥 粉蔥 ,,,,,,,,11,1,2019,1
2019-11-05,台中市,SE6 青蔥 粉蔥 ,172.2,152.6,112.8,146.1,-2.86,390.0,-21.84,11,2,2019,0
2019-11-06,台中市,SE6 青蔥 粉蔥 ,163.8,130.4,99.0,133.2,-8.83,400.0,2.56,11,3,2019,0
2019-11-07,台中市,SE6 青蔥 粉蔥 ,161.0,144.4,119.2,143.7,7.88,395.0,-1.25,11,4,2019,0
2019-11-08,台中市,SE6 青蔥 粉蔥 ,159.0,127.9,108.7,127.9,-11.0,355.0,-10.13,11,5,2019,0
2019-11-09,台中市,SE6 青蔥 粉蔥 ,162.5,155.5,140.5,149.7,17.04,194.0,-45.35,11,6,2019,0
2019-11-10,台中市,SE6 青蔥 粉蔥 ,182.0,159.0,127.5,157.1,4.94,118.0,-39.18,11,7,2019,0
2019-11-11,台中市,SE6 青蔥 粉蔥 ,,,,,,,,11,1,2019,1
2019-11-12,台中市,SE6 青蔥 粉蔥 ,172.5,167.0,162.0,166.4,5.92,178.0,50.85,11,2,2019,0
2019-11-13,台中市,SE6 青蔥 粉蔥 ,218.0,184.3,142.7,190.6,14.54,215.0,20.79,11,3,2019,0
2019-11-14,台中市,SE6 青蔥 粉蔥 ,,,,,,,,11,4,2019,1
2019-11-15,台中市,SE6 青蔥 粉蔥 ,209.0,158.5,88.0,186.0,-2.41,235.0,9.3,11,5,2019,0
2019-11-16,台中市,SE6 青蔥 粉蔥 ,203.0,178.0,140.0,182.3,-1.99,336.0,42.98,11,6,2019,0
2019-11-17,台中市,SE6 青蔥 粉蔥 ,190.7,171.0,156.0,172.7,-5.27,244.0,-27.38,11,7,2019,0
2019-11-18,台中市,SE6 青蔥 粉蔥 ,,,,,,,,11,1,2019,1
2019-11-19,台中市,SE6 青蔥 粉蔥 ,172.8,153.8,130.8,153.7,-11.0,666.0,172.95,11,2,2019,0
2019-11-20,台中市,SE6 青蔥 粉蔥 ,156.0,121.2,105.6,121.8,-20.75,746.0,12.01,11,3,2019,0
2019-11-21,台中市,SE6 青蔥 粉蔥 ,126.6,104.4,67.6,107.0,-12.15,529.0,-29.09,11,4,2019,0
2019-11-22,台中市,SE6 青蔥 粉蔥 ,149.5,119.0,83.8,128.0,19.63,408.0,-22.87,11,5,2019,0
2019-11-23,台中市,SE6 青蔥 粉蔥 ,177.0,97.5,58.0,153.3,19.77,125.0,-69.36,11,6,2019,0
2019-11-24,台中市,SE6 青蔥 粉蔥 ,138.0,127.4,99.0,127.3,-16.96,215.0,72.0,11,7,2019,0
2019-11-25,台中市,SE6 青蔥 粉蔥 ,,,,,,,,11,1,2019,1
2019-11-26,台中市,SE6 青蔥 粉蔥 ,183.0,170.5,106.0,156.6,23.02,230.0,6.98,11,2,2019,0
2019-11-27,台中市,SE6 青蔥 粉蔥 ,182.7,174.8,124.7,171.7,9.64,323.0,40.43,11,3,2019,0
2019-11-28,台中市,SE6 青蔥 粉蔥 ,163.8,123.0,75.8,115.6,-32.67,857.0,165.33,11,4,2019,0
2019-11-29,台中市,SE6 青蔥 粉蔥 ,158.8,106.8,83.7,114.2,-1.21,834.0,-2.68,11,5,2019,0
2019-11-30,台中市,SE6 青蔥 粉蔥 ,148.7,126.0,77.7,120.0,5.08,318.0,-61.87,11,6,2019,0
2019-12-01,台中市,SE6 青蔥 粉蔥 ,114.5,69.3,50.0,71.8,-40.17,714.0,124.53,12,7,2019,0
2019-12-02,台中市,SE6 青蔥 粉蔥 ,,,,,,,,12,1,2019,1
2019-12-03,台中市,SE6 青蔥 粉蔥 ,134.5,103.0,96.5,120.9,68.38,171.0,-76.05,12,2,2019,0
2019-12-04,台中市,SE6 青蔥 粉蔥 ,158.0,138.7,106.5,139.3,15.22,403.0,135.67,12,3,2019,0
2019-12-05,台中市,SE6 青蔥 粉蔥 ,141.2,113.6,94.0,116.0,-16.73,522.0,29.53,12,4,2019,0
2019-12-06,台中市,SE6 青蔥 粉蔥 ,158.5,130.5,70.0,117.2,1.03,241.0,-53.83,12,5,2019,0
2019-12-07,台中市,SE6 青蔥 粉蔥 ,130.0,120.2,86.0,115.8,-1.19,237.0,-1.66,12,6,2019,0
2019-12-08,台中市,SE6 青蔥 粉蔥 ,123.5,95.0,81.0,97.1,-16.15,1099.0,363.71,12,7,2019,0
2019-12-09,台中市,SE6 青蔥 粉蔥 ,,,,,,,,12,1,2019,1
2019-12-10,台中市,SE6 青蔥 粉蔥 ,141.0,130.1,90.6,121.4,25.03,525.0,-52.23,12,2,2019,0
2019-12-11,台中市,SE6 青蔥 粉蔥 ,115.8,101.5,82.8,103.7,-14.58,665.0,26.67,12,3,2019,0
2019-12-12,台中市,SE6 青蔥 粉蔥 ,95.5,87.8,68.3,84.4,-18.61,741.0,11.43,12,4,2019,0
2019-12-13,台中市,SE6 青蔥 粉蔥 ,102.7,83.6,64.3,88.1,4.38,353.0,-52.36,12,5,2019,0
2019-12-14,台中市,SE6 青蔥 粉蔥 ,116.5,99.8,71.0,100.0,13.51,519.0,47.03,12,6,2019,0
2019-12-15,台中市,SE6 青蔥 粉蔥 ,105.3,76.6,57.8,79.9,-20.1,951.0,83.24,12,7,2019,0
2019-12-16,台中市,SE6 青蔥 粉蔥 ,,,,,,,,12,1,2019,1
2019-12-17,台中市,SE6 青蔥 粉蔥 ,102.5,81.5,65.8,81.0,1.38,1362.0,43.22,12,2,2019,0
2019-12-18,台中市,SE6 青蔥 粉蔥 ,91.1,69.2,42.0,64.7,-20.12,1848.0,35.68,12,3,2019,0
2019-12-19,台中市,SE6 青蔥 粉蔥 ,84.6,58.6,32.5,55.9,-13.6,1445.0,-21.81,12,4,2019,0
2019-12-20,台中市,SE6 青蔥 粉蔥 ,82.6,54.8,26.4,52.4,-6.26,1433.0,-0.83,12,5,2019,0
2019-12-21,台中市,SE6 青蔥 粉蔥 ,84.8,74.8,36.0,64.0,22.14,934.0,-34.82,12,6,2019,0
2019-12-22,台中市,SE6 青蔥 粉蔥 ,72.0,59.1,36.1,52.5,-17.97,1492.0,59.74,12,7,2019,0
2019-12-23,台中市,SE6 青蔥 粉蔥 ,,,,,,,,12,1,2019,1
2019-12-24,台中市,SE6 青蔥 粉蔥 ,77.0,68.0,39.1,63.2,20.38,1006.0,-32.57,12,2,2019,0
2019-12-25,台中市,SE6 青蔥 粉蔥 ,70.0,66.2,46.4,62.2,-1.58,984.0,-2.19,12,3,2019,0
2019-12-26,台中市,SE6 青蔥 粉蔥 ,62.8,52.2,34.0,49.7,-20.1,1317.0,33.84,12,4,2019,0
2019-12-27,台中市,SE6 青蔥 粉蔥 ,57.7,51.1,36.4,48.1,-3.22,1460.0,10.86,12,5,2019,0
2019-12-28,台中市,SE6 青蔥 粉蔥 ,57.2,45.4,31.6,46.0,-4.37,1788.0,22.47,12,6,2019,0
2019-12-29,台中市,SE6 青蔥 粉蔥 ,57.2,46.5,36.9,47.5,3.26,1858.0,3.91,12,7,2019,0
2019-12-30,台中市,SE6 青蔥 粉蔥 ,,,,,,,,12,1,2019,1
2019-12-31,台中市,SE6 青蔥 粉蔥 ,59.9,48.0,32.6,46.4,-2.32,1726.0,-7.1,12,2,2019,0
2020-01-01,台中市,SE6 青蔥 粉蔥 ,64.7,47.7,37.7,46.9,1.08,1444.0,-16.34,1,3,2020,0
2020-01-02,台中市,SE6 青蔥 粉蔥 ,65.7,51.3,41.3,51.5,9.81,1267.0,-12.26,1,4,2020,0
2020-01-03,台中市,SE6 青蔥 粉蔥 ,60.2,51.5,40.2,50.7,-1.55,1864.0,47.12,1,5,2020,0
2020-01-04,台中市,SE6 青蔥 粉蔥 ,60.9,51.7,34.1,48.4,-4.54,2472.0,32.62,1,6,2020,0
2020-01-05,台中市,SE6 青蔥 粉蔥 ,56.7,41.8,28.3,40.9,-15.5,2668.0,7.93,1,7,2020,0
2020-01-06,台中市,SE6 青蔥 粉蔥 ,,,,,,,,1,1,2020,1
2020-01-07,台中市,SE6 青蔥 粉蔥 ,45.7,34.0,16.6,30.2,-26.16,4110.0,54.05,1,2,2020,0
2020-01-08,台中市,SE6 青蔥 粉蔥 ,39.9,31.2,13.6,26.9,-10.93,3060.0,-25.55,1,3,2020,0
2020-01-09,台中市,SE6 青蔥 粉蔥 ,32.5,26.0,15.3,23.6,-12.27,3006.0,-1.76,1,4,2020,0
2020-01-10,台中市,SE6 青蔥 粉蔥 ,31.0,26.3,14.4,24.1,2.12,1800.0,-40.12,1,5,2020,0
2020-01-11,台中市,SE6 青蔥 粉蔥 ,38.2,26.4,14.0,26.5,9.96,2050.0,13.89,1,6,2020,0
2020-01-12,台中市,SE6 青蔥 粉蔥 ,40.3,25.0,13.2,26.0,-1.89,2814.0,37.27,1,7,2020,0
2020-01-13,台中市,SE6 青蔥 粉蔥 ,,,,,,,,1,1,2020,1
2020-01-14,台中市,SE6 青蔥 粉蔥 ,42.4,37.6,29.2,37.0,42.31,2267.0,-19.44,1,2,2020,0
2020-01-15,台中市,SE6 青蔥 粉蔥 ,43.0,37.5,30.7,37.9,2.43,1912.0,-15.66,1,3,2020,0
2020-01-16,台中市,SE6 青蔥 粉蔥 ,44.4,37.3,26.4,36.3,-4.22,2613.0,36.66,1,4,2020,0
2020-01-17,台中市,SE6 青蔥 粉蔥 ,38.7,29.8,20.7,29.2,-19.56,2884.0,10.37,1,5,2020,0
2020-01-18,台中市,SE6 青蔥 粉蔥 ,46.2,34.2,17.8,34.7,18.84,2897.0,0.45,1,6,2020,0
2020-01-19,台中市,SE6 青蔥 粉蔥 ,43.8,30.0,18.5,30.4,-12.39,2643.0,-8.77,1,7,2020,0
2020-01-20,台中市,SE6 青蔥 粉蔥 ,,,,,,,,1,1,2020,1
2020-01-21,台中市,SE6 青蔥 粉蔥 ,47.1,38.3,29.5,37.7,24.01,2985.0,12.94,1,2,2020,0
2020-01-22,台中市,SE6 青蔥 粉蔥 ,50.1,38.8,29.5,39.6,5.04,2394.0,-19.8,1,3,2020,0
2020-01-23,台中市,SE6 青蔥 粉蔥 ,55.3,48.3,36.3,48.7,22.98,2271.0,-5.14,1,4,2020,0
2020-01-24,台中市,SE6 青蔥 粉蔥 ,51.8,45.4,36.8,44.3,-9.03,1090.0,-52.0,1,5,2020,0
2020-01-25,台中市,SE6 青蔥 粉蔥 ,,,,,,,,1,6,2020,1
2020-01-26,台中市,SE6 青蔥 粉蔥 ,,,,,,,,1,7,2020,1
2020-01-27,台中市,SE6 青蔥 粉蔥 ,,,,,,,,1,1,2020,1
2020-01-28,台中市,SE6 青蔥 粉蔥 ,,,,,,,,1,2,2020,1
2020-01-29,台中市,SE6 青蔥 粉蔥 ,,,,,,,,1,3,2020,1
2020-01-30,台中市,SE6 青蔥 粉蔥 ,66.9,55.5,44.7,54.0,21.9,2193.0,101.19,1,4,2020,0
2020-01-31,台中市,SE6 青蔥 粉蔥 ,53.4,43.4,29.1,42.3,-21.67,2317.0,5.65,1,5,2020,0
2020-02-01,台中市,SE6 青蔥 粉蔥 ,47.1,34.3,21.0,32.6,-22.93,4387.0,89.34,2,6,2020,0
2020-02-02,台中市,SE6 青蔥 粉蔥 ,,,,,,,,2,7,2020,1
2020-02-03,台中市,SE6 青蔥 粉蔥 ,,,,,,,,2,1,2020,1
2020-02-04,台中市,SE6 青蔥 粉蔥 ,48.5,31.0,15.9,27.7,-15.03,3263.0,-25.62,2,2,2020,0
2020-02-05,台中市,SE6 青蔥 粉蔥 ,46.6,34.8,22.2,34.3,23.83,1329.0,-59.27,2,3,2020,0
2020-02-06,台中市,SE6 青蔥 粉蔥 ,35.1,30.1,23.0,29.5,-13.99,1627.0,22.42,2,4,2020,0
2020-02-07,台中市,SE6 青蔥 粉蔥 ,38.5,29.5,20.1,29.1,-1.36,2156.0,32.51,2,5,2020,0
2020-02-08,台中市,SE6 青蔥 粉蔥 ,39.2,33.7,25.1,32.7,12.37,3181.0,47.54,2,6,2020,0
2020-02-09,台中市,SE6 青蔥 粉蔥 ,,,,,,,,2,7,2020,1
2020-02-10,台中市,SE6 青蔥 粉蔥 ,,,,,,,,2,1,2020,1
2020-02-11,台中市,SE6 青蔥 粉蔥 ,42.1,33.3,21.5,30.7,-6.12,3198.0,0.53,2,2,2020,0
2020-02-12,台中市,SE6 青蔥 粉蔥 ,34.1,26.8,18.9,25.9,-15.64,2580.0,-19.32,2,3,2020,0
2020-02-13,台中市,SE6 青蔥 粉蔥 ,31.4,23.5,16.8,24.0,-7.34,2250.0,-12.79,2,4,2020,0
2020-02-14,台中市,SE6 青蔥 粉蔥 ,31.8,22.8,16.1,22.9,-4.58,1746.0,-22.4,2,5,2020,0
2020-02-15,台中市,SE6 青蔥 粉蔥 ,30.3,27.0,17.8,25.5,11.35,2337.0,33.85,2,6,2020,0
2020-02-16,台中市,SE6 青蔥 粉蔥 ,31.8,26.3,19.3,25.5,0.0,2975.0,27.3,2,7,2020,0
2020-02-17,台中市,SE6 青蔥 粉蔥 ,,,,,,,,2,1,2020,1
2020-02-18,台中市,SE6 青蔥 粉蔥 ,34.1,25.9,18.8,25.8,1.18,2339.0,-21.38,2,2,2020,0
2020-02-19,台中市,SE6 青蔥 粉蔥 ,30.2,25.8,19.6,25.6,-0.78,2097.0,-10.35,2,3,2020,0
2020-02-20,台中市,SE6 青蔥 粉蔥 ,36.2,32.4,24.7,32.6,27.34,1342.0,-36.0,2,4,2020,0
2020-02-21,台中市,SE6 青蔥 粉蔥 ,40.0,32.1,22.4,31.5,-3.37,2553.0,90.24,2,5,2020,0
2020-02-22,台中市,SE6 青蔥 粉蔥 ,35.1,26.1,17.8,26.5,-15.87,3498.0,37.02,2,6,2020,0
2020-02-23,台中市,SE6 青蔥 粉蔥 ,34.9,24.1,15.5,24.0,-9.43,3571.0,2.09,2,7,2020,0
2020-02-24,台中市,SE6 青蔥 粉蔥 ,,,,,,,,2,1,2020,1
2020-02-25,台中市,SE6 青蔥 粉蔥 ,32.3,21.6,12.1,21.5,-10.42,3435.0,-3.81,2,2,2020,0
2020-02-26,台中市,SE6 青蔥 粉蔥 ,32.3,24.5,12.6,23.1,7.44,1950.0,-43.23,2,3,2020,0
2020-02-27,台中市,SE6 青蔥 粉蔥 ,40.6,32.3,20.0,30.8,33.33,1094.0,-43.9,2,4,2020,0
2020-02-28,台中市,SE6 青蔥 粉蔥 ,39.7,30.9,25.3,30.7,-0.32,1906.0,74.22,2,5,2020,0
2020-02-29,台中市,SE6 青蔥 粉蔥 ,41.7,30.2,16.6,29.3,-4.56,2608.0,36.83,2,6,2020,0
2020-03-01,台中市,SE6 青蔥 粉蔥 ,31.3,22.2,14.6,22.0,-24.91,3619.0,38.77,3,7,2020,0
2020-03-02,台中市,SE6 青蔥 粉蔥 ,,,,,,,,3,1,2020,1
2020-03-03,台中市,SE6 青蔥 粉蔥 ,33.8,20.8,12.7,20.2,-8.18,3263.0,-9.84,3,2,2020,0
2020-03-04,台中市,SE6 青蔥 粉蔥 ,34.4,22.8,15.9,23.4,15.84,1723.0,-47.2,3,3,2020,0
2020-03-05,台中市,SE6 青蔥 粉蔥 ,33.7,22.2,14.5,22.6,-3.42,1966.0,14.1,3,4,2020,0
2020-03-06,台中市,SE6 青蔥 粉蔥 ,34.1,25.5,16.1,25.9,14.6,1953.0,-0.66,3,5,2020,0
2020-03-07,台中市,SE6 青蔥 粉蔥 ,36.3,30.5,22.8,29.0,11.97,1856.0,-4.97,3,6,2020,0
2020-03-08,台中市,SE6 青蔥 粉蔥 ,36.2,30.1,18.7,28.5,-1.72,2175.0,17.19,3,7,2020,0
2020-03-09,台中市,SE6 青蔥 粉蔥 ,,,,,,,,3,1,2020,1
2020-03-10,台中市,SE6 青蔥 粉蔥 ,37.7,27.7,16.7,27.9,-2.11,2368.0,8.87,3,2,2020,0
2020-03-11,台中市,SE6 青蔥 粉蔥 ,38.1,29.4,19.9,28.7,2.87,1670.0,-29.48,3,3,2020,0
2020-03-12,台中市,SE6 青蔥 粉蔥 ,37.1,28.1,18.9,27.3,-4.88,1630.0,-2.4,3,4,2020,0
2020-03-13,台中市,SE6 青蔥 粉蔥 ,39.2,32.1,14.4,29.4,7.69,2096.0,28.59,3,5,2020,0
2020-03-14,台中市,SE6 青蔥 粉蔥 ,35.2,23.9,13.4,23.8,-19.05,2787.0,32.97,3,6,2020,0
2020-03-15,台中市,SE6 青蔥 粉蔥 ,27.3,20.9,14.8,20.5,-13.87,3134.0,12.45,3,7,2020,0
2020-03-16,台中市,SE6 青蔥 粉蔥 ,,,,,,,,3,1,2020,1
2020-03-17,台中市,SE6 青蔥 粉蔥 ,28.8,24.8,17.8,24.1,17.56,2547.0,-18.73,3,2,2020,0
2020-03-18,台中市,SE6 青蔥 粉蔥 ,34.9,25.4,19.3,25.5,5.81,2107.0,-17.28,3,3,2020,0
2020-03-19,台中市,SE6 青蔥 粉蔥 ,34.7,29.1,20.5,27.4,7.45,1760.0,-16.47,3,4,2020,0
2020-03-20,台中市,SE6 青蔥 粉蔥 ,35.2,28.9,20.9,27.8,1.46,2331.0,32.44,3,5,2020,0
2020-03-21,台中市,SE6 青蔥 粉蔥 ,35.5,28.6,23.0,27.5,-1.08,2401.0,3.0,3,6,2020,0
2020-03-22,台中市,SE6 青蔥 粉蔥 ,34.9,30.2,25.2,30.6,11.27,2122.0,-11.62,3,7,2020,0
2020-03-23,台中市,SE6 青蔥 粉蔥 ,,,,,,,,3,1,2020,1
2020-03-24,台中市,SE6 青蔥 粉蔥 ,35.3,30.4,26.7,30.7,0.33,2474.0,16.59,3,2,2020,0
2020-03-25,台中市,SE6 青蔥 粉蔥 ,31.4,25.0,19.4,24.9,-18.89,2656.0,7.36,3,3,2020,0
2020-03-26,台中市,SE6 青蔥 粉蔥 ,28.4,21.2,16.0,22.0,-11.65,2162.0,-18.6,3,4,2020,0
2020-03-27,台中市,SE6 青蔥 粉蔥 ,26.9,23.0,19.0,22.5,2.27,2068.0,-4.35,3,5,2020,0
2020-03-28,台中市,SE6 青蔥 粉蔥 ,24.3,18.4,10.2,17.4,-22.67,3413.0,65.04,3,6,2020,0
2020-03-29,台中市,SE6 青蔥 粉蔥 ,20.9,17.6,10.7,17.0,-2.3,2521.0,-26.14,3,7,2020,0
2020-03-30,台中市,SE6 青蔥 粉蔥 ,,,,,,,,3,1,2020,1
2020-03-31,台中市,SE6 青蔥 粉蔥 ,28.6,23.4,16.8,22.3,31.18,1935.0,-23.24,3,2,2020,0
2020-04-01,台中市,SE6 青蔥 粉蔥 ,27.7,22.3,14.7,21.5,-3.59,2372.0,22.58,4,3,2020,0
2020-04-02,台中市,SE6 青蔥 粉蔥 ,31.1,26.5,20.0,26.1,21.4,2364.0,-0.34,4,4,2020,0
2020-04-03,台中市,SE6 青蔥 粉蔥 ,34.1,28.1,21.8,27.5,5.36,2299.0,-2.75,4,5,2020,0
2020-04-04,台中市,SE6 青蔥 粉蔥 ,36.0,32.2,21.5,31.1,13.09,2167.0,-5.74,4,6,2020,0
2020-04-05,台中市,SE6 青蔥 粉蔥 ,,,,,,,,4,7,2020,1
2020-04-06,台中市,SE6 青蔥 粉蔥 ,,,,,,,,4,1,2020,1
2020-04-07,台中市,SE6 青蔥 粉蔥 ,37.4,33.4,27.6,33.1,6.43,2815.0,29.9,4,2,2020,0
2020-04-08,台中市,SE6 青蔥 粉蔥 ,32.2,27.2,20.0,26.5,-19.94,3276.0,16.38,4,3,2020,0
2020-04-09,台中市,SE6 青蔥 粉蔥 ,27.4,19.3,12.6,19.7,-25.66,3703.0,13.03,4,4,2020,0
2020-04-10,台中市,SE6 青蔥 粉蔥 ,25.0,17.5,13.2,18.5,-6.09,2985.0,-19.39,4,5,2020,0
2020-04-11,台中市,SE6 青蔥 粉蔥 ,25.4,16.8,12.8,18.1,-2.16,2642.0,-11.49,4,6,2020,0
2020-04-12,台中市,SE6 青蔥 粉蔥 ,25.0,19.6,13.8,19.1,5.52,2742.0,3.79,4,7,2020,0
2020-04-13,台中市,SE6 青蔥 粉蔥 ,,,,,,,,4,1,2020,1
2020-04-14,台中市,SE6 青蔥 粉蔥 ,25.6,21.6,15.1,21.4,12.04,2945.0,7.4,4,2,2020,0
2020-04-15,台中市,SE6 青蔥 粉蔥 ,26.4,21.8,14.0,21.4,0.0,2649.0,-10.05,4,3,2020,0
2020-04-16,台中市,SE6 青蔥 粉蔥 ,26.6,18.6,12.8,19.5,-8.88,2759.0,4.15,4,4,2020,0
2020-04-17,台中市,SE6 青蔥 粉蔥 ,23.3,18.3,11.8,18.2,-6.67,2981.0,8.05,4,5,2020,0
2020-04-18,台中市,SE6 青蔥 粉蔥 ,25.3,17.8,9.3,17.3,-4.95,3202.0,7.41,4,6,2020,0
2020-04-19,台中市,SE6 青蔥 粉蔥 ,22.8,15.8,6.4,15.7,-9.25,3087.0,-3.59,4,7,2020,0
2020-04-20,台中市,SE6 青蔥 粉蔥 ,,,,,,,,4,1,2020,1
2020-04-21,台中市,SE6 青蔥 粉蔥 ,24.0,18.3,12.9,18.1,15.29,2545.0,-17.56,4,2,2020,0
2020-04-22,台中市,SE6 青蔥 粉蔥 ,24.9,16.2,11.1,17.4,-3.87,2385.0,-6.29,4,3,2020,0
2020-04-23,台中市,SE6 青蔥 粉蔥 ,21.3,14.6,9.2,15.2,-12.64,3282.0,37.61,4,4,2020,0
2020-04-24,台中市,SE6 青蔥 粉蔥 ,21.9,13.1,7.6,14.3,-5.92,2639.0,-19.59,4,5,2020,0
2020-04-25,台中市,SE6 青蔥 粉蔥 ,21.3,11.3,4.8,12.7,-11.19,3774.0,43.01,4,6,2020,0
2020-04-26,台中市,SE6 青蔥 粉蔥 ,21.9,16.9,10.5,16.5,29.92,2146.0,-43.14,4,7,2020,0
2020-04-27,台中市,SE6 青蔥 粉蔥 ,,,,,,,,4,1,2020,1
2020-04-28,台中市,SE6 青蔥 粉蔥 ,23.1,19.0,11.8,18.1,9.7,2657.0,23.81,4,2,2020,0
2020-04-29,台中市,SE6 青蔥 粉蔥 ,23.4,19.4,12.4,18.9,4.42,2246.0,-15.47,4,3,2020,0
2020-04-30,台中市,SE6 青蔥 粉蔥 ,22.9,18.6,11.1,18.2,-3.7,2248.0,0.09,4,4,2020,0
2020-05-01,台中市,SE6 青蔥 粉蔥 ,24.9,19.2,10.6,17.3,-4.95,2561.0,13.92,5,5,2020,0
2020-05-02,台中市,SE6 青蔥 粉蔥 ,26.5,21.4,14.1,20.6,19.08,2473.0,-3.44,5,6,2020,0
2020-05-03,台中市,SE6 青蔥 粉蔥 ,24.4,14.9,9.2,16.3,-20.87,2996.0,21.15,5,7,2020,0
2020-05-04,台中市,SE6 青蔥 粉蔥 ,,,,,,,,5,1,2020,1
2020-05-05,台中市,SE6 青蔥 粉蔥 ,21.8,14.2,8.5,15.3,-6.13,3312.0,10.55,5,2,2020,0
2020-05-06,台中市,SE6 青蔥 粉蔥 ,22.0,14.1,9.3,15.6,1.96,2222.0,-32.91,5,3,2020,0
2020-05-07,台中市,SE6 青蔥 粉蔥 ,25.0,14.2,9.1,15.2,-2.56,2159.0,-2.84,5,4,2020,0
2020-05-08,台中市,SE6 青蔥 粉蔥 ,22.7,15.0,9.0,15.7,3.29,1940.0,-10.14,5,5,2020,0
2020-05-09,台中市,SE6 青蔥 粉蔥 ,24.6,15.3,11.4,16.6,5.73,2356.0,21.44,5,6,2020,0
2020-05-10,台中市,SE6 青蔥 粉蔥 ,22.8,17.0,12.5,17.8,7.23,1811.0,-23.13,5,7,2020,0
2020-05-11,台中市,SE6 青蔥 粉蔥 ,,,,,,,,5,1,2020,1
2020-05-12,台中市,SE6 青蔥 粉蔥 ,24.5,17.2,12.0,17.8,0.0,1986.0,9.66,5,2,2020,0
2020-05-13,台中市,SE6 青蔥 粉蔥 ,25.2,18.9,14.7,20.1,12.92,1811.0,-8.81,5,3,2020,0
2020-05-14,台中市,SE6 青蔥 粉蔥 ,25.4,17.0,10.9,18.1,-9.95,2237.0,23.52,5,4,2020,0
2020-05-15,台中市,SE6 青蔥 粉蔥 ,25.4,16.7,10.5,18.1,0.0,2152.0,-3.8,5,5,2020,0
2020-05-16,台中市,SE6 青蔥 粉蔥 ,27.4,19.2,11.6,19.7,8.84,2479.0,15.2,5,6,2020,0
2020-05-17,台中市,SE6 青蔥 粉蔥 ,26.3,21.0,16.3,21.8,10.66,1930.0,-22.15,5,7,2020,0
2020-05-18,台中市,SE6 青蔥 粉蔥 ,,,,,,,,5,1,2020,1
2020-05-19,台中市,SE6 青蔥 粉蔥 ,32.9,27.1,23.0,28.4,30.28,1747.0,-9.48,5,2,2020,0
2020-05-20,台中市,SE6 青蔥 粉蔥 ,34.0,27.3,21.0,28.5,0.35,1972.0,12.88,5,3,2020,0
2020-05-21,台中市,SE6 青蔥 粉蔥 ,35.2,29.6,17.9,28.1,-1.4,1910.0,-3.14,5,4,2020,0
2020-05-22,台中市,SE6 青蔥 粉蔥 ,32.2,21.3,13.5,23.1,-17.79,1974.0,3.35,5,5,2020,0
2020-05-23,台中市,SE6 青蔥 粉蔥 ,34.0,24.1,12.7,24.1,4.33,2302.0,16.62,5,6,2020,0
2020-05-24,台中市,SE6 青蔥 粉蔥 ,30.6,20.8,10.7,21.3,-11.62,3187.0,38.44,5,7,2020,0
2020-05-25,台中市,SE6 青蔥 粉蔥 ,,,,,,,,5,1,2020,1
2020-05-26,台中市,SE6 青蔥 粉蔥 ,30.0,22.3,12.9,22.2,4.23,2408.0,-24.44,5,2,2020,0
2020-05-27,台中市,SE6 青蔥 粉蔥 ,31.2,22.5,14.6,23.3,4.95,2144.0,-10.96,5,3,2020,0
2020-05-28,台中市,SE6 青蔥 粉蔥 ,27.8,19.7,13.5,20.4,-12.45,2517.0,17.4,5,4,2020,0
2020-05-29,台中市,SE6 青蔥 粉蔥 ,29.2,21.4,14.1,21.5,5.39,2265.0,-10.01,5,5,2020,0
2020-05-30,台中市,SE6 青蔥 粉蔥 ,31.1,25.6,16.2,25.3,17.67,1829.0,-19.25,5,6,2020,0
2020-05-31,台中市,SE6 青蔥 粉蔥 ,35.7,28.3,18.7,27.7,9.49,1970.0,7.71,5,7,2020,0
2020-06-01,台中市,SE6 青蔥 粉蔥 ,,,,,,,,6,1,2020,1
2020-06-02,台中市,SE6 青蔥 粉蔥 ,39.4,32.0,21.9,31.0,11.91,1819.0,-7.66,6,2,2020,0
2020-06-03,台中市,SE6 青蔥 粉蔥 ,41.8,32.1,20.0,31.9,2.9,1890.0,3.9,6,3,2020,0
2020-06-04,台中市,SE6 青蔥 粉蔥 ,43.3,34.6,22.3,33.6,5.33,1828.0,-3.28,6,4,2020,0
2020-06-05,台中市,SE6 青蔥 粉蔥 ,43.5,36.5,27.5,36.2,7.74,1621.0,-11.32,6,5,2020,0
2020-06-06,台中市,SE6 青蔥 粉蔥 ,43.4,35.4,27.4,35.8,-1.1,1813.0,11.84,6,6,2020,0
2020-06-07,台中市,SE6 青蔥 粉蔥 ,41.8,32.8,22.8,31.1,-13.13,2165.0,19.42,6,7,2020,0
2020-06-08,台中市,SE6 青蔥 粉蔥 ,,,,,,,,6,1,2020,1
2020-06-09,台中市,SE6 青蔥 粉蔥 ,40.6,35.6,25.1,34.5,10.93,2349.0,8.5,6,2,2020,0
2020-06-10,台中市,SE6 青蔥 粉蔥 ,40.2,34.5,25.1,33.8,-2.03,1816.0,-22.69,6,3,2020,0
2020-06-11,台中市,SE6 青蔥 粉蔥 ,37.8,31.4,22.1,30.2,-10.65,2141.0,17.9,6,4,2020,0
2020-06-12,台中市,SE6 青蔥 粉蔥 ,30.8,24.2,16.2,24.0,-20.53,2546.0,18.92,6,5,2020,0
2020-06-13,台中市,SE6 青蔥 粉蔥 ,34.2,26.9,18.7,26.6,10.83,1604.0,-37.0,6,6,2020,0
2020-06-14,台中市,SE6 青蔥 粉蔥 ,33.3,26.9,21.6,27.3,2.63,1763.0,9.91,6,7,2020,0
2020-06-15,台中市,SE6 青蔥 粉蔥 ,,,,,,,,6,1,2020,1
2020-06-16,台中市,SE6 青蔥 粉蔥 ,37.3,32.9,24.8,32.2,17.95,1595.0,-9.53,6,2,2020,0
2020-06-17,台中市,SE6 青蔥 粉蔥 ,45.3,38.6,32.6,38.2,18.63,961.0,-39.75,6,3,2020,0
2020-06-18,台中市,SE6 青蔥 粉蔥 ,46.4,41.7,28.4,39.9,4.45,990.0,3.02,6,4,2020,0
2020-06-19,台中市,SE6 青蔥 粉蔥 ,47.0,42.4,38.4,43.0,7.77,1168.0,17.98,6,5,2020,0
2020-06-20,台中市,SE6 青蔥 粉蔥 ,47.2,40.8,31.9,40.1,-6.74,1737.0,48.72,6,6,2020,0
2020-06-21,台中市,SE6 青蔥 粉蔥 ,44.0,33.6,23.1,32.4,-19.2,2071.0,19.23,6,7,2020,0
2020-06-22,台中市,SE6 青蔥 粉蔥 ,,,,,,,,6,1,2020,1
2020-06-23,台中市,SE6 青蔥 粉蔥 ,44.8,40.4,34.1,40.3,24.38,1867.0,-9.85,6,2,2020,0
2020-06-24,台中市,SE6 青蔥 粉蔥 ,46.4,37.2,27.6,37.6,-6.7,1968.0,5.41,6,3,2020,0
2020-06-25,台中市,SE6 青蔥 粉蔥 ,50.8,40.4,30.8,40.2,6.91,1461.0,-25.76,6,4,2020,0
2020-06-26,台中市,SE6 青蔥 粉蔥 ,,,,,,,,6,5,2020,1
2020-06-27,台中市,SE6 青蔥 粉蔥 ,,,,,,,,6,6,2020,1
2020-06-28,台中市,SE6 青蔥 粉蔥 ,53.1,44.5,32.8,45.2,12.44,1315.0,-9.99,6,7,2020,0
2020-06-29,台中市,SE6 青蔥 粉蔥 ,,,,,,,,6,1,2020,1
2020-06-30,台中市,SE6 青蔥 粉蔥 ,62.5,49.7,40.0,50.4,11.5,1893.0,43.95,6,2,2020,0
2020-07-01,台中市,SE6 青蔥 粉蔥 ,60.1,51.0,40.0,52.0,3.17,1275.0,-32.65,7,3,2020,0
2020-07-02,台中市,SE6 青蔥 粉蔥 ,63.5,45.6,33.3,47.3,-9.04,1324.0,3.84,7,4,2020,0
2020-07-03,台中市,SE6 青蔥 粉蔥 ,59.6,44.7,36.2,46.1,-2.54,1229.0,-7.18,7,5,2020,0
2020-07-04,台中市,SE6 青蔥 粉蔥 ,59.9,50.7,33.7,49.2,6.72,1382.0,12.45,7,6,2020,0
2020-07-05,台中市,SE6 青蔥 粉蔥 ,61.2,49.0,35.0,49.0,-0.41,1789.0,29.45,7,7,2020,0
2020-07-06,台中市,SE6 青蔥 粉蔥 ,,,,,,,,7,1,2020,1
2020-07-07,台中市,SE6 青蔥 粉蔥 ,62.2,54.3,33.8,51.6,5.31,1677.0,-6.26,7,2,2020,0
2020-07-08,台中市,SE6 青蔥 粉蔥 ,61.6,57.4,43.8,55.1,6.78,1256.0,-25.1,7,3,2020,0
2020-07-09,台中市,SE6 青蔥 粉蔥 ,67.1,59.0,43.7,57.5,4.36,1030.0,-17.99,7,4,2020,0
2020-07-10,台中市,SE6 青蔥 粉蔥 ,74.8,68.6,38.2,62.8,9.22,993.0,-3.59,7,5,2020,0
2020-07-11,台中市,SE6 青蔥 粉蔥 ,92.0,67.9,47.5,71.1,13.22,530.0,-46.63,7,6,2020,0
2020-07-12,台中市,SE6 青蔥 粉蔥 ,82.0,75.1,56.0,71.7,0.84,1116.0,110.57,7,7,2020,0
2020-07-13,台中市,SE6 青蔥 粉蔥 ,,,,,,,,7,1,2020,1
2020-07-14,台中市,SE6 青蔥 粉蔥 ,90.8,79.0,45.0,75.1,4.74,1137.0,1.88,7,2,2020,0
2020-07-15,台中市,SE6 青蔥 粉蔥 ,91.7,85.6,63.5,79.2,5.46,1321.0,16.18,7,3,2020,0
2020-07-16,台中市,SE6 青蔥 粉蔥 ,,,,,,,,7,4,2020,1
2020-07-17,台中市,SE6 青蔥 粉蔥 ,80.8,68.6,40.5,64.3,-18.81,1480.0,12.04,7,5,2020,0
2020-07-18,台中市,SE6 青蔥 粉蔥 ,88.2,68.8,41.3,68.8,7.0,808.0,-45.41,7,6,2020,0
2020-07-19,台中市,SE6 青蔥 粉蔥 ,100.8,82.4,44.8,75.4,9.59,900.0,11.39,7,7,2020,0
2020-07-20,台中市,SE6 青蔥 粉蔥 ,,,,,,,,7,1,2020,1
2020-07-21,台中市,SE6 青蔥 粉蔥 ,104.0,92.6,73.7,89.3,18.44,758.0,-15.78,7,2,2020,0
2020-07-22,台中市,SE6 青蔥 粉蔥 ,99.8,87.6,73.9,87.9,-1.57,1019.0,34.43,7,3,2020,0
2020-07-23,台中市,SE6 青蔥 粉蔥 ,92.5,80.6,58.6,78.7,-10.47,966.0,-5.2,7,4,2020,0
2020-07-24,台中市,SE6 青蔥 粉蔥 ,90.8,77.9,58.3,77.0,-2.16,805.0,-16.67,7,5,2020,0
2020-07-25,台中市,SE6 青蔥 粉蔥 ,86.7,78.8,50.6,75.7,-1.69,716.0,-11.06,7,6,2020,0
2020-07-26,台中市,SE6 青蔥 粉蔥 ,83.5,74.6,52.6,71.0,-6.21,971.0,35.61,7,7,2020,0
2020-07-27,台中市,SE6 青蔥 粉蔥 ,,,,,,,,7,1,2020,1
2020-07-28,台中市,SE6 青蔥 粉蔥 ,98.2,85.6,65.2,82.9,16.76,465.0,-52.11,7,2,2020,0
2020-07-29,台中市,SE6 青蔥 粉蔥 ,95.2,87.5,66.5,85.2,2.77,628.0,35.05,7,3,2020,0
2020-07-30,台中市,SE6 青蔥 粉蔥 ,97.0,94.9,78.2,88.4,3.76,505.0,-19.59,7,4,2020,0
2020-07-31,台中市,SE6 青蔥 粉蔥 ,109.5,91.1,58.5,89.9,1.7,527.0,4.36,7,5,2020,0
2020-08-01,台中市,SE6 青蔥 粉蔥 ,102.0,92.7,65.6,90.6,0.78,546.0,3.61,8,6,2020,0
2020-08-02,台中市,SE6 青蔥 粉蔥 ,112.0,101.4,75.2,97.3,7.4,589.0,7.88,8,7,2020,0
2020-08-03,台中市,SE6 青蔥 粉蔥 ,,,,,,,,8,1,2020,1
2020-08-04,台中市,SE6 青蔥 粉蔥 ,135.2,125.6,101.0,122.1,25.49,353.0,-40.07,8,2,2020,0
2020-08-05,台中市,SE6 青蔥 粉蔥 ,145.0,129.8,96.5,124.9,2.29,483.0,36.83,8,3,2020,0
2020-08-06,台中市,SE6 青蔥 粉蔥 ,124.4,114.9,85.0,108.0,-13.53,688.0,42.44,8,4,2020,0
2020-08-07,台中市,SE6 青蔥 粉蔥 ,122.2,108.7,82.2,105.0,-2.78,743.0,7.99,8,5,2020,0
2020-08-08,台中市,SE6 青蔥 粉蔥 ,115.4,109.9,78.8,98.9,-5.81,618.0,-16.82,8,6,2020,0
2020-08-09,台中市,SE6 青蔥 粉蔥 ,121.4,107.7,73.6,103.2,4.35,506.0,-18.12,8,7,2020,0
2020-08-10,台中市,SE6 青蔥 粉蔥 ,,,,,,,,8,1,2020,1
2020-08-11,台中市,SE6 青蔥 粉蔥 ,125.2,119.8,107.0,117.0,13.37,463.0,-8.5,8,2,2020,0
2020-08-12,台中市,SE6 青蔥 粉蔥 ,127.4,119.6,111.2,118.4,1.2,629.0,35.85,8,3,2020,0
2020-08-13,台中市,SE6 青蔥 粉蔥 ,,,,,,,,8,4,2020,1
2020-08-14,台中市,SE6 青蔥 粉蔥 ,119.6,104.4,61.4,98.1,-17.15,772.0,22.73,8,5,2020,0
2020-08-15,台中市,SE6 青蔥 粉蔥 ,113.1,89.7,54.1,91.2,-7.03,905.0,17.23,8,6,2020,0
2020-08-16,台中市,SE6 青蔥 粉蔥 ,112.6,94.8,60.7,90.0,-1.32,785.0,-13.26,8,7,2020,0
2020-08-17,台中市,SE6 青蔥 粉蔥 ,,,,,,,,8,1,2020,1
2020-08-18,台中市,SE6 青蔥 粉蔥 ,110.8,92.7,56.5,88.0,-2.22,1023.0,30.32,8,2,2020,0
2020-08-19,台中市,SE6 青蔥 粉蔥 ,105.6,91.2,59.2,86.9,-1.25,834.0,-18.48,8,3,2020,0
2020-08-20,台中市,SE6 青蔥 粉蔥 ,107.6,99.7,38.2,82.0,-5.64,700.0,-16.07,8,4,2020,0
2020-08-21,台中市,SE6 青蔥 粉蔥 ,107.5,92.8,44.0,84.8,3.41,755.0,7.86,8,5,2020,0
2020-08-22,台中市,SE6 青蔥 粉蔥 ,119.0,96.5,46.8,90.6,6.84,796.0,5.43,8,6,2020,0
2020-08-23,台中市,SE6 青蔥 粉蔥 ,114.6,100.8,48.4,82.0,-9.49,1197.0,50.38,8,7,2020,0
2020-08-24,台中市,SE6 青蔥 粉蔥 ,,,,,,,,8,1,2020,1
2020-08-25,台中市,SE6 青蔥 粉蔥 ,110.1,92.7,42.7,77.0,-6.1,939.0,-21.55,8,2,2020,0
2020-08-26,台中市,SE6 青蔥 粉蔥 ,111.2,94.6,59.8,92.5,20.13,759.0,-19.17,8,3,2020,0
2020-08-27,台中市,SE6 青蔥 粉蔥 ,107.6,87.0,37.2,78.2,-15.46,1293.0,70.36,8,4,2020,0
2020-08-28,台中市,SE6 青蔥 粉蔥 ,103.9,81.9,44.0,81.3,3.96,1196.0,-7.5,8,5,2020,0
2020-08-29,台中市,SE6 青蔥 粉蔥 ,103.6,79.2,49.7,80.0,-1.6,1410.0,17.89,8,6,2020,0
2020-08-30,台中市,SE6 青蔥 粉蔥 ,103.0,76.3,43.2,74.4,-7.0,1328.0,-5.82,8,7,2020,0
2020-08-31,台中市,SE6 青蔥 粉蔥 ,,,,,,,,8,1,2020,1
2020-09-01,台中市,SE6 青蔥 粉蔥 ,106.0,77.0,46.5,73.6,-1.08,1784.0,34.34,9,2,2020,0
2020-09-02,台中市,SE6 青蔥 粉蔥 ,109.0,68.8,30.8,68.6,-6.79,1987.0,11.38,9,3,2020,0
2020-09-03,台中市,SE6 青蔥 粉蔥 ,,,,,,,,9,4,2020,1
2020-09-04,台中市,SE6 青蔥 粉蔥 ,,,,,,,,9,5,2020,1
2020-09-05,台中市,SE6 青蔥 粉蔥 ,96.2,73.4,31.0,72.7,5.98,2076.0,4.48,9,6,2020,0
2020-09-06,台中市,SE6 青蔥 粉蔥 ,96.4,64.3,27.1,59.6,-18.02,1628.0,-21.58,9,7,2020,0
2020-09-07,台中市,SE6 青蔥 粉蔥 ,,,,,,,,9,1,2020,1
2020-09-08,台中市,SE6 青蔥 粉蔥 ,93.8,72.7,34.9,67.2,12.75,2008.0,23.34,9,2,2020,0
2020-09-09,台中市,SE6 青蔥 粉蔥 ,82.8,57.1,32.1,58.9,-12.35,1857.0,-7.52,9,3,2020,0
2020-09-10,台中市,SE6 青蔥 粉蔥 ,75.2,46.2,19.6,44.7,-24.11,2287.0,23.16,9,4,2020,0
2020-09-11,台中市,SE6 青蔥 粉蔥 ,63.5,45.1,24.3,45.6,2.01,2220.0,-2.93,9,5,2020,0
2020-09-12,台中市,SE6 青蔥 粉蔥 ,53.2,38.8,20.8,38.2,-16.23,2498.0,12.52,9,6,2020,0
2020-09-13,台中市,SE6 青蔥 粉蔥 ,46.9,34.8,22.4,34.0,-10.99,2768.0,10.81,9,7,2020,0
2020-09-14,台中市,SE6 青蔥 粉蔥 ,,,,,,,,9,1,2020,1
2020-09-15,台中市,SE6 青蔥 粉蔥 ,53.6,46.5,33.8,44.2,30.0,1702.0,-38.51,9,2,2020,0
2020-09-16,台中市,SE6 青蔥 粉蔥 ,51.7,40.6,30.2,41.1,-7.01,2231.0,31.08,9,3,2020,0
2020-09-17,台中市,SE6 青蔥 粉蔥 ,50.8,37.1,22.2,36.5,-11.19,2426.0,8.74,9,4,2020,0
2020-09-18,台中市,SE6 青蔥 粉蔥 ,51.1,38.4,25.1,37.8,3.56,2032.0,-16.24,9,5,2020,0
2020-09-19,台中市,SE6 青蔥 粉蔥 ,50.8,36.4,29.0,37.4,-1.06,1929.0,-5.07,9,6,2020,0
2020-09-20,台中市,SE6 青蔥 粉蔥 ,42.1,29.1,17.9,29.9,-20.05,2284.0,18.4,9,7,2020,0
2020-09-21,台中市,SE6 青蔥 粉蔥 ,,,,,,,,9,1,2020,1
2020-09-22,台中市,SE6 青蔥 粉蔥 ,51.1,40.3,24.1,39.9,33.44,1273.0,-44.26,9,2,2020,0
2020-09-23,台中市,SE6 青蔥 粉蔥 ,47.5,40.8,30.5,39.7,-0.5,2038.0,60.09,9,3,2020,0
2020-09-24,台中市,SE6 青蔥 粉蔥 ,,,,,,,,9,4,2020,1
2020-09-25,台中市,SE6 青蔥 粉蔥 ,49.3,37.7,24.1,38.3,-3.53,2705.0,32.73,9,5,2020,0
2020-09-26,台中市,SE6 青蔥 粉蔥 ,46.7,27.2,17.8,30.2,-21.15,3361.0,24.25,9,6,2020,0
2020-09-27,台中市,SE6 青蔥 粉蔥 ,38.5,27.0,18.3,27.9,-7.62,3323.0,-1.13,9,7,2020,0
2020-09-28,台中市,SE6 青蔥 粉蔥 ,,,,,,,,9,1,2020,1
2020-09-29,台中市,SE6 青蔥 粉蔥 ,39.9,31.4,19.0,30.0,7.53,2536.0,-23.68,9,2,2020,0
2020-09-30,台中市,SE6 青蔥 粉蔥 ,38.1,32.5,22.2,30.7,2.33,2739.0,8.0,9,3,2020,0
2020-10-01,台中市,SE6 青蔥 粉蔥 ,34.4,29.1,19.4,28.2,-8.14,3454.0,26.1,10,4,2020,0
2020-10-02,台中市,SE6 青蔥 粉蔥 ,,,,,,,,10,5,2020,1
2020-10-03,台中市,SE6 青蔥 粉蔥 ,,,,,,,,10,6,2020,1
2020-10-04,台中市,SE6 青蔥 粉蔥 ,39.7,32.9,25.0,32.4,14.89,1926.0,-44.24,10,7,2020,0
2020-10-05,台中市,SE6 青蔥 粉蔥 ,,,,,,,,10,1,2020,1
2020-10-06,台中市,SE6 青蔥 粉蔥 ,47.0,39.8,29.6,39.5,21.91,1697.0,-11.89,10,2,2020,0
2020-10-07,台中市,SE6 青蔥 粉蔥 ,44.9,35.1,26.5,36.5,-7.59,2321.0,36.77,10,3,2020,0
2020-10-08,台中市,SE6 青蔥 粉蔥 ,40.0,29.1,21.4,29.1,-20.27,2811.0,21.11,10,4,2020,0
2020-10-09,台中市,SE6 青蔥 粉蔥 ,38.4,31.0,24.0,31.1,6.87,2167.0,-22.91,10,5,2020,0
2020-10-10,台中市,SE6 青蔥 粉蔥 ,43.2,33.0,25.2,32.8,5.47,2246.0,3.65,10,6,2020,0
2020-10-11,台中市,SE6 青蔥 粉蔥 ,35.8,28.0,19.9,28.3,-13.72,2983.0,32.81,10,7,2020,0
2020-10-12,台中市,SE6 青蔥 粉蔥 ,,,,,,,,10,1,2020,1
2020-10-13,台中市,SE6 青蔥 粉蔥 ,35.6,26.6,18.3,26.2,-7.42,3437.0,15.22,10,2,2020,0
2020-10-14,台中市,SE6 青蔥 粉蔥 ,29.2,18.8,13.9,19.4,-25.95,3041.0,-11.52,10,3,2020,0
2020-10-15,台中市,SE6 青蔥 粉蔥 ,35.7,21.0,13.2,21.3,9.79,2059.0,-32.29,10,4,2020,0
2020-10-16,台中市,SE6 青蔥 粉蔥 ,25.0,17.6,10.6,17.4,-18.31,2442.0,18.6,10,5,2020,0
2020-10-17,台中市,SE6 青蔥 粉蔥 ,32.1,22.8,12.9,23.0,32.18,1654.0,-32.27,10,6,2020,0
2020-10-18,台中市,SE6 青蔥 粉蔥 ,26.8,22.4,12.6,20.6,-10.43,2334.0,41.11,10,7,2020,0
2020-10-19,台中市,SE6 青蔥 粉蔥 ,,,,,,,,10,1,2020,1
2020-10-20,台中市,SE6 青蔥 粉蔥 ,31.3,25.0,17.2,24.6,19.42,2087.0,-10.58,10,2,2020,0
2020-10-21,台中市,SE6 青蔥 粉蔥 ,31.4,25.5,20.1,26.1,6.1,1281.0,-38.62,10,3,2020,0
2020-10-22,台中市,SE6 青蔥 粉蔥 ,33.5,27.4,22.3,27.1,3.83,1460.0,13.97,10,4,2020,0
2020-10-23,台中市,SE6 青蔥 粉蔥 ,35.5,25.6,18.4,25.7,-5.17,1956.0,33.97,10,5,2020,0
2020-10-24,台中市,SE6 青蔥 粉蔥 ,31.3,26.4,19.0,26.1,1.56,2201.0,12.53,10,6,2020,0
2020-10-25,台中市,SE6 青蔥 粉蔥 ,40.6,34.3,27.1,34.1,30.65,1187.0,-46.07,10,7,2020,0
2020-10-26,台中市,SE6 青蔥 粉蔥 ,,,,,,,,10,1,2020,1
2020-10-27,台中市,SE6 青蔥 粉蔥 ,41.6,34.5,27.4,34.9,2.35,1577.0,32.86,10,2,2020,0
2020-10-28,台中市,SE6 青蔥 粉蔥 ,37.7,30.2,23.4,29.7,-14.9,1778.0,12.75,10,3,2020,0
2020-10-29,台中市,SE6 青蔥 粉蔥 ,35.7,30.4,19.8,29.3,-1.35,1117.0,-37.18,10,4,2020,0
2020-10-30,台中市,SE6 青蔥 粉蔥 ,38.4,32.1,22.0,30.5,4.1,1612.0,44.32,10,5,2020,0
2020-10-31,台中市,SE6 青蔥 粉蔥 ,34.5,28.0,21.0,27.6,-9.51,1902.0,17.99,10,6,2020,0
2020-11-01,台中市,SE6 青蔥 粉蔥 ,25.2,20.4,14.9,20.3,-26.45,2823.0,48.42,11,7,2020,0
2020-11-02,台中市,SE6 青蔥 粉蔥 ,,,,,,,,11,1,2020,1
2020-11-03,台中市,SE6 青蔥 粉蔥 ,32.9,29.4,20.8,28.6,40.89,2048.0,-27.45,11,2,2020,0
2020-11-04,台中市,SE6 青蔥 粉蔥 ,32.5,25.0,18.0,24.0,-16.08,1820.0,-11.13,11,3,2020,0
2020-11-05,台中市,SE6 青蔥 粉蔥 ,30.7,21.4,15.3,21.8,-9.17,2029.0,11.48,11,4,2020,0
2020-11-06,台中市,SE6 青蔥 粉蔥 ,29.5,19.3,14.2,19.8,-9.17,2368.0,16.71,11,5,2020,0
2020-11-07,台中市,SE6 青蔥 粉蔥 ,32.1,25.0,19.5,25.4,28.28,1639.0,-30.79,11,6,2020,0
2020-11-08,台中市,SE6 青蔥 粉蔥 ,36.0,30.6,18.9,27.1,6.69,1585.0,-3.29,11,7,2020,0
2020-11-09,台中市,SE6 青蔥 粉蔥 ,,,,,,,,11,1,2020,1
2020-11-10,台中市,SE6 青蔥 粉蔥 ,39.4,29.1,20.8,30.7,13.28,1899.0,19.81,11,2,2020,0
2020-11-11,台中市,SE6 青蔥 粉蔥 ,39.6,30.6,24.0,32.0,4.23,2077.0,9.37,11,3,2020,0
2020-11-12,台中市,SE6 青蔥 粉蔥 ,,,,,,,,11,4,2020,1
2020-11-13,台中市,SE6 青蔥 粉蔥 ,38.6,27.3,17.2,28.2,-11.88,2436.0,17.28,11,5,2020,0
2020-11-14,台中市,SE6 青蔥 粉蔥 ,34.3,25.9,13.9,25.8,-8.51,2717.0,11.54,11,6,2020,0
2020-11-15,台中市,SE6 青蔥 粉蔥 ,35.7,28.6,20.6,29.0,12.4,1659.0,-38.94,11,7,2020,0
2020-11-16,台中市,SE6 青蔥 粉蔥 ,,,,,,,,11,1,2020,1
2020-11-17,台中市,SE6 青蔥 粉蔥 ,34.6,27.5,17.1,26.0,-10.34,2450.0,47.68,11,2,2020,0
2020-11-18,台中市,SE6 青蔥 粉蔥 ,30.9,25.4,15.1,23.8,-8.46,1984.0,-19.02,11,3,2020,0
2020-11-19,台中市,SE6 青蔥 粉蔥 ,34.8,22.3,11.0,22.3,-6.3,1801.0,-9.22,11,4,2020,0
2020-11-20,台中市,SE6 青蔥 粉蔥 ,33.1,15.9,9.3,17.2,-22.87,2733.0,51.75,11,5,2020,0
2020-11-21,台中市,SE6 青蔥 粉蔥 ,36.3,29.4,16.8,28.9,68.02,843.0,-69.15,11,6,2020,0
2020-11-22,台中市,SE6 青蔥 粉蔥 ,34.1,23.0,11.0,23.2,-19.72,1665.0,97.51,11,7,2020,0
2020-11-23,台中市,SE6 青蔥 粉蔥 ,,,,,,,,11,1,2020,1
2020-11-24,台中市,SE6 青蔥 粉蔥 ,42.5,31.8,18.5,31.7,36.64,928.0,-44.26,11,2,2020,0
2020-11-25,台中市,SE6 青蔥 粉蔥 ,41.1,34.4,21.2,31.6,-0.32,1622.0,74.78,11,3,2020,0
2020-11-26,台中市,SE6 青蔥 粉蔥 ,39.1,27.1,16.1,26.5,-16.14,2072.0,27.74,11,4,2020,0
2020-11-27,台中市,SE6 青蔥 粉蔥 ,39.7,24.9,14.2,24.6,-7.17,2182.0,5.31,11,5,2020,0
2020-11-28,台中市,SE6 青蔥 粉蔥 ,36.3,27.8,12.2,27.6,12.2,1536.0,-29.61,11,6,2020,0
2020-11-29,台中市,SE6 青蔥 粉蔥 ,34.9,25.6,17.7,26.5,-3.99,1687.0,9.83,11,7,2020,0
2020-11-30,台中市,SE6 青蔥 粉蔥 ,,,,,,,,11,1,2020,1
2020-12-01,台中市,SE6 青蔥 粉蔥 ,34.7,27.0,17.7,27.1,2.26,2031.0,20.39,12,2,2020,0
2020-12-02,台中市,SE6 青蔥 粉蔥 ,31.4,22.7,15.5,21.7,-19.93,1751.0,-13.79,12,3,2020,0
2020-12-03,台中市,SE6 青蔥 粉蔥 ,33.5,20.6,15.3,22.0,1.38,1667.0,-4.8,12,4,2020,0
2020-12-04,台中市,SE6 青蔥 粉蔥 ,33.0,22.5,14.7,23.7,7.73,1964.0,17.82,12,5,2020,0
2020-12-05,台中市,SE6 青蔥 粉蔥 ,35.8,30.7,21.5,29.3,23.63,1344.0,-31.57,12,6,2020,0
2020-12-06,台中市,SE6 青蔥 粉蔥 ,32.9,27.4,18.3,26.2,-10.58,1908.0,41.96,12,7,2020,0
2020-12-07,台中市,SE6 青蔥 粉蔥 ,,,,,,,,12,1,2020,1
2020-12-08,台中市,SE6 青蔥 粉蔥 ,36.3,28.4,16.4,26.5,1.15,1825.0,-4.35,12,2,2020,0
2020-12-09,台中市,SE6 青蔥 粉蔥 ,40.2,31.9,17.7,30.5,15.09,1355.0,-25.75,12,3,2020,0
2020-12-10,台中市,SE6 青蔥 粉蔥 ,33.0,22.6,13.8,23.6,-22.62,1954.0,44.21,12,4,2020,0
2020-12-11,台中市,SE6 青蔥 粉蔥 ,34.3,25.0,16.0,23.9,1.27,1954.0,0.0,12,5,2020,0
2020-12-12,台中市,SE6 青蔥 粉蔥 ,32.2,24.0,11.9,22.7,-5.02,1747.0,-10.59,12,6,2020,0
2020-12-13,台中市,SE6 青蔥 粉蔥 ,30.5,23.9,15.4,22.8,0.44,1708.0,-2.23,12,7,2020,0
2020-12-14,台中市,SE6 青蔥 粉蔥 ,,,,,,,,12,1,2020,1
2020-12-15,台中市,SE6 青蔥 粉蔥 ,36.1,29.3,17.9,28.4,24.56,2150.0,25.88,12,2,2020,0
2020-12-16,台中市,SE6 青蔥 粉蔥 ,32.2,21.2,14.7,22.2,-21.83,2680.0,24.65,12,3,2020,0
2020-12-17,台中市,SE6 青蔥 粉蔥 ,32.5,20.3,14.3,21.2,-4.5,2175.0,-18.84,12,4,2020,0
2020-12-18,台中市,SE6 青蔥 粉蔥 ,28.7,18.2,12.4,19.4,-8.49,2615.0,20.23,12,5,2020,0
2020-12-19,台中市,SE6 青蔥 粉蔥 ,30.6,21.5,16.9,22.3,14.95,2045.0,-21.8,12,6,2020,0
2020-12-20,台中市,SE6 青蔥 粉蔥 ,31.7,21.5,14.4,21.2,-4.93,1871.0,-8.51,12,7,2020,0
2020-12-21,台中市,SE6 青蔥 粉蔥 ,,,,,,,,12,1,2020,1
2020-12-22,台中市,SE6 青蔥 粉蔥 ,37.9,28.0,19.4,27.6,30.19,1069.0,-42.86,12,2,2020,0
2020-12-23,台中市,SE6 青蔥 粉蔥 ,33.9,24.1,11.0,23.4,-15.22,1513.0,41.53,12,3,2020,0
2020-12-24,台中市,SE6 青蔥 粉蔥 ,32.0,25.6,11.0,23.1,-1.28,1351.0,-10.71,12,4,2020,0
2020-12-25,台中市,SE6 青蔥 粉蔥 ,31.2,25.2,14.5,23.2,0.43,2184.0,61.66,12,5,2020,0
2020-12-26,台中市,SE6 青蔥 粉蔥 ,30.8,25.4,15.9,24.0,3.45,1910.0,-12.55,12,6,2020,0
2020-12-27,台中市,SE6 青蔥 粉蔥 ,27.9,18.7,12.1,18.9,-21.25,2930.0,53.4,12,7,2020,0
2020-12-28,台中市,SE6 青蔥 粉蔥 ,,,,,,,,12,1,2020,1
2020-12-29,台中市,SE6 青蔥 粉蔥 ,31.5,21.8,9.8,20.6,8.99,2636.0,-10.03,12,2,2020,0
2020-12-30,台中市,SE6 青蔥 粉蔥 ,29.2,21.9,12.2,21.0,1.94,1939.0,-26.44,12,3,2020,0
2020-12-31,台中市,SE6 青蔥 粉蔥 ,30.1,22.0,13.8,21.5,2.38,1306.0,-32.65,12,4,2020,0
2021-01-01,台中市,SE6 青蔥 粉蔥 ,36.0,27.2,18.2,26.1,21.4,1615.0,23.66,1,5,2021,0
2021-01-02,台中市,SE6 青蔥 粉蔥 ,38.8,32.0,24.1,30.3,16.09,1801.0,11.52,1,6,2021,0
2021-01-03,台中市,SE6 青蔥 粉蔥 ,32.8,24.1,17.5,23.5,-22.44,2432.0,35.04,1,7,2021,0
2021-01-04,台中市,SE6 青蔥 粉蔥 ,,,,,,,,1,1,2021,1
2021-01-05,台中市,SE6 青蔥 粉蔥 ,35.7,23.7,18.3,24.4,3.83,2547.0,4.73,1,2,2021,0
2021-01-06,台中市,SE6 青蔥 粉蔥 ,33.4,23.5,16.3,24.2,-0.82,2173.0,-14.68,1,3,2021,0
2021-01-07,台中市,SE6 青蔥 粉蔥 ,29.4,21.1,12.1,20.4,-15.7,3030.0,39.44,1,4,2021,0
2021-01-08,台中市,SE6 青蔥 粉蔥 ,29.4,21.9,13.5,20.2,-0.98,1793.0,-40.83,1,5,2021,0
2021-01-09,台中市,SE6 青蔥 粉蔥 ,28.6,23.9,18.0,23.6,16.83,1520.0,-15.23,1,6,2021,0
2021-01-10,台中市,SE6 青蔥 粉蔥 ,33.0,27.4,20.4,27.2,15.25,1837.0,20.86,1,7,2021,0
2021-01-11,台中市,SE6 青蔥 粉蔥 ,,,,,,,,1,1,2021,1
2021-01-12,台中市,SE6 青蔥 粉蔥 ,35.8,30.7,23.5,29.9,9.93,1634.0,-11.05,1,2,2021,0
2021-01-13,台中市,SE6 青蔥 粉蔥 ,40.8,35.7,28.8,34.8,16.39,841.0,-48.53,1,3,2021,0
2021-01-14,台中市,SE6 青蔥 粉蔥 ,,,,,,,,1,4,2021,1
2021-01-15,台中市,SE6 青蔥 粉蔥 ,39.8,34.0,23.4,32.2,-7.47,2319.0,175.74,1,5,2021,0
2021-01-16,台中市,SE6 青蔥 粉蔥 ,35.0,28.7,21.8,28.3,-12.11,2693.0,16.13,1,6,2021,0
2021-01-17,台中市,SE6 青蔥 粉蔥 ,33.8,24.9,15.2,24.0,-15.19,2991.0,11.07,1,7,2021,0
2021-01-18,台中市,SE6 青蔥 粉蔥 ,,,,,,,,1,1,2021,1
2021-01-19,台中市,SE6 青蔥 粉蔥 ,32.8,22.0,17.4,22.9,-4.58,2915.0,-2.54,1,2,2021,0
2021-01-20,台中市,SE6 青蔥 粉蔥 ,27.7,18.7,13.5,19.9,-13.1,2506.0,-14.03,1,3,2021,0
2021-01-21,台中市,SE6 青蔥 粉蔥 ,23.3,14.3,8.3,14.3,-28.14,2601.0,3.79,1,4,2021,0
2021-01-22,台中市,SE6 青蔥 粉蔥 ,24.3,13.8,9.3,15.3,6.99,2211.0,-14.99,1,5,2021,0
2021-01-23,台中市,SE6 青蔥 粉蔥 ,23.6,13.8,6.5,13.2,-13.73,2822.0,27.63,1,6,2021,0
2021-01-24,台中市,SE6 青蔥 粉蔥 ,23.7,15.4,8.4,14.3,8.33,2204.0,-21.9,1,7,2021,0
2021-01-25,台中市,SE6 青蔥 粉蔥 ,,,,,,,,1,1,2021,1
2021-01-26,台中市,SE6 青蔥 粉蔥 ,26.9,16.1,9.9,16.3,13.99,2474.0,12.25,1,2,2021,0
2021-01-27,台中市,SE6 青蔥 粉蔥 ,22.6,13.9,8.8,14.5,-11.04,2473.0,-0.04,1,3,2021,0
2021-01-28,台中市,SE6 青蔥 粉蔥 ,26.0,17.5,11.7,18.6,28.28,1042.0,-57.86,1,4,2021,0
2021-01-29,台中市,SE6 青蔥 粉蔥 ,23.8,15.4,7.8,14.2,-23.66,2488.0,138.77,1,5,2021,0
2021-01-30,台中市,SE6 青蔥 粉蔥 ,24.9,18.5,12.4,18.4,29.58,2096.0,-15.76,1,6,2021,0
2021-01-31,台中市,SE6 青蔥 粉蔥 ,25.7,19.2,12.2,18.4,0.0,2725.0,30.01,1,7,2021,0
2021-02-01,台中市,SE6 青蔥 粉蔥 ,,,,,,,,2,1,2021,1
2021-02-02,台中市,SE6 青蔥 粉蔥 ,29.8,22.2,12.5,21.9,19.02,1903.0,-30.17,2,2,2021,0
2021-02-03,台中市,SE6 青蔥 粉蔥 ,32.1,20.8,12.4,21.4,-2.28,2704.0,42.09,2,3,2021,0
2021-02-04,台中市,SE6 青蔥 粉蔥 ,30.1,21.3,9.1,20.0,-6.54,2929.0,8.32,2,4,2021,0
2021-02-05,台中市,SE6 青蔥 粉蔥 ,,,,,,,,2,5,2021,1
2021-02-06,台中市,SE6 青蔥 粉蔥 ,30.4,23.4,13.4,22.1,10.5,2957.0,0.96,2,6,2021,0
2021-02-07,台中市,SE6 青蔥 粉蔥 ,34.3,22.0,7.5,20.0,-9.5,2598.0,-12.14,2,7,2021,0
2021-02-08,台中市,SE6 青蔥 粉蔥 ,29.5,19.8,12.2,20.7,3.5,2401.0,-7.58,2,1,2021,0
2021-02-09,台中市,SE6 青蔥 粉蔥 ,31.3,22.4,9.2,20.9,0.97,3078.0,28.2,2,2,2021,0
2021-02-10,台中市,SE6 青蔥 粉蔥 ,38.0,32.8,15.0,27.5,31.58,2576.0,-16.31,2,3,2021,0
2021-02-11,台中市,SE6 青蔥 粉蔥 ,42.4,36.6,21.7,34.7,26.18,1826.0,-29.11,2,4,2021,0
2021-02-12,台中市,SE6 青蔥 粉蔥 ,,,,,,,,2,5,2021,1
2021-02-13,台中市,SE6 青蔥 粉蔥 ,,,,,,,,2,6,2021,1
2021-02-14,台中市,SE6 青蔥 粉蔥 ,,,,,,,,2,7,2021,1
2021-02-15,台中市,SE6 青蔥 粉蔥 ,,,,,,,,2,1,2021,1
2021-02-16,台中市,SE6 青蔥 粉蔥 ,,,,,,,,2,2,2021,1
2021-02-17,台中市,SE6 青蔥 粉蔥 ,44.2,34.4,25.3,34.2,-1.44,1759.0,-3.67,2,3,2021,0
2021-02-18,台中市,SE6 青蔥 粉蔥 ,40.2,28.4,10.4,25.9,-24.27,2112.0,20.07,2,4,2021,0
2021-02-19,台中市,SE6 青蔥 粉蔥 ,38.8,32.5,23.4,32.2,24.32,2067.0,-2.13,2,5,2021,0
2021-02-20,台中市,SE6 青蔥 粉蔥 ,,,,,,,,2,6,2021,1
2021-02-21,台中市,SE6 青蔥 粉蔥 ,37.0,29.6,17.1,28.0,-13.04,1899.0,-8.13,2,7,2021,0
2021-02-22,台中市,SE6 青蔥 粉蔥 ,,,,,,,,2,1,2021,1
2021-02-23,台中市,SE6 青蔥 粉蔥 ,37.9,25.6,13.4,24.6,-12.14,2458.0,29.44,2,2,2021,0
2021-02-24,台中市,SE6 青蔥 粉蔥 ,36.4,26.1,9.5,25.3,2.85,1859.0,-24.37,2,3,2021,0
2021-02-25,台中市,SE6 青蔥 粉蔥 ,35.7,27.8,16.7,26.6,5.14,1896.0,1.99,2,4,2021,0
2021-02-26,台中市,SE6 青蔥 粉蔥 ,34.9,26.1,15.5,25.9,-2.63,2112.0,11.39,2,5,2021,0
2021-02-27,台中市,SE6 青蔥 粉蔥 ,36.6,31.9,19.6,31.2,20.46,1680.0,-20.45,2,6,2021,0
2021-02-28,台中市,SE6 青蔥 粉蔥 ,,,,,,,,2,7,2021,1
2021-03-01,台中市,SE6 青蔥 粉蔥 ,,,,,,,,3,1,2021,1
2021-03-02,台中市,SE6 青蔥 粉蔥 ,38.5,30.4,17.4,27.3,-12.5,1663.0,-1.01,3,2,2021,0
2021-03-03,台中市,SE6 青蔥 粉蔥 ,42.5,34.4,19.6,33.5,22.71,1228.0,-26.16,3,3,2021,0
2021-03-04,台中市,SE6 青蔥 粉蔥 ,39.2,32.3,20.4,31.2,-6.87,1983.0,61.48,3,4,2021,0
2021-03-05,台中市,SE6 青蔥 粉蔥 ,42.4,26.5,17.0,27.1,-13.14,2136.0,7.72,3,5,2021,0
2021-03-06,台中市,SE6 青蔥 粉蔥 ,35.4,26.2,16.6,25.2,-7.01,2427.0,13.62,3,6,2021,0
2021-03-07,台中市,SE6 青蔥 粉蔥 ,31.7,23.1,13.8,23.0,-8.73,1870.0,-22.95,3,7,2021,0
2021-03-08,台中市,SE6 青蔥 粉蔥 ,,,,,,,,3,1,2021,1
2021-03-09,台中市,SE6 青蔥 粉蔥 ,34.6,26.5,17.8,26.1,13.48,2964.0,58.5,3,2,2021,0
2021-03-10,台中市,SE6 青蔥 粉蔥 ,33.8,24.8,14.5,24.2,-7.28,2668.0,-9.99,3,3,2021,0
2021-03-11,台中市,SE6 青蔥 粉蔥 ,27.0,18.1,9.4,19.0,-21.49,2966.0,11.17,3,4,2021,0
2021-03-12,台中市,SE6 青蔥 粉蔥 ,30.0,23.1,11.9,22.2,16.84,1698.0,-42.75,3,5,2021,0
2021-03-13,台中市,SE6 青蔥 粉蔥 ,31.7,24.2,15.7,25.0,12.61,1959.0,15.37,3,6,2021,0
2021-03-14,台中市,SE6 青蔥 粉蔥 ,31.4,22.7,16.9,23.7,-5.2,2481.0,26.65,3,7,2021,0
2021-03-15,台中市,SE6 青蔥 粉蔥 ,,,,,,,,3,1,2021,1
2021-03-16,台中市,SE6 青蔥 粉蔥 ,28.9,24.3,14.9,23.3,-1.69,2227.0,-10.24,3,2,2021,0
2021-03-17,台中市,SE6 青蔥 粉蔥 ,26.0,22.6,13.0,21.8,-6.44,2118.0,-4.89,3,3,2021,0
2021-03-18,台中市,SE6 青蔥 粉蔥 ,27.2,21.4,13.2,21.1,-3.21,1793.0,-15.34,3,4,2021,0
2021-03-19,台中市,SE6 青蔥 粉蔥 ,29.7,22.2,13.5,22.0,4.27,2173.0,21.19,3,5,2021,0
2021-03-20,台中市,SE6 青蔥 粉蔥 ,32.2,23.4,13.5,22.4,1.82,2825.0,30.0,3,6,2021,0
2021-03-21,台中市,SE6 青蔥 粉蔥 ,33.4,24.9,14.4,24.1,7.59,3240.0,14.69,3,7,2021,0
2021-03-22,台中市,SE6 青蔥 粉蔥 ,,,,,,,,3,1,2021,1
2021-03-23,台中市,SE6 青蔥 粉蔥 ,,,,,,,,3,2,2021,1
2021-03-24,台中市,SE6 青蔥 粉蔥 ,28.0,23.3,12.7,21.0,-12.86,3296.0,1.73,3,3,2021,0
2021-03-25,台中市,SE6 青蔥 粉蔥 ,31.3,18.5,11.2,19.5,-7.14,2640.0,-19.9,3,4,2021,0
2021-03-26,台中市,SE6 青蔥 粉蔥 ,30.4,23.1,14.8,22.1,13.33,2072.0,-21.52,3,5,2021,0
2021-03-27,台中市,SE6 青蔥 粉蔥 ,30.3,22.6,14.6,22.4,1.36,2430.0,17.28,3,6,2021,0
2021-03-28,台中市,SE6 青蔥 粉蔥 ,27.0,20.4,10.9,19.4,-13.39,3074.0,26.5,3,7,2021,0
2021-03-29,台中市,SE6 青蔥 粉蔥 ,,,,,,,,3,1,2021,1
2021-03-30,台中市,SE6 青蔥 粉蔥 ,29.3,22.0,13.8,21.1,8.76,2472.0,-19.58,3,2,2021,0
2021-03-31,台中市,SE6 青蔥 粉蔥 ,30.3,21.8,10.3,20.4,-3.32,1727.0,-30.14,3,3,2021,0
2021-04-01,台中市,SE6 青蔥 粉蔥 ,27.5,18.9,10.0,17.6,-13.73,2322.0,34.45,4,4,2021,0
2021-04-02,台中市,SE6 青蔥 粉蔥 ,27.7,21.5,11.7,20.7,17.61,2481.0,6.85,4,5,2021,0
2021-04-03,台中市,SE6 青蔥 粉蔥 ,28.1,20.8,13.0,21.3,2.9,2796.0,12.7,4,6,2021,0
2021-04-04,台中市,SE6 青蔥 粉蔥 ,,,,,,,,4,7,2021,1
2021-04-05,台中市,SE6 青蔥 粉蔥 ,,,,,,,,4,1,2021,1
2021-04-06,台中市,SE6 青蔥 粉蔥 ,24.8,19.7,13.4,19.5,-8.45,3056.0,9.3,4,2,2021,0
2021-04-07,台中市,SE6 青蔥 粉蔥 ,28.0,18.1,12.4,19.3,-1.03,1844.0,-39.66,4,3,2021,0
2021-04-08,台中市,SE6 青蔥 粉蔥 ,31.4,26.1,16.1,24.2,25.39,1384.0,-24.95,4,4,2021,0
2021-04-09,台中市,SE6 青蔥 粉蔥 ,29.0,24.8,18.5,25.0,3.31,2159.0,56.0,4,5,2021,0
2021-04-10,台中市,SE6 青蔥 粉蔥 ,29.0,24.9,16.9,23.5,-6.0,2961.0,37.15,4,6,2021,0
2021-04-11,台中市,SE6 青蔥 粉蔥 ,27.2,22.2,15.1,22.1,-5.96,2859.0,-3.44,4,7,2021,0
2021-04-12,台中市,SE6 青蔥 粉蔥 ,,,,,,,,4,1,2021,1
2021-04-13,台中市,SE6 青蔥 粉蔥 ,27.4,22.2,13.8,21.8,-1.36,2591.0,-9.37,4,2,2021,0
2021-04-14,台中市,SE6 青蔥 粉蔥 ,25.2,19.1,11.6,19.0,-12.84,2251.0,-13.12,4,3,2021,0
2021-04-15,台中市,SE6 青蔥 粉蔥 ,30.2,24.3,15.8,23.3,22.63,1204.0,-46.51,4,4,2021,0
2021-04-16,台中市,SE6 青蔥 粉蔥 ,29.1,20.8,10.5,20.8,-10.73,2199.0,82.64,4,5,2021,0
2021-04-17,台中市,SE6 青蔥 粉蔥 ,30.1,22.4,14.1,22.3,7.21,2608.0,18.6,4,6,2021,0
2021-04-18,台中市,SE6 青蔥 粉蔥 ,28.6,21.6,14.6,21.4,-4.04,2530.0,-2.99,4,7,2021,0
2021-04-19,台中市,SE6 青蔥 粉蔥 ,,,,,,,,4,1,2021,1
2021-04-20,台中市,SE6 青蔥 粉蔥 ,28.7,18.9,11.3,19.6,-8.41,3093.0,22.25,4,2,2021,0
2021-04-21,台中市,SE6 青蔥 粉蔥 ,23.8,17.6,10.8,17.3,-11.73,2912.0,-5.85,4,3,2021,0
2021-04-22,台中市,SE6 青蔥 粉蔥 ,24.0,15.8,9.8,16.4,-5.2,2071.0,-28.88,4,4,2021,0
2021-04-23,台中市,SE6 青蔥 粉蔥 ,,,,,,,,4,5,2021,1
2021-04-24,台中市,SE6 青蔥 粉蔥 ,24.6,21.5,16.4,21.2,29.27,2359.0,13.91,4,6,2021,0
2021-04-25,台中市,SE6 青蔥 粉蔥 ,25.0,20.0,14.4,20.1,-5.19,2519.0,6.78,4,7,2021,0
2021-04-26,台中市,SE6 青蔥 粉蔥 ,,,,,,,,4,1,2021,1
2021-04-27,台中市,SE6 青蔥 粉蔥 ,27.4,23.0,16.3,22.2,10.45,2322.0,-7.82,4,2,2021,0
2021-04-28,台中市,SE6 青蔥 粉蔥 ,23.7,19.0,12.8,18.6,-16.22,2775.0,19.51,4,3,2021,0
2021-04-29,台中市,SE6 青蔥 粉蔥 ,22.9,18.5,12.8,18.4,-1.08,1937.0,-30.2,4,4,2021,0
2021-04-30,台中市,SE6 青蔥 粉蔥 ,22.1,18.5,12.9,17.8,-3.26,2524.0,30.3,4,5,2021,0
2021-05-01,台中市,SE6 青蔥 粉蔥 ,26.1,23.0,17.5,22.7,27.53,2157.0,-14.54,5,6,2021,0
2021-05-02,台中市,SE6 青蔥 粉蔥 ,24.4,19.8,17.3,20.1,-11.45,2613.0,21.14,5,7,2021,0
2021-05-03,台中市,SE6 青蔥 粉蔥 ,,,,,,,,5,1,2021,1
2021-05-04,台中市,SE6 青蔥 粉蔥 ,26.2,20.1,14.2,20.0,-0.5,2625.0,0.46,5,2,2021,0
2021-05-05,台中市,SE6 青蔥 粉蔥 ,24.3,19.2,12.3,18.6,-7.0,2285.0,-12.95,5,3,2021,0
2021-05-06,台中市,SE6 青蔥 粉蔥 ,22.5,18.5,12.2,18.3,-1.61,2254.0,-1.36,5,4,2021,0
2021-05-07,台中市,SE6 青蔥 粉蔥 ,23.0,16.5,11.3,16.8,-8.2,2615.0,16.02,5,5,2021,0
2021-05-08,台中市,SE6 青蔥 粉蔥 ,23.3,17.5,11.5,17.9,6.55,2240.0,-14.34,5,6,2021,0
2021-05-09,台中市,SE6 青蔥 粉蔥 ,24.4,18.0,11.9,17.9,0.0,2829.0,26.29,5,7,2021,0
2021-05-10,台中市,SE6 青蔥 粉蔥 ,,,,,,,,5,1,2021,1
2021-05-11,台中市,SE6 青蔥 粉蔥 ,27.2,19.4,11.9,18.7,4.47,2434.0,-13.96,5,2,2021,0
2021-05-12,台中市,SE6 青蔥 粉蔥 ,25.0,15.4,8.4,15.3,-18.18,2758.0,13.31,5,3,2021,0
2021-05-13,台中市,SE6 青蔥 粉蔥 ,25.8,15.3,7.6,15.5,1.31,2205.0,-20.05,5,4,2021,0
2021-05-14,台中市,SE6 青蔥 粉蔥 ,28.0,19.3,11.1,18.7,20.65,1512.0,-31.43,5,5,2021,0
2021-05-15,台中市,SE6 青蔥 粉蔥 ,31.3,25.5,15.4,24.6,31.55,1918.0,26.85,5,6,2021,0
2021-05-16,台中市,SE6 青蔥 粉蔥 ,30.4,24.7,12.7,23.2,-5.69,2069.0,7.87,5,7,2021,0
2021-05-17,台中市,SE6 青蔥 粉蔥 ,,,,,,,,5,1,2021,1
2021-05-18,台中市,SE6 青蔥 粉蔥 ,38.8,32.2,23.0,31.3,34.91,1226.0,-40.74,5,2,2021,0
2021-05-19,台中市,SE6 青蔥 粉蔥 ,37.2,31.1,21.0,29.5,-5.75,1178.0,-3.92,5,3,2021,0
2021-05-20,台中市,SE6 青蔥 粉蔥 ,43.7,36.2,17.4,34.2,15.93,1388.0,17.83,5,4,2021,0
2021-05-21,台中市,SE6 青蔥 粉蔥 ,38.1,31.6,20.2,30.3,-11.4,2681.0,93.16,5,5,2021,0
2021-05-22,台中市,SE6 青蔥 粉蔥 ,31.5,23.9,14.6,22.9,-24.42,3183.0,18.72,5,6,2021,0
2021-05-23,台中市,SE6 青蔥 粉蔥 ,29.5,22.0,13.2,20.6,-10.04,2875.0,-9.68,5,7,2021,0
2021-05-24,台中市,SE6 青蔥 粉蔥 ,,,,,,,,5,1,2021,1
2021-05-25,台中市,SE6 青蔥 粉蔥 ,34.0,28.0,18.6,26.7,29.61,1727.0,-39.93,5,2,2021,0
2021-05-26,台中市,SE6 青蔥 粉蔥 ,32.4,22.5,12.6,22.5,-15.73,1290.0,-25.3,5,3,2021,0
2021-05-27,台中市,SE6 青蔥 粉蔥 ,36.6,32.4,28.6,32.6,44.89,786.0,-39.07,5,4,2021,0
2021-05-28,台中市,SE6 青蔥 粉蔥 ,35.9,27.5,19.1,27.8,-14.72,1455.0,85.11,5,5,2021,0
2021-05-29,台中市,SE6 青蔥 粉蔥 ,36.6,32.6,26.0,32.4,16.55,1410.0,-3.09,5,6,2021,0
2021-05-30,台中市,SE6 青蔥 粉蔥 ,41.3,36.3,28.4,36.6,12.96,1239.0,-12.13,5,7,2021,0
2021-05-31,台中市,SE6 青蔥 粉蔥 ,,,,,,,,5,1,2021,1
2021-06-01,台中市,SE6 青蔥 粉蔥 ,42.0,38.5,34.0,38.9,6.28,1358.0,9.6,6,2,2021,0
2021-06-02,台中市,SE6 青蔥 粉蔥 ,62.6,48.2,33.0,49.3,26.74,818.0,-39.76,6,3,2021,0
2021-06-03,台中市,SE6 青蔥 粉蔥 ,,,,,,,,6,4,2021,1
2021-06-04,台中市,SE6 青蔥 粉蔥 ,48.6,43.0,33.0,42.4,-14.0,2235.0,173.23,6,5,2021,0
2021-06-05,台中市,SE6 青蔥 粉蔥 ,45.7,38.6,27.8,37.8,-10.85,2669.0,19.42,6,6,2021,0
2021-06-06,台中市,SE6 青蔥 粉蔥 ,42.8,35.4,27.7,35.4,-6.35,2610.0,-2.21,6,7,2021,0
2021-06-07,台中市,SE6 青蔥 粉蔥 ,,,,,,,,6,1,2021,1
2021-06-08,台中市,SE6 青蔥 粉蔥 ,40.4,32.3,22.8,31.4,-11.3,2541.0,-2.64,6,2,2021,0
2021-06-09,台中市,SE6 青蔥 粉蔥 ,36.3,28.2,21.3,27.9,-11.15,2288.0,-9.96,6,3,2021,0
2021-06-10,台中市,SE6 青蔥 粉蔥 ,34.6,26.3,20.6,27.2,-2.51,2043.0,-10.71,6,4,2021,0
2021-06-11,台中市,SE6 青蔥 粉蔥 ,34.5,25.6,19.3,25.8,-5.15,1823.0,-10.77,6,5,2021,0
2021-06-12,台中市,SE6 青蔥 粉蔥 ,37.5,28.1,18.5,28.7,11.24,1683.0,-7.68,6,6,2021,0
2021-06-13,台中市,SE6 青蔥 粉蔥 ,41.4,30.3,18.1,29.0,1.05,1621.0,-3.68,6,7,2021,0
2021-06-14,台中市,SE6 青蔥 粉蔥 ,38.3,26.0,18.2,26.9,-7.24,1413.0,-12.83,6,1,2021,0
2021-06-15,台中市,SE6 青蔥 粉蔥 ,,,,,,,,6,2,2021,1
2021-06-16,台中市,SE6 青蔥 粉蔥 ,,,,,,,,6,3,2021,1
2021-06-17,台中市,SE6 青蔥 粉蔥 ,40.7,29.9,20.2,29.5,9.67,1845.0,30.57,6,4,2021,0
2021-06-18,台中市,SE6 青蔥 粉蔥 ,37.1,25.2,14.7,25.4,-13.9,2702.0,46.45,6,5,2021,0
2021-06-19,台中市,SE6 青蔥 粉蔥 ,34.8,22.7,14.8,23.3,-8.27,3119.0,15.43,6,6,2021,0
2000-01-05,高雄市,SE6 青蔥 粉蔥 ,6.0,6.0,6.0,6.0,,25.0,,1,3,2000,0
2000-01-06,高雄市,SE6 青蔥 粉蔥 ,,,,,,,,1,4,2000,1
2000-01-07,高雄市,SE6 青蔥 粉蔥 ,,,,,,,,1,5,2000,1
2000-01-08,高雄市,SE6 青蔥 粉蔥 ,,,,,,,,1,6,2000,1
2000-01-09,高雄市,SE6 青蔥 粉蔥 ,,,,,,,,1,7,2000,1
2000-01-10,高雄市,SE6 青蔥 粉蔥 ,,,,,,,,1,1,2000,1
2000-01-11,高雄市,SE6 青蔥 粉蔥 ,10.0,9.8,8.0,9.5,58.33,100.0,300.0,1,2,2000,0
2000-01-12,高雄市,SE6 青蔥 粉蔥 ,,,,,,,,1,3,2000,1
2000-01-13,高雄市,SE6 青蔥 粉蔥 ,,,,,,,,1,4,2000,1
2000-01-14,高雄市,SE6 青蔥 粉蔥 ,5.0,5.0,5.0,5.0,-47.37,50.0,-50.0,1,5,2000,0
2000-01-15,高雄市,SE6 青蔥 粉蔥 ,,,,,,,,1,6,2000,1
2000-01-16,高雄市,SE6 青蔥 粉蔥 ,,,,,,,,1,7,2000,1
2000-01-17,高雄市,SE6 青蔥 粉蔥 ,,,,,,,,1,1,2000,1
2000-01-18,高雄市,SE6 青蔥 粉蔥 ,,,,,,,,1,2,2000,1
2000-01-19,高雄市,SE6 青蔥 粉蔥 ,,,,,,,,1,3,2000,1
2000-01-20,高雄市,SE6 青蔥 粉蔥 ,6.0,6.0,6.0,6.0,20.0,25.0,-50.0,1,4,2000,0
2000-01-21,高雄市,SE6 青蔥 粉蔥 ,,,,,,,,1,5,2000,1
2000-01-22,高雄市,SE6 青蔥 粉蔥 ,,,,,,,,1,6,2000,1
2000-01-23,高雄市,SE6 青蔥 粉蔥 ,,,,,,,,1,7,2000,1
2000-01-24,高雄市,SE6 青蔥 粉蔥 ,,,,,,,,1,1,2000,1
2000-01-25,高雄市,SE6 青蔥 粉蔥 ,,,,,,,,1,2,2000,1
2000-01-26,高雄市,SE6 青蔥 粉蔥 ,9.0,8.6,8.0,8.5,41.67,92.0,268.0,1,3,2000,0
2000-01-27,高雄市,SE6 青蔥 粉蔥 ,9.7,6.0,6.0,6.7,-21.18,321.0,248.91,1,4,2000,0
2000-01-28,高雄市,SE6 青蔥 粉蔥 ,5.0,5.0,5.0,5.0,-25.37,63.0,-80.37,1,5,2000,0
2000-01-29,高雄市,SE6 青蔥 粉蔥 ,10.0,10.0,10.0,10.0,100.0,25.0,-60.32,1,6,2000,0
2000-01-30,高雄市,SE6 青蔥 粉蔥 ,,,,,,,,1,7,2000,1
2000-01-31,高雄市,SE6 青蔥 粉蔥 ,,,,,,,,1,1,2000,1
2000-02-01,高雄市,SE6 青蔥 粉蔥 ,,,,,,,,2,2,2000,1
2000-02-02,高雄市,SE6 青蔥 粉蔥 ,,,,,,,,2,3,2000,1
2000-02-03,高雄市,SE6 青蔥 粉蔥 ,15.0,13.0,12.0,13.2,32.0,125.0,400.0,2,4,2000,0
2000-02-04,高雄市,SE6 青蔥 粉蔥 ,10.0,10.0,10.0,10.0,-24.24,43.0,-65.6,2,5,2000,0
2000-02-05,高雄市,SE6 青蔥 粉蔥 ,,,,,,,,2,6,2000,1
2000-02-06,高雄市,SE6 青蔥 粉蔥 ,,,,,,,,2,7,2000,1
2000-02-07,高雄市,SE6 青蔥 粉蔥 ,,,,,,,,2,1,2000,1
2000-02-08,高雄市,SE6 青蔥 粉蔥 ,,,,,,,,2,2,2000,1
2000-02-09,高雄市,SE6 青蔥 粉蔥 ,,,,,,,,2,3,2000,1
2000-02-10,高雄市,SE6 青蔥 粉蔥 ,,,,,,,,2,4,2000,1
2000-02-11,高雄市,SE6 青蔥 粉蔥 ,,,,,,,,2,5,2000,1
2000-02-12,高雄市,SE6 青蔥 粉蔥 ,,,,,,,,2,6,2000,1
2000-02-13,高雄市,SE6 青蔥 粉蔥 ,,,,,,,,2,7,2000,1
2000-02-14,高雄市,SE6 青蔥 粉蔥 ,11.0,10.6,10.0,10.5,5.0,55.0,27.91,2,1,2000,0
2000-02-15,高雄市,SE6 青蔥 粉蔥 ,,,,,,,,2,2,2000,1
2000-02-16,高雄市,SE6 青蔥 粉蔥 ,10.0,9.3,9.0,9.4,-10.48,125.0,127.27,2,3,2000,0
2000-02-17,高雄市,SE6 青蔥 粉蔥 ,10.0,10.0,10.0,10.0,6.38,74.0,-40.8,2,4,2000,0
2000-02-18,高雄市,SE6 青蔥 粉蔥 ,6.0,6.0,6.0,6.0,-40.0,60.0,-18.92,2,5,2000,0
2000-02-19,高雄市,SE6 青蔥 粉蔥 ,,,,,,,,2,6,2000,1
2000-02-20,高雄市,SE6 青蔥 粉蔥 ,,,,,,,,2,7,2000,1
2000-02-21,高雄市,SE6 青蔥 粉蔥 ,,,,,,,,2,1,2000,1
2000-02-22,高雄市,SE6 青蔥 粉蔥 ,,,,,,,,2,2,2000,1
2000-02-23,高雄市,SE6 青蔥 粉蔥 ,,,,,,,,2,3,2000,1
2000-02-24,高雄市,SE6 青蔥 粉蔥 ,,,,,,,,2,4,2000,1
2000-02-25,高雄市,SE6 青蔥 粉蔥 ,,,,,,,,2,5,2000,1
2000-02-26,高雄市,SE6 青蔥 粉蔥 ,,,,,,,,2,6,2000,1
2000-02-27,高雄市,SE6 青蔥 粉蔥 ,,,,,,,,2,7,2000,1
2000-02-28,高雄市,SE6 青蔥 粉蔥 ,,,,,,,,2,1,2000,1
2000-02-29,高雄市,SE6 青蔥 粉蔥 ,,,,,,,,2,2,2000,1
2000-03-01,高雄市,SE6 青蔥 粉蔥 ,,,,,,,,3,3,2000,1
2000-03-02,高雄市,SE6 青蔥 粉蔥 ,,,,,,,,3,4,2000,1
2000-03-03,高雄市,SE6 青蔥 粉蔥 ,,,,,,,,3,5,2000,1
2000-03-04,高雄市,SE6 青蔥 粉蔥 ,8.0,8.0,8.0,8.0,33.33,147.0,145.0,3,6,2000,0
2000-03-05,高雄市,SE6 青蔥 粉蔥 ,6.0,6.0,6.0,6.0,-25.0,165.0,12.24,3,7,2000,0
2000-03-06,高雄市,SE6 青蔥 粉蔥 ,6.0,6.0,6.0,6.0,0.0,50.0,-69.7,3,1,2000,0
2000-03-07,高雄市,SE6 青蔥 粉蔥 ,,,,,,,,3,2,2000,1
2000-03-08,高雄市,SE6 青蔥 粉蔥 ,,,,,,,,3,3,2000,1
2000-03-09,高雄市,SE6 青蔥 粉蔥 ,,,,,,,,3,4,2000,1
2000-03-10,高雄市,SE6 青蔥 粉蔥 ,,,,,,,,3,5,2000,1
2000-03-11,高雄市,SE6 青蔥 粉蔥 ,,,,,,,,3,6,2000,1
2000-03-12,高雄市,SE6 青蔥 粉蔥 ,,,,,,,,3,7,2000,1
2000-03-13,高雄市,SE6 青蔥 粉蔥 ,10.0,10.0,10.0,10.0,66.67,20.0,-60.0,3,1,2000,0
2000-03-14,高雄市,SE6 青蔥 粉蔥 ,,,,,,,,3,2,2000,1
2000-03-15,高雄市,SE6 青蔥 粉蔥 ,,,,,,,,3,3,2000,1
2000-03-16,高雄市,SE6 青蔥 粉蔥 ,,,,,,,,3,4,2000,1
2000-03-17,高雄市,SE6 青蔥 粉蔥 ,,,,,,,,3,5,2000,1
2000-03-18,高雄市,SE6 青蔥 粉蔥 ,12.0,10.2,8.7,10.2,2.0,43.0,115.0,3,6,2000,0
2000-03-19,高雄市,SE6 青蔥 粉蔥 ,10.0,10.0,10.0,10.0,-1.96,40.0,-6.98,3,7,2000,0
2000-03-20,高雄市,SE6 青蔥 粉蔥 ,,,,,,,,3,1,2000,1
2000-03-21,高雄市,SE6 青蔥 粉蔥 ,12.0,12.0,12.0,12.0,20.0,20.0,-50.0,3,2,2000,0
2000-03-22,高雄市,SE6 青蔥 粉蔥 ,,,,,,,,3,3,2000,1
2000-03-23,高雄市,SE6 青蔥 粉蔥 ,12.0,8.9,8.0,9.3,-22.5,75.0,275.0,3,4,2000,0
2000-03-24,高雄市,SE6 青蔥 粉蔥 ,,,,,,,,3,5,2000,1
2000-03-25,高雄市,SE6 青蔥 粉蔥 ,12.0,12.0,12.0,12.0,29.03,40.0,-46.67,3,6,2000,0
2000-03-26,高雄市,SE6 青蔥 粉蔥 ,,,,,,,,3,7,2000,1
2000-03-27,高雄市,SE6 青蔥 粉蔥 ,,,,,,,,3,1,2000,1
2000-03-28,高雄市,SE6 青蔥 粉蔥 ,,,,,,,,3,2,2000,1
2000-03-29,高雄市,SE6 青蔥 粉蔥 ,10.0,10.0,10.0,10.0,-16.67,50.0,25.0,3,3,2000,0
2000-03-30,高雄市,SE6 青蔥 粉蔥 ,10.0,10.0,10.0,10.0,0.0,25.0,-50.0,3,4,2000,0
2000-03-31,高雄市,SE6 青蔥 粉蔥 ,,,,,,,,3,5,2000,1
2000-04-01,高雄市,SE6 青蔥 粉蔥 ,,,,,,,,4,6,2000,1
2000-04-02,高雄市,SE6 青蔥 粉蔥 ,,,,,,,,4,7,2000,1
2000-04-03,高雄市,SE6 青蔥 粉蔥 ,,,,,,,,4,1,2000,1
2000-04-04,高雄市,SE6 青蔥 粉蔥 ,,,,,,,,4,2,2000,1
2000-04-05,高雄市,SE6 青蔥 粉蔥 ,,,,,,,,4,3,2000,1
2000-04-06,高雄市,SE6 青蔥 粉蔥 ,,,,,,,,4,4,2000,1
2000-04-07,高雄市,SE6 青蔥 粉蔥 ,,,,,,,,4,5,2000,1
2000-04-08,高雄市,SE6 青蔥 粉蔥 ,,,,,,,,4,6,2000,1
2000-04-09,高雄市,SE6 青蔥 粉蔥 ,,,,,,,,4,7,2000,1
2000-04-10,高雄市,SE6 青蔥 粉蔥 ,,,,,,,,4,1,2000,1
2000-04-11,高雄市,SE6 青蔥 粉蔥 ,,,,,,,,4,2,2000,1
2000-04-12,高雄市,SE6 青蔥 粉蔥 ,,,,,,,,4,3,2000,1
2000-04-13,高雄市,SE6 青蔥 粉蔥 ,14.0,13.3,11.0,13.0,30.0,75.0,200.0,4,4,2000,0
2000-04-14,高雄市,SE6 青蔥 粉蔥 ,,,,,,,,4,5,2000,1
2000-04-15,高雄市,SE6 青蔥 粉蔥 ,,,,,,,,4,6,2000,1
2000-04-16,高雄市,SE6 青蔥 粉蔥 ,,,,,,,,4,7,2000,1
2000-04-17,高雄市,SE6 青蔥 粉蔥 ,,,,,,,,4,1,2000,1
2000-04-18,高雄市,SE6 青蔥 粉蔥 ,,,,,,,,4,2,2000,1
2000-04-19,高雄市,SE6 青蔥 粉蔥 ,,,,,,,,4,3,2000,1
2000-04-20,高雄市,SE6 青蔥 粉蔥 ,,,,,,,,4,4,2000,1
2000-04-21,高雄市,SE6 青蔥 粉蔥 ,,,,,,,,4,5,2000,1
2000-04-22,高雄市,SE6 青蔥 粉蔥 ,,,,,,,,4,6,2000,1
2000-04-23,高雄市,SE6 青蔥 粉蔥 ,,,,,,,,4,7,2000,1
2000-04-24,高雄市,SE6 青蔥 粉蔥 ,,,,,,,,4,1,2000,1
2000-04-25,高雄市,SE6 青蔥 粉蔥 ,,,,,,,,4,2,2000,1
2000-04-26,高雄市,SE6 青蔥 粉蔥 ,,,,,,,,4,3,2000,1
2000-04-27,高雄市,SE6 青蔥 粉蔥 ,7.3,7.3,7.3,7.3,-43.85,30.0,-60.0,4,4,2000,0
2000-04-28,高雄市,SE6 青蔥 粉蔥 ,,,,,,,,4,5,2000,1
2000-04-29,高雄市,SE6 青蔥 粉蔥 ,,,,,,,,4,6,2000,1
2000-04-30,高雄市,SE6 青蔥 粉蔥 ,3.0,3.0,3.0,3.0,-58.9,50.0,66.67,4,7,2000,0
2000-05-01,高雄市,SE6 青蔥 粉蔥 ,,,,,,,,5,1,2000,1
2000-05-02,高雄市,SE6 青蔥 粉蔥 ,,,,,,,,5,2,2000,1
2000-05-03,高雄市,SE6 青蔥 粉蔥 ,,,,,,,,5,3,2000,1
2000-05-04,高雄市,SE6 青蔥 粉蔥 ,,,,,,,,5,4,2000,1
2000-05-05,高雄市,SE6 青蔥 粉蔥 ,7.0,7.0,7.0,7.0,133.33,100.0,100.0,5,5,2000,0
2000-05-06,高雄市,SE6 青蔥 粉蔥 ,,,,,,,,5,6,2000,1
2000-05-07,高雄市,SE6 青蔥 粉蔥 ,14.1,12.5,12.5,12.8,82.86,180.0,80.0,5,7,2000,0
2000-05-08,高雄市,SE6 青蔥 粉蔥 ,,,,,,,,5,1,2000,1
2000-05-09,高雄市,SE6 青蔥 粉蔥 ,15.0,14.0,12.5,13.9,8.59,180.0,0.0,5,2,2000,0
2000-05-10,高雄市,SE6 青蔥 粉蔥 ,,,,,,,,5,3,2000,1
2000-05-11,高雄市,SE6 青蔥 粉蔥 ,13.0,13.0,13.0,13.0,-6.47,60.0,-66.67,5,4,2000,0
2000-05-12,高雄市,SE6 青蔥 粉蔥 ,13.0,12.8,12.5,12.8,-1.54,160.0,166.67,5,5,2000,0
2000-05-13,高雄市,SE6 青蔥 粉蔥 ,,,,,,,,5,6,2000,1
2000-05-14,高雄市,SE6 青蔥 粉蔥 ,12.0,12.0,12.0,12.0,-6.25,140.0,-12.5,5,7,2000,0
2000-05-15,高雄市,SE6 青蔥 粉蔥 ,15.0,15.0,15.0,15.0,25.0,40.0,-71.43,5,1,2000,0
2000-05-16,高雄市,SE6 青蔥 粉蔥 ,,,,,,,,5,2,2000,1
2000-05-17,高雄市,SE6 青蔥 粉蔥 ,6.0,6.0,6.0,6.0,-60.0,75.0,87.5,5,3,2000,0
2000-05-18,高雄市,SE6 青蔥 粉蔥 ,,,,,,,,5,4,2000,1
2000-05-19,高雄市,SE6 青蔥 粉蔥 ,,,,,,,,5,5,2000,1
2000-05-20,高雄市,SE6 青蔥 粉蔥 ,,,,,,,,5,6,2000,1
2000-05-21,高雄市,SE6 青蔥 粉蔥 ,,,,,,,,5,7,2000,1
2000-05-22,高雄市,SE6 青蔥 粉蔥 ,,,,,,,,5,1,2000,1
2000-05-23,高雄市,SE6 青蔥 粉蔥 ,,,,,,,,5,2,2000,1
2000-05-24,高雄市,SE6 青蔥 粉蔥 ,,,,,,,,5,3,2000,1
2000-05-25,高雄市,SE6 青蔥 粉蔥 ,,,,,,,,5,4,2000,1
2000-05-26,高雄市,SE6 青蔥 粉蔥 ,,,,,,,,5,5,2000,1
2000-05-27,高雄市,SE6 青蔥 粉蔥 ,,,,,,,,5,6,2000,1
2000-05-28,高雄市,SE6 青蔥 粉蔥 ,,,,,,,,5,7,2000,1
2000-05-29,高雄市,SE6 青蔥 粉蔥 ,,,,,,,,5,1,2000,1
2000-05-30,高雄市,SE6 青蔥 粉蔥 ,,,,,,,,5,2,2000,1
2000-05-31,高雄市,SE6 青蔥 粉蔥 ,,,,,,,,5,3,2000,1
2000-06-01,高雄市,SE6 青蔥 粉蔥 ,,,,,,,,6,4,2000,1
2000-06-02,高雄市,SE6 青蔥 粉蔥 ,,,,,,,,6,5,2000,1
2000-06-03,高雄市,SE6 青蔥 粉蔥 ,20.0,12.6,12.0,14.0,133.33,266.0,254.67,6,6,2000,0
2000-06-04,高雄市,SE6 青蔥 粉蔥 ,,,,,,,,6,7,2000,1
2000-06-05,高雄市,SE6 青蔥 粉蔥 ,15.0,15.0,15.0,15.0,7.14,42.0,-84.21,6,1,2000,0
2000-06-06,高雄市,SE6 青蔥 粉蔥 ,,,,,,,,6,2,2000,1
2000-06-07,高雄市,SE6 青蔥 粉蔥 ,,,,,,,,6,3,2000,1
2000-06-08,高雄市,SE6 青蔥 粉蔥 ,,,,,,,,6,4,2000,1
2000-06-09,高雄市,SE6 青蔥 粉蔥 ,,,,,,,,6,5,2000,1
2000-06-10,高雄市,SE6 青蔥 粉蔥 ,,,,,,,,6,6,2000,1
2000-06-11,高雄市,SE6 青蔥 粉蔥 ,,,,,,,,6,7,2000,1
2000-06-12,高雄市,SE6 青蔥 粉蔥 ,17.5,16.3,15.0,16.3,8.67,40.0,-4.76,6,1,2000,0
2000-06-13,高雄市,SE6 青蔥 粉蔥 ,,,,,,,,6,2,2000,1
2000-06-14,高雄市,SE6 青蔥 粉蔥 ,,,,,,,,6,3,2000,1
2000-06-15,高雄市,SE6 青蔥 粉蔥 ,,,,,,,,6,4,2000,1
2000-06-16,高雄市,SE6 青蔥 粉蔥 ,,,,,,,,6,5,2000,1
2000-06-17,高雄市,SE6 青蔥 粉蔥 ,,,,,,,,6,6,2000,1
2000-06-18,高雄市,SE6 青蔥 粉蔥 ,,,,,,,,6,7,2000,1
2000-06-19,高雄市,SE6 青蔥 粉蔥 ,,,,,,,,6,1,2000,1
2000-06-20,高雄市,SE6 青蔥 粉蔥 ,,,,,,,,6,2,2000,1
2000-06-21,高雄市,SE6 青蔥 粉蔥 ,16.0,16.0,16.0,16.0,-1.84,20.0,-50.0,6,3,2000,0
2000-06-22,高雄市,SE6 青蔥 粉蔥 ,,,,,,,,6,4,2000,1
2000-06-23,高雄市,SE6 青蔥 粉蔥 ,,,,,,,,6,5,2000,1
2000-06-24,高雄市,SE6 青蔥 粉蔥 ,,,,,,,,6,6,2000,1
2000-06-25,高雄市,SE6 青蔥 粉蔥 ,,,,,,,,6,7,2000,1
2000-06-26,高雄市,SE6 青蔥 粉蔥 ,,,,,,,,6,1,2000,1
2000-06-27,高雄市,SE6 青蔥 粉蔥 ,,,,,,,,6,2,2000,1
2000-06-28,高雄市,SE6 青蔥 粉蔥 ,,,,,,,,6,3,2000,1
2000-06-29,高雄市,SE6 青蔥 粉蔥 ,,,,,,,,6,4,2000,1
2000-06-30,高雄市,SE6 青蔥 粉蔥 ,,,,,,,,6,5,2000,1
2000-07-01,高雄市,SE6 青蔥 粉蔥 ,,,,,,,,7,6,2000,1
2000-07-02,高雄市,SE6 青蔥 粉蔥 ,,,,,,,,7,7,2000,1
2000-07-03,高雄市,SE6 青蔥 粉蔥 ,,,,,,,,7,1,2000,1
2000-07-04,高雄市,SE6 青蔥 粉蔥 ,,,,,,,,7,2,2000,1
2000-07-05,高雄市,SE6 青蔥 粉蔥 ,,,,,,,,7,3,2000,1
2000-07-06,高雄市,SE6 青蔥 粉蔥 ,,,,,,,,7,4,2000,1
2000-07-07,高雄市,SE6 青蔥 粉蔥 ,,,,,,,,7,5,2000,1
2000-07-08,高雄市,SE6 青蔥 粉蔥 ,8.0,8.0,8.0,8.0,-50.0,20.0,0.0,7,6,2000,0
2000-07-09,高雄市,SE6 青蔥 粉蔥 ,,,,,,,,7,7,2000,1
2000-07-10,高雄市,SE6 青蔥 粉蔥 ,,,,,,,,7,1,2000,1
2000-07-11,高雄市,SE6 青蔥 粉蔥 ,,,,,,,,7,2,2000,1
2000-07-12,高雄市,SE6 青蔥 粉蔥 ,,,,,,,,7,3,2000,1
2000-07-13,高雄市,SE6 青蔥 粉蔥 ,,,,,,,,7,4,2000,1
2000-07-14,高雄市,SE6 青蔥 粉蔥 ,,,,,,,,7,5,2000,1
2000-07-15,高雄市,SE6 青蔥 粉蔥 ,,,,,,,,7,6,2000,1
2000-07-16,高雄市,SE6 青蔥 粉蔥 ,,,,,,,,7,7,2000,1
2000-07-17,高雄市,SE6 青蔥 粉蔥 ,,,,,,,,7,1,2000,1
2000-07-18,高雄市,SE6 青蔥 粉蔥 ,,,,,,,,7,2,2000,1
2000-07-19,高雄市,SE6 青蔥 粉蔥 ,,,,,,,,7,3,2000,1
2000-07-20,高雄市,SE6 青蔥 粉蔥 ,,,,,,,,7,4,2000,1
2000-07-21,高雄市,SE6 青蔥 粉蔥 ,,,,,,,,7,5,2000,1
2000-07-22,高雄市,SE6 青蔥 粉蔥 ,8.0,8.0,8.0,8.0,0.0,25.0,25.0,7,6,2000,0
2000-07-23,高雄市,SE6 青蔥 粉蔥 ,,,,,,,,7,7,2000,1
2000-07-24,高雄市,SE6 青蔥 粉蔥 ,,,,,,,,7,1,2000,1
2000-07-25,高雄市,SE6 青蔥 粉蔥 ,,,,,,,,7,2,2000,1
2000-07-26,高雄市,SE6 青蔥 粉蔥 ,,,,,,,,7,3,2000,1
2000-07-27,高雄市,SE6 青蔥 粉蔥 ,,,,,,,,7,4,2000,1
2000-07-28,高雄市,SE6 青蔥 粉蔥 ,,,,,,,,7,5,2000,1
2000-07-29,高雄市,SE6 青蔥 粉蔥 ,,,,,,,,7,6,2000,1
2000-07-30,高雄市,SE6 青蔥 粉蔥 ,,,,,,,,7,7,2000,1
2000-07-31,高雄市,SE6 青蔥 粉蔥 ,,,,,,,,7,1,2000,1
2000-08-01,高雄市,SE6 青蔥 粉蔥 ,,,,,,,,8,2,2000,1
2000-08-02,高雄市,SE6 青蔥 粉蔥 ,,,,,,,,8,3,2000,1
2000-08-03,高雄市,SE6 青蔥 粉蔥 ,,,,,,,,8,4,2000,1
2000-08-04,高雄市,SE6 青蔥 粉蔥 ,,,,,,,,8,5,2000,1
2000-08-05,高雄市,SE6 青蔥 粉蔥 ,,,,,,,,8,6,2000,1
2000-08-06,高雄市,SE6 青蔥 粉蔥 ,,,,,,,,8,7,2000,1
2000-08-07,高雄市,SE6 青蔥 粉蔥 ,,,,,,,,8,1,2000,1
2000-08-08,高雄市,SE6 青蔥 粉蔥 ,,,,,,,,8,2,2000,1
2000-08-09,高雄市,SE6 青蔥 粉蔥 ,,,,,,,,8,3,2000,1
2000-08-10,高雄市,SE6 青蔥 粉蔥 ,,,,,,,,8,4,2000,1
2000-08-11,高雄市,SE6 青蔥 粉蔥 ,,,,,,,,8,5,2000,1
2000-08-12,高雄市,SE6 青蔥 粉蔥 ,,,,,,,,8,6,2000,1
2000-08-13,高雄市,SE6 青蔥 粉蔥 ,,,,,,,,8,7,2000,1
2000-08-14,高雄市,SE6 青蔥 粉蔥 ,,,,,,,,8,1,2000,1
2000-08-15,高雄市,SE6 青蔥 粉蔥 ,,,,,,,,8,2,2000,1
2000-08-16,高雄市,SE6 青蔥 粉蔥 ,,,,,,,,8,3,2000,1
2000-08-17,高雄市,SE6 青蔥 粉蔥 ,,,,,,,,8,4,2000,1
2000-08-18,高雄市,SE6 青蔥 粉蔥 ,,,,,,,,8,5,2000,1
2000-08-19,高雄市,SE6 青蔥 粉蔥 ,,,,,,,,8,6,2000,1
2000-08-20,高雄市,SE6 青蔥 粉蔥 ,,,,,,,,8,7,2000,1
2000-08-21,高雄市,SE6 青蔥 粉蔥 ,,,,,,,,8,1,2000,1
2000-08-22,高雄市,SE6 青蔥 粉蔥 ,,,,,,,,8,2,2000,1
2000-08-23,高雄市,SE6 青蔥 粉蔥 ,,,,,,,,8,3,2000,1
2000-08-24,高雄市,SE6 青蔥 粉蔥 ,,,,,,,,8,4,2000,1
2000-08-25,高雄市,SE6 青蔥 粉蔥 ,,,,,,,,8,5,2000,1
2000-08-26,高雄市,SE6 青蔥 粉蔥 ,8.0,8.0,8.0,8.0,0.0,50.0,100.0,8,6,2000,0
2000-08-27,高雄市,SE6 青蔥 粉蔥 ,,,,,,,,8,7,2000,1
2000-08-28,高雄市,SE6 青蔥 粉蔥 ,,,,,,,,8,1,2000,1
2000-08-29,高雄市,SE6 青蔥 粉蔥 ,,,,,,,,8,2,2000,1
2000-08-30,高雄市,SE6 青蔥 粉蔥 ,,,,,,,,8,3,2000,1
2000-08-31,高雄市,SE6 青蔥 粉蔥 ,,,,,,,,8,4,2000,1
2000-09-01,高雄市,SE6 青蔥 粉蔥 ,,,,,,,,9,5,2000,1
2000-09-02,高雄市,SE6 青蔥 粉蔥 ,,,,,,,,9,6,2000,1
2000-09-03,高雄市,SE6 青蔥 粉蔥 ,18.0,17.6,15.0,17.1,113.75,70.0,40.0,9,7,2000,0
2000-09-04,高雄市,SE6 青蔥 粉蔥 ,20.0,20.0,20.0,20.0,16.96,25.0,-64.29,9,1,2000,0
2000-09-05,高雄市,SE6 青蔥 粉蔥 ,22.0,22.0,22.0,22.0,10.0,50.0,100.0,9,2,2000,0
2000-09-06,高雄市,SE6 青蔥 粉蔥 ,,,,,,,,9,3,2000,1
2000-09-07,高雄市,SE6 青蔥 粉蔥 ,22.5,22.5,22.5,22.5,2.27,20.0,-60.0,9,4,2000,0
2000-09-08,高雄市,SE6 青蔥 粉蔥 ,,,,,,,,9,5,2000,1
2000-09-09,高雄市,SE6 青蔥 粉蔥 ,24.0,24.0,24.0,24.0,6.67,50.0,150.0,9,6,2000,0
2000-09-10,高雄市,SE6 青蔥 粉蔥 ,,,,,,,,9,7,2000,1
2000-09-11,高雄市,SE6 青蔥 粉蔥 ,,,,,,,,9,1,2000,1
2000-09-12,高雄市,SE6 青蔥 粉蔥 ,,,,,,,,9,2,2000,1
2000-09-13,高雄市,SE6 青蔥 粉蔥 ,,,,,,,,9,3,2000,1
2000-09-14,高雄市,SE6 青蔥 粉蔥 ,,,,,,,,9,4,2000,1
2000-09-15,高雄市,SE6 青蔥 粉蔥 ,,,,,,,,9,5,2000,1
2000-09-16,高雄市,SE6 青蔥 粉蔥 ,,,,,,,,9,6,2000,1
2000-09-17,高雄市,SE6 青蔥 粉蔥 ,,,,,,,,9,7,2000,1
2000-09-18,高雄市,SE6 青蔥 粉蔥 ,,,,,,,,9,1,2000,1
2000-09-19,高雄市,SE6 青蔥 粉蔥 ,,,,,,,,9,2,2000,1
2000-09-20,高雄市,SE6 青蔥 粉蔥 ,,,,,,,,9,3,2000,1
2000-09-21,高雄市,SE6 青蔥 粉蔥 ,,,,,,,,9,4,2000,1
2000-09-22,高雄市,SE6 青蔥 粉蔥 ,,,,,,,,9,5,2000,1
2000-09-23,高雄市,SE6 青蔥 粉蔥 ,,,,,,,,9,6,2000,1
2000-09-24,高雄市,SE6 青蔥 粉蔥 ,,,,,,,,9,7,2000,1
2000-09-25,高雄市,SE6 青蔥 粉蔥 ,,,,,,,,9,1,2000,1
2000-09-26,高雄市,SE6 青蔥 粉蔥 ,,,,,,,,9,2,2000,1
2000-09-27,高雄市,SE6 青蔥 粉蔥 ,,,,,,,,9,3,2000,1
2000-09-28,高雄市,SE6 青蔥 粉蔥 ,8.0,8.0,8.0,8.0,-66.67,125.0,150.0,9,4,2000,0
2000-09-29,高雄市,SE6 青蔥 粉蔥 ,,,,,,,,9,5,2000,1
2000-09-30,高雄市,SE6 青蔥 粉蔥 ,,,,,,,,9,6,2000,1
2000-10-01,高雄市,SE6 青蔥 粉蔥 ,,,,,,,,10,7,2000,1
2000-10-02,高雄市,SE6 青蔥 粉蔥 ,,,,,,,,10,1,2000,1
2000-10-03,高雄市,SE6 青蔥 粉蔥 ,,,,,,,,10,2,2000,1
2000-10-04,高雄市,SE6 青蔥 粉蔥 ,,,,,,,,10,3,2000,1
2000-10-05,高雄市,SE6 青蔥 粉蔥 ,,,,,,,,10,4,2000,1
2000-10-06,高雄市,SE6 青蔥 粉蔥 ,,,,,,,,10,5,2000,1
2000-10-07,高雄市,SE6 青蔥 粉蔥 ,,,,,,,,10,6,2000,1
2000-10-08,高雄市,SE6 青蔥 粉蔥 ,,,,,,,,10,7,2000,1
2000-10-09,高雄市,SE6 青蔥 粉蔥 ,,,,,,,,10,1,2000,1
2000-10-10,高雄市,SE6 青蔥 粉蔥 ,,,,,,,,10,2,2000,1
2000-10-11,高雄市,SE6 青蔥 粉蔥 ,,,,,,,,10,3,2000,1
2000-10-12,高雄市,SE6 青蔥 粉蔥 ,,,,,,,,10,4,2000,1
2000-10-13,高雄市,SE6 青蔥 粉蔥 ,,,,,,,,10,5,2000,1
2000-10-14,高雄市,SE6 青蔥 粉蔥 ,,,,,,,,10,6,2000,1
2000-10-15,高雄市,SE6 青蔥 粉蔥 ,,,,,,,,10,7,2000,1
2000-10-16,高雄市,SE6 青蔥 粉蔥 ,,,,,,,,10,1,2000,1
2000-10-17,高雄市,SE6 青蔥 粉蔥 ,,,,,,,,10,2,2000,1
2000-10-18,高雄市,SE6 青蔥 粉蔥 ,,,,,,,,10,3,2000,1
2000-10-19,高雄市,SE6 青蔥 粉蔥 ,,,,,,,,10,4,2000,1
2000-10-20,高雄市,SE6 青蔥 粉蔥 ,,,,,,,,10,5,2000,1
2000-10-21,高雄市,SE6 青蔥 粉蔥 ,,,,,,,,10,6,2000,1
2000-10-22,高雄市,SE6 青蔥 粉蔥 ,,,,,,,,10,7,2000,1
2000-10-23,高雄市,SE6 青蔥 粉蔥 ,,,,,,,,10,1,2000,1
2000-10-24,高雄市,SE6 青蔥 粉蔥 ,,,,,,,,10,2,2000,1
2000-10-25,高雄市,SE6 青蔥 粉蔥 ,,,,,,,,10,3,2000,1
2000-10-26,高雄市,SE6 青蔥 粉蔥 ,,,,,,,,10,4,2000,1
2000-10-27,高雄市,SE6 青蔥 粉蔥 ,,,,,,,,10,5,2000,1
2000-10-28,高雄市,SE6 青蔥 粉蔥 ,,,,,,,,10,6,2000,1
2000-10-29,高雄市,SE6 青蔥 粉蔥 ,,,,,,,,10,7,2000,1
2000-10-30,高雄市,SE6 青蔥 粉蔥 ,,,,,,,,10,1,2000,1
2000-10-31,高雄市,SE6 青蔥 粉蔥 ,,,,,,,,10,2,2000,1
2000-11-01,高雄市,SE6 青蔥 粉蔥 ,,,,,,,,11,3,2000,1
2000-11-02,高雄市,SE6 青蔥 粉蔥 ,,,,,,,,11,4,2000,1
2000-11-03,高雄市,SE6 青蔥 粉蔥 ,,,,,,,,11,5,2000,1
2000-11-04,高雄市,SE6 青蔥 粉蔥 ,,,,,,,,11,6,2000,1
2000-11-05,高雄市,SE6 青蔥 粉蔥 ,,,,,,,,11,7,2000,1
2000-11-06,高雄市,SE6 青蔥 粉蔥 ,,,,,,,,11,1,2000,1
2000-11-07,高雄市,SE6 青蔥 粉蔥 ,,,,,,,,11,2,2000,1
2000-11-08,高雄市,SE6 青蔥 粉蔥 ,,,,,,,,11,3,2000,1
2000-11-09,高雄市,SE6 青蔥 粉蔥 ,,,,,,,,11,4,2000,1
2000-11-10,高雄市,SE6 青蔥 粉蔥 ,10.0,10.0,10.0,10.0,25.0,74.0,-40.8,11,5,2000,0
2000-11-11,高雄市,SE6 青蔥 粉蔥 ,,,,,,,,11,6,2000,1
2000-11-12,高雄市,SE6 青蔥 粉蔥 ,,,,,,,,11,7,2000,1
2000-11-13,高雄市,SE6 青蔥 粉蔥 ,,,,,,,,11,1,2000,1
2000-11-14,高雄市,SE6 青蔥 粉蔥 ,,,,,,,,11,2,2000,1
2000-11-15,高雄市,SE6 青蔥 粉蔥 ,,,,,,,,11,3,2000,1
2000-11-16,高雄市,SE6 青蔥 粉蔥 ,,,,,,,,11,4,2000,1
2000-11-17,高雄市,SE6 青蔥 粉蔥 ,,,,,,,,11,5,2000,1
2000-11-18,高雄市,SE6 青蔥 粉蔥 ,,,,,,,,11,6,2000,1
2000-11-19,高雄市,SE6 青蔥 粉蔥 ,,,,,,,,11,7,2000,1
2000-11-20,高雄市,SE6 青蔥 粉蔥 ,,,,,,,,11,1,2000,1
2000-11-21,高雄市,SE6 青蔥 粉蔥 ,,,,,,,,11,2,2000,1
2000-11-22,高雄市,SE6 青蔥 粉蔥 ,,,,,,,,11,3,2000,1
2000-11-23,高雄市,SE6 青蔥 粉蔥 ,,,,,,,,11,4,2000,1
2000-11-24,高雄市,SE6 青蔥 粉蔥 ,,,,,,,,11,5,2000,1
2000-11-25,高雄市,SE6 青蔥 粉蔥 ,,,,,,,,11,6,2000,1
2000-11-26,高雄市,SE6 青蔥 粉蔥 ,,,,,,,,11,7,2000,1
2000-11-27,高雄市,SE6 青蔥 粉蔥 ,,,,,,,,11,1,2000,1
2000-11-28,高雄市,SE6 青蔥 粉蔥 ,,,,,,,,11,2,2000,1
2000-11-29,高雄市,SE6 青蔥 粉蔥 ,,,,,,,,11,3,2000,1
2000-11-30,高雄市,SE6 青蔥 粉蔥 ,,,,,,,,11,4,2000,1
2000-12-01,高雄市,SE6 青蔥 粉蔥 ,,,,,,,,12,5,2000,1
2000-12-02,高雄市,SE6 青蔥 粉蔥 ,,,,,,,,12,6,2000,1
2000-12-03,高雄市,SE6 青蔥 粉蔥 ,,,,,,,,12,7,2000,1
2000-12-04,高雄市,SE6 青蔥 粉蔥 ,,,,,,,,12,1,2000,1
2000-12-05,高雄市,SE6 青蔥 粉蔥 ,28.7,27.1,25.0,26.9,169.0,26.0,-64.86,12,2,2000,0
2000-12-06,高雄市,SE6 青蔥 粉蔥 ,,,,,,,,12,3,2000,1
2000-12-07,高雄市,SE6 青蔥 粉蔥 ,,,,,,,,12,4,2000,1
2000-12-08,高雄市,SE6 青蔥 粉蔥 ,,,,,,,,12,5,2000,1
2000-12-09,高雄市,SE6 青蔥 粉蔥 ,,,,,,,,12,6,2000,1
2000-12-10,高雄市,SE6 青蔥 粉蔥 ,,,,,,,,12,7,2000,1
2000-12-11,高雄市,SE6 青蔥 粉蔥 ,,,,,,,,12,1,2000,1
2000-12-12,高雄市,SE6 青蔥 粉蔥 ,,,,,,,,12,2,2000,1
2000-12-13,高雄市,SE6 青蔥 粉蔥 ,,,,,,,,12,3,2000,1
2000-12-14,高雄市,SE6 青蔥 粉蔥 ,,,,,,,,12,4,2000,1
2000-12-15,高雄市,SE6 青蔥 粉蔥 ,,,,,,,,12,5,2000,1
2000-12-16,高雄市,SE6 青蔥 粉蔥 ,,,,,,,,12,6,2000,1
2000-12-17,高雄市,SE6 青蔥 粉蔥 ,,,,,,,,12,7,2000,1
2000-12-18,高雄市,SE6 青蔥 粉蔥 ,,,,,,,,12,1,2000,1
2000-12-19,高雄市,SE6 青蔥 粉蔥 ,,,,,,,,12,2,2000,1
2000-12-20,高雄市,SE6 青蔥 粉蔥 ,,,,,,,,12,3,2000,1
2000-12-21,高雄市,SE6 青蔥 粉蔥 ,,,,,,,,12,4,2000,1
2000-12-22,高雄市,SE6 青蔥 粉蔥 ,,,,,,,,12,5,2000,1
2000-12-23,高雄市,SE6 青蔥 粉蔥 ,,,,,,,,12,6,2000,1
2000-12-24,高雄市,SE6 青蔥 粉蔥 ,30.0,30.0,30.0,30.0,11.52,115.0,342.31,12,7,2000,0
2000-12-25,高雄市,SE6 青蔥 粉蔥 ,,,,,,,,12,1,2000,1
2000-12-26,高雄市,SE6 青蔥 粉蔥 ,,,,,,,,12,2,2000,1
2000-12-27,高雄市,SE6 青蔥 粉蔥 ,,,,,,,,12,3,2000,1
2000-12-28,高雄市,SE6 青蔥 粉蔥 ,,,,,,,,12,4,2000,1
2000-12-29,高雄市,SE6 青蔥 粉蔥 ,12.0,12.0,12.0,12.0,-60.0,25.0,-78.26,12,5,2000,0
2000-12-30,高雄市,SE6 青蔥 粉蔥 ,,,,,,,,12,6,2000,1
2000-12-31,高雄市,SE6 青蔥 粉蔥 ,,,,,,,,12,7,2000,1
2001-01-01,高雄市,SE6 青蔥 粉蔥 ,27.9,25.6,25.0,25.9,115.83,160.0,540.0,1,1,2001,0
2001-01-02,高雄市,SE6 青蔥 粉蔥 ,,,,,,,,1,2,2001,1
2001-01-03,高雄市,SE6 青蔥 粉蔥 ,,,,,,,,1,3,2001,1
2001-01-04,高雄市,SE6 青蔥 粉蔥 ,,,,,,,,1,4,2001,1
2001-01-05,高雄市,SE6 青蔥 粉蔥 ,,,,,,,,1,5,2001,1
2001-01-06,高雄市,SE6 青蔥 粉蔥 ,,,,,,,,1,6,2001,1
2001-01-07,高雄市,SE6 青蔥 粉蔥 ,,,,,,,,1,7,2001,1
2001-01-08,高雄市,SE6 青蔥 粉蔥 ,,,,,,,,1,1,2001,1
2001-01-09,高雄市,SE6 青蔥 粉蔥 ,20.0,20.0,20.0,20.0,-22.78,20.0,-87.5,1,2,2001,0
2001-01-10,高雄市,SE6 青蔥 粉蔥 ,,,,,,,,1,3,2001,1
2001-01-11,高雄市,SE6 青蔥 粉蔥 ,,,,,,,,1,4,2001,1
2001-01-12,高雄市,SE6 青蔥 粉蔥 ,,,,,,,,1,5,2001,1
2001-01-13,高雄市,SE6 青蔥 粉蔥 ,,,,,,,,1,6,2001,1
2001-01-14,高雄市,SE6 青蔥 粉蔥 ,,,,,,,,1,7,2001,1
2001-01-15,高雄市,SE6 青蔥 粉蔥 ,,,,,,,,1,1,2001,1
2001-01-16,高雄市,SE6 青蔥 粉蔥 ,20.0,20.0,20.0,20.0,0.0,50.0,150.0,1,2,2001,0
2001-01-17,高雄市,SE6 青蔥 粉蔥 ,,,,,,,,1,3,2001,1
2001-01-18,高雄市,SE6 青蔥 粉蔥 ,14.0,14.0,14.0,14.0,-30.0,100.0,100.0,1,4,2001,0
2001-01-19,高雄市,SE6 青蔥 粉蔥 ,12.0,12.0,12.0,12.0,-14.29,125.0,25.0,1,5,2001,0
2001-01-20,高雄市,SE6 青蔥 粉蔥 ,,,,,,,,1,6,2001,1
2001-01-21,高雄市,SE6 青蔥 粉蔥 ,12.0,12.0,12.0,12.0,0.0,50.0,-60.0,1,7,2001,0
2001-01-22,高雄市,SE6 青蔥 粉蔥 ,,,,,,,,1,1,2001,1
2001-01-23,高雄市,SE6 青蔥 粉蔥 ,,,,,,,,1,2,2001,1
2001-01-24,高雄市,SE6 青蔥 粉蔥 ,,,,,,,,1,3,2001,1
2001-01-25,高雄市,SE6 青蔥 粉蔥 ,,,,,,,,1,4,2001,1
2001-01-26,高雄市,SE6 青蔥 粉蔥 ,,,,,,,,1,5,2001,1
2001-01-27,高雄市,SE6 青蔥 粉蔥 ,,,,,,,,1,6,2001,1
2001-01-28,高雄市,SE6 青蔥 粉蔥 ,,,,,,,,1,7,2001,1
2001-01-29,高雄市,SE6 青蔥 粉蔥 ,,,,,,,,1,1,2001,1
2001-01-30,高雄市,SE6 青蔥 粉蔥 ,16.0,16.0,16.0,16.0,33.33,75.0,50.0,1,2,2001,0
2001-01-31,高雄市,SE6 青蔥 粉蔥 ,,,,,,,,1,3,2001,1
2001-02-01,高雄市,SE6 青蔥 粉蔥 ,,,,,,,,2,4,2001,1
2001-02-02,高雄市,SE6 青蔥 粉蔥 ,,,,,,,,2,5,2001,1
2001-02-03,高雄市,SE6 青蔥 粉蔥 ,,,,,,,,2,6,2001,1
2001-02-04,高雄市,SE6 青蔥 粉蔥 ,,,,,,,,2,7,2001,1
2001-02-05,高雄市,SE6 青蔥 粉蔥 ,,,,,,,,2,1,2001,1
2001-02-06,高雄市,SE6 青蔥 粉蔥 ,18.0,18.0,18.0,18.0,12.5,40.0,-46.67,2,2,2001,0
2001-02-07,高雄市,SE6 青蔥 粉蔥 ,12.0,12.0,12.0,12.0,-33.33,140.0,250.0,2,3,2001,0
2001-02-08,高雄市,SE6 青蔥 粉蔥 ,,,,,,,,2,4,2001,1
2001-02-09,高雄市,SE6 青蔥 粉蔥 ,,,,,,,,2,5,2001,1
2001-02-10,高雄市,SE6 青蔥 粉蔥 ,,,,,,,,2,6,2001,1
2001-02-11,高雄市,SE6 青蔥 粉蔥 ,,,,,,,,2,7,2001,1
2001-02-12,高雄市,SE6 青蔥 粉蔥 ,,,,,,,,2,1,2001,1
2001-02-13,高雄市,SE6 青蔥 粉蔥 ,,,,,,,,2,2,2001,1
2001-02-14,高雄市,SE6 青蔥 粉蔥 ,,,,,,,,2,3,2001,1
2001-02-15,高雄市,SE6 青蔥 粉蔥 ,,,,,,,,2,4,2001,1
2001-02-16,高雄市,SE6 青蔥 粉蔥 ,12.0,12.0,12.0,12.0,0.0,140.0,0.0,2,5,2001,0
2001-02-17,高雄市,SE6 青蔥 粉蔥 ,,,,,,,,2,6,2001,1
2001-02-18,高雄市,SE6 青蔥 粉蔥 ,,,,,,,,2,7,2001,1
2001-02-19,高雄市,SE6 青蔥 粉蔥 ,,,,,,,,2,1,2001,1
2001-02-20,高雄市,SE6 青蔥 粉蔥 ,,,,,,,,2,2,2001,1
2001-02-21,高雄市,SE6 青蔥 粉蔥 ,,,,,,,,2,3,2001,1
2001-02-22,高雄市,SE6 青蔥 粉蔥 ,,,,,,,,2,4,2001,1
2001-02-23,高雄市,SE6 青蔥 粉蔥 ,,,,,,,,2,5,2001,1
2001-02-24,高雄市,SE6 青蔥 粉蔥 ,,,,,,,,2,6,2001,1
2001-02-25,高雄市,SE6 青蔥 粉蔥 ,,,,,,,,2,7,2001,1
2001-02-26,高雄市,SE6 青蔥 粉蔥 ,,,,,,,,2,1,2001,1
2001-02-27,高雄市,SE6 青蔥 粉蔥 ,,,,,,,,2,2,2001,1
2001-02-28,高雄市,SE6 青蔥 粉蔥 ,,,,,,,,2,3,2001,1
2001-03-01,高雄市,SE6 青蔥 粉蔥 ,,,,,,,,3,4,2001,1
2001-03-02,高雄市,SE6 青蔥 粉蔥 ,,,,,,,,3,5,2001,1
2001-03-03,高雄市,SE6 青蔥 粉蔥 ,,,,,,,,3,6,2001,1
2001-03-04,高雄市,SE6 青蔥 粉蔥 ,,,,,,,,3,7,2001,1
2001-03-05,高雄市,SE6 青蔥 粉蔥 ,,,,,,,,3,1,2001,1
2001-03-06,高雄市,SE6 青蔥 粉蔥 ,,,,,,,,3,2,2001,1
2001-03-07,高雄市,SE6 青蔥 粉蔥 ,,,,,,,,3,3,2001,1
2001-03-08,高雄市,SE6 青蔥 粉蔥 ,,,,,,,,3,4,2001,1
2001-03-09,高雄市,SE6 青蔥 粉蔥 ,,,,,,,,3,5,2001,1
2001-03-10,高雄市,SE6 青蔥 粉蔥 ,,,,,,,,3,6,2001,1
2001-03-11,高雄市,SE6 青蔥 粉蔥 ,,,,,,,,3,7,2001,1
2001-03-12,高雄市,SE6 青蔥 粉蔥 ,12.0,12.0,12.0,12.0,0.0,20.0,-85.71,3,1,2001,0
2001-03-13,高雄市,SE6 青蔥 粉蔥 ,,,,,,,,3,2,2001,1
2001-03-14,高雄市,SE6 青蔥 粉蔥 ,,,,,,,,3,3,2001,1
2001-03-15,高雄市,SE6 青蔥 粉蔥 ,12.0,12.0,12.0,12.0,0.0,20.0,0.0,3,4,2001,0
2001-03-16,高雄市,SE6 青蔥 粉蔥 ,,,,,,,,3,5,2001,1
2001-03-17,高雄市,SE6 青蔥 粉蔥 ,12.0,12.0,12.0,12.0,0.0,40.0,100.0,3,6,2001,0
2001-03-18,高雄市,SE6 青蔥 粉蔥 ,12.0,12.0,12.0,12.0,0.0,125.0,212.5,3,7,2001,0
2001-03-19,高雄市,SE6 青蔥 粉蔥 ,,,,,,,,3,1,2001,1
2001-03-20,高雄市,SE6 青蔥 粉蔥 ,10.0,10.0,10.0,10.0,-16.67,50.0,-60.0,3,2,2001,0
2001-03-21,高雄市,SE6 青蔥 粉蔥 ,,,,,,,,3,3,2001,1
2001-03-22,高雄市,SE6 青蔥 粉蔥 ,,,,,,,,3,4,2001,1
2001-03-23,高雄市,SE6 青蔥 粉蔥 ,,,,,,,,3,5,2001,1
2001-03-24,高雄市,SE6 青蔥 粉蔥 ,,,,,,,,3,6,2001,1
2001-03-25,高雄市,SE6 青蔥 粉蔥 ,,,,,,,,3,7,2001,1
2001-03-26,高雄市,SE6 青蔥 粉蔥 ,,,,,,,,3,1,2001,1
2001-03-27,高雄市,SE6 青蔥 粉蔥 ,,,,,,,,3,2,2001,1
2001-03-28,高雄市,SE6 青蔥 粉蔥 ,,,,,,,,3,3,2001,1
2001-03-29,高雄市,SE6 青蔥 粉蔥 ,,,,,,,,3,4,2001,1
2001-03-30,高雄市,SE6 青蔥 粉蔥 ,,,,,,,,3,5,2001,1
2001-03-31,高雄市,SE6 青蔥 粉蔥 ,,,,,,,,3,6,2001,1
2001-04-01,高雄市,SE6 青蔥 粉蔥 ,10.0,10.0,10.0,10.0,0.0,20.0,-60.0,4,7,2001,0
2001-04-02,高雄市,SE6 青蔥 粉蔥 ,10.0,8.2,8.0,8.5,-15.0,160.0,700.0,4,1,2001,0
2001-04-03,高雄市,SE6 青蔥 粉蔥 ,,,,,,,,4,2,2001,1
2001-04-04,高雄市,SE6 青蔥 粉蔥 ,,,,,,,,4,3,2001,1
2001-04-05,高雄市,SE6 青蔥 粉蔥 ,,,,,,,,4,4,2001,1
2001-04-06,高雄市,SE6 青蔥 粉蔥 ,,,,,,,,4,5,2001,1
2001-04-07,高雄市,SE6 青蔥 粉蔥 ,,,,,,,,4,6,2001,1
2001-04-08,高雄市,SE6 青蔥 粉蔥 ,5.0,5.0,5.0,5.0,-41.18,60.0,-62.5,4,7,2001,0
2001-04-09,高雄市,SE6 青蔥 粉蔥 ,5.0,5.0,5.0,5.0,0.0,20.0,-66.67,4,1,2001,0
2001-04-10,高雄市,SE6 青蔥 粉蔥 ,,,,,,,,4,2,2001,1
2001-04-11,高雄市,SE6 青蔥 粉蔥 ,,,,,,,,4,3,2001,1
2001-04-12,高雄市,SE6 青蔥 粉蔥 ,,,,,,,,4,4,2001,1
2001-04-13,高雄市,SE6 青蔥 粉蔥 ,,,,,,,,4,5,2001,1
2001-04-14,高雄市,SE6 青蔥 粉蔥 ,,,,,,,,4,6,2001,1
2001-04-15,高雄市,SE6 青蔥 粉蔥 ,,,,,,,,4,7,2001,1
2001-04-16,高雄市,SE6 青蔥 粉蔥 ,,,,,,,,4,1,2001,1
2001-04-17,高雄市,SE6 青蔥 粉蔥 ,,,,,,,,4,2,2001,1
2001-04-18,高雄市,SE6 青蔥 粉蔥 ,8.0,8.0,8.0,8.0,60.0,80.0,300.0,4,3,2001,0
2001-04-19,高雄市,SE6 青蔥 粉蔥 ,,,,,,,,4,4,2001,1
2001-04-20,高雄市,SE6 青蔥 粉蔥 ,6.0,6.0,6.0,6.0,-25.0,25.0,-68.75,4,5,2001,0
2001-04-21,高雄市,SE6 青蔥 粉蔥 ,,,,,,,,4,6,2001,1
2001-04-22,高雄市,SE6 青蔥 粉蔥 ,,,,,,,,4,7,2001,1
2001-04-23,高雄市,SE6 青蔥 粉蔥 ,,,,,,,,4,1,2001,1
2001-04-24,高雄市,SE6 青蔥 粉蔥 ,,,,,,,,4,2,2001,1
2001-04-25,高雄市,SE6 青蔥 粉蔥 ,,,,,,,,4,3,2001,1
2001-04-26,高雄市,SE6 青蔥 粉蔥 ,8.0,8.0,8.0,8.0,33.33,60.0,140.0,4,4,2001,0
2001-04-27,高雄市,SE6 青蔥 粉蔥 ,,,,,,,,4,5,2001,1
2001-04-28,高雄市,SE6 青蔥 粉蔥 ,,,,,,,,4,6,2001,1
2001-04-29,高雄市,SE6 青蔥 粉蔥 ,,,,,,,,4,7,2001,1
2001-04-30,高雄市,SE6 青蔥 粉蔥 ,,,,,,,,4,1,2001,1
2001-05-01,高雄市,SE6 青蔥 粉蔥 ,,,,,,,,5,2,2001,1
2001-05-02,高雄市,SE6 青蔥 粉蔥 ,,,,,,,,5,3,2001,1
2001-05-03,高雄市,SE6 青蔥 粉蔥 ,,,,,,,,5,4,2001,1
2001-05-04,高雄市,SE6 青蔥 粉蔥 ,,,,,,,,5,5,2001,1
2001-05-05,高雄市,SE6 青蔥 粉蔥 ,,,,,,,,5,6,2001,1
2001-05-06,高雄市,SE6 青蔥 粉蔥 ,8.0,8.0,8.0,8.0,0.0,60.0,0.0,5,7,2001,0
2001-05-07,高雄市,SE6 青蔥 粉蔥 ,,,,,,,,5,1,2001,1
2001-05-08,高雄市,SE6 青蔥 粉蔥 ,,,,,,,,5,2,2001,1
2001-05-09,高雄市,SE6 青蔥 粉蔥 ,,,,,,,,5,3,2001,1
2001-05-10,高雄市,SE6 青蔥 粉蔥 ,,,,,,,,5,4,2001,1
2001-05-11,高雄市,SE6 青蔥 粉蔥 ,,,,,,,,5,5,2001,1
2001-05-12,高雄市,SE6 青蔥 粉蔥 ,,,,,,,,5,6,2001,1
2001-05-13,高雄市,SE6 青蔥 粉蔥 ,,,,,,,,5,7,2001,1
2001-05-14,高雄市,SE6 青蔥 粉蔥 ,10.0,10.0,10.0,10.0,25.0,40.0,-33.33,5,1,2001,0
2001-05-15,高雄市,SE6 青蔥 粉蔥 ,8.0,7.7,6.0,7.4,-26.0,100.0,150.0,5,2,2001,0
2001-05-16,高雄市,SE6 青蔥 粉蔥 ,,,,,,,,5,3,2001,1
2001-05-17,高雄市,SE6 青蔥 粉蔥 ,,,,,,,,5,4,2001,1
2001-05-18,高雄市,SE6 青蔥 粉蔥 ,,,,,,,,5,5,2001,1
2001-05-19,高雄市,SE6 青蔥 粉蔥 ,6.0,6.0,6.0,6.0,-18.92,20.0,-80.0,5,6,2001,0
2001-05-20,高雄市,SE6 青蔥 粉蔥 ,,,,,,,,5,7,2001,1
2001-05-21,高雄市,SE6 青蔥 粉蔥 ,10.0,10.0,10.0,10.0,66.67,50.0,150.0,5,1,2001,0
2001-05-22,高雄市,SE6 青蔥 粉蔥 ,,,,,,,,5,2,2001,1
2001-05-23,高雄市,SE6 青蔥 粉蔥 ,,,,,,,,5,3,2001,1
2001-05-24,高雄市,SE6 青蔥 粉蔥 ,,,,,,,,5,4,2001,1
2001-05-25,高雄市,SE6 青蔥 粉蔥 ,,,,,,,,5,5,2001,1
2001-05-26,高雄市,SE6 青蔥 粉蔥 ,10.0,10.0,10.0,10.0,0.0,34.0,-32.0,5,6,2001,0
2001-05-27,高雄市,SE6 青蔥 粉蔥 ,,,,,,,,5,7,2001,1
2001-05-28,高雄市,SE6 青蔥 粉蔥 ,,,,,,,,5,1,2001,1
2001-05-29,高雄市,SE6 青蔥 粉蔥 ,,,,,,,,5,2,2001,1
2001-05-30,高雄市,SE6 青蔥 粉蔥 ,,,,,,,,5,3,2001,1
2001-05-31,高雄市,SE6 青蔥 粉蔥 ,,,,,,,,5,4,2001,1
2001-06-01,高雄市,SE6 青蔥 粉蔥 ,,,,,,,,6,5,2001,1
2001-06-02,高雄市,SE6 青蔥 粉蔥 ,,,,,,,,6,6,2001,1
2001-06-03,高雄市,SE6 青蔥 粉蔥 ,4.0,4.0,4.0,4.0,-60.0,20.0,-41.18,6,7,2001,0
2001-06-04,高雄市,SE6 青蔥 粉蔥 ,,,,,,,,6,1,2001,1
2001-06-05,高雄市,SE6 青蔥 粉蔥 ,,,,,,,,6,2,2001,1
2001-06-06,高雄市,SE6 青蔥 粉蔥 ,,,,,,,,6,3,2001,1
2001-06-07,高雄市,SE6 青蔥 粉蔥 ,,,,,,,,6,4,2001,1
2001-06-08,高雄市,SE6 青蔥 粉蔥 ,,,,,,,,6,5,2001,1
2001-06-09,高雄市,SE6 青蔥 粉蔥 ,,,,,,,,6,6,2001,1
2001-06-10,高雄市,SE6 青蔥 粉蔥 ,5.0,5.0,5.0,5.0,25.0,40.0,100.0,6,7,2001,0
2001-06-11,高雄市,SE6 青蔥 粉蔥 ,6.8,6.8,6.8,6.8,36.0,25.0,-37.5,6,1,2001,0
2001-06-12,高雄市,SE6 青蔥 粉蔥 ,,,,,,,,6,2,2001,1
2001-06-13,高雄市,SE6 青蔥 粉蔥 ,,,,,,,,6,3,2001,1
2001-06-14,高雄市,SE6 青蔥 粉蔥 ,,,,,,,,6,4,2001,1
2001-06-15,高雄市,SE6 青蔥 粉蔥 ,,,,,,,,6,5,2001,1
2001-06-16,高雄市,SE6 青蔥 粉蔥 ,,,,,,,,6,6,2001,1
2001-06-17,高雄市,SE6 青蔥 粉蔥 ,,,,,,,,6,7,2001,1
2001-06-18,高雄市,SE6 青蔥 粉蔥 ,,,,,,,,6,1,2001,1
2001-06-19,高雄市,SE6 青蔥 粉蔥 ,,,,,,,,6,2,2001,1
2001-06-20,高雄市,SE6 青蔥 粉蔥 ,,,,,,,,6,3,2001,1
2001-06-21,高雄市,SE6 青蔥 粉蔥 ,,,,,,,,6,4,2001,1
2001-06-22,高雄市,SE6 青蔥 粉蔥 ,,,,,,,,6,5,2001,1
2001-06-23,高雄市,SE6 青蔥 粉蔥 ,,,,,,,,6,6,2001,1
2001-06-24,高雄市,SE6 青蔥 粉蔥 ,5.0,5.0,5.0,5.0,-26.47,20.0,-20.0,6,7,2001,0
2001-06-25,高雄市,SE6 青蔥 粉蔥 ,,,,,,,,6,1,2001,1
2001-06-26,高雄市,SE6 青蔥 粉蔥 ,,,,,,,,6,2,2001,1
2001-06-27,高雄市,SE6 青蔥 粉蔥 ,,,,,,,,6,3,2001,1
2001-06-28,高雄市,SE6 青蔥 粉蔥 ,,,,,,,,6,4,2001,1
2001-06-29,高雄市,SE6 青蔥 粉蔥 ,,,,,,,,6,5,2001,1
2001-06-30,高雄市,SE6 青蔥 粉蔥 ,,,,,,,,6,6,2001,1
2001-07-01,高雄市,SE6 青蔥 粉蔥 ,,,,,,,,7,7,2001,1
2001-07-02,高雄市,SE6 青蔥 粉蔥 ,,,,,,,,7,1,2001,1
2001-07-03,高雄市,SE6 青蔥 粉蔥 ,15.0,14.6,13.0,14.3,186.0,60.0,200.0,7,2,2001,0
2001-07-04,高雄市,SE6 青蔥 粉蔥 ,,,,,,,,7,3,2001,1
2001-07-05,高雄市,SE6 青蔥 粉蔥 ,,,,,,,,7,4,2001,1
2001-07-06,高雄市,SE6 青蔥 粉蔥 ,,,,,,,,7,5,2001,1
2001-07-07,高雄市,SE6 青蔥 粉蔥 ,,,,,,,,7,6,2001,1
2001-07-08,高雄市,SE6 青蔥 粉蔥 ,,,,,,,,7,7,2001,1
2001-07-09,高雄市,SE6 青蔥 粉蔥 ,,,,,,,,7,1,2001,1
2001-07-10,高雄市,SE6 青蔥 粉蔥 ,,,,,,,,7,2,2001,1
2001-07-11,高雄市,SE6 青蔥 粉蔥 ,,,,,,,,7,3,2001,1
2001-07-12,高雄市,SE6 青蔥 粉蔥 ,,,,,,,,7,4,2001,1
2001-07-13,高雄市,SE6 青蔥 粉蔥 ,,,,,,,,7,5,2001,1
2001-07-14,高雄市,SE6 青蔥 粉蔥 ,,,,,,,,7,6,2001,1
2001-07-15,高雄市,SE6 青蔥 粉蔥 ,,,,,,,,7,7,2001,1
2001-07-16,高雄市,SE6 青蔥 粉蔥 ,,,,,,,,7,1,2001,1
2001-07-17,高雄市,SE6 青蔥 粉蔥 ,,,,,,,,7,2,2001,1
2001-07-18,高雄市,SE6 青蔥 粉蔥 ,,,,,,,,7,3,2001,1
2001-07-19,高雄市,SE6 青蔥 粉蔥 ,,,,,,,,7,4,2001,1
2001-07-20,高雄市,SE6 青蔥 粉蔥 ,,,,,,,,7,5,2001,1
2001-07-21,高雄市,SE6 青蔥 粉蔥 ,,,,,,,,7,6,2001,1
2001-07-22,高雄市,SE6 青蔥 粉蔥 ,,,,,,,,7,7,2001,1
2001-07-23,高雄市,SE6 青蔥 粉蔥 ,,,,,,,,7,1,2001,1
2001-07-24,高雄市,SE6 青蔥 粉蔥 ,,,,,,,,7,2,2001,1
2001-07-25,高雄市,SE6 青蔥 粉蔥 ,,,,,,,,7,3,2001,1
2001-07-26,高雄市,SE6 青蔥 粉蔥 ,,,,,,,,7,4,2001,1
2001-07-27,高雄市,SE6 青蔥 粉蔥 ,,,,,,,,7,5,2001,1
2001-07-28,高雄市,SE6 青蔥 粉蔥 ,,,,,,,,7,6,2001,1
2001-07-29,高雄市,SE6 青蔥 粉蔥 ,,,,,,,,7,7,2001,1
2001-07-30,高雄市,SE6 青蔥 粉蔥 ,,,,,,,,7,1,2001,1
2001-07-31,高雄市,SE6 青蔥 粉蔥 ,,,,,,,,7,2,2001,1
2001-08-01,高雄市,SE6 青蔥 粉蔥 ,,,,,,,,8,3,2001,1
2001-08-02,高雄市,SE6 青蔥 粉蔥 ,,,,,,,,8,4,2001,1
2001-08-03,高雄市,SE6 青蔥 粉蔥 ,,,,,,,,8,5,2001,1
2001-08-04,高雄市,SE6 青蔥 粉蔥 ,,,,,,,,8,6,2001,1
2001-08-05,高雄市,SE6 青蔥 粉蔥 ,,,,,,,,8,7,2001,1
2001-08-06,高雄市,SE6 青蔥 粉蔥 ,,,,,,,,8,1,2001,1
2001-08-07,高雄市,SE6 青蔥 粉蔥 ,,,,,,,,8,2,2001,1
2001-08-08,高雄市,SE6 青蔥 粉蔥 ,,,,,,,,8,3,2001,1
2001-08-09,高雄市,SE6 青蔥 粉蔥 ,,,,,,,,8,4,2001,1
2001-08-10,高雄市,SE6 青蔥 粉蔥 ,,,,,,,,8,5,2001,1
2001-08-11,高雄市,SE6 青蔥 粉蔥 ,,,,,,,,8,6,2001,1
2001-08-12,高雄市,SE6 青蔥 粉蔥 ,,,,,,,,8,7,2001,1
2001-08-13,高雄市,SE6 青蔥 粉蔥 ,,,,,,,,8,1,2001,1
2001-08-14,高雄市,SE6 青蔥 粉蔥 ,,,,,,,,8,2,2001,1
2001-08-15,高雄市,SE6 青蔥 粉蔥 ,,,,,,,,8,3,2001,1
2001-08-16,高雄市,SE6 青蔥 粉蔥 ,,,,,,,,8,4,2001,1
2001-08-17,高雄市,SE6 青蔥 粉蔥 ,,,,,,,,8,5,2001,1
2001-08-18,高雄市,SE6 青蔥 粉蔥 ,,,,,,,,8,6,2001,1
2001-08-19,高雄市,SE6 青蔥 粉蔥 ,,,,,,,,8,7,2001,1
2001-08-20,高雄市,SE6 青蔥 粉蔥 ,,,,,,,,8,1,2001,1
2001-08-21,高雄市,SE6 青蔥 粉蔥 ,,,,,,,,8,2,2001,1
2001-08-22,高雄市,SE6 青蔥 粉蔥 ,,,,,,,,8,3,2001,1
2001-08-23,高雄市,SE6 青蔥 粉蔥 ,,,,,,,,8,4,2001,1
2001-08-24,高雄市,SE6 青蔥 粉蔥 ,,,,,,,,8,5,2001,1
2001-08-25,高雄市,SE6 青蔥 粉蔥 ,,,,,,,,8,6,2001,1
2001-08-26,高雄市,SE6 青蔥 粉蔥 ,,,,,,,,8,7,2001,1
2001-08-27,高雄市,SE6 青蔥 粉蔥 ,,,,,,,,8,1,2001,1
2001-08-28,高雄市,SE6 青蔥 粉蔥 ,,,,,,,,8,2,2001,1
2001-08-29,高雄市,SE6 青蔥 粉蔥 ,,,,,,,,8,3,2001,1
2001-08-30,高雄市,SE6 青蔥 粉蔥 ,,,,,,,,8,4,2001,1
2001-08-31,高雄市,SE6 青蔥 粉蔥 ,,,,,,,,8,5,2001,1
2001-09-01,高雄市,SE6 青蔥 粉蔥 ,,,,,,,,9,6,2001,1
2001-09-02,高雄市,SE6 青蔥 粉蔥 ,,,,,,,,9,7,2001,1
2001-09-03,高雄市,SE6 青蔥 粉蔥 ,,,,,,,,9,1,2001,1
2001-09-04,高雄市,SE6 青蔥 粉蔥 ,,,,,,,,9,2,2001,1
2001-09-05,高雄市,SE6 青蔥 粉蔥 ,,,,,,,,9,3,2001,1
2001-09-06,高雄市,SE6 青蔥 粉蔥 ,,,,,,,,9,4,2001,1
2001-09-07,高雄市,SE6 青蔥 粉蔥 ,,,,,,,,9,5,2001,1
2001-09-08,高雄市,SE6 青蔥 粉蔥 ,,,,,,,,9,6,2001,1
2001-09-09,高雄市,SE6 青蔥 粉蔥 ,,,,,,,,9,7,2001,1
2001-09-10,高雄市,SE6 青蔥 粉蔥 ,,,,,,,,9,1,2001,1
2001-09-11,高雄市,SE6 青蔥 粉蔥 ,,,,,,,,9,2,2001,1
2001-09-12,高雄市,SE6 青蔥 粉蔥 ,,,,,,,,9,3,2001,1
2001-09-13,高雄市,SE6 青蔥 粉蔥 ,,,,,,,,9,4,2001,1
2001-09-14,高雄市,SE6 青蔥 粉蔥 ,,,,,,,,9,5,2001,1
2001-09-15,高雄市,SE6 青蔥 粉蔥 ,,,,,,,,9,6,2001,1
2001-09-16,高雄市,SE6 青蔥 粉蔥 ,,,,,,,,9,7,2001,1
2001-09-17,高雄市,SE6 青蔥 粉蔥 ,,,,,,,,9,1,2001,1
2001-09-18,高雄市,SE6 青蔥 粉蔥 ,,,,,,,,9,2,2001,1
2001-09-19,高雄市,SE6 青蔥 粉蔥 ,,,,,,,,9,3,2001,1
2001-09-20,高雄市,SE6 青蔥 粉蔥 ,,,,,,,,9,4,2001,1
2001-09-21,高雄市,SE6 青蔥 粉蔥 ,,,,,,,,9,5,2001,1
2001-09-22,高雄市,SE6 青蔥 粉蔥 ,,,,,,,,9,6,2001,1
2001-09-23,高雄市,SE6 青蔥 粉蔥 ,,,,,,,,9,7,2001,1
2001-09-24,高雄市,SE6 青蔥 粉蔥 ,,,,,,,,9,1,2001,1
2001-09-25,高雄市,SE6 青蔥 粉蔥 ,,,,,,,,9,2,2001,1
2001-09-26,高雄市,SE6 青蔥 粉蔥 ,,,,,,,,9,3,2001,1
2001-09-27,高雄市,SE6 青蔥 粉蔥 ,,,,,,,,9,4,2001,1
2001-09-28,高雄市,SE6 青蔥 粉蔥 ,,,,,,,,9,5,2001,1
2001-09-29,高雄市,SE6 青蔥 粉蔥 ,,,,,,,,9,6,2001,1
2001-09-30,高雄市,SE6 青蔥 粉蔥 ,,,,,,,,9,7,2001,1
2001-10-01,高雄市,SE6 青蔥 粉蔥 ,,,,,,,,10,1,2001,1
2001-10-02,高雄市,SE6 青蔥 粉蔥 ,,,,,,,,10,2,2001,1
2001-10-03,高雄市,SE6 青蔥 粉蔥 ,,,,,,,,10,3,2001,1
2001-10-04,高雄市,SE6 青蔥 粉蔥 ,,,,,,,,10,4,2001,1
2001-10-05,高雄市,SE6 青蔥 粉蔥 ,,,,,,,,10,5,2001,1
2001-10-06,高雄市,SE6 青蔥 粉蔥 ,,,,,,,,10,6,2001,1
2001-10-07,高雄市,SE6 青蔥 粉蔥 ,,,,,,,,10,7,2001,1
2001-10-08,高雄市,SE6 青蔥 粉蔥 ,,,,,,,,10,1,2001,1
2001-10-09,高雄市,SE6 青蔥 粉蔥 ,,,,,,,,10,2,2001,1
2001-10-10,高雄市,SE6 青蔥 粉蔥 ,,,,,,,,10,3,2001,1
2001-10-11,高雄市,SE6 青蔥 粉蔥 ,,,,,,,,10,4,2001,1
2001-10-12,高雄市,SE6 青蔥 粉蔥 ,,,,,,,,10,5,2001,1
2001-10-13,高雄市,SE6 青蔥 粉蔥 ,,,,,,,,10,6,2001,1
2001-10-14,高雄市,SE6 青蔥 粉蔥 ,,,,,,,,10,7,2001,1
2001-10-15,高雄市,SE6 青蔥 粉蔥 ,,,,,,,,10,1,2001,1
2001-10-16,高雄市,SE6 青蔥 粉蔥 ,,,,,,,,10,2,2001,1
2001-10-17,高雄市,SE6 青蔥 粉蔥 ,,,,,,,,10,3,2001,1
2001-10-18,高雄市,SE6 青蔥 粉蔥 ,,,,,,,,10,4,2001,1
2001-10-19,高雄市,SE6 青蔥 粉蔥 ,,,,,,,,10,5,2001,1
2001-10-20,高雄市,SE6 青蔥 粉蔥 ,,,,,,,,10,6,2001,1
2001-10-21,高雄市,SE6 青蔥 粉蔥 ,,,,,,,,10,7,2001,1
2001-10-22,高雄市,SE6 青蔥 粉蔥 ,,,,,,,,10,1,2001,1
2001-10-23,高雄市,SE6 青蔥 粉蔥 ,,,,,,,,10,2,2001,1
2001-10-24,高雄市,SE6 青蔥 粉蔥 ,,,,,,,,10,3,2001,1
2001-10-25,高雄市,SE6 青蔥 粉蔥 ,,,,,,,,10,4,2001,1
2001-10-26,高雄市,SE6 青蔥 粉蔥 ,,,,,,,,10,5,2001,1
2001-10-27,高雄市,SE6 青蔥 粉蔥 ,,,,,,,,10,6,2001,1
2001-10-28,高雄市,SE6 青蔥 粉蔥 ,,,,,,,,10,7,2001,1
2001-10-29,高雄市,SE6 青蔥 粉蔥 ,,,,,,,,10,1,2001,1
2001-10-30,高雄市,SE6 青蔥 粉蔥 ,,,,,,,,10,2,2001,1
2001-10-31,高雄市,SE6 青蔥 粉蔥 ,,,,,,,,10,3,2001,1
2001-11-01,高雄市,SE6 青蔥 粉蔥 ,,,,,,,,11,4,2001,1
2001-11-02,高雄市,SE6 青蔥 粉蔥 ,,,,,,,,11,5,2001,1
2001-11-03,高雄市,SE6 青蔥 粉蔥 ,,,,,,,,11,6,2001,1
2001-11-04,高雄市,SE6 青蔥 粉蔥 ,,,,,,,,11,7,2001,1
2001-11-05,高雄市,SE6 青蔥 粉蔥 ,,,,,,,,11,1,2001,1
2001-11-06,高雄市,SE6 青蔥 粉蔥 ,,,,,,,,11,2,2001,1
2001-11-07,高雄市,SE6 青蔥 粉蔥 ,,,,,,,,11,3,2001,1
2001-11-08,高雄市,SE6 青蔥 粉蔥 ,,,,,,,,11,4,2001,1
2001-11-09,高雄市,SE6 青蔥 粉蔥 ,,,,,,,,11,5,2001,1
2001-11-10,高雄市,SE6 青蔥 粉蔥 ,,,,,,,,11,6,2001,1
2001-11-11,高雄市,SE6 青蔥 粉蔥 ,,,,,,,,11,7,2001,1
2001-11-12,高雄市,SE6 青蔥 粉蔥 ,,,,,,,,11,1,2001,1
2001-11-13,高雄市,SE6 青蔥 粉蔥 ,,,,,,,,11,2,2001,1
2001-11-14,高雄市,SE6 青蔥 粉蔥 ,,,,,,,,11,3,2001,1
2001-11-15,高雄市,SE6 青蔥 粉蔥 ,,,,,,,,11,4,2001,1
2001-11-16,高雄市,SE6 青蔥 粉蔥 ,,,,,,,,11,5,2001,1
2001-11-17,高雄市,SE6 青蔥 粉蔥 ,,,,,,,,11,6,2001,1
2001-11-18,高雄市,SE6 青蔥 粉蔥 ,,,,,,,,11,7,2001,1
2001-11-19,高雄市,SE6 青蔥 粉蔥 ,,,,,,,,11,1,2001,1
2001-11-20,高雄市,SE6 青蔥 粉蔥 ,,,,,,,,11,2,2001,1
2001-11-21,高雄市,SE6 青蔥 粉蔥 ,,,,,,,,11,3,2001,1
2001-11-22,高雄市,SE6 青蔥 粉蔥 ,,,,,,,,11,4,2001,1
2001-11-23,高雄市,SE6 青蔥 粉蔥 ,,,,,,,,11,5,2001,1
2001-11-24,高雄市,SE6 青蔥 粉蔥 ,,,,,,,,11,6,2001,1
2001-11-25,高雄市,SE6 青蔥 粉蔥 ,,,,,,,,11,7,2001,1
2001-11-26,高雄市,SE6 青蔥 粉蔥 ,,,,,,,,11,1,2001,1
2001-11-27,高雄市,SE6 青蔥 粉蔥 ,,,,,,,,11,2,2001,1
2001-11-28,高雄市,SE6 青蔥 粉蔥 ,,,,,,,,11,3,2001,1
2001-11-29,高雄市,SE6 青蔥 粉蔥 ,,,,,,,,11,4,2001,1
2001-11-30,高雄市,SE6 青蔥 粉蔥 ,,,,,,,,11,5,2001,1
2001-12-01,高雄市,SE6 青蔥 粉蔥 ,,,,,,,,12,6,2001,1
2001-12-02,高雄市,SE6 青蔥 粉蔥 ,,,,,,,,12,7,2001,1
2001-12-03,高雄市,SE6 青蔥 粉蔥 ,,,,,,,,12,1,2001,1
2001-12-04,高雄市,SE6 青蔥 粉蔥 ,,,,,,,,12,2,2001,1
2001-12-05,高雄市,SE6 青蔥 粉蔥 ,,,,,,,,12,3,2001,1
2001-12-06,高雄市,SE6 青蔥 粉蔥 ,,,,,,,,12,4,2001,1
2001-12-07,高雄市,SE6 青蔥 粉蔥 ,,,,,,,,12,5,2001,1
2001-12-08,高雄市,SE6 青蔥 粉蔥 ,,,,,,,,12,6,2001,1
2001-12-09,高雄市,SE6 青蔥 粉蔥 ,,,,,,,,12,7,2001,1
2001-12-10,高雄市,SE6 青蔥 粉蔥 ,,,,,,,,12,1,2001,1
2001-12-11,高雄市,SE6 青蔥 粉蔥 ,,,,,,,,12,2,2001,1
2001-12-12,高雄市,SE6 青蔥 粉蔥 ,,,,,,,,12,3,2001,1
2001-12-13,高雄市,SE6 青蔥 粉蔥 ,,,,,,,,12,4,2001,1
2001-12-14,高雄市,SE6 青蔥 粉蔥 ,,,,,,,,12,5,2001,1
2001-12-15,高雄市,SE6 青蔥 粉蔥 ,,,,,,,,12,6,2001,1
2001-12-16,高雄市,SE6 青蔥 粉蔥 ,,,,,,,,12,7,2001,1
2001-12-17,高雄市,SE6 青蔥 粉蔥 ,,,,,,,,12,1,2001,1
2001-12-18,高雄市,SE6 青蔥 粉蔥 ,,,,,,,,12,2,2001,1
2001-12-19,高雄市,SE6 青蔥 粉蔥 ,,,,,,,,12,3,2001,1
2001-12-20,高雄市,SE6 青蔥 粉蔥 ,,,,,,,,12,4,2001,1
2001-12-21,高雄市,SE6 青蔥 粉蔥 ,,,,,,,,12,5,2001,1
2001-12-22,高雄市,SE6 青蔥 粉蔥 ,,,,,,,,12,6,2001,1
2001-12-23,高雄市,SE6 青蔥 粉蔥 ,,,,,,,,12,7,2001,1
2001-12-24,高雄市,SE6 青蔥 粉蔥 ,,,,,,,,12,1,2001,1
2001-12-25,高雄市,SE6 青蔥 粉蔥 ,,,,,,,,12,2,2001,1
2001-12-26,高雄市,SE6 青蔥 粉蔥 ,,,,,,,,12,3,2001,1
2001-12-27,高雄市,SE6 青蔥 粉蔥 ,,,,,,,,12,4,2001,1
2001-12-28,高雄市,SE6 青蔥 粉蔥 ,,,,,,,,12,5,2001,1
2001-12-29,高雄市,SE6 青蔥 粉蔥 ,,,,,,,,12,6,2001,1
2001-12-30,高雄市,SE6 青蔥 粉蔥 ,,,,,,,,12,7,2001,1
2001-12-31,高雄市,SE6 青蔥 粉蔥 ,,,,,,,,12,1,2001,1
2002-01-01,高雄市,SE6 青蔥 粉蔥 ,,,,,,,,1,2,2002,1
2002-01-02,高雄市,SE6 青蔥 粉蔥 ,,,,,,,,1,3,2002,1
2002-01-03,高雄市,SE6 青蔥 粉蔥 ,,,,,,,,1,4,2002,1
2002-01-04,高雄市,SE6 青蔥 粉蔥 ,,,,,,,,1,5,2002,1
2002-01-05,高雄市,SE6 青蔥 粉蔥 ,,,,,,,,1,6,2002,1
2002-01-06,高雄市,SE6 青蔥 粉蔥 ,,,,,,,,1,7,2002,1
2002-01-07,高雄市,SE6 青蔥 粉蔥 ,,,,,,,,1,1,2002,1
2002-01-08,高雄市,SE6 青蔥 粉蔥 ,,,,,,,,1,2,2002,1
2002-01-09,高雄市,SE6 青蔥 粉蔥 ,,,,,,,,1,3,2002,1
2002-01-10,高雄市,SE6 青蔥 粉蔥 ,,,,,,,,1,4,2002,1
2002-01-11,高雄市,SE6 青蔥 粉蔥 ,,,,,,,,1,5,2002,1
2002-01-12,高雄市,SE6 青蔥 粉蔥 ,,,,,,,,1,6,2002,1
2002-01-13,高雄市,SE6 青蔥 粉蔥 ,,,,,,,,1,7,2002,1
2002-01-14,高雄市,SE6 青蔥 粉蔥 ,,,,,,,,1,1,2002,1
2002-01-15,高雄市,SE6 青蔥 粉蔥 ,,,,,,,,1,2,2002,1
2002-01-16,高雄市,SE6 青蔥 粉蔥 ,,,,,,,,1,3,2002,1
2002-01-17,高雄市,SE6 青蔥 粉蔥 ,,,,,,,,1,4,2002,1
2002-01-18,高雄市,SE6 青蔥 粉蔥 ,,,,,,,,1,5,2002,1
2002-01-19,高雄市,SE6 青蔥 粉蔥 ,,,,,,,,1,6,2002,1
2002-01-20,高雄市,SE6 青蔥 粉蔥 ,,,,,,,,1,7,2002,1
2002-01-21,高雄市,SE6 青蔥 粉蔥 ,,,,,,,,1,1,2002,1
2002-01-22,高雄市,SE6 青蔥 粉蔥 ,,,,,,,,1,2,2002,1
2002-01-23,高雄市,SE6 青蔥 粉蔥 ,,,,,,,,1,3,2002,1
2002-01-24,高雄市,SE6 青蔥 粉蔥 ,,,,,,,,1,4,2002,1
2002-01-25,高雄市,SE6 青蔥 粉蔥 ,,,,,,,,1,5,2002,1
2002-01-26,高雄市,SE6 青蔥 粉蔥 ,,,,,,,,1,6,2002,1
2002-01-27,高雄市,SE6 青蔥 粉蔥 ,,,,,,,,1,7,2002,1
2002-01-28,高雄市,SE6 青蔥 粉蔥 ,,,,,,,,1,1,2002,1
2002-01-29,高雄市,SE6 青蔥 粉蔥 ,,,,,,,,1,2,2002,1
2002-01-30,高雄市,SE6 青蔥 粉蔥 ,,,,,,,,1,3,2002,1
2002-01-31,高雄市,SE6 青蔥 粉蔥 ,,,,,,,,1,4,2002,1
2002-02-01,高雄市,SE6 青蔥 粉蔥 ,,,,,,,,2,5,2002,1
2002-02-02,高雄市,SE6 青蔥 粉蔥 ,,,,,,,,2,6,2002,1
2002-02-03,高雄市,SE6 青蔥 粉蔥 ,,,,,,,,2,7,2002,1
2002-02-04,高雄市,SE6 青蔥 粉蔥 ,,,,,,,,2,1,2002,1
2002-02-05,高雄市,SE6 青蔥 粉蔥 ,,,,,,,,2,2,2002,1
2002-02-06,高雄市,SE6 青蔥 粉蔥 ,,,,,,,,2,3,2002,1
2002-02-07,高雄市,SE6 青蔥 粉蔥 ,,,,,,,,2,4,2002,1
2002-02-08,高雄市,SE6 青蔥 粉蔥 ,,,,,,,,2,5,2002,1
2002-02-09,高雄市,SE6 青蔥 粉蔥 ,,,,,,,,2,6,2002,1
2002-02-10,高雄市,SE6 青蔥 粉蔥 ,,,,,,,,2,7,2002,1
2002-02-11,高雄市,SE6 青蔥 粉蔥 ,,,,,,,,2,1,2002,1
2002-02-12,高雄市,SE6 青蔥 粉蔥 ,,,,,,,,2,2,2002,1
2002-02-13,高雄市,SE6 青蔥 粉蔥 ,,,,,,,,2,3,2002,1
2002-02-14,高雄市,SE6 青蔥 粉蔥 ,,,,,,,,2,4,2002,1
2002-02-15,高雄市,SE6 青蔥 粉蔥 ,,,,,,,,2,5,2002,1
2002-02-16,高雄市,SE6 青蔥 粉蔥 ,,,,,,,,2,6,2002,1
2002-02-17,高雄市,SE6 青蔥 粉蔥 ,,,,,,,,2,7,2002,1
2002-02-18,高雄市,SE6 青蔥 粉蔥 ,,,,,,,,2,1,2002,1
2002-02-19,高雄市,SE6 青蔥 粉蔥 ,,,,,,,,2,2,2002,1
2002-02-20,高雄市,SE6 青蔥 粉蔥 ,,,,,,,,2,3,2002,1
2002-02-21,高雄市,SE6 青蔥 粉蔥 ,,,,,,,,2,4,2002,1
2002-02-22,高雄市,SE6 青蔥 粉蔥 ,,,,,,,,2,5,2002,1
2002-02-23,高雄市,SE6 青蔥 粉蔥 ,,,,,,,,2,6,2002,1
2002-02-24,高雄市,SE6 青蔥 粉蔥 ,,,,,,,,2,7,2002,1
2002-02-25,高雄市,SE6 青蔥 粉蔥 ,,,,,,,,2,1,2002,1
2002-02-26,高雄市,SE6 青蔥 粉蔥 ,,,,,,,,2,2,2002,1
2002-02-27,高雄市,SE6 青蔥 粉蔥 ,,,,,,,,2,3,2002,1
2002-02-28,高雄市,SE6 青蔥 粉蔥 ,,,,,,,,2,4,2002,1
2002-03-01,高雄市,SE6 青蔥 粉蔥 ,,,,,,,,3,5,2002,1
2002-03-02,高雄市,SE6 青蔥 粉蔥 ,,,,,,,,3,6,2002,1
2002-03-03,高雄市,SE6 青蔥 粉蔥 ,,,,,,,,3,7,2002,1
2002-03-04,高雄市,SE6 青蔥 粉蔥 ,,,,,,,,3,1,2002,1
2002-03-05,高雄市,SE6 青蔥 粉蔥 ,,,,,,,,3,2,2002,1
2002-03-06,高雄市,SE6 青蔥 粉蔥 ,,,,,,,,3,3,2002,1
2002-03-07,高雄市,SE6 青蔥 粉蔥 ,,,,,,,,3,4,2002,1
2002-03-08,高雄市,SE6 青蔥 粉蔥 ,,,,,,,,3,5,2002,1
2002-03-09,高雄市,SE6 青蔥 粉蔥 ,,,,,,,,3,6,2002,1
2002-03-10,高雄市,SE6 青蔥 粉蔥 ,,,,,,,,3,7,2002,1
2002-03-11,高雄市,SE6 青蔥 粉蔥 ,,,,,,,,3,1,2002,1
2002-03-12,高雄市,SE6 青蔥 粉蔥 ,,,,,,,,3,2,2002,1
2002-03-13,高雄市,SE6 青蔥 粉蔥 ,,,,,,,,3,3,2002,1
2002-03-14,高雄市,SE6 青蔥 粉蔥 ,,,,,,,,3,4,2002,1
2002-03-15,高雄市,SE6 青蔥 粉蔥 ,,,,,,,,3,5,2002,1
2002-03-16,高雄市,SE6 青蔥 粉蔥 ,,,,,,,,3,6,2002,1
2002-03-17,高雄市,SE6 青蔥 粉蔥 ,,,,,,,,3,7,2002,1
2002-03-18,高雄市,SE6 青蔥 粉蔥 ,,,,,,,,3,1,2002,1
2002-03-19,高雄市,SE6 青蔥 粉蔥 ,,,,,,,,3,2,2002,1
2002-03-20,高雄市,SE6 青蔥 粉蔥 ,,,,,,,,3,3,2002,1
2002-03-21,高雄市,SE6 青蔥 粉蔥 ,,,,,,,,3,4,2002,1
2002-03-22,高雄市,SE6 青蔥 粉蔥 ,,,,,,,,3,5,2002,1
2002-03-23,高雄市,SE6 青蔥 粉蔥 ,,,,,,,,3,6,2002,1
2002-03-24,高雄市,SE6 青蔥 粉蔥 ,,,,,,,,3,7,2002,1
2002-03-25,高雄市,SE6 青蔥 粉蔥 ,,,,,,,,3,1,2002,1
2002-03-26,高雄市,SE6 青蔥 粉蔥 ,,,,,,,,3,2,2002,1
2002-03-27,高雄市,SE6 青蔥 粉蔥 ,,,,,,,,3,3,2002,1
2002-03-28,高雄市,SE6 青蔥 粉蔥 ,6.0,6.0,6.0,6.0,-58.04,40.0,-33.33,3,4,2002,0
2002-03-29,高雄市,SE6 青蔥 粉蔥 ,,,,,,,,3,5,2002,1
2002-03-30,高雄市,SE6 青蔥 粉蔥 ,,,,,,,,3,6,2002,1
2002-03-31,高雄市,SE6 青蔥 粉蔥 ,,,,,,,,3,7,2002,1
2002-04-01,高雄市,SE6 青蔥 粉蔥 ,,,,,,,,4,1,2002,1
2002-04-02,高雄市,SE6 青蔥 粉蔥 ,,,,,,,,4,2,2002,1
2002-04-03,高雄市,SE6 青蔥 粉蔥 ,,,,,,,,4,3,2002,1
2002-04-04,高雄市,SE6 青蔥 粉蔥 ,,,,,,,,4,4,2002,1
2002-04-05,高雄市,SE6 青蔥 粉蔥 ,,,,,,,,4,5,2002,1
2002-04-06,高雄市,SE6 青蔥 粉蔥 ,,,,,,,,4,6,2002,1
2002-04-07,高雄市,SE6 青蔥 粉蔥 ,,,,,,,,4,7,2002,1
2002-04-08,高雄市,SE6 青蔥 粉蔥 ,,,,,,,,4,1,2002,1
2002-04-09,高雄市,SE6 青蔥 粉蔥 ,,,,,,,,4,2,2002,1
2002-04-10,高雄市,SE6 青蔥 粉蔥 ,,,,,,,,4,3,2002,1
2002-04-11,高雄市,SE6 青蔥 粉蔥 ,,,,,,,,4,4,2002,1
2002-04-12,高雄市,SE6 青蔥 粉蔥 ,,,,,,,,4,5,2002,1
2002-04-13,高雄市,SE6 青蔥 粉蔥 ,,,,,,,,4,6,2002,1
2002-04-14,高雄市,SE6 青蔥 粉蔥 ,,,,,,,,4,7,2002,1
2002-04-15,高雄市,SE6 青蔥 粉蔥 ,,,,,,,,4,1,2002,1
2002-04-16,高雄市,SE6 青蔥 粉蔥 ,,,,,,,,4,2,2002,1
2002-04-17,高雄市,SE6 青蔥 粉蔥 ,,,,,,,,4,3,2002,1
2002-04-18,高雄市,SE6 青蔥 粉蔥 ,,,,,,,,4,4,2002,1
2002-04-19,高雄市,SE6 青蔥 粉蔥 ,,,,,,,,4,5,2002,1
2002-04-20,高雄市,SE6 青蔥 粉蔥 ,,,,,,,,4,6,2002,1
2002-04-21,高雄市,SE6 青蔥 粉蔥 ,,,,,,,,4,7,2002,1
2002-04-22,高雄市,SE6 青蔥 粉蔥 ,,,,,,,,4,1,2002,1
2002-04-23,高雄市,SE6 青蔥 粉蔥 ,,,,,,,,4,2,2002,1
2002-04-24,高雄市,SE6 青蔥 粉蔥 ,,,,,,,,4,3,2002,1
2002-04-25,高雄市,SE6 青蔥 粉蔥 ,,,,,,,,4,4,2002,1
2002-04-26,高雄市,SE6 青蔥 粉蔥 ,,,,,,,,4,5,2002,1
2002-04-27,高雄市,SE6 青蔥 粉蔥 ,,,,,,,,4,6,2002,1
2002-04-28,高雄市,SE6 青蔥 粉蔥 ,,,,,,,,4,7,2002,1
2002-04-29,高雄市,SE6 青蔥 粉蔥 ,,,,,,,,4,1,2002,1
2002-04-30,高雄市,SE6 青蔥 粉蔥 ,,,,,,,,4,2,2002,1
2002-05-01,高雄市,SE6 青蔥 粉蔥 ,,,,,,,,5,3,2002,1
2002-05-02,高雄市,SE6 青蔥 粉蔥 ,,,,,,,,5,4,2002,1
2002-05-03,高雄市,SE6 青蔥 粉蔥 ,,,,,,,,5,5,2002,1
2002-05-04,高雄市,SE6 青蔥 粉蔥 ,,,,,,,,5,6,2002,1
2002-05-05,高雄市,SE6 青蔥 粉蔥 ,,,,,,,,5,7,2002,1
2002-05-06,高雄市,SE6 青蔥 粉蔥 ,,,,,,,,5,1,2002,1
2002-05-07,高雄市,SE6 青蔥 粉蔥 ,,,,,,,,5,2,2002,1
2002-05-08,高雄市,SE6 青蔥 粉蔥 ,,,,,,,,5,3,2002,1
2002-05-09,高雄市,SE6 青蔥 粉蔥 ,,,,,,,,5,4,2002,1
2002-05-10,高雄市,SE6 青蔥 粉蔥 ,,,,,,,,5,5,2002,1
2002-05-11,高雄市,SE6 青蔥 粉蔥 ,,,,,,,,5,6,2002,1
2002-05-12,高雄市,SE6 青蔥 粉蔥 ,,,,,,,,5,7,2002,1
2002-05-13,高雄市,SE6 青蔥 粉蔥 ,,,,,,,,5,1,2002,1
2002-05-14,高雄市,SE6 青蔥 粉蔥 ,,,,,,,,5,2,2002,1
2002-05-15,高雄市,SE6 青蔥 粉蔥 ,,,,,,,,5,3,2002,1
2002-05-16,高雄市,SE6 青蔥 粉蔥 ,,,,,,,,5,4,2002,1
2002-05-17,高雄市,SE6 青蔥 粉蔥 ,,,,,,,,5,5,2002,1
2002-05-18,高雄市,SE6 青蔥 粉蔥 ,,,,,,,,5,6,2002,1
2002-05-19,高雄市,SE6 青蔥 粉蔥 ,,,,,,,,5,7,2002,1
2002-05-20,高雄市,SE6 青蔥 粉蔥 ,,,,,,,,5,1,2002,1
2002-05-21,高雄市,SE6 青蔥 粉蔥 ,,,,,,,,5,2,2002,1
2002-05-22,高雄市,SE6 青蔥 粉蔥 ,,,,,,,,5,3,2002,1
2002-05-23,高雄市,SE6 青蔥 粉蔥 ,,,,,,,,5,4,2002,1
2002-05-24,高雄市,SE6 青蔥 粉蔥 ,,,,,,,,5,5,2002,1
2002-05-25,高雄市,SE6 青蔥 粉蔥 ,,,,,,,,5,6,2002,1
2002-05-26,高雄市,SE6 青蔥 粉蔥 ,,,,,,,,5,7,2002,1
2002-05-27,高雄市,SE6 青蔥 粉蔥 ,,,,,,,,5,1,2002,1
2002-05-28,高雄市,SE6 青蔥 粉蔥 ,,,,,,,,5,2,2002,1
2002-05-29,高雄市,SE6 青蔥 粉蔥 ,,,,,,,,5,3,2002,1
2002-05-30,高雄市,SE6 青蔥 粉蔥 ,,,,,,,,5,4,2002,1
2002-05-31,高雄市,SE6 青蔥 粉蔥 ,,,,,,,,5,5,2002,1
2002-06-01,高雄市,SE6 青蔥 粉蔥 ,,,,,,,,6,6,2002,1
2002-06-02,高雄市,SE6 青蔥 粉蔥 ,,,,,,,,6,7,2002,1
2002-06-03,高雄市,SE6 青蔥 粉蔥 ,,,,,,,,6,1,2002,1
2002-06-04,高雄市,SE6 青蔥 粉蔥 ,,,,,,,,6,2,2002,1
2002-06-05,高雄市,SE6 青蔥 粉蔥 ,,,,,,,,6,3,2002,1
2002-06-06,高雄市,SE6 青蔥 粉蔥 ,,,,,,,,6,4,2002,1
2002-06-07,高雄市,SE6 青蔥 粉蔥 ,,,,,,,,6,5,2002,1
2002-06-08,高雄市,SE6 青蔥 粉蔥 ,,,,,,,,6,6,2002,1
2002-06-09,高雄市,SE6 青蔥 粉蔥 ,,,,,,,,6,7,2002,1
2002-06-10,高雄市,SE6 青蔥 粉蔥 ,,,,,,,,6,1,2002,1
2002-06-11,高雄市,SE6 青蔥 粉蔥 ,,,,,,,,6,2,2002,1
2002-06-12,高雄市,SE6 青蔥 粉蔥 ,,,,,,,,6,3,2002,1
2002-06-13,高雄市,SE6 青蔥 粉蔥 ,,,,,,,,6,4,2002,1
2002-06-14,高雄市,SE6 青蔥 粉蔥 ,,,,,,,,6,5,2002,1
2002-06-15,高雄市,SE6 青蔥 粉蔥 ,,,,,,,,6,6,2002,1
2002-06-16,高雄市,SE6 青蔥 粉蔥 ,,,,,,,,6,7,2002,1
2002-06-17,高雄市,SE6 青蔥 粉蔥 ,,,,,,,,6,1,2002,1
2002-06-18,高雄市,SE6 青蔥 粉蔥 ,,,,,,,,6,2,2002,1
2002-06-19,高雄市,SE6 青蔥 粉蔥 ,,,,,,,,6,3,2002,1
2002-06-20,高雄市,SE6 青蔥 粉蔥 ,,,,,,,,6,4,2002,1
2002-06-21,高雄市,SE6 青蔥 粉蔥 ,,,,,,,,6,5,2002,1
2002-06-22,高雄市,SE6 青蔥 粉蔥 ,,,,,,,,6,6,2002,1
2002-06-23,高雄市,SE6 青蔥 粉蔥 ,,,,,,,,6,7,2002,1
2002-06-24,高雄市,SE6 青蔥 粉蔥 ,,,,,,,,6,1,2002,1
2002-06-25,高雄市,SE6 青蔥 粉蔥 ,,,,,,,,6,2,2002,1
2002-06-26,高雄市,SE6 青蔥 粉蔥 ,,,,,,,,6,3,2002,1
2002-06-27,高雄市,SE6 青蔥 粉蔥 ,,,,,,,,6,4,2002,1
2002-06-28,高雄市,SE6 青蔥 粉蔥 ,,,,,,,,6,5,2002,1
2002-06-29,高雄市,SE6 青蔥 粉蔥 ,,,,,,,,6,6,2002,1
2002-06-30,高雄市,SE6 青蔥 粉蔥 ,,,,,,,,6,7,2002,1
2002-07-01,高雄市,SE6 青蔥 粉蔥 ,,,,,,,,7,1,2002,1
2002-07-02,高雄市,SE6 青蔥 粉蔥 ,,,,,,,,7,2,2002,1
2002-07-03,高雄市,SE6 青蔥 粉蔥 ,,,,,,,,7,3,2002,1
2002-07-04,高雄市,SE6 青蔥 粉蔥 ,,,,,,,,7,4,2002,1
2002-07-05,高雄市,SE6 青蔥 粉蔥 ,,,,,,,,7,5,2002,1
2002-07-06,高雄市,SE6 青蔥 粉蔥 ,,,,,,,,7,6,2002,1
2002-07-07,高雄市,SE6 青蔥 粉蔥 ,,,,,,,,7,7,2002,1
2002-07-08,高雄市,SE6 青蔥 粉蔥 ,,,,,,,,7,1,2002,1
2002-07-09,高雄市,SE6 青蔥 粉蔥 ,,,,,,,,7,2,2002,1
2002-07-10,高雄市,SE6 青蔥 粉蔥 ,,,,,,,,7,3,2002,1
2002-07-11,高雄市,SE6 青蔥 粉蔥 ,,,,,,,,7,4,2002,1
2002-07-12,高雄市,SE6 青蔥 粉蔥 ,,,,,,,,7,5,2002,1
2002-07-13,高雄市,SE6 青蔥 粉蔥 ,,,,,,,,7,6,2002,1
2002-07-14,高雄市,SE6 青蔥 粉蔥 ,,,,,,,,7,7,2002,1
2002-07-15,高雄市,SE6 青蔥 粉蔥 ,,,,,,,,7,1,2002,1
2002-07-16,高雄市,SE6 青蔥 粉蔥 ,,,,,,,,7,2,2002,1
2002-07-17,高雄市,SE6 青蔥 粉蔥 ,,,,,,,,7,3,2002,1
2002-07-18,高雄市,SE6 青蔥 粉蔥 ,,,,,,,,7,4,2002,1
2002-07-19,高雄市,SE6 青蔥 粉蔥 ,,,,,,,,7,5,2002,1
2002-07-20,高雄市,SE6 青蔥 粉蔥 ,,,,,,,,7,6,2002,1
2002-07-21,高雄市,SE6 青蔥 粉蔥 ,,,,,,,,7,7,2002,1
2002-07-22,高雄市,SE6 青蔥 粉蔥 ,,,,,,,,7,1,2002,1
2002-07-23,高雄市,SE6 青蔥 粉蔥 ,,,,,,,,7,2,2002,1
2002-07-24,高雄市,SE6 青蔥 粉蔥 ,,,,,,,,7,3,2002,1
2002-07-25,高雄市,SE6 青蔥 粉蔥 ,,,,,,,,7,4,2002,1
2002-07-26,高雄市,SE6 青蔥 粉蔥 ,,,,,,,,7,5,2002,1
2002-07-27,高雄市,SE6 青蔥 粉蔥 ,,,,,,,,7,6,2002,1
2002-07-28,高雄市,SE6 青蔥 粉蔥 ,,,,,,,,7,7,2002,1
2002-07-29,高雄市,SE6 青蔥 粉蔥 ,,,,,,,,7,1,2002,1
2002-07-30,高雄市,SE6 青蔥 粉蔥 ,,,,,,,,7,2,2002,1
2002-07-31,高雄市,SE6 青蔥 粉蔥 ,,,,,,,,7,3,2002,1
2002-08-01,高雄市,SE6 青蔥 粉蔥 ,,,,,,,,8,4,2002,1
2002-08-02,高雄市,SE6 青蔥 粉蔥 ,,,,,,,,8,5,2002,1
2002-08-03,高雄市,SE6 青蔥 粉蔥 ,,,,,,,,8,6,2002,1
2002-08-04,高雄市,SE6 青蔥 粉蔥 ,,,,,,,,8,7,2002,1
2002-08-05,高雄市,SE6 青蔥 粉蔥 ,,,,,,,,8,1,2002,1
2002-08-06,高雄市,SE6 青蔥 粉蔥 ,,,,,,,,8,2,2002,1
2002-08-07,高雄市,SE6 青蔥 粉蔥 ,,,,,,,,8,3,2002,1
2002-08-08,高雄市,SE6 青蔥 粉蔥 ,,,,,,,,8,4,2002,1
2002-08-09,高雄市,SE6 青蔥 粉蔥 ,,,,,,,,8,5,2002,1
2002-08-10,高雄市,SE6 青蔥 粉蔥 ,,,,,,,,8,6,2002,1
2002-08-11,高雄市,SE6 青蔥 粉蔥 ,,,,,,,,8,7,2002,1
2002-08-12,高雄市,SE6 青蔥 粉蔥 ,,,,,,,,8,1,2002,1
2002-08-13,高雄市,SE6 青蔥 粉蔥 ,,,,,,,,8,2,2002,1
2002-08-14,高雄市,SE6 青蔥 粉蔥 ,,,,,,,,8,3,2002,1
2002-08-15,高雄市,SE6 青蔥 粉蔥 ,,,,,,,,8,4,2002,1
2002-08-16,高雄市,SE6 青蔥 粉蔥 ,,,,,,,,8,5,2002,1
2002-08-17,高雄市,SE6 青蔥 粉蔥 ,,,,,,,,8,6,2002,1
2002-08-18,高雄市,SE6 青蔥 粉蔥 ,,,,,,,,8,7,2002,1
2002-08-19,高雄市,SE6 青蔥 粉蔥 ,,,,,,,,8,1,2002,1
2002-08-20,高雄市,SE6 青蔥 粉蔥 ,,,,,,,,8,2,2002,1
2002-08-21,高雄市,SE6 青蔥 粉蔥 ,,,,,,,,8,3,2002,1
2002-08-22,高雄市,SE6 青蔥 粉蔥 ,,,,,,,,8,4,2002,1
2002-08-23,高雄市,SE6 青蔥 粉蔥 ,,,,,,,,8,5,2002,1
2002-08-24,高雄市,SE6 青蔥 粉蔥 ,,,,,,,,8,6,2002,1
2002-08-25,高雄市,SE6 青蔥 粉蔥 ,,,,,,,,8,7,2002,1
2002-08-26,高雄市,SE6 青蔥 粉蔥 ,,,,,,,,8,1,2002,1
2002-08-27,高雄市,SE6 青蔥 粉蔥 ,,,,,,,,8,2,2002,1
2002-08-28,高雄市,SE6 青蔥 粉蔥 ,,,,,,,,8,3,2002,1
2002-08-29,高雄市,SE6 青蔥 粉蔥 ,,,,,,,,8,4,2002,1
2002-08-30,高雄市,SE6 青蔥 粉蔥 ,,,,,,,,8,5,2002,1
2002-08-31,高雄市,SE6 青蔥 粉蔥 ,,,,,,,,8,6,2002,1
2002-09-01,高雄市,SE6 青蔥 粉蔥 ,,,,,,,,9,7,2002,1
2002-09-02,高雄市,SE6 青蔥 粉蔥 ,,,,,,,,9,1,2002,1
2002-09-03,高雄市,SE6 青蔥 粉蔥 ,,,,,,,,9,2,2002,1
2002-09-04,高雄市,SE6 青蔥 粉蔥 ,,,,,,,,9,3,2002,1
2002-09-05,高雄市,SE6 青蔥 粉蔥 ,,,,,,,,9,4,2002,1
2002-09-06,高雄市,SE6 青蔥 粉蔥 ,,,,,,,,9,5,2002,1
2002-09-07,高雄市,SE6 青蔥 粉蔥 ,,,,,,,,9,6,2002,1
2002-09-08,高雄市,SE6 青蔥 粉蔥 ,,,,,,,,9,7,2002,1
2002-09-09,高雄市,SE6 青蔥 粉蔥 ,,,,,,,,9,1,2002,1
2002-09-10,高雄市,SE6 青蔥 粉蔥 ,,,,,,,,9,2,2002,1
2002-09-11,高雄市,SE6 青蔥 粉蔥 ,,,,,,,,9,3,2002,1
2002-09-12,高雄市,SE6 青蔥 粉蔥 ,,,,,,,,9,4,2002,1
2002-09-13,高雄市,SE6 青蔥 粉蔥 ,,,,,,,,9,5,2002,1
2002-09-14,高雄市,SE6 青蔥 粉蔥 ,,,,,,,,9,6,2002,1
2002-09-15,高雄市,SE6 青蔥 粉蔥 ,,,,,,,,9,7,2002,1
2002-09-16,高雄市,SE6 青蔥 粉蔥 ,,,,,,,,9,1,2002,1
2002-09-17,高雄市,SE6 青蔥 粉蔥 ,,,,,,,,9,2,2002,1
2002-09-18,高雄市,SE6 青蔥 粉蔥 ,,,,,,,,9,3,2002,1
2002-09-19,高雄市,SE6 青蔥 粉蔥 ,,,,,,,,9,4,2002,1
2002-09-20,高雄市,SE6 青蔥 粉蔥 ,,,,,,,,9,5,2002,1
2002-09-21,高雄市,SE6 青蔥 粉蔥 ,,,,,,,,9,6,2002,1
2002-09-22,高雄市,SE6 青蔥 粉蔥 ,,,,,,,,9,7,2002,1
2002-09-23,高雄市,SE6 青蔥 粉蔥 ,,,,,,,,9,1,2002,1
2002-09-24,高雄市,SE6 青蔥 粉蔥 ,,,,,,,,9,2,2002,1
2002-09-25,高雄市,SE6 青蔥 粉蔥 ,,,,,,,,9,3,2002,1
2002-09-26,高雄市,SE6 青蔥 粉蔥 ,,,,,,,,9,4,2002,1
2002-09-27,高雄市,SE6 青蔥 粉蔥 ,,,,,,,,9,5,2002,1
2002-09-28,高雄市,SE6 青蔥 粉蔥 ,,,,,,,,9,6,2002,1
2002-09-29,高雄市,SE6 青蔥 粉蔥 ,,,,,,,,9,7,2002,1
2002-09-30,高雄市,SE6 青蔥 粉蔥 ,,,,,,,,9,1,2002,1
2002-10-01,高雄市,SE6 青蔥 粉蔥 ,,,,,,,,10,2,2002,1
2002-10-02,高雄市,SE6 青蔥 粉蔥 ,,,,,,,,10,3,2002,1
2002-10-03,高雄市,SE6 青蔥 粉蔥 ,,,,,,,,10,4,2002,1
2002-10-04,高雄市,SE6 青蔥 粉蔥 ,,,,,,,,10,5,2002,1
2002-10-05,高雄市,SE6 青蔥 粉蔥 ,,,,,,,,10,6,2002,1
2002-10-06,高雄市,SE6 青蔥 粉蔥 ,,,,,,,,10,7,2002,1
2002-10-07,高雄市,SE6 青蔥 粉蔥 ,,,,,,,,10,1,2002,1
2002-10-08,高雄市,SE6 青蔥 粉蔥 ,,,,,,,,10,2,2002,1
2002-10-09,高雄市,SE6 青蔥 粉蔥 ,,,,,,,,10,3,2002,1
2002-10-10,高雄市,SE6 青蔥 粉蔥 ,,,,,,,,10,4,2002,1
2002-10-11,高雄市,SE6 青蔥 粉蔥 ,,,,,,,,10,5,2002,1
2002-10-12,高雄市,SE6 青蔥 粉蔥 ,,,,,,,,10,6,2002,1
2002-10-13,高雄市,SE6 青蔥 粉蔥 ,,,,,,,,10,7,2002,1
2002-10-14,高雄市,SE6 青蔥 粉蔥 ,,,,,,,,10,1,2002,1
2002-10-15,高雄市,SE6 青蔥 粉蔥 ,,,,,,,,10,2,2002,1
2002-10-16,高雄市,SE6 青蔥 粉蔥 ,,,,,,,,10,3,2002,1
2002-10-17,高雄市,SE6 青蔥 粉蔥 ,,,,,,,,10,4,2002,1
2002-10-18,高雄市,SE6 青蔥 粉蔥 ,,,,,,,,10,5,2002,1
2002-10-19,高雄市,SE6 青蔥 粉蔥 ,,,,,,,,10,6,2002,1
2002-10-20,高雄市,SE6 青蔥 粉蔥 ,,,,,,,,10,7,2002,1
2002-10-21,高雄市,SE6 青蔥 粉蔥 ,,,,,,,,10,1,2002,1
2002-10-22,高雄市,SE6 青蔥 粉蔥 ,,,,,,,,10,2,2002,1
2002-10-23,高雄市,SE6 青蔥 粉蔥 ,,,,,,,,10,3,2002,1
2002-10-24,高雄市,SE6 青蔥 粉蔥 ,,,,,,,,10,4,2002,1
2002-10-25,高雄市,SE6 青蔥 粉蔥 ,,,,,,,,10,5,2002,1
2002-10-26,高雄市,SE6 青蔥 粉蔥 ,,,,,,,,10,6,2002,1
2002-10-27,高雄市,SE6 青蔥 粉蔥 ,,,,,,,,10,7,2002,1
2002-10-28,高雄市,SE6 青蔥 粉蔥 ,,,,,,,,10,1,2002,1
2002-10-29,高雄市,SE6 青蔥 粉蔥 ,,,,,,,,10,2,2002,1
2002-10-30,高雄市,SE6 青蔥 粉蔥 ,,,,,,,,10,3,2002,1
2002-10-31,高雄市,SE6 青蔥 粉蔥 ,,,,,,,,10,4,2002,1
2002-11-01,高雄市,SE6 青蔥 粉蔥 ,,,,,,,,11,5,2002,1
2002-11-02,高雄市,SE6 青蔥 粉蔥 ,,,,,,,,11,6,2002,1
2002-11-03,高雄市,SE6 青蔥 粉蔥 ,,,,,,,,11,7,2002,1
2002-11-04,高雄市,SE6 青蔥 粉蔥 ,,,,,,,,11,1,2002,1
2002-11-05,高雄市,SE6 青蔥 粉蔥 ,,,,,,,,11,2,2002,1
2002-11-06,高雄市,SE6 青蔥 粉蔥 ,,,,,,,,11,3,2002,1
2002-11-07,高雄市,SE6 青蔥 粉蔥 ,,,,,,,,11,4,2002,1
2002-11-08,高雄市,SE6 青蔥 粉蔥 ,,,,,,,,11,5,2002,1
2002-11-09,高雄市,SE6 青蔥 粉蔥 ,,,,,,,,11,6,2002,1
2002-11-10,高雄市,SE6 青蔥 粉蔥 ,,,,,,,,11,7,2002,1
2002-11-11,高雄市,SE6 青蔥 粉蔥 ,,,,,,,,11,1,2002,1
2002-11-12,高雄市,SE6 青蔥 粉蔥 ,,,,,,,,11,2,2002,1
2002-11-13,高雄市,SE6 青蔥 粉蔥 ,,,,,,,,11,3,2002,1
2002-11-14,高雄市,SE6 青蔥 粉蔥 ,,,,,,,,11,4,2002,1
2002-11-15,高雄市,SE6 青蔥 粉蔥 ,,,,,,,,11,5,2002,1
2002-11-16,高雄市,SE6 青蔥 粉蔥 ,,,,,,,,11,6,2002,1
2002-11-17,高雄市,SE6 青蔥 粉蔥 ,,,,,,,,11,7,2002,1
2002-11-18,高雄市,SE6 青蔥 粉蔥 ,,,,,,,,11,1,2002,1
2002-11-19,高雄市,SE6 青蔥 粉蔥 ,,,,,,,,11,2,2002,1
2002-11-20,高雄市,SE6 青蔥 粉蔥 ,,,,,,,,11,3,2002,1
2002-11-21,高雄市,SE6 青蔥 粉蔥 ,,,,,,,,11,4,2002,1
2002-11-22,高雄市,SE6 青蔥 粉蔥 ,,,,,,,,11,5,2002,1
2002-11-23,高雄市,SE6 青蔥 粉蔥 ,,,,,,,,11,6,2002,1
2002-11-24,高雄市,SE6 青蔥 粉蔥 ,,,,,,,,11,7,2002,1
2002-11-25,高雄市,SE6 青蔥 粉蔥 ,,,,,,,,11,1,2002,1
2002-11-26,高雄市,SE6 青蔥 粉蔥 ,,,,,,,,11,2,2002,1
2002-11-27,高雄市,SE6 青蔥 粉蔥 ,,,,,,,,11,3,2002,1
2002-11-28,高雄市,SE6 青蔥 粉蔥 ,,,,,,,,11,4,2002,1
2002-11-29,高雄市,SE6 青蔥 粉蔥 ,,,,,,,,11,5,2002,1
2002-11-30,高雄市,SE6 青蔥 粉蔥 ,,,,,,,,11,6,2002,1
2002-12-01,高雄市,SE6 青蔥 粉蔥 ,,,,,,,,12,7,2002,1
2002-12-02,高雄市,SE6 青蔥 粉蔥 ,,,,,,,,12,1,2002,1
2002-12-03,高雄市,SE6 青蔥 粉蔥 ,,,,,,,,12,2,2002,1
2002-12-04,高雄市,SE6 青蔥 粉蔥 ,,,,,,,,12,3,2002,1
2002-12-05,高雄市,SE6 青蔥 粉蔥 ,,,,,,,,12,4,2002,1
2002-12-06,高雄市,SE6 青蔥 粉蔥 ,,,,,,,,12,5,2002,1
2002-12-07,高雄市,SE6 青蔥 粉蔥 ,,,,,,,,12,6,2002,1
2002-12-08,高雄市,SE6 青蔥 粉蔥 ,,,,,,,,12,7,2002,1
2002-12-09,高雄市,SE6 青蔥 粉蔥 ,,,,,,,,12,1,2002,1
2002-12-10,高雄市,SE6 青蔥 粉蔥 ,,,,,,,,12,2,2002,1
2002-12-11,高雄市,SE6 青蔥 粉蔥 ,,,,,,,,12,3,2002,1
2002-12-12,高雄市,SE6 青蔥 粉蔥 ,,,,,,,,12,4,2002,1
2002-12-13,高雄市,SE6 青蔥 粉蔥 ,,,,,,,,12,5,2002,1
2002-12-14,高雄市,SE6 青蔥 粉蔥 ,,,,,,,,12,6,2002,1
2002-12-15,高雄市,SE6 青蔥 粉蔥 ,,,,,,,,12,7,2002,1
2002-12-16,高雄市,SE6 青蔥 粉蔥 ,,,,,,,,12,1,2002,1
2002-12-17,高雄市,SE6 青蔥 粉蔥 ,,,,,,,,12,2,2002,1
2002-12-18,高雄市,SE6 青蔥 粉蔥 ,,,,,,,,12,3,2002,1
2002-12-19,高雄市,SE6 青蔥 粉蔥 ,,,,,,,,12,4,2002,1
2002-12-20,高雄市,SE6 青蔥 粉蔥 ,,,,,,,,12,5,2002,1
2002-12-21,高雄市,SE6 青蔥 粉蔥 ,,,,,,,,12,6,2002,1
2002-12-22,高雄市,SE6 青蔥 粉蔥 ,,,,,,,,12,7,2002,1
2002-12-23,高雄市,SE6 青蔥 粉蔥 ,,,,,,,,12,1,2002,1
2002-12-24,高雄市,SE6 青蔥 粉蔥 ,,,,,,,,12,2,2002,1
2002-12-25,高雄市,SE6 青蔥 粉蔥 ,,,,,,,,12,3,2002,1
2002-12-26,高雄市,SE6 青蔥 粉蔥 ,,,,,,,,12,4,2002,1
2002-12-27,高雄市,SE6 青蔥 粉蔥 ,,,,,,,,12,5,2002,1
2002-12-28,高雄市,SE6 青蔥 粉蔥 ,,,,,,,,12,6,2002,1
2002-12-29,高雄市,SE6 青蔥 粉蔥 ,,,,,,,,12,7,2002,1
2002-12-30,高雄市,SE6 青蔥 粉蔥 ,,,,,,,,12,1,2002,1
2002-12-31,高雄市,SE6 青蔥 粉蔥 ,,,,,,,,12,2,2002,1
2003-01-01,高雄市,SE6 青蔥 粉蔥 ,,,,,,,,1,3,2003,1
2003-01-02,高雄市,SE6 青蔥 粉蔥 ,,,,,,,,1,4,2003,1
2003-01-03,高雄市,SE6 青蔥 粉蔥 ,,,,,,,,1,5,2003,1
2003-01-04,高雄市,SE6 青蔥 粉蔥 ,,,,,,,,1,6,2003,1
2003-01-05,高雄市,SE6 青蔥 粉蔥 ,,,,,,,,1,7,2003,1
2003-01-06,高雄市,SE6 青蔥 粉蔥 ,,,,,,,,1,1,2003,1
2003-01-07,高雄市,SE6 青蔥 粉蔥 ,,,,,,,,1,2,2003,1
2003-01-08,高雄市,SE6 青蔥 粉蔥 ,,,,,,,,1,3,2003,1
2003-01-09,高雄市,SE6 青蔥 粉蔥 ,,,,,,,,1,4,2003,1
2003-01-10,高雄市,SE6 青蔥 粉蔥 ,,,,,,,,1,5,2003,1
2003-01-11,高雄市,SE6 青蔥 粉蔥 ,,,,,,,,1,6,2003,1
2003-01-12,高雄市,SE6 青蔥 粉蔥 ,,,,,,,,1,7,2003,1
2003-01-13,高雄市,SE6 青蔥 粉蔥 ,,,,,,,,1,1,2003,1
2003-01-14,高雄市,SE6 青蔥 粉蔥 ,,,,,,,,1,2,2003,1
2003-01-15,高雄市,SE6 青蔥 粉蔥 ,8.0,8.0,8.0,8.0,33.33,40.0,0.0,1,3,2003,0
2003-01-16,高雄市,SE6 青蔥 粉蔥 ,,,,,,,,1,4,2003,1
2003-01-17,高雄市,SE6 青蔥 粉蔥 ,,,,,,,,1,5,2003,1
2003-01-18,高雄市,SE6 青蔥 粉蔥 ,,,,,,,,1,6,2003,1
2003-01-19,高雄市,SE6 青蔥 粉蔥 ,,,,,,,,1,7,2003,1
2003-01-20,高雄市,SE6 青蔥 粉蔥 ,,,,,,,,1,1,2003,1
2003-01-21,高雄市,SE6 青蔥 粉蔥 ,,,,,,,,1,2,2003,1
2003-01-22,高雄市,SE6 青蔥 粉蔥 ,,,,,,,,1,3,2003,1
2003-01-23,高雄市,SE6 青蔥 粉蔥 ,,,,,,,,1,4,2003,1
2003-01-24,高雄市,SE6 青蔥 粉蔥 ,,,,,,,,1,5,2003,1
2003-01-25,高雄市,SE6 青蔥 粉蔥 ,4.0,4.0,4.0,4.0,-50.0,75.0,87.5,1,6,2003,0
2003-01-26,高雄市,SE6 青蔥 粉蔥 ,,,,,,,,1,7,2003,1
2003-01-27,高雄市,SE6 青蔥 粉蔥 ,,,,,,,,1,1,2003,1
2003-01-28,高雄市,SE6 青蔥 粉蔥 ,,,,,,,,1,2,2003,1
2003-01-29,高雄市,SE6 青蔥 粉蔥 ,,,,,,,,1,3,2003,1
2003-01-30,高雄市,SE6 青蔥 粉蔥 ,,,,,,,,1,4,2003,1
2003-01-31,高雄市,SE6 青蔥 粉蔥 ,,,,,,,,1,5,2003,1
2003-02-01,高雄市,SE6 青蔥 粉蔥 ,,,,,,,,2,6,2003,1
2003-02-02,高雄市,SE6 青蔥 粉蔥 ,,,,,,,,2,7,2003,1
2003-02-03,高雄市,SE6 青蔥 粉蔥 ,,,,,,,,2,1,2003,1
2003-02-04,高雄市,SE6 青蔥 粉蔥 ,,,,,,,,2,2,2003,1
2003-02-05,高雄市,SE6 青蔥 粉蔥 ,,,,,,,,2,3,2003,1
2003-02-06,高雄市,SE6 青蔥 粉蔥 ,,,,,,,,2,4,2003,1
2003-02-07,高雄市,SE6 青蔥 粉蔥 ,,,,,,,,2,5,2003,1
2003-02-08,高雄市,SE6 青蔥 粉蔥 ,,,,,,,,2,6,2003,1
2003-02-09,高雄市,SE6 青蔥 粉蔥 ,,,,,,,,2,7,2003,1
2003-02-10,高雄市,SE6 青蔥 粉蔥 ,,,,,,,,2,1,2003,1
2003-02-11,高雄市,SE6 青蔥 粉蔥 ,,,,,,,,2,2,2003,1
2003-02-12,高雄市,SE6 青蔥 粉蔥 ,,,,,,,,2,3,2003,1
2003-02-13,高雄市,SE6 青蔥 粉蔥 ,,,,,,,,2,4,2003,1
2003-02-14,高雄市,SE6 青蔥 粉蔥 ,,,,,,,,2,5,2003,1
2003-02-15,高雄市,SE6 青蔥 粉蔥 ,,,,,,,,2,6,2003,1
2003-02-16,高雄市,SE6 青蔥 粉蔥 ,,,,,,,,2,7,2003,1
2003-02-17,高雄市,SE6 青蔥 粉蔥 ,,,,,,,,2,1,2003,1
2003-02-18,高雄市,SE6 青蔥 粉蔥 ,,,,,,,,2,2,2003,1
2003-02-19,高雄市,SE6 青蔥 粉蔥 ,,,,,,,,2,3,2003,1
2003-02-20,高雄市,SE6 青蔥 粉蔥 ,,,,,,,,2,4,2003,1
2003-02-21,高雄市,SE6 青蔥 粉蔥 ,,,,,,,,2,5,2003,1
2003-02-22,高雄市,SE6 青蔥 粉蔥 ,,,,,,,,2,6,2003,1
2003-02-23,高雄市,SE6 青蔥 粉蔥 ,,,,,,,,2,7,2003,1
2003-02-24,高雄市,SE6 青蔥 粉蔥 ,,,,,,,,2,1,2003,1
2003-02-25,高雄市,SE6 青蔥 粉蔥 ,,,,,,,,2,2,2003,1
2003-02-26,高雄市,SE6 青蔥 粉蔥 ,,,,,,,,2,3,2003,1
2003-02-27,高雄市,SE6 青蔥 粉蔥 ,,,,,,,,2,4,2003,1
2003-02-28,高雄市,SE6 青蔥 粉蔥 ,,,,,,,,2,5,2003,1
2003-03-01,高雄市,SE6 青蔥 粉蔥 ,,,,,,,,3,6,2003,1
2003-03-02,高雄市,SE6 青蔥 粉蔥 ,,,,,,,,3,7,2003,1
2003-03-03,高雄市,SE6 青蔥 粉蔥 ,,,,,,,,3,1,2003,1
2003-03-04,高雄市,SE6 青蔥 粉蔥 ,,,,,,,,3,2,2003,1
2003-03-05,高雄市,SE6 青蔥 粉蔥 ,,,,,,,,3,3,2003,1
2003-03-06,高雄市,SE6 青蔥 粉蔥 ,,,,,,,,3,4,2003,1
2003-03-07,高雄市,SE6 青蔥 粉蔥 ,,,,,,,,3,5,2003,1
2003-03-08,高雄市,SE6 青蔥 粉蔥 ,,,,,,,,3,6,2003,1
2003-03-09,高雄市,SE6 青蔥 粉蔥 ,,,,,,,,3,7,2003,1
2003-03-10,高雄市,SE6 青蔥 粉蔥 ,,,,,,,,3,1,2003,1
2003-03-11,高雄市,SE6 青蔥 粉蔥 ,,,,,,,,3,2,2003,1
2003-03-12,高雄市,SE6 青蔥 粉蔥 ,,,,,,,,3,3,2003,1
2003-03-13,高雄市,SE6 青蔥 粉蔥 ,,,,,,,,3,4,2003,1
2003-03-14,高雄市,SE6 青蔥 粉蔥 ,,,,,,,,3,5,2003,1
2003-03-15,高雄市,SE6 青蔥 粉蔥 ,,,,,,,,3,6,2003,1
2003-03-16,高雄市,SE6 青蔥 粉蔥 ,,,,,,,,3,7,2003,1
2003-03-17,高雄市,SE6 青蔥 粉蔥 ,,,,,,,,3,1,2003,1
2003-03-18,高雄市,SE6 青蔥 粉蔥 ,,,,,,,,3,2,2003,1
2003-03-19,高雄市,SE6 青蔥 粉蔥 ,,,,,,,,3,3,2003,1
2003-03-20,高雄市,SE6 青蔥 粉蔥 ,,,,,,,,3,4,2003,1
2003-03-21,高雄市,SE6 青蔥 粉蔥 ,,,,,,,,3,5,2003,1
2003-03-22,高雄市,SE6 青蔥 粉蔥 ,,,,,,,,3,6,2003,1
2003-03-23,高雄市,SE6 青蔥 粉蔥 ,,,,,,,,3,7,2003,1
2003-03-24,高雄市,SE6 青蔥 粉蔥 ,,,,,,,,3,1,2003,1
2003-03-25,高雄市,SE6 青蔥 粉蔥 ,,,,,,,,3,2,2003,1
2003-03-26,高雄市,SE6 青蔥 粉蔥 ,,,,,,,,3,3,2003,1
2003-03-27,高雄市,SE6 青蔥 粉蔥 ,,,,,,,,3,4,2003,1
2003-03-28,高雄市,SE6 青蔥 粉蔥 ,,,,,,,,3,5,2003,1
2003-03-29,高雄市,SE6 青蔥 粉蔥 ,,,,,,,,3,6,2003,1
2003-03-30,高雄市,SE6 青蔥 粉蔥 ,,,,,,,,3,7,2003,1
2003-03-31,高雄市,SE6 青蔥 粉蔥 ,,,,,,,,3,1,2003,1
2003-04-01,高雄市,SE6 青蔥 粉蔥 ,,,,,,,,4,2,2003,1
2003-04-02,高雄市,SE6 青蔥 粉蔥 ,,,,,,,,4,3,2003,1
2003-04-03,高雄市,SE6 青蔥 粉蔥 ,,,,,,,,4,4,2003,1
2003-04-04,高雄市,SE6 青蔥 粉蔥 ,,,,,,,,4,5,2003,1
2003-04-05,高雄市,SE6 青蔥 粉蔥 ,,,,,,,,4,6,2003,1
2003-04-06,高雄市,SE6 青蔥 粉蔥 ,,,,,,,,4,7,2003,1
2003-04-07,高雄市,SE6 青蔥 粉蔥 ,,,,,,,,4,1,2003,1
2003-04-08,高雄市,SE6 青蔥 粉蔥 ,,,,,,,,4,2,2003,1
2003-04-09,高雄市,SE6 青蔥 粉蔥 ,,,,,,,,4,3,2003,1
2003-04-10,高雄市,SE6 青蔥 粉蔥 ,,,,,,,,4,4,2003,1
2003-04-11,高雄市,SE6 青蔥 粉蔥 ,,,,,,,,4,5,2003,1
2003-04-12,高雄市,SE6 青蔥 粉蔥 ,,,,,,,,4,6,2003,1
2003-04-13,高雄市,SE6 青蔥 粉蔥 ,,,,,,,,4,7,2003,1
2003-04-14,高雄市,SE6 青蔥 粉蔥 ,,,,,,,,4,1,2003,1
2003-04-15,高雄市,SE6 青蔥 粉蔥 ,,,,,,,,4,2,2003,1
2003-04-16,高雄市,SE6 青蔥 粉蔥 ,,,,,,,,4,3,2003,1
2003-04-17,高雄市,SE6 青蔥 粉蔥 ,,,,,,,,4,4,2003,1
2003-04-18,高雄市,SE6 青蔥 粉蔥 ,,,,,,,,4,5,2003,1
2003-04-19,高雄市,SE6 青蔥 粉蔥 ,,,,,,,,4,6,2003,1
2003-04-20,高雄市,SE6 青蔥 粉蔥 ,,,,,,,,4,7,2003,1
2003-04-21,高雄市,SE6 青蔥 粉蔥 ,,,,,,,,4,1,2003,1
2003-04-22,高雄市,SE6 青蔥 粉蔥 ,,,,,,,,4,2,2003,1
2003-04-23,高雄市,SE6 青蔥 粉蔥 ,,,,,,,,4,3,2003,1
2003-04-24,高雄市,SE6 青蔥 粉蔥 ,,,,,,,,4,4,2003,1
2003-04-25,高雄市,SE6 青蔥 粉蔥 ,,,,,,,,4,5,2003,1
2003-04-26,高雄市,SE6 青蔥 粉蔥 ,,,,,,,,4,6,2003,1
2003-04-27,高雄市,SE6 青蔥 粉蔥 ,,,,,,,,4,7,2003,1
2003-04-28,高雄市,SE6 青蔥 粉蔥 ,,,,,,,,4,1,2003,1
2003-04-29,高雄市,SE6 青蔥 粉蔥 ,,,,,,,,4,2,2003,1
2003-04-30,高雄市,SE6 青蔥 粉蔥 ,,,,,,,,4,3,2003,1
2003-05-01,高雄市,SE6 青蔥 粉蔥 ,,,,,,,,5,4,2003,1
2003-05-02,高雄市,SE6 青蔥 粉蔥 ,,,,,,,,5,5,2003,1
2003-05-03,高雄市,SE6 青蔥 粉蔥 ,,,,,,,,5,6,2003,1
2003-05-04,高雄市,SE6 青蔥 粉蔥 ,,,,,,,,5,7,2003,1
2003-05-05,高雄市,SE6 青蔥 粉蔥 ,,,,,,,,5,1,2003,1
2003-05-06,高雄市,SE6 青蔥 粉蔥 ,,,,,,,,5,2,2003,1
2003-05-07,高雄市,SE6 青蔥 粉蔥 ,,,,,,,,5,3,2003,1
2003-05-08,高雄市,SE6 青蔥 粉蔥 ,,,,,,,,5,4,2003,1
2003-05-09,高雄市,SE6 青蔥 粉蔥 ,,,,,,,,5,5,2003,1
2003-05-10,高雄市,SE6 青蔥 粉蔥 ,,,,,,,,5,6,2003,1
2003-05-11,高雄市,SE6 青蔥 粉蔥 ,,,,,,,,5,7,2003,1
2003-05-12,高雄市,SE6 青蔥 粉蔥 ,,,,,,,,5,1,2003,1
2003-05-13,高雄市,SE6 青蔥 粉蔥 ,,,,,,,,5,2,2003,1
2003-05-14,高雄市,SE6 青蔥 粉蔥 ,,,,,,,,5,3,2003,1
2003-05-15,高雄市,SE6 青蔥 粉蔥 ,,,,,,,,5,4,2003,1
2003-05-16,高雄市,SE6 青蔥 粉蔥 ,,,,,,,,5,5,2003,1
2003-05-17,高雄市,SE6 青蔥 粉蔥 ,,,,,,,,5,6,2003,1
2003-05-18,高雄市,SE6 青蔥 粉蔥 ,,,,,,,,5,7,2003,1
2003-05-19,高雄市,SE6 青蔥 粉蔥 ,,,,,,,,5,1,2003,1
2003-05-20,高雄市,SE6 青蔥 粉蔥 ,,,,,,,,5,2,2003,1
2003-05-21,高雄市,SE6 青蔥 粉蔥 ,,,,,,,,5,3,2003,1
2003-05-22,高雄市,SE6 青蔥 粉蔥 ,,,,,,,,5,4,2003,1
2003-05-23,高雄市,SE6 青蔥 粉蔥 ,,,,,,,,5,5,2003,1
2003-05-24,高雄市,SE6 青蔥 粉蔥 ,,,,,,,,5,6,2003,1
2003-05-25,高雄市,SE6 青蔥 粉蔥 ,,,,,,,,5,7,2003,1
2003-05-26,高雄市,SE6 青蔥 粉蔥 ,,,,,,,,5,1,2003,1
2003-05-27,高雄市,SE6 青蔥 粉蔥 ,,,,,,,,5,2,2003,1
2003-05-28,高雄市,SE6 青蔥 粉蔥 ,,,,,,,,5,3,2003,1
2003-05-29,高雄市,SE6 青蔥 粉蔥 ,,,,,,,,5,4,2003,1
2003-05-30,高雄市,SE6 青蔥 粉蔥 ,,,,,,,,5,5,2003,1
2003-05-31,高雄市,SE6 青蔥 粉蔥 ,,,,,,,,5,6,2003,1
2003-06-01,高雄市,SE6 青蔥 粉蔥 ,,,,,,,,6,7,2003,1
2003-06-02,高雄市,SE6 青蔥 粉蔥 ,,,,,,,,6,1,2003,1
2003-06-03,高雄市,SE6 青蔥 粉蔥 ,,,,,,,,6,2,2003,1
2003-06-04,高雄市,SE6 青蔥 粉蔥 ,,,,,,,,6,3,2003,1
2003-06-05,高雄市,SE6 青蔥 粉蔥 ,,,,,,,,6,4,2003,1
2003-06-06,高雄市,SE6 青蔥 粉蔥 ,,,,,,,,6,5,2003,1
2003-06-07,高雄市,SE6 青蔥 粉蔥 ,,,,,,,,6,6,2003,1
2003-06-08,高雄市,SE6 青蔥 粉蔥 ,,,,,,,,6,7,2003,1
2003-06-09,高雄市,SE6 青蔥 粉蔥 ,,,,,,,,6,1,2003,1
2003-06-10,高雄市,SE6 青蔥 粉蔥 ,,,,,,,,6,2,2003,1
2003-06-11,高雄市,SE6 青蔥 粉蔥 ,,,,,,,,6,3,2003,1
2003-06-12,高雄市,SE6 青蔥 粉蔥 ,,,,,,,,6,4,2003,1
2003-06-13,高雄市,SE6 青蔥 粉蔥 ,,,,,,,,6,5,2003,1
2003-06-14,高雄市,SE6 青蔥 粉蔥 ,,,,,,,,6,6,2003,1
2003-06-15,高雄市,SE6 青蔥 粉蔥 ,,,,,,,,6,7,2003,1
2003-06-16,高雄市,SE6 青蔥 粉蔥 ,,,,,,,,6,1,2003,1
2003-06-17,高雄市,SE6 青蔥 粉蔥 ,,,,,,,,6,2,2003,1
2003-06-18,高雄市,SE6 青蔥 粉蔥 ,,,,,,,,6,3,2003,1
2003-06-19,高雄市,SE6 青蔥 粉蔥 ,,,,,,,,6,4,2003,1
2003-06-20,高雄市,SE6 青蔥 粉蔥 ,,,,,,,,6,5,2003,1
2003-06-21,高雄市,SE6 青蔥 粉蔥 ,,,,,,,,6,6,2003,1
2003-06-22,高雄市,SE6 青蔥 粉蔥 ,,,,,,,,6,7,2003,1
2003-06-23,高雄市,SE6 青蔥 粉蔥 ,,,,,,,,6,1,2003,1
2003-06-24,高雄市,SE6 青蔥 粉蔥 ,,,,,,,,6,2,2003,1
2003-06-25,高雄市,SE6 青蔥 粉蔥 ,,,,,,,,6,3,2003,1
2003-06-26,高雄市,SE6 青蔥 粉蔥 ,,,,,,,,6,4,2003,1
2003-06-27,高雄市,SE6 青蔥 粉蔥 ,,,,,,,,6,5,2003,1
2003-06-28,高雄市,SE6 青蔥 粉蔥 ,,,,,,,,6,6,2003,1
2003-06-29,高雄市,SE6 青蔥 粉蔥 ,,,,,,,,6,7,2003,1
2003-06-30,高雄市,SE6 青蔥 粉蔥 ,,,,,,,,6,1,2003,1
2003-07-01,高雄市,SE6 青蔥 粉蔥 ,,,,,,,,7,2,2003,1
2003-07-02,高雄市,SE6 青蔥 粉蔥 ,,,,,,,,7,3,2003,1
2003-07-03,高雄市,SE6 青蔥 粉蔥 ,,,,,,,,7,4,2003,1
2003-07-04,高雄市,SE6 青蔥 粉蔥 ,,,,,,,,7,5,2003,1
2003-07-05,高雄市,SE6 青蔥 粉蔥 ,,,,,,,,7,6,2003,1
2003-07-06,高雄市,SE6 青蔥 粉蔥 ,,,,,,,,7,7,2003,1
2003-07-07,高雄市,SE6 青蔥 粉蔥 ,,,,,,,,7,1,2003,1
2003-07-08,高雄市,SE6 青蔥 粉蔥 ,,,,,,,,7,2,2003,1
2003-07-09,高雄市,SE6 青蔥 粉蔥 ,,,,,,,,7,3,2003,1
2003-07-10,高雄市,SE6 青蔥 粉蔥 ,,,,,,,,7,4,2003,1
2003-07-11,高雄市,SE6 青蔥 粉蔥 ,,,,,,,,7,5,2003,1
2003-07-12,高雄市,SE6 青蔥 粉蔥 ,,,,,,,,7,6,2003,1
2003-07-13,高雄市,SE6 青蔥 粉蔥 ,,,,,,,,7,7,2003,1
2003-07-14,高雄市,SE6 青蔥 粉蔥 ,,,,,,,,7,1,2003,1
2003-07-15,高雄市,SE6 青蔥 粉蔥 ,,,,,,,,7,2,2003,1
2003-07-16,高雄市,SE6 青蔥 粉蔥 ,,,,,,,,7,3,2003,1
2003-07-17,高雄市,SE6 青蔥 粉蔥 ,,,,,,,,7,4,2003,1
2003-07-18,高雄市,SE6 青蔥 粉蔥 ,,,,,,,,7,5,2003,1
2003-07-19,高雄市,SE6 青蔥 粉蔥 ,,,,,,,,7,6,2003,1
2003-07-20,高雄市,SE6 青蔥 粉蔥 ,,,,,,,,7,7,2003,1
2003-07-21,高雄市,SE6 青蔥 粉蔥 ,,,,,,,,7,1,2003,1
2003-07-22,高雄市,SE6 青蔥 粉蔥 ,9.0,9.0,9.0,9.0,125.0,50.0,-33.33,7,2,2003,0
2003-07-23,高雄市,SE6 青蔥 粉蔥 ,,,,,,,,7,3,2003,1
2003-07-24,高雄市,SE6 青蔥 粉蔥 ,,,,,,,,7,4,2003,1
2003-07-25,高雄市,SE6 青蔥 粉蔥 ,,,,,,,,7,5,2003,1
2003-07-26,高雄市,SE6 青蔥 粉蔥 ,5.0,5.0,5.0,5.0,-44.44,30.0,-40.0,7,6,2003,0
2003-07-27,高雄市,SE6 青蔥 粉蔥 ,,,,,,,,7,7,2003,1
2003-07-28,高雄市,SE6 青蔥 粉蔥 ,,,,,,,,7,1,2003,1
2003-07-29,高雄市,SE6 青蔥 粉蔥 ,,,,,,,,7,2,2003,1
2003-07-30,高雄市,SE6 青蔥 粉蔥 ,,,,,,,,7,3,2003,1
2003-07-31,高雄市,SE6 青蔥 粉蔥 ,,,,,,,,7,4,2003,1
2003-08-01,高雄市,SE6 青蔥 粉蔥 ,,,,,,,,8,5,2003,1
2003-08-02,高雄市,SE6 青蔥 粉蔥 ,,,,,,,,8,6,2003,1
2003-08-03,高雄市,SE6 青蔥 粉蔥 ,,,,,,,,8,7,2003,1
2003-08-04,高雄市,SE6 青蔥 粉蔥 ,,,,,,,,8,1,2003,1
2003-08-05,高雄市,SE6 青蔥 粉蔥 ,,,,,,,,8,2,2003,1
2003-08-06,高雄市,SE6 青蔥 粉蔥 ,,,,,,,,8,3,2003,1
2003-08-07,高雄市,SE6 青蔥 粉蔥 ,,,,,,,,8,4,2003,1
2003-08-08,高雄市,SE6 青蔥 粉蔥 ,,,,,,,,8,5,2003,1
2003-08-09,高雄市,SE6 青蔥 粉蔥 ,,,,,,,,8,6,2003,1
2003-08-10,高雄市,SE6 青蔥 粉蔥 ,,,,,,,,8,7,2003,1
2003-08-11,高雄市,SE6 青蔥 粉蔥 ,,,,,,,,8,1,2003,1
2003-08-12,高雄市,SE6 青蔥 粉蔥 ,,,,,,,,8,2,2003,1
2003-08-13,高雄市,SE6 青蔥 粉蔥 ,,,,,,,,8,3,2003,1
2003-08-14,高雄市,SE6 青蔥 粉蔥 ,,,,,,,,8,4,2003,1
2003-08-15,高雄市,SE6 青蔥 粉蔥 ,,,,,,,,8,5,2003,1
2003-08-16,高雄市,SE6 青蔥 粉蔥 ,,,,,,,,8,6,2003,1
2003-08-17,高雄市,SE6 青蔥 粉蔥 ,,,,,,,,8,7,2003,1
2003-08-18,高雄市,SE6 青蔥 粉蔥 ,,,,,,,,8,1,2003,1
2003-08-19,高雄市,SE6 青蔥 粉蔥 ,,,,,,,,8,2,2003,1
2003-08-20,高雄市,SE6 青蔥 粉蔥 ,,,,,,,,8,3,2003,1
2003-08-21,高雄市,SE6 青蔥 粉蔥 ,,,,,,,,8,4,2003,1
2003-08-22,高雄市,SE6 青蔥 粉蔥 ,,,,,,,,8,5,2003,1
2003-08-23,高雄市,SE6 青蔥 粉蔥 ,,,,,,,,8,6,2003,1
2003-08-24,高雄市,SE6 青蔥 粉蔥 ,,,,,,,,8,7,2003,1
2003-08-25,高雄市,SE6 青蔥 粉蔥 ,,,,,,,,8,1,2003,1
2003-08-26,高雄市,SE6 青蔥 粉蔥 ,,,,,,,,8,2,2003,1
2003-08-27,高雄市,SE6 青蔥 粉蔥 ,,,,,,,,8,3,2003,1
2003-08-28,高雄市,SE6 青蔥 粉蔥 ,,,,,,,,8,4,2003,1
2003-08-29,高雄市,SE6 青蔥 粉蔥 ,,,,,,,,8,5,2003,1
2003-08-30,高雄市,SE6 青蔥 粉蔥 ,,,,,,,,8,6,2003,1
2003-08-31,高雄市,SE6 青蔥 粉蔥 ,,,,,,,,8,7,2003,1
2003-09-01,高雄市,SE6 青蔥 粉蔥 ,,,,,,,,9,1,2003,1
2003-09-02,高雄市,SE6 青蔥 粉蔥 ,,,,,,,,9,2,2003,1
2003-09-03,高雄市,SE6 青蔥 粉蔥 ,,,,,,,,9,3,2003,1
2003-09-04,高雄市,SE6 青蔥 粉蔥 ,,,,,,,,9,4,2003,1
2003-09-05,高雄市,SE6 青蔥 粉蔥 ,,,,,,,,9,5,2003,1
2003-09-06,高雄市,SE6 青蔥 粉蔥 ,,,,,,,,9,6,2003,1
2003-09-07,高雄市,SE6 青蔥 粉蔥 ,,,,,,,,9,7,2003,1
2003-09-08,高雄市,SE6 青蔥 粉蔥 ,,,,,,,,9,1,2003,1
2003-09-09,高雄市,SE6 青蔥 粉蔥 ,,,,,,,,9,2,2003,1
2003-09-10,高雄市,SE6 青蔥 粉蔥 ,,,,,,,,9,3,2003,1
2003-09-11,高雄市,SE6 青蔥 粉蔥 ,,,,,,,,9,4,2003,1
2003-09-12,高雄市,SE6 青蔥 粉蔥 ,,,,,,,,9,5,2003,1
2003-09-13,高雄市,SE6 青蔥 粉蔥 ,,,,,,,,9,6,2003,1
2003-09-14,高雄市,SE6 青蔥 粉蔥 ,,,,,,,,9,7,2003,1
2003-09-15,高雄市,SE6 青蔥 粉蔥 ,,,,,,,,9,1,2003,1
2003-09-16,高雄市,SE6 青蔥 粉蔥 ,,,,,,,,9,2,2003,1
2003-09-17,高雄市,SE6 青蔥 粉蔥 ,,,,,,,,9,3,2003,1
2003-09-18,高雄市,SE6 青蔥 粉蔥 ,,,,,,,,9,4,2003,1
2003-09-19,高雄市,SE6 青蔥 粉蔥 ,,,,,,,,9,5,2003,1
2003-09-20,高雄市,SE6 青蔥 粉蔥 ,,,,,,,,9,6,2003,1
2003-09-21,高雄市,SE6 青蔥 粉蔥 ,,,,,,,,9,7,2003,1
2003-09-22,高雄市,SE6 青蔥 粉蔥 ,,,,,,,,9,1,2003,1
2003-09-23,高雄市,SE6 青蔥 粉蔥 ,,,,,,,,9,2,2003,1
2003-09-24,高雄市,SE6 青蔥 粉蔥 ,,,,,,,,9,3,2003,1
2003-09-25,高雄市,SE6 青蔥 粉蔥 ,,,,,,,,9,4,2003,1
2003-09-26,高雄市,SE6 青蔥 粉蔥 ,,,,,,,,9,5,2003,1
2003-09-27,高雄市,SE6 青蔥 粉蔥 ,,,,,,,,9,6,2003,1
2003-09-28,高雄市,SE6 青蔥 粉蔥 ,,,,,,,,9,7,2003,1
2003-09-29,高雄市,SE6 青蔥 粉蔥 ,,,,,,,,9,1,2003,1
2003-09-30,高雄市,SE6 青蔥 粉蔥 ,,,,,,,,9,2,2003,1
2003-10-01,高雄市,SE6 青蔥 粉蔥 ,,,,,,,,10,3,2003,1
2003-10-02,高雄市,SE6 青蔥 粉蔥 ,,,,,,,,10,4,2003,1
2003-10-03,高雄市,SE6 青蔥 粉蔥 ,,,,,,,,10,5,2003,1
2003-10-04,高雄市,SE6 青蔥 粉蔥 ,,,,,,,,10,6,2003,1
2003-10-05,高雄市,SE6 青蔥 粉蔥 ,,,,,,,,10,7,2003,1
2003-10-06,高雄市,SE6 青蔥 粉蔥 ,,,,,,,,10,1,2003,1
2003-10-07,高雄市,SE6 青蔥 粉蔥 ,,,,,,,,10,2,2003,1
2003-10-08,高雄市,SE6 青蔥 粉蔥 ,,,,,,,,10,3,2003,1
2003-10-09,高雄市,SE6 青蔥 粉蔥 ,,,,,,,,10,4,2003,1
2003-10-10,高雄市,SE6 青蔥 粉蔥 ,,,,,,,,10,5,2003,1
2003-10-11,高雄市,SE6 青蔥 粉蔥 ,,,,,,,,10,6,2003,1
2003-10-12,高雄市,SE6 青蔥 粉蔥 ,,,,,,,,10,7,2003,1
2003-10-13,高雄市,SE6 青蔥 粉蔥 ,,,,,,,,10,1,2003,1
2003-10-14,高雄市,SE6 青蔥 粉蔥 ,,,,,,,,10,2,2003,1
2003-10-15,高雄市,SE6 青蔥 粉蔥 ,,,,,,,,10,3,2003,1
2003-10-16,高雄市,SE6 青蔥 粉蔥 ,,,,,,,,10,4,2003,1
2003-10-17,高雄市,SE6 青蔥 粉蔥 ,,,,,,,,10,5,2003,1
2003-10-18,高雄市,SE6 青蔥 粉蔥 ,,,,,,,,10,6,2003,1
2003-10-19,高雄市,SE6 青蔥 粉蔥 ,,,,,,,,10,7,2003,1
2003-10-20,高雄市,SE6 青蔥 粉蔥 ,,,,,,,,10,1,2003,1
2003-10-21,高雄市,SE6 青蔥 粉蔥 ,,,,,,,,10,2,2003,1
2003-10-22,高雄市,SE6 青蔥 粉蔥 ,,,,,,,,10,3,2003,1
2003-10-23,高雄市,SE6 青蔥 粉蔥 ,,,,,,,,10,4,2003,1
2003-10-24,高雄市,SE6 青蔥 粉蔥 ,,,,,,,,10,5,2003,1
2003-10-25,高雄市,SE6 青蔥 粉蔥 ,,,,,,,,10,6,2003,1
2003-10-26,高雄市,SE6 青蔥 粉蔥 ,,,,,,,,10,7,2003,1
2003-10-27,高雄市,SE6 青蔥 粉蔥 ,,,,,,,,10,1,2003,1
2003-10-28,高雄市,SE6 青蔥 粉蔥 ,,,,,,,,10,2,2003,1
2003-10-29,高雄市,SE6 青蔥 粉蔥 ,,,,,,,,10,3,2003,1
2003-10-30,高雄市,SE6 青蔥 粉蔥 ,,,,,,,,10,4,2003,1
2003-10-31,高雄市,SE6 青蔥 粉蔥 ,,,,,,,,10,5,2003,1
2003-11-01,高雄市,SE6 青蔥 粉蔥 ,,,,,,,,11,6,2003,1
2003-11-02,高雄市,SE6 青蔥 粉蔥 ,,,,,,,,11,7,2003,1
2003-11-03,高雄市,SE6 青蔥 粉蔥 ,,,,,,,,11,1,2003,1
2003-11-04,高雄市,SE6 青蔥 粉蔥 ,,,,,,,,11,2,2003,1
2003-11-05,高雄市,SE6 青蔥 粉蔥 ,,,,,,,,11,3,2003,1
2003-11-06,高雄市,SE6 青蔥 粉蔥 ,,,,,,,,11,4,2003,1
2003-11-07,高雄市,SE6 青蔥 粉蔥 ,,,,,,,,11,5,2003,1
2003-11-08,高雄市,SE6 青蔥 粉蔥 ,,,,,,,,11,6,2003,1
2003-11-09,高雄市,SE6 青蔥 粉蔥 ,,,,,,,,11,7,2003,1
2003-11-10,高雄市,SE6 青蔥 粉蔥 ,,,,,,,,11,1,2003,1
2003-11-11,高雄市,SE6 青蔥 粉蔥 ,,,,,,,,11,2,2003,1
2003-11-12,高雄市,SE6 青蔥 粉蔥 ,,,,,,,,11,3,2003,1
2003-11-13,高雄市,SE6 青蔥 粉蔥 ,28.0,28.0,28.0,28.0,460.0,21.0,-30.0,11,4,2003,0
2003-11-14,高雄市,SE6 青蔥 粉蔥 ,26.0,26.0,26.0,26.0,-7.14,40.0,90.48,11,5,2003,0
2003-11-15,高雄市,SE6 青蔥 粉蔥 ,,,,,,,,11,6,2003,1
2003-11-16,高雄市,SE6 青蔥 粉蔥 ,,,,,,,,11,7,2003,1
2003-11-17,高雄市,SE6 青蔥 粉蔥 ,,,,,,,,11,1,2003,1
2003-11-18,高雄市,SE6 青蔥 粉蔥 ,,,,,,,,11,2,2003,1
2003-11-19,高雄市,SE6 青蔥 粉蔥 ,,,,,,,,11,3,2003,1
2003-11-20,高雄市,SE6 青蔥 粉蔥 ,,,,,,,,11,4,2003,1
2003-11-21,高雄市,SE6 青蔥 粉蔥 ,,,,,,,,11,5,2003,1
2003-11-22,高雄市,SE6 青蔥 粉蔥 ,,,,,,,,11,6,2003,1
2003-11-23,高雄市,SE6 青蔥 粉蔥 ,,,,,,,,11,7,2003,1
2003-11-24,高雄市,SE6 青蔥 粉蔥 ,,,,,,,,11,1,2003,1
2003-11-25,高雄市,SE6 青蔥 粉蔥 ,,,,,,,,11,2,2003,1
2003-11-26,高雄市,SE6 青蔥 粉蔥 ,,,,,,,,11,3,2003,1
2003-11-27,高雄市,SE6 青蔥 粉蔥 ,,,,,,,,11,4,2003,1
2003-11-28,高雄市,SE6 青蔥 粉蔥 ,,,,,,,,11,5,2003,1
2003-11-29,高雄市,SE6 青蔥 粉蔥 ,,,,,,,,11,6,2003,1
2003-11-30,高雄市,SE6 青蔥 粉蔥 ,,,,,,,,11,7,2003,1
2003-12-01,高雄市,SE6 青蔥 粉蔥 ,,,,,,,,12,1,2003,1
2003-12-02,高雄市,SE6 青蔥 粉蔥 ,,,,,,,,12,2,2003,1
2003-12-03,高雄市,SE6 青蔥 粉蔥 ,,,,,,,,12,3,2003,1
2003-12-04,高雄市,SE6 青蔥 粉蔥 ,,,,,,,,12,4,2003,1
2003-12-05,高雄市,SE6 青蔥 粉蔥 ,,,,,,,,12,5,2003,1
2003-12-06,高雄市,SE6 青蔥 粉蔥 ,,,,,,,,12,6,2003,1
2003-12-07,高雄市,SE6 青蔥 粉蔥 ,,,,,,,,12,7,2003,1
2003-12-08,高雄市,SE6 青蔥 粉蔥 ,,,,,,,,12,1,2003,1
2003-12-09,高雄市,SE6 青蔥 粉蔥 ,,,,,,,,12,2,2003,1
2003-12-10,高雄市,SE6 青蔥 粉蔥 ,,,,,,,,12,3,2003,1
2003-12-11,高雄市,SE6 青蔥 粉蔥 ,,,,,,,,12,4,2003,1
2003-12-12,高雄市,SE6 青蔥 粉蔥 ,,,,,,,,12,5,2003,1
2003-12-13,高雄市,SE6 青蔥 粉蔥 ,,,,,,,,12,6,2003,1
2003-12-14,高雄市,SE6 青蔥 粉蔥 ,,,,,,,,12,7,2003,1
2003-12-15,高雄市,SE6 青蔥 粉蔥 ,,,,,,,,12,1,2003,1
2003-12-16,高雄市,SE6 青蔥 粉蔥 ,,,,,,,,12,2,2003,1
2003-12-17,高雄市,SE6 青蔥 粉蔥 ,,,,,,,,12,3,2003,1
2003-12-18,高雄市,SE6 青蔥 粉蔥 ,,,,,,,,12,4,2003,1
2003-12-19,高雄市,SE6 青蔥 粉蔥 ,,,,,,,,12,5,2003,1
2003-12-20,高雄市,SE6 青蔥 粉蔥 ,,,,,,,,12,6,2003,1
2003-12-21,高雄市,SE6 青蔥 粉蔥 ,,,,,,,,12,7,2003,1
2003-12-22,高雄市,SE6 青蔥 粉蔥 ,,,,,,,,12,1,2003,1
2003-12-23,高雄市,SE6 青蔥 粉蔥 ,,,,,,,,12,2,2003,1
2003-12-24,高雄市,SE6 青蔥 粉蔥 ,,,,,,,,12,3,2003,1
2003-12-25,高雄市,SE6 青蔥 粉蔥 ,,,,,,,,12,4,2003,1
2003-12-26,高雄市,SE6 青蔥 粉蔥 ,,,,,,,,12,5,2003,1
2003-12-27,高雄市,SE6 青蔥 粉蔥 ,,,,,,,,12,6,2003,1
2003-12-28,高雄市,SE6 青蔥 粉蔥 ,,,,,,,,12,7,2003,1
2003-12-29,高雄市,SE6 青蔥 粉蔥 ,,,,,,,,12,1,2003,1
2003-12-30,高雄市,SE6 青蔥 粉蔥 ,,,,,,,,12,2,2003,1
2003-12-31,高雄市,SE6 青蔥 粉蔥 ,,,,,,,,12,3,2003,1
2004-01-01,高雄市,SE6 青蔥 粉蔥 ,,,,,,,,1,4,2004,1
2004-01-02,高雄市,SE6 青蔥 粉蔥 ,,,,,,,,1,5,2004,1
2004-01-03,高雄市,SE6 青蔥 粉蔥 ,,,,,,,,1,6,2004,1
2004-01-04,高雄市,SE6 青蔥 粉蔥 ,,,,,,,,1,7,2004,1
2004-01-05,高雄市,SE6 青蔥 粉蔥 ,,,,,,,,1,1,2004,1
2004-01-06,高雄市,SE6 青蔥 粉蔥 ,,,,,,,,1,2,2004,1
2004-01-07,高雄市,SE6 青蔥 粉蔥 ,,,,,,,,1,3,2004,1
2004-01-08,高雄市,SE6 青蔥 粉蔥 ,,,,,,,,1,4,2004,1
2004-01-09,高雄市,SE6 青蔥 粉蔥 ,,,,,,,,1,5,2004,1
2004-01-10,高雄市,SE6 青蔥 粉蔥 ,,,,,,,,1,6,2004,1
2004-01-11,高雄市,SE6 青蔥 粉蔥 ,,,,,,,,1,7,2004,1
2004-01-12,高雄市,SE6 青蔥 粉蔥 ,,,,,,,,1,1,2004,1
2004-01-13,高雄市,SE6 青蔥 粉蔥 ,,,,,,,,1,2,2004,1
2004-01-14,高雄市,SE6 青蔥 粉蔥 ,,,,,,,,1,3,2004,1
2004-01-15,高雄市,SE6 青蔥 粉蔥 ,,,,,,,,1,4,2004,1
2004-01-16,高雄市,SE6 青蔥 粉蔥 ,,,,,,,,1,5,2004,1
2004-01-17,高雄市,SE6 青蔥 粉蔥 ,,,,,,,,1,6,2004,1
2004-01-18,高雄市,SE6 青蔥 粉蔥 ,,,,,,,,1,7,2004,1
2004-01-19,高雄市,SE6 青蔥 粉蔥 ,,,,,,,,1,1,2004,1
2004-01-20,高雄市,SE6 青蔥 粉蔥 ,,,,,,,,1,2,2004,1
2004-01-21,高雄市,SE6 青蔥 粉蔥 ,,,,,,,,1,3,2004,1
2004-01-22,高雄市,SE6 青蔥 粉蔥 ,,,,,,,,1,4,2004,1
2004-01-23,高雄市,SE6 青蔥 粉蔥 ,,,,,,,,1,5,2004,1
2004-01-24,高雄市,SE6 青蔥 粉蔥 ,,,,,,,,1,6,2004,1
2004-01-25,高雄市,SE6 青蔥 粉蔥 ,,,,,,,,1,7,2004,1
2004-01-26,高雄市,SE6 青蔥 粉蔥 ,,,,,,,,1,1,2004,1
2004-01-27,高雄市,SE6 青蔥 粉蔥 ,,,,,,,,1,2,2004,1
2004-01-28,高雄市,SE6 青蔥 粉蔥 ,,,,,,,,1,3,2004,1
2004-01-29,高雄市,SE6 青蔥 粉蔥 ,,,,,,,,1,4,2004,1
2004-01-30,高雄市,SE6 青蔥 粉蔥 ,,,,,,,,1,5,2004,1
2004-01-31,高雄市,SE6 青蔥 粉蔥 ,,,,,,,,1,6,2004,1
2004-02-01,高雄市,SE6 青蔥 粉蔥 ,,,,,,,,2,7,2004,1
2004-02-02,高雄市,SE6 青蔥 粉蔥 ,,,,,,,,2,1,2004,1
2004-02-03,高雄市,SE6 青蔥 粉蔥 ,,,,,,,,2,2,2004,1
2004-02-04,高雄市,SE6 青蔥 粉蔥 ,,,,,,,,2,3,2004,1
2004-02-05,高雄市,SE6 青蔥 粉蔥 ,,,,,,,,2,4,2004,1
2004-02-06,高雄市,SE6 青蔥 粉蔥 ,,,,,,,,2,5,2004,1
2004-02-07,高雄市,SE6 青蔥 粉蔥 ,,,,,,,,2,6,2004,1
2004-02-08,高雄市,SE6 青蔥 粉蔥 ,,,,,,,,2,7,2004,1
2004-02-09,高雄市,SE6 青蔥 粉蔥 ,,,,,,,,2,1,2004,1
2004-02-10,高雄市,SE6 青蔥 粉蔥 ,,,,,,,,2,2,2004,1
2004-02-11,高雄市,SE6 青蔥 粉蔥 ,,,,,,,,2,3,2004,1
2004-02-12,高雄市,SE6 青蔥 粉蔥 ,,,,,,,,2,4,2004,1
2004-02-13,高雄市,SE6 青蔥 粉蔥 ,,,,,,,,2,5,2004,1
2004-02-14,高雄市,SE6 青蔥 粉蔥 ,,,,,,,,2,6,2004,1
2004-02-15,高雄市,SE6 青蔥 粉蔥 ,,,,,,,,2,7,2004,1
2004-02-16,高雄市,SE6 青蔥 粉蔥 ,,,,,,,,2,1,2004,1
2004-02-17,高雄市,SE6 青蔥 粉蔥 ,,,,,,,,2,2,2004,1
2004-02-18,高雄市,SE6 青蔥 粉蔥 ,,,,,,,,2,3,2004,1
2004-02-19,高雄市,SE6 青蔥 粉蔥 ,,,,,,,,2,4,2004,1
2004-02-20,高雄市,SE6 青蔥 粉蔥 ,,,,,,,,2,5,2004,1
2004-02-21,高雄市,SE6 青蔥 粉蔥 ,,,,,,,,2,6,2004,1
2004-02-22,高雄市,SE6 青蔥 粉蔥 ,,,,,,,,2,7,2004,1
2004-02-23,高雄市,SE6 青蔥 粉蔥 ,,,,,,,,2,1,2004,1
2004-02-24,高雄市,SE6 青蔥 粉蔥 ,,,,,,,,2,2,2004,1
2004-02-25,高雄市,SE6 青蔥 粉蔥 ,,,,,,,,2,3,2004,1
2004-02-26,高雄市,SE6 青蔥 粉蔥 ,,,,,,,,2,4,2004,1
2004-02-27,高雄市,SE6 青蔥 粉蔥 ,,,,,,,,2,5,2004,1
2004-02-28,高雄市,SE6 青蔥 粉蔥 ,,,,,,,,2,6,2004,1
2004-02-29,高雄市,SE6 青蔥 粉蔥 ,,,,,,,,2,7,2004,1
2004-03-01,高雄市,SE6 青蔥 粉蔥 ,,,,,,,,3,1,2004,1
2004-03-02,高雄市,SE6 青蔥 粉蔥 ,,,,,,,,3,2,2004,1
2004-03-03,高雄市,SE6 青蔥 粉蔥 ,,,,,,,,3,3,2004,1
2004-03-04,高雄市,SE6 青蔥 粉蔥 ,,,,,,,,3,4,2004,1
2004-03-05,高雄市,SE6 青蔥 粉蔥 ,,,,,,,,3,5,2004,1
2004-03-06,高雄市,SE6 青蔥 粉蔥 ,,,,,,,,3,6,2004,1
2004-03-07,高雄市,SE6 青蔥 粉蔥 ,,,,,,,,3,7,2004,1
2004-03-08,高雄市,SE6 青蔥 粉蔥 ,,,,,,,,3,1,2004,1
2004-03-09,高雄市,SE6 青蔥 粉蔥 ,,,,,,,,3,2,2004,1
2004-03-10,高雄市,SE6 青蔥 粉蔥 ,,,,,,,,3,3,2004,1
2004-03-11,高雄市,SE6 青蔥 粉蔥 ,,,,,,,,3,4,2004,1
2004-03-12,高雄市,SE6 青蔥 粉蔥 ,,,,,,,,3,5,2004,1
2004-03-13,高雄市,SE6 青蔥 粉蔥 ,,,,,,,,3,6,2004,1
2004-03-14,高雄市,SE6 青蔥 粉蔥 ,,,,,,,,3,7,2004,1
2004-03-15,高雄市,SE6 青蔥 粉蔥 ,,,,,,,,3,1,2004,1
2004-03-16,高雄市,SE6 青蔥 粉蔥 ,,,,,,,,3,2,2004,1
2004-03-17,高雄市,SE6 青蔥 粉蔥 ,,,,,,,,3,3,2004,1
2004-03-18,高雄市,SE6 青蔥 粉蔥 ,,,,,,,,3,4,2004,1
2004-03-19,高雄市,SE6 青蔥 粉蔥 ,,,,,,,,3,5,2004,1
2004-03-20,高雄市,SE6 青蔥 粉蔥 ,,,,,,,,3,6,2004,1
2004-03-21,高雄市,SE6 青蔥 粉蔥 ,,,,,,,,3,7,2004,1
2004-03-22,高雄市,SE6 青蔥 粉蔥 ,,,,,,,,3,1,2004,1
2004-03-23,高雄市,SE6 青蔥 粉蔥 ,,,,,,,,3,2,2004,1
2004-03-24,高雄市,SE6 青蔥 粉蔥 ,,,,,,,,3,3,2004,1
2004-03-25,高雄市,SE6 青蔥 粉蔥 ,,,,,,,,3,4,2004,1
2004-03-26,高雄市,SE6 青蔥 粉蔥 ,,,,,,,,3,5,2004,1
2004-03-27,高雄市,SE6 青蔥 粉蔥 ,,,,,,,,3,6,2004,1
2004-03-28,高雄市,SE6 青蔥 粉蔥 ,,,,,,,,3,7,2004,1
2004-03-29,高雄市,SE6 青蔥 粉蔥 ,,,,,,,,3,1,2004,1
2004-03-30,高雄市,SE6 青蔥 粉蔥 ,,,,,,,,3,2,2004,1
2004-03-31,高雄市,SE6 青蔥 粉蔥 ,,,,,,,,3,3,2004,1
2004-04-01,高雄市,SE6 青蔥 粉蔥 ,,,,,,,,4,4,2004,1
2004-04-02,高雄市,SE6 青蔥 粉蔥 ,,,,,,,,4,5,2004,1
2004-04-03,高雄市,SE6 青蔥 粉蔥 ,,,,,,,,4,6,2004,1
2004-04-04,高雄市,SE6 青蔥 粉蔥 ,,,,,,,,4,7,2004,1
2004-04-05,高雄市,SE6 青蔥 粉蔥 ,,,,,,,,4,1,2004,1
2004-04-06,高雄市,SE6 青蔥 粉蔥 ,,,,,,,,4,2,2004,1
2004-04-07,高雄市,SE6 青蔥 粉蔥 ,,,,,,,,4,3,2004,1
2004-04-08,高雄市,SE6 青蔥 粉蔥 ,,,,,,,,4,4,2004,1
2004-04-09,高雄市,SE6 青蔥 粉蔥 ,,,,,,,,4,5,2004,1
2004-04-10,高雄市,SE6 青蔥 粉蔥 ,,,,,,,,4,6,2004,1
2004-04-11,高雄市,SE6 青蔥 粉蔥 ,,,,,,,,4,7,2004,1
2004-04-12,高雄市,SE6 青蔥 粉蔥 ,,,,,,,,4,1,2004,1
2004-04-13,高雄市,SE6 青蔥 粉蔥 ,,,,,,,,4,2,2004,1
2004-04-14,高雄市,SE6 青蔥 粉蔥 ,,,,,,,,4,3,2004,1
2004-04-15,高雄市,SE6 青蔥 粉蔥 ,,,,,,,,4,4,2004,1
2004-04-16,高雄市,SE6 青蔥 粉蔥 ,,,,,,,,4,5,2004,1
2004-04-17,高雄市,SE6 青蔥 粉蔥 ,,,,,,,,4,6,2004,1
2004-04-18,高雄市,SE6 青蔥 粉蔥 ,,,,,,,,4,7,2004,1
2004-04-19,高雄市,SE6 青蔥 粉蔥 ,,,,,,,,4,1,2004,1
2004-04-20,高雄市,SE6 青蔥 粉蔥 ,,,,,,,,4,2,2004,1
2004-04-21,高雄市,SE6 青蔥 粉蔥 ,,,,,,,,4,3,2004,1
2004-04-22,高雄市,SE6 青蔥 粉蔥 ,,,,,,,,4,4,2004,1
2004-04-23,高雄市,SE6 青蔥 粉蔥 ,,,,,,,,4,5,2004,1
2004-04-24,高雄市,SE6 青蔥 粉蔥 ,,,,,,,,4,6,2004,1
2004-04-25,高雄市,SE6 青蔥 粉蔥 ,,,,,,,,4,7,2004,1
2004-04-26,高雄市,SE6 青蔥 粉蔥 ,,,,,,,,4,1,2004,1
2004-04-27,高雄市,SE6 青蔥 粉蔥 ,,,,,,,,4,2,2004,1
2004-04-28,高雄市,SE6 青蔥 粉蔥 ,,,,,,,,4,3,2004,1
2004-04-29,高雄市,SE6 青蔥 粉蔥 ,,,,,,,,4,4,2004,1
2004-04-30,高雄市,SE6 青蔥 粉蔥 ,,,,,,,,4,5,2004,1
2004-05-01,高雄市,SE6 青蔥 粉蔥 ,,,,,,,,5,6,2004,1
2004-05-02,高雄市,SE6 青蔥 粉蔥 ,,,,,,,,5,7,2004,1
2004-05-03,高雄市,SE6 青蔥 粉蔥 ,,,,,,,,5,1,2004,1
2004-05-04,高雄市,SE6 青蔥 粉蔥 ,,,,,,,,5,2,2004,1
2004-05-05,高雄市,SE6 青蔥 粉蔥 ,,,,,,,,5,3,2004,1
2004-05-06,高雄市,SE6 青蔥 粉蔥 ,,,,,,,,5,4,2004,1
2004-05-07,高雄市,SE6 青蔥 粉蔥 ,,,,,,,,5,5,2004,1
2004-05-08,高雄市,SE6 青蔥 粉蔥 ,,,,,,,,5,6,2004,1
2004-05-09,高雄市,SE6 青蔥 粉蔥 ,,,,,,,,5,7,2004,1
2004-05-10,高雄市,SE6 青蔥 粉蔥 ,,,,,,,,5,1,2004,1
2004-05-11,高雄市,SE6 青蔥 粉蔥 ,,,,,,,,5,2,2004,1
2004-05-12,高雄市,SE6 青蔥 粉蔥 ,,,,,,,,5,3,2004,1
2004-05-13,高雄市,SE6 青蔥 粉蔥 ,,,,,,,,5,4,2004,1
2004-05-14,高雄市,SE6 青蔥 粉蔥 ,,,,,,,,5,5,2004,1
2004-05-15,高雄市,SE6 青蔥 粉蔥 ,,,,,,,,5,6,2004,1
2004-05-16,高雄市,SE6 青蔥 粉蔥 ,,,,,,,,5,7,2004,1
2004-05-17,高雄市,SE6 青蔥 粉蔥 ,,,,,,,,5,1,2004,1
2004-05-18,高雄市,SE6 青蔥 粉蔥 ,,,,,,,,5,2,2004,1
2004-05-19,高雄市,SE6 青蔥 粉蔥 ,,,,,,,,5,3,2004,1
2004-05-20,高雄市,SE6 青蔥 粉蔥 ,,,,,,,,5,4,2004,1
2004-05-21,高雄市,SE6 青蔥 粉蔥 ,,,,,,,,5,5,2004,1
2004-05-22,高雄市,SE6 青蔥 粉蔥 ,,,,,,,,5,6,2004,1
2004-05-23,高雄市,SE6 青蔥 粉蔥 ,,,,,,,,5,7,2004,1
2004-05-24,高雄市,SE6 青蔥 粉蔥 ,,,,,,,,5,1,2004,1
2004-05-25,高雄市,SE6 青蔥 粉蔥 ,,,,,,,,5,2,2004,1
2004-05-26,高雄市,SE6 青蔥 粉蔥 ,,,,,,,,5,3,2004,1
2004-05-27,高雄市,SE6 青蔥 粉蔥 ,,,,,,,,5,4,2004,1
2004-05-28,高雄市,SE6 青蔥 粉蔥 ,,,,,,,,5,5,2004,1
2004-05-29,高雄市,SE6 青蔥 粉蔥 ,,,,,,,,5,6,2004,1
2004-05-30,高雄市,SE6 青蔥 粉蔥 ,,,,,,,,5,7,2004,1
2004-05-31,高雄市,SE6 青蔥 粉蔥 ,,,,,,,,5,1,2004,1
2004-06-01,高雄市,SE6 青蔥 粉蔥 ,,,,,,,,6,2,2004,1
2004-06-02,高雄市,SE6 青蔥 粉蔥 ,,,,,,,,6,3,2004,1
2004-06-03,高雄市,SE6 青蔥 粉蔥 ,,,,,,,,6,4,2004,1
2004-06-04,高雄市,SE6 青蔥 粉蔥 ,,,,,,,,6,5,2004,1
2004-06-05,高雄市,SE6 青蔥 粉蔥 ,,,,,,,,6,6,2004,1
2004-06-06,高雄市,SE6 青蔥 粉蔥 ,,,,,,,,6,7,2004,1
2004-06-07,高雄市,SE6 青蔥 粉蔥 ,,,,,,,,6,1,2004,1
2004-06-08,高雄市,SE6 青蔥 粉蔥 ,,,,,,,,6,2,2004,1
2004-06-09,高雄市,SE6 青蔥 粉蔥 ,,,,,,,,6,3,2004,1
2004-06-10,高雄市,SE6 青蔥 粉蔥 ,,,,,,,,6,4,2004,1
2004-06-11,高雄市,SE6 青蔥 粉蔥 ,,,,,,,,6,5,2004,1
2004-06-12,高雄市,SE6 青蔥 粉蔥 ,,,,,,,,6,6,2004,1
2004-06-13,高雄市,SE6 青蔥 粉蔥 ,,,,,,,,6,7,2004,1
2004-06-14,高雄市,SE6 青蔥 粉蔥 ,,,,,,,,6,1,2004,1
2004-06-15,高雄市,SE6 青蔥 粉蔥 ,,,,,,,,6,2,2004,1
2004-06-16,高雄市,SE6 青蔥 粉蔥 ,,,,,,,,6,3,2004,1
2004-06-17,高雄市,SE6 青蔥 粉蔥 ,,,,,,,,6,4,2004,1
2004-06-18,高雄市,SE6 青蔥 粉蔥 ,,,,,,,,6,5,2004,1
2004-06-19,高雄市,SE6 青蔥 粉蔥 ,,,,,,,,6,6,2004,1
2004-06-20,高雄市,SE6 青蔥 粉蔥 ,,,,,,,,6,7,2004,1
2004-06-21,高雄市,SE6 青蔥 粉蔥 ,,,,,,,,6,1,2004,1
2004-06-22,高雄市,SE6 青蔥 粉蔥 ,,,,,,,,6,2,2004,1
2004-06-23,高雄市,SE6 青蔥 粉蔥 ,,,,,,,,6,3,2004,1
2004-06-24,高雄市,SE6 青蔥 粉蔥 ,,,,,,,,6,4,2004,1
2004-06-25,高雄市,SE6 青蔥 粉蔥 ,,,,,,,,6,5,2004,1
2004-06-26,高雄市,SE6 青蔥 粉蔥 ,,,,,,,,6,6,2004,1
2004-06-27,高雄市,SE6 青蔥 粉蔥 ,,,,,,,,6,7,2004,1
2004-06-28,高雄市,SE6 青蔥 粉蔥 ,,,,,,,,6,1,2004,1
2004-06-29,高雄市,SE6 青蔥 粉蔥 ,,,,,,,,6,2,2004,1
2004-06-30,高雄市,SE6 青蔥 粉蔥 ,,,,,,,,6,3,2004,1
2004-07-01,高雄市,SE6 青蔥 粉蔥 ,,,,,,,,7,4,2004,1
2004-07-02,高雄市,SE6 青蔥 粉蔥 ,,,,,,,,7,5,2004,1
2004-07-03,高雄市,SE6 青蔥 粉蔥 ,,,,,,,,7,6,2004,1
2004-07-04,高雄市,SE6 青蔥 粉蔥 ,,,,,,,,7,7,2004,1
2004-07-05,高雄市,SE6 青蔥 粉蔥 ,,,,,,,,7,1,2004,1
2004-07-06,高雄市,SE6 青蔥 粉蔥 ,,,,,,,,7,2,2004,1
2004-07-07,高雄市,SE6 青蔥 粉蔥 ,,,,,,,,7,3,2004,1
2004-07-08,高雄市,SE6 青蔥 粉蔥 ,,,,,,,,7,4,2004,1
2004-07-09,高雄市,SE6 青蔥 粉蔥 ,,,,,,,,7,5,2004,1
2004-07-10,高雄市,SE6 青蔥 粉蔥 ,,,,,,,,7,6,2004,1
2004-07-11,高雄市,SE6 青蔥 粉蔥 ,,,,,,,,7,7,2004,1
2004-07-12,高雄市,SE6 青蔥 粉蔥 ,,,,,,,,7,1,2004,1
2004-07-13,高雄市,SE6 青蔥 粉蔥 ,,,,,,,,7,2,2004,1
2004-07-14,高雄市,SE6 青蔥 粉蔥 ,,,,,,,,7,3,2004,1
2004-07-15,高雄市,SE6 青蔥 粉蔥 ,,,,,,,,7,4,2004,1
2004-07-16,高雄市,SE6 青蔥 粉蔥 ,,,,,,,,7,5,2004,1
2004-07-17,高雄市,SE6 青蔥 粉蔥 ,,,,,,,,7,6,2004,1
2004-07-18,高雄市,SE6 青蔥 粉蔥 ,,,,,,,,7,7,2004,1
2004-07-19,高雄市,SE6 青蔥 粉蔥 ,,,,,,,,7,1,2004,1
2004-07-20,高雄市,SE6 青蔥 粉蔥 ,,,,,,,,7,2,2004,1
2004-07-21,高雄市,SE6 青蔥 粉蔥 ,,,,,,,,7,3,2004,1
2004-07-22,高雄市,SE6 青蔥 粉蔥 ,,,,,,,,7,4,2004,1
2004-07-23,高雄市,SE6 青蔥 粉蔥 ,,,,,,,,7,5,2004,1
2004-07-24,高雄市,SE6 青蔥 粉蔥 ,10.0,10.0,10.0,10.0,-61.54,20.0,-50.0,7,6,2004,0
2004-07-25,高雄市,SE6 青蔥 粉蔥 ,,,,,,,,7,7,2004,1
2004-07-26,高雄市,SE6 青蔥 粉蔥 ,,,,,,,,7,1,2004,1
2004-07-27,高雄市,SE6 青蔥 粉蔥 ,,,,,,,,7,2,2004,1
2004-07-28,高雄市,SE6 青蔥 粉蔥 ,,,,,,,,7,3,2004,1
2004-07-29,高雄市,SE6 青蔥 粉蔥 ,,,,,,,,7,4,2004,1
2004-07-30,高雄市,SE6 青蔥 粉蔥 ,,,,,,,,7,5,2004,1
2004-07-31,高雄市,SE6 青蔥 粉蔥 ,,,,,,,,7,6,2004,1
2004-08-01,高雄市,SE6 青蔥 粉蔥 ,,,,,,,,8,7,2004,1
2004-08-02,高雄市,SE6 青蔥 粉蔥 ,,,,,,,,8,1,2004,1
2004-08-03,高雄市,SE6 青蔥 粉蔥 ,,,,,,,,8,2,2004,1
2004-08-04,高雄市,SE6 青蔥 粉蔥 ,,,,,,,,8,3,2004,1
2004-08-05,高雄市,SE6 青蔥 粉蔥 ,,,,,,,,8,4,2004,1
2004-08-06,高雄市,SE6 青蔥 粉蔥 ,,,,,,,,8,5,2004,1
2004-08-07,高雄市,SE6 青蔥 粉蔥 ,,,,,,,,8,6,2004,1
2004-08-08,高雄市,SE6 青蔥 粉蔥 ,,,,,,,,8,7,2004,1
2004-08-09,高雄市,SE6 青蔥 粉蔥 ,,,,,,,,8,1,2004,1
2004-08-10,高雄市,SE6 青蔥 粉蔥 ,,,,,,,,8,2,2004,1
2004-08-11,高雄市,SE6 青蔥 粉蔥 ,,,,,,,,8,3,2004,1
2004-08-12,高雄市,SE6 青蔥 粉蔥 ,,,,,,,,8,4,2004,1
2004-08-13,高雄市,SE6 青蔥 粉蔥 ,,,,,,,,8,5,2004,1
2004-08-14,高雄市,SE6 青蔥 粉蔥 ,,,,,,,,8,6,2004,1
2004-08-15,高雄市,SE6 青蔥 粉蔥 ,,,,,,,,8,7,2004,1
2004-08-16,高雄市,SE6 青蔥 粉蔥 ,,,,,,,,8,1,2004,1
2004-08-17,高雄市,SE6 青蔥 粉蔥 ,,,,,,,,8,2,2004,1
2004-08-18,高雄市,SE6 青蔥 粉蔥 ,,,,,,,,8,3,2004,1
2004-08-19,高雄市,SE6 青蔥 粉蔥 ,,,,,,,,8,4,2004,1
2004-08-20,高雄市,SE6 青蔥 粉蔥 ,,,,,,,,8,5,2004,1
2004-08-21,高雄市,SE6 青蔥 粉蔥 ,,,,,,,,8,6,2004,1
2004-08-22,高雄市,SE6 青蔥 粉蔥 ,,,,,,,,8,7,2004,1
2004-08-23,高雄市,SE6 青蔥 粉蔥 ,,,,,,,,8,1,2004,1
2004-08-24,高雄市,SE6 青蔥 粉蔥 ,,,,,,,,8,2,2004,1
2004-08-25,高雄市,SE6 青蔥 粉蔥 ,,,,,,,,8,3,2004,1
2004-08-26,高雄市,SE6 青蔥 粉蔥 ,,,,,,,,8,4,2004,1
2004-08-27,高雄市,SE6 青蔥 粉蔥 ,,,,,,,,8,5,2004,1
2004-08-28,高雄市,SE6 青蔥 粉蔥 ,,,,,,,,8,6,2004,1
2004-08-29,高雄市,SE6 青蔥 粉蔥 ,,,,,,,,8,7,2004,1
2004-08-30,高雄市,SE6 青蔥 粉蔥 ,,,,,,,,8,1,2004,1
2004-08-31,高雄市,SE6 青蔥 粉蔥 ,,,,,,,,8,2,2004,1
2004-09-01,高雄市,SE6 青蔥 粉蔥 ,,,,,,,,9,3,2004,1
2004-09-02,高雄市,SE6 青蔥 粉蔥 ,,,,,,,,9,4,2004,1
2004-09-03,高雄市,SE6 青蔥 粉蔥 ,,,,,,,,9,5,2004,1
2004-09-04,高雄市,SE6 青蔥 粉蔥 ,,,,,,,,9,6,2004,1
2004-09-05,高雄市,SE6 青蔥 粉蔥 ,,,,,,,,9,7,2004,1
2004-09-06,高雄市,SE6 青蔥 粉蔥 ,,,,,,,,9,1,2004,1
2004-09-07,高雄市,SE6 青蔥 粉蔥 ,,,,,,,,9,2,2004,1
2004-09-08,高雄市,SE6 青蔥 粉蔥 ,,,,,,,,9,3,2004,1
2004-09-09,高雄市,SE6 青蔥 粉蔥 ,,,,,,,,9,4,2004,1
2004-09-10,高雄市,SE6 青蔥 粉蔥 ,,,,,,,,9,5,2004,1
2004-09-11,高雄市,SE6 青蔥 粉蔥 ,,,,,,,,9,6,2004,1
2004-09-12,高雄市,SE6 青蔥 粉蔥 ,,,,,,,,9,7,2004,1
2004-09-13,高雄市,SE6 青蔥 粉蔥 ,,,,,,,,9,1,2004,1
2004-09-14,高雄市,SE6 青蔥 粉蔥 ,,,,,,,,9,2,2004,1
2004-09-15,高雄市,SE6 青蔥 粉蔥 ,,,,,,,,9,3,2004,1
2004-09-16,高雄市,SE6 青蔥 粉蔥 ,,,,,,,,9,4,2004,1
2004-09-17,高雄市,SE6 青蔥 粉蔥 ,,,,,,,,9,5,2004,1
2004-09-18,高雄市,SE6 青蔥 粉蔥 ,,,,,,,,9,6,2004,1
2004-09-19,高雄市,SE6 青蔥 粉蔥 ,,,,,,,,9,7,2004,1
2004-09-20,高雄市,SE6 青蔥 粉蔥 ,,,,,,,,9,1,2004,1
2004-09-21,高雄市,SE6 青蔥 粉蔥 ,,,,,,,,9,2,2004,1
2004-09-22,高雄市,SE6 青蔥 粉蔥 ,,,,,,,,9,3,2004,1
2004-09-23,高雄市,SE6 青蔥 粉蔥 ,,,,,,,,9,4,2004,1
2004-09-24,高雄市,SE6 青蔥 粉蔥 ,,,,,,,,9,5,2004,1
2004-09-25,高雄市,SE6 青蔥 粉蔥 ,,,,,,,,9,6,2004,1
2004-09-26,高雄市,SE6 青蔥 粉蔥 ,,,,,,,,9,7,2004,1
2004-09-27,高雄市,SE6 青蔥 粉蔥 ,,,,,,,,9,1,2004,1
2004-09-28,高雄市,SE6 青蔥 粉蔥 ,,,,,,,,9,2,2004,1
2004-09-29,高雄市,SE6 青蔥 粉蔥 ,,,,,,,,9,3,2004,1
2004-09-30,高雄市,SE6 青蔥 粉蔥 ,,,,,,,,9,4,2004,1
2004-10-01,高雄市,SE6 青蔥 粉蔥 ,,,,,,,,10,5,2004,1
2004-10-02,高雄市,SE6 青蔥 粉蔥 ,,,,,,,,10,6,2004,1
2004-10-03,高雄市,SE6 青蔥 粉蔥 ,,,,,,,,10,7,2004,1
2004-10-04,高雄市,SE6 青蔥 粉蔥 ,,,,,,,,10,1,2004,1
2004-10-05,高雄市,SE6 青蔥 粉蔥 ,,,,,,,,10,2,2004,1
2004-10-06,高雄市,SE6 青蔥 粉蔥 ,,,,,,,,10,3,2004,1
2004-10-07,高雄市,SE6 青蔥 粉蔥 ,,,,,,,,10,4,2004,1
2004-10-08,高雄市,SE6 青蔥 粉蔥 ,,,,,,,,10,5,2004,1
2004-10-09,高雄市,SE6 青蔥 粉蔥 ,,,,,,,,10,6,2004,1
2004-10-10,高雄市,SE6 青蔥 粉蔥 ,,,,,,,,10,7,2004,1
2004-10-11,高雄市,SE6 青蔥 粉蔥 ,,,,,,,,10,1,2004,1
2004-10-12,高雄市,SE6 青蔥 粉蔥 ,,,,,,,,10,2,2004,1
2004-10-13,高雄市,SE6 青蔥 粉蔥 ,,,,,,,,10,3,2004,1
2004-10-14,高雄市,SE6 青蔥 粉蔥 ,,,,,,,,10,4,2004,1
2004-10-15,高雄市,SE6 青蔥 粉蔥 ,,,,,,,,10,5,2004,1
2004-10-16,高雄市,SE6 青蔥 粉蔥 ,,,,,,,,10,6,2004,1
2004-10-17,高雄市,SE6 青蔥 粉蔥 ,,,,,,,,10,7,2004,1
2004-10-18,高雄市,SE6 青蔥 粉蔥 ,,,,,,,,10,1,2004,1
2004-10-19,高雄市,SE6 青蔥 粉蔥 ,,,,,,,,10,2,2004,1
2004-10-20,高雄市,SE6 青蔥 粉蔥 ,,,,,,,,10,3,2004,1
2004-10-21,高雄市,SE6 青蔥 粉蔥 ,,,,,,,,10,4,2004,1
2004-10-22,高雄市,SE6 青蔥 粉蔥 ,,,,,,,,10,5,2004,1
2004-10-23,高雄市,SE6 青蔥 粉蔥 ,,,,,,,,10,6,2004,1
2004-10-24,高雄市,SE6 青蔥 粉蔥 ,,,,,,,,10,7,2004,1
2004-10-25,高雄市,SE6 青蔥 粉蔥 ,,,,,,,,10,1,2004,1
2004-10-26,高雄市,SE6 青蔥 粉蔥 ,,,,,,,,10,2,2004,1
2004-10-27,高雄市,SE6 青蔥 粉蔥 ,,,,,,,,10,3,2004,1
2004-10-28,高雄市,SE6 青蔥 粉蔥 ,,,,,,,,10,4,2004,1
2004-10-29,高雄市,SE6 青蔥 粉蔥 ,,,,,,,,10,5,2004,1
2004-10-30,高雄市,SE6 青蔥 粉蔥 ,,,,,,,,10,6,2004,1
2004-10-31,高雄市,SE6 青蔥 粉蔥 ,,,,,,,,10,7,2004,1
2004-11-01,高雄市,SE6 青蔥 粉蔥 ,,,,,,,,11,1,2004,1
2004-11-02,高雄市,SE6 青蔥 粉蔥 ,,,,,,,,11,2,2004,1
2004-11-03,高雄市,SE6 青蔥 粉蔥 ,,,,,,,,11,3,2004,1
2004-11-04,高雄市,SE6 青蔥 粉蔥 ,,,,,,,,11,4,2004,1
2004-11-05,高雄市,SE6 青蔥 粉蔥 ,,,,,,,,11,5,2004,1
2004-11-06,高雄市,SE6 青蔥 粉蔥 ,,,,,,,,11,6,2004,1
2004-11-07,高雄市,SE6 青蔥 粉蔥 ,,,,,,,,11,7,2004,1
2004-11-08,高雄市,SE6 青蔥 粉蔥 ,,,,,,,,11,1,2004,1
2004-11-09,高雄市,SE6 青蔥 粉蔥 ,,,,,,,,11,2,2004,1
2004-11-10,高雄市,SE6 青蔥 粉蔥 ,,,,,,,,11,3,2004,1
2004-11-11,高雄市,SE6 青蔥 粉蔥 ,,,,,,,,11,4,2004,1
2004-11-12,高雄市,SE6 青蔥 粉蔥 ,,,,,,,,11,5,2004,1
2004-11-13,高雄市,SE6 青蔥 粉蔥 ,,,,,,,,11,6,2004,1
2004-11-14,高雄市,SE6 青蔥 粉蔥 ,,,,,,,,11,7,2004,1
2004-11-15,高雄市,SE6 青蔥 粉蔥 ,,,,,,,,11,1,2004,1
2004-11-16,高雄市,SE6 青蔥 粉蔥 ,,,,,,,,11,2,2004,1
2004-11-17,高雄市,SE6 青蔥 粉蔥 ,,,,,,,,11,3,2004,1
2004-11-18,高雄市,SE6 青蔥 粉蔥 ,,,,,,,,11,4,2004,1
2004-11-19,高雄市,SE6 青蔥 粉蔥 ,,,,,,,,11,5,2004,1
2004-11-20,高雄市,SE6 青蔥 粉蔥 ,,,,,,,,11,6,2004,1
2004-11-21,高雄市,SE6 青蔥 粉蔥 ,,,,,,,,11,7,2004,1
2004-11-22,高雄市,SE6 青蔥 粉蔥 ,,,,,,,,11,1,2004,1
2004-11-23,高雄市,SE6 青蔥 粉蔥 ,,,,,,,,11,2,2004,1
2004-11-24,高雄市,SE6 青蔥 粉蔥 ,,,,,,,,11,3,2004,1
2004-11-25,高雄市,SE6 青蔥 粉蔥 ,,,,,,,,11,4,2004,1
2004-11-26,高雄市,SE6 青蔥 粉蔥 ,8.0,8.0,8.0,8.0,-20.0,120.0,500.0,11,5,2004,0
2004-11-27,高雄市,SE6 青蔥 粉蔥 ,,,,,,,,11,6,2004,1
2004-11-28,高雄市,SE6 青蔥 粉蔥 ,,,,,,,,11,7,2004,1
2004-11-29,高雄市,SE6 青蔥 粉蔥 ,,,,,,,,11,1,2004,1
2004-11-30,高雄市,SE6 青蔥 粉蔥 ,,,,,,,,11,2,2004,1
2004-12-01,高雄市,SE6 青蔥 粉蔥 ,,,,,,,,12,3,2004,1
2004-12-02,高雄市,SE6 青蔥 粉蔥 ,,,,,,,,12,4,2004,1
2004-12-03,高雄市,SE6 青蔥 粉蔥 ,,,,,,,,12,5,2004,1
2004-12-04,高雄市,SE6 青蔥 粉蔥 ,,,,,,,,12,6,2004,1
2004-12-05,高雄市,SE6 青蔥 粉蔥 ,,,,,,,,12,7,2004,1
2004-12-06,高雄市,SE6 青蔥 粉蔥 ,,,,,,,,12,1,2004,1
2004-12-07,高雄市,SE6 青蔥 粉蔥 ,,,,,,,,12,2,2004,1
2004-12-08,高雄市,SE6 青蔥 粉蔥 ,,,,,,,,12,3,2004,1
2004-12-09,高雄市,SE6 青蔥 粉蔥 ,,,,,,,,12,4,2004,1
2004-12-10,高雄市,SE6 青蔥 粉蔥 ,,,,,,,,12,5,2004,1
2004-12-11,高雄市,SE6 青蔥 粉蔥 ,,,,,,,,12,6,2004,1
2004-12-12,高雄市,SE6 青蔥 粉蔥 ,,,,,,,,12,7,2004,1
2004-12-13,高雄市,SE6 青蔥 粉蔥 ,,,,,,,,12,1,2004,1
2004-12-14,高雄市,SE6 青蔥 粉蔥 ,,,,,,,,12,2,2004,1
2004-12-15,高雄市,SE6 青蔥 粉蔥 ,,,,,,,,12,3,2004,1
2004-12-16,高雄市,SE6 青蔥 粉蔥 ,,,,,,,,12,4,2004,1
2004-12-17,高雄市,SE6 青蔥 粉蔥 ,,,,,,,,12,5,2004,1
2004-12-18,高雄市,SE6 青蔥 粉蔥 ,,,,,,,,12,6,2004,1
2004-12-19,高雄市,SE6 青蔥 粉蔥 ,,,,,,,,12,7,2004,1
2004-12-20,高雄市,SE6 青蔥 粉蔥 ,,,,,,,,12,1,2004,1
2004-12-21,高雄市,SE6 青蔥 粉蔥 ,,,,,,,,12,2,2004,1
2004-12-22,高雄市,SE6 青蔥 粉蔥 ,,,,,,,,12,3,2004,1
2004-12-23,高雄市,SE6 青蔥 粉蔥 ,,,,,,,,12,4,2004,1
2004-12-24,高雄市,SE6 青蔥 粉蔥 ,,,,,,,,12,5,2004,1
2004-12-25,高雄市,SE6 青蔥 粉蔥 ,,,,,,,,12,6,2004,1
2004-12-26,高雄市,SE6 青蔥 粉蔥 ,,,,,,,,12,7,2004,1
2004-12-27,高雄市,SE6 青蔥 粉蔥 ,,,,,,,,12,1,2004,1
2004-12-28,高雄市,SE6 青蔥 粉蔥 ,,,,,,,,12,2,2004,1
2004-12-29,高雄市,SE6 青蔥 粉蔥 ,,,,,,,,12,3,2004,1
2004-12-30,高雄市,SE6 青蔥 粉蔥 ,,,,,,,,12,4,2004,1
2004-12-31,高雄市,SE6 青蔥 粉蔥 ,,,,,,,,12,5,2004,1
2005-01-01,高雄市,SE6 青蔥 粉蔥 ,,,,,,,,1,6,2005,1
2005-01-02,高雄市,SE6 青蔥 粉蔥 ,,,,,,,,1,7,2005,1
2005-01-03,高雄市,SE6 青蔥 粉蔥 ,,,,,,,,1,1,2005,1
2005-01-04,高雄市,SE6 青蔥 粉蔥 ,,,,,,,,1,2,2005,1
2005-01-05,高雄市,SE6 青蔥 粉蔥 ,,,,,,,,1,3,2005,1
2005-01-06,高雄市,SE6 青蔥 粉蔥 ,,,,,,,,1,4,2005,1
2005-01-07,高雄市,SE6 青蔥 粉蔥 ,,,,,,,,1,5,2005,1
2005-01-08,高雄市,SE6 青蔥 粉蔥 ,,,,,,,,1,6,2005,1
2005-01-09,高雄市,SE6 青蔥 粉蔥 ,,,,,,,,1,7,2005,1
2005-01-10,高雄市,SE6 青蔥 粉蔥 ,,,,,,,,1,1,2005,1
2005-01-11,高雄市,SE6 青蔥 粉蔥 ,,,,,,,,1,2,2005,1
2005-01-12,高雄市,SE6 青蔥 粉蔥 ,,,,,,,,1,3,2005,1
2005-01-13,高雄市,SE6 青蔥 粉蔥 ,,,,,,,,1,4,2005,1
2005-01-14,高雄市,SE6 青蔥 粉蔥 ,,,,,,,,1,5,2005,1
2005-01-15,高雄市,SE6 青蔥 粉蔥 ,,,,,,,,1,6,2005,1
2005-01-16,高雄市,SE6 青蔥 粉蔥 ,,,,,,,,1,7,2005,1
2005-01-17,高雄市,SE6 青蔥 粉蔥 ,,,,,,,,1,1,2005,1
2005-01-18,高雄市,SE6 青蔥 粉蔥 ,,,,,,,,1,2,2005,1
2005-01-19,高雄市,SE6 青蔥 粉蔥 ,,,,,,,,1,3,2005,1
2005-01-20,高雄市,SE6 青蔥 粉蔥 ,,,,,,,,1,4,2005,1
2005-01-21,高雄市,SE6 青蔥 粉蔥 ,,,,,,,,1,5,2005,1
2005-01-22,高雄市,SE6 青蔥 粉蔥 ,,,,,,,,1,6,2005,1
2005-01-23,高雄市,SE6 青蔥 粉蔥 ,,,,,,,,1,7,2005,1
2005-01-24,高雄市,SE6 青蔥 粉蔥 ,,,,,,,,1,1,2005,1
2005-01-25,高雄市,SE6 青蔥 粉蔥 ,,,,,,,,1,2,2005,1
2005-01-26,高雄市,SE6 青蔥 粉蔥 ,,,,,,,,1,3,2005,1
2005-01-27,高雄市,SE6 青蔥 粉蔥 ,,,,,,,,1,4,2005,1
2005-01-28,高雄市,SE6 青蔥 粉蔥 ,,,,,,,,1,5,2005,1
2005-01-29,高雄市,SE6 青蔥 粉蔥 ,,,,,,,,1,6,2005,1
2005-01-30,高雄市,SE6 青蔥 粉蔥 ,,,,,,,,1,7,2005,1
2005-01-31,高雄市,SE6 青蔥 粉蔥 ,,,,,,,,1,1,2005,1
2005-02-01,高雄市,SE6 青蔥 粉蔥 ,,,,,,,,2,2,2005,1
2005-02-02,高雄市,SE6 青蔥 粉蔥 ,,,,,,,,2,3,2005,1
2005-02-03,高雄市,SE6 青蔥 粉蔥 ,,,,,,,,2,4,2005,1
2005-02-04,高雄市,SE6 青蔥 粉蔥 ,,,,,,,,2,5,2005,1
2005-02-05,高雄市,SE6 青蔥 粉蔥 ,,,,,,,,2,6,2005,1
2005-02-06,高雄市,SE6 青蔥 粉蔥 ,,,,,,,,2,7,2005,1
2005-02-07,高雄市,SE6 青蔥 粉蔥 ,,,,,,,,2,1,2005,1
2005-02-08,高雄市,SE6 青蔥 粉蔥 ,,,,,,,,2,2,2005,1
2005-02-09,高雄市,SE6 青蔥 粉蔥 ,,,,,,,,2,3,2005,1
2005-02-10,高雄市,SE6 青蔥 粉蔥 ,,,,,,,,2,4,2005,1
2005-02-11,高雄市,SE6 青蔥 粉蔥 ,,,,,,,,2,5,2005,1
2005-02-12,高雄市,SE6 青蔥 粉蔥 ,,,,,,,,2,6,2005,1
2005-02-13,高雄市,SE6 青蔥 粉蔥 ,,,,,,,,2,7,2005,1
2005-02-14,高雄市,SE6 青蔥 粉蔥 ,,,,,,,,2,1,2005,1
2005-02-15,高雄市,SE6 青蔥 粉蔥 ,,,,,,,,2,2,2005,1
2005-02-16,高雄市,SE6 青蔥 粉蔥 ,,,,,,,,2,3,2005,1
2005-02-17,高雄市,SE6 青蔥 粉蔥 ,,,,,,,,2,4,2005,1
2005-02-18,高雄市,SE6 青蔥 粉蔥 ,,,,,,,,2,5,2005,1
2005-02-19,高雄市,SE6 青蔥 粉蔥 ,,,,,,,,2,6,2005,1
2005-02-20,高雄市,SE6 青蔥 粉蔥 ,,,,,,,,2,7,2005,1
2005-02-21,高雄市,SE6 青蔥 粉蔥 ,,,,,,,,2,1,2005,1
2005-02-22,高雄市,SE6 青蔥 粉蔥 ,,,,,,,,2,2,2005,1
2005-02-23,高雄市,SE6 青蔥 粉蔥 ,,,,,,,,2,3,2005,1
2005-02-24,高雄市,SE6 青蔥 粉蔥 ,,,,,,,,2,4,2005,1
2005-02-25,高雄市,SE6 青蔥 粉蔥 ,,,,,,,,2,5,2005,1
2005-02-26,高雄市,SE6 青蔥 粉蔥 ,,,,,,,,2,6,2005,1
2005-02-27,高雄市,SE6 青蔥 粉蔥 ,,,,,,,,2,7,2005,1
2005-02-28,高雄市,SE6 青蔥 粉蔥 ,,,,,,,,2,1,2005,1
2005-03-01,高雄市,SE6 青蔥 粉蔥 ,,,,,,,,3,2,2005,1
2005-03-02,高雄市,SE6 青蔥 粉蔥 ,,,,,,,,3,3,2005,1
2005-03-03,高雄市,SE6 青蔥 粉蔥 ,,,,,,,,3,4,2005,1
2005-03-04,高雄市,SE6 青蔥 粉蔥 ,,,,,,,,3,5,2005,1
2005-03-05,高雄市,SE6 青蔥 粉蔥 ,,,,,,,,3,6,2005,1
2005-03-06,高雄市,SE6 青蔥 粉蔥 ,,,,,,,,3,7,2005,1
2005-03-07,高雄市,SE6 青蔥 粉蔥 ,,,,,,,,3,1,2005,1
2005-03-08,高雄市,SE6 青蔥 粉蔥 ,,,,,,,,3,2,2005,1
2005-03-09,高雄市,SE6 青蔥 粉蔥 ,,,,,,,,3,3,2005,1
2005-03-10,高雄市,SE6 青蔥 粉蔥 ,,,,,,,,3,4,2005,1
2005-03-11,高雄市,SE6 青蔥 粉蔥 ,,,,,,,,3,5,2005,1
2005-03-12,高雄市,SE6 青蔥 粉蔥 ,,,,,,,,3,6,2005,1
2005-03-13,高雄市,SE6 青蔥 粉蔥 ,,,,,,,,3,7,2005,1
2005-03-14,高雄市,SE6 青蔥 粉蔥 ,,,,,,,,3,1,2005,1
2005-03-15,高雄市,SE6 青蔥 粉蔥 ,,,,,,,,3,2,2005,1
2005-03-16,高雄市,SE6 青蔥 粉蔥 ,,,,,,,,3,3,2005,1
2005-03-17,高雄市,SE6 青蔥 粉蔥 ,,,,,,,,3,4,2005,1
2005-03-18,高雄市,SE6 青蔥 粉蔥 ,,,,,,,,3,5,2005,1
2005-03-19,高雄市,SE6 青蔥 粉蔥 ,,,,,,,,3,6,2005,1
2005-03-20,高雄市,SE6 青蔥 粉蔥 ,,,,,,,,3,7,2005,1
2005-03-21,高雄市,SE6 青蔥 粉蔥 ,,,,,,,,3,1,2005,1
2005-03-22,高雄市,SE6 青蔥 粉蔥 ,,,,,,,,3,2,2005,1
2005-03-23,高雄市,SE6 青蔥 粉蔥 ,,,,,,,,3,3,2005,1
2005-03-24,高雄市,SE6 青蔥 粉蔥 ,,,,,,,,3,4,2005,1
2005-03-25,高雄市,SE6 青蔥 粉蔥 ,,,,,,,,3,5,2005,1
2005-03-26,高雄市,SE6 青蔥 粉蔥 ,,,,,,,,3,6,2005,1
2005-03-27,高雄市,SE6 青蔥 粉蔥 ,,,,,,,,3,7,2005,1
2005-03-28,高雄市,SE6 青蔥 粉蔥 ,,,,,,,,3,1,2005,1
2005-03-29,高雄市,SE6 青蔥 粉蔥 ,,,,,,,,3,2,2005,1
2005-03-30,高雄市,SE6 青蔥 粉蔥 ,,,,,,,,3,3,2005,1
2005-03-31,高雄市,SE6 青蔥 粉蔥 ,,,,,,,,3,4,2005,1
2005-04-01,高雄市,SE6 青蔥 粉蔥 ,,,,,,,,4,5,2005,1
2005-04-02,高雄市,SE6 青蔥 粉蔥 ,,,,,,,,4,6,2005,1
2005-04-03,高雄市,SE6 青蔥 粉蔥 ,,,,,,,,4,7,2005,1
2005-04-04,高雄市,SE6 青蔥 粉蔥 ,,,,,,,,4,1,2005,1
2005-04-05,高雄市,SE6 青蔥 粉蔥 ,,,,,,,,4,2,2005,1
2005-04-06,高雄市,SE6 青蔥 粉蔥 ,,,,,,,,4,3,2005,1
2005-04-07,高雄市,SE6 青蔥 粉蔥 ,,,,,,,,4,4,2005,1
2005-04-08,高雄市,SE6 青蔥 粉蔥 ,,,,,,,,4,5,2005,1
2005-04-09,高雄市,SE6 青蔥 粉蔥 ,,,,,,,,4,6,2005,1
2005-04-10,高雄市,SE6 青蔥 粉蔥 ,,,,,,,,4,7,2005,1
2005-04-11,高雄市,SE6 青蔥 粉蔥 ,,,,,,,,4,1,2005,1
2005-04-12,高雄市,SE6 青蔥 粉蔥 ,,,,,,,,4,2,2005,1
2005-04-13,高雄市,SE6 青蔥 粉蔥 ,,,,,,,,4,3,2005,1
2005-04-14,高雄市,SE6 青蔥 粉蔥 ,,,,,,,,4,4,2005,1
2005-04-15,高雄市,SE6 青蔥 粉蔥 ,,,,,,,,4,5,2005,1
2005-04-16,高雄市,SE6 青蔥 粉蔥 ,,,,,,,,4,6,2005,1
2005-04-17,高雄市,SE6 青蔥 粉蔥 ,,,,,,,,4,7,2005,1
2005-04-18,高雄市,SE6 青蔥 粉蔥 ,,,,,,,,4,1,2005,1
2005-04-19,高雄市,SE6 青蔥 粉蔥 ,,,,,,,,4,2,2005,1
2005-04-20,高雄市,SE6 青蔥 粉蔥 ,,,,,,,,4,3,2005,1
2005-04-21,高雄市,SE6 青蔥 粉蔥 ,,,,,,,,4,4,2005,1
2005-04-22,高雄市,SE6 青蔥 粉蔥 ,,,,,,,,4,5,2005,1
2005-04-23,高雄市,SE6 青蔥 粉蔥 ,,,,,,,,4,6,2005,1
2005-04-24,高雄市,SE6 青蔥 粉蔥 ,,,,,,,,4,7,2005,1
2005-04-25,高雄市,SE6 青蔥 粉蔥 ,,,,,,,,4,1,2005,1
2005-04-26,高雄市,SE6 青蔥 粉蔥 ,,,,,,,,4,2,2005,1
2005-04-27,高雄市,SE6 青蔥 粉蔥 ,,,,,,,,4,3,2005,1
2005-04-28,高雄市,SE6 青蔥 粉蔥 ,,,,,,,,4,4,2005,1
2005-04-29,高雄市,SE6 青蔥 粉蔥 ,,,,,,,,4,5,2005,1
2005-04-30,高雄市,SE6 青蔥 粉蔥 ,,,,,,,,4,6,2005,1
2005-05-01,高雄市,SE6 青蔥 粉蔥 ,,,,,,,,5,7,2005,1
2005-05-02,高雄市,SE6 青蔥 粉蔥 ,,,,,,,,5,1,2005,1
2005-05-03,高雄市,SE6 青蔥 粉蔥 ,,,,,,,,5,2,2005,1
2005-05-04,高雄市,SE6 青蔥 粉蔥 ,,,,,,,,5,3,2005,1
2005-05-05,高雄市,SE6 青蔥 粉蔥 ,,,,,,,,5,4,2005,1
2005-05-06,高雄市,SE6 青蔥 粉蔥 ,,,,,,,,5,5,2005,1
2005-05-07,高雄市,SE6 青蔥 粉蔥 ,,,,,,,,5,6,2005,1
2005-05-08,高雄市,SE6 青蔥 粉蔥 ,,,,,,,,5,7,2005,1
2005-05-09,高雄市,SE6 青蔥 粉蔥 ,,,,,,,,5,1,2005,1
2005-05-10,高雄市,SE6 青蔥 粉蔥 ,,,,,,,,5,2,2005,1
2005-05-11,高雄市,SE6 青蔥 粉蔥 ,,,,,,,,5,3,2005,1
2005-05-12,高雄市,SE6 青蔥 粉蔥 ,,,,,,,,5,4,2005,1
2005-05-13,高雄市,SE6 青蔥 粉蔥 ,,,,,,,,5,5,2005,1
2005-05-14,高雄市,SE6 青蔥 粉蔥 ,,,,,,,,5,6,2005,1
2005-05-15,高雄市,SE6 青蔥 粉蔥 ,,,,,,,,5,7,2005,1
2005-05-16,高雄市,SE6 青蔥 粉蔥 ,,,,,,,,5,1,2005,1
2005-05-17,高雄市,SE6 青蔥 粉蔥 ,,,,,,,,5,2,2005,1
2005-05-18,高雄市,SE6 青蔥 粉蔥 ,,,,,,,,5,3,2005,1
2005-05-19,高雄市,SE6 青蔥 粉蔥 ,,,,,,,,5,4,2005,1
2005-05-20,高雄市,SE6 青蔥 粉蔥 ,10.0,10.0,10.0,10.0,25.0,40.0,-66.67,5,5,2005,0
2005-05-21,高雄市,SE6 青蔥 粉蔥 ,,,,,,,,5,6,2005,1
2005-05-22,高雄市,SE6 青蔥 粉蔥 ,,,,,,,,5,7,2005,1
2005-05-23,高雄市,SE6 青蔥 粉蔥 ,,,,,,,,5,1,2005,1
2005-05-24,高雄市,SE6 青蔥 粉蔥 ,,,,,,,,5,2,2005,1
2005-05-25,高雄市,SE6 青蔥 粉蔥 ,,,,,,,,5,3,2005,1
2005-05-26,高雄市,SE6 青蔥 粉蔥 ,,,,,,,,5,4,2005,1
2005-05-27,高雄市,SE6 青蔥 粉蔥 ,,,,,,,,5,5,2005,1
2005-05-28,高雄市,SE6 青蔥 粉蔥 ,,,,,,,,5,6,2005,1
2005-05-29,高雄市,SE6 青蔥 粉蔥 ,,,,,,,,5,7,2005,1
2005-05-30,高雄市,SE6 青蔥 粉蔥 ,,,,,,,,5,1,2005,1
2005-05-31,高雄市,SE6 青蔥 粉蔥 ,,,,,,,,5,2,2005,1
2005-06-01,高雄市,SE6 青蔥 粉蔥 ,,,,,,,,6,3,2005,1
2005-06-02,高雄市,SE6 青蔥 粉蔥 ,,,,,,,,6,4,2005,1
2005-06-03,高雄市,SE6 青蔥 粉蔥 ,,,,,,,,6,5,2005,1
2005-06-04,高雄市,SE6 青蔥 粉蔥 ,,,,,,,,6,6,2005,1
2005-06-05,高雄市,SE6 青蔥 粉蔥 ,,,,,,,,6,7,2005,1
2005-06-06,高雄市,SE6 青蔥 粉蔥 ,,,,,,,,6,1,2005,1
2005-06-07,高雄市,SE6 青蔥 粉蔥 ,,,,,,,,6,2,2005,1
2005-06-08,高雄市,SE6 青蔥 粉蔥 ,,,,,,,,6,3,2005,1
2005-06-09,高雄市,SE6 青蔥 粉蔥 ,,,,,,,,6,4,2005,1
2005-06-10,高雄市,SE6 青蔥 粉蔥 ,,,,,,,,6,5,2005,1
2005-06-11,高雄市,SE6 青蔥 粉蔥 ,,,,,,,,6,6,2005,1
2005-06-12,高雄市,SE6 青蔥 粉蔥 ,,,,,,,,6,7,2005,1
2005-06-13,高雄市,SE6 青蔥 粉蔥 ,,,,,,,,6,1,2005,1
2005-06-14,高雄市,SE6 青蔥 粉蔥 ,,,,,,,,6,2,2005,1
2005-06-15,高雄市,SE6 青蔥 粉蔥 ,,,,,,,,6,3,2005,1
2005-06-16,高雄市,SE6 青蔥 粉蔥 ,,,,,,,,6,4,2005,1
2005-06-17,高雄市,SE6 青蔥 粉蔥 ,,,,,,,,6,5,2005,1
2005-06-18,高雄市,SE6 青蔥 粉蔥 ,,,,,,,,6,6,2005,1
2005-06-19,高雄市,SE6 青蔥 粉蔥 ,,,,,,,,6,7,2005,1
2005-06-20,高雄市,SE6 青蔥 粉蔥 ,,,,,,,,6,1,2005,1
2005-06-21,高雄市,SE6 青蔥 粉蔥 ,,,,,,,,6,2,2005,1
2005-06-22,高雄市,SE6 青蔥 粉蔥 ,,,,,,,,6,3,2005,1
2005-06-23,高雄市,SE6 青蔥 粉蔥 ,,,,,,,,6,4,2005,1
2005-06-24,高雄市,SE6 青蔥 粉蔥 ,,,,,,,,6,5,2005,1
2005-06-25,高雄市,SE6 青蔥 粉蔥 ,,,,,,,,6,6,2005,1
2005-06-26,高雄市,SE6 青蔥 粉蔥 ,,,,,,,,6,7,2005,1
2005-06-27,高雄市,SE6 青蔥 粉蔥 ,,,,,,,,6,1,2005,1
2005-06-28,高雄市,SE6 青蔥 粉蔥 ,,,,,,,,6,2,2005,1
2005-06-29,高雄市,SE6 青蔥 粉蔥 ,,,,,,,,6,3,2005,1
2005-06-30,高雄市,SE6 青蔥 粉蔥 ,,,,,,,,6,4,2005,1
2005-07-01,高雄市,SE6 青蔥 粉蔥 ,,,,,,,,7,5,2005,1
2005-07-02,高雄市,SE6 青蔥 粉蔥 ,,,,,,,,7,6,2005,1
2005-07-03,高雄市,SE6 青蔥 粉蔥 ,,,,,,,,7,7,2005,1
2005-07-04,高雄市,SE6 青蔥 粉蔥 ,,,,,,,,7,1,2005,1
2005-07-05,高雄市,SE6 青蔥 粉蔥 ,,,,,,,,7,2,2005,1
2005-07-06,高雄市,SE6 青蔥 粉蔥 ,,,,,,,,7,3,2005,1
2005-07-07,高雄市,SE6 青蔥 粉蔥 ,,,,,,,,7,4,2005,1
2005-07-08,高雄市,SE6 青蔥 粉蔥 ,,,,,,,,7,5,2005,1
2005-07-09,高雄市,SE6 青蔥 粉蔥 ,,,,,,,,7,6,2005,1
2005-07-10,高雄市,SE6 青蔥 粉蔥 ,,,,,,,,7,7,2005,1
2005-07-11,高雄市,SE6 青蔥 粉蔥 ,,,,,,,,7,1,2005,1
2005-07-12,高雄市,SE6 青蔥 粉蔥 ,,,,,,,,7,2,2005,1
2005-07-13,高雄市,SE6 青蔥 粉蔥 ,,,,,,,,7,3,2005,1
2005-07-14,高雄市,SE6 青蔥 粉蔥 ,,,,,,,,7,4,2005,1
2005-07-15,高雄市,SE6 青蔥 粉蔥 ,,,,,,,,7,5,2005,1
2005-07-16,高雄市,SE6 青蔥 粉蔥 ,,,,,,,,7,6,2005,1
2005-07-17,高雄市,SE6 青蔥 粉蔥 ,,,,,,,,7,7,2005,1
2005-07-18,高雄市,SE6 青蔥 粉蔥 ,,,,,,,,7,1,2005,1
2005-07-19,高雄市,SE6 青蔥 粉蔥 ,,,,,,,,7,2,2005,1
2005-07-20,高雄市,SE6 青蔥 粉蔥 ,,,,,,,,7,3,2005,1
2005-07-21,高雄市,SE6 青蔥 粉蔥 ,,,,,,,,7,4,2005,1
2005-07-22,高雄市,SE6 青蔥 粉蔥 ,,,,,,,,7,5,2005,1
2005-07-23,高雄市,SE6 青蔥 粉蔥 ,,,,,,,,7,6,2005,1
2005-07-24,高雄市,SE6 青蔥 粉蔥 ,,,,,,,,7,7,2005,1
2005-07-25,高雄市,SE6 青蔥 粉蔥 ,,,,,,,,7,1,2005,1
2005-07-26,高雄市,SE6 青蔥 粉蔥 ,,,,,,,,7,2,2005,1
2005-07-27,高雄市,SE6 青蔥 粉蔥 ,,,,,,,,7,3,2005,1
2005-07-28,高雄市,SE6 青蔥 粉蔥 ,,,,,,,,7,4,2005,1
2005-07-29,高雄市,SE6 青蔥 粉蔥 ,,,,,,,,7,5,2005,1
2005-07-30,高雄市,SE6 青蔥 粉蔥 ,,,,,,,,7,6,2005,1
2005-07-31,高雄市,SE6 青蔥 粉蔥 ,,,,,,,,7,7,2005,1
2005-08-01,高雄市,SE6 青蔥 粉蔥 ,,,,,,,,8,1,2005,1
2005-08-02,高雄市,SE6 青蔥 粉蔥 ,,,,,,,,8,2,2005,1
2005-08-03,高雄市,SE6 青蔥 粉蔥 ,,,,,,,,8,3,2005,1
2005-08-04,高雄市,SE6 青蔥 粉蔥 ,,,,,,,,8,4,2005,1
2005-08-05,高雄市,SE6 青蔥 粉蔥 ,,,,,,,,8,5,2005,1
2005-08-06,高雄市,SE6 青蔥 粉蔥 ,,,,,,,,8,6,2005,1
2005-08-07,高雄市,SE6 青蔥 粉蔥 ,,,,,,,,8,7,2005,1
2005-08-08,高雄市,SE6 青蔥 粉蔥 ,,,,,,,,8,1,2005,1
2005-08-09,高雄市,SE6 青蔥 粉蔥 ,,,,,,,,8,2,2005,1
2005-08-10,高雄市,SE6 青蔥 粉蔥 ,,,,,,,,8,3,2005,1
2005-08-11,高雄市,SE6 青蔥 粉蔥 ,,,,,,,,8,4,2005,1
2005-08-12,高雄市,SE6 青蔥 粉蔥 ,,,,,,,,8,5,2005,1
2005-08-13,高雄市,SE6 青蔥 粉蔥 ,,,,,,,,8,6,2005,1
2005-08-14,高雄市,SE6 青蔥 粉蔥 ,,,,,,,,8,7,2005,1
2005-08-15,高雄市,SE6 青蔥 粉蔥 ,,,,,,,,8,1,2005,1
2005-08-16,高雄市,SE6 青蔥 粉蔥 ,,,,,,,,8,2,2005,1
2005-08-17,高雄市,SE6 青蔥 粉蔥 ,,,,,,,,8,3,2005,1
2005-08-18,高雄市,SE6 青蔥 粉蔥 ,,,,,,,,8,4,2005,1
2005-08-19,高雄市,SE6 青蔥 粉蔥 ,,,,,,,,8,5,2005,1
2005-08-20,高雄市,SE6 青蔥 粉蔥 ,,,,,,,,8,6,2005,1
2005-08-21,高雄市,SE6 青蔥 粉蔥 ,,,,,,,,8,7,2005,1
2005-08-22,高雄市,SE6 青蔥 粉蔥 ,,,,,,,,8,1,2005,1
2005-08-23,高雄市,SE6 青蔥 粉蔥 ,,,,,,,,8,2,2005,1
2005-08-24,高雄市,SE6 青蔥 粉蔥 ,,,,,,,,8,3,2005,1
2005-08-25,高雄市,SE6 青蔥 粉蔥 ,,,,,,,,8,4,2005,1
2005-08-26,高雄市,SE6 青蔥 粉蔥 ,,,,,,,,8,5,2005,1
2005-08-27,高雄市,SE6 青蔥 粉蔥 ,,,,,,,,8,6,2005,1
2005-08-28,高雄市,SE6 青蔥 粉蔥 ,,,,,,,,8,7,2005,1
2005-08-29,高雄市,SE6 青蔥 粉蔥 ,,,,,,,,8,1,2005,1
2005-08-30,高雄市,SE6 青蔥 粉蔥 ,,,,,,,,8,2,2005,1
2005-08-31,高雄市,SE6 青蔥 粉蔥 ,,,,,,,,8,3,2005,1
2005-09-01,高雄市,SE6 青蔥 粉蔥 ,,,,,,,,9,4,2005,1
2005-09-02,高雄市,SE6 青蔥 粉蔥 ,,,,,,,,9,5,2005,1
2005-09-03,高雄市,SE6 青蔥 粉蔥 ,,,,,,,,9,6,2005,1
2005-09-04,高雄市,SE6 青蔥 粉蔥 ,,,,,,,,9,7,2005,1
2005-09-05,高雄市,SE6 青蔥 粉蔥 ,,,,,,,,9,1,2005,1
2005-09-06,高雄市,SE6 青蔥 粉蔥 ,,,,,,,,9,2,2005,1
2005-09-07,高雄市,SE6 青蔥 粉蔥 ,,,,,,,,9,3,2005,1
2005-09-08,高雄市,SE6 青蔥 粉蔥 ,,,,,,,,9,4,2005,1
2005-09-09,高雄市,SE6 青蔥 粉蔥 ,,,,,,,,9,5,2005,1
2005-09-10,高雄市,SE6 青蔥 粉蔥 ,,,,,,,,9,6,2005,1
2005-09-11,高雄市,SE6 青蔥 粉蔥 ,,,,,,,,9,7,2005,1
2005-09-12,高雄市,SE6 青蔥 粉蔥 ,,,,,,,,9,1,2005,1
2005-09-13,高雄市,SE6 青蔥 粉蔥 ,,,,,,,,9,2,2005,1
2005-09-14,高雄市,SE6 青蔥 粉蔥 ,,,,,,,,9,3,2005,1
2005-09-15,高雄市,SE6 青蔥 粉蔥 ,,,,,,,,9,4,2005,1
2005-09-16,高雄市,SE6 青蔥 粉蔥 ,,,,,,,,9,5,2005,1
2005-09-17,高雄市,SE6 青蔥 粉蔥 ,,,,,,,,9,6,2005,1
2005-09-18,高雄市,SE6 青蔥 粉蔥 ,,,,,,,,9,7,2005,1
2005-09-19,高雄市,SE6 青蔥 粉蔥 ,,,,,,,,9,1,2005,1
2005-09-20,高雄市,SE6 青蔥 粉蔥 ,,,,,,,,9,2,2005,1
2005-09-21,高雄市,SE6 青蔥 粉蔥 ,,,,,,,,9,3,2005,1
2005-09-22,高雄市,SE6 青蔥 粉蔥 ,,,,,,,,9,4,2005,1
2005-09-23,高雄市,SE6 青蔥 粉蔥 ,,,,,,,,9,5,2005,1
2005-09-24,高雄市,SE6 青蔥 粉蔥 ,,,,,,,,9,6,2005,1
2005-09-25,高雄市,SE6 青蔥 粉蔥 ,,,,,,,,9,7,2005,1
2005-09-26,高雄市,SE6 青蔥 粉蔥 ,,,,,,,,9,1,2005,1
2005-09-27,高雄市,SE6 青蔥 粉蔥 ,,,,,,,,9,2,2005,1
2005-09-28,高雄市,SE6 青蔥 粉蔥 ,,,,,,,,9,3,2005,1
2005-09-29,高雄市,SE6 青蔥 粉蔥 ,,,,,,,,9,4,2005,1
2005-09-30,高雄市,SE6 青蔥 粉蔥 ,,,,,,,,9,5,2005,1
2005-10-01,高雄市,SE6 青蔥 粉蔥 ,,,,,,,,10,6,2005,1
2005-10-02,高雄市,SE6 青蔥 粉蔥 ,,,,,,,,10,7,2005,1
2005-10-03,高雄市,SE6 青蔥 粉蔥 ,,,,,,,,10,1,2005,1
2005-10-04,高雄市,SE6 青蔥 粉蔥 ,,,,,,,,10,2,2005,1
2005-10-05,高雄市,SE6 青蔥 粉蔥 ,,,,,,,,10,3,2005,1
2005-10-06,高雄市,SE6 青蔥 粉蔥 ,,,,,,,,10,4,2005,1
2005-10-07,高雄市,SE6 青蔥 粉蔥 ,,,,,,,,10,5,2005,1
2005-10-08,高雄市,SE6 青蔥 粉蔥 ,,,,,,,,10,6,2005,1
2005-10-09,高雄市,SE6 青蔥 粉蔥 ,,,,,,,,10,7,2005,1
2005-10-10,高雄市,SE6 青蔥 粉蔥 ,,,,,,,,10,1,2005,1
2005-10-11,高雄市,SE6 青蔥 粉蔥 ,,,,,,,,10,2,2005,1
2005-10-12,高雄市,SE6 青蔥 粉蔥 ,,,,,,,,10,3,2005,1
2005-10-13,高雄市,SE6 青蔥 粉蔥 ,,,,,,,,10,4,2005,1
2005-10-14,高雄市,SE6 青蔥 粉蔥 ,,,,,,,,10,5,2005,1
2005-10-15,高雄市,SE6 青蔥 粉蔥 ,,,,,,,,10,6,2005,1
2005-10-16,高雄市,SE6 青蔥 粉蔥 ,,,,,,,,10,7,2005,1
2005-10-17,高雄市,SE6 青蔥 粉蔥 ,,,,,,,,10,1,2005,1
2005-10-18,高雄市,SE6 青蔥 粉蔥 ,,,,,,,,10,2,2005,1
2005-10-19,高雄市,SE6 青蔥 粉蔥 ,,,,,,,,10,3,2005,1
2005-10-20,高雄市,SE6 青蔥 粉蔥 ,,,,,,,,10,4,2005,1
2005-10-21,高雄市,SE6 青蔥 粉蔥 ,,,,,,,,10,5,2005,1
2005-10-22,高雄市,SE6 青蔥 粉蔥 ,,,,,,,,10,6,2005,1
2005-10-23,高雄市,SE6 青蔥 粉蔥 ,,,,,,,,10,7,2005,1
2005-10-24,高雄市,SE6 青蔥 粉蔥 ,,,,,,,,10,1,2005,1
2005-10-25,高雄市,SE6 青蔥 粉蔥 ,,,,,,,,10,2,2005,1
2005-10-26,高雄市,SE6 青蔥 粉蔥 ,,,,,,,,10,3,2005,1
2005-10-27,高雄市,SE6 青蔥 粉蔥 ,,,,,,,,10,4,2005,1
2005-10-28,高雄市,SE6 青蔥 粉蔥 ,,,,,,,,10,5,2005,1
2005-10-29,高雄市,SE6 青蔥 粉蔥 ,,,,,,,,10,6,2005,1
2005-10-30,高雄市,SE6 青蔥 粉蔥 ,,,,,,,,10,7,2005,1
2005-10-31,高雄市,SE6 青蔥 粉蔥 ,,,,,,,,10,1,2005,1
2005-11-01,高雄市,SE6 青蔥 粉蔥 ,,,,,,,,11,2,2005,1
2005-11-02,高雄市,SE6 青蔥 粉蔥 ,,,,,,,,11,3,2005,1
2005-11-03,高雄市,SE6 青蔥 粉蔥 ,,,,,,,,11,4,2005,1
2005-11-04,高雄市,SE6 青蔥 粉蔥 ,,,,,,,,11,5,2005,1
2005-11-05,高雄市,SE6 青蔥 粉蔥 ,,,,,,,,11,6,2005,1
2005-11-06,高雄市,SE6 青蔥 粉蔥 ,,,,,,,,11,7,2005,1
2005-11-07,高雄市,SE6 青蔥 粉蔥 ,,,,,,,,11,1,2005,1
2005-11-08,高雄市,SE6 青蔥 粉蔥 ,,,,,,,,11,2,2005,1
2005-11-09,高雄市,SE6 青蔥 粉蔥 ,,,,,,,,11,3,2005,1
2005-11-10,高雄市,SE6 青蔥 粉蔥 ,,,,,,,,11,4,2005,1
2005-11-11,高雄市,SE6 青蔥 粉蔥 ,,,,,,,,11,5,2005,1
2005-11-12,高雄市,SE6 青蔥 粉蔥 ,,,,,,,,11,6,2005,1
2005-11-13,高雄市,SE6 青蔥 粉蔥 ,,,,,,,,11,7,2005,1
2005-11-14,高雄市,SE6 青蔥 粉蔥 ,,,,,,,,11,1,2005,1
2005-11-15,高雄市,SE6 青蔥 粉蔥 ,,,,,,,,11,2,2005,1
2005-11-16,高雄市,SE6 青蔥 粉蔥 ,,,,,,,,11,3,2005,1
2005-11-17,高雄市,SE6 青蔥 粉蔥 ,,,,,,,,11,4,2005,1
2005-11-18,高雄市,SE6 青蔥 粉蔥 ,,,,,,,,11,5,2005,1
2005-11-19,高雄市,SE6 青蔥 粉蔥 ,,,,,,,,11,6,2005,1
2005-11-20,高雄市,SE6 青蔥 粉蔥 ,,,,,,,,11,7,2005,1
2005-11-21,高雄市,SE6 青蔥 粉蔥 ,,,,,,,,11,1,2005,1
2005-11-22,高雄市,SE6 青蔥 粉蔥 ,,,,,,,,11,2,2005,1
2005-11-23,高雄市,SE6 青蔥 粉蔥 ,,,,,,,,11,3,2005,1
2005-11-24,高雄市,SE6 青蔥 粉蔥 ,,,,,,,,11,4,2005,1
2005-11-25,高雄市,SE6 青蔥 粉蔥 ,,,,,,,,11,5,2005,1
2005-11-26,高雄市,SE6 青蔥 粉蔥 ,,,,,,,,11,6,2005,1
2005-11-27,高雄市,SE6 青蔥 粉蔥 ,,,,,,,,11,7,2005,1
2005-11-28,高雄市,SE6 青蔥 粉蔥 ,,,,,,,,11,1,2005,1
2005-11-29,高雄市,SE6 青蔥 粉蔥 ,,,,,,,,11,2,2005,1
2005-11-30,高雄市,SE6 青蔥 粉蔥 ,,,,,,,,11,3,2005,1
2005-12-01,高雄市,SE6 青蔥 粉蔥 ,,,,,,,,12,4,2005,1
2005-12-02,高雄市,SE6 青蔥 粉蔥 ,,,,,,,,12,5,2005,1
2005-12-03,高雄市,SE6 青蔥 粉蔥 ,,,,,,,,12,6,2005,1
2005-12-04,高雄市,SE6 青蔥 粉蔥 ,,,,,,,,12,7,2005,1
2005-12-05,高雄市,SE6 青蔥 粉蔥 ,,,,,,,,12,1,2005,1
2005-12-06,高雄市,SE6 青蔥 粉蔥 ,,,,,,,,12,2,2005,1
2005-12-07,高雄市,SE6 青蔥 粉蔥 ,,,,,,,,12,3,2005,1
2005-12-08,高雄市,SE6 青蔥 粉蔥 ,,,,,,,,12,4,2005,1
2005-12-09,高雄市,SE6 青蔥 粉蔥 ,,,,,,,,12,5,2005,1
2005-12-10,高雄市,SE6 青蔥 粉蔥 ,,,,,,,,12,6,2005,1
2005-12-11,高雄市,SE6 青蔥 粉蔥 ,,,,,,,,12,7,2005,1
2005-12-12,高雄市,SE6 青蔥 粉蔥 ,,,,,,,,12,1,2005,1
2005-12-13,高雄市,SE6 青蔥 粉蔥 ,,,,,,,,12,2,2005,1
2005-12-14,高雄市,SE6 青蔥 粉蔥 ,,,,,,,,12,3,2005,1
2005-12-15,高雄市,SE6 青蔥 粉蔥 ,,,,,,,,12,4,2005,1
2005-12-16,高雄市,SE6 青蔥 粉蔥 ,,,,,,,,12,5,2005,1
2005-12-17,高雄市,SE6 青蔥 粉蔥 ,,,,,,,,12,6,2005,1
2005-12-18,高雄市,SE6 青蔥 粉蔥 ,,,,,,,,12,7,2005,1
2005-12-19,高雄市,SE6 青蔥 粉蔥 ,,,,,,,,12,1,2005,1
2005-12-20,高雄市,SE6 青蔥 粉蔥 ,,,,,,,,12,2,2005,1
2005-12-21,高雄市,SE6 青蔥 粉蔥 ,,,,,,,,12,3,2005,1
2005-12-22,高雄市,SE6 青蔥 粉蔥 ,,,,,,,,12,4,2005,1
2005-12-23,高雄市,SE6 青蔥 粉蔥 ,,,,,,,,12,5,2005,1
2005-12-24,高雄市,SE6 青蔥 粉蔥 ,,,,,,,,12,6,2005,1
2005-12-25,高雄市,SE6 青蔥 粉蔥 ,,,,,,,,12,7,2005,1
2005-12-26,高雄市,SE6 青蔥 粉蔥 ,,,,,,,,12,1,2005,1
2005-12-27,高雄市,SE6 青蔥 粉蔥 ,,,,,,,,12,2,2005,1
2005-12-28,高雄市,SE6 青蔥 粉蔥 ,,,,,,,,12,3,2005,1
2005-12-29,高雄市,SE6 青蔥 粉蔥 ,,,,,,,,12,4,2005,1
2005-12-30,高雄市,SE6 青蔥 粉蔥 ,,,,,,,,12,5,2005,1
2005-12-31,高雄市,SE6 青蔥 粉蔥 ,,,,,,,,12,6,2005,1
2006-01-01,高雄市,SE6 青蔥 粉蔥 ,,,,,,,,1,7,2006,1
2006-01-02,高雄市,SE6 青蔥 粉蔥 ,,,,,,,,1,1,2006,1
2006-01-03,高雄市,SE6 青蔥 粉蔥 ,,,,,,,,1,2,2006,1
2006-01-04,高雄市,SE6 青蔥 粉蔥 ,,,,,,,,1,3,2006,1
2006-01-05,高雄市,SE6 青蔥 粉蔥 ,,,,,,,,1,4,2006,1
2006-01-06,高雄市,SE6 青蔥 粉蔥 ,,,,,,,,1,5,2006,1
2006-01-07,高雄市,SE6 青蔥 粉蔥 ,,,,,,,,1,6,2006,1
2006-01-08,高雄市,SE6 青蔥 粉蔥 ,,,,,,,,1,7,2006,1
2006-01-09,高雄市,SE6 青蔥 粉蔥 ,,,,,,,,1,1,2006,1
2006-01-10,高雄市,SE6 青蔥 粉蔥 ,,,,,,,,1,2,2006,1
2006-01-11,高雄市,SE6 青蔥 粉蔥 ,,,,,,,,1,3,2006,1
2006-01-12,高雄市,SE6 青蔥 粉蔥 ,,,,,,,,1,4,2006,1
2006-01-13,高雄市,SE6 青蔥 粉蔥 ,,,,,,,,1,5,2006,1
2006-01-14,高雄市,SE6 青蔥 粉蔥 ,,,,,,,,1,6,2006,1
2006-01-15,高雄市,SE6 青蔥 粉蔥 ,,,,,,,,1,7,2006,1
2006-01-16,高雄市,SE6 青蔥 粉蔥 ,,,,,,,,1,1,2006,1
2006-01-17,高雄市,SE6 青蔥 粉蔥 ,,,,,,,,1,2,2006,1
2006-01-18,高雄市,SE6 青蔥 粉蔥 ,,,,,,,,1,3,2006,1
2006-01-19,高雄市,SE6 青蔥 粉蔥 ,,,,,,,,1,4,2006,1
2006-01-20,高雄市,SE6 青蔥 粉蔥 ,,,,,,,,1,5,2006,1
2006-01-21,高雄市,SE6 青蔥 粉蔥 ,,,,,,,,1,6,2006,1
2006-01-22,高雄市,SE6 青蔥 粉蔥 ,,,,,,,,1,7,2006,1
2006-01-23,高雄市,SE6 青蔥 粉蔥 ,,,,,,,,1,1,2006,1
2006-01-24,高雄市,SE6 青蔥 粉蔥 ,,,,,,,,1,2,2006,1
2006-01-25,高雄市,SE6 青蔥 粉蔥 ,,,,,,,,1,3,2006,1
2006-01-26,高雄市,SE6 青蔥 粉蔥 ,,,,,,,,1,4,2006,1
2006-01-27,高雄市,SE6 青蔥 粉蔥 ,,,,,,,,1,5,2006,1
2006-01-28,高雄市,SE6 青蔥 粉蔥 ,,,,,,,,1,6,2006,1
2006-01-29,高雄市,SE6 青蔥 粉蔥 ,,,,,,,,1,7,2006,1
2006-01-30,高雄市,SE6 青蔥 粉蔥 ,,,,,,,,1,1,2006,1
2006-01-31,高雄市,SE6 青蔥 粉蔥 ,,,,,,,,1,2,2006,1
2006-02-01,高雄市,SE6 青蔥 粉蔥 ,,,,,,,,2,3,2006,1
2006-02-02,高雄市,SE6 青蔥 粉蔥 ,,,,,,,,2,4,2006,1
2006-02-03,高雄市,SE6 青蔥 粉蔥 ,,,,,,,,2,5,2006,1
2006-02-04,高雄市,SE6 青蔥 粉蔥 ,,,,,,,,2,6,2006,1
2006-02-05,高雄市,SE6 青蔥 粉蔥 ,,,,,,,,2,7,2006,1
2006-02-06,高雄市,SE6 青蔥 粉蔥 ,,,,,,,,2,1,2006,1
2006-02-07,高雄市,SE6 青蔥 粉蔥 ,,,,,,,,2,2,2006,1
2006-02-08,高雄市,SE6 青蔥 粉蔥 ,,,,,,,,2,3,2006,1
2006-02-09,高雄市,SE6 青蔥 粉蔥 ,,,,,,,,2,4,2006,1
2006-02-10,高雄市,SE6 青蔥 粉蔥 ,,,,,,,,2,5,2006,1
2006-02-11,高雄市,SE6 青蔥 粉蔥 ,,,,,,,,2,6,2006,1
2006-02-12,高雄市,SE6 青蔥 粉蔥 ,,,,,,,,2,7,2006,1
2006-02-13,高雄市,SE6 青蔥 粉蔥 ,,,,,,,,2,1,2006,1
2006-02-14,高雄市,SE6 青蔥 粉蔥 ,,,,,,,,2,2,2006,1
2006-02-15,高雄市,SE6 青蔥 粉蔥 ,,,,,,,,2,3,2006,1
2006-02-16,高雄市,SE6 青蔥 粉蔥 ,,,,,,,,2,4,2006,1
2006-02-17,高雄市,SE6 青蔥 粉蔥 ,,,,,,,,2,5,2006,1
2006-02-18,高雄市,SE6 青蔥 粉蔥 ,,,,,,,,2,6,2006,1
2006-02-19,高雄市,SE6 青蔥 粉蔥 ,,,,,,,,2,7,2006,1
2006-02-20,高雄市,SE6 青蔥 粉蔥 ,,,,,,,,2,1,2006,1
2006-02-21,高雄市,SE6 青蔥 粉蔥 ,,,,,,,,2,2,2006,1
2006-02-22,高雄市,SE6 青蔥 粉蔥 ,,,,,,,,2,3,2006,1
2006-02-23,高雄市,SE6 青蔥 粉蔥 ,,,,,,,,2,4,2006,1
2006-02-24,高雄市,SE6 青蔥 粉蔥 ,,,,,,,,2,5,2006,1
2006-02-25,高雄市,SE6 青蔥 粉蔥 ,,,,,,,,2,6,2006,1
2006-02-26,高雄市,SE6 青蔥 粉蔥 ,,,,,,,,2,7,2006,1
2006-02-27,高雄市,SE6 青蔥 粉蔥 ,,,,,,,,2,1,2006,1
2006-02-28,高雄市,SE6 青蔥 粉蔥 ,,,,,,,,2,2,2006,1
2006-03-01,高雄市,SE6 青蔥 粉蔥 ,,,,,,,,3,3,2006,1
2006-03-02,高雄市,SE6 青蔥 粉蔥 ,,,,,,,,3,4,2006,1
2006-03-03,高雄市,SE6 青蔥 粉蔥 ,,,,,,,,3,5,2006,1
2006-03-04,高雄市,SE6 青蔥 粉蔥 ,,,,,,,,3,6,2006,1
2006-03-05,高雄市,SE6 青蔥 粉蔥 ,,,,,,,,3,7,2006,1
2006-03-06,高雄市,SE6 青蔥 粉蔥 ,,,,,,,,3,1,2006,1
2006-03-07,高雄市,SE6 青蔥 粉蔥 ,,,,,,,,3,2,2006,1
2006-03-08,高雄市,SE6 青蔥 粉蔥 ,,,,,,,,3,3,2006,1
2006-03-09,高雄市,SE6 青蔥 粉蔥 ,,,,,,,,3,4,2006,1
2006-03-10,高雄市,SE6 青蔥 粉蔥 ,,,,,,,,3,5,2006,1
2006-03-11,高雄市,SE6 青蔥 粉蔥 ,,,,,,,,3,6,2006,1
2006-03-12,高雄市,SE6 青蔥 粉蔥 ,,,,,,,,3,7,2006,1
2006-03-13,高雄市,SE6 青蔥 粉蔥 ,,,,,,,,3,1,2006,1
2006-03-14,高雄市,SE6 青蔥 粉蔥 ,,,,,,,,3,2,2006,1
2006-03-15,高雄市,SE6 青蔥 粉蔥 ,,,,,,,,3,3,2006,1
2006-03-16,高雄市,SE6 青蔥 粉蔥 ,,,,,,,,3,4,2006,1
2006-03-17,高雄市,SE6 青蔥 粉蔥 ,,,,,,,,3,5,2006,1
2006-03-18,高雄市,SE6 青蔥 粉蔥 ,,,,,,,,3,6,2006,1
2006-03-19,高雄市,SE6 青蔥 粉蔥 ,,,,,,,,3,7,2006,1
2006-03-20,高雄市,SE6 青蔥 粉蔥 ,,,,,,,,3,1,2006,1
2006-03-21,高雄市,SE6 青蔥 粉蔥 ,,,,,,,,3,2,2006,1
2006-03-22,高雄市,SE6 青蔥 粉蔥 ,,,,,,,,3,3,2006,1
2006-03-23,高雄市,SE6 青蔥 粉蔥 ,,,,,,,,3,4,2006,1
2006-03-24,高雄市,SE6 青蔥 粉蔥 ,,,,,,,,3,5,2006,1
2006-03-25,高雄市,SE6 青蔥 粉蔥 ,,,,,,,,3,6,2006,1
2006-03-26,高雄市,SE6 青蔥 粉蔥 ,,,,,,,,3,7,2006,1
2006-03-27,高雄市,SE6 青蔥 粉蔥 ,,,,,,,,3,1,2006,1
2006-03-28,高雄市,SE6 青蔥 粉蔥 ,,,,,,,,3,2,2006,1
2006-03-29,高雄市,SE6 青蔥 粉蔥 ,,,,,,,,3,3,2006,1
2006-03-30,高雄市,SE6 青蔥 粉蔥 ,,,,,,,,3,4,2006,1
2006-03-31,高雄市,SE6 青蔥 粉蔥 ,,,,,,,,3,5,2006,1
2006-04-01,高雄市,SE6 青蔥 粉蔥 ,,,,,,,,4,6,2006,1
2006-04-02,高雄市,SE6 青蔥 粉蔥 ,,,,,,,,4,7,2006,1
2006-04-03,高雄市,SE6 青蔥 粉蔥 ,,,,,,,,4,1,2006,1
2006-04-04,高雄市,SE6 青蔥 粉蔥 ,,,,,,,,4,2,2006,1
2006-04-05,高雄市,SE6 青蔥 粉蔥 ,,,,,,,,4,3,2006,1
2006-04-06,高雄市,SE6 青蔥 粉蔥 ,,,,,,,,4,4,2006,1
2006-04-07,高雄市,SE6 青蔥 粉蔥 ,,,,,,,,4,5,2006,1
2006-04-08,高雄市,SE6 青蔥 粉蔥 ,,,,,,,,4,6,2006,1
2006-04-09,高雄市,SE6 青蔥 粉蔥 ,,,,,,,,4,7,2006,1
2006-04-10,高雄市,SE6 青蔥 粉蔥 ,,,,,,,,4,1,2006,1
2006-04-11,高雄市,SE6 青蔥 粉蔥 ,,,,,,,,4,2,2006,1
2006-04-12,高雄市,SE6 青蔥 粉蔥 ,,,,,,,,4,3,2006,1
2006-04-13,高雄市,SE6 青蔥 粉蔥 ,,,,,,,,4,4,2006,1
2006-04-14,高雄市,SE6 青蔥 粉蔥 ,,,,,,,,4,5,2006,1
2006-04-15,高雄市,SE6 青蔥 粉蔥 ,,,,,,,,4,6,2006,1
2006-04-16,高雄市,SE6 青蔥 粉蔥 ,,,,,,,,4,7,2006,1
2006-04-17,高雄市,SE6 青蔥 粉蔥 ,,,,,,,,4,1,2006,1
2006-04-18,高雄市,SE6 青蔥 粉蔥 ,,,,,,,,4,2,2006,1
2006-04-19,高雄市,SE6 青蔥 粉蔥 ,,,,,,,,4,3,2006,1
2006-04-20,高雄市,SE6 青蔥 粉蔥 ,,,,,,,,4,4,2006,1
2006-04-21,高雄市,SE6 青蔥 粉蔥 ,,,,,,,,4,5,2006,1
2006-04-22,高雄市,SE6 青蔥 粉蔥 ,,,,,,,,4,6,2006,1
2006-04-23,高雄市,SE6 青蔥 粉蔥 ,,,,,,,,4,7,2006,1
2006-04-24,高雄市,SE6 青蔥 粉蔥 ,,,,,,,,4,1,2006,1
2006-04-25,高雄市,SE6 青蔥 粉蔥 ,,,,,,,,4,2,2006,1
2006-04-26,高雄市,SE6 青蔥 粉蔥 ,,,,,,,,4,3,2006,1
2006-04-27,高雄市,SE6 青蔥 粉蔥 ,,,,,,,,4,4,2006,1
2006-04-28,高雄市,SE6 青蔥 粉蔥 ,,,,,,,,4,5,2006,1
2006-04-29,高雄市,SE6 青蔥 粉蔥 ,,,,,,,,4,6,2006,1
2006-04-30,高雄市,SE6 青蔥 粉蔥 ,,,,,,,,4,7,2006,1
2006-05-01,高雄市,SE6 青蔥 粉蔥 ,,,,,,,,5,1,2006,1
2006-05-02,高雄市,SE6 青蔥 粉蔥 ,,,,,,,,5,2,2006,1
2006-05-03,高雄市,SE6 青蔥 粉蔥 ,,,,,,,,5,3,2006,1
2006-05-04,高雄市,SE6 青蔥 粉蔥 ,,,,,,,,5,4,2006,1
2006-05-05,高雄市,SE6 青蔥 粉蔥 ,,,,,,,,5,5,2006,1
2006-05-06,高雄市,SE6 青蔥 粉蔥 ,,,,,,,,5,6,2006,1
2006-05-07,高雄市,SE6 青蔥 粉蔥 ,,,,,,,,5,7,2006,1
2006-05-08,高雄市,SE6 青蔥 粉蔥 ,,,,,,,,5,1,2006,1
2006-05-09,高雄市,SE6 青蔥 粉蔥 ,,,,,,,,5,2,2006,1
2006-05-10,高雄市,SE6 青蔥 粉蔥 ,,,,,,,,5,3,2006,1
2006-05-11,高雄市,SE6 青蔥 粉蔥 ,,,,,,,,5,4,2006,1
2006-05-12,高雄市,SE6 青蔥 粉蔥 ,,,,,,,,5,5,2006,1
2006-05-13,高雄市,SE6 青蔥 粉蔥 ,,,,,,,,5,6,2006,1
2006-05-14,高雄市,SE6 青蔥 粉蔥 ,,,,,,,,5,7,2006,1
2006-05-15,高雄市,SE6 青蔥 粉蔥 ,,,,,,,,5,1,2006,1
2006-05-16,高雄市,SE6 青蔥 粉蔥 ,,,,,,,,5,2,2006,1
2006-05-17,高雄市,SE6 青蔥 粉蔥 ,,,,,,,,5,3,2006,1
2006-05-18,高雄市,SE6 青蔥 粉蔥 ,,,,,,,,5,4,2006,1
2006-05-19,高雄市,SE6 青蔥 粉蔥 ,,,,,,,,5,5,2006,1
2006-05-20,高雄市,SE6 青蔥 粉蔥 ,,,,,,,,5,6,2006,1
2006-05-21,高雄市,SE6 青蔥 粉蔥 ,,,,,,,,5,7,2006,1
2006-05-22,高雄市,SE6 青蔥 粉蔥 ,,,,,,,,5,1,2006,1
2006-05-23,高雄市,SE6 青蔥 粉蔥 ,,,,,,,,5,2,2006,1
2006-05-24,高雄市,SE6 青蔥 粉蔥 ,,,,,,,,5,3,2006,1
2006-05-25,高雄市,SE6 青蔥 粉蔥 ,,,,,,,,5,4,2006,1
2006-05-26,高雄市,SE6 青蔥 粉蔥 ,,,,,,,,5,5,2006,1
2006-05-27,高雄市,SE6 青蔥 粉蔥 ,,,,,,,,5,6,2006,1
2006-05-28,高雄市,SE6 青蔥 粉蔥 ,,,,,,,,5,7,2006,1
2006-05-29,高雄市,SE6 青蔥 粉蔥 ,,,,,,,,5,1,2006,1
2006-05-30,高雄市,SE6 青蔥 粉蔥 ,,,,,,,,5,2,2006,1
2006-05-31,高雄市,SE6 青蔥 粉蔥 ,,,,,,,,5,3,2006,1
2006-06-01,高雄市,SE6 青蔥 粉蔥 ,,,,,,,,6,4,2006,1
2006-06-02,高雄市,SE6 青蔥 粉蔥 ,,,,,,,,6,5,2006,1
2006-06-03,高雄市,SE6 青蔥 粉蔥 ,,,,,,,,6,6,2006,1
2006-06-04,高雄市,SE6 青蔥 粉蔥 ,,,,,,,,6,7,2006,1
2006-06-05,高雄市,SE6 青蔥 粉蔥 ,,,,,,,,6,1,2006,1
2006-06-06,高雄市,SE6 青蔥 粉蔥 ,,,,,,,,6,2,2006,1
2006-06-07,高雄市,SE6 青蔥 粉蔥 ,,,,,,,,6,3,2006,1
2006-06-08,高雄市,SE6 青蔥 粉蔥 ,,,,,,,,6,4,2006,1
2006-06-09,高雄市,SE6 青蔥 粉蔥 ,,,,,,,,6,5,2006,1
2006-06-10,高雄市,SE6 青蔥 粉蔥 ,,,,,,,,6,6,2006,1
2006-06-11,高雄市,SE6 青蔥 粉蔥 ,,,,,,,,6,7,2006,1
2006-06-12,高雄市,SE6 青蔥 粉蔥 ,,,,,,,,6,1,2006,1
2006-06-13,高雄市,SE6 青蔥 粉蔥 ,,,,,,,,6,2,2006,1
2006-06-14,高雄市,SE6 青蔥 粉蔥 ,,,,,,,,6,3,2006,1
2006-06-15,高雄市,SE6 青蔥 粉蔥 ,,,,,,,,6,4,2006,1
2006-06-16,高雄市,SE6 青蔥 粉蔥 ,,,,,,,,6,5,2006,1
2006-06-17,高雄市,SE6 青蔥 粉蔥 ,,,,,,,,6,6,2006,1
2006-06-18,高雄市,SE6 青蔥 粉蔥 ,,,,,,,,6,7,2006,1
2006-06-19,高雄市,SE6 青蔥 粉蔥 ,,,,,,,,6,1,2006,1
2006-06-20,高雄市,SE6 青蔥 粉蔥 ,,,,,,,,6,2,2006,1
2006-06-21,高雄市,SE6 青蔥 粉蔥 ,,,,,,,,6,3,2006,1
2006-06-22,高雄市,SE6 青蔥 粉蔥 ,,,,,,,,6,4,2006,1
2006-06-23,高雄市,SE6 青蔥 粉蔥 ,,,,,,,,6,5,2006,1
2006-06-24,高雄市,SE6 青蔥 粉蔥 ,,,,,,,,6,6,2006,1
2006-06-25,高雄市,SE6 青蔥 粉蔥 ,,,,,,,,6,7,2006,1
2006-06-26,高雄市,SE6 青蔥 粉蔥 ,,,,,,,,6,1,2006,1
2006-06-27,高雄市,SE6 青蔥 粉蔥 ,,,,,,,,6,2,2006,1
2006-06-28,高雄市,SE6 青蔥 粉蔥 ,,,,,,,,6,3,2006,1
2006-06-29,高雄市,SE6 青蔥 粉蔥 ,,,,,,,,6,4,2006,1
2006-06-30,高雄市,SE6 青蔥 粉蔥 ,,,,,,,,6,5,2006,1
2006-07-01,高雄市,SE6 青蔥 粉蔥 ,,,,,,,,7,6,2006,1
2006-07-02,高雄市,SE6 青蔥 粉蔥 ,,,,,,,,7,7,2006,1
2006-07-03,高雄市,SE6 青蔥 粉蔥 ,,,,,,,,7,1,2006,1
2006-07-04,高雄市,SE6 青蔥 粉蔥 ,,,,,,,,7,2,2006,1
2006-07-05,高雄市,SE6 青蔥 粉蔥 ,,,,,,,,7,3,2006,1
2006-07-06,高雄市,SE6 青蔥 粉蔥 ,,,,,,,,7,4,2006,1
2006-07-07,高雄市,SE6 青蔥 粉蔥 ,,,,,,,,7,5,2006,1
2006-07-08,高雄市,SE6 青蔥 粉蔥 ,,,,,,,,7,6,2006,1
2006-07-09,高雄市,SE6 青蔥 粉蔥 ,,,,,,,,7,7,2006,1
2006-07-10,高雄市,SE6 青蔥 粉蔥 ,,,,,,,,7,1,2006,1
2006-07-11,高雄市,SE6 青蔥 粉蔥 ,,,,,,,,7,2,2006,1
2006-07-12,高雄市,SE6 青蔥 粉蔥 ,,,,,,,,7,3,2006,1
2006-07-13,高雄市,SE6 青蔥 粉蔥 ,,,,,,,,7,4,2006,1
2006-07-14,高雄市,SE6 青蔥 粉蔥 ,,,,,,,,7,5,2006,1
2006-07-15,高雄市,SE6 青蔥 粉蔥 ,,,,,,,,7,6,2006,1
2006-07-16,高雄市,SE6 青蔥 粉蔥 ,,,,,,,,7,7,2006,1
2006-07-17,高雄市,SE6 青蔥 粉蔥 ,,,,,,,,7,1,2006,1
2006-07-18,高雄市,SE6 青蔥 粉蔥 ,,,,,,,,7,2,2006,1
2006-07-19,高雄市,SE6 青蔥 粉蔥 ,,,,,,,,7,3,2006,1
2006-07-20,高雄市,SE6 青蔥 粉蔥 ,,,,,,,,7,4,2006,1
2006-07-21,高雄市,SE6 青蔥 粉蔥 ,,,,,,,,7,5,2006,1
2006-07-22,高雄市,SE6 青蔥 粉蔥 ,,,,,,,,7,6,2006,1
2006-07-23,高雄市,SE6 青蔥 粉蔥 ,,,,,,,,7,7,2006,1
2006-07-24,高雄市,SE6 青蔥 粉蔥 ,,,,,,,,7,1,2006,1
2006-07-25,高雄市,SE6 青蔥 粉蔥 ,,,,,,,,7,2,2006,1
2006-07-26,高雄市,SE6 青蔥 粉蔥 ,,,,,,,,7,3,2006,1
2006-07-27,高雄市,SE6 青蔥 粉蔥 ,,,,,,,,7,4,2006,1
2006-07-28,高雄市,SE6 青蔥 粉蔥 ,,,,,,,,7,5,2006,1
2006-07-29,高雄市,SE6 青蔥 粉蔥 ,,,,,,,,7,6,2006,1
2006-07-30,高雄市,SE6 青蔥 粉蔥 ,,,,,,,,7,7,2006,1
2006-07-31,高雄市,SE6 青蔥 粉蔥 ,,,,,,,,7,1,2006,1
2006-08-01,高雄市,SE6 青蔥 粉蔥 ,,,,,,,,8,2,2006,1
2006-08-02,高雄市,SE6 青蔥 粉蔥 ,,,,,,,,8,3,2006,1
2006-08-03,高雄市,SE6 青蔥 粉蔥 ,,,,,,,,8,4,2006,1
2006-08-04,高雄市,SE6 青蔥 粉蔥 ,,,,,,,,8,5,2006,1
2006-08-05,高雄市,SE6 青蔥 粉蔥 ,,,,,,,,8,6,2006,1
2006-08-06,高雄市,SE6 青蔥 粉蔥 ,,,,,,,,8,7,2006,1
2006-08-07,高雄市,SE6 青蔥 粉蔥 ,,,,,,,,8,1,2006,1
2006-08-08,高雄市,SE6 青蔥 粉蔥 ,,,,,,,,8,2,2006,1
2006-08-09,高雄市,SE6 青蔥 粉蔥 ,,,,,,,,8,3,2006,1
2006-08-10,高雄市,SE6 青蔥 粉蔥 ,,,,,,,,8,4,2006,1
2006-08-11,高雄市,SE6 青蔥 粉蔥 ,,,,,,,,8,5,2006,1
2006-08-12,高雄市,SE6 青蔥 粉蔥 ,,,,,,,,8,6,2006,1
2006-08-13,高雄市,SE6 青蔥 粉蔥 ,,,,,,,,8,7,2006,1
2006-08-14,高雄市,SE6 青蔥 粉蔥 ,,,,,,,,8,1,2006,1
2006-08-15,高雄市,SE6 青蔥 粉蔥 ,,,,,,,,8,2,2006,1
2006-08-16,高雄市,SE6 青蔥 粉蔥 ,,,,,,,,8,3,2006,1
2006-08-17,高雄市,SE6 青蔥 粉蔥 ,,,,,,,,8,4,2006,1
2006-08-18,高雄市,SE6 青蔥 粉蔥 ,,,,,,,,8,5,2006,1
2006-08-19,高雄市,SE6 青蔥 粉蔥 ,,,,,,,,8,6,2006,1
2006-08-20,高雄市,SE6 青蔥 粉蔥 ,,,,,,,,8,7,2006,1
2006-08-21,高雄市,SE6 青蔥 粉蔥 ,,,,,,,,8,1,2006,1
2006-08-22,高雄市,SE6 青蔥 粉蔥 ,,,,,,,,8,2,2006,1
2006-08-23,高雄市,SE6 青蔥 粉蔥 ,,,,,,,,8,3,2006,1
2006-08-24,高雄市,SE6 青蔥 粉蔥 ,,,,,,,,8,4,2006,1
2006-08-25,高雄市,SE6 青蔥 粉蔥 ,,,,,,,,8,5,2006,1
2006-08-26,高雄市,SE6 青蔥 粉蔥 ,,,,,,,,8,6,2006,1
2006-08-27,高雄市,SE6 青蔥 粉蔥 ,,,,,,,,8,7,2006,1
2006-08-28,高雄市,SE6 青蔥 粉蔥 ,,,,,,,,8,1,2006,1
2006-08-29,高雄市,SE6 青蔥 粉蔥 ,,,,,,,,8,2,2006,1
2006-08-30,高雄市,SE6 青蔥 粉蔥 ,,,,,,,,8,3,2006,1
2006-08-31,高雄市,SE6 青蔥 粉蔥 ,,,,,,,,8,4,2006,1
2006-09-01,高雄市,SE6 青蔥 粉蔥 ,,,,,,,,9,5,2006,1
2006-09-02,高雄市,SE6 青蔥 粉蔥 ,,,,,,,,9,6,2006,1
2006-09-03,高雄市,SE6 青蔥 粉蔥 ,,,,,,,,9,7,2006,1
2006-09-04,高雄市,SE6 青蔥 粉蔥 ,,,,,,,,9,1,2006,1
2006-09-05,高雄市,SE6 青蔥 粉蔥 ,,,,,,,,9,2,2006,1
2006-09-06,高雄市,SE6 青蔥 粉蔥 ,,,,,,,,9,3,2006,1
2006-09-07,高雄市,SE6 青蔥 粉蔥 ,,,,,,,,9,4,2006,1
2006-09-08,高雄市,SE6 青蔥 粉蔥 ,,,,,,,,9,5,2006,1
2006-09-09,高雄市,SE6 青蔥 粉蔥 ,,,,,,,,9,6,2006,1
2006-09-10,高雄市,SE6 青蔥 粉蔥 ,,,,,,,,9,7,2006,1
2006-09-11,高雄市,SE6 青蔥 粉蔥 ,,,,,,,,9,1,2006,1
2006-09-12,高雄市,SE6 青蔥 粉蔥 ,,,,,,,,9,2,2006,1
2006-09-13,高雄市,SE6 青蔥 粉蔥 ,,,,,,,,9,3,2006,1
2006-09-14,高雄市,SE6 青蔥 粉蔥 ,,,,,,,,9,4,2006,1
2006-09-15,高雄市,SE6 青蔥 粉蔥 ,,,,,,,,9,5,2006,1
2006-09-16,高雄市,SE6 青蔥 粉蔥 ,,,,,,,,9,6,2006,1
2006-09-17,高雄市,SE6 青蔥 粉蔥 ,,,,,,,,9,7,2006,1
2006-09-18,高雄市,SE6 青蔥 粉蔥 ,,,,,,,,9,1,2006,1
2006-09-19,高雄市,SE6 青蔥 粉蔥 ,,,,,,,,9,2,2006,1
2006-09-20,高雄市,SE6 青蔥 粉蔥 ,,,,,,,,9,3,2006,1
2006-09-21,高雄市,SE6 青蔥 粉蔥 ,,,,,,,,9,4,2006,1
2006-09-22,高雄市,SE6 青蔥 粉蔥 ,,,,,,,,9,5,2006,1
2006-09-23,高雄市,SE6 青蔥 粉蔥 ,,,,,,,,9,6,2006,1
2006-09-24,高雄市,SE6 青蔥 粉蔥 ,,,,,,,,9,7,2006,1
2006-09-25,高雄市,SE6 青蔥 粉蔥 ,,,,,,,,9,1,2006,1
2006-09-26,高雄市,SE6 青蔥 粉蔥 ,,,,,,,,9,2,2006,1
2006-09-27,高雄市,SE6 青蔥 粉蔥 ,,,,,,,,9,3,2006,1
2006-09-28,高雄市,SE6 青蔥 粉蔥 ,,,,,,,,9,4,2006,1
2006-09-29,高雄市,SE6 青蔥 粉蔥 ,,,,,,,,9,5,2006,1
2006-09-30,高雄市,SE6 青蔥 粉蔥 ,,,,,,,,9,6,2006,1
2006-10-01,高雄市,SE6 青蔥 粉蔥 ,,,,,,,,10,7,2006,1
2006-10-02,高雄市,SE6 青蔥 粉蔥 ,,,,,,,,10,1,2006,1
2006-10-03,高雄市,SE6 青蔥 粉蔥 ,,,,,,,,10,2,2006,1
2006-10-04,高雄市,SE6 青蔥 粉蔥 ,,,,,,,,10,3,2006,1
2006-10-05,高雄市,SE6 青蔥 粉蔥 ,,,,,,,,10,4,2006,1
2006-10-06,高雄市,SE6 青蔥 粉蔥 ,,,,,,,,10,5,2006,1
2006-10-07,高雄市,SE6 青蔥 粉蔥 ,,,,,,,,10,6,2006,1
2006-10-08,高雄市,SE6 青蔥 粉蔥 ,,,,,,,,10,7,2006,1
2006-10-09,高雄市,SE6 青蔥 粉蔥 ,,,,,,,,10,1,2006,1
2006-10-10,高雄市,SE6 青蔥 粉蔥 ,,,,,,,,10,2,2006,1
2006-10-11,高雄市,SE6 青蔥 粉蔥 ,,,,,,,,10,3,2006,1
2006-10-12,高雄市,SE6 青蔥 粉蔥 ,,,,,,,,10,4,2006,1
2006-10-13,高雄市,SE6 青蔥 粉蔥 ,,,,,,,,10,5,2006,1
2006-10-14,高雄市,SE6 青蔥 粉蔥 ,,,,,,,,10,6,2006,1
2006-10-15,高雄市,SE6 青蔥 粉蔥 ,,,,,,,,10,7,2006,1
2006-10-16,高雄市,SE6 青蔥 粉蔥 ,,,,,,,,10,1,2006,1
2006-10-17,高雄市,SE6 青蔥 粉蔥 ,,,,,,,,10,2,2006,1
2006-10-18,高雄市,SE6 青蔥 粉蔥 ,,,,,,,,10,3,2006,1
2006-10-19,高雄市,SE6 青蔥 粉蔥 ,,,,,,,,10,4,2006,1
2006-10-20,高雄市,SE6 青蔥 粉蔥 ,,,,,,,,10,5,2006,1
2006-10-21,高雄市,SE6 青蔥 粉蔥 ,,,,,,,,10,6,2006,1
2006-10-22,高雄市,SE6 青蔥 粉蔥 ,,,,,,,,10,7,2006,1
2006-10-23,高雄市,SE6 青蔥 粉蔥 ,,,,,,,,10,1,2006,1
2006-10-24,高雄市,SE6 青蔥 粉蔥 ,,,,,,,,10,2,2006,1
2006-10-25,高雄市,SE6 青蔥 粉蔥 ,,,,,,,,10,3,2006,1
2006-10-26,高雄市,SE6 青蔥 粉蔥 ,,,,,,,,10,4,2006,1
2006-10-27,高雄市,SE6 青蔥 粉蔥 ,,,,,,,,10,5,2006,1
2006-10-28,高雄市,SE6 青蔥 粉蔥 ,,,,,,,,10,6,2006,1
2006-10-29,高雄市,SE6 青蔥 粉蔥 ,,,,,,,,10,7,2006,1
2006-10-30,高雄市,SE6 青蔥 粉蔥 ,,,,,,,,10,1,2006,1
2006-10-31,高雄市,SE6 青蔥 粉蔥 ,,,,,,,,10,2,2006,1
2006-11-01,高雄市,SE6 青蔥 粉蔥 ,,,,,,,,11,3,2006,1
2006-11-02,高雄市,SE6 青蔥 粉蔥 ,,,,,,,,11,4,2006,1
2006-11-03,高雄市,SE6 青蔥 粉蔥 ,,,,,,,,11,5,2006,1
2006-11-04,高雄市,SE6 青蔥 粉蔥 ,,,,,,,,11,6,2006,1
2006-11-05,高雄市,SE6 青蔥 粉蔥 ,,,,,,,,11,7,2006,1
2006-11-06,高雄市,SE6 青蔥 粉蔥 ,,,,,,,,11,1,2006,1
2006-11-07,高雄市,SE6 青蔥 粉蔥 ,,,,,,,,11,2,2006,1
2006-11-08,高雄市,SE6 青蔥 粉蔥 ,,,,,,,,11,3,2006,1
2006-11-09,高雄市,SE6 青蔥 粉蔥 ,,,,,,,,11,4,2006,1
2006-11-10,高雄市,SE6 青蔥 粉蔥 ,,,,,,,,11,5,2006,1
2006-11-11,高雄市,SE6 青蔥 粉蔥 ,,,,,,,,11,6,2006,1
2006-11-12,高雄市,SE6 青蔥 粉蔥 ,,,,,,,,11,7,2006,1
2006-11-13,高雄市,SE6 青蔥 粉蔥 ,,,,,,,,11,1,2006,1
2006-11-14,高雄市,SE6 青蔥 粉蔥 ,,,,,,,,11,2,2006,1
2006-11-15,高雄市,SE6 青蔥 粉蔥 ,,,,,,,,11,3,2006,1
2006-11-16,高雄市,SE6 青蔥 粉蔥 ,,,,,,,,11,4,2006,1
2006-11-17,高雄市,SE6 青蔥 粉蔥 ,,,,,,,,11,5,2006,1
2006-11-18,高雄市,SE6 青蔥 粉蔥 ,,,,,,,,11,6,2006,1
2006-11-19,高雄市,SE6 青蔥 粉蔥 ,,,,,,,,11,7,2006,1
2006-11-20,高雄市,SE6 青蔥 粉蔥 ,,,,,,,,11,1,2006,1
2006-11-21,高雄市,SE6 青蔥 粉蔥 ,,,,,,,,11,2,2006,1
2006-11-22,高雄市,SE6 青蔥 粉蔥 ,,,,,,,,11,3,2006,1
2006-11-23,高雄市,SE6 青蔥 粉蔥 ,,,,,,,,11,4,2006,1
2006-11-24,高雄市,SE6 青蔥 粉蔥 ,,,,,,,,11,5,2006,1
2006-11-25,高雄市,SE6 青蔥 粉蔥 ,,,,,,,,11,6,2006,1
2006-11-26,高雄市,SE6 青蔥 粉蔥 ,,,,,,,,11,7,2006,1
2006-11-27,高雄市,SE6 青蔥 粉蔥 ,,,,,,,,11,1,2006,1
2006-11-28,高雄市,SE6 青蔥 粉蔥 ,,,,,,,,11,2,2006,1
2006-11-29,高雄市,SE6 青蔥 粉蔥 ,,,,,,,,11,3,2006,1
2006-11-30,高雄市,SE6 青蔥 粉蔥 ,,,,,,,,11,4,2006,1
2006-12-01,高雄市,SE6 青蔥 粉蔥 ,,,,,,,,12,5,2006,1
2006-12-02,高雄市,SE6 青蔥 粉蔥 ,,,,,,,,12,6,2006,1
2006-12-03,高雄市,SE6 青蔥 粉蔥 ,,,,,,,,12,7,2006,1
2006-12-04,高雄市,SE6 青蔥 粉蔥 ,,,,,,,,12,1,2006,1
2006-12-05,高雄市,SE6 青蔥 粉蔥 ,,,,,,,,12,2,2006,1
2006-12-06,高雄市,SE6 青蔥 粉蔥 ,,,,,,,,12,3,2006,1
2006-12-07,高雄市,SE6 青蔥 粉蔥 ,,,,,,,,12,4,2006,1
2006-12-08,高雄市,SE6 青蔥 粉蔥 ,,,,,,,,12,5,2006,1
2006-12-09,高雄市,SE6 青蔥 粉蔥 ,,,,,,,,12,6,2006,1
2006-12-10,高雄市,SE6 青蔥 粉蔥 ,,,,,,,,12,7,2006,1
2006-12-11,高雄市,SE6 青蔥 粉蔥 ,,,,,,,,12,1,2006,1
2006-12-12,高雄市,SE6 青蔥 粉蔥 ,,,,,,,,12,2,2006,1
2006-12-13,高雄市,SE6 青蔥 粉蔥 ,,,,,,,,12,3,2006,1
2006-12-14,高雄市,SE6 青蔥 粉蔥 ,,,,,,,,12,4,2006,1
2006-12-15,高雄市,SE6 青蔥 粉蔥 ,,,,,,,,12,5,2006,1
2006-12-16,高雄市,SE6 青蔥 粉蔥 ,,,,,,,,12,6,2006,1
2006-12-17,高雄市,SE6 青蔥 粉蔥 ,,,,,,,,12,7,2006,1
2006-12-18,高雄市,SE6 青蔥 粉蔥 ,,,,,,,,12,1,2006,1
2006-12-19,高雄市,SE6 青蔥 粉蔥 ,,,,,,,,12,2,2006,1
2006-12-20,高雄市,SE6 青蔥 粉蔥 ,,,,,,,,12,3,2006,1
2006-12-21,高雄市,SE6 青蔥 粉蔥 ,,,,,,,,12,4,2006,1
2006-12-22,高雄市,SE6 青蔥 粉蔥 ,,,,,,,,12,5,2006,1
2006-12-23,高雄市,SE6 青蔥 粉蔥 ,,,,,,,,12,6,2006,1
2006-12-24,高雄市,SE6 青蔥 粉蔥 ,,,,,,,,12,7,2006,1
2006-12-25,高雄市,SE6 青蔥 粉蔥 ,,,,,,,,12,1,2006,1
2006-12-26,高雄市,SE6 青蔥 粉蔥 ,,,,,,,,12,2,2006,1
2006-12-27,高雄市,SE6 青蔥 粉蔥 ,,,,,,,,12,3,2006,1
2006-12-28,高雄市,SE6 青蔥 粉蔥 ,,,,,,,,12,4,2006,1
2006-12-29,高雄市,SE6 青蔥 粉蔥 ,,,,,,,,12,5,2006,1
2006-12-30,高雄市,SE6 青蔥 粉蔥 ,,,,,,,,12,6,2006,1
2006-12-31,高雄市,SE6 青蔥 粉蔥 ,,,,,,,,12,7,2006,1
2007-01-01,高雄市,SE6 青蔥 粉蔥 ,,,,,,,,1,1,2007,1
2007-01-02,高雄市,SE6 青蔥 粉蔥 ,,,,,,,,1,2,2007,1
2007-01-03,高雄市,SE6 青蔥 粉蔥 ,,,,,,,,1,3,2007,1
2007-01-04,高雄市,SE6 青蔥 粉蔥 ,,,,,,,,1,4,2007,1
2007-01-05,高雄市,SE6 青蔥 粉蔥 ,,,,,,,,1,5,2007,1
2007-01-06,高雄市,SE6 青蔥 粉蔥 ,,,,,,,,1,6,2007,1
2007-01-07,高雄市,SE6 青蔥 粉蔥 ,,,,,,,,1,7,2007,1
2007-01-08,高雄市,SE6 青蔥 粉蔥 ,,,,,,,,1,1,2007,1
2007-01-09,高雄市,SE6 青蔥 粉蔥 ,,,,,,,,1,2,2007,1
2007-01-10,高雄市,SE6 青蔥 粉蔥 ,,,,,,,,1,3,2007,1
2007-01-11,高雄市,SE6 青蔥 粉蔥 ,,,,,,,,1,4,2007,1
2007-01-12,高雄市,SE6 青蔥 粉蔥 ,,,,,,,,1,5,2007,1
2007-01-13,高雄市,SE6 青蔥 粉蔥 ,,,,,,,,1,6,2007,1
2007-01-14,高雄市,SE6 青蔥 粉蔥 ,,,,,,,,1,7,2007,1
2007-01-15,高雄市,SE6 青蔥 粉蔥 ,,,,,,,,1,1,2007,1
2007-01-16,高雄市,SE6 青蔥 粉蔥 ,,,,,,,,1,2,2007,1
2007-01-17,高雄市,SE6 青蔥 粉蔥 ,,,,,,,,1,3,2007,1
2007-01-18,高雄市,SE6 青蔥 粉蔥 ,,,,,,,,1,4,2007,1
2007-01-19,高雄市,SE6 青蔥 粉蔥 ,,,,,,,,1,5,2007,1
2007-01-20,高雄市,SE6 青蔥 粉蔥 ,,,,,,,,1,6,2007,1
2007-01-21,高雄市,SE6 青蔥 粉蔥 ,,,,,,,,1,7,2007,1
2007-01-22,高雄市,SE6 青蔥 粉蔥 ,,,,,,,,1,1,2007,1
2007-01-23,高雄市,SE6 青蔥 粉蔥 ,,,,,,,,1,2,2007,1
2007-01-24,高雄市,SE6 青蔥 粉蔥 ,,,,,,,,1,3,2007,1
2007-01-25,高雄市,SE6 青蔥 粉蔥 ,,,,,,,,1,4,2007,1
2007-01-26,高雄市,SE6 青蔥 粉蔥 ,,,,,,,,1,5,2007,1
2007-01-27,高雄市,SE6 青蔥 粉蔥 ,,,,,,,,1,6,2007,1
2007-01-28,高雄市,SE6 青蔥 粉蔥 ,,,,,,,,1,7,2007,1
2007-01-29,高雄市,SE6 青蔥 粉蔥 ,,,,,,,,1,1,2007,1
2007-01-30,高雄市,SE6 青蔥 粉蔥 ,,,,,,,,1,2,2007,1
2007-01-31,高雄市,SE6 青蔥 粉蔥 ,,,,,,,,1,3,2007,1
2007-02-01,高雄市,SE6 青蔥 粉蔥 ,,,,,,,,2,4,2007,1
2007-02-02,高雄市,SE6 青蔥 粉蔥 ,,,,,,,,2,5,2007,1
2007-02-03,高雄市,SE6 青蔥 粉蔥 ,,,,,,,,2,6,2007,1
2007-02-04,高雄市,SE6 青蔥 粉蔥 ,,,,,,,,2,7,2007,1
2007-02-05,高雄市,SE6 青蔥 粉蔥 ,,,,,,,,2,1,2007,1
2007-02-06,高雄市,SE6 青蔥 粉蔥 ,,,,,,,,2,2,2007,1
2007-02-07,高雄市,SE6 青蔥 粉蔥 ,,,,,,,,2,3,2007,1
2007-02-08,高雄市,SE6 青蔥 粉蔥 ,,,,,,,,2,4,2007,1
2007-02-09,高雄市,SE6 青蔥 粉蔥 ,,,,,,,,2,5,2007,1
2007-02-10,高雄市,SE6 青蔥 粉蔥 ,,,,,,,,2,6,2007,1
2007-02-11,高雄市,SE6 青蔥 粉蔥 ,,,,,,,,2,7,2007,1
2007-02-12,高雄市,SE6 青蔥 粉蔥 ,,,,,,,,2,1,2007,1
2007-02-13,高雄市,SE6 青蔥 粉蔥 ,,,,,,,,2,2,2007,1
2007-02-14,高雄市,SE6 青蔥 粉蔥 ,,,,,,,,2,3,2007,1
2007-02-15,高雄市,SE6 青蔥 粉蔥 ,,,,,,,,2,4,2007,1
2007-02-16,高雄市,SE6 青蔥 粉蔥 ,,,,,,,,2,5,2007,1
2007-02-17,高雄市,SE6 青蔥 粉蔥 ,,,,,,,,2,6,2007,1
2007-02-18,高雄市,SE6 青蔥 粉蔥 ,,,,,,,,2,7,2007,1
2007-02-19,高雄市,SE6 青蔥 粉蔥 ,,,,,,,,2,1,2007,1
2007-02-20,高雄市,SE6 青蔥 粉蔥 ,,,,,,,,2,2,2007,1
2007-02-21,高雄市,SE6 青蔥 粉蔥 ,,,,,,,,2,3,2007,1
2007-02-22,高雄市,SE6 青蔥 粉蔥 ,,,,,,,,2,4,2007,1
2007-02-23,高雄市,SE6 青蔥 粉蔥 ,,,,,,,,2,5,2007,1
2007-02-24,高雄市,SE6 青蔥 粉蔥 ,,,,,,,,2,6,2007,1
2007-02-25,高雄市,SE6 青蔥 粉蔥 ,,,,,,,,2,7,2007,1
2007-02-26,高雄市,SE6 青蔥 粉蔥 ,,,,,,,,2,1,2007,1
2007-02-27,高雄市,SE6 青蔥 粉蔥 ,,,,,,,,2,2,2007,1
2007-02-28,高雄市,SE6 青蔥 粉蔥 ,,,,,,,,2,3,2007,1
2007-03-01,高雄市,SE6 青蔥 粉蔥 ,,,,,,,,3,4,2007,1
2007-03-02,高雄市,SE6 青蔥 粉蔥 ,,,,,,,,3,5,2007,1
2007-03-03,高雄市,SE6 青蔥 粉蔥 ,,,,,,,,3,6,2007,1
2007-03-04,高雄市,SE6 青蔥 粉蔥 ,,,,,,,,3,7,2007,1
2007-03-05,高雄市,SE6 青蔥 粉蔥 ,,,,,,,,3,1,2007,1
2007-03-06,高雄市,SE6 青蔥 粉蔥 ,,,,,,,,3,2,2007,1
2007-03-07,高雄市,SE6 青蔥 粉蔥 ,,,,,,,,3,3,2007,1
2007-03-08,高雄市,SE6 青蔥 粉蔥 ,,,,,,,,3,4,2007,1
2007-03-09,高雄市,SE6 青蔥 粉蔥 ,,,,,,,,3,5,2007,1
2007-03-10,高雄市,SE6 青蔥 粉蔥 ,,,,,,,,3,6,2007,1
2007-03-11,高雄市,SE6 青蔥 粉蔥 ,,,,,,,,3,7,2007,1
2007-03-12,高雄市,SE6 青蔥 粉蔥 ,,,,,,,,3,1,2007,1
2007-03-13,高雄市,SE6 青蔥 粉蔥 ,,,,,,,,3,2,2007,1
2007-03-14,高雄市,SE6 青蔥 粉蔥 ,,,,,,,,3,3,2007,1
2007-03-15,高雄市,SE6 青蔥 粉蔥 ,,,,,,,,3,4,2007,1
2007-03-16,高雄市,SE6 青蔥 粉蔥 ,,,,,,,,3,5,2007,1
2007-03-17,高雄市,SE6 青蔥 粉蔥 ,,,,,,,,3,6,2007,1
2007-03-18,高雄市,SE6 青蔥 粉蔥 ,,,,,,,,3,7,2007,1
2007-03-19,高雄市,SE6 青蔥 粉蔥 ,,,,,,,,3,1,2007,1
2007-03-20,高雄市,SE6 青蔥 粉蔥 ,,,,,,,,3,2,2007,1
2007-03-21,高雄市,SE6 青蔥 粉蔥 ,,,,,,,,3,3,2007,1
2007-03-22,高雄市,SE6 青蔥 粉蔥 ,,,,,,,,3,4,2007,1
2007-03-23,高雄市,SE6 青蔥 粉蔥 ,,,,,,,,3,5,2007,1
2007-03-24,高雄市,SE6 青蔥 粉蔥 ,,,,,,,,3,6,2007,1
2007-03-25,高雄市,SE6 青蔥 粉蔥 ,,,,,,,,3,7,2007,1
2007-03-26,高雄市,SE6 青蔥 粉蔥 ,,,,,,,,3,1,2007,1
2007-03-27,高雄市,SE6 青蔥 粉蔥 ,,,,,,,,3,2,2007,1
2007-03-28,高雄市,SE6 青蔥 粉蔥 ,,,,,,,,3,3,2007,1
2007-03-29,高雄市,SE6 青蔥 粉蔥 ,,,,,,,,3,4,2007,1
2007-03-30,高雄市,SE6 青蔥 粉蔥 ,,,,,,,,3,5,2007,1
2007-03-31,高雄市,SE6 青蔥 粉蔥 ,,,,,,,,3,6,2007,1
2007-04-01,高雄市,SE6 青蔥 粉蔥 ,,,,,,,,4,7,2007,1
2007-04-02,高雄市,SE6 青蔥 粉蔥 ,,,,,,,,4,1,2007,1
2007-04-03,高雄市,SE6 青蔥 粉蔥 ,,,,,,,,4,2,2007,1
2007-04-04,高雄市,SE6 青蔥 粉蔥 ,,,,,,,,4,3,2007,1
2007-04-05,高雄市,SE6 青蔥 粉蔥 ,,,,,,,,4,4,2007,1
2007-04-06,高雄市,SE6 青蔥 粉蔥 ,,,,,,,,4,5,2007,1
2007-04-07,高雄市,SE6 青蔥 粉蔥 ,,,,,,,,4,6,2007,1
2007-04-08,高雄市,SE6 青蔥 粉蔥 ,,,,,,,,4,7,2007,1
2007-04-09,高雄市,SE6 青蔥 粉蔥 ,,,,,,,,4,1,2007,1
2007-04-10,高雄市,SE6 青蔥 粉蔥 ,,,,,,,,4,2,2007,1
2007-04-11,高雄市,SE6 青蔥 粉蔥 ,,,,,,,,4,3,2007,1
2007-04-12,高雄市,SE6 青蔥 粉蔥 ,,,,,,,,4,4,2007,1
2007-04-13,高雄市,SE6 青蔥 粉蔥 ,,,,,,,,4,5,2007,1
2007-04-14,高雄市,SE6 青蔥 粉蔥 ,,,,,,,,4,6,2007,1
2007-04-15,高雄市,SE6 青蔥 粉蔥 ,,,,,,,,4,7,2007,1
2007-04-16,高雄市,SE6 青蔥 粉蔥 ,,,,,,,,4,1,2007,1
2007-04-17,高雄市,SE6 青蔥 粉蔥 ,,,,,,,,4,2,2007,1
2007-04-18,高雄市,SE6 青蔥 粉蔥 ,,,,,,,,4,3,2007,1
2007-04-19,高雄市,SE6 青蔥 粉蔥 ,,,,,,,,4,4,2007,1
2007-04-20,高雄市,SE6 青蔥 粉蔥 ,,,,,,,,4,5,2007,1
2007-04-21,高雄市,SE6 青蔥 粉蔥 ,,,,,,,,4,6,2007,1
2007-04-22,高雄市,SE6 青蔥 粉蔥 ,,,,,,,,4,7,2007,1
2007-04-23,高雄市,SE6 青蔥 粉蔥 ,,,,,,,,4,1,2007,1
2007-04-24,高雄市,SE6 青蔥 粉蔥 ,,,,,,,,4,2,2007,1
2007-04-25,高雄市,SE6 青蔥 粉蔥 ,,,,,,,,4,3,2007,1
2007-04-26,高雄市,SE6 青蔥 粉蔥 ,,,,,,,,4,4,2007,1
2007-04-27,高雄市,SE6 青蔥 粉蔥 ,,,,,,,,4,5,2007,1
2007-04-28,高雄市,SE6 青蔥 粉蔥 ,,,,,,,,4,6,2007,1
2007-04-29,高雄市,SE6 青蔥 粉蔥 ,,,,,,,,4,7,2007,1
2007-04-30,高雄市,SE6 青蔥 粉蔥 ,,,,,,,,4,1,2007,1
2007-05-01,高雄市,SE6 青蔥 粉蔥 ,,,,,,,,5,2,2007,1
2007-05-02,高雄市,SE6 青蔥 粉蔥 ,,,,,,,,5,3,2007,1
2007-05-03,高雄市,SE6 青蔥 粉蔥 ,,,,,,,,5,4,2007,1
2007-05-04,高雄市,SE6 青蔥 粉蔥 ,,,,,,,,5,5,2007,1
2007-05-05,高雄市,SE6 青蔥 粉蔥 ,,,,,,,,5,6,2007,1
2007-05-06,高雄市,SE6 青蔥 粉蔥 ,,,,,,,,5,7,2007,1
2007-05-07,高雄市,SE6 青蔥 粉蔥 ,,,,,,,,5,1,2007,1
2007-05-08,高雄市,SE6 青蔥 粉蔥 ,,,,,,,,5,2,2007,1
2007-05-09,高雄市,SE6 青蔥 粉蔥 ,,,,,,,,5,3,2007,1
2007-05-10,高雄市,SE6 青蔥 粉蔥 ,,,,,,,,5,4,2007,1
2007-05-11,高雄市,SE6 青蔥 粉蔥 ,,,,,,,,5,5,2007,1
2007-05-12,高雄市,SE6 青蔥 粉蔥 ,,,,,,,,5,6,2007,1
2007-05-13,高雄市,SE6 青蔥 粉蔥 ,,,,,,,,5,7,2007,1
2007-05-14,高雄市,SE6 青蔥 粉蔥 ,,,,,,,,5,1,2007,1
2007-05-15,高雄市,SE6 青蔥 粉蔥 ,,,,,,,,5,2,2007,1
2007-05-16,高雄市,SE6 青蔥 粉蔥 ,,,,,,,,5,3,2007,1
2007-05-17,高雄市,SE6 青蔥 粉蔥 ,,,,,,,,5,4,2007,1
2007-05-18,高雄市,SE6 青蔥 粉蔥 ,,,,,,,,5,5,2007,1
2007-05-19,高雄市,SE6 青蔥 粉蔥 ,,,,,,,,5,6,2007,1
2007-05-20,高雄市,SE6 青蔥 粉蔥 ,,,,,,,,5,7,2007,1
2007-05-21,高雄市,SE6 青蔥 粉蔥 ,,,,,,,,5,1,2007,1
2007-05-22,高雄市,SE6 青蔥 粉蔥 ,,,,,,,,5,2,2007,1
2007-05-23,高雄市,SE6 青蔥 粉蔥 ,,,,,,,,5,3,2007,1
2007-05-24,高雄市,SE6 青蔥 粉蔥 ,,,,,,,,5,4,2007,1
2007-05-25,高雄市,SE6 青蔥 粉蔥 ,,,,,,,,5,5,2007,1
2007-05-26,高雄市,SE6 青蔥 粉蔥 ,,,,,,,,5,6,2007,1
2007-05-27,高雄市,SE6 青蔥 粉蔥 ,,,,,,,,5,7,2007,1
2007-05-28,高雄市,SE6 青蔥 粉蔥 ,,,,,,,,5,1,2007,1
2007-05-29,高雄市,SE6 青蔥 粉蔥 ,,,,,,,,5,2,2007,1
2007-05-30,高雄市,SE6 青蔥 粉蔥 ,,,,,,,,5,3,2007,1
2007-05-31,高雄市,SE6 青蔥 粉蔥 ,,,,,,,,5,4,2007,1
2007-06-01,高雄市,SE6 青蔥 粉蔥 ,,,,,,,,6,5,2007,1
2007-06-02,高雄市,SE6 青蔥 粉蔥 ,,,,,,,,6,6,2007,1
2007-06-03,高雄市,SE6 青蔥 粉蔥 ,,,,,,,,6,7,2007,1
2007-06-04,高雄市,SE6 青蔥 粉蔥 ,,,,,,,,6,1,2007,1
2007-06-05,高雄市,SE6 青蔥 粉蔥 ,,,,,,,,6,2,2007,1
2007-06-06,高雄市,SE6 青蔥 粉蔥 ,,,,,,,,6,3,2007,1
2007-06-07,高雄市,SE6 青蔥 粉蔥 ,,,,,,,,6,4,2007,1
2007-06-08,高雄市,SE6 青蔥 粉蔥 ,,,,,,,,6,5,2007,1
2007-06-09,高雄市,SE6 青蔥 粉蔥 ,,,,,,,,6,6,2007,1
2007-06-10,高雄市,SE6 青蔥 粉蔥 ,,,,,,,,6,7,2007,1
2007-06-11,高雄市,SE6 青蔥 粉蔥 ,,,,,,,,6,1,2007,1
2007-06-12,高雄市,SE6 青蔥 粉蔥 ,,,,,,,,6,2,2007,1
2007-06-13,高雄市,SE6 青蔥 粉蔥 ,,,,,,,,6,3,2007,1
2007-06-14,高雄市,SE6 青蔥 粉蔥 ,15.0,15.0,15.0,15.0,50.0,200.0,400.0,6,4,2007,0
2007-06-15,高雄市,SE6 青蔥 粉蔥 ,,,,,,,,6,5,2007,1
2007-06-16,高雄市,SE6 青蔥 粉蔥 ,,,,,,,,6,6,2007,1
2007-06-17,高雄市,SE6 青蔥 粉蔥 ,,,,,,,,6,7,2007,1
2007-06-18,高雄市,SE6 青蔥 粉蔥 ,,,,,,,,6,1,2007,1
2007-06-19,高雄市,SE6 青蔥 粉蔥 ,,,,,,,,6,2,2007,1
2007-06-20,高雄市,SE6 青蔥 粉蔥 ,,,,,,,,6,3,2007,1
2007-06-21,高雄市,SE6 青蔥 粉蔥 ,,,,,,,,6,4,2007,1
2007-06-22,高雄市,SE6 青蔥 粉蔥 ,,,,,,,,6,5,2007,1
2007-06-23,高雄市,SE6 青蔥 粉蔥 ,,,,,,,,6,6,2007,1
2007-06-24,高雄市,SE6 青蔥 粉蔥 ,,,,,,,,6,7,2007,1
2007-06-25,高雄市,SE6 青蔥 粉蔥 ,,,,,,,,6,1,2007,1
2007-06-26,高雄市,SE6 青蔥 粉蔥 ,,,,,,,,6,2,2007,1
2007-06-27,高雄市,SE6 青蔥 粉蔥 ,,,,,,,,6,3,2007,1
2007-06-28,高雄市,SE6 青蔥 粉蔥 ,,,,,,,,6,4,2007,1
2007-06-29,高雄市,SE6 青蔥 粉蔥 ,,,,,,,,6,5,2007,1
2007-06-30,高雄市,SE6 青蔥 粉蔥 ,,,,,,,,6,6,2007,1
2007-07-01,高雄市,SE6 青蔥 粉蔥 ,,,,,,,,7,7,2007,1
2007-07-02,高雄市,SE6 青蔥 粉蔥 ,,,,,,,,7,1,2007,1
2007-07-03,高雄市,SE6 青蔥 粉蔥 ,,,,,,,,7,2,2007,1
2007-07-04,高雄市,SE6 青蔥 粉蔥 ,,,,,,,,7,3,2007,1
2007-07-05,高雄市,SE6 青蔥 粉蔥 ,,,,,,,,7,4,2007,1
2007-07-06,高雄市,SE6 青蔥 粉蔥 ,,,,,,,,7,5,2007,1
2007-07-07,高雄市,SE6 青蔥 粉蔥 ,,,,,,,,7,6,2007,1
2007-07-08,高雄市,SE6 青蔥 粉蔥 ,,,,,,,,7,7,2007,1
2007-07-09,高雄市,SE6 青蔥 粉蔥 ,,,,,,,,7,1,2007,1
2007-07-10,高雄市,SE6 青蔥 粉蔥 ,,,,,,,,7,2,2007,1
2007-07-11,高雄市,SE6 青蔥 粉蔥 ,,,,,,,,7,3,2007,1
2007-07-12,高雄市,SE6 青蔥 粉蔥 ,,,,,,,,7,4,2007,1
2007-07-13,高雄市,SE6 青蔥 粉蔥 ,,,,,,,,7,5,2007,1
2007-07-14,高雄市,SE6 青蔥 粉蔥 ,,,,,,,,7,6,2007,1
2007-07-15,高雄市,SE6 青蔥 粉蔥 ,,,,,,,,7,7,2007,1
2007-07-16,高雄市,SE6 青蔥 粉蔥 ,,,,,,,,7,1,2007,1
2007-07-17,高雄市,SE6 青蔥 粉蔥 ,,,,,,,,7,2,2007,1
2007-07-18,高雄市,SE6 青蔥 粉蔥 ,,,,,,,,7,3,2007,1
2007-07-19,高雄市,SE6 青蔥 粉蔥 ,,,,,,,,7,4,2007,1
2007-07-20,高雄市,SE6 青蔥 粉蔥 ,,,,,,,,7,5,2007,1
2007-07-21,高雄市,SE6 青蔥 粉蔥 ,,,,,,,,7,6,2007,1
2007-07-22,高雄市,SE6 青蔥 粉蔥 ,,,,,,,,7,7,2007,1
2007-07-23,高雄市,SE6 青蔥 粉蔥 ,,,,,,,,7,1,2007,1
2007-07-24,高雄市,SE6 青蔥 粉蔥 ,,,,,,,,7,2,2007,1
2007-07-25,高雄市,SE6 青蔥 粉蔥 ,17.0,17.0,17.0,17.0,13.33,100.0,-50.0,7,3,2007,0
2007-07-26,高雄市,SE6 青蔥 粉蔥 ,,,,,,,,7,4,2007,1
2007-07-27,高雄市,SE6 青蔥 粉蔥 ,,,,,,,,7,5,2007,1
2007-07-28,高雄市,SE6 青蔥 粉蔥 ,,,,,,,,7,6,2007,1
2007-07-29,高雄市,SE6 青蔥 粉蔥 ,,,,,,,,7,7,2007,1
2007-07-30,高雄市,SE6 青蔥 粉蔥 ,,,,,,,,7,1,2007,1
2007-07-31,高雄市,SE6 青蔥 粉蔥 ,,,,,,,,7,2,2007,1
2007-08-01,高雄市,SE6 青蔥 粉蔥 ,,,,,,,,8,3,2007,1
2007-08-02,高雄市,SE6 青蔥 粉蔥 ,,,,,,,,8,4,2007,1
2007-08-03,高雄市,SE6 青蔥 粉蔥 ,,,,,,,,8,5,2007,1
2007-08-04,高雄市,SE6 青蔥 粉蔥 ,,,,,,,,8,6,2007,1
2007-08-05,高雄市,SE6 青蔥 粉蔥 ,,,,,,,,8,7,2007,1
2007-08-06,高雄市,SE6 青蔥 粉蔥 ,,,,,,,,8,1,2007,1
2007-08-07,高雄市,SE6 青蔥 粉蔥 ,,,,,,,,8,2,2007,1
2007-08-08,高雄市,SE6 青蔥 粉蔥 ,,,,,,,,8,3,2007,1
2007-08-09,高雄市,SE6 青蔥 粉蔥 ,,,,,,,,8,4,2007,1
2007-08-10,高雄市,SE6 青蔥 粉蔥 ,,,,,,,,8,5,2007,1
2007-08-11,高雄市,SE6 青蔥 粉蔥 ,,,,,,,,8,6,2007,1
2007-08-12,高雄市,SE6 青蔥 粉蔥 ,,,,,,,,8,7,2007,1
2007-08-13,高雄市,SE6 青蔥 粉蔥 ,,,,,,,,8,1,2007,1
2007-08-14,高雄市,SE6 青蔥 粉蔥 ,,,,,,,,8,2,2007,1
2007-08-15,高雄市,SE6 青蔥 粉蔥 ,,,,,,,,8,3,2007,1
2007-08-16,高雄市,SE6 青蔥 粉蔥 ,,,,,,,,8,4,2007,1
2007-08-17,高雄市,SE6 青蔥 粉蔥 ,,,,,,,,8,5,2007,1
2007-08-18,高雄市,SE6 青蔥 粉蔥 ,,,,,,,,8,6,2007,1
2007-08-19,高雄市,SE6 青蔥 粉蔥 ,,,,,,,,8,7,2007,1
2007-08-20,高雄市,SE6 青蔥 粉蔥 ,,,,,,,,8,1,2007,1
2007-08-21,高雄市,SE6 青蔥 粉蔥 ,,,,,,,,8,2,2007,1
2007-08-22,高雄市,SE6 青蔥 粉蔥 ,,,,,,,,8,3,2007,1
2007-08-23,高雄市,SE6 青蔥 粉蔥 ,,,,,,,,8,4,2007,1
2007-08-24,高雄市,SE6 青蔥 粉蔥 ,,,,,,,,8,5,2007,1
2007-08-25,高雄市,SE6 青蔥 粉蔥 ,,,,,,,,8,6,2007,1
2007-08-26,高雄市,SE6 青蔥 粉蔥 ,,,,,,,,8,7,2007,1
2007-08-27,高雄市,SE6 青蔥 粉蔥 ,,,,,,,,8,1,2007,1
2007-08-28,高雄市,SE6 青蔥 粉蔥 ,,,,,,,,8,2,2007,1
2007-08-29,高雄市,SE6 青蔥 粉蔥 ,,,,,,,,8,3,2007,1
2007-08-30,高雄市,SE6 青蔥 粉蔥 ,,,,,,,,8,4,2007,1
2007-08-31,高雄市,SE6 青蔥 粉蔥 ,,,,,,,,8,5,2007,1
2007-09-01,高雄市,SE6 青蔥 粉蔥 ,,,,,,,,9,6,2007,1
2007-09-02,高雄市,SE6 青蔥 粉蔥 ,,,,,,,,9,7,2007,1
2007-09-03,高雄市,SE6 青蔥 粉蔥 ,,,,,,,,9,1,2007,1
2007-09-04,高雄市,SE6 青蔥 粉蔥 ,,,,,,,,9,2,2007,1
2007-09-05,高雄市,SE6 青蔥 粉蔥 ,,,,,,,,9,3,2007,1
2007-09-06,高雄市,SE6 青蔥 粉蔥 ,,,,,,,,9,4,2007,1
2007-09-07,高雄市,SE6 青蔥 粉蔥 ,,,,,,,,9,5,2007,1
2007-09-08,高雄市,SE6 青蔥 粉蔥 ,,,,,,,,9,6,2007,1
2007-09-09,高雄市,SE6 青蔥 粉蔥 ,,,,,,,,9,7,2007,1
2007-09-10,高雄市,SE6 青蔥 粉蔥 ,,,,,,,,9,1,2007,1
2007-09-11,高雄市,SE6 青蔥 粉蔥 ,,,,,,,,9,2,2007,1
2007-09-12,高雄市,SE6 青蔥 粉蔥 ,,,,,,,,9,3,2007,1
2007-09-13,高雄市,SE6 青蔥 粉蔥 ,,,,,,,,9,4,2007,1
2007-09-14,高雄市,SE6 青蔥 粉蔥 ,,,,,,,,9,5,2007,1
2007-09-15,高雄市,SE6 青蔥 粉蔥 ,,,,,,,,9,6,2007,1
2007-09-16,高雄市,SE6 青蔥 粉蔥 ,,,,,,,,9,7,2007,1
2007-09-17,高雄市,SE6 青蔥 粉蔥 ,,,,,,,,9,1,2007,1
2007-09-18,高雄市,SE6 青蔥 粉蔥 ,,,,,,,,9,2,2007,1
2007-09-19,高雄市,SE6 青蔥 粉蔥 ,,,,,,,,9,3,2007,1
2007-09-20,高雄市,SE6 青蔥 粉蔥 ,,,,,,,,9,4,2007,1
2007-09-21,高雄市,SE6 青蔥 粉蔥 ,,,,,,,,9,5,2007,1
2007-09-22,高雄市,SE6 青蔥 粉蔥 ,,,,,,,,9,6,2007,1
2007-09-23,高雄市,SE6 青蔥 粉蔥 ,,,,,,,,9,7,2007,1
2007-09-24,高雄市,SE6 青蔥 粉蔥 ,,,,,,,,9,1,2007,1
2007-09-25,高雄市,SE6 青蔥 粉蔥 ,,,,,,,,9,2,2007,1
2007-09-26,高雄市,SE6 青蔥 粉蔥 ,,,,,,,,9,3,2007,1
2007-09-27,高雄市,SE6 青蔥 粉蔥 ,,,,,,,,9,4,2007,1
2007-09-28,高雄市,SE6 青蔥 粉蔥 ,,,,,,,,9,5,2007,1
2007-09-29,高雄市,SE6 青蔥 粉蔥 ,,,,,,,,9,6,2007,1
2007-09-30,高雄市,SE6 青蔥 粉蔥 ,,,,,,,,9,7,2007,1
2007-10-01,高雄市,SE6 青蔥 粉蔥 ,,,,,,,,10,1,2007,1
2007-10-02,高雄市,SE6 青蔥 粉蔥 ,,,,,,,,10,2,2007,1
2007-10-03,高雄市,SE6 青蔥 粉蔥 ,,,,,,,,10,3,2007,1
2007-10-04,高雄市,SE6 青蔥 粉蔥 ,,,,,,,,10,4,2007,1
2007-10-05,高雄市,SE6 青蔥 粉蔥 ,,,,,,,,10,5,2007,1
2007-10-06,高雄市,SE6 青蔥 粉蔥 ,,,,,,,,10,6,2007,1
2007-10-07,高雄市,SE6 青蔥 粉蔥 ,,,,,,,,10,7,2007,1
2007-10-08,高雄市,SE6 青蔥 粉蔥 ,,,,,,,,10,1,2007,1
2007-10-09,高雄市,SE6 青蔥 粉蔥 ,,,,,,,,10,2,2007,1
2007-10-10,高雄市,SE6 青蔥 粉蔥 ,,,,,,,,10,3,2007,1
2007-10-11,高雄市,SE6 青蔥 粉蔥 ,,,,,,,,10,4,2007,1
2007-10-12,高雄市,SE6 青蔥 粉蔥 ,,,,,,,,10,5,2007,1
2007-10-13,高雄市,SE6 青蔥 粉蔥 ,,,,,,,,10,6,2007,1
2007-10-14,高雄市,SE6 青蔥 粉蔥 ,,,,,,,,10,7,2007,1
2007-10-15,高雄市,SE6 青蔥 粉蔥 ,,,,,,,,10,1,2007,1
2007-10-16,高雄市,SE6 青蔥 粉蔥 ,,,,,,,,10,2,2007,1
2007-10-17,高雄市,SE6 青蔥 粉蔥 ,,,,,,,,10,3,2007,1
2007-10-18,高雄市,SE6 青蔥 粉蔥 ,,,,,,,,10,4,2007,1
2007-10-19,高雄市,SE6 青蔥 粉蔥 ,,,,,,,,10,5,2007,1
2007-10-20,高雄市,SE6 青蔥 粉蔥 ,,,,,,,,10,6,2007,1
2007-10-21,高雄市,SE6 青蔥 粉蔥 ,,,,,,,,10,7,2007,1
2007-10-22,高雄市,SE6 青蔥 粉蔥 ,,,,,,,,10,1,2007,1
2007-10-23,高雄市,SE6 青蔥 粉蔥 ,,,,,,,,10,2,2007,1
2007-10-24,高雄市,SE6 青蔥 粉蔥 ,,,,,,,,10,3,2007,1
2007-10-25,高雄市,SE6 青蔥 粉蔥 ,,,,,,,,10,4,2007,1
2007-10-26,高雄市,SE6 青蔥 粉蔥 ,,,,,,,,10,5,2007,1
2007-10-27,高雄市,SE6 青蔥 粉蔥 ,,,,,,,,10,6,2007,1
2007-10-28,高雄市,SE6 青蔥 粉蔥 ,,,,,,,,10,7,2007,1
2007-10-29,高雄市,SE6 青蔥 粉蔥 ,,,,,,,,10,1,2007,1
2007-10-30,高雄市,SE6 青蔥 粉蔥 ,,,,,,,,10,2,2007,1
2007-10-31,高雄市,SE6 青蔥 粉蔥 ,,,,,,,,10,3,2007,1
2007-11-01,高雄市,SE6 青蔥 粉蔥 ,,,,,,,,11,4,2007,1
2007-11-02,高雄市,SE6 青蔥 粉蔥 ,,,,,,,,11,5,2007,1
2007-11-03,高雄市,SE6 青蔥 粉蔥 ,,,,,,,,11,6,2007,1
2007-11-04,高雄市,SE6 青蔥 粉蔥 ,,,,,,,,11,7,2007,1
2007-11-05,高雄市,SE6 青蔥 粉蔥 ,,,,,,,,11,1,2007,1
2007-11-06,高雄市,SE6 青蔥 粉蔥 ,,,,,,,,11,2,2007,1
2007-11-07,高雄市,SE6 青蔥 粉蔥 ,,,,,,,,11,3,2007,1
2007-11-08,高雄市,SE6 青蔥 粉蔥 ,,,,,,,,11,4,2007,1
2007-11-09,高雄市,SE6 青蔥 粉蔥 ,,,,,,,,11,5,2007,1
2007-11-10,高雄市,SE6 青蔥 粉蔥 ,,,,,,,,11,6,2007,1
2007-11-11,高雄市,SE6 青蔥 粉蔥 ,,,,,,,,11,7,2007,1
2007-11-12,高雄市,SE6 青蔥 粉蔥 ,,,,,,,,11,1,2007,1
2007-11-13,高雄市,SE6 青蔥 粉蔥 ,,,,,,,,11,2,2007,1
2007-11-14,高雄市,SE6 青蔥 粉蔥 ,,,,,,,,11,3,2007,1
2007-11-15,高雄市,SE6 青蔥 粉蔥 ,,,,,,,,11,4,2007,1
2007-11-16,高雄市,SE6 青蔥 粉蔥 ,,,,,,,,11,5,2007,1
2007-11-17,高雄市,SE6 青蔥 粉蔥 ,,,,,,,,11,6,2007,1
2007-11-18,高雄市,SE6 青蔥 粉蔥 ,,,,,,,,11,7,2007,1
2007-11-19,高雄市,SE6 青蔥 粉蔥 ,,,,,,,,11,1,2007,1
2007-11-20,高雄市,SE6 青蔥 粉蔥 ,,,,,,,,11,2,2007,1
2007-11-21,高雄市,SE6 青蔥 粉蔥 ,,,,,,,,11,3,2007,1
2007-11-22,高雄市,SE6 青蔥 粉蔥 ,,,,,,,,11,4,2007,1
2007-11-23,高雄市,SE6 青蔥 粉蔥 ,,,,,,,,11,5,2007,1
2007-11-24,高雄市,SE6 青蔥 粉蔥 ,,,,,,,,11,6,2007,1
2007-11-25,高雄市,SE6 青蔥 粉蔥 ,,,,,,,,11,7,2007,1
2007-11-26,高雄市,SE6 青蔥 粉蔥 ,,,,,,,,11,1,2007,1
2007-11-27,高雄市,SE6 青蔥 粉蔥 ,,,,,,,,11,2,2007,1
2007-11-28,高雄市,SE6 青蔥 粉蔥 ,,,,,,,,11,3,2007,1
2007-11-29,高雄市,SE6 青蔥 粉蔥 ,,,,,,,,11,4,2007,1
2007-11-30,高雄市,SE6 青蔥 粉蔥 ,,,,,,,,11,5,2007,1
2007-12-01,高雄市,SE6 青蔥 粉蔥 ,,,,,,,,12,6,2007,1
2007-12-02,高雄市,SE6 青蔥 粉蔥 ,,,,,,,,12,7,2007,1
2007-12-03,高雄市,SE6 青蔥 粉蔥 ,,,,,,,,12,1,2007,1
2007-12-04,高雄市,SE6 青蔥 粉蔥 ,,,,,,,,12,2,2007,1
2007-12-05,高雄市,SE6 青蔥 粉蔥 ,,,,,,,,12,3,2007,1
2007-12-06,高雄市,SE6 青蔥 粉蔥 ,,,,,,,,12,4,2007,1
2007-12-07,高雄市,SE6 青蔥 粉蔥 ,,,,,,,,12,5,2007,1
2007-12-08,高雄市,SE6 青蔥 粉蔥 ,,,,,,,,12,6,2007,1
2007-12-09,高雄市,SE6 青蔥 粉蔥 ,,,,,,,,12,7,2007,1
2007-12-10,高雄市,SE6 青蔥 粉蔥 ,,,,,,,,12,1,2007,1
2007-12-11,高雄市,SE6 青蔥 粉蔥 ,,,,,,,,12,2,2007,1
2007-12-12,高雄市,SE6 青蔥 粉蔥 ,,,,,,,,12,3,2007,1
2007-12-13,高雄市,SE6 青蔥 粉蔥 ,,,,,,,,12,4,2007,1
2007-12-14,高雄市,SE6 青蔥 粉蔥 ,,,,,,,,12,5,2007,1
2007-12-15,高雄市,SE6 青蔥 粉蔥 ,,,,,,,,12,6,2007,1
2007-12-16,高雄市,SE6 青蔥 粉蔥 ,,,,,,,,12,7,2007,1
2007-12-17,高雄市,SE6 青蔥 粉蔥 ,,,,,,,,12,1,2007,1
2007-12-18,高雄市,SE6 青蔥 粉蔥 ,,,,,,,,12,2,2007,1
2007-12-19,高雄市,SE6 青蔥 粉蔥 ,,,,,,,,12,3,2007,1
2007-12-20,高雄市,SE6 青蔥 粉蔥 ,,,,,,,,12,4,2007,1
2007-12-21,高雄市,SE6 青蔥 粉蔥 ,,,,,,,,12,5,2007,1
2007-12-22,高雄市,SE6 青蔥 粉蔥 ,,,,,,,,12,6,2007,1
2007-12-23,高雄市,SE6 青蔥 粉蔥 ,,,,,,,,12,7,2007,1
2007-12-24,高雄市,SE6 青蔥 粉蔥 ,,,,,,,,12,1,2007,1
2007-12-25,高雄市,SE6 青蔥 粉蔥 ,,,,,,,,12,2,2007,1
2007-12-26,高雄市,SE6 青蔥 粉蔥 ,,,,,,,,12,3,2007,1
2007-12-27,高雄市,SE6 青蔥 粉蔥 ,,,,,,,,12,4,2007,1
2007-12-28,高雄市,SE6 青蔥 粉蔥 ,,,,,,,,12,5,2007,1
2007-12-29,高雄市,SE6 青蔥 粉蔥 ,,,,,,,,12,6,2007,1
2007-12-30,高雄市,SE6 青蔥 粉蔥 ,,,,,,,,12,7,2007,1
2007-12-31,高雄市,SE6 青蔥 粉蔥 ,,,,,,,,12,1,2007,1
2008-01-01,高雄市,SE6 青蔥 粉蔥 ,,,,,,,,1,2,2008,1
2008-01-02,高雄市,SE6 青蔥 粉蔥 ,,,,,,,,1,3,2008,1
2008-01-03,高雄市,SE6 青蔥 粉蔥 ,,,,,,,,1,4,2008,1
2008-01-04,高雄市,SE6 青蔥 粉蔥 ,,,,,,,,1,5,2008,1
2008-01-05,高雄市,SE6 青蔥 粉蔥 ,,,,,,,,1,6,2008,1
2008-01-06,高雄市,SE6 青蔥 粉蔥 ,,,,,,,,1,7,2008,1
2008-01-07,高雄市,SE6 青蔥 粉蔥 ,,,,,,,,1,1,2008,1
2008-01-08,高雄市,SE6 青蔥 粉蔥 ,,,,,,,,1,2,2008,1
2008-01-09,高雄市,SE6 青蔥 粉蔥 ,,,,,,,,1,3,2008,1
2008-01-10,高雄市,SE6 青蔥 粉蔥 ,,,,,,,,1,4,2008,1
2008-01-11,高雄市,SE6 青蔥 粉蔥 ,,,,,,,,1,5,2008,1
2008-01-12,高雄市,SE6 青蔥 粉蔥 ,,,,,,,,1,6,2008,1
2008-01-13,高雄市,SE6 青蔥 粉蔥 ,,,,,,,,1,7,2008,1
2008-01-14,高雄市,SE6 青蔥 粉蔥 ,,,,,,,,1,1,2008,1
2008-01-15,高雄市,SE6 青蔥 粉蔥 ,,,,,,,,1,2,2008,1
2008-01-16,高雄市,SE6 青蔥 粉蔥 ,,,,,,,,1,3,2008,1
2008-01-17,高雄市,SE6 青蔥 粉蔥 ,,,,,,,,1,4,2008,1
2008-01-18,高雄市,SE6 青蔥 粉蔥 ,,,,,,,,1,5,2008,1
2008-01-19,高雄市,SE6 青蔥 粉蔥 ,,,,,,,,1,6,2008,1
2008-01-20,高雄市,SE6 青蔥 粉蔥 ,,,,,,,,1,7,2008,1
2008-01-21,高雄市,SE6 青蔥 粉蔥 ,,,,,,,,1,1,2008,1
2008-01-22,高雄市,SE6 青蔥 粉蔥 ,,,,,,,,1,2,2008,1
2008-01-23,高雄市,SE6 青蔥 粉蔥 ,,,,,,,,1,3,2008,1
2008-01-24,高雄市,SE6 青蔥 粉蔥 ,,,,,,,,1,4,2008,1
2008-01-25,高雄市,SE6 青蔥 粉蔥 ,,,,,,,,1,5,2008,1
2008-01-26,高雄市,SE6 青蔥 粉蔥 ,,,,,,,,1,6,2008,1
2008-01-27,高雄市,SE6 青蔥 粉蔥 ,,,,,,,,1,7,2008,1
2008-01-28,高雄市,SE6 青蔥 粉蔥 ,,,,,,,,1,1,2008,1
2008-01-29,高雄市,SE6 青蔥 粉蔥 ,,,,,,,,1,2,2008,1
2008-01-30,高雄市,SE6 青蔥 粉蔥 ,,,,,,,,1,3,2008,1
2008-01-31,高雄市,SE6 青蔥 粉蔥 ,,,,,,,,1,4,2008,1
2008-02-01,高雄市,SE6 青蔥 粉蔥 ,,,,,,,,2,5,2008,1
2008-02-02,高雄市,SE6 青蔥 粉蔥 ,,,,,,,,2,6,2008,1
2008-02-03,高雄市,SE6 青蔥 粉蔥 ,,,,,,,,2,7,2008,1
2008-02-04,高雄市,SE6 青蔥 粉蔥 ,,,,,,,,2,1,2008,1
2008-02-05,高雄市,SE6 青蔥 粉蔥 ,,,,,,,,2,2,2008,1
2008-02-06,高雄市,SE6 青蔥 粉蔥 ,,,,,,,,2,3,2008,1
2008-02-07,高雄市,SE6 青蔥 粉蔥 ,,,,,,,,2,4,2008,1
2008-02-08,高雄市,SE6 青蔥 粉蔥 ,,,,,,,,2,5,2008,1
2008-02-09,高雄市,SE6 青蔥 粉蔥 ,,,,,,,,2,6,2008,1
2008-02-10,高雄市,SE6 青蔥 粉蔥 ,,,,,,,,2,7,2008,1
2008-02-11,高雄市,SE6 青蔥 粉蔥 ,,,,,,,,2,1,2008,1
2008-02-12,高雄市,SE6 青蔥 粉蔥 ,,,,,,,,2,2,2008,1
2008-02-13,高雄市,SE6 青蔥 粉蔥 ,,,,,,,,2,3,2008,1
2008-02-14,高雄市,SE6 青蔥 粉蔥 ,,,,,,,,2,4,2008,1
2008-02-15,高雄市,SE6 青蔥 粉蔥 ,,,,,,,,2,5,2008,1
2008-02-16,高雄市,SE6 青蔥 粉蔥 ,,,,,,,,2,6,2008,1
2008-02-17,高雄市,SE6 青蔥 粉蔥 ,,,,,,,,2,7,2008,1
2008-02-18,高雄市,SE6 青蔥 粉蔥 ,,,,,,,,2,1,2008,1
2008-02-19,高雄市,SE6 青蔥 粉蔥 ,,,,,,,,2,2,2008,1
2008-02-20,高雄市,SE6 青蔥 粉蔥 ,,,,,,,,2,3,2008,1
2008-02-21,高雄市,SE6 青蔥 粉蔥 ,,,,,,,,2,4,2008,1
2008-02-22,高雄市,SE6 青蔥 粉蔥 ,,,,,,,,2,5,2008,1
2008-02-23,高雄市,SE6 青蔥 粉蔥 ,,,,,,,,2,6,2008,1
2008-02-24,高雄市,SE6 青蔥 粉蔥 ,,,,,,,,2,7,2008,1
2008-02-25,高雄市,SE6 青蔥 粉蔥 ,,,,,,,,2,1,2008,1
2008-02-26,高雄市,SE6 青蔥 粉蔥 ,,,,,,,,2,2,2008,1
2008-02-27,高雄市,SE6 青蔥 粉蔥 ,,,,,,,,2,3,2008,1
2008-02-28,高雄市,SE6 青蔥 粉蔥 ,,,,,,,,2,4,2008,1
2008-02-29,高雄市,SE6 青蔥 粉蔥 ,,,,,,,,2,5,2008,1
2008-03-01,高雄市,SE6 青蔥 粉蔥 ,,,,,,,,3,6,2008,1
2008-03-02,高雄市,SE6 青蔥 粉蔥 ,,,,,,,,3,7,2008,1
2008-03-03,高雄市,SE6 青蔥 粉蔥 ,,,,,,,,3,1,2008,1
2008-03-04,高雄市,SE6 青蔥 粉蔥 ,,,,,,,,3,2,2008,1
2008-03-05,高雄市,SE6 青蔥 粉蔥 ,,,,,,,,3,3,2008,1
2008-03-06,高雄市,SE6 青蔥 粉蔥 ,,,,,,,,3,4,2008,1
2008-03-07,高雄市,SE6 青蔥 粉蔥 ,,,,,,,,3,5,2008,1
2008-03-08,高雄市,SE6 青蔥 粉蔥 ,,,,,,,,3,6,2008,1
2008-03-09,高雄市,SE6 青蔥 粉蔥 ,,,,,,,,3,7,2008,1
2008-03-10,高雄市,SE6 青蔥 粉蔥 ,,,,,,,,3,1,2008,1
2008-03-11,高雄市,SE6 青蔥 粉蔥 ,,,,,,,,3,2,2008,1
2008-03-12,高雄市,SE6 青蔥 粉蔥 ,,,,,,,,3,3,2008,1
2008-03-13,高雄市,SE6 青蔥 粉蔥 ,,,,,,,,3,4,2008,1
2008-03-14,高雄市,SE6 青蔥 粉蔥 ,,,,,,,,3,5,2008,1
2008-03-15,高雄市,SE6 青蔥 粉蔥 ,,,,,,,,3,6,2008,1
2008-03-16,高雄市,SE6 青蔥 粉蔥 ,,,,,,,,3,7,2008,1
2008-03-17,高雄市,SE6 青蔥 粉蔥 ,,,,,,,,3,1,2008,1
2008-03-18,高雄市,SE6 青蔥 粉蔥 ,,,,,,,,3,2,2008,1
2008-03-19,高雄市,SE6 青蔥 粉蔥 ,,,,,,,,3,3,2008,1
2008-03-20,高雄市,SE6 青蔥 粉蔥 ,,,,,,,,3,4,2008,1
2008-03-21,高雄市,SE6 青蔥 粉蔥 ,,,,,,,,3,5,2008,1
2008-03-22,高雄市,SE6 青蔥 粉蔥 ,,,,,,,,3,6,2008,1
2008-03-23,高雄市,SE6 青蔥 粉蔥 ,,,,,,,,3,7,2008,1
2008-03-24,高雄市,SE6 青蔥 粉蔥 ,,,,,,,,3,1,2008,1
2008-03-25,高雄市,SE6 青蔥 粉蔥 ,,,,,,,,3,2,2008,1
2008-03-26,高雄市,SE6 青蔥 粉蔥 ,,,,,,,,3,3,2008,1
2008-03-27,高雄市,SE6 青蔥 粉蔥 ,,,,,,,,3,4,2008,1
2008-03-28,高雄市,SE6 青蔥 粉蔥 ,,,,,,,,3,5,2008,1
2008-03-29,高雄市,SE6 青蔥 粉蔥 ,,,,,,,,3,6,2008,1
2008-03-30,高雄市,SE6 青蔥 粉蔥 ,,,,,,,,3,7,2008,1
2008-03-31,高雄市,SE6 青蔥 粉蔥 ,,,,,,,,3,1,2008,1
2008-04-01,高雄市,SE6 青蔥 粉蔥 ,,,,,,,,4,2,2008,1
2008-04-02,高雄市,SE6 青蔥 粉蔥 ,,,,,,,,4,3,2008,1
2008-04-03,高雄市,SE6 青蔥 粉蔥 ,,,,,,,,4,4,2008,1
2008-04-04,高雄市,SE6 青蔥 粉蔥 ,,,,,,,,4,5,2008,1
2008-04-05,高雄市,SE6 青蔥 粉蔥 ,,,,,,,,4,6,2008,1
2008-04-06,高雄市,SE6 青蔥 粉蔥 ,,,,,,,,4,7,2008,1
2008-04-07,高雄市,SE6 青蔥 粉蔥 ,,,,,,,,4,1,2008,1
2008-04-08,高雄市,SE6 青蔥 粉蔥 ,,,,,,,,4,2,2008,1
2008-04-09,高雄市,SE6 青蔥 粉蔥 ,,,,,,,,4,3,2008,1
2008-04-10,高雄市,SE6 青蔥 粉蔥 ,,,,,,,,4,4,2008,1
2008-04-11,高雄市,SE6 青蔥 粉蔥 ,,,,,,,,4,5,2008,1
2008-04-12,高雄市,SE6 青蔥 粉蔥 ,,,,,,,,4,6,2008,1
2008-04-13,高雄市,SE6 青蔥 粉蔥 ,,,,,,,,4,7,2008,1
2008-04-14,高雄市,SE6 青蔥 粉蔥 ,,,,,,,,4,1,2008,1
2008-04-15,高雄市,SE6 青蔥 粉蔥 ,,,,,,,,4,2,2008,1
2008-04-16,高雄市,SE6 青蔥 粉蔥 ,,,,,,,,4,3,2008,1
2008-04-17,高雄市,SE6 青蔥 粉蔥 ,,,,,,,,4,4,2008,1
2008-04-18,高雄市,SE6 青蔥 粉蔥 ,,,,,,,,4,5,2008,1
2008-04-19,高雄市,SE6 青蔥 粉蔥 ,,,,,,,,4,6,2008,1
2008-04-20,高雄市,SE6 青蔥 粉蔥 ,,,,,,,,4,7,2008,1
2008-04-21,高雄市,SE6 青蔥 粉蔥 ,,,,,,,,4,1,2008,1
2008-04-22,高雄市,SE6 青蔥 粉蔥 ,,,,,,,,4,2,2008,1
2008-04-23,高雄市,SE6 青蔥 粉蔥 ,,,,,,,,4,3,2008,1
2008-04-24,高雄市,SE6 青蔥 粉蔥 ,,,,,,,,4,4,2008,1
2008-04-25,高雄市,SE6 青蔥 粉蔥 ,,,,,,,,4,5,2008,1
2008-04-26,高雄市,SE6 青蔥 粉蔥 ,,,,,,,,4,6,2008,1
2008-04-27,高雄市,SE6 青蔥 粉蔥 ,,,,,,,,4,7,2008,1
2008-04-28,高雄市,SE6 青蔥 粉蔥 ,,,,,,,,4,1,2008,1
2008-04-29,高雄市,SE6 青蔥 粉蔥 ,,,,,,,,4,2,2008,1
2008-04-30,高雄市,SE6 青蔥 粉蔥 ,,,,,,,,4,3,2008,1
2008-05-01,高雄市,SE6 青蔥 粉蔥 ,,,,,,,,5,4,2008,1
2008-05-02,高雄市,SE6 青蔥 粉蔥 ,,,,,,,,5,5,2008,1
2008-05-03,高雄市,SE6 青蔥 粉蔥 ,,,,,,,,5,6,2008,1
2008-05-04,高雄市,SE6 青蔥 粉蔥 ,,,,,,,,5,7,2008,1
2008-05-05,高雄市,SE6 青蔥 粉蔥 ,,,,,,,,5,1,2008,1
2008-05-06,高雄市,SE6 青蔥 粉蔥 ,,,,,,,,5,2,2008,1
2008-05-07,高雄市,SE6 青蔥 粉蔥 ,,,,,,,,5,3,2008,1
2008-05-08,高雄市,SE6 青蔥 粉蔥 ,,,,,,,,5,4,2008,1
2008-05-09,高雄市,SE6 青蔥 粉蔥 ,,,,,,,,5,5,2008,1
2008-05-10,高雄市,SE6 青蔥 粉蔥 ,,,,,,,,5,6,2008,1
2008-05-11,高雄市,SE6 青蔥 粉蔥 ,,,,,,,,5,7,2008,1
2008-05-12,高雄市,SE6 青蔥 粉蔥 ,,,,,,,,5,1,2008,1
2008-05-13,高雄市,SE6 青蔥 粉蔥 ,,,,,,,,5,2,2008,1
2008-05-14,高雄市,SE6 青蔥 粉蔥 ,,,,,,,,5,3,2008,1
2008-05-15,高雄市,SE6 青蔥 粉蔥 ,,,,,,,,5,4,2008,1
2008-05-16,高雄市,SE6 青蔥 粉蔥 ,,,,,,,,5,5,2008,1
2008-05-17,高雄市,SE6 青蔥 粉蔥 ,,,,,,,,5,6,2008,1
2008-05-18,高雄市,SE6 青蔥 粉蔥 ,,,,,,,,5,7,2008,1
2008-05-19,高雄市,SE6 青蔥 粉蔥 ,,,,,,,,5,1,2008,1
2008-05-20,高雄市,SE6 青蔥 粉蔥 ,,,,,,,,5,2,2008,1
2008-05-21,高雄市,SE6 青蔥 粉蔥 ,,,,,,,,5,3,2008,1
2008-05-22,高雄市,SE6 青蔥 粉蔥 ,,,,,,,,5,4,2008,1
2008-05-23,高雄市,SE6 青蔥 粉蔥 ,,,,,,,,5,5,2008,1
2008-05-24,高雄市,SE6 青蔥 粉蔥 ,,,,,,,,5,6,2008,1
2008-05-25,高雄市,SE6 青蔥 粉蔥 ,,,,,,,,5,7,2008,1
2008-05-26,高雄市,SE6 青蔥 粉蔥 ,,,,,,,,5,1,2008,1
2008-05-27,高雄市,SE6 青蔥 粉蔥 ,,,,,,,,5,2,2008,1
2008-05-28,高雄市,SE6 青蔥 粉蔥 ,,,,,,,,5,3,2008,1
2008-05-29,高雄市,SE6 青蔥 粉蔥 ,,,,,,,,5,4,2008,1
2008-05-30,高雄市,SE6 青蔥 粉蔥 ,,,,,,,,5,5,2008,1
2008-05-31,高雄市,SE6 青蔥 粉蔥 ,,,,,,,,5,6,2008,1
2008-06-01,高雄市,SE6 青蔥 粉蔥 ,,,,,,,,6,7,2008,1
2008-06-02,高雄市,SE6 青蔥 粉蔥 ,,,,,,,,6,1,2008,1
2008-06-03,高雄市,SE6 青蔥 粉蔥 ,,,,,,,,6,2,2008,1
2008-06-04,高雄市,SE6 青蔥 粉蔥 ,,,,,,,,6,3,2008,1
2008-06-05,高雄市,SE6 青蔥 粉蔥 ,,,,,,,,6,4,2008,1
2008-06-06,高雄市,SE6 青蔥 粉蔥 ,,,,,,,,6,5,2008,1
2008-06-07,高雄市,SE6 青蔥 粉蔥 ,,,,,,,,6,6,2008,1
2008-06-08,高雄市,SE6 青蔥 粉蔥 ,,,,,,,,6,7,2008,1
2008-06-09,高雄市,SE6 青蔥 粉蔥 ,,,,,,,,6,1,2008,1
2008-06-10,高雄市,SE6 青蔥 粉蔥 ,,,,,,,,6,2,2008,1
2008-06-11,高雄市,SE6 青蔥 粉蔥 ,,,,,,,,6,3,2008,1
2008-06-12,高雄市,SE6 青蔥 粉蔥 ,,,,,,,,6,4,2008,1
2008-06-13,高雄市,SE6 青蔥 粉蔥 ,,,,,,,,6,5,2008,1
2008-06-14,高雄市,SE6 青蔥 粉蔥 ,,,,,,,,6,6,2008,1
2008-06-15,高雄市,SE6 青蔥 粉蔥 ,,,,,,,,6,7,2008,1
2008-06-16,高雄市,SE6 青蔥 粉蔥 ,,,,,,,,6,1,2008,1
2008-06-17,高雄市,SE6 青蔥 粉蔥 ,,,,,,,,6,2,2008,1
2008-06-18,高雄市,SE6 青蔥 粉蔥 ,,,,,,,,6,3,2008,1
2008-06-19,高雄市,SE6 青蔥 粉蔥 ,,,,,,,,6,4,2008,1
2008-06-20,高雄市,SE6 青蔥 粉蔥 ,,,,,,,,6,5,2008,1
2008-06-21,高雄市,SE6 青蔥 粉蔥 ,,,,,,,,6,6,2008,1
2008-06-22,高雄市,SE6 青蔥 粉蔥 ,,,,,,,,6,7,2008,1
2008-06-23,高雄市,SE6 青蔥 粉蔥 ,,,,,,,,6,1,2008,1
2008-06-24,高雄市,SE6 青蔥 粉蔥 ,,,,,,,,6,2,2008,1
2008-06-25,高雄市,SE6 青蔥 粉蔥 ,,,,,,,,6,3,2008,1
2008-06-26,高雄市,SE6 青蔥 粉蔥 ,,,,,,,,6,4,2008,1
2008-06-27,高雄市,SE6 青蔥 粉蔥 ,,,,,,,,6,5,2008,1
2008-06-28,高雄市,SE6 青蔥 粉蔥 ,,,,,,,,6,6,2008,1
2008-06-29,高雄市,SE6 青蔥 粉蔥 ,,,,,,,,6,7,2008,1
2008-06-30,高雄市,SE6 青蔥 粉蔥 ,,,,,,,,6,1,2008,1
2008-07-01,高雄市,SE6 青蔥 粉蔥 ,,,,,,,,7,2,2008,1
2008-07-02,高雄市,SE6 青蔥 粉蔥 ,,,,,,,,7,3,2008,1
2008-07-03,高雄市,SE6 青蔥 粉蔥 ,,,,,,,,7,4,2008,1
2008-07-04,高雄市,SE6 青蔥 粉蔥 ,,,,,,,,7,5,2008,1
2008-07-05,高雄市,SE6 青蔥 粉蔥 ,,,,,,,,7,6,2008,1
2008-07-06,高雄市,SE6 青蔥 粉蔥 ,,,,,,,,7,7,2008,1
2008-07-07,高雄市,SE6 青蔥 粉蔥 ,,,,,,,,7,1,2008,1
2008-07-08,高雄市,SE6 青蔥 粉蔥 ,,,,,,,,7,2,2008,1
2008-07-09,高雄市,SE6 青蔥 粉蔥 ,,,,,,,,7,3,2008,1
2008-07-10,高雄市,SE6 青蔥 粉蔥 ,,,,,,,,7,4,2008,1
2008-07-11,高雄市,SE6 青蔥 粉蔥 ,,,,,,,,7,5,2008,1
2008-07-12,高雄市,SE6 青蔥 粉蔥 ,,,,,,,,7,6,2008,1
2008-07-13,高雄市,SE6 青蔥 粉蔥 ,,,,,,,,7,7,2008,1
2008-07-14,高雄市,SE6 青蔥 粉蔥 ,,,,,,,,7,1,2008,1
2008-07-15,高雄市,SE6 青蔥 粉蔥 ,,,,,,,,7,2,2008,1
2008-07-16,高雄市,SE6 青蔥 粉蔥 ,,,,,,,,7,3,2008,1
2008-07-17,高雄市,SE6 青蔥 粉蔥 ,,,,,,,,7,4,2008,1
2008-07-18,高雄市,SE6 青蔥 粉蔥 ,,,,,,,,7,5,2008,1
2008-07-19,高雄市,SE6 青蔥 粉蔥 ,,,,,,,,7,6,2008,1
2008-07-20,高雄市,SE6 青蔥 粉蔥 ,,,,,,,,7,7,2008,1
2008-07-21,高雄市,SE6 青蔥 粉蔥 ,,,,,,,,7,1,2008,1
2008-07-22,高雄市,SE6 青蔥 粉蔥 ,,,,,,,,7,2,2008,1
2008-07-23,高雄市,SE6 青蔥 粉蔥 ,,,,,,,,7,3,2008,1
2008-07-24,高雄市,SE6 青蔥 粉蔥 ,,,,,,,,7,4,2008,1
2008-07-25,高雄市,SE6 青蔥 粉蔥 ,,,,,,,,7,5,2008,1
2008-07-26,高雄市,SE6 青蔥 粉蔥 ,,,,,,,,7,6,2008,1
2008-07-27,高雄市,SE6 青蔥 粉蔥 ,,,,,,,,7,7,2008,1
2008-07-28,高雄市,SE6 青蔥 粉蔥 ,,,,,,,,7,1,2008,1
2008-07-29,高雄市,SE6 青蔥 粉蔥 ,,,,,,,,7,2,2008,1
2008-07-30,高雄市,SE6 青蔥 粉蔥 ,,,,,,,,7,3,2008,1
2008-07-31,高雄市,SE6 青蔥 粉蔥 ,,,,,,,,7,4,2008,1
2008-08-01,高雄市,SE6 青蔥 粉蔥 ,,,,,,,,8,5,2008,1
2008-08-02,高雄市,SE6 青蔥 粉蔥 ,,,,,,,,8,6,2008,1
2008-08-03,高雄市,SE6 青蔥 粉蔥 ,,,,,,,,8,7,2008,1
2008-08-04,高雄市,SE6 青蔥 粉蔥 ,,,,,,,,8,1,2008,1
2008-08-05,高雄市,SE6 青蔥 粉蔥 ,,,,,,,,8,2,2008,1
2008-08-06,高雄市,SE6 青蔥 粉蔥 ,,,,,,,,8,3,2008,1
2008-08-07,高雄市,SE6 青蔥 粉蔥 ,,,,,,,,8,4,2008,1
2008-08-08,高雄市,SE6 青蔥 粉蔥 ,,,,,,,,8,5,2008,1
2008-08-09,高雄市,SE6 青蔥 粉蔥 ,,,,,,,,8,6,2008,1
2008-08-10,高雄市,SE6 青蔥 粉蔥 ,,,,,,,,8,7,2008,1
2008-08-11,高雄市,SE6 青蔥 粉蔥 ,,,,,,,,8,1,2008,1
2008-08-12,高雄市,SE6 青蔥 粉蔥 ,,,,,,,,8,2,2008,1
2008-08-13,高雄市,SE6 青蔥 粉蔥 ,,,,,,,,8,3,2008,1
2008-08-14,高雄市,SE6 青蔥 粉蔥 ,,,,,,,,8,4,2008,1
2008-08-15,高雄市,SE6 青蔥 粉蔥 ,,,,,,,,8,5,2008,1
2008-08-16,高雄市,SE6 青蔥 粉蔥 ,,,,,,,,8,6,2008,1
2008-08-17,高雄市,SE6 青蔥 粉蔥 ,,,,,,,,8,7,2008,1
2008-08-18,高雄市,SE6 青蔥 粉蔥 ,,,,,,,,8,1,2008,1
2008-08-19,高雄市,SE6 青蔥 粉蔥 ,,,,,,,,8,2,2008,1
2008-08-20,高雄市,SE6 青蔥 粉蔥 ,,,,,,,,8,3,2008,1
2008-08-21,高雄市,SE6 青蔥 粉蔥 ,,,,,,,,8,4,2008,1
2008-08-22,高雄市,SE6 青蔥 粉蔥 ,,,,,,,,8,5,2008,1
2008-08-23,高雄市,SE6 青蔥 粉蔥 ,,,,,,,,8,6,2008,1
2008-08-24,高雄市,SE6 青蔥 粉蔥 ,,,,,,,,8,7,2008,1
2008-08-25,高雄市,SE6 青蔥 粉蔥 ,,,,,,,,8,1,2008,1
2008-08-26,高雄市,SE6 青蔥 粉蔥 ,,,,,,,,8,2,2008,1
2008-08-27,高雄市,SE6 青蔥 粉蔥 ,,,,,,,,8,3,2008,1
2008-08-28,高雄市,SE6 青蔥 粉蔥 ,,,,,,,,8,4,2008,1
2008-08-29,高雄市,SE6 青蔥 粉蔥 ,,,,,,,,8,5,2008,1
2008-08-30,高雄市,SE6 青蔥 粉蔥 ,,,,,,,,8,6,2008,1
2008-08-31,高雄市,SE6 青蔥 粉蔥 ,,,,,,,,8,7,2008,1
2008-09-01,高雄市,SE6 青蔥 粉蔥 ,,,,,,,,9,1,2008,1
2008-09-02,高雄市,SE6 青蔥 粉蔥 ,,,,,,,,9,2,2008,1
2008-09-03,高雄市,SE6 青蔥 粉蔥 ,,,,,,,,9,3,2008,1
2008-09-04,高雄市,SE6 青蔥 粉蔥 ,,,,,,,,9,4,2008,1
2008-09-05,高雄市,SE6 青蔥 粉蔥 ,,,,,,,,9,5,2008,1
2008-09-06,高雄市,SE6 青蔥 粉蔥 ,,,,,,,,9,6,2008,1
2008-09-07,高雄市,SE6 青蔥 粉蔥 ,,,,,,,,9,7,2008,1
2008-09-08,高雄市,SE6 青蔥 粉蔥 ,,,,,,,,9,1,2008,1
2008-09-09,高雄市,SE6 青蔥 粉蔥 ,,,,,,,,9,2,2008,1
2008-09-10,高雄市,SE6 青蔥 粉蔥 ,,,,,,,,9,3,2008,1
2008-09-11,高雄市,SE6 青蔥 粉蔥 ,,,,,,,,9,4,2008,1
2008-09-12,高雄市,SE6 青蔥 粉蔥 ,,,,,,,,9,5,2008,1
2008-09-13,高雄市,SE6 青蔥 粉蔥 ,,,,,,,,9,6,2008,1
2008-09-14,高雄市,SE6 青蔥 粉蔥 ,,,,,,,,9,7,2008,1
2008-09-15,高雄市,SE6 青蔥 粉蔥 ,,,,,,,,9,1,2008,1
2008-09-16,高雄市,SE6 青蔥 粉蔥 ,,,,,,,,9,2,2008,1
2008-09-17,高雄市,SE6 青蔥 粉蔥 ,,,,,,,,9,3,2008,1
2008-09-18,高雄市,SE6 青蔥 粉蔥 ,,,,,,,,9,4,2008,1
2008-09-19,高雄市,SE6 青蔥 粉蔥 ,,,,,,,,9,5,2008,1
2008-09-20,高雄市,SE6 青蔥 粉蔥 ,,,,,,,,9,6,2008,1
2008-09-21,高雄市,SE6 青蔥 粉蔥 ,,,,,,,,9,7,2008,1
2008-09-22,高雄市,SE6 青蔥 粉蔥 ,,,,,,,,9,1,2008,1
2008-09-23,高雄市,SE6 青蔥 粉蔥 ,,,,,,,,9,2,2008,1
2008-09-24,高雄市,SE6 青蔥 粉蔥 ,,,,,,,,9,3,2008,1
2008-09-25,高雄市,SE6 青蔥 粉蔥 ,,,,,,,,9,4,2008,1
2008-09-26,高雄市,SE6 青蔥 粉蔥 ,,,,,,,,9,5,2008,1
2008-09-27,高雄市,SE6 青蔥 粉蔥 ,,,,,,,,9,6,2008,1
2008-09-28,高雄市,SE6 青蔥 粉蔥 ,,,,,,,,9,7,2008,1
2008-09-29,高雄市,SE6 青蔥 粉蔥 ,,,,,,,,9,1,2008,1
2008-09-30,高雄市,SE6 青蔥 粉蔥 ,,,,,,,,9,2,2008,1
2008-10-01,高雄市,SE6 青蔥 粉蔥 ,,,,,,,,10,3,2008,1
2008-10-02,高雄市,SE6 青蔥 粉蔥 ,,,,,,,,10,4,2008,1
2008-10-03,高雄市,SE6 青蔥 粉蔥 ,,,,,,,,10,5,2008,1
2008-10-04,高雄市,SE6 青蔥 粉蔥 ,,,,,,,,10,6,2008,1
2008-10-05,高雄市,SE6 青蔥 粉蔥 ,,,,,,,,10,7,2008,1
2008-10-06,高雄市,SE6 青蔥 粉蔥 ,,,,,,,,10,1,2008,1
2008-10-07,高雄市,SE6 青蔥 粉蔥 ,,,,,,,,10,2,2008,1
2008-10-08,高雄市,SE6 青蔥 粉蔥 ,,,,,,,,10,3,2008,1
2008-10-09,高雄市,SE6 青蔥 粉蔥 ,,,,,,,,10,4,2008,1
2008-10-10,高雄市,SE6 青蔥 粉蔥 ,,,,,,,,10,5,2008,1
2008-10-11,高雄市,SE6 青蔥 粉蔥 ,,,,,,,,10,6,2008,1
2008-10-12,高雄市,SE6 青蔥 粉蔥 ,,,,,,,,10,7,2008,1
2008-10-13,高雄市,SE6 青蔥 粉蔥 ,,,,,,,,10,1,2008,1
2008-10-14,高雄市,SE6 青蔥 粉蔥 ,,,,,,,,10,2,2008,1
2008-10-15,高雄市,SE6 青蔥 粉蔥 ,,,,,,,,10,3,2008,1
2008-10-16,高雄市,SE6 青蔥 粉蔥 ,,,,,,,,10,4,2008,1
2008-10-17,高雄市,SE6 青蔥 粉蔥 ,,,,,,,,10,5,2008,1
2008-10-18,高雄市,SE6 青蔥 粉蔥 ,,,,,,,,10,6,2008,1
2008-10-19,高雄市,SE6 青蔥 粉蔥 ,,,,,,,,10,7,2008,1
2008-10-20,高雄市,SE6 青蔥 粉蔥 ,,,,,,,,10,1,2008,1
2008-10-21,高雄市,SE6 青蔥 粉蔥 ,,,,,,,,10,2,2008,1
2008-10-22,高雄市,SE6 青蔥 粉蔥 ,,,,,,,,10,3,2008,1
2008-10-23,高雄市,SE6 青蔥 粉蔥 ,,,,,,,,10,4,2008,1
2008-10-24,高雄市,SE6 青蔥 粉蔥 ,,,,,,,,10,5,2008,1
2008-10-25,高雄市,SE6 青蔥 粉蔥 ,,,,,,,,10,6,2008,1
2008-10-26,高雄市,SE6 青蔥 粉蔥 ,,,,,,,,10,7,2008,1
2008-10-27,高雄市,SE6 青蔥 粉蔥 ,,,,,,,,10,1,2008,1
2008-10-28,高雄市,SE6 青蔥 粉蔥 ,,,,,,,,10,2,2008,1
2008-10-29,高雄市,SE6 青蔥 粉蔥 ,,,,,,,,10,3,2008,1
2008-10-30,高雄市,SE6 青蔥 粉蔥 ,,,,,,,,10,4,2008,1
2008-10-31,高雄市,SE6 青蔥 粉蔥 ,,,,,,,,10,5,2008,1
2008-11-01,高雄市,SE6 青蔥 粉蔥 ,,,,,,,,11,6,2008,1
2008-11-02,高雄市,SE6 青蔥 粉蔥 ,,,,,,,,11,7,2008,1
2008-11-03,高雄市,SE6 青蔥 粉蔥 ,,,,,,,,11,1,2008,1
2008-11-04,高雄市,SE6 青蔥 粉蔥 ,,,,,,,,11,2,2008,1
2008-11-05,高雄市,SE6 青蔥 粉蔥 ,,,,,,,,11,3,2008,1
2008-11-06,高雄市,SE6 青蔥 粉蔥 ,,,,,,,,11,4,2008,1
2008-11-07,高雄市,SE6 青蔥 粉蔥 ,,,,,,,,11,5,2008,1
2008-11-08,高雄市,SE6 青蔥 粉蔥 ,,,,,,,,11,6,2008,1
2008-11-09,高雄市,SE6 青蔥 粉蔥 ,,,,,,,,11,7,2008,1
2008-11-10,高雄市,SE6 青蔥 粉蔥 ,,,,,,,,11,1,2008,1
2008-11-11,高雄市,SE6 青蔥 粉蔥 ,,,,,,,,11,2,2008,1
2008-11-12,高雄市,SE6 青蔥 粉蔥 ,,,,,,,,11,3,2008,1
2008-11-13,高雄市,SE6 青蔥 粉蔥 ,,,,,,,,11,4,2008,1
2008-11-14,高雄市,SE6 青蔥 粉蔥 ,,,,,,,,11,5,2008,1
2008-11-15,高雄市,SE6 青蔥 粉蔥 ,,,,,,,,11,6,2008,1
2008-11-16,高雄市,SE6 青蔥 粉蔥 ,,,,,,,,11,7,2008,1
2008-11-17,高雄市,SE6 青蔥 粉蔥 ,,,,,,,,11,1,2008,1
2008-11-18,高雄市,SE6 青蔥 粉蔥 ,,,,,,,,11,2,2008,1
2008-11-19,高雄市,SE6 青蔥 粉蔥 ,,,,,,,,11,3,2008,1
2008-11-20,高雄市,SE6 青蔥 粉蔥 ,,,,,,,,11,4,2008,1
2008-11-21,高雄市,SE6 青蔥 粉蔥 ,,,,,,,,11,5,2008,1
2008-11-22,高雄市,SE6 青蔥 粉蔥 ,,,,,,,,11,6,2008,1
2008-11-23,高雄市,SE6 青蔥 粉蔥 ,,,,,,,,11,7,2008,1
2008-11-24,高雄市,SE6 青蔥 粉蔥 ,,,,,,,,11,1,2008,1
2008-11-25,高雄市,SE6 青蔥 粉蔥 ,,,,,,,,11,2,2008,1
2008-11-26,高雄市,SE6 青蔥 粉蔥 ,,,,,,,,11,3,2008,1
2008-11-27,高雄市,SE6 青蔥 粉蔥 ,,,,,,,,11,4,2008,1
2008-11-28,高雄市,SE6 青蔥 粉蔥 ,,,,,,,,11,5,2008,1
2008-11-29,高雄市,SE6 青蔥 粉蔥 ,,,,,,,,11,6,2008,1
2008-11-30,高雄市,SE6 青蔥 粉蔥 ,,,,,,,,11,7,2008,1
2008-12-01,高雄市,SE6 青蔥 粉蔥 ,,,,,,,,12,1,2008,1
2008-12-02,高雄市,SE6 青蔥 粉蔥 ,,,,,,,,12,2,2008,1
2008-12-03,高雄市,SE6 青蔥 粉蔥 ,,,,,,,,12,3,2008,1
2008-12-04,高雄市,SE6 青蔥 粉蔥 ,,,,,,,,12,4,2008,1
2008-12-05,高雄市,SE6 青蔥 粉蔥 ,,,,,,,,12,5,2008,1
2008-12-06,高雄市,SE6 青蔥 粉蔥 ,,,,,,,,12,6,2008,1
2008-12-07,高雄市,SE6 青蔥 粉蔥 ,,,,,,,,12,7,2008,1
2008-12-08,高雄市,SE6 青蔥 粉蔥 ,,,,,,,,12,1,2008,1
2008-12-09,高雄市,SE6 青蔥 粉蔥 ,,,,,,,,12,2,2008,1
2008-12-10,高雄市,SE6 青蔥 粉蔥 ,,,,,,,,12,3,2008,1
2008-12-11,高雄市,SE6 青蔥 粉蔥 ,,,,,,,,12,4,2008,1
2008-12-12,高雄市,SE6 青蔥 粉蔥 ,,,,,,,,12,5,2008,1
2008-12-13,高雄市,SE6 青蔥 粉蔥 ,,,,,,,,12,6,2008,1
2008-12-14,高雄市,SE6 青蔥 粉蔥 ,,,,,,,,12,7,2008,1
2008-12-15,高雄市,SE6 青蔥 粉蔥 ,,,,,,,,12,1,2008,1
2008-12-16,高雄市,SE6 青蔥 粉蔥 ,,,,,,,,12,2,2008,1
2008-12-17,高雄市,SE6 青蔥 粉蔥 ,,,,,,,,12,3,2008,1
2008-12-18,高雄市,SE6 青蔥 粉蔥 ,,,,,,,,12,4,2008,1
2008-12-19,高雄市,SE6 青蔥 粉蔥 ,,,,,,,,12,5,2008,1
2008-12-20,高雄市,SE6 青蔥 粉蔥 ,,,,,,,,12,6,2008,1
2008-12-21,高雄市,SE6 青蔥 粉蔥 ,,,,,,,,12,7,2008,1
2008-12-22,高雄市,SE6 青蔥 粉蔥 ,,,,,,,,12,1,2008,1
2008-12-23,高雄市,SE6 青蔥 粉蔥 ,,,,,,,,12,2,2008,1
2008-12-24,高雄市,SE6 青蔥 粉蔥 ,,,,,,,,12,3,2008,1
2008-12-25,高雄市,SE6 青蔥 粉蔥 ,,,,,,,,12,4,2008,1
2008-12-26,高雄市,SE6 青蔥 粉蔥 ,,,,,,,,12,5,2008,1
2008-12-27,高雄市,SE6 青蔥 粉蔥 ,,,,,,,,12,6,2008,1
2008-12-28,高雄市,SE6 青蔥 粉蔥 ,,,,,,,,12,7,2008,1
2008-12-29,高雄市,SE6 青蔥 粉蔥 ,,,,,,,,12,1,2008,1
2008-12-30,高雄市,SE6 青蔥 粉蔥 ,,,,,,,,12,2,2008,1
2008-12-31,高雄市,SE6 青蔥 粉蔥 ,,,,,,,,12,3,2008,1
2009-01-01,高雄市,SE6 青蔥 粉蔥 ,,,,,,,,1,4,2009,1
2009-01-02,高雄市,SE6 青蔥 粉蔥 ,,,,,,,,1,5,2009,1
2009-01-03,高雄市,SE6 青蔥 粉蔥 ,,,,,,,,1,6,2009,1
2009-01-04,高雄市,SE6 青蔥 粉蔥 ,,,,,,,,1,7,2009,1
2009-01-05,高雄市,SE6 青蔥 粉蔥 ,,,,,,,,1,1,2009,1
2009-01-06,高雄市,SE6 青蔥 粉蔥 ,,,,,,,,1,2,2009,1
2009-01-07,高雄市,SE6 青蔥 粉蔥 ,,,,,,,,1,3,2009,1
2009-01-08,高雄市,SE6 青蔥 粉蔥 ,,,,,,,,1,4,2009,1
2009-01-09,高雄市,SE6 青蔥 粉蔥 ,,,,,,,,1,5,2009,1
2009-01-10,高雄市,SE6 青蔥 粉蔥 ,,,,,,,,1,6,2009,1
2009-01-11,高雄市,SE6 青蔥 粉蔥 ,,,,,,,,1,7,2009,1
2009-01-12,高雄市,SE6 青蔥 粉蔥 ,,,,,,,,1,1,2009,1
2009-01-13,高雄市,SE6 青蔥 粉蔥 ,,,,,,,,1,2,2009,1
2009-01-14,高雄市,SE6 青蔥 粉蔥 ,,,,,,,,1,3,2009,1
2009-01-15,高雄市,SE6 青蔥 粉蔥 ,,,,,,,,1,4,2009,1
2009-01-16,高雄市,SE6 青蔥 粉蔥 ,,,,,,,,1,5,2009,1
2009-01-17,高雄市,SE6 青蔥 粉蔥 ,,,,,,,,1,6,2009,1
2009-01-18,高雄市,SE6 青蔥 粉蔥 ,,,,,,,,1,7,2009,1
2009-01-19,高雄市,SE6 青蔥 粉蔥 ,,,,,,,,1,1,2009,1
2009-01-20,高雄市,SE6 青蔥 粉蔥 ,,,,,,,,1,2,2009,1
2009-01-21,高雄市,SE6 青蔥 粉蔥 ,,,,,,,,1,3,2009,1
2009-01-22,高雄市,SE6 青蔥 粉蔥 ,,,,,,,,1,4,2009,1
2009-01-23,高雄市,SE6 青蔥 粉蔥 ,12.0,12.0,12.0,12.0,-29.41,84.0,-16.0,1,5,2009,0
2009-01-24,高雄市,SE6 青蔥 粉蔥 ,,,,,,,,1,6,2009,1
2009-01-25,高雄市,SE6 青蔥 粉蔥 ,,,,,,,,1,7,2009,1
2009-01-26,高雄市,SE6 青蔥 粉蔥 ,,,,,,,,1,1,2009,1
2009-01-27,高雄市,SE6 青蔥 粉蔥 ,,,,,,,,1,2,2009,1
2009-01-28,高雄市,SE6 青蔥 粉蔥 ,,,,,,,,1,3,2009,1
2009-01-29,高雄市,SE6 青蔥 粉蔥 ,,,,,,,,1,4,2009,1
2009-01-30,高雄市,SE6 青蔥 粉蔥 ,,,,,,,,1,5,2009,1
2009-01-31,高雄市,SE6 青蔥 粉蔥 ,,,,,,,,1,6,2009,1
2009-02-01,高雄市,SE6 青蔥 粉蔥 ,,,,,,,,2,7,2009,1
2009-02-02,高雄市,SE6 青蔥 粉蔥 ,,,,,,,,2,1,2009,1
2009-02-03,高雄市,SE6 青蔥 粉蔥 ,,,,,,,,2,2,2009,1
2009-02-04,高雄市,SE6 青蔥 粉蔥 ,,,,,,,,2,3,2009,1
2009-02-05,高雄市,SE6 青蔥 粉蔥 ,,,,,,,,2,4,2009,1
2009-02-06,高雄市,SE6 青蔥 粉蔥 ,,,,,,,,2,5,2009,1
2009-02-07,高雄市,SE6 青蔥 粉蔥 ,,,,,,,,2,6,2009,1
2009-02-08,高雄市,SE6 青蔥 粉蔥 ,,,,,,,,2,7,2009,1
2009-02-09,高雄市,SE6 青蔥 粉蔥 ,,,,,,,,2,1,2009,1
2009-02-10,高雄市,SE6 青蔥 粉蔥 ,,,,,,,,2,2,2009,1
2009-02-11,高雄市,SE6 青蔥 粉蔥 ,,,,,,,,2,3,2009,1
2009-02-12,高雄市,SE6 青蔥 粉蔥 ,,,,,,,,2,4,2009,1
2009-02-13,高雄市,SE6 青蔥 粉蔥 ,,,,,,,,2,5,2009,1
2009-02-14,高雄市,SE6 青蔥 粉蔥 ,,,,,,,,2,6,2009,1
2009-02-15,高雄市,SE6 青蔥 粉蔥 ,,,,,,,,2,7,2009,1
2009-02-16,高雄市,SE6 青蔥 粉蔥 ,,,,,,,,2,1,2009,1
2009-02-17,高雄市,SE6 青蔥 粉蔥 ,,,,,,,,2,2,2009,1
2009-02-18,高雄市,SE6 青蔥 粉蔥 ,,,,,,,,2,3,2009,1
2009-02-19,高雄市,SE6 青蔥 粉蔥 ,,,,,,,,2,4,2009,1
2009-02-20,高雄市,SE6 青蔥 粉蔥 ,,,,,,,,2,5,2009,1
2009-02-21,高雄市,SE6 青蔥 粉蔥 ,,,,,,,,2,6,2009,1
2009-02-22,高雄市,SE6 青蔥 粉蔥 ,,,,,,,,2,7,2009,1
2009-02-23,高雄市,SE6 青蔥 粉蔥 ,,,,,,,,2,1,2009,1
2009-02-24,高雄市,SE6 青蔥 粉蔥 ,,,,,,,,2,2,2009,1
2009-02-25,高雄市,SE6 青蔥 粉蔥 ,,,,,,,,2,3,2009,1
2009-02-26,高雄市,SE6 青蔥 粉蔥 ,,,,,,,,2,4,2009,1
2009-02-27,高雄市,SE6 青蔥 粉蔥 ,,,,,,,,2,5,2009,1
2009-02-28,高雄市,SE6 青蔥 粉蔥 ,,,,,,,,2,6,2009,1
2009-03-01,高雄市,SE6 青蔥 粉蔥 ,,,,,,,,3,7,2009,1
2009-03-02,高雄市,SE6 青蔥 粉蔥 ,,,,,,,,3,1,2009,1
2009-03-03,高雄市,SE6 青蔥 粉蔥 ,,,,,,,,3,2,2009,1
2009-03-04,高雄市,SE6 青蔥 粉蔥 ,,,,,,,,3,3,2009,1
2009-03-05,高雄市,SE6 青蔥 粉蔥 ,,,,,,,,3,4,2009,1
2009-03-06,高雄市,SE6 青蔥 粉蔥 ,,,,,,,,3,5,2009,1
2009-03-07,高雄市,SE6 青蔥 粉蔥 ,,,,,,,,3,6,2009,1
2009-03-08,高雄市,SE6 青蔥 粉蔥 ,,,,,,,,3,7,2009,1
2009-03-09,高雄市,SE6 青蔥 粉蔥 ,,,,,,,,3,1,2009,1
2009-03-10,高雄市,SE6 青蔥 粉蔥 ,,,,,,,,3,2,2009,1
2009-03-11,高雄市,SE6 青蔥 粉蔥 ,,,,,,,,3,3,2009,1
2009-03-12,高雄市,SE6 青蔥 粉蔥 ,,,,,,,,3,4,2009,1
2009-03-13,高雄市,SE6 青蔥 粉蔥 ,,,,,,,,3,5,2009,1
2009-03-14,高雄市,SE6 青蔥 粉蔥 ,,,,,,,,3,6,2009,1
2009-03-15,高雄市,SE6 青蔥 粉蔥 ,,,,,,,,3,7,2009,1
2009-03-16,高雄市,SE6 青蔥 粉蔥 ,,,,,,,,3,1,2009,1
2009-03-17,高雄市,SE6 青蔥 粉蔥 ,,,,,,,,3,2,2009,1
2009-03-18,高雄市,SE6 青蔥 粉蔥 ,,,,,,,,3,3,2009,1
2009-03-19,高雄市,SE6 青蔥 粉蔥 ,,,,,,,,3,4,2009,1
2009-03-20,高雄市,SE6 青蔥 粉蔥 ,,,,,,,,3,5,2009,1
2009-03-21,高雄市,SE6 青蔥 粉蔥 ,,,,,,,,3,6,2009,1
2009-03-22,高雄市,SE6 青蔥 粉蔥 ,,,,,,,,3,7,2009,1
2009-03-23,高雄市,SE6 青蔥 粉蔥 ,,,,,,,,3,1,2009,1
2009-03-24,高雄市,SE6 青蔥 粉蔥 ,,,,,,,,3,2,2009,1
2009-03-25,高雄市,SE6 青蔥 粉蔥 ,,,,,,,,3,3,2009,1
2009-03-26,高雄市,SE6 青蔥 粉蔥 ,,,,,,,,3,4,2009,1
2009-03-27,高雄市,SE6 青蔥 粉蔥 ,,,,,,,,3,5,2009,1
2009-03-28,高雄市,SE6 青蔥 粉蔥 ,,,,,,,,3,6,2009,1
2009-03-29,高雄市,SE6 青蔥 粉蔥 ,,,,,,,,3,7,2009,1
2009-03-30,高雄市,SE6 青蔥 粉蔥 ,,,,,,,,3,1,2009,1
2009-03-31,高雄市,SE6 青蔥 粉蔥 ,,,,,,,,3,2,2009,1
2009-04-01,高雄市,SE6 青蔥 粉蔥 ,,,,,,,,4,3,2009,1
2009-04-02,高雄市,SE6 青蔥 粉蔥 ,,,,,,,,4,4,2009,1
2009-04-03,高雄市,SE6 青蔥 粉蔥 ,,,,,,,,4,5,2009,1
2009-04-04,高雄市,SE6 青蔥 粉蔥 ,,,,,,,,4,6,2009,1
2009-04-05,高雄市,SE6 青蔥 粉蔥 ,,,,,,,,4,7,2009,1
2009-04-06,高雄市,SE6 青蔥 粉蔥 ,,,,,,,,4,1,2009,1
2009-04-07,高雄市,SE6 青蔥 粉蔥 ,,,,,,,,4,2,2009,1
2009-04-08,高雄市,SE6 青蔥 粉蔥 ,,,,,,,,4,3,2009,1
2009-04-09,高雄市,SE6 青蔥 粉蔥 ,,,,,,,,4,4,2009,1
2009-04-10,高雄市,SE6 青蔥 粉蔥 ,,,,,,,,4,5,2009,1
2009-04-11,高雄市,SE6 青蔥 粉蔥 ,,,,,,,,4,6,2009,1
2009-04-12,高雄市,SE6 青蔥 粉蔥 ,,,,,,,,4,7,2009,1
2009-04-13,高雄市,SE6 青蔥 粉蔥 ,,,,,,,,4,1,2009,1
2009-04-14,高雄市,SE6 青蔥 粉蔥 ,,,,,,,,4,2,2009,1
2009-04-15,高雄市,SE6 青蔥 粉蔥 ,,,,,,,,4,3,2009,1
2009-04-16,高雄市,SE6 青蔥 粉蔥 ,,,,,,,,4,4,2009,1
2009-04-17,高雄市,SE6 青蔥 粉蔥 ,,,,,,,,4,5,2009,1
2009-04-18,高雄市,SE6 青蔥 粉蔥 ,,,,,,,,4,6,2009,1
2009-04-19,高雄市,SE6 青蔥 粉蔥 ,,,,,,,,4,7,2009,1
2009-04-20,高雄市,SE6 青蔥 粉蔥 ,,,,,,,,4,1,2009,1
2009-04-21,高雄市,SE6 青蔥 粉蔥 ,,,,,,,,4,2,2009,1
2009-04-22,高雄市,SE6 青蔥 粉蔥 ,,,,,,,,4,3,2009,1
2009-04-23,高雄市,SE6 青蔥 粉蔥 ,,,,,,,,4,4,2009,1
2009-04-24,高雄市,SE6 青蔥 粉蔥 ,,,,,,,,4,5,2009,1
2009-04-25,高雄市,SE6 青蔥 粉蔥 ,,,,,,,,4,6,2009,1
2009-04-26,高雄市,SE6 青蔥 粉蔥 ,,,,,,,,4,7,2009,1
2009-04-27,高雄市,SE6 青蔥 粉蔥 ,,,,,,,,4,1,2009,1
2009-04-28,高雄市,SE6 青蔥 粉蔥 ,,,,,,,,4,2,2009,1
2009-04-29,高雄市,SE6 青蔥 粉蔥 ,,,,,,,,4,3,2009,1
2009-04-30,高雄市,SE6 青蔥 粉蔥 ,,,,,,,,4,4,2009,1
2009-05-01,高雄市,SE6 青蔥 粉蔥 ,,,,,,,,5,5,2009,1
2009-05-02,高雄市,SE6 青蔥 粉蔥 ,,,,,,,,5,6,2009,1
2009-05-03,高雄市,SE6 青蔥 粉蔥 ,,,,,,,,5,7,2009,1
2009-05-04,高雄市,SE6 青蔥 粉蔥 ,,,,,,,,5,1,2009,1
2009-05-05,高雄市,SE6 青蔥 粉蔥 ,,,,,,,,5,2,2009,1
2009-05-06,高雄市,SE6 青蔥 粉蔥 ,,,,,,,,5,3,2009,1
2009-05-07,高雄市,SE6 青蔥 粉蔥 ,,,,,,,,5,4,2009,1
2009-05-08,高雄市,SE6 青蔥 粉蔥 ,,,,,,,,5,5,2009,1
2009-05-09,高雄市,SE6 青蔥 粉蔥 ,,,,,,,,5,6,2009,1
2009-05-10,高雄市,SE6 青蔥 粉蔥 ,,,,,,,,5,7,2009,1
2009-05-11,高雄市,SE6 青蔥 粉蔥 ,,,,,,,,5,1,2009,1
2009-05-12,高雄市,SE6 青蔥 粉蔥 ,,,,,,,,5,2,2009,1
2009-05-13,高雄市,SE6 青蔥 粉蔥 ,,,,,,,,5,3,2009,1
2009-05-14,高雄市,SE6 青蔥 粉蔥 ,,,,,,,,5,4,2009,1
2009-05-15,高雄市,SE6 青蔥 粉蔥 ,,,,,,,,5,5,2009,1
2009-05-16,高雄市,SE6 青蔥 粉蔥 ,,,,,,,,5,6,2009,1
2009-05-17,高雄市,SE6 青蔥 粉蔥 ,,,,,,,,5,7,2009,1
2009-05-18,高雄市,SE6 青蔥 粉蔥 ,,,,,,,,5,1,2009,1
2009-05-19,高雄市,SE6 青蔥 粉蔥 ,,,,,,,,5,2,2009,1
2009-05-20,高雄市,SE6 青蔥 粉蔥 ,,,,,,,,5,3,2009,1
2009-05-21,高雄市,SE6 青蔥 粉蔥 ,,,,,,,,5,4,2009,1
2009-05-22,高雄市,SE6 青蔥 粉蔥 ,,,,,,,,5,5,2009,1
2009-05-23,高雄市,SE6 青蔥 粉蔥 ,,,,,,,,5,6,2009,1
2009-05-24,高雄市,SE6 青蔥 粉蔥 ,,,,,,,,5,7,2009,1
2009-05-25,高雄市,SE6 青蔥 粉蔥 ,,,,,,,,5,1,2009,1
2009-05-26,高雄市,SE6 青蔥 粉蔥 ,,,,,,,,5,2,2009,1
2009-05-27,高雄市,SE6 青蔥 粉蔥 ,,,,,,,,5,3,2009,1
2009-05-28,高雄市,SE6 青蔥 粉蔥 ,,,,,,,,5,4,2009,1
2009-05-29,高雄市,SE6 青蔥 粉蔥 ,,,,,,,,5,5,2009,1
2009-05-30,高雄市,SE6 青蔥 粉蔥 ,,,,,,,,5,6,2009,1
2009-05-31,高雄市,SE6 青蔥 粉蔥 ,,,,,,,,5,7,2009,1
2009-06-01,高雄市,SE6 青蔥 粉蔥 ,,,,,,,,6,1,2009,1
2009-06-02,高雄市,SE6 青蔥 粉蔥 ,,,,,,,,6,2,2009,1
2009-06-03,高雄市,SE6 青蔥 粉蔥 ,,,,,,,,6,3,2009,1
2009-06-04,高雄市,SE6 青蔥 粉蔥 ,,,,,,,,6,4,2009,1
2009-06-05,高雄市,SE6 青蔥 粉蔥 ,,,,,,,,6,5,2009,1
2009-06-06,高雄市,SE6 青蔥 粉蔥 ,,,,,,,,6,6,2009,1
2009-06-07,高雄市,SE6 青蔥 粉蔥 ,,,,,,,,6,7,2009,1
2009-06-08,高雄市,SE6 青蔥 粉蔥 ,,,,,,,,6,1,2009,1
2009-06-09,高雄市,SE6 青蔥 粉蔥 ,,,,,,,,6,2,2009,1
2009-06-10,高雄市,SE6 青蔥 粉蔥 ,,,,,,,,6,3,2009,1
2009-06-11,高雄市,SE6 青蔥 粉蔥 ,,,,,,,,6,4,2009,1
2009-06-12,高雄市,SE6 青蔥 粉蔥 ,,,,,,,,6,5,2009,1
2009-06-13,高雄市,SE6 青蔥 粉蔥 ,,,,,,,,6,6,2009,1
2009-06-14,高雄市,SE6 青蔥 粉蔥 ,,,,,,,,6,7,2009,1
2009-06-15,高雄市,SE6 青蔥 粉蔥 ,,,,,,,,6,1,2009,1
2009-06-16,高雄市,SE6 青蔥 粉蔥 ,,,,,,,,6,2,2009,1
2009-06-17,高雄市,SE6 青蔥 粉蔥 ,,,,,,,,6,3,2009,1
2009-06-18,高雄市,SE6 青蔥 粉蔥 ,,,,,,,,6,4,2009,1
2009-06-19,高雄市,SE6 青蔥 粉蔥 ,,,,,,,,6,5,2009,1
2009-06-20,高雄市,SE6 青蔥 粉蔥 ,,,,,,,,6,6,2009,1
2009-06-21,高雄市,SE6 青蔥 粉蔥 ,,,,,,,,6,7,2009,1
2009-06-22,高雄市,SE6 青蔥 粉蔥 ,,,,,,,,6,1,2009,1
2009-06-23,高雄市,SE6 青蔥 粉蔥 ,,,,,,,,6,2,2009,1
2009-06-24,高雄市,SE6 青蔥 粉蔥 ,,,,,,,,6,3,2009,1
2009-06-25,高雄市,SE6 青蔥 粉蔥 ,,,,,,,,6,4,2009,1
2009-06-26,高雄市,SE6 青蔥 粉蔥 ,,,,,,,,6,5,2009,1
2009-06-27,高雄市,SE6 青蔥 粉蔥 ,,,,,,,,6,6,2009,1
2009-06-28,高雄市,SE6 青蔥 粉蔥 ,,,,,,,,6,7,2009,1
2009-06-29,高雄市,SE6 青蔥 粉蔥 ,,,,,,,,6,1,2009,1
2009-06-30,高雄市,SE6 青蔥 粉蔥 ,,,,,,,,6,2,2009,1
2009-07-01,高雄市,SE6 青蔥 粉蔥 ,,,,,,,,7,3,2009,1
2009-07-02,高雄市,SE6 青蔥 粉蔥 ,,,,,,,,7,4,2009,1
2009-07-03,高雄市,SE6 青蔥 粉蔥 ,,,,,,,,7,5,2009,1
2009-07-04,高雄市,SE6 青蔥 粉蔥 ,,,,,,,,7,6,2009,1
2009-07-05,高雄市,SE6 青蔥 粉蔥 ,,,,,,,,7,7,2009,1
2009-07-06,高雄市,SE6 青蔥 粉蔥 ,,,,,,,,7,1,2009,1
2009-07-07,高雄市,SE6 青蔥 粉蔥 ,,,,,,,,7,2,2009,1
2009-07-08,高雄市,SE6 青蔥 粉蔥 ,,,,,,,,7,3,2009,1
2009-07-09,高雄市,SE6 青蔥 粉蔥 ,,,,,,,,7,4,2009,1
2009-07-10,高雄市,SE6 青蔥 粉蔥 ,,,,,,,,7,5,2009,1
2009-07-11,高雄市,SE6 青蔥 粉蔥 ,,,,,,,,7,6,2009,1
2009-07-12,高雄市,SE6 青蔥 粉蔥 ,,,,,,,,7,7,2009,1
2009-07-13,高雄市,SE6 青蔥 粉蔥 ,,,,,,,,7,1,2009,1
2009-07-14,高雄市,SE6 青蔥 粉蔥 ,,,,,,,,7,2,2009,1
2009-07-15,高雄市,SE6 青蔥 粉蔥 ,,,,,,,,7,3,2009,1
2009-07-16,高雄市,SE6 青蔥 粉蔥 ,,,,,,,,7,4,2009,1
2009-07-17,高雄市,SE6 青蔥 粉蔥 ,,,,,,,,7,5,2009,1
2009-07-18,高雄市,SE6 青蔥 粉蔥 ,,,,,,,,7,6,2009,1
2009-07-19,高雄市,SE6 青蔥 粉蔥 ,,,,,,,,7,7,2009,1
2009-07-20,高雄市,SE6 青蔥 粉蔥 ,,,,,,,,7,1,2009,1
2009-07-21,高雄市,SE6 青蔥 粉蔥 ,,,,,,,,7,2,2009,1
2009-07-22,高雄市,SE6 青蔥 粉蔥 ,,,,,,,,7,3,2009,1
2009-07-23,高雄市,SE6 青蔥 粉蔥 ,,,,,,,,7,4,2009,1
2009-07-24,高雄市,SE6 青蔥 粉蔥 ,,,,,,,,7,5,2009,1
2009-07-25,高雄市,SE6 青蔥 粉蔥 ,,,,,,,,7,6,2009,1
2009-07-26,高雄市,SE6 青蔥 粉蔥 ,,,,,,,,7,7,2009,1
2009-07-27,高雄市,SE6 青蔥 粉蔥 ,,,,,,,,7,1,2009,1
2009-07-28,高雄市,SE6 青蔥 粉蔥 ,,,,,,,,7,2,2009,1
2009-07-29,高雄市,SE6 青蔥 粉蔥 ,,,,,,,,7,3,2009,1
2009-07-30,高雄市,SE6 青蔥 粉蔥 ,,,,,,,,7,4,2009,1
2009-07-31,高雄市,SE6 青蔥 粉蔥 ,,,,,,,,7,5,2009,1
2009-08-01,高雄市,SE6 青蔥 粉蔥 ,,,,,,,,8,6,2009,1
2009-08-02,高雄市,SE6 青蔥 粉蔥 ,,,,,,,,8,7,2009,1
2009-08-03,高雄市,SE6 青蔥 粉蔥 ,,,,,,,,8,1,2009,1
2009-08-04,高雄市,SE6 青蔥 粉蔥 ,,,,,,,,8,2,2009,1
2009-08-05,高雄市,SE6 青蔥 粉蔥 ,,,,,,,,8,3,2009,1
2009-08-06,高雄市,SE6 青蔥 粉蔥 ,,,,,,,,8,4,2009,1
2009-08-07,高雄市,SE6 青蔥 粉蔥 ,,,,,,,,8,5,2009,1
2009-08-08,高雄市,SE6 青蔥 粉蔥 ,,,,,,,,8,6,2009,1
2009-08-09,高雄市,SE6 青蔥 粉蔥 ,,,,,,,,8,7,2009,1
2009-08-10,高雄市,SE6 青蔥 粉蔥 ,,,,,,,,8,1,2009,1
2009-08-11,高雄市,SE6 青蔥 粉蔥 ,,,,,,,,8,2,2009,1
2009-08-12,高雄市,SE6 青蔥 粉蔥 ,,,,,,,,8,3,2009,1
2009-08-13,高雄市,SE6 青蔥 粉蔥 ,,,,,,,,8,4,2009,1
2009-08-14,高雄市,SE6 青蔥 粉蔥 ,,,,,,,,8,5,2009,1
2009-08-15,高雄市,SE6 青蔥 粉蔥 ,,,,,,,,8,6,2009,1
2009-08-16,高雄市,SE6 青蔥 粉蔥 ,,,,,,,,8,7,2009,1
2009-08-17,高雄市,SE6 青蔥 粉蔥 ,,,,,,,,8,1,2009,1
2009-08-18,高雄市,SE6 青蔥 粉蔥 ,,,,,,,,8,2,2009,1
2009-08-19,高雄市,SE6 青蔥 粉蔥 ,,,,,,,,8,3,2009,1
2009-08-20,高雄市,SE6 青蔥 粉蔥 ,,,,,,,,8,4,2009,1
2009-08-21,高雄市,SE6 青蔥 粉蔥 ,,,,,,,,8,5,2009,1
2009-08-22,高雄市,SE6 青蔥 粉蔥 ,,,,,,,,8,6,2009,1
2009-08-23,高雄市,SE6 青蔥 粉蔥 ,,,,,,,,8,7,2009,1
2009-08-24,高雄市,SE6 青蔥 粉蔥 ,,,,,,,,8,1,2009,1
2009-08-25,高雄市,SE6 青蔥 粉蔥 ,,,,,,,,8,2,2009,1
2009-08-26,高雄市,SE6 青蔥 粉蔥 ,,,,,,,,8,3,2009,1
2009-08-27,高雄市,SE6 青蔥 粉蔥 ,,,,,,,,8,4,2009,1
2009-08-28,高雄市,SE6 青蔥 粉蔥 ,,,,,,,,8,5,2009,1
2009-08-29,高雄市,SE6 青蔥 粉蔥 ,,,,,,,,8,6,2009,1
2009-08-30,高雄市,SE6 青蔥 粉蔥 ,,,,,,,,8,7,2009,1
2009-08-31,高雄市,SE6 青蔥 粉蔥 ,,,,,,,,8,1,2009,1
2009-09-01,高雄市,SE6 青蔥 粉蔥 ,,,,,,,,9,2,2009,1
2009-09-02,高雄市,SE6 青蔥 粉蔥 ,,,,,,,,9,3,2009,1
2009-09-03,高雄市,SE6 青蔥 粉蔥 ,,,,,,,,9,4,2009,1
2009-09-04,高雄市,SE6 青蔥 粉蔥 ,,,,,,,,9,5,2009,1
2009-09-05,高雄市,SE6 青蔥 粉蔥 ,,,,,,,,9,6,2009,1
2009-09-06,高雄市,SE6 青蔥 粉蔥 ,,,,,,,,9,7,2009,1
2009-09-07,高雄市,SE6 青蔥 粉蔥 ,,,,,,,,9,1,2009,1
2009-09-08,高雄市,SE6 青蔥 粉蔥 ,,,,,,,,9,2,2009,1
2009-09-09,高雄市,SE6 青蔥 粉蔥 ,,,,,,,,9,3,2009,1
2009-09-10,高雄市,SE6 青蔥 粉蔥 ,,,,,,,,9,4,2009,1
2009-09-11,高雄市,SE6 青蔥 粉蔥 ,,,,,,,,9,5,2009,1
2009-09-12,高雄市,SE6 青蔥 粉蔥 ,,,,,,,,9,6,2009,1
2009-09-13,高雄市,SE6 青蔥 粉蔥 ,,,,,,,,9,7,2009,1
2009-09-14,高雄市,SE6 青蔥 粉蔥 ,,,,,,,,9,1,2009,1
2009-09-15,高雄市,SE6 青蔥 粉蔥 ,,,,,,,,9,2,2009,1
2009-09-16,高雄市,SE6 青蔥 粉蔥 ,,,,,,,,9,3,2009,1
2009-09-17,高雄市,SE6 青蔥 粉蔥 ,,,,,,,,9,4,2009,1
2009-09-18,高雄市,SE6 青蔥 粉蔥 ,,,,,,,,9,5,2009,1
2009-09-19,高雄市,SE6 青蔥 粉蔥 ,,,,,,,,9,6,2009,1
2009-09-20,高雄市,SE6 青蔥 粉蔥 ,,,,,,,,9,7,2009,1
2009-09-21,高雄市,SE6 青蔥 粉蔥 ,,,,,,,,9,1,2009,1
2009-09-22,高雄市,SE6 青蔥 粉蔥 ,,,,,,,,9,2,2009,1
2009-09-23,高雄市,SE6 青蔥 粉蔥 ,,,,,,,,9,3,2009,1
2009-09-24,高雄市,SE6 青蔥 粉蔥 ,,,,,,,,9,4,2009,1
2009-09-25,高雄市,SE6 青蔥 粉蔥 ,,,,,,,,9,5,2009,1
2009-09-26,高雄市,SE6 青蔥 粉蔥 ,,,,,,,,9,6,2009,1
2009-09-27,高雄市,SE6 青蔥 粉蔥 ,,,,,,,,9,7,2009,1
2009-09-28,高雄市,SE6 青蔥 粉蔥 ,,,,,,,,9,1,2009,1
2009-09-29,高雄市,SE6 青蔥 粉蔥 ,,,,,,,,9,2,2009,1
2009-09-30,高雄市,SE6 青蔥 粉蔥 ,,,,,,,,9,3,2009,1
2009-10-01,高雄市,SE6 青蔥 粉蔥 ,,,,,,,,10,4,2009,1
2009-10-02,高雄市,SE6 青蔥 粉蔥 ,,,,,,,,10,5,2009,1
2009-10-03,高雄市,SE6 青蔥 粉蔥 ,,,,,,,,10,6,2009,1
2009-10-04,高雄市,SE6 青蔥 粉蔥 ,,,,,,,,10,7,2009,1
2009-10-05,高雄市,SE6 青蔥 粉蔥 ,,,,,,,,10,1,2009,1
2009-10-06,高雄市,SE6 青蔥 粉蔥 ,,,,,,,,10,2,2009,1
2009-10-07,高雄市,SE6 青蔥 粉蔥 ,,,,,,,,10,3,2009,1
2009-10-08,高雄市,SE6 青蔥 粉蔥 ,,,,,,,,10,4,2009,1
2009-10-09,高雄市,SE6 青蔥 粉蔥 ,,,,,,,,10,5,2009,1
2009-10-10,高雄市,SE6 青蔥 粉蔥 ,,,,,,,,10,6,2009,1
2009-10-11,高雄市,SE6 青蔥 粉蔥 ,,,,,,,,10,7,2009,1
2009-10-12,高雄市,SE6 青蔥 粉蔥 ,,,,,,,,10,1,2009,1
2009-10-13,高雄市,SE6 青蔥 粉蔥 ,,,,,,,,10,2,2009,1
2009-10-14,高雄市,SE6 青蔥 粉蔥 ,,,,,,,,10,3,2009,1
2009-10-15,高雄市,SE6 青蔥 粉蔥 ,,,,,,,,10,4,2009,1
2009-10-16,高雄市,SE6 青蔥 粉蔥 ,,,,,,,,10,5,2009,1
2009-10-17,高雄市,SE6 青蔥 粉蔥 ,,,,,,,,10,6,2009,1
2009-10-18,高雄市,SE6 青蔥 粉蔥 ,,,,,,,,10,7,2009,1
2009-10-19,高雄市,SE6 青蔥 粉蔥 ,,,,,,,,10,1,2009,1
2009-10-20,高雄市,SE6 青蔥 粉蔥 ,,,,,,,,10,2,2009,1
2009-10-21,高雄市,SE6 青蔥 粉蔥 ,,,,,,,,10,3,2009,1
2009-10-22,高雄市,SE6 青蔥 粉蔥 ,,,,,,,,10,4,2009,1
2009-10-23,高雄市,SE6 青蔥 粉蔥 ,,,,,,,,10,5,2009,1
2009-10-24,高雄市,SE6 青蔥 粉蔥 ,17.0,17.0,17.0,17.0,41.67,40.0,-52.38,10,6,2009,0
2009-10-25,高雄市,SE6 青蔥 粉蔥 ,,,,,,,,10,7,2009,1
2009-10-26,高雄市,SE6 青蔥 粉蔥 ,,,,,,,,10,1,2009,1
2009-10-27,高雄市,SE6 青蔥 粉蔥 ,,,,,,,,10,2,2009,1
2009-10-28,高雄市,SE6 青蔥 粉蔥 ,,,,,,,,10,3,2009,1
2009-10-29,高雄市,SE6 青蔥 粉蔥 ,,,,,,,,10,4,2009,1
2009-10-30,高雄市,SE6 青蔥 粉蔥 ,,,,,,,,10,5,2009,1
2009-10-31,高雄市,SE6 青蔥 粉蔥 ,,,,,,,,10,6,2009,1
2009-11-01,高雄市,SE6 青蔥 粉蔥 ,,,,,,,,11,7,2009,1
2009-11-02,高雄市,SE6 青蔥 粉蔥 ,,,,,,,,11,1,2009,1
2009-11-03,高雄市,SE6 青蔥 粉蔥 ,,,,,,,,11,2,2009,1
2009-11-04,高雄市,SE6 青蔥 粉蔥 ,,,,,,,,11,3,2009,1
2009-11-05,高雄市,SE6 青蔥 粉蔥 ,,,,,,,,11,4,2009,1
2009-11-06,高雄市,SE6 青蔥 粉蔥 ,,,,,,,,11,5,2009,1
2009-11-07,高雄市,SE6 青蔥 粉蔥 ,,,,,,,,11,6,2009,1
2009-11-08,高雄市,SE6 青蔥 粉蔥 ,,,,,,,,11,7,2009,1
2009-11-09,高雄市,SE6 青蔥 粉蔥 ,,,,,,,,11,1,2009,1
2009-11-10,高雄市,SE6 青蔥 粉蔥 ,,,,,,,,11,2,2009,1
2009-11-11,高雄市,SE6 青蔥 粉蔥 ,,,,,,,,11,3,2009,1
2009-11-12,高雄市,SE6 青蔥 粉蔥 ,,,,,,,,11,4,2009,1
2009-11-13,高雄市,SE6 青蔥 粉蔥 ,,,,,,,,11,5,2009,1
2009-11-14,高雄市,SE6 青蔥 粉蔥 ,,,,,,,,11,6,2009,1
2009-11-15,高雄市,SE6 青蔥 粉蔥 ,,,,,,,,11,7,2009,1
2009-11-16,高雄市,SE6 青蔥 粉蔥 ,,,,,,,,11,1,2009,1
2009-11-17,高雄市,SE6 青蔥 粉蔥 ,,,,,,,,11,2,2009,1
2009-11-18,高雄市,SE6 青蔥 粉蔥 ,,,,,,,,11,3,2009,1
2009-11-19,高雄市,SE6 青蔥 粉蔥 ,,,,,,,,11,4,2009,1
2009-11-20,高雄市,SE6 青蔥 粉蔥 ,,,,,,,,11,5,2009,1
2009-11-21,高雄市,SE6 青蔥 粉蔥 ,,,,,,,,11,6,2009,1
2009-11-22,高雄市,SE6 青蔥 粉蔥 ,,,,,,,,11,7,2009,1
2009-11-23,高雄市,SE6 青蔥 粉蔥 ,,,,,,,,11,1,2009,1
2009-11-24,高雄市,SE6 青蔥 粉蔥 ,,,,,,,,11,2,2009,1
2009-11-25,高雄市,SE6 青蔥 粉蔥 ,,,,,,,,11,3,2009,1
2009-11-26,高雄市,SE6 青蔥 粉蔥 ,,,,,,,,11,4,2009,1
2009-11-27,高雄市,SE6 青蔥 粉蔥 ,,,,,,,,11,5,2009,1
2009-11-28,高雄市,SE6 青蔥 粉蔥 ,,,,,,,,11,6,2009,1
2009-11-29,高雄市,SE6 青蔥 粉蔥 ,,,,,,,,11,7,2009,1
2009-11-30,高雄市,SE6 青蔥 粉蔥 ,,,,,,,,11,1,2009,1
2009-12-01,高雄市,SE6 青蔥 粉蔥 ,,,,,,,,12,2,2009,1
2009-12-02,高雄市,SE6 青蔥 粉蔥 ,,,,,,,,12,3,2009,1
2009-12-03,高雄市,SE6 青蔥 粉蔥 ,,,,,,,,12,4,2009,1
2009-12-04,高雄市,SE6 青蔥 粉蔥 ,,,,,,,,12,5,2009,1
2009-12-05,高雄市,SE6 青蔥 粉蔥 ,,,,,,,,12,6,2009,1
2009-12-06,高雄市,SE6 青蔥 粉蔥 ,,,,,,,,12,7,2009,1
2009-12-07,高雄市,SE6 青蔥 粉蔥 ,,,,,,,,12,1,2009,1
2009-12-08,高雄市,SE6 青蔥 粉蔥 ,,,,,,,,12,2,2009,1
2009-12-09,高雄市,SE6 青蔥 粉蔥 ,,,,,,,,12,3,2009,1
2009-12-10,高雄市,SE6 青蔥 粉蔥 ,,,,,,,,12,4,2009,1
2009-12-11,高雄市,SE6 青蔥 粉蔥 ,,,,,,,,12,5,2009,1
2009-12-12,高雄市,SE6 青蔥 粉蔥 ,,,,,,,,12,6,2009,1
2009-12-13,高雄市,SE6 青蔥 粉蔥 ,,,,,,,,12,7,2009,1
2009-12-14,高雄市,SE6 青蔥 粉蔥 ,,,,,,,,12,1,2009,1
2009-12-15,高雄市,SE6 青蔥 粉蔥 ,,,,,,,,12,2,2009,1
2009-12-16,高雄市,SE6 青蔥 粉蔥 ,,,,,,,,12,3,2009,1
2009-12-17,高雄市,SE6 青蔥 粉蔥 ,,,,,,,,12,4,2009,1
2009-12-18,高雄市,SE6 青蔥 粉蔥 ,,,,,,,,12,5,2009,1
2009-12-19,高雄市,SE6 青蔥 粉蔥 ,,,,,,,,12,6,2009,1
2009-12-20,高雄市,SE6 青蔥 粉蔥 ,,,,,,,,12,7,2009,1
2009-12-21,高雄市,SE6 青蔥 粉蔥 ,,,,,,,,12,1,2009,1
2009-12-22,高雄市,SE6 青蔥 粉蔥 ,,,,,,,,12,2,2009,1
2009-12-23,高雄市,SE6 青蔥 粉蔥 ,,,,,,,,12,3,2009,1
2009-12-24,高雄市,SE6 青蔥 粉蔥 ,,,,,,,,12,4,2009,1
2009-12-25,高雄市,SE6 青蔥 粉蔥 ,,,,,,,,12,5,2009,1
2009-12-26,高雄市,SE6 青蔥 粉蔥 ,,,,,,,,12,6,2009,1
2009-12-27,高雄市,SE6 青蔥 粉蔥 ,,,,,,,,12,7,2009,1
2009-12-28,高雄市,SE6 青蔥 粉蔥 ,,,,,,,,12,1,2009,1
2009-12-29,高雄市,SE6 青蔥 粉蔥 ,,,,,,,,12,2,2009,1
2009-12-30,高雄市,SE6 青蔥 粉蔥 ,,,,,,,,12,3,2009,1
2009-12-31,高雄市,SE6 青蔥 粉蔥 ,,,,,,,,12,4,2009,1
2010-01-01,高雄市,SE6 青蔥 粉蔥 ,,,,,,,,1,5,2010,1
2010-01-02,高雄市,SE6 青蔥 粉蔥 ,,,,,,,,1,6,2010,1
2010-01-03,高雄市,SE6 青蔥 粉蔥 ,,,,,,,,1,7,2010,1
2010-01-04,高雄市,SE6 青蔥 粉蔥 ,,,,,,,,1,1,2010,1
2010-01-05,高雄市,SE6 青蔥 粉蔥 ,,,,,,,,1,2,2010,1
2010-01-06,高雄市,SE6 青蔥 粉蔥 ,,,,,,,,1,3,2010,1
2010-01-07,高雄市,SE6 青蔥 粉蔥 ,,,,,,,,1,4,2010,1
2010-01-08,高雄市,SE6 青蔥 粉蔥 ,,,,,,,,1,5,2010,1
2010-01-09,高雄市,SE6 青蔥 粉蔥 ,,,,,,,,1,6,2010,1
2010-01-10,高雄市,SE6 青蔥 粉蔥 ,,,,,,,,1,7,2010,1
2010-01-11,高雄市,SE6 青蔥 粉蔥 ,,,,,,,,1,1,2010,1
2010-01-12,高雄市,SE6 青蔥 粉蔥 ,,,,,,,,1,2,2010,1
2010-01-13,高雄市,SE6 青蔥 粉蔥 ,,,,,,,,1,3,2010,1
2010-01-14,高雄市,SE6 青蔥 粉蔥 ,,,,,,,,1,4,2010,1
2010-01-15,高雄市,SE6 青蔥 粉蔥 ,,,,,,,,1,5,2010,1
2010-01-16,高雄市,SE6 青蔥 粉蔥 ,,,,,,,,1,6,2010,1
2010-01-17,高雄市,SE6 青蔥 粉蔥 ,,,,,,,,1,7,2010,1
2010-01-18,高雄市,SE6 青蔥 粉蔥 ,,,,,,,,1,1,2010,1
2010-01-19,高雄市,SE6 青蔥 粉蔥 ,,,,,,,,1,2,2010,1
2010-01-20,高雄市,SE6 青蔥 粉蔥 ,6.0,6.0,6.0,6.0,-64.71,90.0,125.0,1,3,2010,0
2010-01-21,高雄市,SE6 青蔥 粉蔥 ,,,,,,,,1,4,2010,1
2010-01-22,高雄市,SE6 青蔥 粉蔥 ,,,,,,,,1,5,2010,1
2010-01-23,高雄市,SE6 青蔥 粉蔥 ,,,,,,,,1,6,2010,1
2010-01-24,高雄市,SE6 青蔥 粉蔥 ,,,,,,,,1,7,2010,1
2010-01-25,高雄市,SE6 青蔥 粉蔥 ,,,,,,,,1,1,2010,1
2010-01-26,高雄市,SE6 青蔥 粉蔥 ,,,,,,,,1,2,2010,1
2010-01-27,高雄市,SE6 青蔥 粉蔥 ,,,,,,,,1,3,2010,1
2010-01-28,高雄市,SE6 青蔥 粉蔥 ,,,,,,,,1,4,2010,1
2010-01-29,高雄市,SE6 青蔥 粉蔥 ,,,,,,,,1,5,2010,1
2010-01-30,高雄市,SE6 青蔥 粉蔥 ,,,,,,,,1,6,2010,1
2010-01-31,高雄市,SE6 青蔥 粉蔥 ,,,,,,,,1,7,2010,1
2010-02-01,高雄市,SE6 青蔥 粉蔥 ,,,,,,,,2,1,2010,1
2010-02-02,高雄市,SE6 青蔥 粉蔥 ,,,,,,,,2,2,2010,1
2010-02-03,高雄市,SE6 青蔥 粉蔥 ,,,,,,,,2,3,2010,1
2010-02-04,高雄市,SE6 青蔥 粉蔥 ,,,,,,,,2,4,2010,1
2010-02-05,高雄市,SE6 青蔥 粉蔥 ,,,,,,,,2,5,2010,1
2010-02-06,高雄市,SE6 青蔥 粉蔥 ,,,,,,,,2,6,2010,1
2010-02-07,高雄市,SE6 青蔥 粉蔥 ,,,,,,,,2,7,2010,1
2010-02-08,高雄市,SE6 青蔥 粉蔥 ,,,,,,,,2,1,2010,1
2010-02-09,高雄市,SE6 青蔥 粉蔥 ,,,,,,,,2,2,2010,1
2010-02-10,高雄市,SE6 青蔥 粉蔥 ,,,,,,,,2,3,2010,1
2010-02-11,高雄市,SE6 青蔥 粉蔥 ,,,,,,,,2,4,2010,1
2010-02-12,高雄市,SE6 青蔥 粉蔥 ,,,,,,,,2,5,2010,1
2010-02-13,高雄市,SE6 青蔥 粉蔥 ,,,,,,,,2,6,2010,1
2010-02-14,高雄市,SE6 青蔥 粉蔥 ,,,,,,,,2,7,2010,1
2010-02-15,高雄市,SE6 青蔥 粉蔥 ,,,,,,,,2,1,2010,1
2010-02-16,高雄市,SE6 青蔥 粉蔥 ,,,,,,,,2,2,2010,1
2010-02-17,高雄市,SE6 青蔥 粉蔥 ,,,,,,,,2,3,2010,1
2010-02-18,高雄市,SE6 青蔥 粉蔥 ,,,,,,,,2,4,2010,1
2010-02-19,高雄市,SE6 青蔥 粉蔥 ,,,,,,,,2,5,2010,1
2010-02-20,高雄市,SE6 青蔥 粉蔥 ,,,,,,,,2,6,2010,1
2010-02-21,高雄市,SE6 青蔥 粉蔥 ,,,,,,,,2,7,2010,1
2010-02-22,高雄市,SE6 青蔥 粉蔥 ,,,,,,,,2,1,2010,1
2010-02-23,高雄市,SE6 青蔥 粉蔥 ,,,,,,,,2,2,2010,1
2010-02-24,高雄市,SE6 青蔥 粉蔥 ,,,,,,,,2,3,2010,1
2010-02-25,高雄市,SE6 青蔥 粉蔥 ,,,,,,,,2,4,2010,1
2010-02-26,高雄市,SE6 青蔥 粉蔥 ,,,,,,,,2,5,2010,1
2010-02-27,高雄市,SE6 青蔥 粉蔥 ,,,,,,,,2,6,2010,1
2010-02-28,高雄市,SE6 青蔥 粉蔥 ,,,,,,,,2,7,2010,1
2010-03-01,高雄市,SE6 青蔥 粉蔥 ,,,,,,,,3,1,2010,1
2010-03-02,高雄市,SE6 青蔥 粉蔥 ,,,,,,,,3,2,2010,1
2010-03-03,高雄市,SE6 青蔥 粉蔥 ,,,,,,,,3,3,2010,1
2010-03-04,高雄市,SE6 青蔥 粉蔥 ,,,,,,,,3,4,2010,1
2010-03-05,高雄市,SE6 青蔥 粉蔥 ,,,,,,,,3,5,2010,1
2010-03-06,高雄市,SE6 青蔥 粉蔥 ,,,,,,,,3,6,2010,1
2010-03-07,高雄市,SE6 青蔥 粉蔥 ,,,,,,,,3,7,2010,1
2010-03-08,高雄市,SE6 青蔥 粉蔥 ,,,,,,,,3,1,2010,1
2010-03-09,高雄市,SE6 青蔥 粉蔥 ,,,,,,,,3,2,2010,1
2010-03-10,高雄市,SE6 青蔥 粉蔥 ,,,,,,,,3,3,2010,1
2010-03-11,高雄市,SE6 青蔥 粉蔥 ,,,,,,,,3,4,2010,1
2010-03-12,高雄市,SE6 青蔥 粉蔥 ,,,,,,,,3,5,2010,1
2010-03-13,高雄市,SE6 青蔥 粉蔥 ,,,,,,,,3,6,2010,1
2010-03-14,高雄市,SE6 青蔥 粉蔥 ,,,,,,,,3,7,2010,1
2010-03-15,高雄市,SE6 青蔥 粉蔥 ,,,,,,,,3,1,2010,1
2010-03-16,高雄市,SE6 青蔥 粉蔥 ,,,,,,,,3,2,2010,1
2010-03-17,高雄市,SE6 青蔥 粉蔥 ,,,,,,,,3,3,2010,1
2010-03-18,高雄市,SE6 青蔥 粉蔥 ,,,,,,,,3,4,2010,1
2010-03-19,高雄市,SE6 青蔥 粉蔥 ,,,,,,,,3,5,2010,1
2010-03-20,高雄市,SE6 青蔥 粉蔥 ,,,,,,,,3,6,2010,1
2010-03-21,高雄市,SE6 青蔥 粉蔥 ,,,,,,,,3,7,2010,1
2010-03-22,高雄市,SE6 青蔥 粉蔥 ,,,,,,,,3,1,2010,1
2010-03-23,高雄市,SE6 青蔥 粉蔥 ,,,,,,,,3,2,2010,1
2010-03-24,高雄市,SE6 青蔥 粉蔥 ,,,,,,,,3,3,2010,1
2010-03-25,高雄市,SE6 青蔥 粉蔥 ,,,,,,,,3,4,2010,1
2010-03-26,高雄市,SE6 青蔥 粉蔥 ,,,,,,,,3,5,2010,1
2010-03-27,高雄市,SE6 青蔥 粉蔥 ,,,,,,,,3,6,2010,1
2010-03-28,高雄市,SE6 青蔥 粉蔥 ,,,,,,,,3,7,2010,1
2010-03-29,高雄市,SE6 青蔥 粉蔥 ,,,,,,,,3,1,2010,1
2010-03-30,高雄市,SE6 青蔥 粉蔥 ,,,,,,,,3,2,2010,1
2010-03-31,高雄市,SE6 青蔥 粉蔥 ,,,,,,,,3,3,2010,1
2010-04-01,高雄市,SE6 青蔥 粉蔥 ,,,,,,,,4,4,2010,1
2010-04-02,高雄市,SE6 青蔥 粉蔥 ,,,,,,,,4,5,2010,1
2010-04-03,高雄市,SE6 青蔥 粉蔥 ,,,,,,,,4,6,2010,1
2010-04-04,高雄市,SE6 青蔥 粉蔥 ,,,,,,,,4,7,2010,1
2010-04-05,高雄市,SE6 青蔥 粉蔥 ,,,,,,,,4,1,2010,1
2010-04-06,高雄市,SE6 青蔥 粉蔥 ,,,,,,,,4,2,2010,1
2010-04-07,高雄市,SE6 青蔥 粉蔥 ,,,,,,,,4,3,2010,1
2010-04-08,高雄市,SE6 青蔥 粉蔥 ,,,,,,,,4,4,2010,1
2010-04-09,高雄市,SE6 青蔥 粉蔥 ,,,,,,,,4,5,2010,1
2010-04-10,高雄市,SE6 青蔥 粉蔥 ,,,,,,,,4,6,2010,1
2010-04-11,高雄市,SE6 青蔥 粉蔥 ,,,,,,,,4,7,2010,1
2010-04-12,高雄市,SE6 青蔥 粉蔥 ,,,,,,,,4,1,2010,1
2010-04-13,高雄市,SE6 青蔥 粉蔥 ,,,,,,,,4,2,2010,1
2010-04-14,高雄市,SE6 青蔥 粉蔥 ,,,,,,,,4,3,2010,1
2010-04-15,高雄市,SE6 青蔥 粉蔥 ,,,,,,,,4,4,2010,1
2010-04-16,高雄市,SE6 青蔥 粉蔥 ,,,,,,,,4,5,2010,1
2010-04-17,高雄市,SE6 青蔥 粉蔥 ,,,,,,,,4,6,2010,1
2010-04-18,高雄市,SE6 青蔥 粉蔥 ,,,,,,,,4,7,2010,1
2010-04-19,高雄市,SE6 青蔥 粉蔥 ,,,,,,,,4,1,2010,1
2010-04-20,高雄市,SE6 青蔥 粉蔥 ,,,,,,,,4,2,2010,1
2010-04-21,高雄市,SE6 青蔥 粉蔥 ,,,,,,,,4,3,2010,1
2010-04-22,高雄市,SE6 青蔥 粉蔥 ,,,,,,,,4,4,2010,1
2010-04-23,高雄市,SE6 青蔥 粉蔥 ,,,,,,,,4,5,2010,1
2010-04-24,高雄市,SE6 青蔥 粉蔥 ,,,,,,,,4,6,2010,1
2010-04-25,高雄市,SE6 青蔥 粉蔥 ,,,,,,,,4,7,2010,1
2010-04-26,高雄市,SE6 青蔥 粉蔥 ,,,,,,,,4,1,2010,1
2010-04-27,高雄市,SE6 青蔥 粉蔥 ,,,,,,,,4,2,2010,1
2010-04-28,高雄市,SE6 青蔥 粉蔥 ,,,,,,,,4,3,2010,1
2010-04-29,高雄市,SE6 青蔥 粉蔥 ,,,,,,,,4,4,2010,1
2010-04-30,高雄市,SE6 青蔥 粉蔥 ,,,,,,,,4,5,2010,1
2010-05-01,高雄市,SE6 青蔥 粉蔥 ,,,,,,,,5,6,2010,1
2010-05-02,高雄市,SE6 青蔥 粉蔥 ,,,,,,,,5,7,2010,1
2010-05-03,高雄市,SE6 青蔥 粉蔥 ,,,,,,,,5,1,2010,1
2010-05-04,高雄市,SE6 青蔥 粉蔥 ,,,,,,,,5,2,2010,1
2010-05-05,高雄市,SE6 青蔥 粉蔥 ,,,,,,,,5,3,2010,1
2010-05-06,高雄市,SE6 青蔥 粉蔥 ,,,,,,,,5,4,2010,1
2010-05-07,高雄市,SE6 青蔥 粉蔥 ,,,,,,,,5,5,2010,1
2010-05-08,高雄市,SE6 青蔥 粉蔥 ,,,,,,,,5,6,2010,1
2010-05-09,高雄市,SE6 青蔥 粉蔥 ,,,,,,,,5,7,2010,1
2010-05-10,高雄市,SE6 青蔥 粉蔥 ,,,,,,,,5,1,2010,1
2010-05-11,高雄市,SE6 青蔥 粉蔥 ,,,,,,,,5,2,2010,1
2010-05-12,高雄市,SE6 青蔥 粉蔥 ,,,,,,,,5,3,2010,1
2010-05-13,高雄市,SE6 青蔥 粉蔥 ,,,,,,,,5,4,2010,1
2010-05-14,高雄市,SE6 青蔥 粉蔥 ,,,,,,,,5,5,2010,1
2010-05-15,高雄市,SE6 青蔥 粉蔥 ,,,,,,,,5,6,2010,1
2010-05-16,高雄市,SE6 青蔥 粉蔥 ,,,,,,,,5,7,2010,1
2010-05-17,高雄市,SE6 青蔥 粉蔥 ,,,,,,,,5,1,2010,1
2010-05-18,高雄市,SE6 青蔥 粉蔥 ,,,,,,,,5,2,2010,1
2010-05-19,高雄市,SE6 青蔥 粉蔥 ,,,,,,,,5,3,2010,1
2010-05-20,高雄市,SE6 青蔥 粉蔥 ,,,,,,,,5,4,2010,1
2010-05-21,高雄市,SE6 青蔥 粉蔥 ,,,,,,,,5,5,2010,1
2010-05-22,高雄市,SE6 青蔥 粉蔥 ,,,,,,,,5,6,2010,1
2010-05-23,高雄市,SE6 青蔥 粉蔥 ,,,,,,,,5,7,2010,1
2010-05-24,高雄市,SE6 青蔥 粉蔥 ,,,,,,,,5,1,2010,1
2010-05-25,高雄市,SE6 青蔥 粉蔥 ,,,,,,,,5,2,2010,1
2010-05-26,高雄市,SE6 青蔥 粉蔥 ,,,,,,,,5,3,2010,1
2010-05-27,高雄市,SE6 青蔥 粉蔥 ,,,,,,,,5,4,2010,1
2010-05-28,高雄市,SE6 青蔥 粉蔥 ,,,,,,,,5,5,2010,1
2010-05-29,高雄市,SE6 青蔥 粉蔥 ,,,,,,,,5,6,2010,1
2010-05-30,高雄市,SE6 青蔥 粉蔥 ,,,,,,,,5,7,2010,1
2010-05-31,高雄市,SE6 青蔥 粉蔥 ,,,,,,,,5,1,2010,1
2010-06-01,高雄市,SE6 青蔥 粉蔥 ,,,,,,,,6,2,2010,1
2010-06-02,高雄市,SE6 青蔥 粉蔥 ,,,,,,,,6,3,2010,1
2010-06-03,高雄市,SE6 青蔥 粉蔥 ,,,,,,,,6,4,2010,1
2010-06-04,高雄市,SE6 青蔥 粉蔥 ,,,,,,,,6,5,2010,1
2010-06-05,高雄市,SE6 青蔥 粉蔥 ,17.0,17.0,17.0,17.0,183.33,20.0,-77.78,6,6,2010,0
2010-06-06,高雄市,SE6 青蔥 粉蔥 ,,,,,,,,6,7,2010,1
2010-06-07,高雄市,SE6 青蔥 粉蔥 ,,,,,,,,6,1,2010,1
2010-06-08,高雄市,SE6 青蔥 粉蔥 ,,,,,,,,6,2,2010,1
2010-06-09,高雄市,SE6 青蔥 粉蔥 ,,,,,,,,6,3,2010,1
2010-06-10,高雄市,SE6 青蔥 粉蔥 ,,,,,,,,6,4,2010,1
2010-06-11,高雄市,SE6 青蔥 粉蔥 ,,,,,,,,6,5,2010,1
2010-06-12,高雄市,SE6 青蔥 粉蔥 ,,,,,,,,6,6,2010,1
2010-06-13,高雄市,SE6 青蔥 粉蔥 ,,,,,,,,6,7,2010,1
2010-06-14,高雄市,SE6 青蔥 粉蔥 ,,,,,,,,6,1,2010,1
2010-06-15,高雄市,SE6 青蔥 粉蔥 ,,,,,,,,6,2,2010,1
2010-06-16,高雄市,SE6 青蔥 粉蔥 ,,,,,,,,6,3,2010,1
2010-06-17,高雄市,SE6 青蔥 粉蔥 ,,,,,,,,6,4,2010,1
2010-06-18,高雄市,SE6 青蔥 粉蔥 ,,,,,,,,6,5,2010,1
2010-06-19,高雄市,SE6 青蔥 粉蔥 ,,,,,,,,6,6,2010,1
2010-06-20,高雄市,SE6 青蔥 粉蔥 ,,,,,,,,6,7,2010,1
2010-06-21,高雄市,SE6 青蔥 粉蔥 ,,,,,,,,6,1,2010,1
2010-06-22,高雄市,SE6 青蔥 粉蔥 ,,,,,,,,6,2,2010,1
2010-06-23,高雄市,SE6 青蔥 粉蔥 ,,,,,,,,6,3,2010,1
2010-06-24,高雄市,SE6 青蔥 粉蔥 ,,,,,,,,6,4,2010,1
2010-06-25,高雄市,SE6 青蔥 粉蔥 ,,,,,,,,6,5,2010,1
2010-06-26,高雄市,SE6 青蔥 粉蔥 ,,,,,,,,6,6,2010,1
2010-06-27,高雄市,SE6 青蔥 粉蔥 ,,,,,,,,6,7,2010,1
2010-06-28,高雄市,SE6 青蔥 粉蔥 ,,,,,,,,6,1,2010,1
2010-06-29,高雄市,SE6 青蔥 粉蔥 ,,,,,,,,6,2,2010,1
2010-06-30,高雄市,SE6 青蔥 粉蔥 ,,,,,,,,6,3,2010,1
2010-07-01,高雄市,SE6 青蔥 粉蔥 ,,,,,,,,7,4,2010,1
2010-07-02,高雄市,SE6 青蔥 粉蔥 ,,,,,,,,7,5,2010,1
2010-07-03,高雄市,SE6 青蔥 粉蔥 ,,,,,,,,7,6,2010,1
2010-07-04,高雄市,SE6 青蔥 粉蔥 ,,,,,,,,7,7,2010,1
2010-07-05,高雄市,SE6 青蔥 粉蔥 ,,,,,,,,7,1,2010,1
2010-07-06,高雄市,SE6 青蔥 粉蔥 ,,,,,,,,7,2,2010,1
2010-07-07,高雄市,SE6 青蔥 粉蔥 ,,,,,,,,7,3,2010,1
2010-07-08,高雄市,SE6 青蔥 粉蔥 ,,,,,,,,7,4,2010,1
2010-07-09,高雄市,SE6 青蔥 粉蔥 ,,,,,,,,7,5,2010,1
2010-07-10,高雄市,SE6 青蔥 粉蔥 ,,,,,,,,7,6,2010,1
2010-07-11,高雄市,SE6 青蔥 粉蔥 ,,,,,,,,7,7,2010,1
2010-07-12,高雄市,SE6 青蔥 粉蔥 ,,,,,,,,7,1,2010,1
2010-07-13,高雄市,SE6 青蔥 粉蔥 ,,,,,,,,7,2,2010,1
2010-07-14,高雄市,SE6 青蔥 粉蔥 ,,,,,,,,7,3,2010,1
2010-07-15,高雄市,SE6 青蔥 粉蔥 ,,,,,,,,7,4,2010,1
2010-07-16,高雄市,SE6 青蔥 粉蔥 ,,,,,,,,7,5,2010,1
2010-07-17,高雄市,SE6 青蔥 粉蔥 ,,,,,,,,7,6,2010,1
2010-07-18,高雄市,SE6 青蔥 粉蔥 ,,,,,,,,7,7,2010,1
2010-07-19,高雄市,SE6 青蔥 粉蔥 ,,,,,,,,7,1,2010,1
2010-07-20,高雄市,SE6 青蔥 粉蔥 ,,,,,,,,7,2,2010,1
2010-07-21,高雄市,SE6 青蔥 粉蔥 ,,,,,,,,7,3,2010,1
2010-07-22,高雄市,SE6 青蔥 粉蔥 ,,,,,,,,7,4,2010,1
2010-07-23,高雄市,SE6 青蔥 粉蔥 ,,,,,,,,7,5,2010,1
2010-07-24,高雄市,SE6 青蔥 粉蔥 ,,,,,,,,7,6,2010,1
2010-07-25,高雄市,SE6 青蔥 粉蔥 ,,,,,,,,7,7,2010,1
2010-07-26,高雄市,SE6 青蔥 粉蔥 ,,,,,,,,7,1,2010,1
2010-07-27,高雄市,SE6 青蔥 粉蔥 ,,,,,,,,7,2,2010,1
2010-07-28,高雄市,SE6 青蔥 粉蔥 ,,,,,,,,7,3,2010,1
2010-07-29,高雄市,SE6 青蔥 粉蔥 ,,,,,,,,7,4,2010,1
2010-07-30,高雄市,SE6 青蔥 粉蔥 ,,,,,,,,7,5,2010,1
2010-07-31,高雄市,SE6 青蔥 粉蔥 ,,,,,,,,7,6,2010,1
2010-08-01,高雄市,SE6 青蔥 粉蔥 ,,,,,,,,8,7,2010,1
2010-08-02,高雄市,SE6 青蔥 粉蔥 ,,,,,,,,8,1,2010,1
2010-08-03,高雄市,SE6 青蔥 粉蔥 ,,,,,,,,8,2,2010,1
2010-08-04,高雄市,SE6 青蔥 粉蔥 ,,,,,,,,8,3,2010,1
2010-08-05,高雄市,SE6 青蔥 粉蔥 ,,,,,,,,8,4,2010,1
2010-08-06,高雄市,SE6 青蔥 粉蔥 ,,,,,,,,8,5,2010,1
2010-08-07,高雄市,SE6 青蔥 粉蔥 ,,,,,,,,8,6,2010,1
2010-08-08,高雄市,SE6 青蔥 粉蔥 ,,,,,,,,8,7,2010,1
2010-08-09,高雄市,SE6 青蔥 粉蔥 ,,,,,,,,8,1,2010,1
2010-08-10,高雄市,SE6 青蔥 粉蔥 ,,,,,,,,8,2,2010,1
2010-08-11,高雄市,SE6 青蔥 粉蔥 ,,,,,,,,8,3,2010,1
2010-08-12,高雄市,SE6 青蔥 粉蔥 ,,,,,,,,8,4,2010,1
2010-08-13,高雄市,SE6 青蔥 粉蔥 ,,,,,,,,8,5,2010,1
2010-08-14,高雄市,SE6 青蔥 粉蔥 ,,,,,,,,8,6,2010,1
2010-08-15,高雄市,SE6 青蔥 粉蔥 ,,,,,,,,8,7,2010,1
2010-08-16,高雄市,SE6 青蔥 粉蔥 ,,,,,,,,8,1,2010,1
2010-08-17,高雄市,SE6 青蔥 粉蔥 ,,,,,,,,8,2,2010,1
2010-08-18,高雄市,SE6 青蔥 粉蔥 ,,,,,,,,8,3,2010,1
2010-08-19,高雄市,SE6 青蔥 粉蔥 ,,,,,,,,8,4,2010,1
2010-08-20,高雄市,SE6 青蔥 粉蔥 ,,,,,,,,8,5,2010,1
2010-08-21,高雄市,SE6 青蔥 粉蔥 ,,,,,,,,8,6,2010,1
2010-08-22,高雄市,SE6 青蔥 粉蔥 ,,,,,,,,8,7,2010,1
2010-08-23,高雄市,SE6 青蔥 粉蔥 ,,,,,,,,8,1,2010,1
2010-08-24,高雄市,SE6 青蔥 粉蔥 ,,,,,,,,8,2,2010,1
2010-08-25,高雄市,SE6 青蔥 粉蔥 ,,,,,,,,8,3,2010,1
2010-08-26,高雄市,SE6 青蔥 粉蔥 ,,,,,,,,8,4,2010,1
2010-08-27,高雄市,SE6 青蔥 粉蔥 ,,,,,,,,8,5,2010,1
2010-08-28,高雄市,SE6 青蔥 粉蔥 ,,,,,,,,8,6,2010,1
2010-08-29,高雄市,SE6 青蔥 粉蔥 ,,,,,,,,8,7,2010,1
2010-08-30,高雄市,SE6 青蔥 粉蔥 ,,,,,,,,8,1,2010,1
2010-08-31,高雄市,SE6 青蔥 粉蔥 ,,,,,,,,8,2,2010,1
2010-09-01,高雄市,SE6 青蔥 粉蔥 ,,,,,,,,9,3,2010,1
2010-09-02,高雄市,SE6 青蔥 粉蔥 ,,,,,,,,9,4,2010,1
2010-09-03,高雄市,SE6 青蔥 粉蔥 ,,,,,,,,9,5,2010,1
2010-09-04,高雄市,SE6 青蔥 粉蔥 ,,,,,,,,9,6,2010,1
2010-09-05,高雄市,SE6 青蔥 粉蔥 ,,,,,,,,9,7,2010,1
2010-09-06,高雄市,SE6 青蔥 粉蔥 ,,,,,,,,9,1,2010,1
2010-09-07,高雄市,SE6 青蔥 粉蔥 ,,,,,,,,9,2,2010,1
2010-09-08,高雄市,SE6 青蔥 粉蔥 ,,,,,,,,9,3,2010,1
2010-09-09,高雄市,SE6 青蔥 粉蔥 ,,,,,,,,9,4,2010,1
2010-09-10,高雄市,SE6 青蔥 粉蔥 ,,,,,,,,9,5,2010,1
2010-09-11,高雄市,SE6 青蔥 粉蔥 ,,,,,,,,9,6,2010,1
2010-09-12,高雄市,SE6 青蔥 粉蔥 ,,,,,,,,9,7,2010,1
2010-09-13,高雄市,SE6 青蔥 粉蔥 ,,,,,,,,9,1,2010,1
2010-09-14,高雄市,SE6 青蔥 粉蔥 ,,,,,,,,9,2,2010,1
2010-09-15,高雄市,SE6 青蔥 粉蔥 ,,,,,,,,9,3,2010,1
2010-09-16,高雄市,SE6 青蔥 粉蔥 ,,,,,,,,9,4,2010,1
2010-09-17,高雄市,SE6 青蔥 粉蔥 ,,,,,,,,9,5,2010,1
2010-09-18,高雄市,SE6 青蔥 粉蔥 ,,,,,,,,9,6,2010,1
2010-09-19,高雄市,SE6 青蔥 粉蔥 ,,,,,,,,9,7,2010,1
2010-09-20,高雄市,SE6 青蔥 粉蔥 ,,,,,,,,9,1,2010,1
2010-09-21,高雄市,SE6 青蔥 粉蔥 ,,,,,,,,9,2,2010,1
2010-09-22,高雄市,SE6 青蔥 粉蔥 ,,,,,,,,9,3,2010,1
2010-09-23,高雄市,SE6 青蔥 粉蔥 ,,,,,,,,9,4,2010,1
2010-09-24,高雄市,SE6 青蔥 粉蔥 ,,,,,,,,9,5,2010,1
2010-09-25,高雄市,SE6 青蔥 粉蔥 ,,,,,,,,9,6,2010,1
2010-09-26,高雄市,SE6 青蔥 粉蔥 ,,,,,,,,9,7,2010,1
2010-09-27,高雄市,SE6 青蔥 粉蔥 ,,,,,,,,9,1,2010,1
2010-09-28,高雄市,SE6 青蔥 粉蔥 ,,,,,,,,9,2,2010,1
2010-09-29,高雄市,SE6 青蔥 粉蔥 ,,,,,,,,9,3,2010,1
2010-09-30,高雄市,SE6 青蔥 粉蔥 ,,,,,,,,9,4,2010,1
2010-10-01,高雄市,SE6 青蔥 粉蔥 ,,,,,,,,10,5,2010,1
2010-10-02,高雄市,SE6 青蔥 粉蔥 ,,,,,,,,10,6,2010,1
2010-10-03,高雄市,SE6 青蔥 粉蔥 ,,,,,,,,10,7,2010,1
2010-10-04,高雄市,SE6 青蔥 粉蔥 ,,,,,,,,10,1,2010,1
2010-10-05,高雄市,SE6 青蔥 粉蔥 ,,,,,,,,10,2,2010,1
2010-10-06,高雄市,SE6 青蔥 粉蔥 ,,,,,,,,10,3,2010,1
2010-10-07,高雄市,SE6 青蔥 粉蔥 ,,,,,,,,10,4,2010,1
2010-10-08,高雄市,SE6 青蔥 粉蔥 ,,,,,,,,10,5,2010,1
2010-10-09,高雄市,SE6 青蔥 粉蔥 ,,,,,,,,10,6,2010,1
2010-10-10,高雄市,SE6 青蔥 粉蔥 ,,,,,,,,10,7,2010,1
2010-10-11,高雄市,SE6 青蔥 粉蔥 ,,,,,,,,10,1,2010,1
2010-10-12,高雄市,SE6 青蔥 粉蔥 ,,,,,,,,10,2,2010,1
2010-10-13,高雄市,SE6 青蔥 粉蔥 ,,,,,,,,10,3,2010,1
2010-10-14,高雄市,SE6 青蔥 粉蔥 ,,,,,,,,10,4,2010,1
2010-10-15,高雄市,SE6 青蔥 粉蔥 ,,,,,,,,10,5,2010,1
2010-10-16,高雄市,SE6 青蔥 粉蔥 ,,,,,,,,10,6,2010,1
2010-10-17,高雄市,SE6 青蔥 粉蔥 ,,,,,,,,10,7,2010,1
2010-10-18,高雄市,SE6 青蔥 粉蔥 ,,,,,,,,10,1,2010,1
2010-10-19,高雄市,SE6 青蔥 粉蔥 ,,,,,,,,10,2,2010,1
2010-10-20,高雄市,SE6 青蔥 粉蔥 ,,,,,,,,10,3,2010,1
2010-10-21,高雄市,SE6 青蔥 粉蔥 ,,,,,,,,10,4,2010,1
2010-10-22,高雄市,SE6 青蔥 粉蔥 ,,,,,,,,10,5,2010,1
2010-10-23,高雄市,SE6 青蔥 粉蔥 ,,,,,,,,10,6,2010,1
2010-10-24,高雄市,SE6 青蔥 粉蔥 ,20.0,20.0,20.0,20.0,17.65,20.0,0.0,10,7,2010,0
2010-10-25,高雄市,SE6 青蔥 粉蔥 ,,,,,,,,10,1,2010,1
2010-10-26,高雄市,SE6 青蔥 粉蔥 ,,,,,,,,10,2,2010,1
2010-10-27,高雄市,SE6 青蔥 粉蔥 ,,,,,,,,10,3,2010,1
2010-10-28,高雄市,SE6 青蔥 粉蔥 ,,,,,,,,10,4,2010,1
2010-10-29,高雄市,SE6 青蔥 粉蔥 ,,,,,,,,10,5,2010,1
2010-10-30,高雄市,SE6 青蔥 粉蔥 ,23.0,23.0,23.0,23.0,15.0,42.0,110.0,10,6,2010,0
2010-10-31,高雄市,SE6 青蔥 粉蔥 ,19.0,19.0,19.0,19.0,-17.39,60.0,42.86,10,7,2010,0
2010-11-01,高雄市,SE6 青蔥 粉蔥 ,,,,,,,,11,1,2010,1
2010-11-02,高雄市,SE6 青蔥 粉蔥 ,,,,,,,,11,2,2010,1
2010-11-03,高雄市,SE6 青蔥 粉蔥 ,,,,,,,,11,3,2010,1
2010-11-04,高雄市,SE6 青蔥 粉蔥 ,,,,,,,,11,4,2010,1
2010-11-05,高雄市,SE6 青蔥 粉蔥 ,,,,,,,,11,5,2010,1
2010-11-06,高雄市,SE6 青蔥 粉蔥 ,,,,,,,,11,6,2010,1
2010-11-07,高雄市,SE6 青蔥 粉蔥 ,,,,,,,,11,7,2010,1
2010-11-08,高雄市,SE6 青蔥 粉蔥 ,,,,,,,,11,1,2010,1
2010-11-09,高雄市,SE6 青蔥 粉蔥 ,,,,,,,,11,2,2010,1
2010-11-10,高雄市,SE6 青蔥 粉蔥 ,,,,,,,,11,3,2010,1
2010-11-11,高雄市,SE6 青蔥 粉蔥 ,,,,,,,,11,4,2010,1
2010-11-12,高雄市,SE6 青蔥 粉蔥 ,,,,,,,,11,5,2010,1
2010-11-13,高雄市,SE6 青蔥 粉蔥 ,,,,,,,,11,6,2010,1
2010-11-14,高雄市,SE6 青蔥 粉蔥 ,,,,,,,,11,7,2010,1
2010-11-15,高雄市,SE6 青蔥 粉蔥 ,,,,,,,,11,1,2010,1
2010-11-16,高雄市,SE6 青蔥 粉蔥 ,,,,,,,,11,2,2010,1
2010-11-17,高雄市,SE6 青蔥 粉蔥 ,,,,,,,,11,3,2010,1
2010-11-18,高雄市,SE6 青蔥 粉蔥 ,,,,,,,,11,4,2010,1
2010-11-19,高雄市,SE6 青蔥 粉蔥 ,,,,,,,,11,5,2010,1
2010-11-20,高雄市,SE6 青蔥 粉蔥 ,,,,,,,,11,6,2010,1
2010-11-21,高雄市,SE6 青蔥 粉蔥 ,,,,,,,,11,7,2010,1
2010-11-22,高雄市,SE6 青蔥 粉蔥 ,,,,,,,,11,1,2010,1
2010-11-23,高雄市,SE6 青蔥 粉蔥 ,,,,,,,,11,2,2010,1
2010-11-24,高雄市,SE6 青蔥 粉蔥 ,,,,,,,,11,3,2010,1
2010-11-25,高雄市,SE6 青蔥 粉蔥 ,,,,,,,,11,4,2010,1
2010-11-26,高雄市,SE6 青蔥 粉蔥 ,,,,,,,,11,5,2010,1
2010-11-27,高雄市,SE6 青蔥 粉蔥 ,,,,,,,,11,6,2010,1
2010-11-28,高雄市,SE6 青蔥 粉蔥 ,,,,,,,,11,7,2010,1
2010-11-29,高雄市,SE6 青蔥 粉蔥 ,,,,,,,,11,1,2010,1
2010-11-30,高雄市,SE6 青蔥 粉蔥 ,,,,,,,,11,2,2010,1
2010-12-01,高雄市,SE6 青蔥 粉蔥 ,,,,,,,,12,3,2010,1
2010-12-02,高雄市,SE6 青蔥 粉蔥 ,,,,,,,,12,4,2010,1
2010-12-03,高雄市,SE6 青蔥 粉蔥 ,,,,,,,,12,5,2010,1
2010-12-04,高雄市,SE6 青蔥 粉蔥 ,,,,,,,,12,6,2010,1
2010-12-05,高雄市,SE6 青蔥 粉蔥 ,,,,,,,,12,7,2010,1
2010-12-06,高雄市,SE6 青蔥 粉蔥 ,,,,,,,,12,1,2010,1
2010-12-07,高雄市,SE6 青蔥 粉蔥 ,,,,,,,,12,2,2010,1
2010-12-08,高雄市,SE6 青蔥 粉蔥 ,,,,,,,,12,3,2010,1
2010-12-09,高雄市,SE6 青蔥 粉蔥 ,,,,,,,,12,4,2010,1
2010-12-10,高雄市,SE6 青蔥 粉蔥 ,,,,,,,,12,5,2010,1
2010-12-11,高雄市,SE6 青蔥 粉蔥 ,,,,,,,,12,6,2010,1
2010-12-12,高雄市,SE6 青蔥 粉蔥 ,,,,,,,,12,7,2010,1
2010-12-13,高雄市,SE6 青蔥 粉蔥 ,,,,,,,,12,1,2010,1
2010-12-14,高雄市,SE6 青蔥 粉蔥 ,,,,,,,,12,2,2010,1
2010-12-15,高雄市,SE6 青蔥 粉蔥 ,,,,,,,,12,3,2010,1
2010-12-16,高雄市,SE6 青蔥 粉蔥 ,,,,,,,,12,4,2010,1
2010-12-17,高雄市,SE6 青蔥 粉蔥 ,,,,,,,,12,5,2010,1
2010-12-18,高雄市,SE6 青蔥 粉蔥 ,,,,,,,,12,6,2010,1
2010-12-19,高雄市,SE6 青蔥 粉蔥 ,,,,,,,,12,7,2010,1
2010-12-20,高雄市,SE6 青蔥 粉蔥 ,,,,,,,,12,1,2010,1
2010-12-21,高雄市,SE6 青蔥 粉蔥 ,,,,,,,,12,2,2010,1
2010-12-22,高雄市,SE6 青蔥 粉蔥 ,,,,,,,,12,3,2010,1
2010-12-23,高雄市,SE6 青蔥 粉蔥 ,,,,,,,,12,4,2010,1
2010-12-24,高雄市,SE6 青蔥 粉蔥 ,,,,,,,,12,5,2010,1
2010-12-25,高雄市,SE6 青蔥 粉蔥 ,,,,,,,,12,6,2010,1
2010-12-26,高雄市,SE6 青蔥 粉蔥 ,,,,,,,,12,7,2010,1
2010-12-27,高雄市,SE6 青蔥 粉蔥 ,,,,,,,,12,1,2010,1
2010-12-28,高雄市,SE6 青蔥 粉蔥 ,,,,,,,,12,2,2010,1
2010-12-29,高雄市,SE6 青蔥 粉蔥 ,,,,,,,,12,3,2010,1
2010-12-30,高雄市,SE6 青蔥 粉蔥 ,,,,,,,,12,4,2010,1
2010-12-31,高雄市,SE6 青蔥 粉蔥 ,,,,,,,,12,5,2010,1
2011-01-01,高雄市,SE6 青蔥 粉蔥 ,,,,,,,,1,6,2011,1
2011-01-02,高雄市,SE6 青蔥 粉蔥 ,,,,,,,,1,7,2011,1
2011-01-03,高雄市,SE6 青蔥 粉蔥 ,,,,,,,,1,1,2011,1
2011-01-04,高雄市,SE6 青蔥 粉蔥 ,,,,,,,,1,2,2011,1
2011-01-05,高雄市,SE6 青蔥 粉蔥 ,,,,,,,,1,3,2011,1
2011-01-06,高雄市,SE6 青蔥 粉蔥 ,,,,,,,,1,4,2011,1
2011-01-07,高雄市,SE6 青蔥 粉蔥 ,,,,,,,,1,5,2011,1
2011-01-08,高雄市,SE6 青蔥 粉蔥 ,,,,,,,,1,6,2011,1
2011-01-09,高雄市,SE6 青蔥 粉蔥 ,,,,,,,,1,7,2011,1
2011-01-10,高雄市,SE6 青蔥 粉蔥 ,,,,,,,,1,1,2011,1
2011-01-11,高雄市,SE6 青蔥 粉蔥 ,,,,,,,,1,2,2011,1
2011-01-12,高雄市,SE6 青蔥 粉蔥 ,,,,,,,,1,3,2011,1
2011-01-13,高雄市,SE6 青蔥 粉蔥 ,,,,,,,,1,4,2011,1
2011-01-14,高雄市,SE6 青蔥 粉蔥 ,,,,,,,,1,5,2011,1
2011-01-15,高雄市,SE6 青蔥 粉蔥 ,,,,,,,,1,6,2011,1
2011-01-16,高雄市,SE6 青蔥 粉蔥 ,,,,,,,,1,7,2011,1
2011-01-17,高雄市,SE6 青蔥 粉蔥 ,,,,,,,,1,1,2011,1
2011-01-18,高雄市,SE6 青蔥 粉蔥 ,,,,,,,,1,2,2011,1
2011-01-19,高雄市,SE6 青蔥 粉蔥 ,,,,,,,,1,3,2011,1
2011-01-20,高雄市,SE6 青蔥 粉蔥 ,,,,,,,,1,4,2011,1
2011-01-21,高雄市,SE6 青蔥 粉蔥 ,,,,,,,,1,5,2011,1
2011-01-22,高雄市,SE6 青蔥 粉蔥 ,21.0,21.0,21.0,21.0,10.53,40.0,-33.33,1,6,2011,0
2011-01-23,高雄市,SE6 青蔥 粉蔥 ,,,,,,,,1,7,2011,1
2011-01-24,高雄市,SE6 青蔥 粉蔥 ,,,,,,,,1,1,2011,1
2011-01-25,高雄市,SE6 青蔥 粉蔥 ,,,,,,,,1,2,2011,1
2011-01-26,高雄市,SE6 青蔥 粉蔥 ,,,,,,,,1,3,2011,1
2011-01-27,高雄市,SE6 青蔥 粉蔥 ,,,,,,,,1,4,2011,1
2011-01-28,高雄市,SE6 青蔥 粉蔥 ,,,,,,,,1,5,2011,1
2011-01-29,高雄市,SE6 青蔥 粉蔥 ,,,,,,,,1,6,2011,1
2011-01-30,高雄市,SE6 青蔥 粉蔥 ,,,,,,,,1,7,2011,1
2011-01-31,高雄市,SE6 青蔥 粉蔥 ,,,,,,,,1,1,2011,1
2011-02-01,高雄市,SE6 青蔥 粉蔥 ,,,,,,,,2,2,2011,1
2011-02-02,高雄市,SE6 青蔥 粉蔥 ,,,,,,,,2,3,2011,1
2011-02-03,高雄市,SE6 青蔥 粉蔥 ,,,,,,,,2,4,2011,1
2011-02-04,高雄市,SE6 青蔥 粉蔥 ,,,,,,,,2,5,2011,1
2011-02-05,高雄市,SE6 青蔥 粉蔥 ,,,,,,,,2,6,2011,1
2011-02-06,高雄市,SE6 青蔥 粉蔥 ,,,,,,,,2,7,2011,1
2011-02-07,高雄市,SE6 青蔥 粉蔥 ,,,,,,,,2,1,2011,1
2011-02-08,高雄市,SE6 青蔥 粉蔥 ,,,,,,,,2,2,2011,1
2011-02-09,高雄市,SE6 青蔥 粉蔥 ,,,,,,,,2,3,2011,1
2011-02-10,高雄市,SE6 青蔥 粉蔥 ,,,,,,,,2,4,2011,1
2011-02-11,高雄市,SE6 青蔥 粉蔥 ,,,,,,,,2,5,2011,1
2011-02-12,高雄市,SE6 青蔥 粉蔥 ,,,,,,,,2,6,2011,1
2011-02-13,高雄市,SE6 青蔥 粉蔥 ,,,,,,,,2,7,2011,1
2011-02-14,高雄市,SE6 青蔥 粉蔥 ,,,,,,,,2,1,2011,1
2011-02-15,高雄市,SE6 青蔥 粉蔥 ,,,,,,,,2,2,2011,1
2011-02-16,高雄市,SE6 青蔥 粉蔥 ,,,,,,,,2,3,2011,1
2011-02-17,高雄市,SE6 青蔥 粉蔥 ,,,,,,,,2,4,2011,1
2011-02-18,高雄市,SE6 青蔥 粉蔥 ,,,,,,,,2,5,2011,1
2011-02-19,高雄市,SE6 青蔥 粉蔥 ,,,,,,,,2,6,2011,1
2011-02-20,高雄市,SE6 青蔥 粉蔥 ,,,,,,,,2,7,2011,1
2011-02-21,高雄市,SE6 青蔥 粉蔥 ,,,,,,,,2,1,2011,1
2011-02-22,高雄市,SE6 青蔥 粉蔥 ,,,,,,,,2,2,2011,1
2011-02-23,高雄市,SE6 青蔥 粉蔥 ,,,,,,,,2,3,2011,1
2011-02-24,高雄市,SE6 青蔥 粉蔥 ,,,,,,,,2,4,2011,1
2011-02-25,高雄市,SE6 青蔥 粉蔥 ,,,,,,,,2,5,2011,1
2011-02-26,高雄市,SE6 青蔥 粉蔥 ,,,,,,,,2,6,2011,1
2011-02-27,高雄市,SE6 青蔥 粉蔥 ,,,,,,,,2,7,2011,1
2011-02-28,高雄市,SE6 青蔥 粉蔥 ,,,,,,,,2,1,2011,1
2011-03-01,高雄市,SE6 青蔥 粉蔥 ,,,,,,,,3,2,2011,1
2011-03-02,高雄市,SE6 青蔥 粉蔥 ,,,,,,,,3,3,2011,1
2011-03-03,高雄市,SE6 青蔥 粉蔥 ,,,,,,,,3,4,2011,1
2011-03-04,高雄市,SE6 青蔥 粉蔥 ,,,,,,,,3,5,2011,1
2011-03-05,高雄市,SE6 青蔥 粉蔥 ,,,,,,,,3,6,2011,1
2011-03-06,高雄市,SE6 青蔥 粉蔥 ,,,,,,,,3,7,2011,1
2011-03-07,高雄市,SE6 青蔥 粉蔥 ,,,,,,,,3,1,2011,1
2011-03-08,高雄市,SE6 青蔥 粉蔥 ,,,,,,,,3,2,2011,1
2011-03-09,高雄市,SE6 青蔥 粉蔥 ,,,,,,,,3,3,2011,1
2011-03-10,高雄市,SE6 青蔥 粉蔥 ,15.0,15.0,15.0,15.0,-28.57,15.0,-62.5,3,4,2011,0
2011-03-11,高雄市,SE6 青蔥 粉蔥 ,,,,,,,,3,5,2011,1
2011-03-12,高雄市,SE6 青蔥 粉蔥 ,,,,,,,,3,6,2011,1
2011-03-13,高雄市,SE6 青蔥 粉蔥 ,,,,,,,,3,7,2011,1
2011-03-14,高雄市,SE6 青蔥 粉蔥 ,,,,,,,,3,1,2011,1
2011-03-15,高雄市,SE6 青蔥 粉蔥 ,,,,,,,,3,2,2011,1
2011-03-16,高雄市,SE6 青蔥 粉蔥 ,,,,,,,,3,3,2011,1
2011-03-17,高雄市,SE6 青蔥 粉蔥 ,,,,,,,,3,4,2011,1
2011-03-18,高雄市,SE6 青蔥 粉蔥 ,,,,,,,,3,5,2011,1
2011-03-19,高雄市,SE6 青蔥 粉蔥 ,,,,,,,,3,6,2011,1
2011-03-20,高雄市,SE6 青蔥 粉蔥 ,,,,,,,,3,7,2011,1
2011-03-21,高雄市,SE6 青蔥 粉蔥 ,,,,,,,,3,1,2011,1
2011-03-22,高雄市,SE6 青蔥 粉蔥 ,,,,,,,,3,2,2011,1
2011-03-23,高雄市,SE6 青蔥 粉蔥 ,,,,,,,,3,3,2011,1
2011-03-24,高雄市,SE6 青蔥 粉蔥 ,,,,,,,,3,4,2011,1
2011-03-25,高雄市,SE6 青蔥 粉蔥 ,,,,,,,,3,5,2011,1
2011-03-26,高雄市,SE6 青蔥 粉蔥 ,,,,,,,,3,6,2011,1
2011-03-27,高雄市,SE6 青蔥 粉蔥 ,,,,,,,,3,7,2011,1
2011-03-28,高雄市,SE6 青蔥 粉蔥 ,,,,,,,,3,1,2011,1
2011-03-29,高雄市,SE6 青蔥 粉蔥 ,,,,,,,,3,2,2011,1
2011-03-30,高雄市,SE6 青蔥 粉蔥 ,,,,,,,,3,3,2011,1
2011-03-31,高雄市,SE6 青蔥 粉蔥 ,,,,,,,,3,4,2011,1
2011-04-01,高雄市,SE6 青蔥 粉蔥 ,,,,,,,,4,5,2011,1
2011-04-02,高雄市,SE6 青蔥 粉蔥 ,,,,,,,,4,6,2011,1
2011-04-03,高雄市,SE6 青蔥 粉蔥 ,,,,,,,,4,7,2011,1
2011-04-04,高雄市,SE6 青蔥 粉蔥 ,,,,,,,,4,1,2011,1
2011-04-05,高雄市,SE6 青蔥 粉蔥 ,,,,,,,,4,2,2011,1
2011-04-06,高雄市,SE6 青蔥 粉蔥 ,,,,,,,,4,3,2011,1
2011-04-07,高雄市,SE6 青蔥 粉蔥 ,,,,,,,,4,4,2011,1
2011-04-08,高雄市,SE6 青蔥 粉蔥 ,,,,,,,,4,5,2011,1
2011-04-09,高雄市,SE6 青蔥 粉蔥 ,,,,,,,,4,6,2011,1
2011-04-10,高雄市,SE6 青蔥 粉蔥 ,,,,,,,,4,7,2011,1
2011-04-11,高雄市,SE6 青蔥 粉蔥 ,,,,,,,,4,1,2011,1
2011-04-12,高雄市,SE6 青蔥 粉蔥 ,,,,,,,,4,2,2011,1
2011-04-13,高雄市,SE6 青蔥 粉蔥 ,,,,,,,,4,3,2011,1
2011-04-14,高雄市,SE6 青蔥 粉蔥 ,,,,,,,,4,4,2011,1
2011-04-15,高雄市,SE6 青蔥 粉蔥 ,,,,,,,,4,5,2011,1
2011-04-16,高雄市,SE6 青蔥 粉蔥 ,,,,,,,,4,6,2011,1
2011-04-17,高雄市,SE6 青蔥 粉蔥 ,,,,,,,,4,7,2011,1
2011-04-18,高雄市,SE6 青蔥 粉蔥 ,,,,,,,,4,1,2011,1
2011-04-19,高雄市,SE6 青蔥 粉蔥 ,,,,,,,,4,2,2011,1
2011-04-20,高雄市,SE6 青蔥 粉蔥 ,,,,,,,,4,3,2011,1
2011-04-21,高雄市,SE6 青蔥 粉蔥 ,,,,,,,,4,4,2011,1
2011-04-22,高雄市,SE6 青蔥 粉蔥 ,,,,,,,,4,5,2011,1
2011-04-23,高雄市,SE6 青蔥 粉蔥 ,,,,,,,,4,6,2011,1
2011-04-24,高雄市,SE6 青蔥 粉蔥 ,,,,,,,,4,7,2011,1
2011-04-25,高雄市,SE6 青蔥 粉蔥 ,,,,,,,,4,1,2011,1
2011-04-26,高雄市,SE6 青蔥 粉蔥 ,,,,,,,,4,2,2011,1
2011-04-27,高雄市,SE6 青蔥 粉蔥 ,,,,,,,,4,3,2011,1
2011-04-28,高雄市,SE6 青蔥 粉蔥 ,,,,,,,,4,4,2011,1
2011-04-29,高雄市,SE6 青蔥 粉蔥 ,,,,,,,,4,5,2011,1
2011-04-30,高雄市,SE6 青蔥 粉蔥 ,,,,,,,,4,6,2011,1
2011-05-01,高雄市,SE6 青蔥 粉蔥 ,,,,,,,,5,7,2011,1
2011-05-02,高雄市,SE6 青蔥 粉蔥 ,,,,,,,,5,1,2011,1
2011-05-03,高雄市,SE6 青蔥 粉蔥 ,,,,,,,,5,2,2011,1
2011-05-04,高雄市,SE6 青蔥 粉蔥 ,,,,,,,,5,3,2011,1
2011-05-05,高雄市,SE6 青蔥 粉蔥 ,,,,,,,,5,4,2011,1
2011-05-06,高雄市,SE6 青蔥 粉蔥 ,,,,,,,,5,5,2011,1
2011-05-07,高雄市,SE6 青蔥 粉蔥 ,,,,,,,,5,6,2011,1
2011-05-08,高雄市,SE6 青蔥 粉蔥 ,,,,,,,,5,7,2011,1
2011-05-09,高雄市,SE6 青蔥 粉蔥 ,,,,,,,,5,1,2011,1
2011-05-10,高雄市,SE6 青蔥 粉蔥 ,,,,,,,,5,2,2011,1
2011-05-11,高雄市,SE6 青蔥 粉蔥 ,,,,,,,,5,3,2011,1
2011-05-12,高雄市,SE6 青蔥 粉蔥 ,,,,,,,,5,4,2011,1
2011-05-13,高雄市,SE6 青蔥 粉蔥 ,,,,,,,,5,5,2011,1
2011-05-14,高雄市,SE6 青蔥 粉蔥 ,,,,,,,,5,6,2011,1
2011-05-15,高雄市,SE6 青蔥 粉蔥 ,,,,,,,,5,7,2011,1
2011-05-16,高雄市,SE6 青蔥 粉蔥 ,,,,,,,,5,1,2011,1
2011-05-17,高雄市,SE6 青蔥 粉蔥 ,,,,,,,,5,2,2011,1
2011-05-18,高雄市,SE6 青蔥 粉蔥 ,,,,,,,,5,3,2011,1
2011-05-19,高雄市,SE6 青蔥 粉蔥 ,,,,,,,,5,4,2011,1
2011-05-20,高雄市,SE6 青蔥 粉蔥 ,,,,,,,,5,5,2011,1
2011-05-21,高雄市,SE6 青蔥 粉蔥 ,,,,,,,,5,6,2011,1
2011-05-22,高雄市,SE6 青蔥 粉蔥 ,,,,,,,,5,7,2011,1
2011-05-23,高雄市,SE6 青蔥 粉蔥 ,,,,,,,,5,1,2011,1
2011-05-24,高雄市,SE6 青蔥 粉蔥 ,,,,,,,,5,2,2011,1
2011-05-25,高雄市,SE6 青蔥 粉蔥 ,,,,,,,,5,3,2011,1
2011-05-26,高雄市,SE6 青蔥 粉蔥 ,,,,,,,,5,4,2011,1
2011-05-27,高雄市,SE6 青蔥 粉蔥 ,,,,,,,,5,5,2011,1
2011-05-28,高雄市,SE6 青蔥 粉蔥 ,,,,,,,,5,6,2011,1
2011-05-29,高雄市,SE6 青蔥 粉蔥 ,,,,,,,,5,7,2011,1
2011-05-30,高雄市,SE6 青蔥 粉蔥 ,,,,,,,,5,1,2011,1
2011-05-31,高雄市,SE6 青蔥 粉蔥 ,,,,,,,,5,2,2011,1
2011-06-01,高雄市,SE6 青蔥 粉蔥 ,,,,,,,,6,3,2011,1
2011-06-02,高雄市,SE6 青蔥 粉蔥 ,,,,,,,,6,4,2011,1
2011-06-03,高雄市,SE6 青蔥 粉蔥 ,,,,,,,,6,5,2011,1
2011-06-04,高雄市,SE6 青蔥 粉蔥 ,,,,,,,,6,6,2011,1
2011-06-05,高雄市,SE6 青蔥 粉蔥 ,,,,,,,,6,7,2011,1
2011-06-06,高雄市,SE6 青蔥 粉蔥 ,,,,,,,,6,1,2011,1
2011-06-07,高雄市,SE6 青蔥 粉蔥 ,,,,,,,,6,2,2011,1
2011-06-08,高雄市,SE6 青蔥 粉蔥 ,,,,,,,,6,3,2011,1
2011-06-09,高雄市,SE6 青蔥 粉蔥 ,,,,,,,,6,4,2011,1
2011-06-10,高雄市,SE6 青蔥 粉蔥 ,,,,,,,,6,5,2011,1
2011-06-11,高雄市,SE6 青蔥 粉蔥 ,,,,,,,,6,6,2011,1
2011-06-12,高雄市,SE6 青蔥 粉蔥 ,,,,,,,,6,7,2011,1
2011-06-13,高雄市,SE6 青蔥 粉蔥 ,,,,,,,,6,1,2011,1
2011-06-14,高雄市,SE6 青蔥 粉蔥 ,,,,,,,,6,2,2011,1
2011-06-15,高雄市,SE6 青蔥 粉蔥 ,,,,,,,,6,3,2011,1
2011-06-16,高雄市,SE6 青蔥 粉蔥 ,,,,,,,,6,4,2011,1
2011-06-17,高雄市,SE6 青蔥 粉蔥 ,,,,,,,,6,5,2011,1
2011-06-18,高雄市,SE6 青蔥 粉蔥 ,,,,,,,,6,6,2011,1
2011-06-19,高雄市,SE6 青蔥 粉蔥 ,,,,,,,,6,7,2011,1
2011-06-20,高雄市,SE6 青蔥 粉蔥 ,,,,,,,,6,1,2011,1
2011-06-21,高雄市,SE6 青蔥 粉蔥 ,,,,,,,,6,2,2011,1
2011-06-22,高雄市,SE6 青蔥 粉蔥 ,,,,,,,,6,3,2011,1
2011-06-23,高雄市,SE6 青蔥 粉蔥 ,,,,,,,,6,4,2011,1
2011-06-24,高雄市,SE6 青蔥 粉蔥 ,,,,,,,,6,5,2011,1
2011-06-25,高雄市,SE6 青蔥 粉蔥 ,,,,,,,,6,6,2011,1
2011-06-26,高雄市,SE6 青蔥 粉蔥 ,,,,,,,,6,7,2011,1
2011-06-27,高雄市,SE6 青蔥 粉蔥 ,,,,,,,,6,1,2011,1
2011-06-28,高雄市,SE6 青蔥 粉蔥 ,,,,,,,,6,2,2011,1
2011-06-29,高雄市,SE6 青蔥 粉蔥 ,,,,,,,,6,3,2011,1
2011-06-30,高雄市,SE6 青蔥 粉蔥 ,,,,,,,,6,4,2011,1
2011-07-01,高雄市,SE6 青蔥 粉蔥 ,,,,,,,,7,5,2011,1
2011-07-02,高雄市,SE6 青蔥 粉蔥 ,,,,,,,,7,6,2011,1
2011-07-03,高雄市,SE6 青蔥 粉蔥 ,,,,,,,,7,7,2011,1
2011-07-04,高雄市,SE6 青蔥 粉蔥 ,,,,,,,,7,1,2011,1
2011-07-05,高雄市,SE6 青蔥 粉蔥 ,,,,,,,,7,2,2011,1
2011-07-06,高雄市,SE6 青蔥 粉蔥 ,,,,,,,,7,3,2011,1
2011-07-07,高雄市,SE6 青蔥 粉蔥 ,,,,,,,,7,4,2011,1
2011-07-08,高雄市,SE6 青蔥 粉蔥 ,,,,,,,,7,5,2011,1
2011-07-09,高雄市,SE6 青蔥 粉蔥 ,,,,,,,,7,6,2011,1
2011-07-10,高雄市,SE6 青蔥 粉蔥 ,,,,,,,,7,7,2011,1
2011-07-11,高雄市,SE6 青蔥 粉蔥 ,,,,,,,,7,1,2011,1
2011-07-12,高雄市,SE6 青蔥 粉蔥 ,,,,,,,,7,2,2011,1
2011-07-13,高雄市,SE6 青蔥 粉蔥 ,,,,,,,,7,3,2011,1
2011-07-14,高雄市,SE6 青蔥 粉蔥 ,,,,,,,,7,4,2011,1
2011-07-15,高雄市,SE6 青蔥 粉蔥 ,,,,,,,,7,5,2011,1
2011-07-16,高雄市,SE6 青蔥 粉蔥 ,,,,,,,,7,6,2011,1
2011-07-17,高雄市,SE6 青蔥 粉蔥 ,,,,,,,,7,7,2011,1
2011-07-18,高雄市,SE6 青蔥 粉蔥 ,,,,,,,,7,1,2011,1
2011-07-19,高雄市,SE6 青蔥 粉蔥 ,,,,,,,,7,2,2011,1
2011-07-20,高雄市,SE6 青蔥 粉蔥 ,,,,,,,,7,3,2011,1
2011-07-21,高雄市,SE6 青蔥 粉蔥 ,,,,,,,,7,4,2011,1
2011-07-22,高雄市,SE6 青蔥 粉蔥 ,,,,,,,,7,5,2011,1
2011-07-23,高雄市,SE6 青蔥 粉蔥 ,,,,,,,,7,6,2011,1
2011-07-24,高雄市,SE6 青蔥 粉蔥 ,,,,,,,,7,7,2011,1
2011-07-25,高雄市,SE6 青蔥 粉蔥 ,,,,,,,,7,1,2011,1
2011-07-26,高雄市,SE6 青蔥 粉蔥 ,,,,,,,,7,2,2011,1
2011-07-27,高雄市,SE6 青蔥 粉蔥 ,,,,,,,,7,3,2011,1
2011-07-28,高雄市,SE6 青蔥 粉蔥 ,,,,,,,,7,4,2011,1
2011-07-29,高雄市,SE6 青蔥 粉蔥 ,,,,,,,,7,5,2011,1
2011-07-30,高雄市,SE6 青蔥 粉蔥 ,,,,,,,,7,6,2011,1
2011-07-31,高雄市,SE6 青蔥 粉蔥 ,,,,,,,,7,7,2011,1
2011-08-01,高雄市,SE6 青蔥 粉蔥 ,,,,,,,,8,1,2011,1
2011-08-02,高雄市,SE6 青蔥 粉蔥 ,,,,,,,,8,2,2011,1
2011-08-03,高雄市,SE6 青蔥 粉蔥 ,,,,,,,,8,3,2011,1
2011-08-04,高雄市,SE6 青蔥 粉蔥 ,,,,,,,,8,4,2011,1
2011-08-05,高雄市,SE6 青蔥 粉蔥 ,,,,,,,,8,5,2011,1
2011-08-06,高雄市,SE6 青蔥 粉蔥 ,,,,,,,,8,6,2011,1
2011-08-07,高雄市,SE6 青蔥 粉蔥 ,,,,,,,,8,7,2011,1
2011-08-08,高雄市,SE6 青蔥 粉蔥 ,,,,,,,,8,1,2011,1
2011-08-09,高雄市,SE6 青蔥 粉蔥 ,,,,,,,,8,2,2011,1
2011-08-10,高雄市,SE6 青蔥 粉蔥 ,,,,,,,,8,3,2011,1
2011-08-11,高雄市,SE6 青蔥 粉蔥 ,,,,,,,,8,4,2011,1
2011-08-12,高雄市,SE6 青蔥 粉蔥 ,,,,,,,,8,5,2011,1
2011-08-13,高雄市,SE6 青蔥 粉蔥 ,,,,,,,,8,6,2011,1
2011-08-14,高雄市,SE6 青蔥 粉蔥 ,,,,,,,,8,7,2011,1
2011-08-15,高雄市,SE6 青蔥 粉蔥 ,,,,,,,,8,1,2011,1
2011-08-16,高雄市,SE6 青蔥 粉蔥 ,,,,,,,,8,2,2011,1
2011-08-17,高雄市,SE6 青蔥 粉蔥 ,,,,,,,,8,3,2011,1
2011-08-18,高雄市,SE6 青蔥 粉蔥 ,,,,,,,,8,4,2011,1
2011-08-19,高雄市,SE6 青蔥 粉蔥 ,,,,,,,,8,5,2011,1
2011-08-20,高雄市,SE6 青蔥 粉蔥 ,,,,,,,,8,6,2011,1
2011-08-21,高雄市,SE6 青蔥 粉蔥 ,,,,,,,,8,7,2011,1
2011-08-22,高雄市,SE6 青蔥 粉蔥 ,,,,,,,,8,1,2011,1
2011-08-23,高雄市,SE6 青蔥 粉蔥 ,,,,,,,,8,2,2011,1
2011-08-24,高雄市,SE6 青蔥 粉蔥 ,,,,,,,,8,3,2011,1
2011-08-25,高雄市,SE6 青蔥 粉蔥 ,,,,,,,,8,4,2011,1
2011-08-26,高雄市,SE6 青蔥 粉蔥 ,,,,,,,,8,5,2011,1
2011-08-27,高雄市,SE6 青蔥 粉蔥 ,,,,,,,,8,6,2011,1
2011-08-28,高雄市,SE6 青蔥 粉蔥 ,,,,,,,,8,7,2011,1
2011-08-29,高雄市,SE6 青蔥 粉蔥 ,,,,,,,,8,1,2011,1
2011-08-30,高雄市,SE6 青蔥 粉蔥 ,,,,,,,,8,2,2011,1
2011-08-31,高雄市,SE6 青蔥 粉蔥 ,,,,,,,,8,3,2011,1
2011-09-01,高雄市,SE6 青蔥 粉蔥 ,,,,,,,,9,4,2011,1
2011-09-02,高雄市,SE6 青蔥 粉蔥 ,,,,,,,,9,5,2011,1
2011-09-03,高雄市,SE6 青蔥 粉蔥 ,,,,,,,,9,6,2011,1
2011-09-04,高雄市,SE6 青蔥 粉蔥 ,,,,,,,,9,7,2011,1
2011-09-05,高雄市,SE6 青蔥 粉蔥 ,,,,,,,,9,1,2011,1
2011-09-06,高雄市,SE6 青蔥 粉蔥 ,,,,,,,,9,2,2011,1
2011-09-07,高雄市,SE6 青蔥 粉蔥 ,,,,,,,,9,3,2011,1
2011-09-08,高雄市,SE6 青蔥 粉蔥 ,,,,,,,,9,4,2011,1
2011-09-09,高雄市,SE6 青蔥 粉蔥 ,,,,,,,,9,5,2011,1
2011-09-10,高雄市,SE6 青蔥 粉蔥 ,,,,,,,,9,6,2011,1
2011-09-11,高雄市,SE6 青蔥 粉蔥 ,,,,,,,,9,7,2011,1
2011-09-12,高雄市,SE6 青蔥 粉蔥 ,,,,,,,,9,1,2011,1
2011-09-13,高雄市,SE6 青蔥 粉蔥 ,,,,,,,,9,2,2011,1
2011-09-14,高雄市,SE6 青蔥 粉蔥 ,,,,,,,,9,3,2011,1
2011-09-15,高雄市,SE6 青蔥 粉蔥 ,,,,,,,,9,4,2011,1
2011-09-16,高雄市,SE6 青蔥 粉蔥 ,,,,,,,,9,5,2011,1
2011-09-17,高雄市,SE6 青蔥 粉蔥 ,,,,,,,,9,6,2011,1
2011-09-18,高雄市,SE6 青蔥 粉蔥 ,,,,,,,,9,7,2011,1
2011-09-19,高雄市,SE6 青蔥 粉蔥 ,,,,,,,,9,1,2011,1
2011-09-20,高雄市,SE6 青蔥 粉蔥 ,,,,,,,,9,2,2011,1
2011-09-21,高雄市,SE6 青蔥 粉蔥 ,,,,,,,,9,3,2011,1
2011-09-22,高雄市,SE6 青蔥 粉蔥 ,,,,,,,,9,4,2011,1
2011-09-23,高雄市,SE6 青蔥 粉蔥 ,,,,,,,,9,5,2011,1
2011-09-24,高雄市,SE6 青蔥 粉蔥 ,20.0,20.0,20.0,20.0,33.33,105.0,600.0,9,6,2011,0
2011-09-25,高雄市,SE6 青蔥 粉蔥 ,,,,,,,,9,7,2011,1
2011-09-26,高雄市,SE6 青蔥 粉蔥 ,,,,,,,,9,1,2011,1
2011-09-27,高雄市,SE6 青蔥 粉蔥 ,,,,,,,,9,2,2011,1
2011-09-28,高雄市,SE6 青蔥 粉蔥 ,,,,,,,,9,3,2011,1
2011-09-29,高雄市,SE6 青蔥 粉蔥 ,,,,,,,,9,4,2011,1
2011-09-30,高雄市,SE6 青蔥 粉蔥 ,,,,,,,,9,5,2011,1
2011-10-01,高雄市,SE6 青蔥 粉蔥 ,,,,,,,,10,6,2011,1
2011-10-02,高雄市,SE6 青蔥 粉蔥 ,,,,,,,,10,7,2011,1
2011-10-03,高雄市,SE6 青蔥 粉蔥 ,,,,,,,,10,1,2011,1
2011-10-04,高雄市,SE6 青蔥 粉蔥 ,22.0,22.0,22.0,22.0,10.0,42.0,-60.0,10,2,2011,0
2011-10-05,高雄市,SE6 青蔥 粉蔥 ,,,,,,,,10,3,2011,1
2011-10-06,高雄市,SE6 青蔥 粉蔥 ,,,,,,,,10,4,2011,1
2011-10-07,高雄市,SE6 青蔥 粉蔥 ,,,,,,,,10,5,2011,1
2011-10-08,高雄市,SE6 青蔥 粉蔥 ,,,,,,,,10,6,2011,1
2011-10-09,高雄市,SE6 青蔥 粉蔥 ,,,,,,,,10,7,2011,1
2011-10-10,高雄市,SE6 青蔥 粉蔥 ,,,,,,,,10,1,2011,1
2011-10-11,高雄市,SE6 青蔥 粉蔥 ,,,,,,,,10,2,2011,1
2011-10-12,高雄市,SE6 青蔥 粉蔥 ,,,,,,,,10,3,2011,1
2011-10-13,高雄市,SE6 青蔥 粉蔥 ,15.0,15.0,15.0,15.0,-31.82,42.0,0.0,10,4,2011,0
2011-10-14,高雄市,SE6 青蔥 粉蔥 ,,,,,,,,10,5,2011,1
2011-10-15,高雄市,SE6 青蔥 粉蔥 ,,,,,,,,10,6,2011,1
2011-10-16,高雄市,SE6 青蔥 粉蔥 ,,,,,,,,10,7,2011,1
2011-10-17,高雄市,SE6 青蔥 粉蔥 ,,,,,,,,10,1,2011,1
2011-10-18,高雄市,SE6 青蔥 粉蔥 ,,,,,,,,10,2,2011,1
2011-10-19,高雄市,SE6 青蔥 粉蔥 ,,,,,,,,10,3,2011,1
2011-10-20,高雄市,SE6 青蔥 粉蔥 ,,,,,,,,10,4,2011,1
2011-10-21,高雄市,SE6 青蔥 粉蔥 ,,,,,,,,10,5,2011,1
2011-10-22,高雄市,SE6 青蔥 粉蔥 ,,,,,,,,10,6,2011,1
2011-10-23,高雄市,SE6 青蔥 粉蔥 ,,,,,,,,10,7,2011,1
2011-10-24,高雄市,SE6 青蔥 粉蔥 ,,,,,,,,10,1,2011,1
2011-10-25,高雄市,SE6 青蔥 粉蔥 ,,,,,,,,10,2,2011,1
2011-10-26,高雄市,SE6 青蔥 粉蔥 ,,,,,,,,10,3,2011,1
2011-10-27,高雄市,SE6 青蔥 粉蔥 ,,,,,,,,10,4,2011,1
2011-10-28,高雄市,SE6 青蔥 粉蔥 ,,,,,,,,10,5,2011,1
2011-10-29,高雄市,SE6 青蔥 粉蔥 ,,,,,,,,10,6,2011,1
2011-10-30,高雄市,SE6 青蔥 粉蔥 ,,,,,,,,10,7,2011,1
2011-10-31,高雄市,SE6 青蔥 粉蔥 ,,,,,,,,10,1,2011,1
2011-11-01,高雄市,SE6 青蔥 粉蔥 ,,,,,,,,11,2,2011,1
2011-11-02,高雄市,SE6 青蔥 粉蔥 ,,,,,,,,11,3,2011,1
2011-11-03,高雄市,SE6 青蔥 粉蔥 ,,,,,,,,11,4,2011,1
2011-11-04,高雄市,SE6 青蔥 粉蔥 ,,,,,,,,11,5,2011,1
2011-11-05,高雄市,SE6 青蔥 粉蔥 ,,,,,,,,11,6,2011,1
2011-11-06,高雄市,SE6 青蔥 粉蔥 ,,,,,,,,11,7,2011,1
2011-11-07,高雄市,SE6 青蔥 粉蔥 ,,,,,,,,11,1,2011,1
2011-11-08,高雄市,SE6 青蔥 粉蔥 ,,,,,,,,11,2,2011,1
2011-11-09,高雄市,SE6 青蔥 粉蔥 ,,,,,,,,11,3,2011,1
2011-11-10,高雄市,SE6 青蔥 粉蔥 ,,,,,,,,11,4,2011,1
2011-11-11,高雄市,SE6 青蔥 粉蔥 ,,,,,,,,11,5,2011,1
2011-11-12,高雄市,SE6 青蔥 粉蔥 ,,,,,,,,11,6,2011,1
2011-11-13,高雄市,SE6 青蔥 粉蔥 ,,,,,,,,11,7,2011,1
2011-11-14,高雄市,SE6 青蔥 粉蔥 ,,,,,,,,11,1,2011,1
2011-11-15,高雄市,SE6 青蔥 粉蔥 ,,,,,,,,11,2,2011,1
2011-11-16,高雄市,SE6 青蔥 粉蔥 ,,,,,,,,11,3,2011,1
2011-11-17,高雄市,SE6 青蔥 粉蔥 ,,,,,,,,11,4,2011,1
2011-11-18,高雄市,SE6 青蔥 粉蔥 ,,,,,,,,11,5,2011,1
2011-11-19,高雄市,SE6 青蔥 粉蔥 ,,,,,,,,11,6,2011,1
2011-11-20,高雄市,SE6 青蔥 粉蔥 ,,,,,,,,11,7,2011,1
2011-11-21,高雄市,SE6 青蔥 粉蔥 ,,,,,,,,11,1,2011,1
2011-11-22,高雄市,SE6 青蔥 粉蔥 ,,,,,,,,11,2,2011,1
2011-11-23,高雄市,SE6 青蔥 粉蔥 ,,,,,,,,11,3,2011,1
2011-11-24,高雄市,SE6 青蔥 粉蔥 ,,,,,,,,11,4,2011,1
2011-11-25,高雄市,SE6 青蔥 粉蔥 ,,,,,,,,11,5,2011,1
2011-11-26,高雄市,SE6 青蔥 粉蔥 ,,,,,,,,11,6,2011,1
2011-11-27,高雄市,SE6 青蔥 粉蔥 ,,,,,,,,11,7,2011,1
2011-11-28,高雄市,SE6 青蔥 粉蔥 ,,,,,,,,11,1,2011,1
2011-11-29,高雄市,SE6 青蔥 粉蔥 ,,,,,,,,11,2,2011,1
2011-11-30,高雄市,SE6 青蔥 粉蔥 ,,,,,,,,11,3,2011,1
2011-12-01,高雄市,SE6 青蔥 粉蔥 ,,,,,,,,12,4,2011,1
2011-12-02,高雄市,SE6 青蔥 粉蔥 ,,,,,,,,12,5,2011,1
2011-12-03,高雄市,SE6 青蔥 粉蔥 ,,,,,,,,12,6,2011,1
2011-12-04,高雄市,SE6 青蔥 粉蔥 ,,,,,,,,12,7,2011,1
2011-12-05,高雄市,SE6 青蔥 粉蔥 ,,,,,,,,12,1,2011,1
2011-12-06,高雄市,SE6 青蔥 粉蔥 ,,,,,,,,12,2,2011,1
2011-12-07,高雄市,SE6 青蔥 粉蔥 ,,,,,,,,12,3,2011,1
2011-12-08,高雄市,SE6 青蔥 粉蔥 ,,,,,,,,12,4,2011,1
2011-12-09,高雄市,SE6 青蔥 粉蔥 ,,,,,,,,12,5,2011,1
2011-12-10,高雄市,SE6 青蔥 粉蔥 ,31.0,31.0,31.0,31.0,106.67,20.0,-52.38,12,6,2011,0
2011-12-11,高雄市,SE6 青蔥 粉蔥 ,,,,,,,,12,7,2011,1
2011-12-12,高雄市,SE6 青蔥 粉蔥 ,,,,,,,,12,1,2011,1
2011-12-13,高雄市,SE6 青蔥 粉蔥 ,,,,,,,,12,2,2011,1
2011-12-14,高雄市,SE6 青蔥 粉蔥 ,,,,,,,,12,3,2011,1
2011-12-15,高雄市,SE6 青蔥 粉蔥 ,,,,,,,,12,4,2011,1
2011-12-16,高雄市,SE6 青蔥 粉蔥 ,,,,,,,,12,5,2011,1
2011-12-17,高雄市,SE6 青蔥 粉蔥 ,,,,,,,,12,6,2011,1
2011-12-18,高雄市,SE6 青蔥 粉蔥 ,,,,,,,,12,7,2011,1
2011-12-19,高雄市,SE6 青蔥 粉蔥 ,,,,,,,,12,1,2011,1
2011-12-20,高雄市,SE6 青蔥 粉蔥 ,,,,,,,,12,2,2011,1
2011-12-21,高雄市,SE6 青蔥 粉蔥 ,,,,,,,,12,3,2011,1
2011-12-22,高雄市,SE6 青蔥 粉蔥 ,,,,,,,,12,4,2011,1
2011-12-23,高雄市,SE6 青蔥 粉蔥 ,,,,,,,,12,5,2011,1
2011-12-24,高雄市,SE6 青蔥 粉蔥 ,,,,,,,,12,6,2011,1
2011-12-25,高雄市,SE6 青蔥 粉蔥 ,,,,,,,,12,7,2011,1
2011-12-26,高雄市,SE6 青蔥 粉蔥 ,,,,,,,,12,1,2011,1
2011-12-27,高雄市,SE6 青蔥 粉蔥 ,,,,,,,,12,2,2011,1
2011-12-28,高雄市,SE6 青蔥 粉蔥 ,,,,,,,,12,3,2011,1
2011-12-29,高雄市,SE6 青蔥 粉蔥 ,,,,,,,,12,4,2011,1
2011-12-30,高雄市,SE6 青蔥 粉蔥 ,,,,,,,,12,5,2011,1
2011-12-31,高雄市,SE6 青蔥 粉蔥 ,,,,,,,,12,6,2011,1
2012-01-01,高雄市,SE6 青蔥 粉蔥 ,,,,,,,,1,7,2012,1
2012-01-02,高雄市,SE6 青蔥 粉蔥 ,,,,,,,,1,1,2012,1
2012-01-03,高雄市,SE6 青蔥 粉蔥 ,,,,,,,,1,2,2012,1
2012-01-04,高雄市,SE6 青蔥 粉蔥 ,20.0,20.0,20.0,20.0,-35.48,72.0,260.0,1,3,2012,0
2012-01-05,高雄市,SE6 青蔥 粉蔥 ,,,,,,,,1,4,2012,1
2012-01-06,高雄市,SE6 青蔥 粉蔥 ,28.0,28.0,28.0,28.0,40.0,72.0,0.0,1,5,2012,0
2012-01-07,高雄市,SE6 青蔥 粉蔥 ,,,,,,,,1,6,2012,1
2012-01-08,高雄市,SE6 青蔥 粉蔥 ,,,,,,,,1,7,2012,1
2012-01-09,高雄市,SE6 青蔥 粉蔥 ,,,,,,,,1,1,2012,1
2012-01-10,高雄市,SE6 青蔥 粉蔥 ,,,,,,,,1,2,2012,1
2012-01-11,高雄市,SE6 青蔥 粉蔥 ,,,,,,,,1,3,2012,1
2012-01-12,高雄市,SE6 青蔥 粉蔥 ,,,,,,,,1,4,2012,1
2012-01-13,高雄市,SE6 青蔥 粉蔥 ,,,,,,,,1,5,2012,1
2012-01-14,高雄市,SE6 青蔥 粉蔥 ,,,,,,,,1,6,2012,1
2012-01-15,高雄市,SE6 青蔥 粉蔥 ,,,,,,,,1,7,2012,1
2012-01-16,高雄市,SE6 青蔥 粉蔥 ,,,,,,,,1,1,2012,1
2012-01-17,高雄市,SE6 青蔥 粉蔥 ,,,,,,,,1,2,2012,1
2012-01-18,高雄市,SE6 青蔥 粉蔥 ,,,,,,,,1,3,2012,1
2012-01-19,高雄市,SE6 青蔥 粉蔥 ,,,,,,,,1,4,2012,1
2012-01-20,高雄市,SE6 青蔥 粉蔥 ,,,,,,,,1,5,2012,1
2012-01-21,高雄市,SE6 青蔥 粉蔥 ,,,,,,,,1,6,2012,1
2012-01-22,高雄市,SE6 青蔥 粉蔥 ,,,,,,,,1,7,2012,1
2012-01-23,高雄市,SE6 青蔥 粉蔥 ,,,,,,,,1,1,2012,1
2012-01-24,高雄市,SE6 青蔥 粉蔥 ,,,,,,,,1,2,2012,1
2012-01-25,高雄市,SE6 青蔥 粉蔥 ,,,,,,,,1,3,2012,1
2012-01-26,高雄市,SE6 青蔥 粉蔥 ,,,,,,,,1,4,2012,1
2012-01-27,高雄市,SE6 青蔥 粉蔥 ,,,,,,,,1,5,2012,1
2012-01-28,高雄市,SE6 青蔥 粉蔥 ,,,,,,,,1,6,2012,1
2012-01-29,高雄市,SE6 青蔥 粉蔥 ,,,,,,,,1,7,2012,1
2012-01-30,高雄市,SE6 青蔥 粉蔥 ,,,,,,,,1,1,2012,1
2012-01-31,高雄市,SE6 青蔥 粉蔥 ,26.0,25.2,25.0,25.3,-9.64,183.0,154.17,1,2,2012,0
2012-02-01,高雄市,SE6 青蔥 粉蔥 ,,,,,,,,2,3,2012,1
2012-02-02,高雄市,SE6 青蔥 粉蔥 ,,,,,,,,2,4,2012,1
2012-02-03,高雄市,SE6 青蔥 粉蔥 ,,,,,,,,2,5,2012,1
2012-02-04,高雄市,SE6 青蔥 粉蔥 ,,,,,,,,2,6,2012,1
2012-02-05,高雄市,SE6 青蔥 粉蔥 ,,,,,,,,2,7,2012,1
2012-02-06,高雄市,SE6 青蔥 粉蔥 ,,,,,,,,2,1,2012,1
2012-02-07,高雄市,SE6 青蔥 粉蔥 ,,,,,,,,2,2,2012,1
2012-02-08,高雄市,SE6 青蔥 粉蔥 ,,,,,,,,2,3,2012,1
2012-02-09,高雄市,SE6 青蔥 粉蔥 ,,,,,,,,2,4,2012,1
2012-02-10,高雄市,SE6 青蔥 粉蔥 ,,,,,,,,2,5,2012,1
2012-02-11,高雄市,SE6 青蔥 粉蔥 ,,,,,,,,2,6,2012,1
2012-02-12,高雄市,SE6 青蔥 粉蔥 ,,,,,,,,2,7,2012,1
2012-02-13,高雄市,SE6 青蔥 粉蔥 ,,,,,,,,2,1,2012,1
2012-02-14,高雄市,SE6 青蔥 粉蔥 ,,,,,,,,2,2,2012,1
2012-02-15,高雄市,SE6 青蔥 粉蔥 ,15.0,15.0,15.0,15.0,-40.71,40.0,-78.14,2,3,2012,0
2012-02-16,高雄市,SE6 青蔥 粉蔥 ,,,,,,,,2,4,2012,1
2012-02-17,高雄市,SE6 青蔥 粉蔥 ,,,,,,,,2,5,2012,1
2012-02-18,高雄市,SE6 青蔥 粉蔥 ,,,,,,,,2,6,2012,1
2012-02-19,高雄市,SE6 青蔥 粉蔥 ,,,,,,,,2,7,2012,1
2012-02-20,高雄市,SE6 青蔥 粉蔥 ,,,,,,,,2,1,2012,1
2012-02-21,高雄市,SE6 青蔥 粉蔥 ,,,,,,,,2,2,2012,1
2012-02-22,高雄市,SE6 青蔥 粉蔥 ,,,,,,,,2,3,2012,1
2012-02-23,高雄市,SE6 青蔥 粉蔥 ,,,,,,,,2,4,2012,1
2012-02-24,高雄市,SE6 青蔥 粉蔥 ,,,,,,,,2,5,2012,1
2012-02-25,高雄市,SE6 青蔥 粉蔥 ,,,,,,,,2,6,2012,1
2012-02-26,高雄市,SE6 青蔥 粉蔥 ,,,,,,,,2,7,2012,1
2012-02-27,高雄市,SE6 青蔥 粉蔥 ,,,,,,,,2,1,2012,1
2012-02-28,高雄市,SE6 青蔥 粉蔥 ,,,,,,,,2,2,2012,1
2012-02-29,高雄市,SE6 青蔥 粉蔥 ,,,,,,,,2,3,2012,1
2012-03-01,高雄市,SE6 青蔥 粉蔥 ,,,,,,,,3,4,2012,1
2012-03-02,高雄市,SE6 青蔥 粉蔥 ,,,,,,,,3,5,2012,1
2012-03-03,高雄市,SE6 青蔥 粉蔥 ,37.0,37.0,37.0,37.0,146.67,120.0,200.0,3,6,2012,0
2012-03-04,高雄市,SE6 青蔥 粉蔥 ,,,,,,,,3,7,2012,1
2012-03-05,高雄市,SE6 青蔥 粉蔥 ,,,,,,,,3,1,2012,1
2012-03-06,高雄市,SE6 青蔥 粉蔥 ,,,,,,,,3,2,2012,1
2012-03-07,高雄市,SE6 青蔥 粉蔥 ,,,,,,,,3,3,2012,1
2012-03-08,高雄市,SE6 青蔥 粉蔥 ,40.0,40.0,40.0,40.0,8.11,60.0,-50.0,3,4,2012,0
2012-03-09,高雄市,SE6 青蔥 粉蔥 ,25.0,25.0,25.0,25.0,-37.5,60.0,0.0,3,5,2012,0
2012-03-10,高雄市,SE6 青蔥 粉蔥 ,29.0,29.0,29.0,29.0,16.0,60.0,0.0,3,6,2012,0
2012-03-11,高雄市,SE6 青蔥 粉蔥 ,,,,,,,,3,7,2012,1
2012-03-12,高雄市,SE6 青蔥 粉蔥 ,,,,,,,,3,1,2012,1
2012-03-13,高雄市,SE6 青蔥 粉蔥 ,,,,,,,,3,2,2012,1
2012-03-14,高雄市,SE6 青蔥 粉蔥 ,,,,,,,,3,3,2012,1
2012-03-15,高雄市,SE6 青蔥 粉蔥 ,,,,,,,,3,4,2012,1
2012-03-16,高雄市,SE6 青蔥 粉蔥 ,,,,,,,,3,5,2012,1
2012-03-17,高雄市,SE6 青蔥 粉蔥 ,,,,,,,,3,6,2012,1
2012-03-18,高雄市,SE6 青蔥 粉蔥 ,,,,,,,,3,7,2012,1
2012-03-19,高雄市,SE6 青蔥 粉蔥 ,,,,,,,,3,1,2012,1
2012-03-20,高雄市,SE6 青蔥 粉蔥 ,,,,,,,,3,2,2012,1
2012-03-21,高雄市,SE6 青蔥 粉蔥 ,,,,,,,,3,3,2012,1
2012-03-22,高雄市,SE6 青蔥 粉蔥 ,,,,,,,,3,4,2012,1
2012-03-23,高雄市,SE6 青蔥 粉蔥 ,,,,,,,,3,5,2012,1
2012-03-24,高雄市,SE6 青蔥 粉蔥 ,,,,,,,,3,6,2012,1
2012-03-25,高雄市,SE6 青蔥 粉蔥 ,,,,,,,,3,7,2012,1
2012-03-26,高雄市,SE6 青蔥 粉蔥 ,,,,,,,,3,1,2012,1
2012-03-27,高雄市,SE6 青蔥 粉蔥 ,24.8,22.8,21.2,22.9,-21.03,560.0,833.33,3,2,2012,0
2012-03-28,高雄市,SE6 青蔥 粉蔥 ,25.0,25.0,25.0,25.0,9.17,40.0,-92.86,3,3,2012,0
2012-03-29,高雄市,SE6 青蔥 粉蔥 ,12.0,12.0,12.0,12.0,-52.0,60.0,50.0,3,4,2012,0
2012-03-30,高雄市,SE6 青蔥 粉蔥 ,28.0,25.0,23.0,25.2,110.0,364.0,506.67,3,5,2012,0
2012-03-31,高雄市,SE6 青蔥 粉蔥 ,25.0,23.8,23.0,23.9,-5.16,264.0,-27.47,3,6,2012,0
2012-04-01,高雄市,SE6 青蔥 粉蔥 ,28.0,26.8,25.0,26.7,11.72,200.0,-24.24,4,7,2012,0
2012-04-02,高雄市,SE6 青蔥 粉蔥 ,,,,,,,,4,1,2012,1
2012-04-03,高雄市,SE6 青蔥 粉蔥 ,30.0,30.0,30.0,30.0,12.36,60.0,-70.0,4,2,2012,0
2012-04-04,高雄市,SE6 青蔥 粉蔥 ,28.0,25.3,24.0,25.6,-14.67,300.0,400.0,4,3,2012,0
2012-04-05,高雄市,SE6 青蔥 粉蔥 ,,,,,,,,4,4,2012,1
2012-04-06,高雄市,SE6 青蔥 粉蔥 ,,,,,,,,4,5,2012,1
2012-04-07,高雄市,SE6 青蔥 粉蔥 ,25.0,25.0,23.6,24.7,-3.52,148.0,-50.67,4,6,2012,0
2012-04-08,高雄市,SE6 青蔥 粉蔥 ,27.0,23.3,20.0,23.4,-5.26,380.0,156.76,4,7,2012,0
2012-04-09,高雄市,SE6 青蔥 粉蔥 ,,,,,,,,4,1,2012,1
2012-04-10,高雄市,SE6 青蔥 粉蔥 ,,,,,,,,4,2,2012,1
2012-04-11,高雄市,SE6 青蔥 粉蔥 ,23.0,19.4,15.0,19.3,-17.52,300.0,-21.05,4,3,2012,0
2012-04-12,高雄市,SE6 青蔥 粉蔥 ,23.0,18.4,15.3,18.7,-3.11,534.0,78.0,4,4,2012,0
2012-04-13,高雄市,SE6 青蔥 粉蔥 ,14.0,14.0,14.0,14.0,-25.13,32.0,-94.01,4,5,2012,0
2012-04-14,高雄市,SE6 青蔥 粉蔥 ,,,,,,,,4,6,2012,1
2012-04-15,高雄市,SE6 青蔥 粉蔥 ,,,,,,,,4,7,2012,1
2012-04-16,高雄市,SE6 青蔥 粉蔥 ,,,,,,,,4,1,2012,1
2012-04-17,高雄市,SE6 青蔥 粉蔥 ,,,,,,,,4,2,2012,1
2012-04-18,高雄市,SE6 青蔥 粉蔥 ,,,,,,,,4,3,2012,1
2012-04-19,高雄市,SE6 青蔥 粉蔥 ,,,,,,,,4,4,2012,1
2012-04-20,高雄市,SE6 青蔥 粉蔥 ,,,,,,,,4,5,2012,1
2012-04-21,高雄市,SE6 青蔥 粉蔥 ,,,,,,,,4,6,2012,1
2012-04-22,高雄市,SE6 青蔥 粉蔥 ,,,,,,,,4,7,2012,1
2012-04-23,高雄市,SE6 青蔥 粉蔥 ,,,,,,,,4,1,2012,1
2012-04-24,高雄市,SE6 青蔥 粉蔥 ,,,,,,,,4,2,2012,1
2012-04-25,高雄市,SE6 青蔥 粉蔥 ,,,,,,,,4,3,2012,1
2012-04-26,高雄市,SE6 青蔥 粉蔥 ,,,,,,,,4,4,2012,1
2012-04-27,高雄市,SE6 青蔥 粉蔥 ,,,,,,,,4,5,2012,1
2012-04-28,高雄市,SE6 青蔥 粉蔥 ,12.0,12.0,12.0,12.0,-14.29,100.0,212.5,4,6,2012,0
2012-04-29,高雄市,SE6 青蔥 粉蔥 ,,,,,,,,4,7,2012,1
2012-04-30,高雄市,SE6 青蔥 粉蔥 ,,,,,,,,4,1,2012,1
2012-05-01,高雄市,SE6 青蔥 粉蔥 ,,,,,,,,5,2,2012,1
2012-05-02,高雄市,SE6 青蔥 粉蔥 ,27.0,21.8,12.0,20.9,74.17,274.0,174.0,5,3,2012,0
2012-05-03,高雄市,SE6 青蔥 粉蔥 ,,,,,,,,5,4,2012,1
2012-05-04,高雄市,SE6 青蔥 粉蔥 ,,,,,,,,5,5,2012,1
2012-05-05,高雄市,SE6 青蔥 粉蔥 ,,,,,,,,5,6,2012,1
2012-05-06,高雄市,SE6 青蔥 粉蔥 ,19.0,19.0,19.0,19.0,-9.09,100.0,-63.5,5,7,2012,0
2012-05-07,高雄市,SE6 青蔥 粉蔥 ,,,,,,,,5,1,2012,1
2012-05-08,高雄市,SE6 青蔥 粉蔥 ,,,,,,,,5,2,2012,1
2012-05-09,高雄市,SE6 青蔥 粉蔥 ,20.0,18.9,15.0,18.3,-3.68,57.0,-43.0,5,3,2012,0
2012-05-10,高雄市,SE6 青蔥 粉蔥 ,,,,,,,,5,4,2012,1
2012-05-11,高雄市,SE6 青蔥 粉蔥 ,7.0,7.0,7.0,7.0,-61.75,40.0,-29.82,5,5,2012,0
2012-05-12,高雄市,SE6 青蔥 粉蔥 ,,,,,,,,5,6,2012,1
2012-05-13,高雄市,SE6 青蔥 粉蔥 ,,,,,,,,5,7,2012,1
2012-05-14,高雄市,SE6 青蔥 粉蔥 ,,,,,,,,5,1,2012,1
2012-05-15,高雄市,SE6 青蔥 粉蔥 ,,,,,,,,5,2,2012,1
2012-05-16,高雄市,SE6 青蔥 粉蔥 ,,,,,,,,5,3,2012,1
2012-05-17,高雄市,SE6 青蔥 粉蔥 ,,,,,,,,5,4,2012,1
2012-05-18,高雄市,SE6 青蔥 粉蔥 ,,,,,,,,5,5,2012,1
2012-05-19,高雄市,SE6 青蔥 粉蔥 ,,,,,,,,5,6,2012,1
2012-05-20,高雄市,SE6 青蔥 粉蔥 ,21.0,21.0,21.0,21.0,200.0,192.0,380.0,5,7,2012,0
2012-05-21,高雄市,SE6 青蔥 粉蔥 ,,,,,,,,5,1,2012,1
2012-05-22,高雄市,SE6 青蔥 粉蔥 ,,,,,,,,5,2,2012,1
2012-05-23,高雄市,SE6 青蔥 粉蔥 ,,,,,,,,5,3,2012,1
2012-05-24,高雄市,SE6 青蔥 粉蔥 ,,,,,,,,5,4,2012,1
2012-05-25,高雄市,SE6 青蔥 粉蔥 ,,,,,,,,5,5,2012,1
2012-05-26,高雄市,SE6 青蔥 粉蔥 ,,,,,,,,5,6,2012,1
2012-05-27,高雄市,SE6 青蔥 粉蔥 ,13.0,13.0,13.0,13.0,-38.1,210.0,9.38,5,7,2012,0
2012-05-28,高雄市,SE6 青蔥 粉蔥 ,,,,,,,,5,1,2012,1
2012-05-29,高雄市,SE6 青蔥 粉蔥 ,,,,,,,,5,2,2012,1
2012-05-30,高雄市,SE6 青蔥 粉蔥 ,23.0,22.5,22.0,22.5,73.08,160.0,-23.81,5,3,2012,0
2012-05-31,高雄市,SE6 青蔥 粉蔥 ,,,,,,,,5,4,2012,1
2012-06-01,高雄市,SE6 青蔥 粉蔥 ,,,,,,,,6,5,2012,1
2012-06-02,高雄市,SE6 青蔥 粉蔥 ,,,,,,,,6,6,2012,1
2012-06-03,高雄市,SE6 青蔥 粉蔥 ,20.0,20.0,20.0,20.0,-11.11,60.0,-62.5,6,7,2012,0
2012-06-04,高雄市,SE6 青蔥 粉蔥 ,,,,,,,,6,1,2012,1
2012-06-05,高雄市,SE6 青蔥 粉蔥 ,,,,,,,,6,2,2012,1
2012-06-06,高雄市,SE6 青蔥 粉蔥 ,,,,,,,,6,3,2012,1
2012-06-07,高雄市,SE6 青蔥 粉蔥 ,30.0,29.8,18.0,27.5,37.5,191.0,218.33,6,4,2012,0
2012-06-08,高雄市,SE6 青蔥 粉蔥 ,,,,,,,,6,5,2012,1
2012-06-09,高雄市,SE6 青蔥 粉蔥 ,,,,,,,,6,6,2012,1
2012-06-10,高雄市,SE6 青蔥 粉蔥 ,28.8,18.1,13.0,19.3,-29.82,606.0,217.28,6,7,2012,0
2012-06-11,高雄市,SE6 青蔥 粉蔥 ,,,,,,,,6,1,2012,1
2012-06-12,高雄市,SE6 青蔥 粉蔥 ,,,,,,,,6,2,2012,1
2012-06-13,高雄市,SE6 青蔥 粉蔥 ,,,,,,,,6,3,2012,1
2012-06-14,高雄市,SE6 青蔥 粉蔥 ,,,,,,,,6,4,2012,1
2012-06-15,高雄市,SE6 青蔥 粉蔥 ,,,,,,,,6,5,2012,1
2012-06-16,高雄市,SE6 青蔥 粉蔥 ,,,,,,,,6,6,2012,1
2012-06-17,高雄市,SE6 青蔥 粉蔥 ,,,,,,,,6,7,2012,1
2012-06-18,高雄市,SE6 青蔥 粉蔥 ,,,,,,,,6,1,2012,1
2012-06-19,高雄市,SE6 青蔥 粉蔥 ,35.0,35.0,35.0,35.0,81.35,60.0,-90.1,6,2,2012,0
2012-06-20,高雄市,SE6 青蔥 粉蔥 ,,,,,,,,6,3,2012,1
2012-06-21,高雄市,SE6 青蔥 粉蔥 ,43.0,40.8,26.3,38.3,9.43,241.0,301.67,6,4,2012,0
2012-06-22,高雄市,SE6 青蔥 粉蔥 ,40.0,38.8,36.0,38.5,0.52,198.0,-17.84,6,5,2012,0
2012-06-23,高雄市,SE6 青蔥 粉蔥 ,,,,,,,,6,6,2012,1
2012-06-24,高雄市,SE6 青蔥 粉蔥 ,,,,,,,,6,7,2012,1
2012-06-25,高雄市,SE6 青蔥 粉蔥 ,,,,,,,,6,1,2012,1
2012-06-26,高雄市,SE6 青蔥 粉蔥 ,,,,,,,,6,2,2012,1
2012-06-27,高雄市,SE6 青蔥 粉蔥 ,,,,,,,,6,3,2012,1
2012-06-28,高雄市,SE6 青蔥 粉蔥 ,,,,,,,,6,4,2012,1
2012-06-29,高雄市,SE6 青蔥 粉蔥 ,,,,,,,,6,5,2012,1
2012-06-30,高雄市,SE6 青蔥 粉蔥 ,,,,,,,,6,6,2012,1
2012-07-01,高雄市,SE6 青蔥 粉蔥 ,,,,,,,,7,7,2012,1
2012-07-02,高雄市,SE6 青蔥 粉蔥 ,,,,,,,,7,1,2012,1
2012-07-03,高雄市,SE6 青蔥 粉蔥 ,,,,,,,,7,2,2012,1
2012-07-04,高雄市,SE6 青蔥 粉蔥 ,,,,,,,,7,3,2012,1
2012-07-05,高雄市,SE6 青蔥 粉蔥 ,,,,,,,,7,4,2012,1
2012-07-06,高雄市,SE6 青蔥 粉蔥 ,80.0,73.0,60.0,71.8,86.49,220.0,11.11,7,5,2012,0
2012-07-07,高雄市,SE6 青蔥 粉蔥 ,80.0,76.8,66.0,75.3,4.87,303.0,37.73,7,6,2012,0
2012-07-08,高雄市,SE6 青蔥 粉蔥 ,79.3,68.6,60.0,69.0,-8.37,324.0,6.93,7,7,2012,0
2012-07-09,高雄市,SE6 青蔥 粉蔥 ,,,,,,,,7,1,2012,1
2012-07-10,高雄市,SE6 青蔥 粉蔥 ,,,,,,,,7,2,2012,1
2012-07-11,高雄市,SE6 青蔥 粉蔥 ,91.0,90.5,90.0,90.5,31.16,80.0,-75.31,7,3,2012,0
2012-07-12,高雄市,SE6 青蔥 粉蔥 ,85.0,67.9,58.8,69.5,-23.2,147.0,83.75,7,4,2012,0
2012-07-13,高雄市,SE6 青蔥 粉蔥 ,,,,,,,,7,5,2012,1
2012-07-14,高雄市,SE6 青蔥 粉蔥 ,,,,,,,,7,6,2012,1
2012-07-15,高雄市,SE6 青蔥 粉蔥 ,,,,,,,,7,7,2012,1
2012-07-16,高雄市,SE6 青蔥 粉蔥 ,,,,,,,,7,1,2012,1
2012-07-17,高雄市,SE6 青蔥 粉蔥 ,,,,,,,,7,2,2012,1
2012-07-18,高雄市,SE6 青蔥 粉蔥 ,78.0,71.9,70.0,72.8,4.75,122.0,-17.01,7,3,2012,0
2012-07-19,高雄市,SE6 青蔥 粉蔥 ,,,,,,,,7,4,2012,1
2012-07-20,高雄市,SE6 青蔥 粉蔥 ,,,,,,,,7,5,2012,1
2012-07-21,高雄市,SE6 青蔥 粉蔥 ,,,,,,,,7,6,2012,1
2012-07-22,高雄市,SE6 青蔥 粉蔥 ,,,,,,,,7,7,2012,1
2012-07-23,高雄市,SE6 青蔥 粉蔥 ,,,,,,,,7,1,2012,1
2012-07-24,高雄市,SE6 青蔥 粉蔥 ,,,,,,,,7,2,2012,1
2012-07-25,高雄市,SE6 青蔥 粉蔥 ,,,,,,,,7,3,2012,1
2012-07-26,高雄市,SE6 青蔥 粉蔥 ,,,,,,,,7,4,2012,1
2012-07-27,高雄市,SE6 青蔥 粉蔥 ,50.0,50.0,50.0,50.0,-31.32,48.0,-60.66,7,5,2012,0
2012-07-28,高雄市,SE6 青蔥 粉蔥 ,70.0,55.6,45.0,56.4,12.8,88.0,83.33,7,6,2012,0
2012-07-29,高雄市,SE6 青蔥 粉蔥 ,50.0,50.0,50.0,50.0,-11.35,40.0,-54.55,7,7,2012,0
2012-07-30,高雄市,SE6 青蔥 粉蔥 ,,,,,,,,7,1,2012,1
2012-07-31,高雄市,SE6 青蔥 粉蔥 ,91.3,77.7,68.0,78.5,57.0,175.0,337.5,7,2,2012,0
2012-08-01,高雄市,SE6 青蔥 粉蔥 ,85.0,81.8,75.1,81.1,3.31,102.0,-41.71,8,3,2012,0
2012-08-02,高雄市,SE6 青蔥 粉蔥 ,,,,,,,,8,4,2012,1
2012-08-03,高雄市,SE6 青蔥 粉蔥 ,,,,,,,,8,5,2012,1
2012-08-04,高雄市,SE6 青蔥 粉蔥 ,100.0,100.0,100.0,100.0,23.3,23.0,-77.45,8,6,2012,0
2012-08-05,高雄市,SE6 青蔥 粉蔥 ,,,,,,,,8,7,2012,1
2012-08-06,高雄市,SE6 青蔥 粉蔥 ,,,,,,,,8,1,2012,1
2012-08-07,高雄市,SE6 青蔥 粉蔥 ,,,,,,,,8,2,2012,1
2012-08-08,高雄市,SE6 青蔥 粉蔥 ,,,,,,,,8,3,2012,1
2012-08-09,高雄市,SE6 青蔥 粉蔥 ,90.0,74.9,45.7,72.1,-27.9,280.0,1117.39,8,4,2012,0
2012-08-10,高雄市,SE6 青蔥 粉蔥 ,95.0,88.1,50.0,81.9,13.59,160.0,-42.86,8,5,2012,0
2012-08-11,高雄市,SE6 青蔥 粉蔥 ,45.0,45.0,45.0,45.0,-45.05,40.0,-75.0,8,6,2012,0
2012-08-12,高雄市,SE6 青蔥 粉蔥 ,,,,,,,,8,7,2012,1
2012-08-13,高雄市,SE6 青蔥 粉蔥 ,,,,,,,,8,1,2012,1
2012-08-14,高雄市,SE6 青蔥 粉蔥 ,,,,,,,,8,2,2012,1
2012-08-15,高雄市,SE6 青蔥 粉蔥 ,,,,,,,,8,3,2012,1
2012-08-16,高雄市,SE6 青蔥 粉蔥 ,,,,,,,,8,4,2012,1
2012-08-17,高雄市,SE6 青蔥 粉蔥 ,,,,,,,,8,5,2012,1
2012-08-18,高雄市,SE6 青蔥 粉蔥 ,,,,,,,,8,6,2012,1
2012-08-19,高雄市,SE6 青蔥 粉蔥 ,149.9,129.5,125.0,132.7,194.89,202.0,405.0,8,7,2012,0
2012-08-20,高雄市,SE6 青蔥 粉蔥 ,,,,,,,,8,1,2012,1
2012-08-21,高雄市,SE6 青蔥 粉蔥 ,145.0,145.0,145.0,145.0,9.27,60.0,-70.3,8,2,2012,0
2012-08-22,高雄市,SE6 青蔥 粉蔥 ,105.0,105.0,105.0,105.0,-27.59,60.0,0.0,8,3,2012,0
2012-08-23,高雄市,SE6 青蔥 粉蔥 ,70.0,66.9,60.0,66.2,-36.95,65.0,8.33,8,4,2012,0
2012-08-24,高雄市,SE6 青蔥 粉蔥 ,,,,,,,,8,5,2012,1
2012-08-25,高雄市,SE6 青蔥 粉蔥 ,150.0,140.0,130.0,140.0,111.48,120.0,84.62,8,6,2012,0
2012-08-26,高雄市,SE6 青蔥 粉蔥 ,131.3,57.9,39.2,68.9,-50.79,318.0,165.0,8,7,2012,0
2012-08-27,高雄市,SE6 青蔥 粉蔥 ,,,,,,,,8,1,2012,1
2012-08-28,高雄市,SE6 青蔥 粉蔥 ,,,,,,,,8,2,2012,1
2012-08-29,高雄市,SE6 青蔥 粉蔥 ,50.2,37.5,30.0,38.5,-44.12,477.0,50.0,8,3,2012,0
2012-08-30,高雄市,SE6 青蔥 粉蔥 ,,,,,,,,8,4,2012,1
2012-08-31,高雄市,SE6 青蔥 粉蔥 ,,,,,,,,8,5,2012,1
2012-09-01,高雄市,SE6 青蔥 粉蔥 ,,,,,,,,9,6,2012,1
2012-09-02,高雄市,SE6 青蔥 粉蔥 ,,,,,,,,9,7,2012,1
2012-09-03,高雄市,SE6 青蔥 粉蔥 ,,,,,,,,9,1,2012,1
2012-09-04,高雄市,SE6 青蔥 粉蔥 ,,,,,,,,9,2,2012,1
2012-09-05,高雄市,SE6 青蔥 粉蔥 ,,,,,,,,9,3,2012,1
2012-09-06,高雄市,SE6 青蔥 粉蔥 ,,,,,,,,9,4,2012,1
2012-09-07,高雄市,SE6 青蔥 粉蔥 ,,,,,,,,9,5,2012,1
2012-09-08,高雄市,SE6 青蔥 粉蔥 ,115.0,112.2,110.0,112.3,191.69,26.0,-94.55,9,6,2012,0
2012-09-09,高雄市,SE6 青蔥 粉蔥 ,120.0,113.9,75.0,107.4,-4.36,102.0,292.31,9,7,2012,0
2012-09-10,高雄市,SE6 青蔥 粉蔥 ,,,,,,,,9,1,2012,1
2012-09-11,高雄市,SE6 青蔥 粉蔥 ,,,,,,,,9,2,2012,1
2012-09-12,高雄市,SE6 青蔥 粉蔥 ,60.0,60.0,60.0,60.0,-44.13,20.0,-80.39,9,3,2012,0
2012-09-13,高雄市,SE6 青蔥 粉蔥 ,,,,,,,,9,4,2012,1
2012-09-14,高雄市,SE6 青蔥 粉蔥 ,,,,,,,,9,5,2012,1
2012-09-15,高雄市,SE6 青蔥 粉蔥 ,45.0,45.0,45.0,45.0,-25.0,105.0,425.0,9,6,2012,0
2012-09-16,高雄市,SE6 青蔥 粉蔥 ,70.0,70.0,70.0,70.0,55.56,40.0,-61.9,9,7,2012,0
2012-09-17,高雄市,SE6 青蔥 粉蔥 ,,,,,,,,9,1,2012,1
2012-09-18,高雄市,SE6 青蔥 粉蔥 ,70.0,66.3,60.0,65.8,-6.0,139.0,247.5,9,2,2012,0
2012-09-19,高雄市,SE6 青蔥 粉蔥 ,,,,,,,,9,3,2012,1
2012-09-20,高雄市,SE6 青蔥 粉蔥 ,90.0,90.0,90.0,90.0,36.78,60.0,-56.83,9,4,2012,0
2012-09-21,高雄市,SE6 青蔥 粉蔥 ,95.0,83.6,60.5,81.3,-9.67,248.0,313.33,9,5,2012,0
2012-09-22,高雄市,SE6 青蔥 粉蔥 ,,,,,,,,9,6,2012,1
2012-09-23,高雄市,SE6 青蔥 粉蔥 ,,,,,,,,9,7,2012,1
2012-09-24,高雄市,SE6 青蔥 粉蔥 ,,,,,,,,9,1,2012,1
2012-09-25,高雄市,SE6 青蔥 粉蔥 ,74.0,73.7,67.0,72.4,-10.95,180.0,-27.42,9,2,2012,0
2012-09-26,高雄市,SE6 青蔥 粉蔥 ,66.0,66.0,66.0,66.0,-8.84,20.0,-88.89,9,3,2012,0
2012-09-27,高雄市,SE6 青蔥 粉蔥 ,50.0,50.0,50.0,50.0,-24.24,40.0,100.0,9,4,2012,0
2012-09-28,高雄市,SE6 青蔥 粉蔥 ,77.0,73.5,70.0,73.5,47.0,80.0,100.0,9,5,2012,0
2012-09-29,高雄市,SE6 青蔥 粉蔥 ,65.0,65.0,65.0,65.0,-11.56,118.0,47.5,9,6,2012,0
2012-09-30,高雄市,SE6 青蔥 粉蔥 ,60.0,54.0,41.3,52.6,-19.08,516.0,337.29,9,7,2012,0
2012-10-01,高雄市,SE6 青蔥 粉蔥 ,,,,,,,,10,1,2012,1
2012-10-02,高雄市,SE6 青蔥 粉蔥 ,,,,,,,,10,2,2012,1
2012-10-03,高雄市,SE6 青蔥 粉蔥 ,,,,,,,,10,3,2012,1
2012-10-04,高雄市,SE6 青蔥 粉蔥 ,,,,,,,,10,4,2012,1
2012-10-05,高雄市,SE6 青蔥 粉蔥 ,70.0,70.0,70.0,70.0,33.08,78.0,-84.88,10,5,2012,0
2012-10-06,高雄市,SE6 青蔥 粉蔥 ,60.0,60.0,60.0,60.0,-14.29,40.0,-48.72,10,6,2012,0
2012-10-07,高雄市,SE6 青蔥 粉蔥 ,75.0,67.5,65.0,68.5,14.17,137.0,242.5,10,7,2012,0
2012-10-08,高雄市,SE6 青蔥 粉蔥 ,,,,,,,,10,1,2012,1
2012-10-09,高雄市,SE6 青蔥 粉蔥 ,,,,,,,,10,2,2012,1
2012-10-10,高雄市,SE6 青蔥 粉蔥 ,60.0,52.4,45.6,52.6,-23.21,140.0,2.19,10,3,2012,0
2012-10-11,高雄市,SE6 青蔥 粉蔥 ,81.0,45.0,37.5,50.7,-3.61,200.0,42.86,10,4,2012,0
2012-10-12,高雄市,SE6 青蔥 粉蔥 ,57.0,41.3,38.0,43.8,-13.61,420.0,110.0,10,5,2012,0
2012-10-13,高雄市,SE6 青蔥 粉蔥 ,,,,,,,,10,6,2012,1
2012-10-14,高雄市,SE6 青蔥 粉蔥 ,58.1,46.3,36.0,46.6,6.39,249.0,-40.71,10,7,2012,0
2012-10-15,高雄市,SE6 青蔥 粉蔥 ,,,,,,,,10,1,2012,1
2012-10-16,高雄市,SE6 青蔥 粉蔥 ,60.0,60.0,60.0,60.0,28.76,20.0,-91.97,10,2,2012,0
2012-10-17,高雄市,SE6 青蔥 粉蔥 ,,,,,,,,10,3,2012,1
2012-10-18,高雄市,SE6 青蔥 粉蔥 ,32.0,32.0,32.0,32.0,-46.67,72.0,260.0,10,4,2012,0
2012-10-19,高雄市,SE6 青蔥 粉蔥 ,,,,,,,,10,5,2012,1
2012-10-20,高雄市,SE6 青蔥 粉蔥 ,18.0,14.3,13.0,14.8,-53.75,112.0,55.56,10,6,2012,0
2012-10-21,高雄市,SE6 青蔥 粉蔥 ,20.0,20.0,20.0,20.0,35.14,120.0,7.14,10,7,2012,0
2012-10-22,高雄市,SE6 青蔥 粉蔥 ,,,,,,,,10,1,2012,1
2012-10-23,高雄市,SE6 青蔥 粉蔥 ,34.0,32.1,25.0,31.1,55.5,148.0,23.33,10,2,2012,0
2012-10-24,高雄市,SE6 青蔥 粉蔥 ,,,,,,,,10,3,2012,1
2012-10-25,高雄市,SE6 青蔥 粉蔥 ,54.0,39.7,30.0,40.6,30.55,179.0,20.95,10,4,2012,0
2012-10-26,高雄市,SE6 青蔥 粉蔥 ,45.0,33.2,20.0,32.9,-18.97,379.0,111.73,10,5,2012,0
2012-10-27,高雄市,SE6 青蔥 粉蔥 ,30.0,30.0,30.0,30.0,-8.81,39.0,-89.71,10,6,2012,0
2012-10-28,高雄市,SE6 青蔥 粉蔥 ,,,,,,,,10,7,2012,1
2012-10-29,高雄市,SE6 青蔥 粉蔥 ,,,,,,,,10,1,2012,1
2012-10-30,高雄市,SE6 青蔥 粉蔥 ,30.0,28.8,25.0,28.3,-5.67,160.0,310.26,10,2,2012,0
2012-10-31,高雄市,SE6 青蔥 粉蔥 ,33.0,33.0,33.0,33.0,16.61,80.0,-50.0,10,3,2012,0
2012-11-01,高雄市,SE6 青蔥 粉蔥 ,20.0,17.6,15.0,17.5,-46.97,260.0,225.0,11,4,2012,0
2012-11-02,高雄市,SE6 青蔥 粉蔥 ,35.0,35.0,35.0,35.0,100.0,44.0,-83.08,11,5,2012,0
2012-11-03,高雄市,SE6 青蔥 粉蔥 ,30.0,30.0,30.0,30.0,-14.29,64.0,45.45,11,6,2012,0
2012-11-04,高雄市,SE6 青蔥 粉蔥 ,43.0,37.8,27.0,36.7,22.33,120.0,87.5,11,7,2012,0
2012-11-05,高雄市,SE6 青蔥 粉蔥 ,,,,,,,,11,1,2012,1
2012-11-06,高雄市,SE6 青蔥 粉蔥 ,,,,,,,,11,2,2012,1
2012-11-07,高雄市,SE6 青蔥 粉蔥 ,,,,,,,,11,3,2012,1
2012-11-08,高雄市,SE6 青蔥 粉蔥 ,,,,,,,,11,4,2012,1
2012-11-09,高雄市,SE6 青蔥 粉蔥 ,,,,,,,,11,5,2012,1
2012-11-10,高雄市,SE6 青蔥 粉蔥 ,,,,,,,,11,6,2012,1
2012-11-11,高雄市,SE6 青蔥 粉蔥 ,,,,,,,,11,7,2012,1
2012-11-12,高雄市,SE6 青蔥 粉蔥 ,,,,,,,,11,1,2012,1
2012-11-13,高雄市,SE6 青蔥 粉蔥 ,,,,,,,,11,2,2012,1
2012-11-14,高雄市,SE6 青蔥 粉蔥 ,,,,,,,,11,3,2012,1
2012-11-15,高雄市,SE6 青蔥 粉蔥 ,,,,,,,,11,4,2012,1
2012-11-16,高雄市,SE6 青蔥 粉蔥 ,,,,,,,,11,5,2012,1
2012-11-17,高雄市,SE6 青蔥 粉蔥 ,,,,,,,,11,6,2012,1
2012-11-18,高雄市,SE6 青蔥 粉蔥 ,,,,,,,,11,7,2012,1
2012-11-19,高雄市,SE6 青蔥 粉蔥 ,,,,,,,,11,1,2012,1
2012-11-20,高雄市,SE6 青蔥 粉蔥 ,,,,,,,,11,2,2012,1
2012-11-21,高雄市,SE6 青蔥 粉蔥 ,20.0,20.0,20.0,20.0,-45.5,36.0,-70.0,11,3,2012,0
2012-11-22,高雄市,SE6 青蔥 粉蔥 ,,,,,,,,11,4,2012,1
2012-11-23,高雄市,SE6 青蔥 粉蔥 ,,,,,,,,11,5,2012,1
2012-11-24,高雄市,SE6 青蔥 粉蔥 ,,,,,,,,11,6,2012,1
2012-11-25,高雄市,SE6 青蔥 粉蔥 ,,,,,,,,11,7,2012,1
2012-11-26,高雄市,SE6 青蔥 粉蔥 ,,,,,,,,11,1,2012,1
2012-11-27,高雄市,SE6 青蔥 粉蔥 ,,,,,,,,11,2,2012,1
2012-11-28,高雄市,SE6 青蔥 粉蔥 ,,,,,,,,11,3,2012,1
2012-11-29,高雄市,SE6 青蔥 粉蔥 ,,,,,,,,11,4,2012,1
2012-11-30,高雄市,SE6 青蔥 粉蔥 ,,,,,,,,11,5,2012,1
2012-12-01,高雄市,SE6 青蔥 粉蔥 ,,,,,,,,12,6,2012,1
2012-12-02,高雄市,SE6 青蔥 粉蔥 ,,,,,,,,12,7,2012,1
2012-12-03,高雄市,SE6 青蔥 粉蔥 ,,,,,,,,12,1,2012,1
2012-12-04,高雄市,SE6 青蔥 粉蔥 ,,,,,,,,12,2,2012,1
2012-12-05,高雄市,SE6 青蔥 粉蔥 ,,,,,,,,12,3,2012,1
2012-12-06,高雄市,SE6 青蔥 粉蔥 ,25.0,22.3,21.0,22.6,13.0,105.0,191.67,12,4,2012,0
2012-12-07,高雄市,SE6 青蔥 粉蔥 ,26.0,26.0,26.0,26.0,15.04,16.0,-84.76,12,5,2012,0
2012-12-08,高雄市,SE6 青蔥 粉蔥 ,,,,,,,,12,6,2012,1
2012-12-09,高雄市,SE6 青蔥 粉蔥 ,20.0,18.3,15.0,18.0,-30.77,314.0,1862.5,12,7,2012,0
2012-12-10,高雄市,SE6 青蔥 粉蔥 ,,,,,,,,12,1,2012,1
2012-12-11,高雄市,SE6 青蔥 粉蔥 ,18.0,18.0,18.0,18.0,0.0,60.0,-80.89,12,2,2012,0
2012-12-12,高雄市,SE6 青蔥 粉蔥 ,22.0,22.0,22.0,22.0,22.22,60.0,0.0,12,3,2012,0
2012-12-13,高雄市,SE6 青蔥 粉蔥 ,,,,,,,,12,4,2012,1
2012-12-14,高雄市,SE6 青蔥 粉蔥 ,,,,,,,,12,5,2012,1
2012-12-15,高雄市,SE6 青蔥 粉蔥 ,,,,,,,,12,6,2012,1
2012-12-16,高雄市,SE6 青蔥 粉蔥 ,,,,,,,,12,7,2012,1
2012-12-17,高雄市,SE6 青蔥 粉蔥 ,,,,,,,,12,1,2012,1
2012-12-18,高雄市,SE6 青蔥 粉蔥 ,,,,,,,,12,2,2012,1
2012-12-19,高雄市,SE6 青蔥 粉蔥 ,18.0,18.0,18.0,18.0,-18.18,40.0,-33.33,12,3,2012,0
2012-12-20,高雄市,SE6 青蔥 粉蔥 ,,,,,,,,12,4,2012,1
2012-12-21,高雄市,SE6 青蔥 粉蔥 ,18.0,16.5,14.0,16.3,-9.44,141.0,252.5,12,5,2012,0
2012-12-22,高雄市,SE6 青蔥 粉蔥 ,,,,,,,,12,6,2012,1
2012-12-23,高雄市,SE6 青蔥 粉蔥 ,13.0,13.0,13.0,13.0,-20.25,100.0,-29.08,12,7,2012,0
2012-12-24,高雄市,SE6 青蔥 粉蔥 ,,,,,,,,12,1,2012,1
2012-12-25,高雄市,SE6 青蔥 粉蔥 ,,,,,,,,12,2,2012,1
2012-12-26,高雄市,SE6 青蔥 粉蔥 ,,,,,,,,12,3,2012,1
2012-12-27,高雄市,SE6 青蔥 粉蔥 ,13.3,7.7,6.0,8.5,-34.62,264.0,164.0,12,4,2012,0
2012-12-28,高雄市,SE6 青蔥 粉蔥 ,20.0,9.3,8.0,11.2,31.76,300.0,13.64,12,5,2012,0
2012-12-29,高雄市,SE6 青蔥 粉蔥 ,6.0,4.2,4.0,4.5,-59.82,376.0,25.33,12,6,2012,0
2012-12-30,高雄市,SE6 青蔥 粉蔥 ,,,,,,,,12,7,2012,1
2012-12-31,高雄市,SE6 青蔥 粉蔥 ,,,,,,,,12,1,2012,1
2013-01-01,高雄市,SE6 青蔥 粉蔥 ,,,,,,,,1,2,2013,1
2013-01-02,高雄市,SE6 青蔥 粉蔥 ,,,,,,,,1,3,2013,1
2013-01-03,高雄市,SE6 青蔥 粉蔥 ,,,,,,,,1,4,2013,1
2013-01-04,高雄市,SE6 青蔥 粉蔥 ,,,,,,,,1,5,2013,1
2013-01-05,高雄市,SE6 青蔥 粉蔥 ,15.0,12.6,7.1,12.0,166.67,244.0,-35.11,1,6,2013,0
2013-01-06,高雄市,SE6 青蔥 粉蔥 ,12.0,11.6,11.0,11.6,-3.33,140.0,-42.62,1,7,2013,0
2013-01-07,高雄市,SE6 青蔥 粉蔥 ,,,,,,,,1,1,2013,1
2013-01-08,高雄市,SE6 青蔥 粉蔥 ,,,,,,,,1,2,2013,1
2013-01-09,高雄市,SE6 青蔥 粉蔥 ,,,,,,,,1,3,2013,1
2013-01-10,高雄市,SE6 青蔥 粉蔥 ,,,,,,,,1,4,2013,1
2013-01-11,高雄市,SE6 青蔥 粉蔥 ,,,,,,,,1,5,2013,1
2013-01-12,高雄市,SE6 青蔥 粉蔥 ,,,,,,,,1,6,2013,1
2013-01-13,高雄市,SE6 青蔥 粉蔥 ,,,,,,,,1,7,2013,1
2013-01-14,高雄市,SE6 青蔥 粉蔥 ,,,,,,,,1,1,2013,1
2013-01-15,高雄市,SE6 青蔥 粉蔥 ,,,,,,,,1,2,2013,1
2013-01-16,高雄市,SE6 青蔥 粉蔥 ,21.0,17.4,15.0,17.7,52.59,180.0,28.57,1,3,2013,0
2013-01-17,高雄市,SE6 青蔥 粉蔥 ,,,,,,,,1,4,2013,1
2013-01-18,高雄市,SE6 青蔥 粉蔥 ,26.0,26.0,26.0,26.0,46.89,20.0,-88.89,1,5,2013,0
2013-01-19,高雄市,SE6 青蔥 粉蔥 ,,,,,,,,1,6,2013,1
2013-01-20,高雄市,SE6 青蔥 粉蔥 ,11.0,11.0,11.0,11.0,-57.69,96.0,380.0,1,7,2013,0
2013-01-21,高雄市,SE6 青蔥 粉蔥 ,,,,,,,,1,1,2013,1
2013-01-22,高雄市,SE6 青蔥 粉蔥 ,15.0,13.1,12.0,13.3,20.91,240.0,150.0,1,2,2013,0
2013-01-23,高雄市,SE6 青蔥 粉蔥 ,,,,,,,,1,3,2013,1
2013-01-24,高雄市,SE6 青蔥 粉蔥 ,,,,,,,,1,4,2013,1
2013-01-25,高雄市,SE6 青蔥 粉蔥 ,8.0,8.0,8.0,8.0,-39.85,36.0,-85.0,1,5,2013,0
2013-01-26,高雄市,SE6 青蔥 粉蔥 ,18.0,11.9,10.0,12.7,58.75,280.0,677.78,1,6,2013,0
2013-01-27,高雄市,SE6 青蔥 粉蔥 ,,,,,,,,1,7,2013,1
2013-01-28,高雄市,SE6 青蔥 粉蔥 ,,,,,,,,1,1,2013,1
2013-01-29,高雄市,SE6 青蔥 粉蔥 ,,,,,,,,1,2,2013,1
2013-01-30,高雄市,SE6 青蔥 粉蔥 ,,,,,,,,1,3,2013,1
2013-01-31,高雄市,SE6 青蔥 粉蔥 ,,,,,,,,1,4,2013,1
2013-02-01,高雄市,SE6 青蔥 粉蔥 ,,,,,,,,2,5,2013,1
2013-02-02,高雄市,SE6 青蔥 粉蔥 ,,,,,,,,2,6,2013,1
2013-02-03,高雄市,SE6 青蔥 粉蔥 ,,,,,,,,2,7,2013,1
2013-02-04,高雄市,SE6 青蔥 粉蔥 ,,,,,,,,2,1,2013,1
2013-02-05,高雄市,SE6 青蔥 粉蔥 ,,,,,,,,2,2,2013,1
2013-02-06,高雄市,SE6 青蔥 粉蔥 ,,,,,,,,2,3,2013,1
2013-02-07,高雄市,SE6 青蔥 粉蔥 ,,,,,,,,2,4,2013,1
2013-02-08,高雄市,SE6 青蔥 粉蔥 ,,,,,,,,2,5,2013,1
2013-02-09,高雄市,SE6 青蔥 粉蔥 ,,,,,,,,2,6,2013,1
2013-02-10,高雄市,SE6 青蔥 粉蔥 ,,,,,,,,2,7,2013,1
2013-02-11,高雄市,SE6 青蔥 粉蔥 ,,,,,,,,2,1,2013,1
2013-02-12,高雄市,SE6 青蔥 粉蔥 ,,,,,,,,2,2,2013,1
2013-02-13,高雄市,SE6 青蔥 粉蔥 ,,,,,,,,2,3,2013,1
2013-02-14,高雄市,SE6 青蔥 粉蔥 ,,,,,,,,2,4,2013,1
2013-02-15,高雄市,SE6 青蔥 粉蔥 ,,,,,,,,2,5,2013,1
2013-02-16,高雄市,SE6 青蔥 粉蔥 ,,,,,,,,2,6,2013,1
2013-02-17,高雄市,SE6 青蔥 粉蔥 ,,,,,,,,2,7,2013,1
2013-02-18,高雄市,SE6 青蔥 粉蔥 ,,,,,,,,2,1,2013,1
2013-02-19,高雄市,SE6 青蔥 粉蔥 ,,,,,,,,2,2,2013,1
2013-02-20,高雄市,SE6 青蔥 粉蔥 ,,,,,,,,2,3,2013,1
2013-02-21,高雄市,SE6 青蔥 粉蔥 ,,,,,,,,2,4,2013,1
2013-02-22,高雄市,SE6 青蔥 粉蔥 ,,,,,,,,2,5,2013,1
2013-02-23,高雄市,SE6 青蔥 粉蔥 ,18.7,16.7,14.6,16.7,31.5,1465.0,423.21,2,6,2013,0
2013-02-24,高雄市,SE6 青蔥 粉蔥 ,18.0,15.0,12.0,15.0,-10.18,120.0,-91.81,2,7,2013,0
2013-02-25,高雄市,SE6 青蔥 粉蔥 ,,,,,,,,2,1,2013,1
2013-02-26,高雄市,SE6 青蔥 粉蔥 ,,,,,,,,2,2,2013,1
2013-02-27,高雄市,SE6 青蔥 粉蔥 ,5.0,5.0,5.0,5.0,-66.67,14.0,-88.33,2,3,2013,0
2013-02-28,高雄市,SE6 青蔥 粉蔥 ,16.9,15.6,15.0,15.8,216.0,348.0,2385.71,2,4,2013,0
2013-03-01,高雄市,SE6 青蔥 粉蔥 ,21.0,15.7,7.8,15.2,-3.8,318.0,-8.62,3,5,2013,0
2013-03-02,高雄市,SE6 青蔥 粉蔥 ,17.0,12.9,6.0,12.4,-18.42,236.0,-25.79,3,6,2013,0
2013-03-03,高雄市,SE6 青蔥 粉蔥 ,,,,,,,,3,7,2013,1
2013-03-04,高雄市,SE6 青蔥 粉蔥 ,,,,,,,,3,1,2013,1
2013-03-05,高雄市,SE6 青蔥 粉蔥 ,18.0,18.0,17.3,17.9,44.35,280.0,18.64,3,2,2013,0
2013-03-06,高雄市,SE6 青蔥 粉蔥 ,20.0,20.0,20.0,20.0,11.73,60.0,-78.57,3,3,2013,0
2013-03-07,高雄市,SE6 青蔥 粉蔥 ,,,,,,,,3,4,2013,1
2013-03-08,高雄市,SE6 青蔥 粉蔥 ,8.0,8.0,8.0,8.0,-60.0,40.0,-33.33,3,5,2013,0
2013-03-09,高雄市,SE6 青蔥 粉蔥 ,13.8,10.0,10.0,10.8,35.0,382.0,855.0,3,6,2013,0
2013-03-10,高雄市,SE6 青蔥 粉蔥 ,,,,,,,,3,7,2013,1
2013-03-11,高雄市,SE6 青蔥 粉蔥 ,,,,,,,,3,1,2013,1
2013-03-12,高雄市,SE6 青蔥 粉蔥 ,,,,,,,,3,2,2013,1
2013-03-13,高雄市,SE6 青蔥 粉蔥 ,15.0,14.2,13.0,14.1,30.56,180.0,-52.88,3,3,2013,0
2013-03-14,高雄市,SE6 青蔥 粉蔥 ,,,,,,,,3,4,2013,1
2013-03-15,高雄市,SE6 青蔥 粉蔥 ,30.0,11.8,8.0,14.7,4.26,491.0,172.78,3,5,2013,0
2013-03-16,高雄市,SE6 青蔥 粉蔥 ,,,,,,,,3,6,2013,1
2013-03-17,高雄市,SE6 青蔥 粉蔥 ,,,,,,,,3,7,2013,1
2013-03-18,高雄市,SE6 青蔥 粉蔥 ,,,,,,,,3,1,2013,1
2013-03-19,高雄市,SE6 青蔥 粉蔥 ,15.4,11.2,6.4,11.1,-24.49,1017.0,107.13,3,2,2013,0
2013-03-20,高雄市,SE6 青蔥 粉蔥 ,7.0,7.0,7.0,7.0,-36.94,345.0,-66.08,3,3,2013,0
2013-03-21,高雄市,SE6 青蔥 粉蔥 ,8.0,8.0,7.0,7.8,11.43,303.0,-12.17,3,4,2013,0
2013-03-22,高雄市,SE6 青蔥 粉蔥 ,,,,,,,,3,5,2013,1
2013-03-23,高雄市,SE6 青蔥 粉蔥 ,,,,,,,,3,6,2013,1
2013-03-24,高雄市,SE6 青蔥 粉蔥 ,,,,,,,,3,7,2013,1
2013-03-25,高雄市,SE6 青蔥 粉蔥 ,,,,,,,,3,1,2013,1
2013-03-26,高雄市,SE6 青蔥 粉蔥 ,17.0,15.1,3.0,13.1,67.95,483.0,59.41,3,2,2013,0
2013-03-27,高雄市,SE6 青蔥 粉蔥 ,18.0,17.4,17.0,17.4,32.82,348.0,-27.95,3,3,2013,0
2013-03-28,高雄市,SE6 青蔥 粉蔥 ,,,,,,,,3,4,2013,1
2013-03-29,高雄市,SE6 青蔥 粉蔥 ,10.0,8.0,7.0,8.2,-52.87,100.0,-71.26,3,5,2013,0
2013-03-30,高雄市,SE6 青蔥 粉蔥 ,13.0,10.5,10.0,10.9,32.93,393.0,293.0,3,6,2013,0
2013-03-31,高雄市,SE6 青蔥 粉蔥 ,10.0,10.0,10.0,10.0,-8.26,210.0,-46.56,3,7,2013,0
2013-04-01,高雄市,SE6 青蔥 粉蔥 ,,,,,,,,4,1,2013,1
2013-04-02,高雄市,SE6 青蔥 粉蔥 ,13.0,13.0,13.0,13.0,30.0,100.0,-52.38,4,2,2013,0
2013-04-03,高雄市,SE6 青蔥 粉蔥 ,13.0,12.1,9.0,11.7,-10.0,180.0,80.0,4,3,2013,0
2013-04-04,高雄市,SE6 青蔥 粉蔥 ,,,,,,,,4,4,2013,1
2013-04-05,高雄市,SE6 青蔥 粉蔥 ,,,,,,,,4,5,2013,1
2013-04-06,高雄市,SE6 青蔥 粉蔥 ,32.0,32.0,32.0,32.0,173.5,24.0,-86.67,4,6,2013,0
2013-04-07,高雄市,SE6 青蔥 粉蔥 ,25.7,20.9,13.0,20.3,-36.56,570.0,2275.0,4,7,2013,0
2013-04-08,高雄市,SE6 青蔥 粉蔥 ,,,,,,,,4,1,2013,1
2013-04-09,高雄市,SE6 青蔥 粉蔥 ,18.0,18.0,18.0,18.0,-11.33,72.0,-87.37,4,2,2013,0
2013-04-10,高雄市,SE6 青蔥 粉蔥 ,25.0,22.5,20.3,22.6,25.56,360.0,400.0,4,3,2013,0
2013-04-11,高雄市,SE6 青蔥 粉蔥 ,,,,,,,,4,4,2013,1
2013-04-12,高雄市,SE6 青蔥 粉蔥 ,,,,,,,,4,5,2013,1
2013-04-13,高雄市,SE6 青蔥 粉蔥 ,18.3,15.6,12.7,15.6,-30.97,1352.0,275.56,4,6,2013,0
2013-04-14,高雄市,SE6 青蔥 粉蔥 ,,,,,,,,4,7,2013,1
2013-04-15,高雄市,SE6 青蔥 粉蔥 ,,,,,,,,4,1,2013,1
2013-04-16,高雄市,SE6 青蔥 粉蔥 ,14.8,12.2,12.0,12.6,-19.23,408.0,-69.82,4,2,2013,0
2013-04-17,高雄市,SE6 青蔥 粉蔥 ,13.0,12.8,10.0,12.3,-2.38,80.0,-80.39,4,3,2013,0
2013-04-18,高雄市,SE6 青蔥 粉蔥 ,,,,,,,,4,4,2013,1
2013-04-19,高雄市,SE6 青蔥 粉蔥 ,17.0,14.3,12.1,14.4,17.07,568.0,610.0,4,5,2013,0
2013-04-20,高雄市,SE6 青蔥 粉蔥 ,13.5,12.2,12.0,12.4,-13.89,297.0,-47.71,4,6,2013,0
2013-04-21,高雄市,SE6 青蔥 粉蔥 ,5.6,5.0,5.0,5.1,-58.87,540.0,81.82,4,7,2013,0
2013-04-22,高雄市,SE6 青蔥 粉蔥 ,,,,,,,,4,1,2013,1
2013-04-23,高雄市,SE6 青蔥 粉蔥 ,,,,,,,,4,2,2013,1
2013-04-24,高雄市,SE6 青蔥 粉蔥 ,,,,,,,,4,3,2013,1
2013-04-25,高雄市,SE6 青蔥 粉蔥 ,3.0,3.0,3.0,3.0,-41.18,120.0,-77.78,4,4,2013,0
2013-04-26,高雄市,SE6 青蔥 粉蔥 ,13.0,8.3,6.0,8.8,193.33,406.0,238.33,4,5,2013,0
2013-04-27,高雄市,SE6 青蔥 粉蔥 ,18.0,17.9,15.0,17.3,96.59,180.0,-55.67,4,6,2013,0
2013-04-28,高雄市,SE6 青蔥 粉蔥 ,,,,,,,,4,7,2013,1
2013-04-29,高雄市,SE6 青蔥 粉蔥 ,,,,,,,,4,1,2013,1
2013-04-30,高雄市,SE6 青蔥 粉蔥 ,22.0,19.8,15.0,19.3,11.56,164.0,-8.89,4,2,2013,0
2013-05-01,高雄市,SE6 青蔥 粉蔥 ,10.0,9.3,7.0,9.0,-53.37,184.0,12.2,5,3,2013,0
2013-05-02,高雄市,SE6 青蔥 粉蔥 ,21.2,13.5,8.0,13.9,54.44,986.0,435.87,5,4,2013,0
2013-05-03,高雄市,SE6 青蔥 粉蔥 ,21.8,14.4,12.0,15.4,10.79,562.0,-43.0,5,5,2013,0
2013-05-04,高雄市,SE6 青蔥 粉蔥 ,21.0,13.2,10.0,14.1,-8.44,392.0,-30.25,5,6,2013,0
2013-05-05,高雄市,SE6 青蔥 粉蔥 ,13.7,10.6,8.2,10.7,-24.11,470.0,19.9,5,7,2013,0
2013-05-06,高雄市,SE6 青蔥 粉蔥 ,,,,,,,,5,1,2013,1
2013-05-07,高雄市,SE6 青蔥 粉蔥 ,,,,,,,,5,2,2013,1
2013-05-08,高雄市,SE6 青蔥 粉蔥 ,,,,,,,,5,3,2013,1
2013-05-09,高雄市,SE6 青蔥 粉蔥 ,10.0,10.0,10.0,10.0,-6.54,60.0,-87.23,5,4,2013,0
2013-05-10,高雄市,SE6 青蔥 粉蔥 ,10.0,10.0,10.0,10.0,0.0,80.0,33.33,5,5,2013,0
2013-05-11,高雄市,SE6 青蔥 粉蔥 ,,,,,,,,5,6,2013,1
2013-05-12,高雄市,SE6 青蔥 粉蔥 ,15.1,12.0,12.0,12.6,26.0,256.0,220.0,5,7,2013,0
2013-05-13,高雄市,SE6 青蔥 粉蔥 ,,,,,,,,5,1,2013,1
2013-05-14,高雄市,SE6 青蔥 粉蔥 ,12.0,12.0,12.0,12.0,-4.76,120.0,-53.12,5,2,2013,0
2013-05-15,高雄市,SE6 青蔥 粉蔥 ,23.0,23.0,23.0,23.0,91.67,40.0,-66.67,5,3,2013,0
2013-05-16,高雄市,SE6 青蔥 粉蔥 ,18.0,16.2,10.7,15.4,-33.04,657.0,1542.5,5,4,2013,0
2013-05-17,高雄市,SE6 青蔥 粉蔥 ,,,,,,,,5,5,2013,1
2013-05-18,高雄市,SE6 青蔥 粉蔥 ,15.0,14.7,12.0,14.2,-7.79,152.0,-76.86,5,6,2013,0
2013-05-19,高雄市,SE6 青蔥 粉蔥 ,15.0,15.0,15.0,15.0,5.63,60.0,-60.53,5,7,2013,0
2013-05-20,高雄市,SE6 青蔥 粉蔥 ,,,,,,,,5,1,2013,1
2013-05-21,高雄市,SE6 青蔥 粉蔥 ,,,,,,,,5,2,2013,1
2013-05-22,高雄市,SE6 青蔥 粉蔥 ,15.0,15.0,15.0,15.0,0.0,20.0,-66.67,5,3,2013,0
2013-05-23,高雄市,SE6 青蔥 粉蔥 ,23.0,20.5,18.0,20.5,36.67,80.0,300.0,5,4,2013,0
2013-05-24,高雄市,SE6 青蔥 粉蔥 ,30.0,15.4,12.0,17.6,-14.15,185.0,131.25,5,5,2013,0
2013-05-25,高雄市,SE6 青蔥 粉蔥 ,,,,,,,,5,6,2013,1
2013-05-26,高雄市,SE6 青蔥 粉蔥 ,11.0,11.0,11.0,11.0,-37.5,40.0,-78.38,5,7,2013,0
2013-05-27,高雄市,SE6 青蔥 粉蔥 ,,,,,,,,5,1,2013,1
2013-05-28,高雄市,SE6 青蔥 粉蔥 ,17.8,16.0,15.0,16.1,46.36,97.0,142.5,5,2,2013,0
2013-05-29,高雄市,SE6 青蔥 粉蔥 ,,,,,,,,5,3,2013,1
2013-05-30,高雄市,SE6 青蔥 粉蔥 ,32.0,25.8,18.0,25.5,58.39,225.0,131.96,5,4,2013,0
2013-05-31,高雄市,SE6 青蔥 粉蔥 ,20.0,20.0,20.0,20.0,-21.57,100.0,-55.56,5,5,2013,0
2013-06-01,高雄市,SE6 青蔥 粉蔥 ,,,,,,,,6,6,2013,1
2013-06-02,高雄市,SE6 青蔥 粉蔥 ,,,,,,,,6,7,2013,1
2013-06-03,高雄市,SE6 青蔥 粉蔥 ,,,,,,,,6,1,2013,1
2013-06-04,高雄市,SE6 青蔥 粉蔥 ,,,,,,,,6,2,2013,1
2013-06-05,高雄市,SE6 青蔥 粉蔥 ,,,,,,,,6,3,2013,1
2013-06-06,高雄市,SE6 青蔥 粉蔥 ,,,,,,,,6,4,2013,1
2013-06-07,高雄市,SE6 青蔥 粉蔥 ,32.0,32.0,32.0,32.0,60.0,44.0,-56.0,6,5,2013,0
2013-06-08,高雄市,SE6 青蔥 粉蔥 ,,,,,,,,6,6,2013,1
2013-06-09,高雄市,SE6 青蔥 粉蔥 ,40.0,40.0,40.0,40.0,25.0,57.0,29.55,6,7,2013,0
2013-06-10,高雄市,SE6 青蔥 粉蔥 ,,,,,,,,6,1,2013,1
2013-06-11,高雄市,SE6 青蔥 粉蔥 ,,,,,,,,6,2,2013,1
2013-06-12,高雄市,SE6 青蔥 粉蔥 ,40.0,39.2,35.0,38.5,-3.75,180.0,215.79,6,3,2013,0
2013-06-13,高雄市,SE6 青蔥 粉蔥 ,,,,,,,,6,4,2013,1
2013-06-14,高雄市,SE6 青蔥 粉蔥 ,,,,,,,,6,5,2013,1
2013-06-15,高雄市,SE6 青蔥 粉蔥 ,,,,,,,,6,6,2013,1
2013-06-16,高雄市,SE6 青蔥 粉蔥 ,35.0,35.0,35.0,35.0,-9.09,60.0,-66.67,6,7,2013,0
2013-06-17,高雄市,SE6 青蔥 粉蔥 ,,,,,,,,6,1,2013,1
2013-06-18,高雄市,SE6 青蔥 粉蔥 ,49.0,37.0,33.0,38.6,10.29,200.0,233.33,6,2,2013,0
2013-06-19,高雄市,SE6 青蔥 粉蔥 ,,,,,,,,6,3,2013,1
2013-06-20,高雄市,SE6 青蔥 粉蔥 ,52.0,51.2,51.0,51.3,32.9,60.0,-70.0,6,4,2013,0
2013-06-21,高雄市,SE6 青蔥 粉蔥 ,,,,,,,,6,5,2013,1
2013-06-22,高雄市,SE6 青蔥 粉蔥 ,,,,,,,,6,6,2013,1
2013-06-23,高雄市,SE6 青蔥 粉蔥 ,,,,,,,,6,7,2013,1
2013-06-24,高雄市,SE6 青蔥 粉蔥 ,,,,,,,,6,1,2013,1
2013-06-25,高雄市,SE6 青蔥 粉蔥 ,,,,,,,,6,2,2013,1
2013-06-26,高雄市,SE6 青蔥 粉蔥 ,,,,,,,,6,3,2013,1
2013-06-27,高雄市,SE6 青蔥 粉蔥 ,,,,,,,,6,4,2013,1
2013-06-28,高雄市,SE6 青蔥 粉蔥 ,35.0,29.1,28.0,30.1,-41.33,280.0,366.67,6,5,2013,0
2013-06-29,高雄市,SE6 青蔥 粉蔥 ,,,,,,,,6,6,2013,1
2013-06-30,高雄市,SE6 青蔥 粉蔥 ,25.0,25.0,25.0,25.0,-16.94,72.0,-74.29,6,7,2013,0
2013-07-01,高雄市,SE6 青蔥 粉蔥 ,,,,,,,,7,1,2013,1
2013-07-02,高雄市,SE6 青蔥 粉蔥 ,,,,,,,,7,2,2013,1
2013-07-03,高雄市,SE6 青蔥 粉蔥 ,,,,,,,,7,3,2013,1
2013-07-04,高雄市,SE6 青蔥 粉蔥 ,,,,,,,,7,4,2013,1
2013-07-05,高雄市,SE6 青蔥 粉蔥 ,,,,,,,,7,5,2013,1
2013-07-06,高雄市,SE6 青蔥 粉蔥 ,,,,,,,,7,6,2013,1
2013-07-07,高雄市,SE6 青蔥 粉蔥 ,,,,,,,,7,7,2013,1
2013-07-08,高雄市,SE6 青蔥 粉蔥 ,,,,,,,,7,1,2013,1
2013-07-09,高雄市,SE6 青蔥 粉蔥 ,57.0,55.7,55.0,55.8,123.2,200.0,177.78,7,2,2013,0
2013-07-10,高雄市,SE6 青蔥 粉蔥 ,59.0,59.0,59.0,59.0,5.73,50.0,-75.0,7,3,2013,0
2013-07-11,高雄市,SE6 青蔥 粉蔥 ,,,,,,,,7,4,2013,1
2013-07-12,高雄市,SE6 青蔥 粉蔥 ,,,,,,,,7,5,2013,1
2013-07-13,高雄市,SE6 青蔥 粉蔥 ,,,,,,,,7,6,2013,1
2013-07-14,高雄市,SE6 青蔥 粉蔥 ,,,,,,,,7,7,2013,1
2013-07-15,高雄市,SE6 青蔥 粉蔥 ,,,,,,,,7,1,2013,1
2013-07-16,高雄市,SE6 青蔥 粉蔥 ,62.0,62.0,62.0,62.0,5.08,12.0,-76.0,7,2,2013,0
2013-07-17,高雄市,SE6 青蔥 粉蔥 ,43.0,43.0,43.0,43.0,-30.65,45.0,275.0,7,3,2013,0
2013-07-18,高雄市,SE6 青蔥 粉蔥 ,60.0,60.0,60.0,60.0,39.53,20.0,-55.56,7,4,2013,0
2013-07-19,高雄市,SE6 青蔥 粉蔥 ,25.0,25.0,25.0,25.0,-58.33,120.0,500.0,7,5,2013,0
2013-07-20,高雄市,SE6 青蔥 粉蔥 ,5.0,5.0,5.0,5.0,-80.0,40.0,-66.67,7,6,2013,0
2013-07-21,高雄市,SE6 青蔥 粉蔥 ,,,,,,,,7,7,2013,1
2013-07-22,高雄市,SE6 青蔥 粉蔥 ,,,,,,,,7,1,2013,1
2013-07-23,高雄市,SE6 青蔥 粉蔥 ,,,,,,,,7,2,2013,1
2013-07-24,高雄市,SE6 青蔥 粉蔥 ,,,,,,,,7,3,2013,1
2013-07-25,高雄市,SE6 青蔥 粉蔥 ,80.0,65.0,50.0,65.0,1200.0,80.0,100.0,7,4,2013,0
2013-07-26,高雄市,SE6 青蔥 粉蔥 ,60.0,60.0,60.0,60.0,-7.69,60.0,-25.0,7,5,2013,0
2013-07-27,高雄市,SE6 青蔥 粉蔥 ,,,,,,,,7,6,2013,1
2013-07-28,高雄市,SE6 青蔥 粉蔥 ,,,,,,,,7,7,2013,1
2013-07-29,高雄市,SE6 青蔥 粉蔥 ,,,,,,,,7,1,2013,1
2013-07-30,高雄市,SE6 青蔥 粉蔥 ,73.8,70.0,46.0,66.0,10.0,131.0,118.33,7,2,2013,0
2013-07-31,高雄市,SE6 青蔥 粉蔥 ,,,,,,,,7,3,2013,1
2013-08-01,高雄市,SE6 青蔥 粉蔥 ,65.0,65.0,65.0,65.0,-1.52,127.0,-3.05,8,4,2013,0
2013-08-02,高雄市,SE6 青蔥 粉蔥 ,61.0,60.7,60.0,60.6,-6.77,65.0,-48.82,8,5,2013,0
2013-08-03,高雄市,SE6 青蔥 粉蔥 ,55.0,55.0,55.0,55.0,-9.24,60.0,-7.69,8,6,2013,0
2013-08-04,高雄市,SE6 青蔥 粉蔥 ,,,,,,,,8,7,2013,1
2013-08-05,高雄市,SE6 青蔥 粉蔥 ,,,,,,,,8,1,2013,1
2013-08-06,高雄市,SE6 青蔥 粉蔥 ,,,,,,,,8,2,2013,1
2013-08-07,高雄市,SE6 青蔥 粉蔥 ,,,,,,,,8,3,2013,1
2013-08-08,高雄市,SE6 青蔥 粉蔥 ,,,,,,,,8,4,2013,1
2013-08-09,高雄市,SE6 青蔥 粉蔥 ,,,,,,,,8,5,2013,1
2013-08-10,高雄市,SE6 青蔥 粉蔥 ,,,,,,,,8,6,2013,1
2013-08-11,高雄市,SE6 青蔥 粉蔥 ,,,,,,,,8,7,2013,1
2013-08-12,高雄市,SE6 青蔥 粉蔥 ,,,,,,,,8,1,2013,1
2013-08-13,高雄市,SE6 青蔥 粉蔥 ,36.6,21.6,15.0,23.2,-57.82,549.0,815.0,8,2,2013,0
2013-08-14,高雄市,SE6 青蔥 粉蔥 ,25.0,25.0,25.0,25.0,7.76,40.0,-92.71,8,3,2013,0
2013-08-15,高雄市,SE6 青蔥 粉蔥 ,38.0,32.0,25.0,31.8,27.2,197.0,392.5,8,4,2013,0
2013-08-16,高雄市,SE6 青蔥 粉蔥 ,22.0,22.0,22.0,22.0,-30.82,38.0,-80.71,8,5,2013,0
2013-08-17,高雄市,SE6 青蔥 粉蔥 ,30.0,27.2,20.9,26.5,20.45,449.0,1081.58,8,6,2013,0
2013-08-18,高雄市,SE6 青蔥 粉蔥 ,,,,,,,,8,7,2013,1
2013-08-19,高雄市,SE6 青蔥 粉蔥 ,,,,,,,,8,1,2013,1
2013-08-20,高雄市,SE6 青蔥 粉蔥 ,30.0,29.0,27.0,28.8,8.68,125.0,-72.16,8,2,2013,0
2013-08-21,高雄市,SE6 青蔥 粉蔥 ,,,,,,,,8,3,2013,1
2013-08-22,高雄市,SE6 青蔥 粉蔥 ,,,,,,,,8,4,2013,1
2013-08-23,高雄市,SE6 青蔥 粉蔥 ,,,,,,,,8,5,2013,1
2013-08-24,高雄市,SE6 青蔥 粉蔥 ,,,,,,,,8,6,2013,1
2013-08-25,高雄市,SE6 青蔥 粉蔥 ,,,,,,,,8,7,2013,1
2013-08-26,高雄市,SE6 青蔥 粉蔥 ,,,,,,,,8,1,2013,1
2013-08-27,高雄市,SE6 青蔥 粉蔥 ,,,,,,,,8,2,2013,1
2013-08-28,高雄市,SE6 青蔥 粉蔥 ,,,,,,,,8,3,2013,1
2013-08-29,高雄市,SE6 青蔥 粉蔥 ,,,,,,,,8,4,2013,1
2013-08-30,高雄市,SE6 青蔥 粉蔥 ,,,,,,,,8,5,2013,1
2013-08-31,高雄市,SE6 青蔥 粉蔥 ,,,,,,,,8,6,2013,1
2013-09-01,高雄市,SE6 青蔥 粉蔥 ,,,,,,,,9,7,2013,1
2013-09-02,高雄市,SE6 青蔥 粉蔥 ,,,,,,,,9,1,2013,1
2013-09-03,高雄市,SE6 青蔥 粉蔥 ,25.0,25.0,25.0,25.0,-13.19,50.0,-60.0,9,2,2013,0
2013-09-04,高雄市,SE6 青蔥 粉蔥 ,88.0,88.0,88.0,88.0,252.0,80.0,60.0,9,3,2013,0
2013-09-05,高雄市,SE6 青蔥 粉蔥 ,90.0,88.7,88.0,88.8,0.91,96.0,20.0,9,4,2013,0
2013-09-06,高雄市,SE6 青蔥 粉蔥 ,90.0,90.0,90.0,90.0,1.35,40.0,-58.33,9,5,2013,0
2013-09-07,高雄市,SE6 青蔥 粉蔥 ,,,,,,,,9,6,2013,1
2013-09-08,高雄市,SE6 青蔥 粉蔥 ,150.0,150.0,150.0,150.0,66.67,40.0,0.0,9,7,2013,0
2013-09-09,高雄市,SE6 青蔥 粉蔥 ,,,,,,,,9,1,2013,1
2013-09-10,高雄市,SE6 青蔥 粉蔥 ,141.0,141.0,141.0,141.0,-6.0,76.0,90.0,9,2,2013,0
2013-09-11,高雄市,SE6 青蔥 粉蔥 ,,,,,,,,9,3,2013,1
2013-09-12,高雄市,SE6 青蔥 粉蔥 ,,,,,,,,9,4,2013,1
2013-09-13,高雄市,SE6 青蔥 粉蔥 ,,,,,,,,9,5,2013,1
2013-09-14,高雄市,SE6 青蔥 粉蔥 ,120.0,120.0,120.0,120.0,-14.89,30.0,-60.53,9,6,2013,0
2013-09-15,高雄市,SE6 青蔥 粉蔥 ,,,,,,,,9,7,2013,1
2013-09-16,高雄市,SE6 青蔥 粉蔥 ,,,,,,,,9,1,2013,1
2013-09-17,高雄市,SE6 青蔥 粉蔥 ,40.0,40.0,40.0,40.0,-66.67,21.0,-30.0,9,2,2013,0
2013-09-18,高雄市,SE6 青蔥 粉蔥 ,,,,,,,,9,3,2013,1
2013-09-19,高雄市,SE6 青蔥 粉蔥 ,,,,,,,,9,4,2013,1
2013-09-20,高雄市,SE6 青蔥 粉蔥 ,,,,,,,,9,5,2013,1
2013-09-21,高雄市,SE6 青蔥 粉蔥 ,,,,,,,,9,6,2013,1
2013-09-22,高雄市,SE6 青蔥 粉蔥 ,100.0,100.0,100.0,100.0,150.0,60.0,185.71,9,7,2013,0
2013-09-23,高雄市,SE6 青蔥 粉蔥 ,,,,,,,,9,1,2013,1
2013-09-24,高雄市,SE6 青蔥 粉蔥 ,110.0,110.0,110.0,110.0,10.0,40.0,-33.33,9,2,2013,0
2013-09-25,高雄市,SE6 青蔥 粉蔥 ,70.0,65.0,60.0,65.0,-40.91,120.0,200.0,9,3,2013,0
2013-09-26,高雄市,SE6 青蔥 粉蔥 ,,,,,,,,9,4,2013,1
2013-09-27,高雄市,SE6 青蔥 粉蔥 ,,,,,,,,9,5,2013,1
2013-09-28,高雄市,SE6 青蔥 粉蔥 ,,,,,,,,9,6,2013,1
2013-09-29,高雄市,SE6 青蔥 粉蔥 ,,,,,,,,9,7,2013,1
2013-09-30,高雄市,SE6 青蔥 粉蔥 ,,,,,,,,9,1,2013,1
2013-10-01,高雄市,SE6 青蔥 粉蔥 ,,,,,,,,10,2,2013,1
2013-10-02,高雄市,SE6 青蔥 粉蔥 ,,,,,,,,10,3,2013,1
2013-10-03,高雄市,SE6 青蔥 粉蔥 ,,,,,,,,10,4,2013,1
2013-10-04,高雄市,SE6 青蔥 粉蔥 ,,,,,,,,10,5,2013,1
2013-10-05,高雄市,SE6 青蔥 粉蔥 ,,,,,,,,10,6,2013,1
2013-10-06,高雄市,SE6 青蔥 粉蔥 ,,,,,,,,10,7,2013,1
2013-10-07,高雄市,SE6 青蔥 粉蔥 ,,,,,,,,10,1,2013,1
2013-10-08,高雄市,SE6 青蔥 粉蔥 ,,,,,,,,10,2,2013,1
2013-10-09,高雄市,SE6 青蔥 粉蔥 ,,,,,,,,10,3,2013,1
2013-10-10,高雄市,SE6 青蔥 粉蔥 ,,,,,,,,10,4,2013,1
2013-10-11,高雄市,SE6 青蔥 粉蔥 ,,,,,,,,10,5,2013,1
2013-10-12,高雄市,SE6 青蔥 粉蔥 ,,,,,,,,10,6,2013,1
2013-10-13,高雄市,SE6 青蔥 粉蔥 ,,,,,,,,10,7,2013,1
2013-10-14,高雄市,SE6 青蔥 粉蔥 ,,,,,,,,10,1,2013,1
2013-10-15,高雄市,SE6 青蔥 粉蔥 ,,,,,,,,10,2,2013,1
2013-10-16,高雄市,SE6 青蔥 粉蔥 ,,,,,,,,10,3,2013,1
2013-10-17,高雄市,SE6 青蔥 粉蔥 ,60.0,60.0,60.0,60.0,-7.69,40.0,-66.67,10,4,2013,0
2013-10-18,高雄市,SE6 青蔥 粉蔥 ,,,,,,,,10,5,2013,1
2013-10-19,高雄市,SE6 青蔥 粉蔥 ,,,,,,,,10,6,2013,1
2013-10-20,高雄市,SE6 青蔥 粉蔥 ,,,,,,,,10,7,2013,1
2013-10-21,高雄市,SE6 青蔥 粉蔥 ,,,,,,,,10,1,2013,1
2013-10-22,高雄市,SE6 青蔥 粉蔥 ,,,,,,,,10,2,2013,1
2013-10-23,高雄市,SE6 青蔥 粉蔥 ,,,,,,,,10,3,2013,1
2013-10-24,高雄市,SE6 青蔥 粉蔥 ,,,,,,,,10,4,2013,1
2013-10-25,高雄市,SE6 青蔥 粉蔥 ,,,,,,,,10,5,2013,1
2013-10-26,高雄市,SE6 青蔥 粉蔥 ,,,,,,,,10,6,2013,1
2013-10-27,高雄市,SE6 青蔥 粉蔥 ,,,,,,,,10,7,2013,1
2013-10-28,高雄市,SE6 青蔥 粉蔥 ,,,,,,,,10,1,2013,1
2013-10-29,高雄市,SE6 青蔥 粉蔥 ,,,,,,,,10,2,2013,1
2013-10-30,高雄市,SE6 青蔥 粉蔥 ,,,,,,,,10,3,2013,1
2013-10-31,高雄市,SE6 青蔥 粉蔥 ,,,,,,,,10,4,2013,1
2013-11-01,高雄市,SE6 青蔥 粉蔥 ,,,,,,,,11,5,2013,1
2013-11-02,高雄市,SE6 青蔥 粉蔥 ,,,,,,,,11,6,2013,1
2013-11-03,高雄市,SE6 青蔥 粉蔥 ,,,,,,,,11,7,2013,1
2013-11-04,高雄市,SE6 青蔥 粉蔥 ,,,,,,,,11,1,2013,1
2013-11-05,高雄市,SE6 青蔥 粉蔥 ,,,,,,,,11,2,2013,1
2013-11-06,高雄市,SE6 青蔥 粉蔥 ,,,,,,,,11,3,2013,1
2013-11-07,高雄市,SE6 青蔥 粉蔥 ,,,,,,,,11,4,2013,1
2013-11-08,高雄市,SE6 青蔥 粉蔥 ,,,,,,,,11,5,2013,1
2013-11-09,高雄市,SE6 青蔥 粉蔥 ,,,,,,,,11,6,2013,1
2013-11-10,高雄市,SE6 青蔥 粉蔥 ,,,,,,,,11,7,2013,1
2013-11-11,高雄市,SE6 青蔥 粉蔥 ,,,,,,,,11,1,2013,1
2013-11-12,高雄市,SE6 青蔥 粉蔥 ,,,,,,,,11,2,2013,1
2013-11-13,高雄市,SE6 青蔥 粉蔥 ,,,,,,,,11,3,2013,1
2013-11-14,高雄市,SE6 青蔥 粉蔥 ,,,,,,,,11,4,2013,1
2013-11-15,高雄市,SE6 青蔥 粉蔥 ,,,,,,,,11,5,2013,1
2013-11-16,高雄市,SE6 青蔥 粉蔥 ,,,,,,,,11,6,2013,1
2013-11-17,高雄市,SE6 青蔥 粉蔥 ,,,,,,,,11,7,2013,1
2013-11-18,高雄市,SE6 青蔥 粉蔥 ,,,,,,,,11,1,2013,1
2013-11-19,高雄市,SE6 青蔥 粉蔥 ,,,,,,,,11,2,2013,1
2013-11-20,高雄市,SE6 青蔥 粉蔥 ,,,,,,,,11,3,2013,1
2013-11-21,高雄市,SE6 青蔥 粉蔥 ,,,,,,,,11,4,2013,1
2013-11-22,高雄市,SE6 青蔥 粉蔥 ,,,,,,,,11,5,2013,1
2013-11-23,高雄市,SE6 青蔥 粉蔥 ,,,,,,,,11,6,2013,1
2013-11-24,高雄市,SE6 青蔥 粉蔥 ,,,,,,,,11,7,2013,1
2013-11-25,高雄市,SE6 青蔥 粉蔥 ,,,,,,,,11,1,2013,1
2013-11-26,高雄市,SE6 青蔥 粉蔥 ,,,,,,,,11,2,2013,1
2013-11-27,高雄市,SE6 青蔥 粉蔥 ,,,,,,,,11,3,2013,1
2013-11-28,高雄市,SE6 青蔥 粉蔥 ,,,,,,,,11,4,2013,1
2013-11-29,高雄市,SE6 青蔥 粉蔥 ,,,,,,,,11,5,2013,1
2013-11-30,高雄市,SE6 青蔥 粉蔥 ,,,,,,,,11,6,2013,1
2013-12-01,高雄市,SE6 青蔥 粉蔥 ,,,,,,,,12,7,2013,1
2013-12-02,高雄市,SE6 青蔥 粉蔥 ,,,,,,,,12,1,2013,1
2013-12-03,高雄市,SE6 青蔥 粉蔥 ,,,,,,,,12,2,2013,1
2013-12-04,高雄市,SE6 青蔥 粉蔥 ,,,,,,,,12,3,2013,1
2013-12-05,高雄市,SE6 青蔥 粉蔥 ,,,,,,,,12,4,2013,1
2013-12-06,高雄市,SE6 青蔥 粉蔥 ,,,,,,,,12,5,2013,1
2013-12-07,高雄市,SE6 青蔥 粉蔥 ,,,,,,,,12,6,2013,1
2013-12-08,高雄市,SE6 青蔥 粉蔥 ,,,,,,,,12,7,2013,1
2013-12-09,高雄市,SE6 青蔥 粉蔥 ,,,,,,,,12,1,2013,1
2013-12-10,高雄市,SE6 青蔥 粉蔥 ,,,,,,,,12,2,2013,1
2013-12-11,高雄市,SE6 青蔥 粉蔥 ,,,,,,,,12,3,2013,1
2013-12-12,高雄市,SE6 青蔥 粉蔥 ,,,,,,,,12,4,2013,1
2013-12-13,高雄市,SE6 青蔥 粉蔥 ,,,,,,,,12,5,2013,1
2013-12-14,高雄市,SE6 青蔥 粉蔥 ,,,,,,,,12,6,2013,1
2013-12-15,高雄市,SE6 青蔥 粉蔥 ,,,,,,,,12,7,2013,1
2013-12-16,高雄市,SE6 青蔥 粉蔥 ,,,,,,,,12,1,2013,1
2013-12-17,高雄市,SE6 青蔥 粉蔥 ,10.0,10.0,10.0,10.0,-83.33,100.0,150.0,12,2,2013,0
2013-12-18,高雄市,SE6 青蔥 粉蔥 ,,,,,,,,12,3,2013,1
2013-12-19,高雄市,SE6 青蔥 粉蔥 ,,,,,,,,12,4,2013,1
2013-12-20,高雄市,SE6 青蔥 粉蔥 ,,,,,,,,12,5,2013,1
2013-12-21,高雄市,SE6 青蔥 粉蔥 ,,,,,,,,12,6,2013,1
2013-12-22,高雄市,SE6 青蔥 粉蔥 ,,,,,,,,12,7,2013,1
2013-12-23,高雄市,SE6 青蔥 粉蔥 ,,,,,,,,12,1,2013,1
2013-12-24,高雄市,SE6 青蔥 粉蔥 ,,,,,,,,12,2,2013,1
2013-12-25,高雄市,SE6 青蔥 粉蔥 ,,,,,,,,12,3,2013,1
2013-12-26,高雄市,SE6 青蔥 粉蔥 ,,,,,,,,12,4,2013,1
2013-12-27,高雄市,SE6 青蔥 粉蔥 ,,,,,,,,12,5,2013,1
2013-12-28,高雄市,SE6 青蔥 粉蔥 ,,,,,,,,12,6,2013,1
2013-12-29,高雄市,SE6 青蔥 粉蔥 ,,,,,,,,12,7,2013,1
2013-12-30,高雄市,SE6 青蔥 粉蔥 ,,,,,,,,12,1,2013,1
2013-12-31,高雄市,SE6 青蔥 粉蔥 ,,,,,,,,12,2,2013,1
2014-01-01,高雄市,SE6 青蔥 粉蔥 ,,,,,,,,1,3,2014,1
2014-01-02,高雄市,SE6 青蔥 粉蔥 ,,,,,,,,1,4,2014,1
2014-01-03,高雄市,SE6 青蔥 粉蔥 ,,,,,,,,1,5,2014,1
2014-01-04,高雄市,SE6 青蔥 粉蔥 ,,,,,,,,1,6,2014,1
2014-01-05,高雄市,SE6 青蔥 粉蔥 ,,,,,,,,1,7,2014,1
2014-01-06,高雄市,SE6 青蔥 粉蔥 ,,,,,,,,1,1,2014,1
2014-01-07,高雄市,SE6 青蔥 粉蔥 ,,,,,,,,1,2,2014,1
2014-01-08,高雄市,SE6 青蔥 粉蔥 ,,,,,,,,1,3,2014,1
2014-01-09,高雄市,SE6 青蔥 粉蔥 ,12.0,12.0,12.0,12.0,20.0,80.0,-20.0,1,4,2014,0
2014-01-10,高雄市,SE6 青蔥 粉蔥 ,,,,,,,,1,5,2014,1
2014-01-11,高雄市,SE6 青蔥 粉蔥 ,,,,,,,,1,6,2014,1
2014-01-12,高雄市,SE6 青蔥 粉蔥 ,,,,,,,,1,7,2014,1
2014-01-13,高雄市,SE6 青蔥 粉蔥 ,,,,,,,,1,1,2014,1
2014-01-14,高雄市,SE6 青蔥 粉蔥 ,,,,,,,,1,2,2014,1
2014-01-15,高雄市,SE6 青蔥 粉蔥 ,,,,,,,,1,3,2014,1
2014-01-16,高雄市,SE6 青蔥 粉蔥 ,,,,,,,,1,4,2014,1
2014-01-17,高雄市,SE6 青蔥 粉蔥 ,,,,,,,,1,5,2014,1
2014-01-18,高雄市,SE6 青蔥 粉蔥 ,,,,,,,,1,6,2014,1
2014-01-19,高雄市,SE6 青蔥 粉蔥 ,,,,,,,,1,7,2014,1
2014-01-20,高雄市,SE6 青蔥 粉蔥 ,,,,,,,,1,1,2014,1
2014-01-21,高雄市,SE6 青蔥 粉蔥 ,,,,,,,,1,2,2014,1
2014-01-22,高雄市,SE6 青蔥 粉蔥 ,,,,,,,,1,3,2014,1
2014-01-23,高雄市,SE6 青蔥 粉蔥 ,,,,,,,,1,4,2014,1
2014-01-24,高雄市,SE6 青蔥 粉蔥 ,,,,,,,,1,5,2014,1
2014-01-25,高雄市,SE6 青蔥 粉蔥 ,,,,,,,,1,6,2014,1
2014-01-26,高雄市,SE6 青蔥 粉蔥 ,,,,,,,,1,7,2014,1
2014-01-27,高雄市,SE6 青蔥 粉蔥 ,15.0,15.0,15.0,15.0,25.0,300.0,275.0,1,1,2014,0
2014-01-28,高雄市,SE6 青蔥 粉蔥 ,,,,,,,,1,2,2014,1
2014-01-29,高雄市,SE6 青蔥 粉蔥 ,,,,,,,,1,3,2014,1
2014-01-30,高雄市,SE6 青蔥 粉蔥 ,,,,,,,,1,4,2014,1
2014-01-31,高雄市,SE6 青蔥 粉蔥 ,,,,,,,,1,5,2014,1
2014-02-01,高雄市,SE6 青蔥 粉蔥 ,,,,,,,,2,6,2014,1
2014-02-02,高雄市,SE6 青蔥 粉蔥 ,,,,,,,,2,7,2014,1
2014-02-03,高雄市,SE6 青蔥 粉蔥 ,,,,,,,,2,1,2014,1
2014-02-04,高雄市,SE6 青蔥 粉蔥 ,,,,,,,,2,2,2014,1
2014-02-05,高雄市,SE6 青蔥 粉蔥 ,,,,,,,,2,3,2014,1
2014-02-06,高雄市,SE6 青蔥 粉蔥 ,,,,,,,,2,4,2014,1
2014-02-07,高雄市,SE6 青蔥 粉蔥 ,,,,,,,,2,5,2014,1
2014-02-08,高雄市,SE6 青蔥 粉蔥 ,,,,,,,,2,6,2014,1
2014-02-09,高雄市,SE6 青蔥 粉蔥 ,,,,,,,,2,7,2014,1
2014-02-10,高雄市,SE6 青蔥 粉蔥 ,,,,,,,,2,1,2014,1
2014-02-11,高雄市,SE6 青蔥 粉蔥 ,,,,,,,,2,2,2014,1
2014-02-12,高雄市,SE6 青蔥 粉蔥 ,,,,,,,,2,3,2014,1
2014-02-13,高雄市,SE6 青蔥 粉蔥 ,15.9,13.7,11.4,13.7,-8.67,852.0,184.0,2,4,2014,0
2014-02-14,高雄市,SE6 青蔥 粉蔥 ,14.9,11.5,10.0,11.8,-13.87,968.0,13.62,2,5,2014,0
2014-02-15,高雄市,SE6 青蔥 粉蔥 ,,,,,,,,2,6,2014,1
2014-02-16,高雄市,SE6 青蔥 粉蔥 ,,,,,,,,2,7,2014,1
2014-02-17,高雄市,SE6 青蔥 粉蔥 ,,,,,,,,2,1,2014,1
2014-02-18,高雄市,SE6 青蔥 粉蔥 ,25.0,19.9,13.9,19.7,66.95,1014.0,4.75,2,2,2014,0
2014-02-19,高雄市,SE6 青蔥 粉蔥 ,16.7,12.7,10.3,13.0,-34.01,556.0,-45.17,2,3,2014,0
2014-02-20,高雄市,SE6 青蔥 粉蔥 ,18.0,12.7,9.3,13.1,0.77,1080.0,94.24,2,4,2014,0
2014-02-21,高雄市,SE6 青蔥 粉蔥 ,11.0,10.4,9.5,10.3,-21.37,267.0,-75.28,2,5,2014,0
2014-02-22,高雄市,SE6 青蔥 粉蔥 ,,,,,,,,2,6,2014,1
2014-02-23,高雄市,SE6 青蔥 粉蔥 ,17.0,14.2,12.0,14.3,38.83,306.0,14.61,2,7,2014,0
2014-02-24,高雄市,SE6 青蔥 粉蔥 ,,,,,,,,2,1,2014,1
2014-02-25,高雄市,SE6 青蔥 粉蔥 ,18.0,13.8,12.4,14.4,0.7,461.0,50.65,2,2,2014,0
2014-02-26,高雄市,SE6 青蔥 粉蔥 ,12.1,8.8,8.0,9.3,-35.42,416.0,-9.76,2,3,2014,0
2014-02-27,高雄市,SE6 青蔥 粉蔥 ,12.7,10.6,7.5,10.4,11.83,980.0,135.58,2,4,2014,0
2014-02-28,高雄市,SE6 青蔥 粉蔥 ,10.5,9.0,8.5,9.2,-11.54,597.0,-39.08,2,5,2014,0
2014-03-01,高雄市,SE6 青蔥 粉蔥 ,13.0,12.8,12.0,12.7,38.04,153.0,-74.37,3,6,2014,0
2014-03-02,高雄市,SE6 青蔥 粉蔥 ,12.6,11.5,8.0,11.0,-13.39,320.0,109.15,3,7,2014,0
2014-03-03,高雄市,SE6 青蔥 粉蔥 ,,,,,,,,3,1,2014,1
2014-03-04,高雄市,SE6 青蔥 粉蔥 ,12.9,9.6,6.5,9.7,-11.82,1025.0,220.31,3,2,2014,0
2014-03-05,高雄市,SE6 青蔥 粉蔥 ,13.7,10.5,9.0,10.9,12.37,280.0,-72.68,3,3,2014,0
2014-03-06,高雄市,SE6 青蔥 粉蔥 ,15.3,11.5,9.2,11.8,8.26,660.0,135.71,3,4,2014,0
2014-03-07,高雄市,SE6 青蔥 粉蔥 ,13.0,11.8,10.2,11.7,-0.85,590.0,-10.61,3,5,2014,0
2014-03-08,高雄市,SE6 青蔥 粉蔥 ,12.7,10.3,7.6,10.2,-12.82,1125.0,90.68,3,6,2014,0
2014-03-09,高雄市,SE6 青蔥 粉蔥 ,15.9,11.2,8.4,11.6,13.73,1566.0,39.2,3,7,2014,0
2014-03-10,高雄市,SE6 青蔥 粉蔥 ,,,,,,,,3,1,2014,1
2014-03-11,高雄市,SE6 青蔥 粉蔥 ,16.0,13.5,12.0,13.7,18.1,785.0,-49.87,3,2,2014,0
2014-03-12,高雄市,SE6 青蔥 粉蔥 ,14.9,12.9,11.6,13.1,-4.38,845.0,7.64,3,3,2014,0
2014-03-13,高雄市,SE6 青蔥 粉蔥 ,13.0,13.0,13.0,13.0,-0.76,120.0,-85.8,3,4,2014,0
2014-03-14,高雄市,SE6 青蔥 粉蔥 ,20.0,18.8,15.6,18.4,41.54,574.0,378.33,3,5,2014,0
2014-03-15,高雄市,SE6 青蔥 粉蔥 ,18.0,18.0,18.0,18.0,-2.17,40.0,-93.03,3,6,2014,0
2014-03-16,高雄市,SE6 青蔥 粉蔥 ,20.6,16.0,13.5,16.4,-8.89,1472.0,3580.0,3,7,2014,0
2014-03-17,高雄市,SE6 青蔥 粉蔥 ,,,,,,,,3,1,2014,1
2014-03-18,高雄市,SE6 青蔥 粉蔥 ,17.0,14.5,13.0,14.7,-10.37,765.0,-48.03,3,2,2014,0
2014-03-19,高雄市,SE6 青蔥 粉蔥 ,15.5,14.2,11.0,13.8,-6.12,425.0,-44.44,3,3,2014,0
2014-03-20,高雄市,SE6 青蔥 粉蔥 ,12.6,11.8,9.8,11.6,-15.94,860.0,102.35,3,4,2014,0
2014-03-21,高雄市,SE6 青蔥 粉蔥 ,13.0,11.7,11.0,11.8,1.72,105.0,-87.79,3,5,2014,0
2014-03-22,高雄市,SE6 青蔥 粉蔥 ,12.0,11.5,9.5,11.2,-5.08,429.0,308.57,3,6,2014,0
2014-03-23,高雄市,SE6 青蔥 粉蔥 ,20.0,16.6,13.0,16.6,48.21,332.0,-22.61,3,7,2014,0
2014-03-24,高雄市,SE6 青蔥 粉蔥 ,,,,,,,,3,1,2014,1
2014-03-25,高雄市,SE6 青蔥 粉蔥 ,17.0,16.3,15.0,16.2,-2.41,249.0,-25.0,3,2,2014,0
2014-03-26,高雄市,SE6 青蔥 粉蔥 ,,,,,,,,3,3,2014,1
2014-03-27,高雄市,SE6 青蔥 粉蔥 ,,,,,,,,3,4,2014,1
2014-03-28,高雄市,SE6 青蔥 粉蔥 ,19.0,14.7,13.0,15.2,-6.17,200.0,-19.68,3,5,2014,0
2014-03-29,高雄市,SE6 青蔥 粉蔥 ,15.0,13.0,10.0,12.8,-15.79,185.0,-7.5,3,6,2014,0
2014-03-30,高雄市,SE6 青蔥 粉蔥 ,,,,,,,,3,7,2014,1
2014-03-31,高雄市,SE6 青蔥 粉蔥 ,,,,,,,,3,1,2014,1
2014-04-01,高雄市,SE6 青蔥 粉蔥 ,,,,,,,,4,2,2014,1
2014-04-02,高雄市,SE6 青蔥 粉蔥 ,,,,,,,,4,3,2014,1
2014-04-03,高雄市,SE6 青蔥 粉蔥 ,15.0,15.0,15.0,15.0,17.19,380.0,105.41,4,4,2014,0
2014-04-04,高雄市,SE6 青蔥 粉蔥 ,12.0,12.0,12.0,12.0,-20.0,72.0,-81.05,4,5,2014,0
2014-04-05,高雄市,SE6 青蔥 粉蔥 ,,,,,,,,4,6,2014,1
2014-04-06,高雄市,SE6 青蔥 粉蔥 ,,,,,,,,4,7,2014,1
2014-04-07,高雄市,SE6 青蔥 粉蔥 ,,,,,,,,4,1,2014,1
2014-04-08,高雄市,SE6 青蔥 粉蔥 ,20.0,20.0,20.0,20.0,66.67,60.0,-16.67,4,2,2014,0
2014-04-09,高雄市,SE6 青蔥 粉蔥 ,17.0,16.6,15.0,16.4,-18.0,501.0,735.0,4,3,2014,0
2014-04-10,高雄市,SE6 青蔥 粉蔥 ,14.8,14.1,13.0,14.0,-14.63,320.0,-36.13,4,4,2014,0
2014-04-11,高雄市,SE6 青蔥 粉蔥 ,12.0,12.0,12.0,12.0,-14.29,200.0,-37.5,4,5,2014,0
2014-04-12,高雄市,SE6 青蔥 粉蔥 ,15.0,14.8,14.5,14.8,23.33,200.0,0.0,4,6,2014,0
2014-04-13,高雄市,SE6 青蔥 粉蔥 ,20.3,13.5,13.0,14.8,0.0,160.0,-20.0,4,7,2014,0
2014-04-14,高雄市,SE6 青蔥 粉蔥 ,,,,,,,,4,1,2014,1
2014-04-15,高雄市,SE6 青蔥 粉蔥 ,16.0,15.5,15.0,15.5,4.73,195.0,21.88,4,2,2014,0
2014-04-16,高雄市,SE6 青蔥 粉蔥 ,,,,,,,,4,3,2014,1
2014-04-17,高雄市,SE6 青蔥 粉蔥 ,,,,,,,,4,4,2014,1
2014-04-18,高雄市,SE6 青蔥 粉蔥 ,18.0,18.0,18.0,18.0,16.13,183.0,-6.15,4,5,2014,0
2014-04-19,高雄市,SE6 青蔥 粉蔥 ,15.0,14.7,10.0,13.8,-23.33,240.0,31.15,4,6,2014,0
2014-04-20,高雄市,SE6 青蔥 粉蔥 ,22.0,20.0,15.0,19.4,40.58,400.0,66.67,4,7,2014,0
2014-04-21,高雄市,SE6 青蔥 粉蔥 ,,,,,,,,4,1,2014,1
2014-04-22,高雄市,SE6 青蔥 粉蔥 ,18.0,16.7,12.0,16.0,-17.53,475.0,18.75,4,2,2014,0
2014-04-23,高雄市,SE6 青蔥 粉蔥 ,15.0,14.1,13.0,14.0,-12.5,422.0,-11.16,4,3,2014,0
2014-04-24,高雄市,SE6 青蔥 粉蔥 ,18.0,18.0,18.0,18.0,28.57,40.0,-90.52,4,4,2014,0
2014-04-25,高雄市,SE6 青蔥 粉蔥 ,15.0,13.2,12.0,13.3,-26.11,640.0,1500.0,4,5,2014,0
2014-04-26,高雄市,SE6 青蔥 粉蔥 ,15.0,14.5,14.0,14.5,9.02,80.0,-87.5,4,6,2014,0
2014-04-27,高雄市,SE6 青蔥 粉蔥 ,,,,,,,,4,7,2014,1
2014-04-28,高雄市,SE6 青蔥 粉蔥 ,,,,,,,,4,1,2014,1
2014-04-29,高雄市,SE6 青蔥 粉蔥 ,,,,,,,,4,2,2014,1
2014-04-30,高雄市,SE6 青蔥 粉蔥 ,23.0,21.0,16.0,20.4,40.69,400.0,400.0,4,3,2014,0
2014-05-01,高雄市,SE6 青蔥 粉蔥 ,,,,,,,,5,4,2014,1
2014-05-02,高雄市,SE6 青蔥 粉蔥 ,,,,,,,,5,5,2014,1
2014-05-03,高雄市,SE6 青蔥 粉蔥 ,20.0,17.3,11.0,16.6,-18.63,348.0,-13.0,5,6,2014,0
2014-05-04,高雄市,SE6 青蔥 粉蔥 ,,,,,,,,5,7,2014,1
2014-05-05,高雄市,SE6 青蔥 粉蔥 ,,,,,,,,5,1,2014,1
2014-05-06,高雄市,SE6 青蔥 粉蔥 ,,,,,,,,5,2,2014,1
2014-05-07,高雄市,SE6 青蔥 粉蔥 ,,,,,,,,5,3,2014,1
2014-05-08,高雄市,SE6 青蔥 粉蔥 ,20.0,19.4,18.0,19.2,15.66,260.0,-25.29,5,4,2014,0
2014-05-09,高雄市,SE6 青蔥 粉蔥 ,,,,,,,,5,5,2014,1
2014-05-10,高雄市,SE6 青蔥 粉蔥 ,,,,,,,,5,6,2014,1
2014-05-11,高雄市,SE6 青蔥 粉蔥 ,18.0,18.0,18.0,18.0,-6.25,120.0,-53.85,5,7,2014,0
2014-05-12,高雄市,SE6 青蔥 粉蔥 ,,,,,,,,5,1,2014,1
2014-05-13,高雄市,SE6 青蔥 粉蔥 ,29.0,21.5,8.0,20.3,12.78,372.0,210.0,5,2,2014,0
2014-05-14,高雄市,SE6 青蔥 粉蔥 ,27.0,23.5,20.0,23.5,15.76,534.0,43.55,5,3,2014,0
2014-05-15,高雄市,SE6 青蔥 粉蔥 ,,,,,,,,5,4,2014,1
2014-05-16,高雄市,SE6 青蔥 粉蔥 ,,,,,,,,5,5,2014,1
2014-05-17,高雄市,SE6 青蔥 粉蔥 ,,,,,,,,5,6,2014,1
2014-05-18,高雄市,SE6 青蔥 粉蔥 ,25.0,25.0,25.0,25.0,6.38,60.0,-88.76,5,7,2014,0
2014-05-19,高雄市,SE6 青蔥 粉蔥 ,,,,,,,,5,1,2014,1
2014-05-20,高雄市,SE6 青蔥 粉蔥 ,24.0,24.0,24.0,24.0,-4.0,60.0,0.0,5,2,2014,0
2014-05-21,高雄市,SE6 青蔥 粉蔥 ,,,,,,,,5,3,2014,1
2014-05-22,高雄市,SE6 青蔥 粉蔥 ,32.0,26.4,25.0,27.2,13.33,280.0,366.67,5,4,2014,0
2014-05-23,高雄市,SE6 青蔥 粉蔥 ,28.0,28.0,28.0,28.0,2.94,125.0,-55.36,5,5,2014,0
2014-05-24,高雄市,SE6 青蔥 粉蔥 ,29.0,25.5,24.6,26.1,-6.79,285.0,128.0,5,6,2014,0
2014-05-25,高雄市,SE6 青蔥 粉蔥 ,26.0,23.3,18.0,22.8,-12.64,160.0,-43.86,5,7,2014,0
2014-05-26,高雄市,SE6 青蔥 粉蔥 ,,,,,,,,5,1,2014,1
2014-05-27,高雄市,SE6 青蔥 粉蔥 ,32.0,29.3,20.0,28.0,22.81,120.0,-25.0,5,2,2014,0
2014-05-28,高雄市,SE6 青蔥 粉蔥 ,30.0,30.0,30.0,30.0,7.14,40.0,-66.67,5,3,2014,0
2014-05-29,高雄市,SE6 青蔥 粉蔥 ,32.0,32.0,32.0,32.0,6.67,75.0,87.5,5,4,2014,0
2014-05-30,高雄市,SE6 青蔥 粉蔥 ,23.0,23.0,23.0,23.0,-28.12,125.0,66.67,5,5,2014,0
2014-05-31,高雄市,SE6 青蔥 粉蔥 ,30.0,22.5,16.0,22.7,-1.3,260.0,108.0,5,6,2014,0
2014-06-01,高雄市,SE6 青蔥 粉蔥 ,6.0,6.0,6.0,6.0,-73.57,40.0,-84.62,6,7,2014,0
2014-06-02,高雄市,SE6 青蔥 粉蔥 ,,,,,,,,6,1,2014,1
2014-06-03,高雄市,SE6 青蔥 粉蔥 ,,,,,,,,6,2,2014,1
2014-06-04,高雄市,SE6 青蔥 粉蔥 ,,,,,,,,6,3,2014,1
2014-06-05,高雄市,SE6 青蔥 粉蔥 ,32.0,24.9,20.0,25.4,323.33,416.0,940.0,6,4,2014,0
2014-06-06,高雄市,SE6 青蔥 粉蔥 ,,,,,,,,6,5,2014,1
2014-06-07,高雄市,SE6 青蔥 粉蔥 ,,,,,,,,6,6,2014,1
2014-06-08,高雄市,SE6 青蔥 粉蔥 ,25.0,25.0,25.0,25.0,-1.57,80.0,-80.77,6,7,2014,0
2014-06-09,高雄市,SE6 青蔥 粉蔥 ,,,,,,,,6,1,2014,1
2014-06-10,高雄市,SE6 青蔥 粉蔥 ,40.0,40.0,40.0,40.0,60.0,28.0,-65.0,6,2,2014,0
2014-06-11,高雄市,SE6 青蔥 粉蔥 ,,,,,,,,6,3,2014,1
2014-06-12,高雄市,SE6 青蔥 粉蔥 ,23.0,21.5,16.2,20.7,-48.25,158.0,464.29,6,4,2014,0
2014-06-13,高雄市,SE6 青蔥 粉蔥 ,22.0,16.5,10.7,16.4,-20.77,422.0,167.09,6,5,2014,0
2014-06-14,高雄市,SE6 青蔥 粉蔥 ,13.0,8.5,8.0,9.3,-43.29,226.0,-46.45,6,6,2014,0
2014-06-15,高雄市,SE6 青蔥 粉蔥 ,21.0,19.6,18.0,19.6,110.75,140.0,-38.05,6,7,2014,0
2014-06-16,高雄市,SE6 青蔥 粉蔥 ,,,,,,,,6,1,2014,1
2014-06-17,高雄市,SE6 青蔥 粉蔥 ,30.0,26.7,15.0,25.0,27.55,120.0,-14.29,6,2,2014,0
2014-06-18,高雄市,SE6 青蔥 粉蔥 ,,,,,,,,6,3,2014,1
2014-06-19,高雄市,SE6 青蔥 粉蔥 ,32.0,30.1,25.4,29.5,18.0,550.0,358.33,6,4,2014,0
2014-06-20,高雄市,SE6 青蔥 粉蔥 ,,,,,,,,6,5,2014,1
2014-06-21,高雄市,SE6 青蔥 粉蔥 ,,,,,,,,6,6,2014,1
2014-06-22,高雄市,SE6 青蔥 粉蔥 ,20.0,15.7,13.0,16.0,-45.76,105.0,-80.91,6,7,2014,0
2014-06-23,高雄市,SE6 青蔥 粉蔥 ,,,,,,,,6,1,2014,1
2014-06-24,高雄市,SE6 青蔥 粉蔥 ,30.8,26.8,17.4,25.7,60.62,500.0,376.19,6,2,2014,0
2014-06-25,高雄市,SE6 青蔥 粉蔥 ,36.0,32.9,26.0,32.1,24.9,140.0,-72.0,6,3,2014,0
2014-06-26,高雄市,SE6 青蔥 粉蔥 ,33.0,27.5,19.4,27.0,-15.89,391.0,179.29,6,4,2014,0
2014-06-27,高雄市,SE6 青蔥 粉蔥 ,43.0,32.9,19.6,32.3,19.63,420.0,7.42,6,5,2014,0
2014-06-28,高雄市,SE6 青蔥 粉蔥 ,38.0,34.1,25.2,33.1,2.48,672.0,60.0,6,6,2014,0
2014-06-29,高雄市,SE6 青蔥 粉蔥 ,36.6,31.6,17.9,29.9,-9.67,1560.0,132.14,6,7,2014,0
2014-06-30,高雄市,SE6 青蔥 粉蔥 ,,,,,,,,6,1,2014,1
2014-07-01,高雄市,SE6 青蔥 粉蔥 ,31.4,28.8,19.4,27.5,-8.03,1136.0,-27.18,7,2,2014,0
2014-07-02,高雄市,SE6 青蔥 粉蔥 ,23.0,18.8,15.5,19.0,-30.91,604.0,-46.83,7,3,2014,0
2014-07-03,高雄市,SE6 青蔥 粉蔥 ,22.6,18.8,16.6,19.1,0.53,482.0,-20.2,7,4,2014,0
2014-07-04,高雄市,SE6 青蔥 粉蔥 ,30.0,23.3,17.0,23.4,22.51,198.0,-58.92,7,5,2014,0
2014-07-05,高雄市,SE6 青蔥 粉蔥 ,31.3,23.1,17.3,23.6,0.85,700.0,253.54,7,6,2014,0
2014-07-06,高雄市,SE6 青蔥 粉蔥 ,23.0,19.0,16.0,19.2,-18.64,300.0,-57.14,7,7,2014,0
2014-07-07,高雄市,SE6 青蔥 粉蔥 ,,,,,,,,7,1,2014,1
2014-07-08,高雄市,SE6 青蔥 粉蔥 ,22.0,18.9,10.0,17.8,-7.29,500.0,66.67,7,2,2014,0
2014-07-09,高雄市,SE6 青蔥 粉蔥 ,35.0,18.4,6.4,19.3,8.43,382.0,-23.6,7,3,2014,0
2014-07-10,高雄市,SE6 青蔥 粉蔥 ,33.0,26.7,20.2,26.6,37.82,222.0,-41.88,7,4,2014,0
2014-07-11,高雄市,SE6 青蔥 粉蔥 ,40.3,33.4,25.7,33.2,24.81,520.0,134.23,7,5,2014,0
2014-07-12,高雄市,SE6 青蔥 粉蔥 ,20.5,19.3,15.0,18.7,-43.67,439.0,-15.58,7,6,2014,0
2014-07-13,高雄市,SE6 青蔥 粉蔥 ,33.8,24.4,17.0,24.8,32.62,677.0,54.21,7,7,2014,0
2014-07-14,高雄市,SE6 青蔥 粉蔥 ,,,,,,,,7,1,2014,1
2014-07-15,高雄市,SE6 青蔥 粉蔥 ,34.8,28.9,20.5,28.4,14.52,341.0,-49.63,7,2,2014,0
2014-07-16,高雄市,SE6 青蔥 粉蔥 ,32.0,23.6,13.4,23.2,-18.31,741.0,117.3,7,3,2014,0
2014-07-17,高雄市,SE6 青蔥 粉蔥 ,30.0,26.1,15.9,24.9,7.33,560.0,-24.43,7,4,2014,0
2014-07-18,高雄市,SE6 青蔥 粉蔥 ,29.3,25.2,15.8,24.2,-2.81,780.0,39.29,7,5,2014,0
2014-07-19,高雄市,SE6 青蔥 粉蔥 ,35.8,24.9,16.3,25.4,4.96,900.0,15.38,7,6,2014,0
2014-07-20,高雄市,SE6 青蔥 粉蔥 ,26.3,21.5,17.4,21.7,-14.57,524.0,-41.78,7,7,2014,0
2014-07-21,高雄市,SE6 青蔥 粉蔥 ,,,,,,,,7,1,2014,1
2014-07-22,高雄市,SE6 青蔥 粉蔥 ,38.2,34.4,25.7,33.4,53.92,823.0,57.06,7,2,2014,0
2014-07-23,高雄市,SE6 青蔥 粉蔥 ,45.5,36.9,32.0,37.7,12.87,559.0,-32.08,7,3,2014,0
2014-07-24,高雄市,SE6 青蔥 粉蔥 ,42.5,28.2,24.8,30.4,-19.36,400.0,-28.44,7,4,2014,0
2014-07-25,高雄市,SE6 青蔥 粉蔥 ,30.0,27.3,18.0,26.0,-14.47,60.0,-85.0,7,5,2014,0
2014-07-26,高雄市,SE6 青蔥 粉蔥 ,27.0,21.2,12.3,20.6,-20.77,744.0,1140.0,7,6,2014,0
2014-07-27,高雄市,SE6 青蔥 粉蔥 ,22.0,17.8,15.3,18.1,-12.14,420.0,-43.55,7,7,2014,0
2014-07-28,高雄市,SE6 青蔥 粉蔥 ,,,,,,,,7,1,2014,1
2014-07-29,高雄市,SE6 青蔥 粉蔥 ,37.0,21.0,16.4,23.3,28.73,746.0,77.62,7,2,2014,0
2014-07-30,高雄市,SE6 青蔥 粉蔥 ,44.6,20.7,13.6,24.1,3.43,704.0,-5.63,7,3,2014,0
2014-07-31,高雄市,SE6 青蔥 粉蔥 ,33.4,26.9,18.0,26.4,9.54,420.0,-40.34,7,4,2014,0
2014-08-01,高雄市,SE6 青蔥 粉蔥 ,34.1,25.4,20.7,26.2,-0.76,434.0,3.33,8,5,2014,0
2014-08-02,高雄市,SE6 青蔥 粉蔥 ,37.0,26.9,20.0,27.5,4.96,277.0,-36.18,8,6,2014,0
2014-08-03,高雄市,SE6 青蔥 粉蔥 ,46.0,40.3,31.8,39.7,44.36,173.0,-37.55,8,7,2014,0
2014-08-04,高雄市,SE6 青蔥 粉蔥 ,,,,,,,,8,1,2014,1
2014-08-05,高雄市,SE6 青蔥 粉蔥 ,45.2,40.2,26.8,38.5,-3.02,244.0,41.04,8,2,2014,0
2014-08-06,高雄市,SE6 青蔥 粉蔥 ,44.4,37.1,30.0,37.1,-3.64,320.0,31.15,8,3,2014,0
2014-08-07,高雄市,SE6 青蔥 粉蔥 ,48.8,45.8,35.4,44.3,19.41,435.0,35.94,8,4,2014,0
2014-08-08,高雄市,SE6 青蔥 粉蔥 ,48.0,45.9,35.0,44.1,-0.45,258.0,-40.69,8,5,2014,0
2014-08-09,高雄市,SE6 青蔥 粉蔥 ,49.9,39.6,37.3,41.2,-6.58,305.0,18.22,8,6,2014,0
2014-08-10,高雄市,SE6 青蔥 粉蔥 ,33.7,21.5,15.4,22.7,-44.9,900.0,195.08,8,7,2014,0
2014-08-11,高雄市,SE6 青蔥 粉蔥 ,,,,,,,,8,1,2014,1
2014-08-12,高雄市,SE6 青蔥 粉蔥 ,,,,,,,,8,2,2014,1
2014-08-13,高雄市,SE6 青蔥 粉蔥 ,52.0,41.2,35.0,42.1,85.46,198.0,-78.0,8,3,2014,0
2014-08-14,高雄市,SE6 青蔥 粉蔥 ,38.9,32.3,23.0,31.7,-24.7,460.0,132.32,8,4,2014,0
2014-08-15,高雄市,SE6 青蔥 粉蔥 ,45.5,30.3,21.5,31.6,-0.32,661.0,43.7,8,5,2014,0
2014-08-16,高雄市,SE6 青蔥 粉蔥 ,40.0,33.3,30.0,34.0,7.59,100.0,-84.87,8,6,2014,0
2014-08-17,高雄市,SE6 青蔥 粉蔥 ,40.0,33.8,25.0,33.3,-2.06,160.0,60.0,8,7,2014,0
2014-08-18,高雄市,SE6 青蔥 粉蔥 ,,,,,,,,8,1,2014,1
2014-08-19,高雄市,SE6 青蔥 粉蔥 ,42.0,35.6,30.0,35.7,7.21,198.0,23.75,8,2,2014,0
2014-08-20,高雄市,SE6 青蔥 粉蔥 ,35.0,35.0,35.0,35.0,-1.96,60.0,-69.7,8,3,2014,0
2014-08-21,高雄市,SE6 青蔥 粉蔥 ,45.1,37.3,25.0,36.4,4.0,290.0,383.33,8,4,2014,0
2014-08-22,高雄市,SE6 青蔥 粉蔥 ,41.0,31.5,26.0,32.3,-11.26,166.0,-42.76,8,5,2014,0
2014-08-23,高雄市,SE6 青蔥 粉蔥 ,49.0,44.5,36.0,43.7,35.29,334.0,101.2,8,6,2014,0
2014-08-24,高雄市,SE6 青蔥 粉蔥 ,46.1,36.6,30.0,37.2,-14.87,467.0,39.82,8,7,2014,0
2014-08-25,高雄市,SE6 青蔥 粉蔥 ,,,,,,,,8,1,2014,1
2014-08-26,高雄市,SE6 青蔥 粉蔥 ,,,,,,,,8,2,2014,1
2014-08-27,高雄市,SE6 青蔥 粉蔥 ,55.0,42.0,35.0,43.2,16.13,158.0,-66.17,8,3,2014,0
2014-08-28,高雄市,SE6 青蔥 粉蔥 ,55.1,36.4,32.0,39.2,-9.26,275.0,74.05,8,4,2014,0
2014-08-29,高雄市,SE6 青蔥 粉蔥 ,48.5,42.7,32.0,41.7,6.38,195.0,-29.09,8,5,2014,0
2014-08-30,高雄市,SE6 青蔥 粉蔥 ,46.8,35.7,21.9,35.1,-15.83,370.0,89.74,8,6,2014,0
2014-08-31,高雄市,SE6 青蔥 粉蔥 ,46.0,43.0,35.0,42.0,19.66,160.0,-56.76,8,7,2014,0
2014-09-01,高雄市,SE6 青蔥 粉蔥 ,,,,,,,,9,1,2014,1
2014-09-02,高雄市,SE6 青蔥 粉蔥 ,47.0,41.7,34.0,41.2,-1.9,265.0,65.62,9,2,2014,0
2014-09-03,高雄市,SE6 青蔥 粉蔥 ,25.0,23.6,20.0,23.1,-43.93,215.0,-18.87,9,3,2014,0
2014-09-04,高雄市,SE6 青蔥 粉蔥 ,45.0,42.7,17.0,38.0,64.5,160.0,-25.58,9,4,2014,0
2014-09-05,高雄市,SE6 青蔥 粉蔥 ,,,,,,,,9,5,2014,1
2014-09-06,高雄市,SE6 青蔥 粉蔥 ,32.0,25.8,20.0,25.9,-31.84,118.0,-26.25,9,6,2014,0
2014-09-07,高雄市,SE6 青蔥 粉蔥 ,50.0,45.5,45.0,46.3,78.76,77.0,-34.75,9,7,2014,0
2014-09-08,高雄市,SE6 青蔥 粉蔥 ,34.0,34.0,34.0,34.0,-26.57,57.0,-25.97,9,1,2014,0
2014-09-09,高雄市,SE6 青蔥 粉蔥 ,,,,,,,,9,2,2014,1
2014-09-10,高雄市,SE6 青蔥 粉蔥 ,,,,,,,,9,3,2014,1
2014-09-11,高雄市,SE6 青蔥 粉蔥 ,55.0,46.1,15.0,41.7,22.65,60.0,5.26,9,4,2014,0
2014-09-12,高雄市,SE6 青蔥 粉蔥 ,71.9,56.4,36.0,55.4,32.85,376.0,526.67,9,5,2014,0
2014-09-13,高雄市,SE6 青蔥 粉蔥 ,49.9,46.5,45.0,46.9,-15.34,200.0,-46.81,9,6,2014,0
2014-09-14,高雄市,SE6 青蔥 粉蔥 ,60.0,46.7,35.0,47.0,0.21,148.0,-26.0,9,7,2014,0
2014-09-15,高雄市,SE6 青蔥 粉蔥 ,,,,,,,,9,1,2014,1
2014-09-16,高雄市,SE6 青蔥 粉蔥 ,61.0,60.5,60.0,60.5,28.72,120.0,-18.92,9,2,2014,0
2014-09-17,高雄市,SE6 青蔥 粉蔥 ,59.6,55.2,50.0,55.1,-8.93,147.0,22.5,9,3,2014,0
2014-09-18,高雄市,SE6 青蔥 粉蔥 ,,,,,,,,9,4,2014,1
2014-09-19,高雄市,SE6 青蔥 粉蔥 ,42.0,35.1,30.0,35.4,-35.75,180.0,22.45,9,5,2014,0
2014-09-20,高雄市,SE6 青蔥 粉蔥 ,67.0,50.3,45.0,52.6,48.59,58.0,-67.78,9,6,2014,0
2014-09-21,高雄市,SE6 青蔥 粉蔥 ,67.0,58.3,50.0,58.4,11.03,200.0,244.83,9,7,2014,0
2014-09-22,高雄市,SE6 青蔥 粉蔥 ,,,,,,,,9,1,2014,1
2014-09-23,高雄市,SE6 青蔥 粉蔥 ,55.6,50.2,37.3,48.7,-16.61,308.0,54.0,9,2,2014,0
2014-09-24,高雄市,SE6 青蔥 粉蔥 ,44.0,36.9,30.0,36.9,-24.23,300.0,-2.6,9,3,2014,0
2014-09-25,高雄市,SE6 青蔥 粉蔥 ,54.0,45.9,22.4,42.8,15.99,342.0,14.0,9,4,2014,0
2014-09-26,高雄市,SE6 青蔥 粉蔥 ,50.0,41.8,22.0,39.5,-7.71,466.0,36.26,9,5,2014,0
2014-09-27,高雄市,SE6 青蔥 粉蔥 ,40.0,39.7,22.6,36.3,-8.1,511.0,9.66,9,6,2014,0
2014-09-28,高雄市,SE6 青蔥 粉蔥 ,51.9,40.1,38.0,42.1,15.98,173.0,-66.14,9,7,2014,0
2014-09-29,高雄市,SE6 青蔥 粉蔥 ,,,,,,,,9,1,2014,1
2014-09-30,高雄市,SE6 青蔥 粉蔥 ,62.0,57.0,54.0,57.4,36.34,94.0,-45.66,9,2,2014,0
2014-10-01,高雄市,SE6 青蔥 粉蔥 ,59.0,49.5,40.0,49.5,-13.76,80.0,-14.89,10,3,2014,0
2014-10-02,高雄市,SE6 青蔥 粉蔥 ,53.0,41.2,22.9,39.9,-19.39,373.0,366.25,10,4,2014,0
2014-10-03,高雄市,SE6 青蔥 粉蔥 ,45.0,41.9,32.9,40.7,2.01,167.0,-55.23,10,5,2014,0
2014-10-04,高雄市,SE6 青蔥 粉蔥 ,45.0,45.0,45.0,45.0,10.57,22.0,-86.83,10,6,2014,0
2014-10-05,高雄市,SE6 青蔥 粉蔥 ,70.0,64.5,51.0,62.9,39.78,184.0,736.36,10,7,2014,0
2014-10-06,高雄市,SE6 青蔥 粉蔥 ,,,,,,,,10,1,2014,1
2014-10-07,高雄市,SE6 青蔥 粉蔥 ,61.0,52.8,45.0,52.9,-15.9,180.0,-2.17,10,2,2014,0
2014-10-08,高雄市,SE6 青蔥 粉蔥 ,55.0,51.1,50.0,51.7,-2.27,60.0,-66.67,10,3,2014,0
2014-10-09,高雄市,SE6 青蔥 粉蔥 ,50.6,39.4,30.0,39.8,-23.02,177.0,195.0,10,4,2014,0
2014-10-10,高雄市,SE6 青蔥 粉蔥 ,66.5,51.0,40.0,51.9,30.4,383.0,116.38,10,5,2014,0
2014-10-11,高雄市,SE6 青蔥 粉蔥 ,45.0,33.9,30.0,35.4,-31.79,112.0,-70.76,10,6,2014,0
2014-10-12,高雄市,SE6 青蔥 粉蔥 ,50.0,50.0,50.0,50.0,41.24,90.0,-19.64,10,7,2014,0
2014-10-13,高雄市,SE6 青蔥 粉蔥 ,,,,,,,,10,1,2014,1
2014-10-14,高雄市,SE6 青蔥 粉蔥 ,48.0,48.0,48.0,48.0,-4.0,40.0,-55.56,10,2,2014,0
2014-10-15,高雄市,SE6 青蔥 粉蔥 ,60.0,53.9,45.0,53.3,11.04,180.0,350.0,10,3,2014,0
2014-10-16,高雄市,SE6 青蔥 粉蔥 ,56.0,49.8,45.0,50.1,-6.0,188.0,4.44,10,4,2014,0
2014-10-17,高雄市,SE6 青蔥 粉蔥 ,,,,,,,,10,5,2014,1
2014-10-18,高雄市,SE6 青蔥 粉蔥 ,58.0,55.5,50.0,54.9,9.58,178.0,-5.32,10,6,2014,0
2014-10-19,高雄市,SE6 青蔥 粉蔥 ,60.0,51.7,45.0,52.0,-5.28,200.0,12.36,10,7,2014,0
2014-10-20,高雄市,SE6 青蔥 粉蔥 ,,,,,,,,10,1,2014,1
2014-10-21,高雄市,SE6 青蔥 粉蔥 ,65.0,64.7,63.0,64.4,23.85,140.0,-30.0,10,2,2014,0
2014-10-22,高雄市,SE6 青蔥 粉蔥 ,60.2,48.8,35.0,48.3,-25.0,806.0,475.71,10,3,2014,0
2014-10-23,高雄市,SE6 青蔥 粉蔥 ,45.0,45.0,45.0,45.0,-6.83,20.0,-97.52,10,4,2014,0
2014-10-24,高雄市,SE6 青蔥 粉蔥 ,28.0,28.0,28.0,28.0,-37.78,80.0,300.0,10,5,2014,0
2014-10-25,高雄市,SE6 青蔥 粉蔥 ,50.0,22.8,15.0,26.7,-4.64,120.0,50.0,10,6,2014,0
2014-10-26,高雄市,SE6 青蔥 粉蔥 ,55.0,55.0,55.0,55.0,105.99,38.0,-68.33,10,7,2014,0
2014-10-27,高雄市,SE6 青蔥 粉蔥 ,,,,,,,,10,1,2014,1
2014-10-28,高雄市,SE6 青蔥 粉蔥 ,54.5,33.6,30.0,37.0,-32.73,234.0,515.79,10,2,2014,0
2014-10-29,高雄市,SE6 青蔥 粉蔥 ,55.0,55.0,55.0,55.0,48.65,40.0,-82.91,10,3,2014,0
2014-10-30,高雄市,SE6 青蔥 粉蔥 ,46.0,41.3,25.0,39.0,-29.09,60.0,50.0,10,4,2014,0
2014-10-31,高雄市,SE6 青蔥 粉蔥 ,30.0,28.5,25.0,28.1,-27.95,160.0,166.67,10,5,2014,0
2014-11-01,高雄市,SE6 青蔥 粉蔥 ,42.0,25.6,22.0,28.2,0.36,130.0,-18.75,11,6,2014,0
2014-11-02,高雄市,SE6 青蔥 粉蔥 ,36.0,29.9,20.0,29.1,3.19,140.0,7.69,11,7,2014,0
2014-11-03,高雄市,SE6 青蔥 粉蔥 ,,,,,,,,11,1,2014,1
2014-11-04,高雄市,SE6 青蔥 粉蔥 ,48.0,36.2,32.0,37.7,29.55,112.0,-20.0,11,2,2014,0
2014-11-05,高雄市,SE6 青蔥 粉蔥 ,48.0,43.8,30.0,41.9,11.14,120.0,7.14,11,3,2014,0
2014-11-06,高雄市,SE6 青蔥 粉蔥 ,50.7,35.3,27.0,36.7,-12.41,356.0,196.67,11,4,2014,0
2014-11-07,高雄市,SE6 青蔥 粉蔥 ,45.0,39.5,35.0,39.7,8.17,175.0,-50.84,11,5,2014,0
2014-11-08,高雄市,SE6 青蔥 粉蔥 ,53.0,39.0,32.0,40.4,1.76,100.0,-42.86,11,6,2014,0
2014-11-09,高雄市,SE6 青蔥 粉蔥 ,52.0,41.7,25.0,40.4,0.0,70.0,-30.0,11,7,2014,0
2014-11-10,高雄市,SE6 青蔥 粉蔥 ,,,,,,,,11,1,2014,1
2014-11-11,高雄市,SE6 青蔥 粉蔥 ,,,,,,,,11,2,2014,1
2014-11-12,高雄市,SE6 青蔥 粉蔥 ,50.9,38.4,33.5,39.9,-1.24,270.0,285.71,11,3,2014,0
2014-11-13,高雄市,SE6 青蔥 粉蔥 ,55.0,46.5,40.0,46.9,17.54,243.0,-10.0,11,4,2014,0
2014-11-14,高雄市,SE6 青蔥 粉蔥 ,47.0,47.0,47.0,47.0,0.21,40.0,-83.54,11,5,2014,0
2014-11-15,高雄市,SE6 青蔥 粉蔥 ,53.0,39.4,28.0,39.8,-15.32,156.0,290.0,11,6,2014,0
2014-11-16,高雄市,SE6 青蔥 粉蔥 ,59.3,52.7,41.0,51.7,29.9,120.0,-23.08,11,7,2014,0
2014-11-17,高雄市,SE6 青蔥 粉蔥 ,,,,,,,,11,1,2014,1
2014-11-18,高雄市,SE6 青蔥 粉蔥 ,65.4,27.2,25.0,34.4,-33.46,294.0,145.0,11,2,2014,0
2014-11-19,高雄市,SE6 青蔥 粉蔥 ,45.0,38.5,35.0,39.1,13.66,382.0,29.93,11,3,2014,0
2014-11-20,高雄市,SE6 青蔥 粉蔥 ,,,,,,,,11,4,2014,1
2014-11-21,高雄市,SE6 青蔥 粉蔥 ,50.0,50.0,50.0,50.0,27.88,60.0,-84.29,11,5,2014,0
2014-11-22,高雄市,SE6 青蔥 粉蔥 ,41.3,31.8,30.0,33.3,-33.4,113.0,88.33,11,6,2014,0
2014-11-23,高雄市,SE6 青蔥 粉蔥 ,,,,,,,,11,7,2014,1
2014-11-24,高雄市,SE6 青蔥 粉蔥 ,,,,,,,,11,1,2014,1
2014-11-25,高雄市,SE6 青蔥 粉蔥 ,43.0,43.0,43.0,43.0,29.13,80.0,-29.2,11,2,2014,0
2014-11-26,高雄市,SE6 青蔥 粉蔥 ,53.0,43.1,38.8,44.2,2.79,189.0,136.25,11,3,2014,0
2014-11-27,高雄市,SE6 青蔥 粉蔥 ,,,,,,,,11,4,2014,1
2014-11-28,高雄市,SE6 青蔥 粉蔥 ,,,,,,,,11,5,2014,1
2014-11-29,高雄市,SE6 青蔥 粉蔥 ,22.0,22.0,22.0,22.0,-50.23,40.0,-78.84,11,6,2014,0
2014-11-30,高雄市,SE6 青蔥 粉蔥 ,,,,,,,,11,7,2014,1
2014-12-01,高雄市,SE6 青蔥 粉蔥 ,,,,,,,,12,1,2014,1
2014-12-02,高雄市,SE6 青蔥 粉蔥 ,21.0,21.0,21.0,21.0,-4.55,22.0,-45.0,12,2,2014,0
2014-12-03,高雄市,SE6 青蔥 粉蔥 ,,,,,,,,12,3,2014,1
2014-12-04,高雄市,SE6 青蔥 粉蔥 ,,,,,,,,12,4,2014,1
2014-12-05,高雄市,SE6 青蔥 粉蔥 ,37.0,27.0,17.0,27.0,28.57,120.0,445.45,12,5,2014,0
2014-12-06,高雄市,SE6 青蔥 粉蔥 ,25.0,25.0,25.0,25.0,-7.41,60.0,-50.0,12,6,2014,0
2014-12-07,高雄市,SE6 青蔥 粉蔥 ,53.0,48.8,45.0,48.9,95.6,41.0,-31.67,12,7,2014,0
2014-12-08,高雄市,SE6 青蔥 粉蔥 ,,,,,,,,12,1,2014,1
2014-12-09,高雄市,SE6 青蔥 粉蔥 ,48.0,47.2,46.0,47.1,-3.68,140.0,241.46,12,2,2014,0
2014-12-10,高雄市,SE6 青蔥 粉蔥 ,48.0,45.1,40.0,44.7,-5.1,355.0,153.57,12,3,2014,0
2014-12-11,高雄市,SE6 青蔥 粉蔥 ,40.0,37.3,32.0,36.8,-17.67,240.0,-32.39,12,4,2014,0
2014-12-12,高雄市,SE6 青蔥 粉蔥 ,32.0,26.7,23.2,27.0,-26.63,659.0,174.58,12,5,2014,0
2014-12-13,高雄市,SE6 青蔥 粉蔥 ,35.0,25.3,12.1,24.6,-8.89,689.0,4.55,12,6,2014,0
2014-12-14,高雄市,SE6 青蔥 粉蔥 ,38.0,35.2,32.2,35.2,43.09,437.0,-36.57,12,7,2014,0
2014-12-15,高雄市,SE6 青蔥 粉蔥 ,,,,,,,,12,1,2014,1
2014-12-16,高雄市,SE6 青蔥 粉蔥 ,42.0,40.8,36.0,40.1,13.92,280.0,-35.93,12,2,2014,0
2014-12-17,高雄市,SE6 青蔥 粉蔥 ,38.0,35.3,35.0,35.8,-10.72,160.0,-42.86,12,3,2014,0
2014-12-18,高雄市,SE6 青蔥 粉蔥 ,35.7,28.4,25.0,29.2,-18.44,263.0,64.38,12,4,2014,0
2014-12-19,高雄市,SE6 青蔥 粉蔥 ,34.9,23.6,22.0,25.5,-12.67,201.0,-23.57,12,5,2014,0
2014-12-20,高雄市,SE6 青蔥 粉蔥 ,35.0,34.2,25.1,32.5,27.45,479.0,138.31,12,6,2014,0
2014-12-21,高雄市,SE6 青蔥 粉蔥 ,33.6,31.3,28.0,31.1,-4.31,644.0,34.45,12,7,2014,0
2014-12-22,高雄市,SE6 青蔥 粉蔥 ,,,,,,,,12,1,2014,1
2014-12-23,高雄市,SE6 青蔥 粉蔥 ,32.3,28.9,24.5,28.7,-7.72,1119.0,73.76,12,2,2014,0
2014-12-24,高雄市,SE6 青蔥 粉蔥 ,32.4,25.5,17.1,25.2,-12.2,1140.0,1.88,12,3,2014,0
2014-12-25,高雄市,SE6 青蔥 粉蔥 ,27.0,22.4,16.7,22.1,-12.3,1370.0,20.18,12,4,2014,0
2014-12-26,高雄市,SE6 青蔥 粉蔥 ,27.0,20.0,14.4,20.3,-8.14,1333.0,-2.7,12,5,2014,0
2014-12-27,高雄市,SE6 青蔥 粉蔥 ,27.1,20.5,18.0,21.3,4.93,877.0,-34.21,12,6,2014,0
2014-12-28,高雄市,SE6 青蔥 粉蔥 ,23.7,20.8,15.5,20.3,-4.69,761.0,-13.23,12,7,2014,0
2014-12-29,高雄市,SE6 青蔥 粉蔥 ,,,,,,,,12,1,2014,1
2014-12-30,高雄市,SE6 青蔥 粉蔥 ,37.7,32.6,26.8,32.5,60.1,1010.0,32.72,12,2,2014,0
2014-12-31,高雄市,SE6 青蔥 粉蔥 ,30.1,25.0,14.0,23.8,-26.77,1620.0,60.4,12,3,2014,0
2015-01-01,高雄市,SE6 青蔥 粉蔥 ,30.6,20.1,13.0,20.8,-12.61,1627.0,0.43,1,4,2015,0
2015-01-02,高雄市,SE6 青蔥 粉蔥 ,30.0,23.1,12.9,22.4,7.69,1312.0,-19.36,1,5,2015,0
2015-01-03,高雄市,SE6 青蔥 粉蔥 ,26.0,20.2,15.4,20.4,-8.93,1442.0,9.91,1,6,2015,0
2015-01-04,高雄市,SE6 青蔥 粉蔥 ,31.6,25.3,19.3,25.3,24.02,850.0,-41.05,1,7,2015,0
2015-01-05,高雄市,SE6 青蔥 粉蔥 ,,,,,,,,1,1,2015,1
2015-01-06,高雄市,SE6 青蔥 粉蔥 ,31.3,26.7,18.6,26.0,2.77,928.0,9.18,1,2,2015,0
2015-01-07,高雄市,SE6 青蔥 粉蔥 ,34.3,27.5,19.6,27.3,5.0,968.0,4.31,1,3,2015,0
2015-01-08,高雄市,SE6 青蔥 粉蔥 ,31.9,25.1,17.3,24.9,-8.79,1160.0,19.83,1,4,2015,0
2015-01-09,高雄市,SE6 青蔥 粉蔥 ,33.4,27.0,20.3,26.9,8.03,1188.0,2.41,1,5,2015,0
2015-01-10,高雄市,SE6 青蔥 粉蔥 ,25.5,19.5,12.9,19.4,-27.88,1861.0,56.65,1,6,2015,0
2015-01-11,高雄市,SE6 青蔥 粉蔥 ,22.0,18.2,12.2,17.8,-8.25,2095.0,12.57,1,7,2015,0
2015-01-12,高雄市,SE6 青蔥 粉蔥 ,,,,,,,,1,1,2015,1
2015-01-13,高雄市,SE6 青蔥 粉蔥 ,27.4,22.1,12.1,21.1,18.54,1010.0,-51.79,1,2,2015,0
2015-01-14,高雄市,SE6 青蔥 粉蔥 ,26.0,21.4,12.1,20.5,-2.84,1050.0,3.96,1,3,2015,0
2015-01-15,高雄市,SE6 青蔥 粉蔥 ,27.8,20.4,11.7,20.1,-1.95,1091.0,3.9,1,4,2015,0
2015-01-16,高雄市,SE6 青蔥 粉蔥 ,28.6,22.2,12.4,21.5,6.97,1072.0,-1.74,1,5,2015,0
2015-01-17,高雄市,SE6 青蔥 粉蔥 ,23.8,21.0,11.1,19.6,-8.84,1334.0,24.44,1,6,2015,0
2015-01-18,高雄市,SE6 青蔥 粉蔥 ,24.6,19.4,11.0,18.8,-4.08,1668.0,25.04,1,7,2015,0
2015-01-19,高雄市,SE6 青蔥 粉蔥 ,,,,,,,,1,1,2015,1
2015-01-20,高雄市,SE6 青蔥 粉蔥 ,31.0,21.7,12.6,21.7,15.43,1200.0,-28.06,1,2,2015,0
2015-01-21,高雄市,SE6 青蔥 粉蔥 ,27.2,20.9,18.5,21.7,0.0,1347.0,12.25,1,3,2015,0
2015-01-22,高雄市,SE6 青蔥 粉蔥 ,27.4,21.6,14.5,21.4,-1.38,1167.0,-13.36,1,4,2015,0
2015-01-23,高雄市,SE6 青蔥 粉蔥 ,23.9,21.0,16.6,20.7,-3.27,1603.0,37.36,1,5,2015,0
2015-01-24,高雄市,SE6 青蔥 粉蔥 ,27.9,21.0,16.3,21.5,3.86,1185.0,-26.08,1,6,2015,0
2015-01-25,高雄市,SE6 青蔥 粉蔥 ,26.0,20.2,15.7,20.5,-4.65,1425.0,20.25,1,7,2015,0
2015-01-26,高雄市,SE6 青蔥 粉蔥 ,,,,,,,,1,1,2015,1
2015-01-27,高雄市,SE6 青蔥 粉蔥 ,30.7,22.3,15.6,22.6,10.24,1122.0,-21.26,1,2,2015,0
2015-01-28,高雄市,SE6 青蔥 粉蔥 ,32.2,21.6,17.9,23.0,1.77,1242.0,10.7,1,3,2015,0
2015-01-29,高雄市,SE6 青蔥 粉蔥 ,29.1,22.7,18.0,23.0,0.0,1617.0,30.19,1,4,2015,0
2015-01-30,高雄市,SE6 青蔥 粉蔥 ,22.3,18.1,11.9,17.7,-23.04,2326.0,43.85,1,5,2015,0
2015-01-31,高雄市,SE6 青蔥 粉蔥 ,22.5,16.0,10.2,16.2,-8.47,1732.0,-25.54,1,6,2015,0
2015-02-01,高雄市,SE6 青蔥 粉蔥 ,23.2,16.8,11.3,17.0,4.94,1175.0,-32.16,2,7,2015,0
2015-02-02,高雄市,SE6 青蔥 粉蔥 ,,,,,,,,2,1,2015,1
2015-02-03,高雄市,SE6 青蔥 粉蔥 ,30.0,19.8,14.6,20.8,22.35,968.0,-17.62,2,2,2015,0
2015-02-04,高雄市,SE6 青蔥 粉蔥 ,32.0,21.7,16.6,22.7,9.13,1481.0,53.0,2,3,2015,0
2015-02-05,高雄市,SE6 青蔥 粉蔥 ,28.0,25.7,18.3,24.7,8.81,911.0,-38.49,2,4,2015,0
2015-02-06,高雄市,SE6 青蔥 粉蔥 ,23.9,21.0,17.3,20.8,-15.79,1566.0,71.9,2,5,2015,0
2015-02-07,高雄市,SE6 青蔥 粉蔥 ,23.5,20.0,16.5,20.0,-3.85,1839.0,17.43,2,6,2015,0
2015-02-08,高雄市,SE6 青蔥 粉蔥 ,19.5,15.2,10.7,15.2,-24.0,2312.0,25.72,2,7,2015,0
2015-02-09,高雄市,SE6 青蔥 粉蔥 ,,,,,,,,2,1,2015,1
2015-02-10,高雄市,SE6 青蔥 粉蔥 ,22.7,19.3,15.2,19.1,25.66,1710.0,-26.04,2,2,2015,0
2015-02-11,高雄市,SE6 青蔥 粉蔥 ,23.0,19.2,14.1,19.0,-0.52,837.0,-51.05,2,3,2015,0
2015-02-12,高雄市,SE6 青蔥 粉蔥 ,31.7,24.3,19.3,24.8,30.53,604.0,-27.84,2,4,2015,0
2015-02-13,高雄市,SE6 青蔥 粉蔥 ,32.6,25.9,23.8,26.8,8.06,1019.0,68.71,2,5,2015,0
2015-02-14,高雄市,SE6 青蔥 粉蔥 ,35.3,27.1,25.2,28.4,5.97,1256.0,23.26,2,6,2015,0
2015-02-15,高雄市,SE6 青蔥 粉蔥 ,30.4,24.3,19.0,24.5,-13.73,1879.0,49.6,2,7,2015,0
2015-02-16,高雄市,SE6 青蔥 粉蔥 ,29.3,18.6,12.2,19.5,-20.41,2668.0,41.99,2,1,2015,0
2015-02-17,高雄市,SE6 青蔥 粉蔥 ,30.1,25.3,18.7,24.9,27.69,1600.0,-40.03,2,2,2015,0
2015-02-18,高雄市,SE6 青蔥 粉蔥 ,30.0,22.8,18.0,23.3,-6.43,261.0,-83.69,2,3,2015,0
2015-02-19,高雄市,SE6 青蔥 粉蔥 ,,,,,,,,2,4,2015,1
2015-02-20,高雄市,SE6 青蔥 粉蔥 ,,,,,,,,2,5,2015,1
2015-02-21,高雄市,SE6 青蔥 粉蔥 ,,,,,,,,2,6,2015,1
2015-02-22,高雄市,SE6 青蔥 粉蔥 ,,,,,,,,2,7,2015,1
2015-02-23,高雄市,SE6 青蔥 粉蔥 ,,,,,,,,2,1,2015,1
2015-02-24,高雄市,SE6 青蔥 粉蔥 ,32.6,24.4,16.2,24.4,4.72,549.0,110.34,2,2,2015,0
2015-02-25,高雄市,SE6 青蔥 粉蔥 ,32.2,27.7,10.8,25.2,3.28,595.0,8.38,2,3,2015,0
2015-02-26,高雄市,SE6 青蔥 粉蔥 ,29.2,23.4,11.2,22.2,-11.9,970.0,63.03,2,4,2015,0
2015-02-27,高雄市,SE6 青蔥 粉蔥 ,32.8,30.0,28.0,30.2,36.04,240.0,-75.26,2,5,2015,0
2015-02-28,高雄市,SE6 青蔥 粉蔥 ,27.2,23.3,16.4,22.7,-24.83,1373.0,472.08,2,6,2015,0
2015-03-01,高雄市,SE6 青蔥 粉蔥 ,25.3,20.6,16.3,20.7,-8.81,1582.0,15.22,3,7,2015,0
2015-03-02,高雄市,SE6 青蔥 粉蔥 ,,,,,,,,3,1,2015,1
2015-03-03,高雄市,SE6 青蔥 粉蔥 ,25.6,22.9,17.6,22.3,7.73,1015.0,-35.84,3,2,2015,0
2015-03-04,高雄市,SE6 青蔥 粉蔥 ,22.7,19.0,14.7,18.9,-15.25,1484.0,46.21,3,3,2015,0
2015-03-05,高雄市,SE6 青蔥 粉蔥 ,25.1,18.9,11.0,18.6,-1.59,1675.0,12.87,3,4,2015,0
2015-03-06,高雄市,SE6 青蔥 粉蔥 ,19.7,16.5,12.0,16.2,-12.9,2404.0,43.52,3,5,2015,0
2015-03-07,高雄市,SE6 青蔥 粉蔥 ,,,,,,,,3,6,2015,1
2015-03-08,高雄市,SE6 青蔥 粉蔥 ,,,,,,,,3,7,2015,1
2015-03-09,高雄市,SE6 青蔥 粉蔥 ,,,,,,,,3,1,2015,1
2015-03-10,高雄市,SE6 青蔥 粉蔥 ,26.2,22.2,18.5,22.3,37.65,1022.0,-57.49,3,2,2015,0
2015-03-11,高雄市,SE6 青蔥 粉蔥 ,26.3,19.9,17.0,20.6,-7.62,976.0,-4.5,3,3,2015,0
2015-03-12,高雄市,SE6 青蔥 粉蔥 ,21.4,17.1,13.1,17.1,-16.99,1666.0,70.7,3,4,2015,0
2015-03-13,高雄市,SE6 青蔥 粉蔥 ,21.0,16.3,11.5,16.3,-4.68,1140.0,-31.57,3,5,2015,0
2015-03-14,高雄市,SE6 青蔥 粉蔥 ,18.2,15.1,11.0,14.9,-8.59,1308.0,14.74,3,6,2015,0
2015-03-15,高雄市,SE6 青蔥 粉蔥 ,20.9,14.6,7.9,14.5,-2.68,1428.0,9.17,3,7,2015,0
2015-03-16,高雄市,SE6 青蔥 粉蔥 ,,,,,,,,3,1,2015,1
2015-03-17,高雄市,SE6 青蔥 粉蔥 ,25.8,17.9,15.0,18.9,30.34,680.0,-52.38,3,2,2015,0
2015-03-18,高雄市,SE6 青蔥 粉蔥 ,25.5,20.3,15.8,20.4,7.94,1024.0,50.59,3,3,2015,0
2015-03-19,高雄市,SE6 青蔥 粉蔥 ,23.7,19.5,12.8,19.0,-6.86,1400.0,36.72,3,4,2015,0
2015-03-20,高雄市,SE6 青蔥 粉蔥 ,19.2,15.6,11.4,15.5,-18.42,1301.0,-7.07,3,5,2015,0
2015-03-21,高雄市,SE6 青蔥 粉蔥 ,19.2,15.5,8.9,14.9,-3.87,1470.0,12.99,3,6,2015,0
2015-03-22,高雄市,SE6 青蔥 粉蔥 ,16.9,11.5,4.0,11.1,-25.5,2018.0,37.28,3,7,2015,0
2015-03-23,高雄市,SE6 青蔥 粉蔥 ,,,,,,,,3,1,2015,1
2015-03-24,高雄市,SE6 青蔥 粉蔥 ,20.9,16.2,13.5,16.6,49.55,470.0,-76.71,3,2,2015,0
2015-03-25,高雄市,SE6 青蔥 粉蔥 ,27.0,21.7,18.1,22.0,32.53,463.0,-1.49,3,3,2015,0
2015-03-26,高雄市,SE6 青蔥 粉蔥 ,27.6,23.5,21.0,23.8,8.18,741.0,60.04,3,4,2015,0
2015-03-27,高雄市,SE6 青蔥 粉蔥 ,26.1,23.1,15.7,22.2,-6.72,932.0,25.78,3,5,2015,0
2015-03-28,高雄市,SE6 青蔥 粉蔥 ,23.7,19.2,13.7,19.0,-14.41,1332.0,42.92,3,6,2015,0
2015-03-29,高雄市,SE6 青蔥 粉蔥 ,22.3,18.0,11.9,17.7,-6.84,1811.0,35.96,3,7,2015,0
2015-03-30,高雄市,SE6 青蔥 粉蔥 ,,,,,,,,3,1,2015,1
2015-03-31,高雄市,SE6 青蔥 粉蔥 ,24.9,21.8,16.1,21.3,20.34,1111.0,-38.65,3,2,2015,0
2015-04-01,高雄市,SE6 青蔥 粉蔥 ,23.2,19.8,13.8,19.3,-9.39,1174.0,5.67,4,3,2015,0
2015-04-02,高雄市,SE6 青蔥 粉蔥 ,20.0,15.6,10.5,15.5,-19.69,1237.0,5.37,4,4,2015,0
2015-04-03,高雄市,SE6 青蔥 粉蔥 ,20.5,16.7,6.5,15.4,-0.65,1458.0,17.87,4,5,2015,0
2015-04-04,高雄市,SE6 青蔥 粉蔥 ,19.0,14.5,10.9,14.7,-4.55,1798.0,23.32,4,6,2015,0
2015-04-05,高雄市,SE6 青蔥 粉蔥 ,22.0,20.4,20.0,20.6,40.14,192.0,-89.32,4,7,2015,0
2015-04-06,高雄市,SE6 青蔥 粉蔥 ,,,,,,,,4,1,2015,1
2015-04-07,高雄市,SE6 青蔥 粉蔥 ,,,,,,,,4,2,2015,1
2015-04-08,高雄市,SE6 青蔥 粉蔥 ,25.3,21.1,18.6,21.5,4.37,982.0,411.46,4,3,2015,0
2015-04-09,高雄市,SE6 青蔥 粉蔥 ,22.3,17.9,15.0,18.2,-15.35,1316.0,34.01,4,4,2015,0
2015-04-10,高雄市,SE6 青蔥 粉蔥 ,20.4,16.5,11.7,16.3,-10.44,1862.0,41.49,4,5,2015,0
2015-04-11,高雄市,SE6 青蔥 粉蔥 ,15.7,11.9,9.0,12.0,-26.38,2318.0,24.49,4,6,2015,0
2015-04-12,高雄市,SE6 青蔥 粉蔥 ,15.3,10.9,9.5,11.5,-4.17,1450.0,-37.45,4,7,2015,0
2015-04-13,高雄市,SE6 青蔥 粉蔥 ,,,,,,,,4,1,2015,1
2015-04-14,高雄市,SE6 青蔥 粉蔥 ,16.4,12.1,10.2,12.6,9.57,900.0,-37.93,4,2,2015,0
2015-04-15,高雄市,SE6 青蔥 粉蔥 ,20.3,16.7,15.4,17.2,36.51,629.0,-30.11,4,3,2015,0
2015-04-16,高雄市,SE6 青蔥 粉蔥 ,25.3,21.1,15.7,20.9,21.51,680.0,8.11,4,4,2015,0
2015-04-17,高雄市,SE6 青蔥 粉蔥 ,25.6,21.9,18.6,21.9,4.78,720.0,5.88,4,5,2015,0
2015-04-18,高雄市,SE6 青蔥 粉蔥 ,25.0,22.8,17.9,22.3,1.83,988.0,37.22,4,6,2015,0
2015-04-19,高雄市,SE6 青蔥 粉蔥 ,22.5,21.6,15.3,20.5,-8.07,1414.0,43.12,4,7,2015,0
2015-04-20,高雄市,SE6 青蔥 粉蔥 ,,,,,,,,4,1,2015,1
2015-04-21,高雄市,SE6 青蔥 粉蔥 ,18.8,17.2,15.2,17.1,-16.59,1436.0,1.56,4,2,2015,0
2015-04-22,高雄市,SE6 青蔥 粉蔥 ,18.6,16.6,15.0,16.7,-2.34,820.0,-42.9,4,3,2015,0
2015-04-23,高雄市,SE6 青蔥 粉蔥 ,18.4,15.2,12.4,15.3,-8.38,924.0,12.68,4,4,2015,0
2015-04-24,高雄市,SE6 青蔥 粉蔥 ,18.4,14.7,12.0,14.9,-2.61,883.0,-4.44,4,5,2015,0
2015-04-25,高雄市,SE6 青蔥 粉蔥 ,19.7,17.1,11.7,16.5,10.74,660.0,-25.25,4,6,2015,0
2015-04-26,高雄市,SE6 青蔥 粉蔥 ,20.0,18.0,9.4,16.7,1.21,1081.0,63.79,4,7,2015,0
2015-04-27,高雄市,SE6 青蔥 粉蔥 ,,,,,,,,4,1,2015,1
2015-04-28,高雄市,SE6 青蔥 粉蔥 ,20.7,19.1,13.5,18.3,9.58,832.0,-23.03,4,2,2015,0
2015-04-29,高雄市,SE6 青蔥 粉蔥 ,22.1,20.4,14.9,19.7,7.65,694.0,-16.59,4,3,2015,0
2015-04-30,高雄市,SE6 青蔥 粉蔥 ,21.8,19.7,15.0,19.2,-2.54,902.0,29.97,4,4,2015,0
2015-05-01,高雄市,SE6 青蔥 粉蔥 ,21.4,18.4,9.7,17.3,-9.9,908.0,0.67,5,5,2015,0
2015-05-02,高雄市,SE6 青蔥 粉蔥 ,22.0,19.4,11.2,18.3,5.78,901.0,-0.77,5,6,2015,0
2015-05-03,高雄市,SE6 青蔥 粉蔥 ,21.6,19.4,14.4,18.8,2.73,719.0,-20.2,5,7,2015,0
2015-05-04,高雄市,SE6 青蔥 粉蔥 ,,,,,,,,5,1,2015,1
2015-05-05,高雄市,SE6 青蔥 粉蔥 ,25.3,20.2,13.1,19.8,5.32,638.0,-11.27,5,2,2015,0
2015-05-06,高雄市,SE6 青蔥 粉蔥 ,24.0,20.1,12.2,19.3,-2.53,690.0,8.15,5,3,2015,0
2015-05-07,高雄市,SE6 青蔥 粉蔥 ,25.0,17.1,13.0,17.9,-7.25,792.0,14.78,5,4,2015,0
2015-05-08,高雄市,SE6 青蔥 粉蔥 ,25.0,20.2,14.8,20.1,12.29,654.0,-17.42,5,5,2015,0
2015-05-09,高雄市,SE6 青蔥 粉蔥 ,25.3,20.3,13.4,19.9,-1.0,578.0,-11.62,5,6,2015,0
2015-05-10,高雄市,SE6 青蔥 粉蔥 ,26.0,20.1,6.4,18.6,-6.53,740.0,28.03,5,7,2015,0
2015-05-11,高雄市,SE6 青蔥 粉蔥 ,,,,,,,,5,1,2015,1
2015-05-12,高雄市,SE6 青蔥 粉蔥 ,25.3,23.6,16.8,22.6,21.51,630.0,-14.86,5,2,2015,0
2015-05-13,高雄市,SE6 青蔥 粉蔥 ,26.1,19.7,14.3,19.9,-11.95,900.0,42.86,5,3,2015,0
2015-05-14,高雄市,SE6 青蔥 粉蔥 ,21.6,17.0,13.0,17.1,-14.07,1060.0,17.78,5,4,2015,0
2015-05-15,高雄市,SE6 青蔥 粉蔥 ,24.7,16.3,10.0,16.7,-2.34,580.0,-45.28,5,5,2015,0
2015-05-16,高雄市,SE6 青蔥 粉蔥 ,23.5,21.0,13.0,19.9,19.16,376.0,-35.17,5,6,2015,0
2015-05-17,高雄市,SE6 青蔥 粉蔥 ,26.2,18.2,10.0,18.2,-8.54,579.0,53.99,5,7,2015,0
2015-05-18,高雄市,SE6 青蔥 粉蔥 ,,,,,,,,5,1,2015,1
2015-05-19,高雄市,SE6 青蔥 粉蔥 ,29.5,23.1,13.0,22.3,22.53,392.0,-32.3,5,2,2015,0
2015-05-20,高雄市,SE6 青蔥 粉蔥 ,30.5,27.9,19.0,26.7,19.73,399.0,1.79,5,3,2015,0
2015-05-21,高雄市,SE6 青蔥 粉蔥 ,28.2,24.2,20.4,24.3,-8.99,516.0,29.32,5,4,2015,0
2015-05-22,高雄市,SE6 青蔥 粉蔥 ,31.5,27.9,11.3,25.3,4.12,467.0,-9.5,5,5,2015,0
2015-05-23,高雄市,SE6 青蔥 粉蔥 ,30.7,24.7,17.4,24.4,-3.56,572.0,22.48,5,6,2015,0
2015-05-24,高雄市,SE6 青蔥 粉蔥 ,24.5,21.1,11.8,19.9,-18.44,740.0,29.37,5,7,2015,0
2015-05-25,高雄市,SE6 青蔥 粉蔥 ,,,,,,,,5,1,2015,1
2015-05-26,高雄市,SE6 青蔥 粉蔥 ,33.5,28.8,17.1,27.4,37.69,743.0,0.41,5,2,2015,0
2015-05-27,高雄市,SE6 青蔥 粉蔥 ,30.5,27.4,20.4,26.6,-2.92,844.0,13.59,5,3,2015,0
2015-05-28,高雄市,SE6 青蔥 粉蔥 ,31.1,21.4,10.9,21.3,-19.92,899.0,6.52,5,4,2015,0
2015-05-29,高雄市,SE6 青蔥 粉蔥 ,33.7,24.7,12.7,24.1,13.15,517.0,-42.49,5,5,2015,0
2015-05-30,高雄市,SE6 青蔥 粉蔥 ,39.3,24.1,9.3,24.2,0.41,352.0,-31.91,5,6,2015,0
2015-05-31,高雄市,SE6 青蔥 粉蔥 ,41.8,34.5,25.8,34.2,41.32,396.0,12.5,5,7,2015,0
2015-06-01,高雄市,SE6 青蔥 粉蔥 ,,,,,,,,6,1,2015,1
2015-06-02,高雄市,SE6 青蔥 粉蔥 ,49.3,36.0,16.0,34.7,1.46,221.0,-44.19,6,2,2015,0
2015-06-03,高雄市,SE6 青蔥 粉蔥 ,55.0,41.5,31.1,42.1,21.33,203.0,-8.14,6,3,2015,0
2015-06-04,高雄市,SE6 青蔥 粉蔥 ,46.8,37.3,27.4,37.2,-11.64,392.0,93.1,6,4,2015,0
2015-06-05,高雄市,SE6 青蔥 粉蔥 ,45.5,38.0,30.0,37.9,1.88,420.0,7.14,6,5,2015,0
2015-06-06,高雄市,SE6 青蔥 粉蔥 ,43.0,36.5,26.6,35.8,-5.54,475.0,13.1,6,6,2015,0
2015-06-07,高雄市,SE6 青蔥 粉蔥 ,44.0,34.9,20.2,33.8,-5.59,408.0,-14.11,6,7,2015,0
2015-06-08,高雄市,SE6 青蔥 粉蔥 ,,,,,,,,6,1,2015,1
2015-06-09,高雄市,SE6 青蔥 粉蔥 ,47.0,43.6,20.0,39.6,17.16,240.0,-41.18,6,2,2015,0
2015-06-10,高雄市,SE6 青蔥 粉蔥 ,51.0,47.4,31.7,45.0,13.64,293.0,22.08,6,3,2015,0
2015-06-11,高雄市,SE6 青蔥 粉蔥 ,42.0,36.3,25.0,35.2,-21.78,194.0,-33.79,6,4,2015,0
2015-06-12,高雄市,SE6 青蔥 粉蔥 ,45.8,42.2,27.7,40.0,13.64,355.0,82.99,6,5,2015,0
2015-06-13,高雄市,SE6 青蔥 粉蔥 ,46.0,43.7,35.7,42.6,6.5,356.0,0.28,6,6,2015,0
2015-06-14,高雄市,SE6 青蔥 粉蔥 ,46.0,44.2,41.1,44.0,3.29,483.0,35.67,6,7,2015,0
2015-06-15,高雄市,SE6 青蔥 粉蔥 ,,,,,,,,6,1,2015,1
2015-06-16,高雄市,SE6 青蔥 粉蔥 ,62.8,58.6,33.8,54.5,23.86,422.0,-12.63,6,2,2015,0
2015-06-17,高雄市,SE6 青蔥 粉蔥 ,67.0,63.1,33.1,57.8,6.06,217.0,-48.58,6,3,2015,0
2015-06-18,高雄市,SE6 青蔥 粉蔥 ,47.3,31.9,7.2,30.0,-48.1,686.0,216.13,6,4,2015,0
2015-06-19,高雄市,SE6 青蔥 粉蔥 ,55.0,53.7,43.1,51.8,72.67,329.0,-52.04,6,5,2015,0
2015-06-20,高雄市,SE6 青蔥 粉蔥 ,57.7,35.7,25.0,38.0,-26.64,332.0,0.91,6,6,2015,0
2015-06-21,高雄市,SE6 青蔥 粉蔥 ,,,,,,,,6,7,2015,1
2015-06-22,高雄市,SE6 青蔥 粉蔥 ,,,,,,,,6,1,2015,1
2015-06-23,高雄市,SE6 青蔥 粉蔥 ,66.4,49.5,20.0,47.0,23.68,208.0,-37.35,6,2,2015,0
2015-06-24,高雄市,SE6 青蔥 粉蔥 ,56.0,55.9,55.0,55.7,18.51,217.0,4.33,6,3,2015,0
2015-06-25,高雄市,SE6 青蔥 粉蔥 ,56.0,39.0,3.0,35.2,-36.8,326.0,50.23,6,4,2015,0
2015-06-26,高雄市,SE6 青蔥 粉蔥 ,69.0,48.7,35.4,50.1,42.33,220.0,-32.52,6,5,2015,0
2015-06-27,高雄市,SE6 青蔥 粉蔥 ,64.0,31.4,18.0,35.3,-29.54,160.0,-27.27,6,6,2015,0
2015-06-28,高雄市,SE6 青蔥 粉蔥 ,69.3,55.7,33.5,54.0,52.97,200.0,25.0,6,7,2015,0
2015-06-29,高雄市,SE6 青蔥 粉蔥 ,,,,,,,,6,1,2015,1
2015-06-30,高雄市,SE6 青蔥 粉蔥 ,58.7,55.1,52.0,55.2,2.22,402.0,101.0,6,2,2015,0
2015-07-01,高雄市,SE6 青蔥 粉蔥 ,49.4,42.3,35.0,42.2,-23.55,458.0,13.93,7,3,2015,0
2015-07-02,高雄市,SE6 青蔥 粉蔥 ,47.2,44.1,17.9,39.5,-6.4,418.0,-8.73,7,4,2015,0
2015-07-03,高雄市,SE6 青蔥 粉蔥 ,53.1,43.1,20.0,40.4,2.28,491.0,17.46,7,5,2015,0
2015-07-04,高雄市,SE6 青蔥 粉蔥 ,49.3,39.5,24.4,38.4,-4.95,461.0,-6.11,7,6,2015,0
2015-07-05,高雄市,SE6 青蔥 粉蔥 ,66.9,48.1,33.0,48.9,27.34,323.0,-29.93,7,7,2015,0
2015-07-06,高雄市,SE6 青蔥 粉蔥 ,,,,,,,,7,1,2015,1
2015-07-07,高雄市,SE6 青蔥 粉蔥 ,71.0,66.1,60.1,65.9,34.76,203.0,-37.15,7,2,2015,0
2015-07-08,高雄市,SE6 青蔥 粉蔥 ,60.0,60.0,60.0,60.0,-8.95,63.0,-68.97,7,3,2015,0
2015-07-09,高雄市,SE6 青蔥 粉蔥 ,76.9,65.8,65.0,67.9,13.17,122.0,93.65,7,4,2015,0
2015-07-10,高雄市,SE6 青蔥 粉蔥 ,77.7,59.2,50.0,61.1,-10.01,282.0,131.15,7,5,2015,0
2015-07-11,高雄市,SE6 青蔥 粉蔥 ,57.5,50.7,40.0,49.9,-18.33,602.0,113.48,7,6,2015,0
2015-07-12,高雄市,SE6 青蔥 粉蔥 ,51.7,41.2,32.9,41.7,-16.43,715.0,18.77,7,7,2015,0
2015-07-13,高雄市,SE6 青蔥 粉蔥 ,,,,,,,,7,1,2015,1
2015-07-14,高雄市,SE6 青蔥 粉蔥 ,78.4,40.2,26.6,45.2,8.39,890.0,24.48,7,2,2015,0
2015-07-15,高雄市,SE6 青蔥 粉蔥 ,70.6,42.0,19.9,43.3,-4.2,850.0,-4.49,7,3,2015,0
2015-07-16,高雄市,SE6 青蔥 粉蔥 ,67.6,38.7,20.1,40.8,-5.77,491.0,-42.24,7,4,2015,0
2015-07-17,高雄市,SE6 青蔥 粉蔥 ,63.6,37.6,8.9,37.0,-9.31,557.0,13.44,7,5,2015,0
2015-07-18,高雄市,SE6 青蔥 粉蔥 ,62.0,35.8,22.0,38.3,3.51,299.0,-46.32,7,6,2015,0
2015-07-19,高雄市,SE6 青蔥 粉蔥 ,69.1,38.5,27.1,42.3,10.44,690.0,130.77,7,7,2015,0
2015-07-20,高雄市,SE6 青蔥 粉蔥 ,,,,,,,,7,1,2015,1
2015-07-21,高雄市,SE6 青蔥 粉蔥 ,64.6,43.3,31.9,45.3,7.09,455.0,-34.06,7,2,2015,0
2015-07-22,高雄市,SE6 青蔥 粉蔥 ,72.3,51.7,29.9,51.4,13.47,655.0,43.96,7,3,2015,0
2015-07-23,高雄市,SE6 青蔥 粉蔥 ,65.1,45.4,35.1,47.3,-7.98,759.0,15.88,7,4,2015,0
2015-07-24,高雄市,SE6 青蔥 粉蔥 ,65.7,47.5,31.0,47.8,1.06,828.0,9.09,7,5,2015,0
2015-07-25,高雄市,SE6 青蔥 粉蔥 ,68.5,39.5,30.0,43.4,-9.21,1348.0,62.8,7,6,2015,0
2015-07-26,高雄市,SE6 青蔥 粉蔥 ,56.0,42.8,25.3,42.0,-3.23,1059.0,-21.44,7,7,2015,0
2015-07-27,高雄市,SE6 青蔥 粉蔥 ,,,,,,,,7,1,2015,1
2015-07-28,高雄市,SE6 青蔥 粉蔥 ,74.4,41.6,26.7,45.2,7.62,684.0,-35.41,7,2,2015,0
2015-07-29,高雄市,SE6 青蔥 粉蔥 ,67.9,47.7,37.7,49.7,9.96,515.0,-24.71,7,3,2015,0
2015-07-30,高雄市,SE6 青蔥 粉蔥 ,59.0,45.6,36.9,46.5,-6.44,481.0,-6.6,7,4,2015,0
2015-07-31,高雄市,SE6 青蔥 粉蔥 ,57.7,43.1,32.6,43.9,-5.59,438.0,-8.94,7,5,2015,0
2015-08-01,高雄市,SE6 青蔥 粉蔥 ,59.7,45.0,35.1,46.0,4.78,652.0,48.86,8,6,2015,0
2015-08-02,高雄市,SE6 青蔥 粉蔥 ,77.6,53.7,43.4,56.4,22.61,607.0,-6.9,8,7,2015,0
2015-08-03,高雄市,SE6 青蔥 粉蔥 ,,,,,,,,8,1,2015,1
2015-08-04,高雄市,SE6 青蔥 粉蔥 ,79.8,56.3,46.4,59.0,4.61,627.0,3.29,8,2,2015,0
2015-08-05,高雄市,SE6 青蔥 粉蔥 ,82.6,57.9,45.9,60.4,2.37,706.0,12.6,8,3,2015,0
2015-08-06,高雄市,SE6 青蔥 粉蔥 ,73.8,57.0,44.5,57.8,-4.3,458.0,-35.13,8,4,2015,0
2015-08-07,高雄市,SE6 青蔥 粉蔥 ,81.5,66.3,48.0,65.7,13.67,587.0,28.17,8,5,2015,0
2015-08-08,高雄市,SE6 青蔥 粉蔥 ,65.2,56.4,53.9,57.7,-12.18,670.0,14.14,8,6,2015,0
2015-08-09,高雄市,SE6 青蔥 粉蔥 ,68.0,66.7,62.0,66.0,14.38,120.0,-82.09,8,7,2015,0
2015-08-10,高雄市,SE6 青蔥 粉蔥 ,,,,,,,,8,1,2015,1
2015-08-11,高雄市,SE6 青蔥 粉蔥 ,78.3,57.9,55.0,61.4,-6.97,223.0,85.83,8,2,2015,0
2015-08-12,高雄市,SE6 青蔥 粉蔥 ,97.0,71.5,67.0,75.7,23.29,225.0,0.9,8,3,2015,0
2015-08-13,高雄市,SE6 青蔥 粉蔥 ,98.2,71.9,58.7,74.5,-1.59,855.0,280.0,8,4,2015,0
2015-08-14,高雄市,SE6 青蔥 粉蔥 ,82.2,42.7,33.5,48.7,-34.63,653.0,-23.63,8,5,2015,0
2015-08-15,高雄市,SE6 青蔥 粉蔥 ,95.2,89.6,70.8,87.0,78.64,316.0,-51.61,8,6,2015,0
2015-08-16,高雄市,SE6 青蔥 粉蔥 ,119.4,100.9,91.3,102.7,18.05,279.0,-11.71,8,7,2015,0
2015-08-17,高雄市,SE6 青蔥 粉蔥 ,,,,,,,,8,1,2015,1
2015-08-18,高雄市,SE6 青蔥 粉蔥 ,118.2,92.9,85.0,96.3,-6.23,413.0,48.03,8,2,2015,0
2015-08-19,高雄市,SE6 青蔥 粉蔥 ,107.2,84.8,65.0,85.3,-11.42,279.0,-32.45,8,3,2015,0
2015-08-20,高雄市,SE6 青蔥 粉蔥 ,137.7,82.5,42.9,85.6,0.35,578.0,107.17,8,4,2015,0
2015-08-21,高雄市,SE6 青蔥 粉蔥 ,134.0,100.5,63.0,99.7,16.47,744.0,28.72,8,5,2015,0
2015-08-22,高雄市,SE6 青蔥 粉蔥 ,119.6,73.6,21.3,72.3,-27.48,1373.0,84.54,8,6,2015,0
2015-08-23,高雄市,SE6 青蔥 粉蔥 ,124.6,74.7,24.4,74.6,3.18,1152.0,-16.1,8,7,2015,0
2015-08-24,高雄市,SE6 青蔥 粉蔥 ,,,,,,,,8,1,2015,1
2015-08-25,高雄市,SE6 青蔥 粉蔥 ,113.7,85.6,43.7,82.8,10.99,1293.0,12.24,8,2,2015,0
2015-08-26,高雄市,SE6 青蔥 粉蔥 ,98.8,65.7,35.6,66.3,-19.93,1816.0,40.45,8,3,2015,0
2015-08-27,高雄市,SE6 青蔥 粉蔥 ,79.8,61.9,42.5,61.6,-7.09,1927.0,6.11,8,4,2015,0
2015-08-28,高雄市,SE6 青蔥 粉蔥 ,73.2,53.8,36.6,54.3,-11.85,1427.0,-25.95,8,5,2015,0
2015-08-29,高雄市,SE6 青蔥 粉蔥 ,,,,,,,,8,6,2015,1
2015-08-30,高雄市,SE6 青蔥 粉蔥 ,,,,,,,,8,7,2015,1
2015-08-31,高雄市,SE6 青蔥 粉蔥 ,,,,,,,,8,1,2015,1
2015-09-01,高雄市,SE6 青蔥 粉蔥 ,117.8,79.0,39.4,78.8,45.12,866.0,-39.31,9,2,2015,0
2015-09-02,高雄市,SE6 青蔥 粉蔥 ,100.0,68.0,23.5,65.5,-16.88,1130.0,30.48,9,3,2015,0
2015-09-03,高雄市,SE6 青蔥 粉蔥 ,119.5,54.1,22.3,60.8,-7.18,1266.0,12.04,9,4,2015,0
2015-09-04,高雄市,SE6 青蔥 粉蔥 ,125.0,82.8,22.7,79.2,30.26,1023.0,-19.19,9,5,2015,0
2015-09-05,高雄市,SE6 青蔥 粉蔥 ,108.2,64.8,8.6,62.3,-21.34,1155.0,12.9,9,6,2015,0
2015-09-06,高雄市,SE6 青蔥 粉蔥 ,108.2,68.9,14.4,65.9,5.78,1421.0,23.03,9,7,2015,0
2015-09-07,高雄市,SE6 青蔥 粉蔥 ,,,,,,,,9,1,2015,1
2015-09-08,高雄市,SE6 青蔥 粉蔥 ,120.0,93.5,31.6,86.4,31.11,852.0,-40.04,9,2,2015,0
2015-09-09,高雄市,SE6 青蔥 粉蔥 ,115.0,96.1,36.2,87.9,1.74,790.0,-7.28,9,3,2015,0
2015-09-10,高雄市,SE6 青蔥 粉蔥 ,100.0,81.2,21.8,73.1,-16.84,1091.0,38.1,9,4,2015,0
2015-09-11,高雄市,SE6 青蔥 粉蔥 ,100.3,72.8,20.3,67.8,-7.25,1191.0,9.17,9,5,2015,0
2015-09-12,高雄市,SE6 青蔥 粉蔥 ,98.3,74.0,30.3,70.1,3.39,1308.0,9.82,9,6,2015,0
2015-09-13,高雄市,SE6 青蔥 粉蔥 ,93.2,64.6,34.3,64.3,-8.27,1540.0,17.74,9,7,2015,0
2015-09-14,高雄市,SE6 青蔥 粉蔥 ,,,,,,,,9,1,2015,1
2015-09-15,高雄市,SE6 青蔥 粉蔥 ,103.2,75.7,36.3,73.3,14.0,1019.0,-33.83,9,2,2015,0
2015-09-16,高雄市,SE6 青蔥 粉蔥 ,83.2,73.3,48.2,70.3,-4.09,927.0,-9.03,9,3,2015,0
2015-09-17,高雄市,SE6 青蔥 粉蔥 ,77.4,56.2,23.7,53.9,-23.33,1247.0,34.52,9,4,2015,0
2015-09-18,高雄市,SE6 青蔥 粉蔥 ,80.5,62.1,17.2,56.8,5.38,1024.0,-17.88,9,5,2015,0
2015-09-19,高雄市,SE6 青蔥 粉蔥 ,96.6,54.7,9.5,54.0,-4.93,1387.0,35.45,9,6,2015,0
2015-09-20,高雄市,SE6 青蔥 粉蔥 ,85.2,48.9,18.2,50.0,-7.41,1848.0,33.24,9,7,2015,0
2015-09-21,高雄市,SE6 青蔥 粉蔥 ,,,,,,,,9,1,2015,1
2015-09-22,高雄市,SE6 青蔥 粉蔥 ,87.1,54.2,19.2,53.8,7.6,1882.0,1.84,9,2,2015,0
2015-09-23,高雄市,SE6 青蔥 粉蔥 ,85.9,52.7,14.9,51.8,-3.72,1649.0,-12.38,9,3,2015,0
2015-09-24,高雄市,SE6 青蔥 粉蔥 ,66.3,44.0,26.5,45.0,-13.13,1463.0,-11.28,9,4,2015,0
2015-09-25,高雄市,SE6 青蔥 粉蔥 ,63.7,42.5,26.0,43.5,-3.33,1469.0,0.41,9,5,2015,0
2015-09-26,高雄市,SE6 青蔥 粉蔥 ,67.6,39.5,13.3,39.9,-8.28,1356.0,-7.69,9,6,2015,0
2015-09-27,高雄市,SE6 青蔥 粉蔥 ,71.3,52.5,30.8,51.9,30.08,1307.0,-3.61,9,7,2015,0
2015-09-28,高雄市,SE6 青蔥 粉蔥 ,,,,,,,,9,1,2015,1
2015-09-29,高雄市,SE6 青蔥 粉蔥 ,,,,,,,,9,2,2015,1
2015-09-30,高雄市,SE6 青蔥 粉蔥 ,75.7,39.4,27.6,44.3,-14.64,677.0,-48.2,9,3,2015,0
2015-10-01,高雄市,SE6 青蔥 粉蔥 ,82.0,76.3,35.0,69.2,56.21,275.0,-59.38,10,4,2015,0
2015-10-02,高雄市,SE6 青蔥 粉蔥 ,56.6,29.7,14.2,32.0,-53.76,864.0,214.18,10,5,2015,0
2015-10-03,高雄市,SE6 青蔥 粉蔥 ,65.9,46.1,26.5,46.1,44.06,518.0,-40.05,10,6,2015,0
2015-10-04,高雄市,SE6 青蔥 粉蔥 ,95.0,62.9,35.9,63.9,38.61,423.0,-18.34,10,7,2015,0
2015-10-05,高雄市,SE6 青蔥 粉蔥 ,,,,,,,,10,1,2015,1
2015-10-06,高雄市,SE6 青蔥 粉蔥 ,101.0,93.9,53.1,87.2,36.46,448.0,5.91,10,2,2015,0
2015-10-07,高雄市,SE6 青蔥 粉蔥 ,99.3,79.3,22.7,72.0,-17.43,422.0,-5.8,10,3,2015,0
2015-10-08,高雄市,SE6 青蔥 粉蔥 ,100.0,77.8,45.5,75.8,5.28,505.0,19.67,10,4,2015,0
2015-10-09,高雄市,SE6 青蔥 粉蔥 ,103.0,64.1,29.4,64.9,-14.38,349.0,-30.89,10,5,2015,0
2015-10-10,高雄市,SE6 青蔥 粉蔥 ,112.0,65.9,46.5,71.2,9.71,675.0,93.41,10,6,2015,0
2015-10-11,高雄市,SE6 青蔥 粉蔥 ,117.0,71.5,46.7,75.6,6.18,854.0,26.52,10,7,2015,0
2015-10-12,高雄市,SE6 青蔥 粉蔥 ,,,,,,,,10,1,2015,1
2015-10-13,高雄市,SE6 青蔥 粉蔥 ,95.0,68.6,49.0,70.0,-7.41,828.0,-3.04,10,2,2015,0
2015-10-14,高雄市,SE6 青蔥 粉蔥 ,80.0,72.7,53.5,70.3,0.43,455.0,-45.05,10,3,2015,0
2015-10-15,高雄市,SE6 青蔥 粉蔥 ,93.1,59.9,40.0,62.6,-10.95,876.0,92.53,10,4,2015,0
2015-10-16,高雄市,SE6 青蔥 粉蔥 ,97.7,57.7,46.0,63.3,1.12,1110.0,26.71,10,5,2015,0
2015-10-17,高雄市,SE6 青蔥 粉蔥 ,84.8,56.5,41.8,59.2,-6.48,1577.0,42.07,10,6,2015,0
2015-10-18,高雄市,SE6 青蔥 粉蔥 ,78.9,48.5,36.6,52.2,-11.82,1942.0,23.15,10,7,2015,0
2015-10-19,高雄市,SE6 青蔥 粉蔥 ,,,,,,,,10,1,2015,1
2015-10-20,高雄市,SE6 青蔥 粉蔥 ,78.7,45.9,30.3,49.4,-5.36,2260.0,16.37,10,2,2015,0
2015-10-21,高雄市,SE6 青蔥 粉蔥 ,66.5,29.9,13.6,33.9,-31.38,2613.0,15.62,10,3,2015,0
2015-10-22,高雄市,SE6 青蔥 粉蔥 ,60.7,30.3,12.3,32.8,-3.24,1425.0,-45.46,10,4,2015,0
2015-10-23,高雄市,SE6 青蔥 粉蔥 ,53.3,27.1,13.6,29.6,-9.76,1702.0,19.44,10,5,2015,0
2015-10-24,高雄市,SE6 青蔥 粉蔥 ,49.6,30.3,19.7,32.0,8.11,1748.0,2.7,10,6,2015,0
2015-10-25,高雄市,SE6 青蔥 粉蔥 ,50.3,34.2,15.6,33.7,5.31,1632.0,-6.64,10,7,2015,0
2015-10-26,高雄市,SE6 青蔥 粉蔥 ,,,,,,,,10,1,2015,1
2015-10-27,高雄市,SE6 青蔥 粉蔥 ,50.6,27.2,18.7,30.2,-10.39,1911.0,17.1,10,2,2015,0
2015-10-28,高雄市,SE6 青蔥 粉蔥 ,60.1,37.6,22.4,39.0,29.14,703.0,-63.21,10,3,2015,0
2015-10-29,高雄市,SE6 青蔥 粉蔥 ,66.7,40.7,27.5,43.3,11.03,882.0,25.46,10,4,2015,0
2015-10-30,高雄市,SE6 青蔥 粉蔥 ,75.0,43.2,30.1,46.9,8.31,1045.0,18.48,10,5,2015,0
2015-10-31,高雄市,SE6 青蔥 粉蔥 ,67.2,38.4,21.8,40.9,-12.79,1268.0,21.34,10,6,2015,0
2015-11-01,高雄市,SE6 青蔥 粉蔥 ,58.6,38.4,24.2,39.6,-3.18,1656.0,30.6,11,7,2015,0
2015-11-02,高雄市,SE6 青蔥 粉蔥 ,,,,,,,,11,1,2015,1
2015-11-03,高雄市,SE6 青蔥 粉蔥 ,65.8,44.5,24.8,44.8,13.13,1428.0,-13.77,11,2,2015,0
2015-11-04,高雄市,SE6 青蔥 粉蔥 ,55.1,33.5,21.7,35.5,-20.76,1529.0,7.07,11,3,2015,0
2015-11-05,高雄市,SE6 青蔥 粉蔥 ,50.0,33.4,27.3,35.5,0.0,1159.0,-24.2,11,4,2015,0
2015-11-06,高雄市,SE6 青蔥 粉蔥 ,43.9,29.6,23.3,31.2,-12.11,1201.0,3.62,11,5,2015,0
2015-11-07,高雄市,SE6 青蔥 粉蔥 ,41.9,26.1,16.4,27.3,-12.5,1817.0,51.29,11,6,2015,0
2015-11-08,高雄市,SE6 青蔥 粉蔥 ,50.6,27.1,12.5,28.9,5.86,1209.0,-33.46,11,7,2015,0
2015-11-09,高雄市,SE6 青蔥 粉蔥 ,,,,,,,,11,1,2015,1
2015-11-10,高雄市,SE6 青蔥 粉蔥 ,47.6,31.3,22.5,32.8,13.49,787.0,-34.9,11,2,2015,0
2015-11-11,高雄市,SE6 青蔥 粉蔥 ,44.0,33.0,24.8,33.5,2.13,1005.0,27.7,11,3,2015,0
2015-11-12,高雄市,SE6 青蔥 粉蔥 ,51.3,33.6,23.9,35.2,5.07,875.0,-12.94,11,4,2015,0
2015-11-13,高雄市,SE6 青蔥 粉蔥 ,41.0,29.0,20.0,29.6,-15.91,1715.0,96.0,11,5,2015,0
2015-11-14,高雄市,SE6 青蔥 粉蔥 ,45.7,31.4,18.2,31.6,6.76,1173.0,-31.6,11,6,2015,0
2015-11-15,高雄市,SE6 青蔥 粉蔥 ,51.2,32.8,18.9,33.7,6.65,1065.0,-9.21,11,7,2015,0
2015-11-16,高雄市,SE6 青蔥 粉蔥 ,,,,,,,,11,1,2015,1
2015-11-17,高雄市,SE6 青蔥 粉蔥 ,48.9,33.0,15.2,32.6,-3.26,1157.0,8.64,11,2,2015,0
2015-11-18,高雄市,SE6 青蔥 粉蔥 ,50.8,29.1,20.2,31.6,-3.07,1157.0,0.0,11,3,2015,0
2015-11-19,高雄市,SE6 青蔥 粉蔥 ,45.6,21.7,9.9,24.1,-23.73,1532.0,32.41,11,4,2015,0
2015-11-20,高雄市,SE6 青蔥 粉蔥 ,36.5,29.1,17.6,28.3,17.43,884.0,-42.3,11,5,2015,0
2015-11-21,高雄市,SE6 青蔥 粉蔥 ,33.3,29.0,21.6,28.4,0.35,903.0,2.15,11,6,2015,0
2015-11-22,高雄市,SE6 青蔥 粉蔥 ,41.0,30.2,22.1,30.7,8.1,1077.0,19.27,11,7,2015,0
2015-11-23,高雄市,SE6 青蔥 粉蔥 ,,,,,,,,11,1,2015,1
2015-11-24,高雄市,SE6 青蔥 粉蔥 ,42.9,36.0,23.9,35.0,14.01,993.0,-7.8,11,2,2015,0
2015-11-25,高雄市,SE6 青蔥 粉蔥 ,52.1,42.5,29.8,41.9,19.71,816.0,-17.82,11,3,2015,0
2015-11-26,高雄市,SE6 青蔥 粉蔥 ,54.7,42.0,28.7,41.9,0.0,933.0,14.34,11,4,2015,0
2015-11-27,高雄市,SE6 青蔥 粉蔥 ,45.3,35.0,28.0,35.7,-14.8,1023.0,9.65,11,5,2015,0
2015-11-28,高雄市,SE6 青蔥 粉蔥 ,43.8,39.3,32.1,38.8,8.68,919.0,-10.17,11,6,2015,0
2015-11-29,高雄市,SE6 青蔥 粉蔥 ,52.7,38.7,28.0,39.4,1.55,879.0,-4.35,11,7,2015,0
2015-11-30,高雄市,SE6 青蔥 粉蔥 ,,,,,,,,11,1,2015,1
2015-12-01,高雄市,SE6 青蔥 粉蔥 ,53.0,46.8,35.0,45.7,15.99,772.0,-12.17,12,2,2015,0
2015-12-02,高雄市,SE6 青蔥 粉蔥 ,45.5,36.8,31.0,37.3,-18.38,896.0,16.06,12,3,2015,0
2015-12-03,高雄市,SE6 青蔥 粉蔥 ,46.2,38.8,26.1,37.8,1.34,742.0,-17.19,12,4,2015,0
2015-12-04,高雄市,SE6 青蔥 粉蔥 ,42.5,38.7,24.1,36.5,-3.44,641.0,-13.61,12,5,2015,0
2015-12-05,高雄市,SE6 青蔥 粉蔥 ,47.0,43.0,40.2,43.2,18.36,339.0,-47.11,12,6,2015,0
2015-12-06,高雄市,SE6 青蔥 粉蔥 ,41.0,40.2,30.0,38.3,-11.34,355.0,4.72,12,7,2015,0
2015-12-07,高雄市,SE6 青蔥 粉蔥 ,,,,,,,,12,1,2015,1
2015-12-08,高雄市,SE6 青蔥 粉蔥 ,60.2,50.0,43.0,50.6,32.11,666.0,87.61,12,2,2015,0
2015-12-09,高雄市,SE6 青蔥 粉蔥 ,59.5,46.7,36.7,47.3,-6.52,767.0,15.17,12,3,2015,0
2015-12-10,高雄市,SE6 青蔥 粉蔥 ,52.4,42.3,31.6,42.2,-10.78,1227.0,59.97,12,4,2015,0
2015-12-11,高雄市,SE6 青蔥 粉蔥 ,44.8,37.7,26.5,36.9,-12.56,635.0,-48.25,12,5,2015,0
2015-12-12,高雄市,SE6 青蔥 粉蔥 ,42.9,34.9,23.9,34.3,-7.05,612.0,-3.62,12,6,2015,0
2015-12-13,高雄市,SE6 青蔥 粉蔥 ,62.5,41.4,35.0,44.3,29.15,266.0,-56.54,12,7,2015,0
2015-12-14,高雄市,SE6 青蔥 粉蔥 ,,,,,,,,12,1,2015,1
2015-12-15,高雄市,SE6 青蔥 粉蔥 ,63.2,46.6,37.2,48.1,8.58,563.0,111.65,12,2,2015,0
2015-12-16,高雄市,SE6 青蔥 粉蔥 ,66.7,43.0,36.5,46.4,-3.53,240.0,-57.37,12,3,2015,0
2015-12-17,高雄市,SE6 青蔥 粉蔥 ,77.3,59.1,41.4,59.2,27.59,365.0,52.08,12,4,2015,0
2015-12-18,高雄市,SE6 青蔥 粉蔥 ,65.8,60.2,49.0,59.1,-0.17,718.0,96.71,12,5,2015,0
2015-12-19,高雄市,SE6 青蔥 粉蔥 ,68.6,51.1,45.1,53.4,-9.64,743.0,3.48,12,6,2015,0
2015-12-20,高雄市,SE6 青蔥 粉蔥 ,60.8,53.3,40.9,52.3,-2.06,565.0,-23.96,12,7,2015,0
2015-12-21,高雄市,SE6 青蔥 粉蔥 ,,,,,,,,12,1,2015,1
2015-12-22,高雄市,SE6 青蔥 粉蔥 ,67.6,56.9,50.0,57.7,10.33,358.0,-36.64,12,2,2015,0
2015-12-23,高雄市,SE6 青蔥 粉蔥 ,62.0,51.9,36.0,50.7,-12.13,356.0,-0.56,12,3,2015,0
2015-12-24,高雄市,SE6 青蔥 粉蔥 ,58.0,44.0,34.4,44.9,-11.44,180.0,-49.44,12,4,2015,0
2015-12-25,高雄市,SE6 青蔥 粉蔥 ,66.0,37.2,20.0,39.5,-12.03,561.0,211.67,12,5,2015,0
2015-12-26,高雄市,SE6 青蔥 粉蔥 ,55.4,41.6,13.8,38.8,-1.77,317.0,-43.49,12,6,2015,0
2015-12-27,高雄市,SE6 青蔥 粉蔥 ,58.8,41.4,18.7,40.3,3.87,590.0,86.12,12,7,2015,0
2015-12-28,高雄市,SE6 青蔥 粉蔥 ,,,,,,,,12,1,2015,1
2015-12-29,高雄市,SE6 青蔥 粉蔥 ,66.7,28.1,1.5,30.5,-24.32,240.0,-59.32,12,2,2015,0
2015-12-30,高雄市,SE6 青蔥 粉蔥 ,73.0,66.2,57.8,65.9,116.07,168.0,-30.0,12,3,2015,0
2015-12-31,高雄市,SE6 青蔥 粉蔥 ,75.0,57.3,15.9,52.5,-20.33,379.0,125.6,12,4,2015,0
2016-01-01,高雄市,SE6 青蔥 粉蔥 ,74.0,70.2,43.2,65.6,24.95,192.0,-49.34,1,5,2016,0
2016-01-02,高雄市,SE6 青蔥 粉蔥 ,51.0,50.2,50.0,50.3,-23.32,120.0,-37.5,1,6,2016,0
2016-01-03,高雄市,SE6 青蔥 粉蔥 ,50.0,50.0,50.0,50.0,-0.6,80.0,-33.33,1,7,2016,0
2016-01-04,高雄市,SE6 青蔥 粉蔥 ,,,,,,,,1,1,2016,1
2016-01-05,高雄市,SE6 青蔥 粉蔥 ,55.0,55.0,55.0,55.0,10.0,20.0,-75.0,1,2,2016,0
2016-01-06,高雄市,SE6 青蔥 粉蔥 ,,,,,,,,1,3,2016,1
2016-01-07,高雄市,SE6 青蔥 粉蔥 ,70.0,70.0,70.0,70.0,27.27,96.0,380.0,1,4,2016,0
2016-01-08,高雄市,SE6 青蔥 粉蔥 ,95.0,92.3,83.0,91.0,30.0,60.0,-37.5,1,5,2016,0
2016-01-09,高雄市,SE6 青蔥 粉蔥 ,83.0,76.8,60.8,74.8,-17.8,447.0,645.0,1,6,2016,0
2016-01-10,高雄市,SE6 青蔥 粉蔥 ,71.0,55.8,35.0,54.7,-26.87,326.0,-27.07,1,7,2016,0
2016-01-11,高雄市,SE6 青蔥 粉蔥 ,,,,,,,,1,1,2016,1
2016-01-12,高雄市,SE6 青蔥 粉蔥 ,76.0,75.6,74.0,75.3,37.66,144.0,-55.83,1,2,2016,0
2016-01-13,高雄市,SE6 青蔥 粉蔥 ,74.1,67.0,8.0,56.6,-24.83,379.0,163.19,1,3,2016,0
2016-01-14,高雄市,SE6 青蔥 粉蔥 ,64.0,63.3,55.4,61.8,9.19,260.0,-31.4,1,4,2016,0
2016-01-15,高雄市,SE6 青蔥 粉蔥 ,55.0,55.0,55.0,55.0,-11.0,120.0,-53.85,1,5,2016,0
2016-01-16,高雄市,SE6 青蔥 粉蔥 ,70.0,70.0,70.0,70.0,27.27,168.0,40.0,1,6,2016,0
2016-01-17,高雄市,SE6 青蔥 粉蔥 ,69.2,63.4,63.0,64.5,-7.86,144.0,-14.29,1,7,2016,0
2016-01-18,高雄市,SE6 青蔥 粉蔥 ,,,,,,,,1,1,2016,1
2016-01-19,高雄市,SE6 青蔥 粉蔥 ,76.0,71.0,71.0,72.0,11.63,140.0,-2.78,1,2,2016,0
2016-01-20,高雄市,SE6 青蔥 粉蔥 ,88.0,85.4,76.7,84.2,16.94,284.0,102.86,1,3,2016,0
2016-01-21,高雄市,SE6 青蔥 粉蔥 ,81.7,79.2,77.8,79.4,-5.7,521.0,83.45,1,4,2016,0
2016-01-22,高雄市,SE6 青蔥 粉蔥 ,85.0,84.8,77.1,83.3,4.91,273.0,-47.6,1,5,2016,0
2016-01-23,高雄市,SE6 青蔥 粉蔥 ,90.0,82.5,72.0,81.9,-1.68,274.0,0.37,1,6,2016,0
2016-01-24,高雄市,SE6 青蔥 粉蔥 ,88.4,73.9,70.0,76.0,-7.2,544.0,98.54,1,7,2016,0
2016-01-25,高雄市,SE6 青蔥 粉蔥 ,,,,,,,,1,1,2016,1
2016-01-26,高雄市,SE6 青蔥 粉蔥 ,89.0,89.0,89.0,89.0,17.11,72.0,-86.76,1,2,2016,0
2016-01-27,高雄市,SE6 青蔥 粉蔥 ,70.0,59.4,48.0,59.3,-33.37,41.0,-43.06,1,3,2016,0
2016-01-28,高雄市,SE6 青蔥 粉蔥 ,106.5,81.6,45.8,79.4,33.9,380.0,826.83,1,4,2016,0
2016-01-29,高雄市,SE6 青蔥 粉蔥 ,105.0,85.4,81.4,88.5,11.46,358.0,-5.79,1,5,2016,0
2016-01-30,高雄市,SE6 青蔥 粉蔥 ,78.5,62.9,45.0,62.4,-29.49,810.0,126.26,1,6,2016,0
2016-01-31,高雄市,SE6 青蔥 粉蔥 ,75.2,60.6,50.0,61.4,-1.6,497.0,-38.64,1,7,2016,0
2016-02-01,高雄市,SE6 青蔥 粉蔥 ,80.0,66.1,45.9,64.9,5.7,352.0,-29.18,2,1,2016,0
2016-02-02,高雄市,SE6 青蔥 粉蔥 ,80.7,60.3,45.3,61.4,-5.39,1180.0,235.23,2,2,2016,0
2016-02-03,高雄市,SE6 青蔥 粉蔥 ,78.4,68.8,52.7,67.5,9.93,719.0,-39.07,2,3,2016,0
2016-02-04,高雄市,SE6 青蔥 粉蔥 ,79.9,65.6,55.6,66.5,-1.48,1108.0,54.1,2,4,2016,0
2016-02-05,高雄市,SE6 青蔥 粉蔥 ,76.2,67.3,61.7,67.9,2.11,697.0,-37.09,2,5,2016,0
2016-02-06,高雄市,SE6 青蔥 粉蔥 ,104.9,88.3,80.0,90.0,32.55,239.0,-65.71,2,6,2016,0
2016-02-07,高雄市,SE6 青蔥 粉蔥 ,90.4,75.8,52.0,73.9,-17.89,452.0,89.12,2,7,2016,0
2016-02-08,高雄市,SE6 青蔥 粉蔥 ,,,,,,,,2,1,2016,1
2016-02-09,高雄市,SE6 青蔥 粉蔥 ,,,,,,,,2,2,2016,1
2016-02-10,高雄市,SE6 青蔥 粉蔥 ,,,,,,,,2,3,2016,1
2016-02-11,高雄市,SE6 青蔥 粉蔥 ,,,,,,,,2,4,2016,1
2016-02-12,高雄市,SE6 青蔥 粉蔥 ,,,,,,,,2,5,2016,1
2016-02-13,高雄市,SE6 青蔥 粉蔥 ,90.0,82.9,69.6,81.7,10.55,372.0,-17.7,2,6,2016,0
2016-02-14,高雄市,SE6 青蔥 粉蔥 ,80.0,79.5,77.0,79.1,-3.18,240.0,-35.48,2,7,2016,0
2016-02-15,高雄市,SE6 青蔥 粉蔥 ,,,,,,,,2,1,2016,1
2016-02-16,高雄市,SE6 青蔥 粉蔥 ,,,,,,,,2,2,2016,1
2016-02-17,高雄市,SE6 青蔥 粉蔥 ,90.5,87.4,73.7,85.3,7.84,292.0,21.67,2,3,2016,0
2016-02-18,高雄市,SE6 青蔥 粉蔥 ,93.0,88.4,15.0,74.7,-12.43,350.0,19.86,2,4,2016,0
2016-02-19,高雄市,SE6 青蔥 粉蔥 ,91.0,88.5,62.4,83.8,12.18,491.0,40.29,2,5,2016,0
2016-02-20,高雄市,SE6 青蔥 粉蔥 ,88.4,78.7,50.7,75.0,-10.5,455.0,-7.33,2,6,2016,0
2016-02-21,高雄市,SE6 青蔥 粉蔥 ,89.0,72.6,35.5,68.4,-8.8,641.0,40.88,2,7,2016,0
2016-02-22,高雄市,SE6 青蔥 粉蔥 ,,,,,,,,2,1,2016,1
2016-02-23,高雄市,SE6 青蔥 粉蔥 ,,,,,,,,2,2,2016,1
2016-02-24,高雄市,SE6 青蔥 粉蔥 ,,,,,,,,2,3,2016,1
2016-02-25,高雄市,SE6 青蔥 粉蔥 ,92.1,59.8,35.2,61.4,-10.23,520.0,-18.88,2,4,2016,0
2016-02-26,高雄市,SE6 青蔥 粉蔥 ,77.9,65.7,52.0,65.4,6.51,457.0,-12.12,2,5,2016,0
2016-02-27,高雄市,SE6 青蔥 粉蔥 ,79.0,68.2,51.1,66.9,2.29,383.0,-16.19,2,6,2016,0
2016-02-28,高雄市,SE6 青蔥 粉蔥 ,87.3,80.3,73.7,80.4,20.18,313.0,-18.28,2,7,2016,0
2016-02-29,高雄市,SE6 青蔥 粉蔥 ,,,,,,,,2,1,2016,1
2016-03-01,高雄市,SE6 青蔥 粉蔥 ,86.6,74.7,72.0,76.5,-4.85,316.0,0.96,3,2,2016,0
2016-03-02,高雄市,SE6 青蔥 粉蔥 ,89.0,84.3,76.0,83.6,9.28,166.0,-47.47,3,3,2016,0
2016-03-03,高雄市,SE6 青蔥 粉蔥 ,89.7,80.6,68.4,80.0,-4.31,684.0,312.05,3,4,2016,0
2016-03-04,高雄市,SE6 青蔥 粉蔥 ,75.0,69.9,60.1,68.9,-13.87,537.0,-21.49,3,5,2016,0
2016-03-05,高雄市,SE6 青蔥 粉蔥 ,74.7,63.8,42.9,61.8,-10.3,875.0,62.94,3,6,2016,0
2016-03-06,高雄市,SE6 青蔥 粉蔥 ,80.0,65.7,33.9,62.2,0.65,818.0,-6.51,3,7,2016,0
2016-03-07,高雄市,SE6 青蔥 粉蔥 ,,,,,,,,3,1,2016,1
2016-03-08,高雄市,SE6 青蔥 粉蔥 ,81.2,71.1,47.6,68.4,9.97,561.0,-31.42,3,2,2016,0
2016-03-09,高雄市,SE6 青蔥 粉蔥 ,73.0,68.3,64.0,68.4,0.0,420.0,-25.13,3,3,2016,0
2016-03-10,高雄市,SE6 青蔥 粉蔥 ,68.0,57.2,48.8,57.7,-15.64,497.0,18.33,3,4,2016,0
2016-03-11,高雄市,SE6 青蔥 粉蔥 ,71.4,66.0,54.6,64.8,12.31,730.0,46.88,3,5,2016,0
2016-03-12,高雄市,SE6 青蔥 粉蔥 ,62.7,51.7,46.2,52.8,-18.52,784.0,7.4,3,6,2016,0
2016-03-13,高雄市,SE6 青蔥 粉蔥 ,72.1,55.8,51.0,58.1,10.04,842.0,7.4,3,7,2016,0
2016-03-14,高雄市,SE6 青蔥 粉蔥 ,,,,,,,,3,1,2016,1
2016-03-15,高雄市,SE6 青蔥 粉蔥 ,68.6,54.9,42.7,55.2,-4.99,1032.0,22.57,3,2,2016,0
2016-03-16,高雄市,SE6 青蔥 粉蔥 ,66.5,54.8,48.6,55.9,1.27,832.0,-19.38,3,3,2016,0
2016-03-17,高雄市,SE6 青蔥 粉蔥 ,66.7,52.1,47.8,54.1,-3.22,1112.0,33.65,3,4,2016,0
2016-03-18,高雄市,SE6 青蔥 粉蔥 ,56.7,40.6,29.1,41.5,-23.29,1728.0,55.4,3,5,2016,0
2016-03-19,高雄市,SE6 青蔥 粉蔥 ,49.6,32.8,16.5,32.9,-20.72,1481.0,-14.29,3,6,2016,0
2016-03-20,高雄市,SE6 青蔥 粉蔥 ,52.5,40.7,29.5,40.8,24.01,1138.0,-23.16,3,7,2016,0
2016-03-21,高雄市,SE6 青蔥 粉蔥 ,,,,,,,,3,1,2016,1
2016-03-22,高雄市,SE6 青蔥 粉蔥 ,68.8,49.9,30.0,49.7,21.81,848.0,-25.48,3,2,2016,0
2016-03-23,高雄市,SE6 青蔥 粉蔥 ,61.9,43.5,35.0,45.5,-8.45,1131.0,33.37,3,3,2016,0
2016-03-24,高雄市,SE6 青蔥 粉蔥 ,54.4,46.5,29.5,44.7,-1.76,1051.0,-7.07,3,4,2016,0
2016-03-25,高雄市,SE6 青蔥 粉蔥 ,55.3,38.7,27.6,39.8,-10.96,1053.0,0.19,3,5,2016,0
2016-03-26,高雄市,SE6 青蔥 粉蔥 ,69.0,58.3,50.0,58.8,47.74,553.0,-47.48,3,6,2016,0
2016-03-27,高雄市,SE6 青蔥 粉蔥 ,72.5,63.2,54.8,63.4,7.82,640.0,15.73,3,7,2016,0
2016-03-28,高雄市,SE6 青蔥 粉蔥 ,,,,,,,,3,1,2016,1
2016-03-29,高雄市,SE6 青蔥 粉蔥 ,70.5,65.1,60.8,65.3,3.0,987.0,54.22,3,2,2016,0
2016-03-30,高雄市,SE6 青蔥 粉蔥 ,65.7,61.1,55.0,60.8,-6.89,710.0,-28.06,3,3,2016,0
2016-03-31,高雄市,SE6 青蔥 粉蔥 ,65.8,51.6,43.5,52.8,-13.16,982.0,38.31,3,4,2016,0
2016-04-01,高雄市,SE6 青蔥 粉蔥 ,66.1,57.7,49.4,57.7,9.28,964.0,-1.83,4,5,2016,0
2016-04-02,高雄市,SE6 青蔥 粉蔥 ,67.1,58.9,45.7,57.9,0.35,1098.0,13.9,4,6,2016,0
2016-04-03,高雄市,SE6 青蔥 粉蔥 ,55.3,42.9,27.8,42.3,-26.94,2576.0,134.61,4,7,2016,0
2016-04-04,高雄市,SE6 青蔥 粉蔥 ,,,,,,,,4,1,2016,1
2016-04-05,高雄市,SE6 青蔥 粉蔥 ,,,,,,,,4,2,2016,1
2016-04-06,高雄市,SE6 青蔥 粉蔥 ,37.9,32.4,15.3,30.1,-28.84,2233.0,-13.32,4,3,2016,0
2016-04-07,高雄市,SE6 青蔥 粉蔥 ,36.0,26.0,14.9,25.8,-14.29,1155.0,-48.28,4,4,2016,0
2016-04-08,高雄市,SE6 青蔥 粉蔥 ,38.9,31.0,9.5,28.3,9.69,1192.0,3.2,4,5,2016,0
2016-04-09,高雄市,SE6 青蔥 粉蔥 ,39.6,34.0,26.5,33.6,18.73,1383.0,16.02,4,6,2016,0
2016-04-10,高雄市,SE6 青蔥 粉蔥 ,38.0,29.0,20.7,29.1,-13.39,1682.0,21.62,4,7,2016,0
2016-04-11,高雄市,SE6 青蔥 粉蔥 ,,,,,,,,4,1,2016,1
2016-04-12,高雄市,SE6 青蔥 粉蔥 ,41.6,29.3,20.8,30.1,3.44,1626.0,-3.33,4,2,2016,0
2016-04-13,高雄市,SE6 青蔥 粉蔥 ,31.5,26.0,17.5,25.4,-15.61,1791.0,10.15,4,3,2016,0
2016-04-14,高雄市,SE6 青蔥 粉蔥 ,35.9,22.8,13.2,23.5,-7.48,1563.0,-12.73,4,4,2016,0
2016-04-15,高雄市,SE6 青蔥 粉蔥 ,29.2,19.6,13.6,20.3,-13.62,1355.0,-13.31,4,5,2016,0
2016-04-16,高雄市,SE6 青蔥 粉蔥 ,34.4,23.9,11.4,23.5,15.76,1474.0,8.78,4,6,2016,0
2016-04-17,高雄市,SE6 青蔥 粉蔥 ,50.2,38.5,27.6,38.7,64.68,901.0,-38.87,4,7,2016,0
2016-04-18,高雄市,SE6 青蔥 粉蔥 ,,,,,,,,4,1,2016,1
2016-04-19,高雄市,SE6 青蔥 粉蔥 ,44.1,37.7,24.2,36.3,-6.2,1492.0,65.59,4,2,2016,0
2016-04-20,高雄市,SE6 青蔥 粉蔥 ,42.1,36.3,25.7,35.3,-2.75,1463.0,-1.94,4,3,2016,0
2016-04-21,高雄市,SE6 青蔥 粉蔥 ,37.1,27.1,15.7,26.8,-24.08,1927.0,31.72,4,4,2016,0
2016-04-22,高雄市,SE6 青蔥 粉蔥 ,36.2,26.4,10.5,25.2,-5.97,1924.0,-0.16,4,5,2016,0
2016-04-23,高雄市,SE6 青蔥 粉蔥 ,36.6,23.1,12.9,23.8,-5.56,1737.0,-9.72,4,6,2016,0
2016-04-24,高雄市,SE6 青蔥 粉蔥 ,30.8,21.0,12.2,21.2,-10.92,2319.0,33.51,4,7,2016,0
2016-04-25,高雄市,SE6 青蔥 粉蔥 ,,,,,,,,4,1,2016,1
2016-04-26,高雄市,SE6 青蔥 粉蔥 ,36.5,29.3,20.4,29.0,36.79,1516.0,-34.63,4,2,2016,0
2016-04-27,高雄市,SE6 青蔥 粉蔥 ,35.3,26.3,20.0,26.8,-7.59,1468.0,-3.17,4,3,2016,0
2016-04-28,高雄市,SE6 青蔥 粉蔥 ,34.0,29.1,22.9,28.8,7.46,1562.0,6.4,4,4,2016,0
2016-04-29,高雄市,SE6 青蔥 粉蔥 ,33.6,27.9,23.2,28.1,-2.43,1709.0,9.41,4,5,2016,0
2016-04-30,高雄市,SE6 青蔥 粉蔥 ,28.8,22.0,15.7,22.1,-21.35,2597.0,51.96,4,6,2016,0
2016-05-01,高雄市,SE6 青蔥 粉蔥 ,31.4,22.4,12.6,22.3,0.9,2148.0,-17.29,5,7,2016,0
2016-05-02,高雄市,SE6 青蔥 粉蔥 ,,,,,,,,5,1,2016,1
2016-05-03,高雄市,SE6 青蔥 粉蔥 ,29.5,22.0,12.8,21.6,-3.14,1714.0,-20.2,5,2,2016,0
2016-05-04,高雄市,SE6 青蔥 粉蔥 ,32.3,24.2,13.0,23.6,9.26,1302.0,-24.04,5,3,2016,0
2016-05-05,高雄市,SE6 青蔥 粉蔥 ,30.5,20.2,14.8,21.2,-10.17,1669.0,28.19,5,4,2016,0
2016-05-06,高雄市,SE6 青蔥 粉蔥 ,29.5,21.2,12.4,21.1,-0.47,1824.0,9.29,5,5,2016,0
2016-05-07,高雄市,SE6 青蔥 粉蔥 ,27.7,18.8,11.8,19.2,-9.0,1636.0,-10.31,5,6,2016,0
2016-05-08,高雄市,SE6 青蔥 粉蔥 ,29.6,23.4,14.7,22.9,19.27,1330.0,-18.7,5,7,2016,0
2016-05-09,高雄市,SE6 青蔥 粉蔥 ,,,,,,,,5,1,2016,1
2016-05-10,高雄市,SE6 青蔥 粉蔥 ,33.4,26.8,21.2,27.0,17.9,1185.0,-10.9,5,2,2016,0
2016-05-11,高雄市,SE6 青蔥 粉蔥 ,30.6,25.3,20.4,25.4,-5.93,1011.0,-14.68,5,3,2016,0
2016-05-12,高雄市,SE6 青蔥 粉蔥 ,27.8,23.4,16.6,22.9,-9.84,1456.0,44.02,5,4,2016,0
2016-05-13,高雄市,SE6 青蔥 粉蔥 ,24.7,20.9,12.8,20.0,-12.66,1809.0,24.24,5,5,2016,0
2016-05-14,高雄市,SE6 青蔥 粉蔥 ,23.3,16.2,9.6,16.3,-18.5,1897.0,4.86,5,6,2016,0
2016-05-15,高雄市,SE6 青蔥 粉蔥 ,26.5,20.6,15.2,20.7,26.99,1199.0,-36.79,5,7,2016,0
2016-05-16,高雄市,SE6 青蔥 粉蔥 ,,,,,,,,5,1,2016,1
2016-05-17,高雄市,SE6 青蔥 粉蔥 ,27.1,20.3,15.8,20.8,0.48,1889.0,57.55,5,2,2016,0
2016-05-18,高雄市,SE6 青蔥 粉蔥 ,23.1,19.4,13.2,18.9,-9.13,1508.0,-20.17,5,3,2016,0
2016-05-19,高雄市,SE6 青蔥 粉蔥 ,22.9,18.7,14.4,18.7,-1.06,1484.0,-1.59,5,4,2016,0
2016-05-20,高雄市,SE6 青蔥 粉蔥 ,22.8,18.4,13.3,18.2,-2.67,1378.0,-7.14,5,5,2016,0
2016-05-21,高雄市,SE6 青蔥 粉蔥 ,27.4,18.8,12.4,19.3,6.04,1408.0,2.18,5,6,2016,0
2016-05-22,高雄市,SE6 青蔥 粉蔥 ,27.4,15.8,9.2,16.8,-12.95,1610.0,14.35,5,7,2016,0
2016-05-23,高雄市,SE6 青蔥 粉蔥 ,,,,,,,,5,1,2016,1
2016-05-24,高雄市,SE6 青蔥 粉蔥 ,29.5,22.3,15.6,22.4,33.33,1495.0,-7.14,5,2,2016,0
2016-05-25,高雄市,SE6 青蔥 粉蔥 ,25.6,16.1,10.1,16.8,-25.0,2046.0,36.86,5,3,2016,0
2016-05-26,高雄市,SE6 青蔥 粉蔥 ,22.9,16.7,10.1,16.7,-0.6,1578.0,-22.87,5,4,2016,0
2016-05-27,高雄市,SE6 青蔥 粉蔥 ,25.3,18.4,12.5,18.6,11.38,1072.0,-32.07,5,5,2016,0
2016-05-28,高雄市,SE6 青蔥 粉蔥 ,27.8,18.0,13.0,19.0,2.15,1318.0,22.95,5,6,2016,0
2016-05-29,高雄市,SE6 青蔥 粉蔥 ,31.7,20.4,12.0,21.0,10.53,1440.0,9.26,5,7,2016,0
2016-05-30,高雄市,SE6 青蔥 粉蔥 ,,,,,,,,5,1,2016,1
2016-05-31,高雄市,SE6 青蔥 粉蔥 ,24.3,18.1,12.5,18.2,-13.33,2023.0,40.49,5,2,2016,0
2016-06-01,高雄市,SE6 青蔥 粉蔥 ,21.9,17.4,9.4,16.7,-8.24,1818.0,-10.13,6,3,2016,0
2016-06-02,高雄市,SE6 青蔥 粉蔥 ,23.0,19.2,13.5,18.8,12.57,962.0,-47.08,6,4,2016,0
2016-06-03,高雄市,SE6 青蔥 粉蔥 ,26.0,20.7,15.6,20.7,10.11,1046.0,8.73,6,5,2016,0
2016-06-04,高雄市,SE6 青蔥 粉蔥 ,23.3,16.7,11.2,16.9,-18.36,1613.0,54.21,6,6,2016,0
2016-06-05,高雄市,SE6 青蔥 粉蔥 ,22.2,15.5,8.2,15.4,-8.88,1841.0,14.14,6,7,2016,0
2016-06-06,高雄市,SE6 青蔥 粉蔥 ,,,,,,,,6,1,2016,1
2016-06-07,高雄市,SE6 青蔥 粉蔥 ,25.9,18.9,8.6,18.2,18.18,1410.0,-23.41,6,2,2016,0
2016-06-08,高雄市,SE6 青蔥 粉蔥 ,23.1,19.7,12.0,18.8,3.3,1175.0,-16.67,6,3,2016,0
2016-06-09,高雄市,SE6 青蔥 粉蔥 ,24.9,21.4,16.4,21.1,12.23,1231.0,4.77,6,4,2016,0
2016-06-10,高雄市,SE6 青蔥 粉蔥 ,,,,,,,,6,5,2016,1
2016-06-11,高雄市,SE6 青蔥 粉蔥 ,,,,,,,,6,6,2016,1
2016-06-12,高雄市,SE6 青蔥 粉蔥 ,32.0,27.5,22.8,27.5,30.33,1231.0,0.0,6,7,2016,0
2016-06-13,高雄市,SE6 青蔥 粉蔥 ,,,,,,,,6,1,2016,1
2016-06-14,高雄市,SE6 青蔥 粉蔥 ,35.0,29.9,26.2,30.2,9.82,1289.0,4.71,6,2,2016,0
2016-06-15,高雄市,SE6 青蔥 粉蔥 ,29.8,25.8,13.5,24.1,-20.2,2026.0,57.18,6,3,2016,0
2016-06-16,高雄市,SE6 青蔥 粉蔥 ,26.9,21.6,15.2,21.3,-11.62,2277.0,12.39,6,4,2016,0
2016-06-17,高雄市,SE6 青蔥 粉蔥 ,18.8,15.1,7.7,14.4,-32.39,2784.0,22.27,6,5,2016,0
2016-06-18,高雄市,SE6 青蔥 粉蔥 ,18.4,12.0,7.5,12.4,-13.89,1668.0,-40.09,6,6,2016,0
2016-06-19,高雄市,SE6 青蔥 粉蔥 ,23.7,13.4,5.2,13.8,11.29,1548.0,-7.19,6,7,2016,0
2016-06-20,高雄市,SE6 青蔥 粉蔥 ,,,,,,,,6,1,2016,1
2016-06-21,高雄市,SE6 青蔥 粉蔥 ,26.1,19.5,10.9,19.1,38.41,1628.0,5.17,6,2,2016,0
2016-06-22,高雄市,SE6 青蔥 粉蔥 ,34.4,16.5,5.7,17.9,-6.28,938.0,-42.38,6,3,2016,0
2016-06-23,高雄市,SE6 青蔥 粉蔥 ,26.1,20.0,11.2,19.5,8.94,1441.0,53.62,6,4,2016,0
2016-06-24,高雄市,SE6 青蔥 粉蔥 ,23.2,17.3,12.5,17.5,-10.26,1107.0,-23.18,6,5,2016,0
2016-06-25,高雄市,SE6 青蔥 粉蔥 ,25.9,16.6,10.0,17.1,-2.29,953.0,-13.91,6,6,2016,0
2016-06-26,高雄市,SE6 青蔥 粉蔥 ,26.5,20.8,14.2,20.6,20.47,1622.0,70.2,6,7,2016,0
2016-06-27,高雄市,SE6 青蔥 粉蔥 ,,,,,,,,6,1,2016,1
2016-06-28,高雄市,SE6 青蔥 粉蔥 ,23.5,19.4,12.4,18.8,-8.74,1672.0,3.08,6,2,2016,0
2016-06-29,高雄市,SE6 青蔥 粉蔥 ,22.0,18.2,10.6,17.5,-6.91,1419.0,-15.13,6,3,2016,0
2016-06-30,高雄市,SE6 青蔥 粉蔥 ,19.2,15.4,9.7,15.0,-14.29,1847.0,30.16,6,4,2016,0
2016-07-01,高雄市,SE6 青蔥 粉蔥 ,24.9,19.1,11.0,18.7,24.67,1172.0,-36.55,7,5,2016,0
2016-07-02,高雄市,SE6 青蔥 粉蔥 ,21.0,15.7,8.6,15.3,-18.18,2031.0,73.29,7,6,2016,0
2016-07-03,高雄市,SE6 青蔥 粉蔥 ,20.2,17.5,10.7,16.7,9.15,1496.0,-26.34,7,7,2016,0
2016-07-04,高雄市,SE6 青蔥 粉蔥 ,,,,,,,,7,1,2016,1
2016-07-05,高雄市,SE6 青蔥 粉蔥 ,26.5,23.7,17.9,23.1,38.32,796.0,-46.79,7,2,2016,0
2016-07-06,高雄市,SE6 青蔥 粉蔥 ,38.5,33.9,24.0,32.8,41.99,964.0,21.11,7,3,2016,0
2016-07-07,高雄市,SE6 青蔥 粉蔥 ,46.1,39.2,30.0,38.7,17.99,1135.0,17.74,7,4,2016,0
2016-07-08,高雄市,SE6 青蔥 粉蔥 ,46.7,37.2,24.0,36.4,-5.94,882.0,-22.29,7,5,2016,0
2016-07-09,高雄市,SE6 青蔥 粉蔥 ,39.0,39.0,39.0,39.0,7.14,40.0,-95.46,7,6,2016,0
2016-07-10,高雄市,SE6 青蔥 粉蔥 ,37.2,33.2,14.9,30.3,-22.31,1497.0,3642.5,7,7,2016,0
2016-07-11,高雄市,SE6 青蔥 粉蔥 ,,,,,,,,7,1,2016,1
2016-07-12,高雄市,SE6 青蔥 粉蔥 ,24.9,15.1,8.9,15.8,-47.85,3998.0,167.07,7,2,2016,0
2016-07-13,高雄市,SE6 青蔥 粉蔥 ,17.6,13.1,8.1,13.0,-17.72,1680.0,-57.98,7,3,2016,0
2016-07-14,高雄市,SE6 青蔥 粉蔥 ,19.6,13.4,5.9,13.2,1.54,1573.0,-6.37,7,4,2016,0
2016-07-15,高雄市,SE6 青蔥 粉蔥 ,25.1,13.1,7.4,14.3,8.33,1399.0,-11.06,7,5,2016,0
2016-07-16,高雄市,SE6 青蔥 粉蔥 ,26.2,17.7,8.5,17.6,23.08,1054.0,-24.66,7,6,2016,0
2016-07-17,高雄市,SE6 青蔥 粉蔥 ,30.0,23.4,19.2,23.9,35.8,983.0,-6.74,7,7,2016,0
2016-07-18,高雄市,SE6 青蔥 粉蔥 ,,,,,,,,7,1,2016,1
2016-07-19,高雄市,SE6 青蔥 粉蔥 ,42.4,28.0,22.3,29.7,24.27,953.0,-3.05,7,2,2016,0
2016-07-20,高雄市,SE6 青蔥 粉蔥 ,35.8,25.7,13.2,25.2,-15.15,1107.0,16.16,7,3,2016,0
2016-07-21,高雄市,SE6 青蔥 粉蔥 ,37.7,24.5,15.0,25.2,0.0,824.0,-25.56,7,4,2016,0
2016-07-22,高雄市,SE6 青蔥 粉蔥 ,33.9,22.9,17.7,24.1,-4.37,1349.0,63.71,7,5,2016,0
2016-07-23,高雄市,SE6 青蔥 粉蔥 ,34.8,21.5,15.0,22.8,-5.39,1736.0,28.69,7,6,2016,0
2016-07-24,高雄市,SE6 青蔥 粉蔥 ,32.0,19.7,12.7,20.7,-9.21,2615.0,50.63,7,7,2016,0
2016-07-25,高雄市,SE6 青蔥 粉蔥 ,,,,,,,,7,1,2016,1
2016-07-26,高雄市,SE6 青蔥 粉蔥 ,26.6,17.4,10.6,17.9,-13.53,2103.0,-19.58,7,2,2016,0
2016-07-27,高雄市,SE6 青蔥 粉蔥 ,33.2,13.3,8.7,16.3,-8.94,1090.0,-48.17,7,3,2016,0
2016-07-28,高雄市,SE6 青蔥 粉蔥 ,31.0,21.0,11.4,21.1,29.45,980.0,-10.09,7,4,2016,0
2016-07-29,高雄市,SE6 青蔥 粉蔥 ,33.4,20.0,12.8,21.3,0.95,1042.0,6.33,7,5,2016,0
2016-07-30,高雄市,SE6 青蔥 粉蔥 ,32.2,21.2,12.2,21.6,1.41,1765.0,69.39,7,6,2016,0
2016-07-31,高雄市,SE6 青蔥 粉蔥 ,28.3,21.9,13.5,21.5,-0.46,1796.0,1.76,7,7,2016,0
2016-08-01,高雄市,SE6 青蔥 粉蔥 ,,,,,,,,8,1,2016,1
2016-08-02,高雄市,SE6 青蔥 粉蔥 ,29.8,15.7,11.5,17.7,-17.67,1889.0,5.18,8,2,2016,0
2016-08-03,高雄市,SE6 青蔥 粉蔥 ,31.8,15.7,8.1,17.4,-1.69,1349.0,-28.59,8,3,2016,0
2016-08-04,高雄市,SE6 青蔥 粉蔥 ,28.9,24.0,14.2,23.0,32.18,1025.0,-24.02,8,4,2016,0
2016-08-05,高雄市,SE6 青蔥 粉蔥 ,30.6,18.8,12.8,20.0,-13.04,875.0,-14.63,8,5,2016,0
2016-08-06,高雄市,SE6 青蔥 粉蔥 ,36.3,20.8,8.0,21.3,6.5,660.0,-24.57,8,6,2016,0
2016-08-07,高雄市,SE6 青蔥 粉蔥 ,35.4,22.3,14.6,23.4,9.86,1125.0,70.45,8,7,2016,0
2016-08-08,高雄市,SE6 青蔥 粉蔥 ,,,,,,,,8,1,2016,1
2016-08-09,高雄市,SE6 青蔥 粉蔥 ,38.7,30.2,16.0,29.0,23.93,687.0,-38.93,8,2,2016,0
2016-08-10,高雄市,SE6 青蔥 粉蔥 ,37.0,31.6,23.6,31.1,7.24,863.0,25.62,8,3,2016,0
2016-08-11,高雄市,SE6 青蔥 粉蔥 ,36.8,25.2,15.9,25.7,-17.36,1198.0,38.82,8,4,2016,0
2016-08-12,高雄市,SE6 青蔥 粉蔥 ,37.3,26.2,17.7,26.7,3.89,863.0,-27.96,8,5,2016,0
2016-08-13,高雄市,SE6 青蔥 粉蔥 ,32.9,20.8,14.7,22.0,-17.6,1351.0,56.55,8,6,2016,0
2016-08-14,高雄市,SE6 青蔥 粉蔥 ,38.3,21.4,10.8,22.6,2.73,1599.0,18.36,8,7,2016,0
2016-08-15,高雄市,SE6 青蔥 粉蔥 ,,,,,,,,8,1,2016,1
2016-08-16,高雄市,SE6 青蔥 粉蔥 ,44.7,25.2,15.7,27.2,20.35,1409.0,-11.88,8,2,2016,0
2016-08-17,高雄市,SE6 青蔥 粉蔥 ,40.3,28.3,12.1,27.5,1.1,1790.0,27.04,8,3,2016,0
2016-08-18,高雄市,SE6 青蔥 粉蔥 ,,,,,,,,8,4,2016,1
2016-08-19,高雄市,SE6 青蔥 粉蔥 ,,,,,,,,8,5,2016,1
2016-08-20,高雄市,SE6 青蔥 粉蔥 ,43.6,22.3,10.4,24.2,-12.0,1655.0,-7.54,8,6,2016,0
2016-08-21,高雄市,SE6 青蔥 粉蔥 ,46.3,26.7,12.5,27.8,14.88,929.0,-43.87,8,7,2016,0
2016-08-22,高雄市,SE6 青蔥 粉蔥 ,,,,,,,,8,1,2016,1
2016-08-23,高雄市,SE6 青蔥 粉蔥 ,38.3,25.9,16.7,26.5,-4.68,1369.0,47.36,8,2,2016,0
2016-08-24,高雄市,SE6 青蔥 粉蔥 ,32.2,20.2,14.8,21.5,-18.87,1155.0,-15.63,8,3,2016,0
2016-08-25,高雄市,SE6 青蔥 粉蔥 ,31.5,19.0,14.9,20.6,-4.19,999.0,-13.51,8,4,2016,0
2016-08-26,高雄市,SE6 青蔥 粉蔥 ,33.5,18.3,14.6,20.6,0.0,1077.0,7.81,8,5,2016,0
2016-08-27,高雄市,SE6 青蔥 粉蔥 ,37.0,27.1,17.2,27.1,31.55,637.0,-40.85,8,6,2016,0
2016-08-28,高雄市,SE6 青蔥 粉蔥 ,36.4,21.4,12.1,22.5,-16.97,1175.0,84.46,8,7,2016,0
2016-08-29,高雄市,SE6 青蔥 粉蔥 ,,,,,,,,8,1,2016,1
2016-08-30,高雄市,SE6 青蔥 粉蔥 ,39.4,29.0,15.9,28.5,26.67,665.0,-43.4,8,2,2016,0
2016-08-31,高雄市,SE6 青蔥 粉蔥 ,39.2,33.1,21.9,32.1,12.63,661.0,-0.6,8,3,2016,0
2016-09-01,高雄市,SE6 青蔥 粉蔥 ,39.3,34.6,31.4,34.9,8.72,461.0,-30.26,9,4,2016,0
2016-09-02,高雄市,SE6 青蔥 粉蔥 ,40.7,29.4,15.5,28.9,-17.19,1075.0,133.19,9,5,2016,0
2016-09-03,高雄市,SE6 青蔥 粉蔥 ,34.1,25.4,13.4,24.7,-14.53,1259.0,17.12,9,6,2016,0
2016-09-04,高雄市,SE6 青蔥 粉蔥 ,40.0,35.2,22.3,33.6,36.03,700.0,-44.4,9,7,2016,0
2016-09-05,高雄市,SE6 青蔥 粉蔥 ,,,,,,,,9,1,2016,1
2016-09-06,高雄市,SE6 青蔥 粉蔥 ,47.3,33.6,23.5,34.3,2.08,1279.0,82.71,9,2,2016,0
2016-09-07,高雄市,SE6 青蔥 粉蔥 ,39.5,25.4,15.0,26.1,-23.91,1634.0,27.76,9,3,2016,0
2016-09-08,高雄市,SE6 青蔥 粉蔥 ,36.2,22.6,14.4,23.7,-9.2,1022.0,-37.45,9,4,2016,0
2016-09-09,高雄市,SE6 青蔥 粉蔥 ,39.3,23.7,17.7,25.6,8.02,918.0,-10.18,9,5,2016,0
2016-09-10,高雄市,SE6 青蔥 粉蔥 ,46.6,25.8,16.2,28.1,9.77,1369.0,49.13,9,6,2016,0
2016-09-11,高雄市,SE6 青蔥 粉蔥 ,38.3,23.8,11.9,24.3,-13.52,1875.0,36.96,9,7,2016,0
2016-09-12,高雄市,SE6 青蔥 粉蔥 ,,,,,,,,9,1,2016,1
2016-09-13,高雄市,SE6 青蔥 粉蔥 ,50.6,32.4,15.6,32.7,34.57,1146.0,-38.88,9,2,2016,0
2016-09-14,高雄市,SE6 青蔥 粉蔥 ,66.2,40.0,26.8,42.6,30.28,1122.0,-2.09,9,3,2016,0
2016-09-15,高雄市,SE6 青蔥 粉蔥 ,57.7,29.9,15.7,32.6,-23.47,1404.0,25.13,9,4,2016,0
2016-09-16,高雄市,SE6 青蔥 粉蔥 ,,,,,,,,9,5,2016,1
2016-09-17,高雄市,SE6 青蔥 粉蔥 ,,,,,,,,9,6,2016,1
2016-09-18,高雄市,SE6 青蔥 粉蔥 ,53.8,35.6,20.0,36.1,10.74,1241.0,-11.61,9,7,2016,0
2016-09-19,高雄市,SE6 青蔥 粉蔥 ,,,,,,,,9,1,2016,1
2016-09-20,高雄市,SE6 青蔥 粉蔥 ,47.4,30.5,17.6,31.3,-13.3,1378.0,11.04,9,2,2016,0
2016-09-21,高雄市,SE6 青蔥 粉蔥 ,43.9,26.3,16.1,27.7,-11.5,1339.0,-2.83,9,3,2016,0
2016-09-22,高雄市,SE6 青蔥 粉蔥 ,39.0,25.3,17.7,26.5,-4.33,926.0,-30.84,9,4,2016,0
2016-09-23,高雄市,SE6 青蔥 粉蔥 ,42.6,28.7,17.2,29.2,10.19,785.0,-15.23,9,5,2016,0
2016-09-24,高雄市,SE6 青蔥 粉蔥 ,49.8,37.3,30.4,38.4,31.51,677.0,-13.76,9,6,2016,0
2016-09-25,高雄市,SE6 青蔥 粉蔥 ,53.1,37.3,11.2,35.2,-8.33,731.0,7.98,9,7,2016,0
2016-09-26,高雄市,SE6 青蔥 粉蔥 ,,,,,,,,9,1,2016,1
2016-09-27,高雄市,SE6 青蔥 粉蔥 ,58.3,40.8,23.7,40.9,16.19,860.0,17.65,9,2,2016,0
2016-09-28,高雄市,SE6 青蔥 粉蔥 ,76.0,64.9,25.0,59.1,44.5,277.0,-67.79,9,3,2016,0
2016-09-29,高雄市,SE6 青蔥 粉蔥 ,111.0,58.5,36.8,64.6,9.31,220.0,-20.58,9,4,2016,0
2016-09-30,高雄市,SE6 青蔥 粉蔥 ,158.9,58.6,24.9,72.0,11.46,396.0,80.0,9,5,2016,0
2016-10-01,高雄市,SE6 青蔥 粉蔥 ,176.3,55.0,13.9,71.0,-1.39,658.0,66.16,10,6,2016,0
2016-10-02,高雄市,SE6 青蔥 粉蔥 ,193.8,167.8,30.1,145.5,104.93,317.0,-51.82,10,7,2016,0
2016-10-03,高雄市,SE6 青蔥 粉蔥 ,,,,,,,,10,1,2016,1
2016-10-04,高雄市,SE6 青蔥 粉蔥 ,179.4,145.6,52.8,133.8,-8.04,600.0,89.27,10,2,2016,0
2016-10-05,高雄市,SE6 青蔥 粉蔥 ,170.0,146.6,71.9,136.3,1.87,330.0,-45.0,10,3,2016,0
2016-10-06,高雄市,SE6 青蔥 粉蔥 ,217.0,166.4,96.5,162.5,19.22,430.0,30.3,10,4,2016,0
2016-10-07,高雄市,SE6 青蔥 粉蔥 ,196.6,138.0,86.6,139.5,-14.15,788.0,83.26,10,5,2016,0
2016-10-08,高雄市,SE6 青蔥 粉蔥 ,173.2,118.8,50.4,116.0,-16.85,1177.0,49.37,10,6,2016,0
2016-10-09,高雄市,SE6 青蔥 粉蔥 ,152.3,110.1,51.6,106.9,-7.84,1289.0,9.52,10,7,2016,0
2016-10-10,高雄市,SE6 青蔥 粉蔥 ,,,,,,,,10,1,2016,1
2016-10-11,高雄市,SE6 青蔥 粉蔥 ,117.5,68.3,37.8,72.0,-32.65,1881.0,45.93,10,2,2016,0
2016-10-12,高雄市,SE6 青蔥 粉蔥 ,128.5,60.3,23.3,66.6,-7.5,1447.0,-23.07,10,3,2016,0
2016-10-13,高雄市,SE6 青蔥 粉蔥 ,143.3,73.2,41.9,81.0,21.62,1016.0,-29.79,10,4,2016,0
2016-10-14,高雄市,SE6 青蔥 粉蔥 ,140.5,59.4,42.0,72.1,-10.99,1277.0,25.69,10,5,2016,0
2016-10-15,高雄市,SE6 青蔥 粉蔥 ,125.0,66.0,33.9,71.4,-0.97,1529.0,19.73,10,6,2016,0
2016-10-16,高雄市,SE6 青蔥 粉蔥 ,121.1,73.9,36.5,75.8,6.16,1421.0,-7.06,10,7,2016,0
2016-10-17,高雄市,SE6 青蔥 粉蔥 ,,,,,,,,10,1,2016,1
2016-10-18,高雄市,SE6 青蔥 粉蔥 ,116.8,75.2,36.0,75.6,-0.26,1817.0,27.87,10,2,2016,0
2016-10-19,高雄市,SE6 青蔥 粉蔥 ,106.7,69.9,44.3,72.2,-4.5,1512.0,-16.79,10,3,2016,0
2016-10-20,高雄市,SE6 青蔥 粉蔥 ,107.1,59.1,27.3,62.4,-13.57,1636.0,8.2,10,4,2016,0
2016-10-21,高雄市,SE6 青蔥 粉蔥 ,116.4,60.2,34.2,66.2,6.09,1279.0,-21.82,10,5,2016,0
2016-10-22,高雄市,SE6 青蔥 粉蔥 ,100.8,57.7,26.1,60.0,-9.37,1666.0,30.26,10,6,2016,0
2016-10-23,高雄市,SE6 青蔥 粉蔥 ,84.2,40.0,11.2,43.1,-28.17,2357.0,41.48,10,7,2016,0
2016-10-24,高雄市,SE6 青蔥 粉蔥 ,,,,,,,,10,1,2016,1
2016-10-25,高雄市,SE6 青蔥 粉蔥 ,81.7,47.7,23.5,49.7,15.31,2047.0,-13.15,10,2,2016,0
2016-10-26,高雄市,SE6 青蔥 粉蔥 ,92.5,48.7,24.7,52.6,5.84,1890.0,-7.67,10,3,2016,0
2016-10-27,高雄市,SE6 青蔥 粉蔥 ,80.3,39.5,20.7,43.9,-16.54,1962.0,3.81,10,4,2016,0
2016-10-28,高雄市,SE6 青蔥 粉蔥 ,88.6,45.4,27.3,50.5,15.03,1215.0,-38.07,10,5,2016,0
2016-10-29,高雄市,SE6 青蔥 粉蔥 ,106.6,61.4,26.4,63.5,25.74,906.0,-25.43,10,6,2016,0
2016-10-30,高雄市,SE6 青蔥 粉蔥 ,112.4,67.3,41.2,71.1,11.97,982.0,8.39,10,7,2016,0
2016-10-31,高雄市,SE6 青蔥 粉蔥 ,,,,,,,,10,1,2016,1
2016-11-01,高雄市,SE6 青蔥 粉蔥 ,91.8,76.1,53.1,74.6,4.92,1132.0,15.27,11,2,2016,0
2016-11-02,高雄市,SE6 青蔥 粉蔥 ,100.7,70.2,35.7,69.4,-6.97,871.0,-23.06,11,3,2016,0
2016-11-03,高雄市,SE6 青蔥 粉蔥 ,98.2,83.5,68.6,83.5,20.32,625.0,-28.24,11,4,2016,0
2016-11-04,高雄市,SE6 青蔥 粉蔥 ,94.4,72.8,49.3,72.4,-13.29,1254.0,100.64,11,5,2016,0
2016-11-05,高雄市,SE6 青蔥 粉蔥 ,93.8,63.4,26.4,62.1,-14.23,1359.0,8.37,11,6,2016,0
2016-11-06,高雄市,SE6 青蔥 粉蔥 ,90.1,58.3,22.6,57.5,-7.41,1575.0,15.89,11,7,2016,0
2016-11-07,高雄市,SE6 青蔥 粉蔥 ,,,,,,,,11,1,2016,1
2016-11-08,高雄市,SE6 青蔥 粉蔥 ,89.5,68.4,28.9,64.7,12.52,994.0,-36.89,11,2,2016,0
2016-11-09,高雄市,SE6 青蔥 粉蔥 ,86.0,67.5,34.6,64.6,-0.15,1087.0,9.36,11,3,2016,0
2016-11-10,高雄市,SE6 青蔥 粉蔥 ,79.0,59.0,40.7,59.3,-8.2,1676.0,54.19,11,4,2016,0
2016-11-11,高雄市,SE6 青蔥 粉蔥 ,68.9,44.6,26.0,45.7,-22.93,1267.0,-24.4,11,5,2016,0
2016-11-12,高雄市,SE6 青蔥 粉蔥 ,72.5,54.0,29.4,52.8,15.54,1148.0,-9.39,11,6,2016,0
2016-11-13,高雄市,SE6 青蔥 粉蔥 ,71.2,54.5,22.7,51.5,-2.46,847.0,-26.22,11,7,2016,0
2016-11-14,高雄市,SE6 青蔥 粉蔥 ,,,,,,,,11,1,2016,1
2016-11-15,高雄市,SE6 青蔥 粉蔥 ,80.4,63.5,35.0,61.2,18.83,734.0,-13.34,11,2,2016,0
2016-11-16,高雄市,SE6 青蔥 粉蔥 ,80.6,60.2,50.0,62.2,1.63,548.0,-25.34,11,3,2016,0
2016-11-17,高雄市,SE6 青蔥 粉蔥 ,82.5,66.8,30.5,62.7,0.8,621.0,13.32,11,4,2016,0
2016-11-18,高雄市,SE6 青蔥 粉蔥 ,85.1,66.9,37.5,64.7,3.19,819.0,31.88,11,5,2016,0
2016-11-19,高雄市,SE6 青蔥 粉蔥 ,79.6,60.5,32.5,58.7,-9.27,1202.0,46.76,11,6,2016,0
2016-11-20,高雄市,SE6 青蔥 粉蔥 ,61.3,46.8,17.7,43.9,-25.21,1361.0,13.23,11,7,2016,0
2016-11-21,高雄市,SE6 青蔥 粉蔥 ,,,,,,,,11,1,2016,1
2016-11-22,高雄市,SE6 青蔥 粉蔥 ,78.2,50.7,36.9,53.4,21.64,1219.0,-10.43,11,2,2016,0
2016-11-23,高雄市,SE6 青蔥 粉蔥 ,72.7,54.0,31.9,53.3,-0.19,1113.0,-8.7,11,3,2016,0
2016-11-24,高雄市,SE6 青蔥 粉蔥 ,79.7,55.5,41.9,57.6,8.07,603.0,-45.82,11,4,2016,0
2016-11-25,高雄市,SE6 青蔥 粉蔥 ,64.9,59.1,48.8,58.2,1.04,799.0,32.5,11,5,2016,0
2016-11-26,高雄市,SE6 青蔥 粉蔥 ,79.4,72.0,57.9,70.7,21.48,539.0,-32.54,11,6,2016,0
2016-11-27,高雄市,SE6 青蔥 粉蔥 ,73.9,65.1,38.1,61.5,-13.01,1191.0,120.96,11,7,2016,0
2016-11-28,高雄市,SE6 青蔥 粉蔥 ,,,,,,,,11,1,2016,1
2016-11-29,高雄市,SE6 青蔥 粉蔥 ,75.7,63.5,54.4,64.1,4.23,897.0,-24.69,11,2,2016,0
2016-11-30,高雄市,SE6 青蔥 粉蔥 ,76.9,61.8,52.0,62.9,-1.87,1154.0,28.65,11,3,2016,0
2016-12-01,高雄市,SE6 青蔥 粉蔥 ,68.3,55.9,50.2,57.2,-9.06,1323.0,14.64,12,4,2016,0
2016-12-02,高雄市,SE6 青蔥 粉蔥 ,63.7,48.3,37.9,49.3,-13.81,1949.0,47.32,12,5,2016,0
2016-12-03,高雄市,SE6 青蔥 粉蔥 ,57.0,42.3,32.7,43.3,-12.17,1466.0,-24.78,12,6,2016,0
2016-12-04,高雄市,SE6 青蔥 粉蔥 ,54.6,35.5,26.4,37.5,-13.39,1076.0,-26.6,12,7,2016,0
2016-12-05,高雄市,SE6 青蔥 粉蔥 ,,,,,,,,12,1,2016,1
2016-12-06,高雄市,SE6 青蔥 粉蔥 ,57.7,36.8,22.8,38.2,1.87,1078.0,0.19,12,2,2016,0
2016-12-07,高雄市,SE6 青蔥 粉蔥 ,51.6,39.1,23.9,38.6,1.05,1034.0,-4.08,12,3,2016,0
2016-12-08,高雄市,SE6 青蔥 粉蔥 ,52.1,38.2,25.2,38.4,-0.52,1051.0,1.64,12,4,2016,0
2016-12-09,高雄市,SE6 青蔥 粉蔥 ,45.3,32.5,23.0,33.2,-13.54,1779.0,69.27,12,5,2016,0
2016-12-10,高雄市,SE6 青蔥 粉蔥 ,46.6,28.0,18.0,29.7,-10.54,1351.0,-24.06,12,6,2016,0
2016-12-11,高雄市,SE6 青蔥 粉蔥 ,46.1,32.5,20.8,32.9,10.77,1198.0,-11.32,12,7,2016,0
2016-12-12,高雄市,SE6 青蔥 粉蔥 ,,,,,,,,12,1,2016,1
2016-12-13,高雄市,SE6 青蔥 粉蔥 ,43.2,32.8,18.9,32.1,-2.43,633.0,-47.16,12,2,2016,0
2016-12-14,高雄市,SE6 青蔥 粉蔥 ,56.9,37.0,28.8,39.3,22.43,646.0,2.05,12,3,2016,0
2016-12-15,高雄市,SE6 青蔥 粉蔥 ,43.9,38.1,28.0,37.2,-5.34,1216.0,88.24,12,4,2016,0
2016-12-16,高雄市,SE6 青蔥 粉蔥 ,43.5,33.3,23.4,33.3,-10.48,1378.0,13.32,12,5,2016,0
2016-12-17,高雄市,SE6 青蔥 粉蔥 ,40.2,32.2,23.2,32.0,-3.9,1564.0,13.5,12,6,2016,0
2016-12-18,高雄市,SE6 青蔥 粉蔥 ,45.3,39.8,30.4,39.0,21.88,1207.0,-22.83,12,7,2016,0
2016-12-19,高雄市,SE6 青蔥 粉蔥 ,,,,,,,,12,1,2016,1
2016-12-20,高雄市,SE6 青蔥 粉蔥 ,49.5,38.0,25.5,37.8,-3.08,1359.0,12.59,12,2,2016,0
2016-12-21,高雄市,SE6 青蔥 粉蔥 ,48.1,36.7,17.6,35.2,-6.88,999.0,-26.49,12,3,2016,0
2016-12-22,高雄市,SE6 青蔥 粉蔥 ,44.4,30.4,19.3,30.9,-12.22,1130.0,13.11,12,4,2016,0
2016-12-23,高雄市,SE6 青蔥 粉蔥 ,40.8,29.8,12.9,28.6,-7.44,1422.0,25.84,12,5,2016,0
2016-12-24,高雄市,SE6 青蔥 粉蔥 ,38.3,28.4,11.1,26.9,-5.94,1826.0,28.41,12,6,2016,0
2016-12-25,高雄市,SE6 青蔥 粉蔥 ,31.9,21.0,13.2,21.6,-19.7,1675.0,-8.27,12,7,2016,0
2016-12-26,高雄市,SE6 青蔥 粉蔥 ,,,,,,,,12,1,2016,1
2016-12-27,高雄市,SE6 青蔥 粉蔥 ,43.4,30.5,20.6,31.1,43.98,923.0,-44.9,12,2,2016,0
2016-12-28,高雄市,SE6 青蔥 粉蔥 ,38.1,28.4,15.4,27.8,-10.61,1583.0,71.51,12,3,2016,0
2016-12-29,高雄市,SE6 青蔥 粉蔥 ,38.1,27.8,16.2,27.6,-0.72,1472.0,-7.01,12,4,2016,0
2016-12-30,高雄市,SE6 青蔥 粉蔥 ,37.4,25.3,12.7,25.2,-8.7,1064.0,-27.72,12,5,2016,0
2016-12-31,高雄市,SE6 青蔥 粉蔥 ,38.6,28.3,17.2,28.1,11.51,1510.0,41.92,12,6,2016,0
2017-01-01,高雄市,SE6 青蔥 粉蔥 ,33.9,22.9,13.9,23.3,-17.08,1500.0,-0.66,1,7,2017,0
2017-01-02,高雄市,SE6 青蔥 粉蔥 ,,,,,,,,1,1,2017,1
2017-01-03,高雄市,SE6 青蔥 粉蔥 ,45.8,38.5,27.5,37.7,61.8,917.0,-38.87,1,2,2017,0
2017-01-04,高雄市,SE6 青蔥 粉蔥 ,41.3,30.4,17.5,30.0,-20.42,1601.0,74.59,1,3,2017,0
2017-01-05,高雄市,SE6 青蔥 粉蔥 ,39.4,23.5,14.9,25.0,-16.67,1836.0,14.68,1,4,2017,0
2017-01-06,高雄市,SE6 青蔥 粉蔥 ,33.0,17.8,7.2,18.7,-25.2,2718.0,48.04,1,5,2017,0
2017-01-07,高雄市,SE6 青蔥 粉蔥 ,26.1,14.0,7.3,15.1,-19.25,2046.0,-24.72,1,6,2017,0
2017-01-08,高雄市,SE6 青蔥 粉蔥 ,36.3,18.6,5.1,19.5,29.14,1938.0,-5.28,1,7,2017,0
2017-01-09,高雄市,SE6 青蔥 粉蔥 ,,,,,,,,1,1,2017,1
2017-01-10,高雄市,SE6 青蔥 粉蔥 ,42.5,24.3,7.5,24.6,26.15,1604.0,-17.23,1,2,2017,0
2017-01-11,高雄市,SE6 青蔥 粉蔥 ,35.4,22.4,9.4,22.4,-8.94,2119.0,32.11,1,3,2017,0
2017-01-12,高雄市,SE6 青蔥 粉蔥 ,28.5,19.8,8.2,19.2,-14.29,2280.0,7.6,1,4,2017,0
2017-01-13,高雄市,SE6 青蔥 粉蔥 ,25.2,17.1,10.0,17.3,-9.9,2312.0,1.4,1,5,2017,0
2017-01-14,高雄市,SE6 青蔥 粉蔥 ,29.4,21.0,13.4,21.2,22.54,1583.0,-31.53,1,6,2017,0
2017-01-15,高雄市,SE6 青蔥 粉蔥 ,30.6,26.2,15.6,25.0,17.92,1310.0,-17.25,1,7,2017,0
2017-01-16,高雄市,SE6 青蔥 粉蔥 ,,,,,,,,1,1,2017,1
2017-01-17,高雄市,SE6 青蔥 粉蔥 ,30.9,26.3,18.1,25.6,2.4,1640.0,25.19,1,2,2017,0
2017-01-18,高雄市,SE6 青蔥 粉蔥 ,32.4,25.2,12.1,24.0,-6.25,2448.0,49.27,1,3,2017,0
2017-01-19,高雄市,SE6 青蔥 粉蔥 ,31.3,23.4,14.4,23.2,-3.33,1745.0,-28.72,1,4,2017,0
2017-01-20,高雄市,SE6 青蔥 粉蔥 ,26.5,18.7,11.8,18.9,-18.53,2483.0,42.29,1,5,2017,0
2017-01-21,高雄市,SE6 青蔥 粉蔥 ,26.7,18.8,7.9,18.2,-3.7,2246.0,-9.54,1,6,2017,0
2017-01-22,高雄市,SE6 青蔥 粉蔥 ,31.6,21.8,16.1,22.6,24.18,2016.0,-10.24,1,7,2017,0
2017-01-23,高雄市,SE6 青蔥 粉蔥 ,34.0,29.4,25.0,29.4,30.09,360.0,-82.14,1,1,2017,0
2017-01-24,高雄市,SE6 青蔥 粉蔥 ,36.3,30.5,23.8,30.3,3.06,2028.0,463.33,1,2,2017,0
2017-01-25,高雄市,SE6 青蔥 粉蔥 ,45.6,37.4,27.9,37.1,22.44,2099.0,3.5,1,3,2017,0
2017-01-26,高雄市,SE6 青蔥 粉蔥 ,52.3,44.1,19.9,40.9,10.24,2225.0,6.0,1,4,2017,0
2017-01-27,高雄市,SE6 青蔥 粉蔥 ,32.6,27.0,7.1,24.2,-40.83,793.0,-64.36,1,5,2017,0
2017-01-28,高雄市,SE6 青蔥 粉蔥 ,,,,,,,,1,6,2017,1
2017-01-29,高雄市,SE6 青蔥 粉蔥 ,,,,,,,,1,7,2017,1
2017-01-30,高雄市,SE6 青蔥 粉蔥 ,,,,,,,,1,1,2017,1
2017-01-31,高雄市,SE6 青蔥 粉蔥 ,,,,,,,,1,2,2017,1
2017-02-01,高雄市,SE6 青蔥 粉蔥 ,,,,,,,,2,3,2017,1
2017-02-02,高雄市,SE6 青蔥 粉蔥 ,40.7,23.9,17.3,26.0,7.44,1245.0,57.0,2,4,2017,0
2017-02-03,高雄市,SE6 青蔥 粉蔥 ,32.7,28.2,22.6,28.0,7.69,1356.0,8.92,2,5,2017,0
2017-02-04,高雄市,SE6 青蔥 粉蔥 ,28.9,21.1,14.1,21.3,-23.93,2264.0,66.96,2,6,2017,0
2017-02-05,高雄市,SE6 青蔥 粉蔥 ,31.0,26.2,19.1,25.8,21.13,1165.0,-48.54,2,7,2017,0
2017-02-06,高雄市,SE6 青蔥 粉蔥 ,,,,,,,,2,1,2017,1
2017-02-07,高雄市,SE6 青蔥 粉蔥 ,24.9,20.0,14.9,20.0,-22.48,2662.0,128.5,2,2,2017,0
2017-02-08,高雄市,SE6 青蔥 粉蔥 ,21.4,14.1,9.3,14.6,-27.0,2535.0,-4.77,2,3,2017,0
2017-02-09,高雄市,SE6 青蔥 粉蔥 ,18.9,14.7,10.0,14.6,0.0,2162.0,-14.71,2,4,2017,0
2017-02-10,高雄市,SE6 青蔥 粉蔥 ,17.3,13.7,9.6,13.6,-6.85,2297.0,6.24,2,5,2017,0
2017-02-11,高雄市,SE6 青蔥 粉蔥 ,22.7,19.4,12.9,18.8,38.24,1621.0,-29.43,2,6,2017,0
2017-02-12,高雄市,SE6 青蔥 粉蔥 ,,,,,,,,2,7,2017,1
2017-02-13,高雄市,SE6 青蔥 粉蔥 ,,,,,,,,2,1,2017,1
2017-02-14,高雄市,SE6 青蔥 粉蔥 ,26.1,20.8,14.9,20.6,9.57,2004.0,23.63,2,2,2017,0
2017-02-15,高雄市,SE6 青蔥 粉蔥 ,26.0,23.0,16.9,22.4,8.74,1366.0,-31.84,2,3,2017,0
2017-02-16,高雄市,SE6 青蔥 粉蔥 ,26.4,21.3,15.7,21.2,-5.36,1829.0,33.89,2,4,2017,0
2017-02-17,高雄市,SE6 青蔥 粉蔥 ,21.3,16.8,11.2,16.6,-21.7,2459.0,34.45,2,5,2017,0
2017-02-18,高雄市,SE6 青蔥 粉蔥 ,20.1,12.7,8.6,13.3,-19.88,2903.0,18.06,2,6,2017,0
2017-02-19,高雄市,SE6 青蔥 粉蔥 ,25.4,19.3,12.8,19.2,44.36,1604.0,-44.75,2,7,2017,0
2017-02-20,高雄市,SE6 青蔥 粉蔥 ,,,,,,,,2,1,2017,1
2017-02-21,高雄市,SE6 青蔥 粉蔥 ,24.9,20.4,17.4,20.7,7.81,2014.0,25.56,2,2,2017,0
2017-02-22,高雄市,SE6 青蔥 粉蔥 ,24.7,20.6,15.2,20.3,-1.93,2010.0,-0.2,2,3,2017,0
2017-02-23,高雄市,SE6 青蔥 粉蔥 ,22.2,16.7,10.4,16.5,-18.72,2800.0,39.3,2,4,2017,0
2017-02-24,高雄市,SE6 青蔥 粉蔥 ,17.9,13.5,8.7,13.4,-18.79,3054.0,9.07,2,5,2017,0
2017-02-25,高雄市,SE6 青蔥 粉蔥 ,18.9,13.2,9.2,13.5,0.75,1922.0,-37.07,2,6,2017,0
2017-02-26,高雄市,SE6 青蔥 粉蔥 ,20.6,15.1,10.2,15.3,13.33,1966.0,2.29,2,7,2017,0
2017-02-27,高雄市,SE6 青蔥 粉蔥 ,,,,,,,,2,1,2017,1
2017-02-28,高雄市,SE6 青蔥 粉蔥 ,28.2,18.2,10.9,18.8,22.88,1442.0,-26.65,2,2,2017,0
2017-03-01,高雄市,SE6 青蔥 粉蔥 ,26.7,19.5,16.5,20.3,7.98,1353.0,-6.17,3,3,2017,0
2017-03-02,高雄市,SE6 青蔥 粉蔥 ,27.1,22.2,17.1,22.2,9.36,1375.0,1.63,3,4,2017,0
2017-03-03,高雄市,SE6 青蔥 粉蔥 ,24.0,20.4,17.2,20.5,-7.66,1852.0,34.69,3,5,2017,0
2017-03-04,高雄市,SE6 青蔥 粉蔥 ,24.3,20.7,14.3,20.1,-1.95,2138.0,15.44,3,6,2017,0
2017-03-05,高雄市,SE6 青蔥 粉蔥 ,25.7,20.6,15.5,20.6,2.49,2411.0,12.77,3,7,2017,0
2017-03-06,高雄市,SE6 青蔥 粉蔥 ,,,,,,,,3,1,2017,1
2017-03-07,高雄市,SE6 青蔥 粉蔥 ,25.3,21.1,16.5,21.0,1.94,2567.0,6.47,3,2,2017,0
2017-03-08,高雄市,SE6 青蔥 粉蔥 ,24.1,16.3,9.2,16.4,-21.9,3210.0,25.05,3,3,2017,0
2017-03-09,高雄市,SE6 青蔥 粉蔥 ,19.3,14.2,11.4,14.6,-10.98,2055.0,-35.98,3,4,2017,0
2017-03-10,高雄市,SE6 青蔥 粉蔥 ,28.4,19.0,10.5,19.2,31.51,989.0,-51.87,3,5,2017,0
2017-03-11,高雄市,SE6 青蔥 粉蔥 ,27.9,22.2,18.7,22.7,18.23,1337.0,35.19,3,6,2017,0
2017-03-12,高雄市,SE6 青蔥 粉蔥 ,22.0,18.6,16.2,18.8,-17.18,2647.0,97.98,3,7,2017,0
2017-03-13,高雄市,SE6 青蔥 粉蔥 ,,,,,,,,3,1,2017,1
2017-03-14,高雄市,SE6 青蔥 粉蔥 ,21.5,17.7,12.7,17.5,-6.91,2541.0,-4.0,3,2,2017,0
2017-03-15,高雄市,SE6 青蔥 粉蔥 ,22.3,19.2,14.4,18.8,7.43,1585.0,-37.62,3,3,2017,0
2017-03-16,高雄市,SE6 青蔥 粉蔥 ,23.9,19.8,17.0,20.1,6.91,1928.0,21.64,3,4,2017,0
2017-03-17,高雄市,SE6 青蔥 粉蔥 ,18.4,15.1,10.7,14.9,-25.87,3327.0,72.56,3,5,2017,0
2017-03-18,高雄市,SE6 青蔥 粉蔥 ,20.7,15.8,11.4,15.9,6.71,1766.0,-46.92,3,6,2017,0
2017-03-19,高雄市,SE6 青蔥 粉蔥 ,20.0,17.0,13.8,17.0,6.92,1916.0,8.49,3,7,2017,0
2017-03-20,高雄市,SE6 青蔥 粉蔥 ,,,,,,,,3,1,2017,1
2017-03-21,高雄市,SE6 青蔥 粉蔥 ,23.4,20.5,15.7,20.1,18.24,2072.0,8.14,3,2,2017,0
2017-03-22,高雄市,SE6 青蔥 粉蔥 ,20.0,17.0,13.9,17.0,-15.42,1979.0,-4.49,3,3,2017,0
2017-03-23,高雄市,SE6 青蔥 粉蔥 ,21.2,16.6,12.6,16.7,-1.76,2577.0,30.22,3,4,2017,0
2017-03-24,高雄市,SE6 青蔥 粉蔥 ,21.3,14.6,11.3,15.3,-8.38,2953.0,14.59,3,5,2017,0
2017-03-25,高雄市,SE6 青蔥 粉蔥 ,20.4,14.4,9.5,14.6,-4.58,2963.0,0.34,3,6,2017,0
2017-03-26,高雄市,SE6 青蔥 粉蔥 ,17.1,12.2,9.5,12.7,-13.01,2601.0,-12.22,3,7,2017,0
2017-03-27,高雄市,SE6 青蔥 粉蔥 ,,,,,,,,3,1,2017,1
2017-03-28,高雄市,SE6 青蔥 粉蔥 ,20.5,17.9,15.6,18.0,41.73,1715.0,-34.06,3,2,2017,0
2017-03-29,高雄市,SE6 青蔥 粉蔥 ,20.6,17.4,14.2,17.4,-3.33,2696.0,57.2,3,3,2017,0
2017-03-30,高雄市,SE6 青蔥 粉蔥 ,17.9,14.5,10.9,14.5,-16.67,3126.0,15.95,3,4,2017,0
2017-03-31,高雄市,SE6 青蔥 粉蔥 ,21.5,16.9,12.7,17.0,17.24,1404.0,-55.09,3,5,2017,0
2017-04-01,高雄市,SE6 青蔥 粉蔥 ,21.4,18.7,12.8,18.0,5.88,2098.0,49.43,4,6,2017,0
2017-04-02,高雄市,SE6 青蔥 粉蔥 ,23.7,20.3,15.2,20.0,11.11,2031.0,-3.19,4,7,2017,0
2017-04-03,高雄市,SE6 青蔥 粉蔥 ,19.9,13.8,11.0,14.5,-27.5,4183.0,105.96,4,1,2017,0
2017-04-04,高雄市,SE6 青蔥 粉蔥 ,,,,,,,,4,2,2017,1
2017-04-05,高雄市,SE6 青蔥 粉蔥 ,,,,,,,,4,3,2017,1
2017-04-06,高雄市,SE6 青蔥 粉蔥 ,24.0,21.2,16.0,20.7,42.76,1951.0,-53.36,4,4,2017,0
2017-04-07,高雄市,SE6 青蔥 粉蔥 ,26.2,22.7,15.1,21.9,5.8,1633.0,-16.3,4,5,2017,0
2017-04-08,高雄市,SE6 青蔥 粉蔥 ,22.2,17.2,12.3,17.2,-21.46,2322.0,42.19,4,6,2017,0
2017-04-09,高雄市,SE6 青蔥 粉蔥 ,19.7,15.3,9.6,15.0,-12.79,2444.0,5.25,4,7,2017,0
2017-04-10,高雄市,SE6 青蔥 粉蔥 ,,,,,,,,4,1,2017,1
2017-04-11,高雄市,SE6 青蔥 粉蔥 ,19.7,15.8,12.1,15.8,5.33,2479.0,1.43,4,2,2017,0
2017-04-12,高雄市,SE6 青蔥 粉蔥 ,17.9,12.9,8.3,13.0,-17.72,2295.0,-7.42,4,3,2017,0
2017-04-13,高雄市,SE6 青蔥 粉蔥 ,17.1,13.6,10.2,13.7,5.38,2454.0,6.93,4,4,2017,0
2017-04-14,高雄市,SE6 青蔥 粉蔥 ,25.4,17.4,14.0,18.3,33.58,1250.0,-49.06,4,5,2017,0
2017-04-15,高雄市,SE6 青蔥 粉蔥 ,20.0,15.3,10.8,15.4,-15.85,2512.0,100.96,4,6,2017,0
2017-04-16,高雄市,SE6 青蔥 粉蔥 ,17.0,13.9,8.5,13.4,-12.99,2662.0,5.97,4,7,2017,0
2017-04-17,高雄市,SE6 青蔥 粉蔥 ,,,,,,,,4,1,2017,1
2017-04-18,高雄市,SE6 青蔥 粉蔥 ,18.7,15.0,8.8,14.5,8.21,2792.0,4.88,4,2,2017,0
2017-04-19,高雄市,SE6 青蔥 粉蔥 ,16.2,13.0,8.6,12.8,-11.72,2855.0,2.26,4,3,2017,0
2017-04-20,高雄市,SE6 青蔥 粉蔥 ,13.3,10.1,6.9,10.1,-21.09,3190.0,11.73,4,4,2017,0
2017-04-21,高雄市,SE6 青蔥 粉蔥 ,14.3,10.4,7.8,10.7,5.94,2163.0,-32.19,4,5,2017,0
2017-04-22,高雄市,SE6 青蔥 粉蔥 ,15.8,12.6,6.2,12.0,12.15,1585.0,-26.72,4,6,2017,0
2017-04-23,高雄市,SE6 青蔥 粉蔥 ,20.4,16.3,9.5,15.8,31.67,2144.0,35.27,4,7,2017,0
2017-04-24,高雄市,SE6 青蔥 粉蔥 ,,,,,,,,4,1,2017,1
2017-04-25,高雄市,SE6 青蔥 粉蔥 ,19.7,16.6,11.0,16.1,1.9,1960.0,-8.58,4,2,2017,0
2017-04-26,高雄市,SE6 青蔥 粉蔥 ,23.0,15.9,10.3,16.2,0.62,2160.0,10.2,4,3,2017,0
2017-04-27,高雄市,SE6 青蔥 粉蔥 ,18.7,14.3,9.3,14.2,-12.35,2353.0,8.94,4,4,2017,0
2017-04-28,高雄市,SE6 青蔥 粉蔥 ,24.6,18.4,13.5,18.7,31.69,2269.0,-3.57,4,5,2017,0
2017-04-29,高雄市,SE6 青蔥 粉蔥 ,16.2,12.6,8.7,12.5,-33.16,3046.0,34.24,4,6,2017,0
2017-04-30,高雄市,SE6 青蔥 粉蔥 ,16.5,11.9,9.1,12.3,-1.6,2402.0,-21.14,4,7,2017,0
2017-05-01,高雄市,SE6 青蔥 粉蔥 ,,,,,,,,5,1,2017,1
2017-05-02,高雄市,SE6 青蔥 粉蔥 ,20.0,14.9,10.6,15.1,22.76,2547.0,6.04,5,2,2017,0
2017-05-03,高雄市,SE6 青蔥 粉蔥 ,18.7,13.9,10.8,14.2,-5.96,2431.0,-4.55,5,3,2017,0
2017-05-04,高雄市,SE6 青蔥 粉蔥 ,15.8,11.7,8.4,11.9,-16.2,2602.0,7.03,5,4,2017,0
2017-05-05,高雄市,SE6 青蔥 粉蔥 ,13.4,10.6,8.0,10.7,-10.08,2145.0,-17.56,5,5,2017,0
2017-05-06,高雄市,SE6 青蔥 粉蔥 ,14.5,10.0,5.9,10.1,-5.61,1764.0,-17.76,5,6,2017,0
2017-05-07,高雄市,SE6 青蔥 粉蔥 ,15.0,11.0,7.6,11.1,9.9,2253.0,27.72,5,7,2017,0
2017-05-08,高雄市,SE6 青蔥 粉蔥 ,,,,,,,,5,1,2017,1
2017-05-09,高雄市,SE6 青蔥 粉蔥 ,15.1,11.9,9.4,12.0,8.11,2250.0,-0.13,5,2,2017,0
2017-05-10,高雄市,SE6 青蔥 粉蔥 ,16.1,12.7,10.6,13.0,8.33,1083.0,-51.87,5,3,2017,0
2017-05-11,高雄市,SE6 青蔥 粉蔥 ,15.7,12.5,8.4,12.3,-5.38,1615.0,49.12,5,4,2017,0
2017-05-12,高雄市,SE6 青蔥 粉蔥 ,16.4,12.6,8.2,12.5,1.63,1741.0,7.8,5,5,2017,0
2017-05-13,高雄市,SE6 青蔥 粉蔥 ,16.4,10.4,7.0,10.9,-12.8,2074.0,19.13,5,6,2017,0
2017-05-14,高雄市,SE6 青蔥 粉蔥 ,18.7,12.3,8.2,12.7,16.51,2120.0,2.22,5,7,2017,0
2017-05-15,高雄市,SE6 青蔥 粉蔥 ,,,,,,,,5,1,2017,1
2017-05-16,高雄市,SE6 青蔥 粉蔥 ,21.3,17.4,10.6,16.9,33.07,1383.0,-34.76,5,2,2017,0
2017-05-17,高雄市,SE6 青蔥 粉蔥 ,21.8,16.2,11.2,16.3,-3.55,1747.0,26.32,5,3,2017,0
2017-05-18,高雄市,SE6 青蔥 粉蔥 ,19.6,15.2,10.9,15.2,-6.75,2173.0,24.38,5,4,2017,0
2017-05-19,高雄市,SE6 青蔥 粉蔥 ,18.4,12.7,8.7,13.1,-13.82,2184.0,0.51,5,5,2017,0
2017-05-20,高雄市,SE6 青蔥 粉蔥 ,17.8,12.7,10.0,13.2,0.76,1695.0,-22.39,5,6,2017,0
2017-05-21,高雄市,SE6 青蔥 粉蔥 ,24.1,17.2,8.2,16.8,27.27,1394.0,-17.76,5,7,2017,0
2017-05-22,高雄市,SE6 青蔥 粉蔥 ,,,,,,,,5,1,2017,1
2017-05-23,高雄市,SE6 青蔥 粉蔥 ,24.2,19.7,13.8,19.4,15.48,1018.0,-26.97,5,2,2017,0
2017-05-24,高雄市,SE6 青蔥 粉蔥 ,21.7,16.0,10.7,16.1,-17.01,1780.0,74.85,5,3,2017,0
2017-05-25,高雄市,SE6 青蔥 粉蔥 ,19.7,14.8,11.4,15.1,-6.21,1420.0,-20.22,5,4,2017,0
2017-05-26,高雄市,SE6 青蔥 粉蔥 ,23.1,14.6,10.4,15.4,1.99,2153.0,51.62,5,5,2017,0
2017-05-27,高雄市,SE6 青蔥 粉蔥 ,18.9,12.7,9.3,13.3,-13.64,2187.0,1.58,5,6,2017,0
2017-05-28,高雄市,SE6 青蔥 粉蔥 ,20.6,13.3,8.2,13.7,3.01,2226.0,1.78,5,7,2017,0
2017-05-29,高雄市,SE6 青蔥 粉蔥 ,,,,,,,,5,1,2017,1
2017-05-30,高雄市,SE6 青蔥 粉蔥 ,26.9,23.5,18.3,23.1,68.61,1394.0,-37.38,5,2,2017,0
2017-05-31,高雄市,SE6 青蔥 粉蔥 ,,,,,,,,5,3,2017,1
2017-06-01,高雄市,SE6 青蔥 粉蔥 ,,,,,,,,6,4,2017,1
2017-06-02,高雄市,SE6 青蔥 粉蔥 ,27.7,21.2,9.1,20.1,-12.99,1817.0,30.34,6,5,2017,0
2017-06-03,高雄市,SE6 青蔥 粉蔥 ,27.3,19.0,12.6,19.4,-3.48,1812.0,-0.28,6,6,2017,0
2017-06-04,高雄市,SE6 青蔥 粉蔥 ,31.9,27.2,19.6,26.6,37.11,1134.0,-37.42,6,7,2017,0
2017-06-05,高雄市,SE6 青蔥 粉蔥 ,,,,,,,,6,1,2017,1
2017-06-06,高雄市,SE6 青蔥 粉蔥 ,27.7,20.2,9.6,19.6,-26.32,1360.0,19.93,6,2,2017,0
2017-06-07,高雄市,SE6 青蔥 粉蔥 ,27.2,14.6,5.7,15.3,-21.94,1224.0,-10.0,6,3,2017,0
2017-06-08,高雄市,SE6 青蔥 粉蔥 ,33.9,26.5,15.8,25.8,68.63,1060.0,-13.4,6,4,2017,0
2017-06-09,高雄市,SE6 青蔥 粉蔥 ,31.5,20.2,11.4,20.7,-19.77,1334.0,25.85,6,5,2017,0
2017-06-10,高雄市,SE6 青蔥 粉蔥 ,25.3,16.6,11.3,17.3,-16.43,2103.0,57.65,6,6,2017,0
2017-06-11,高雄市,SE6 青蔥 粉蔥 ,30.0,16.3,11.1,18.0,4.05,1619.0,-23.01,6,7,2017,0
2017-06-12,高雄市,SE6 青蔥 粉蔥 ,,,,,,,,6,1,2017,1
2017-06-13,高雄市,SE6 青蔥 粉蔥 ,31.7,25.3,15.3,24.6,36.67,1178.0,-27.24,6,2,2017,0
2017-06-14,高雄市,SE6 青蔥 粉蔥 ,35.9,27.5,23.3,28.4,15.45,909.0,-22.84,6,3,2017,0
2017-06-15,高雄市,SE6 青蔥 粉蔥 ,38.3,28.4,16.0,27.9,-1.76,1108.0,21.89,6,4,2017,0
2017-06-16,高雄市,SE6 青蔥 粉蔥 ,31.8,23.4,11.8,22.8,-18.28,2094.0,88.99,6,5,2017,0
2017-06-17,高雄市,SE6 青蔥 粉蔥 ,23.2,16.7,7.9,16.2,-28.95,1757.0,-16.09,6,6,2017,0
2017-06-18,高雄市,SE6 青蔥 粉蔥 ,35.7,17.8,8.9,19.6,20.99,1115.0,-36.54,6,7,2017,0
2017-06-19,高雄市,SE6 青蔥 粉蔥 ,,,,,,,,6,1,2017,1
2017-06-20,高雄市,SE6 青蔥 粉蔥 ,33.1,17.6,9.5,19.1,-2.55,1321.0,18.48,6,2,2017,0
2017-06-21,高雄市,SE6 青蔥 粉蔥 ,37.3,21.7,9.5,22.4,17.28,778.0,-41.11,6,3,2017,0
2017-06-22,高雄市,SE6 青蔥 粉蔥 ,39.6,24.2,10.7,24.6,9.82,1055.0,35.6,6,4,2017,0
2017-06-23,高雄市,SE6 青蔥 粉蔥 ,40.6,23.4,8.7,23.9,-2.85,1268.0,20.19,6,5,2017,0
2017-06-24,高雄市,SE6 青蔥 粉蔥 ,46.3,29.8,15.9,30.3,26.78,1006.0,-20.66,6,6,2017,0
2017-06-25,高雄市,SE6 青蔥 粉蔥 ,50.2,30.6,11.9,30.8,1.65,814.0,-19.09,6,7,2017,0
2017-06-26,高雄市,SE6 青蔥 粉蔥 ,,,,,,,,6,1,2017,1
2017-06-27,高雄市,SE6 青蔥 粉蔥 ,48.6,34.8,19.1,34.4,11.69,670.0,-17.69,6,2,2017,0
2017-06-28,高雄市,SE6 青蔥 粉蔥 ,63.8,47.1,25.0,46.0,33.72,320.0,-52.24,6,3,2017,0
2017-06-29,高雄市,SE6 青蔥 粉蔥 ,71.3,58.3,34.7,56.2,22.17,460.0,43.75,6,4,2017,0
2017-06-30,高雄市,SE6 青蔥 粉蔥 ,65.4,42.5,18.4,42.3,-24.73,1044.0,126.96,6,5,2017,0
2017-07-01,高雄市,SE6 青蔥 粉蔥 ,63.4,57.8,31.8,53.7,26.95,800.0,-23.37,7,6,2017,0
2017-07-02,高雄市,SE6 青蔥 粉蔥 ,56.9,48.6,16.2,43.8,-18.44,870.0,8.75,7,7,2017,0
2017-07-03,高雄市,SE6 青蔥 粉蔥 ,,,,,,,,7,1,2017,1
2017-07-04,高雄市,SE6 青蔥 粉蔥 ,62.6,47.1,31.5,47.1,7.53,730.0,-16.09,7,2,2017,0
2017-07-05,高雄市,SE6 青蔥 粉蔥 ,66.8,43.6,23.1,44.2,-6.16,825.0,13.01,7,3,2017,0
2017-07-06,高雄市,SE6 青蔥 粉蔥 ,60.9,49.3,11.7,44.1,-0.23,557.0,-32.48,7,4,2017,0
2017-07-07,高雄市,SE6 青蔥 粉蔥 ,63.7,58.3,28.7,53.4,21.09,600.0,7.72,7,5,2017,0
2017-07-08,高雄市,SE6 青蔥 粉蔥 ,68.0,50.8,23.0,48.7,-8.8,785.0,30.83,7,6,2017,0
2017-07-09,高雄市,SE6 青蔥 粉蔥 ,68.9,53.0,25.9,50.8,4.31,719.0,-8.41,7,7,2017,0
2017-07-10,高雄市,SE6 青蔥 粉蔥 ,,,,,,,,7,1,2017,1
2017-07-11,高雄市,SE6 青蔥 粉蔥 ,69.7,52.0,32.1,51.6,1.57,820.0,14.05,7,2,2017,0
2017-07-12,高雄市,SE6 青蔥 粉蔥 ,73.9,51.1,22.0,49.9,-3.29,654.0,-20.24,7,3,2017,0
2017-07-13,高雄市,SE6 青蔥 粉蔥 ,72.6,63.4,35.8,59.7,19.64,703.0,7.49,7,4,2017,0
2017-07-14,高雄市,SE6 青蔥 粉蔥 ,70.4,64.0,51.5,62.8,5.19,812.0,15.5,7,5,2017,0
2017-07-15,高雄市,SE6 青蔥 粉蔥 ,69.3,55.4,29.5,53.0,-15.61,732.0,-9.85,7,6,2017,0
2017-07-16,高雄市,SE6 青蔥 粉蔥 ,81.3,74.2,54.9,71.8,35.47,377.0,-48.5,7,7,2017,0
2017-07-17,高雄市,SE6 青蔥 粉蔥 ,,,,,,,,7,1,2017,1
2017-07-18,高雄市,SE6 青蔥 粉蔥 ,84.3,81.9,76.7,81.3,13.23,300.0,-20.42,7,2,2017,0
2017-07-19,高雄市,SE6 青蔥 粉蔥 ,89.0,86.0,82.0,85.8,5.54,200.0,-33.33,7,3,2017,0
2017-07-20,高雄市,SE6 青蔥 粉蔥 ,90.1,86.6,83.6,86.7,1.05,280.0,40.0,7,4,2017,0
2017-07-21,高雄市,SE6 青蔥 粉蔥 ,89.0,86.0,82.4,85.9,-0.92,520.0,85.71,7,5,2017,0
2017-07-22,高雄市,SE6 青蔥 粉蔥 ,87.7,82.6,47.2,76.5,-10.94,667.0,28.27,7,6,2017,0
2017-07-23,高雄市,SE6 青蔥 粉蔥 ,91.7,82.2,65.3,80.7,5.49,740.0,10.94,7,7,2017,0
2017-07-24,高雄市,SE6 青蔥 粉蔥 ,,,,,,,,7,1,2017,1
2017-07-25,高雄市,SE6 青蔥 粉蔥 ,92.0,83.9,65.1,81.8,1.36,639.0,-13.65,7,2,2017,0
2017-07-26,高雄市,SE6 青蔥 粉蔥 ,87.9,78.1,66.1,77.7,-5.01,444.0,-30.52,7,3,2017,0
2017-07-27,高雄市,SE6 青蔥 粉蔥 ,89.7,83.8,63.3,80.9,4.12,282.0,-36.49,7,4,2017,0
2017-07-28,高雄市,SE6 青蔥 粉蔥 ,117.0,99.8,62.8,95.8,18.42,198.0,-29.79,7,5,2017,0
2017-07-29,高雄市,SE6 青蔥 粉蔥 ,151.0,136.5,91.4,130.4,36.12,250.0,26.26,7,6,2017,0
2017-07-30,高雄市,SE6 青蔥 粉蔥 ,125.8,113.0,94.4,111.8,-14.26,660.0,164.0,7,7,2017,0
2017-07-31,高雄市,SE6 青蔥 粉蔥 ,,,,,,,,7,1,2017,1
2017-08-01,高雄市,SE6 青蔥 粉蔥 ,120.0,108.7,85.1,106.3,-4.92,680.0,3.03,8,2,2017,0
2017-08-02,高雄市,SE6 青蔥 粉蔥 ,111.4,80.7,55.7,81.8,-23.05,831.0,22.21,8,3,2017,0
2017-08-03,高雄市,SE6 青蔥 粉蔥 ,94.0,62.7,36.6,63.8,-22.0,648.0,-22.02,8,4,2017,0
2017-08-04,高雄市,SE6 青蔥 粉蔥 ,97.7,84.6,33.5,77.0,20.69,557.0,-14.04,8,5,2017,0
2017-08-05,高雄市,SE6 青蔥 粉蔥 ,99.4,72.5,42.3,71.8,-6.75,547.0,-1.8,8,6,2017,0
2017-08-06,高雄市,SE6 青蔥 粉蔥 ,104.8,77.1,48.3,76.9,7.1,621.0,13.53,8,7,2017,0
2017-08-07,高雄市,SE6 青蔥 粉蔥 ,,,,,,,,8,1,2017,1
2017-08-08,高雄市,SE6 青蔥 粉蔥 ,128.5,95.3,59.6,94.8,23.28,383.0,-38.33,8,2,2017,0
2017-08-09,高雄市,SE6 青蔥 粉蔥 ,126.9,92.4,61.3,93.1,-1.79,436.0,13.84,8,3,2017,0
2017-08-10,高雄市,SE6 青蔥 粉蔥 ,113.4,96.6,64.3,93.5,0.43,417.0,-4.36,8,4,2017,0
2017-08-11,高雄市,SE6 青蔥 粉蔥 ,127.7,94.1,71.0,96.2,2.89,298.0,-28.54,8,5,2017,0
2017-08-12,高雄市,SE6 青蔥 粉蔥 ,124.4,73.0,40.0,76.7,-20.27,356.0,19.46,8,6,2017,0
2017-08-13,高雄市,SE6 青蔥 粉蔥 ,130.0,112.5,77.1,108.9,41.98,360.0,1.12,8,7,2017,0
2017-08-14,高雄市,SE6 青蔥 粉蔥 ,,,,,,,,8,1,2017,1
2017-08-15,高雄市,SE6 青蔥 粉蔥 ,130.8,107.8,75.2,105.9,-2.75,356.0,-1.11,8,2,2017,0
2017-08-16,高雄市,SE6 青蔥 粉蔥 ,121.6,101.6,73.0,99.9,-5.67,558.0,56.74,8,3,2017,0
2017-08-17,高雄市,SE6 青蔥 粉蔥 ,123.1,105.0,73.3,102.3,2.4,481.0,-13.8,8,4,2017,0
2017-08-18,高雄市,SE6 青蔥 粉蔥 ,127.0,98.2,56.1,95.5,-6.65,378.0,-21.41,8,5,2017,0
2017-08-19,高雄市,SE6 青蔥 粉蔥 ,125.3,110.6,70.0,105.4,10.37,179.0,-52.65,8,6,2017,0
2017-08-20,高雄市,SE6 青蔥 粉蔥 ,115.6,95.7,27.4,86.0,-18.41,177.0,-1.12,8,7,2017,0
2017-08-21,高雄市,SE6 青蔥 粉蔥 ,,,,,,,,8,1,2017,1
2017-08-22,高雄市,SE6 青蔥 粉蔥 ,136.1,124.4,91.4,120.1,39.65,157.0,-11.3,8,2,2017,0
2017-08-23,高雄市,SE6 青蔥 粉蔥 ,136.0,117.4,58.8,109.4,-8.91,217.0,38.22,8,3,2017,0
2017-08-24,高雄市,SE6 青蔥 粉蔥 ,120.0,102.4,72.2,99.9,-8.68,290.0,33.64,8,4,2017,0
2017-08-25,高雄市,SE6 青蔥 粉蔥 ,127.0,103.3,86.0,104.6,4.7,201.0,-30.69,8,5,2017,0
2017-08-26,高雄市,SE6 青蔥 粉蔥 ,140.1,115.4,90.9,115.4,10.33,235.0,16.92,8,6,2017,0
2017-08-27,高雄市,SE6 青蔥 粉蔥 ,135.0,124.2,100.2,121.5,5.29,248.0,5.53,8,7,2017,0
2017-08-28,高雄市,SE6 青蔥 粉蔥 ,,,,,,,,8,1,2017,1
2017-08-29,高雄市,SE6 青蔥 粉蔥 ,124.6,101.3,72.8,100.3,-17.45,550.0,121.77,8,2,2017,0
2017-08-30,高雄市,SE6 青蔥 粉蔥 ,116.6,98.2,78.5,97.9,-2.39,768.0,39.64,8,3,2017,0
2017-08-31,高雄市,SE6 青蔥 粉蔥 ,108.4,96.3,73.9,94.2,-3.78,350.0,-54.43,8,4,2017,0
2017-09-01,高雄市,SE6 青蔥 粉蔥 ,135.0,112.0,60.0,106.2,12.74,100.0,-71.43,9,5,2017,0
2017-09-02,高雄市,SE6 青蔥 粉蔥 ,130.0,124.0,81.2,116.7,9.89,228.0,128.0,9,6,2017,0
2017-09-03,高雄市,SE6 青蔥 粉蔥 ,131.3,107.1,80.0,106.5,-8.74,238.0,4.39,9,7,2017,0
2017-09-04,高雄市,SE6 青蔥 粉蔥 ,140.0,95.4,87.4,102.7,-3.57,217.0,-8.82,9,1,2017,0
2017-09-05,高雄市,SE6 青蔥 粉蔥 ,130.0,109.9,59.7,103.9,1.17,326.0,50.23,9,2,2017,0
2017-09-06,高雄市,SE6 青蔥 粉蔥 ,,,,,,,,9,3,2017,1
2017-09-07,高雄市,SE6 青蔥 粉蔥 ,,,,,,,,9,4,2017,1
2017-09-08,高雄市,SE6 青蔥 粉蔥 ,146.5,108.9,95.0,113.7,9.43,400.0,22.7,9,5,2017,0
2017-09-09,高雄市,SE6 青蔥 粉蔥 ,131.9,102.5,64.7,100.8,-11.35,457.0,14.25,9,6,2017,0
2017-09-10,高雄市,SE6 青蔥 粉蔥 ,146.3,129.8,115.7,130.3,29.27,234.0,-48.8,9,7,2017,0
2017-09-11,高雄市,SE6 青蔥 粉蔥 ,,,,,,,,9,1,2017,1
2017-09-12,高雄市,SE6 青蔥 粉蔥 ,150.1,115.8,53.9,110.3,-15.35,808.0,245.3,9,2,2017,0
2017-09-13,高雄市,SE6 青蔥 粉蔥 ,123.9,106.9,69.3,102.8,-6.8,640.0,-20.79,9,3,2017,0
2017-09-14,高雄市,SE6 青蔥 粉蔥 ,125.8,101.4,63.8,98.7,-3.99,601.0,-6.09,9,4,2017,0
2017-09-15,高雄市,SE6 青蔥 粉蔥 ,124.0,112.8,78.9,108.3,9.73,293.0,-51.25,9,5,2017,0
2017-09-16,高雄市,SE6 青蔥 粉蔥 ,116.0,105.3,71.4,100.6,-7.11,602.0,105.46,9,6,2017,0
2017-09-17,高雄市,SE6 青蔥 粉蔥 ,112.3,97.8,73.6,95.9,-4.67,631.0,4.82,9,7,2017,0
2017-09-18,高雄市,SE6 青蔥 粉蔥 ,,,,,,,,9,1,2017,1
2017-09-19,高雄市,SE6 青蔥 粉蔥 ,111.0,93.8,47.6,88.0,-8.24,649.0,2.85,9,2,2017,0
2017-09-20,高雄市,SE6 青蔥 粉蔥 ,117.2,97.2,46.2,91.0,3.41,554.0,-14.64,9,3,2017,0
2017-09-21,高雄市,SE6 青蔥 粉蔥 ,120.0,103.3,51.9,96.4,5.93,421.0,-24.01,9,4,2017,0
2017-09-22,高雄市,SE6 青蔥 粉蔥 ,115.0,101.9,35.5,91.2,-5.39,438.0,4.04,9,5,2017,0
2017-09-23,高雄市,SE6 青蔥 粉蔥 ,122.0,111.1,92.5,109.6,20.18,368.0,-15.98,9,6,2017,0
2017-09-24,高雄市,SE6 青蔥 粉蔥 ,131.0,107.2,47.2,99.9,-8.85,653.0,77.45,9,7,2017,0
2017-09-25,高雄市,SE6 青蔥 粉蔥 ,,,,,,,,9,1,2017,1
2017-09-26,高雄市,SE6 青蔥 粉蔥 ,123.2,112.0,98.7,111.6,11.71,571.0,-12.56,9,2,2017,0
2017-09-27,高雄市,SE6 青蔥 粉蔥 ,112.1,102.0,90.4,101.7,-8.87,1014.0,77.58,9,3,2017,0
2017-09-28,高雄市,SE6 青蔥 粉蔥 ,85.3,72.0,58.8,72.0,-29.2,1602.0,57.99,9,4,2017,0
2017-09-29,高雄市,SE6 青蔥 粉蔥 ,76.6,68.9,50.3,66.7,-7.36,1040.0,-35.08,9,5,2017,0
2017-09-30,高雄市,SE6 青蔥 粉蔥 ,78.4,64.0,44.5,63.0,-5.55,1168.0,12.31,9,6,2017,0
2017-10-01,高雄市,SE6 青蔥 粉蔥 ,75.9,59.3,32.0,57.1,-9.37,1503.0,28.68,10,7,2017,0
2017-10-02,高雄市,SE6 青蔥 粉蔥 ,,,,,,,,10,1,2017,1
2017-10-03,高雄市,SE6 青蔥 粉蔥 ,80.3,57.8,41.7,59.0,3.33,2079.0,38.32,10,2,2017,0
2017-10-04,高雄市,SE6 青蔥 粉蔥 ,77.9,49.7,25.5,50.5,-14.41,1929.0,-7.22,10,3,2017,0
2017-10-05,高雄市,SE6 青蔥 粉蔥 ,,,,,,,,10,4,2017,1
2017-10-06,高雄市,SE6 青蔥 粉蔥 ,,,,,,,,10,5,2017,1
2017-10-07,高雄市,SE6 青蔥 粉蔥 ,94.2,61.0,41.0,63.7,26.14,1070.0,-44.53,10,6,2017,0
2017-10-08,高雄市,SE6 青蔥 粉蔥 ,99.7,82.8,22.6,74.1,16.33,953.0,-10.93,10,7,2017,0
2017-10-09,高雄市,SE6 青蔥 粉蔥 ,,,,,,,,10,1,2017,1
2017-10-10,高雄市,SE6 青蔥 粉蔥 ,101.2,86.9,66.2,85.6,15.52,908.0,-4.72,10,2,2017,0
2017-10-11,高雄市,SE6 青蔥 粉蔥 ,101.1,90.7,58.2,86.3,0.82,781.0,-13.99,10,3,2017,0
2017-10-12,高雄市,SE6 青蔥 粉蔥 ,94.1,78.8,45.2,75.1,-12.98,982.0,25.74,10,4,2017,0
2017-10-13,高雄市,SE6 青蔥 粉蔥 ,85.3,64.6,41.2,64.0,-14.78,1690.0,72.1,10,5,2017,0
2017-10-14,高雄市,SE6 青蔥 粉蔥 ,77.1,58.8,45.6,59.8,-6.56,2031.0,20.18,10,6,2017,0
2017-10-15,高雄市,SE6 青蔥 粉蔥 ,73.5,50.4,31.7,51.2,-14.38,1157.0,-43.03,10,7,2017,0
2017-10-16,高雄市,SE6 青蔥 粉蔥 ,,,,,,,,10,1,2017,1
2017-10-17,高雄市,SE6 青蔥 粉蔥 ,100.0,88.8,62.2,85.7,67.38,272.0,-76.49,10,2,2017,0
2017-10-18,高雄市,SE6 青蔥 粉蔥 ,110.1,71.9,48.2,74.8,-12.72,266.0,-2.21,10,3,2017,0
2017-10-19,高雄市,SE6 青蔥 粉蔥 ,102.8,72.0,57.5,75.3,0.67,642.0,141.35,10,4,2017,0
2017-10-20,高雄市,SE6 青蔥 粉蔥 ,97.9,76.2,70.0,79.3,5.31,1109.0,72.74,10,5,2017,0
2017-10-21,高雄市,SE6 青蔥 粉蔥 ,92.3,66.9,54.2,69.5,-12.36,967.0,-12.8,10,6,2017,0
2017-10-22,高雄市,SE6 青蔥 粉蔥 ,94.6,79.5,71.8,81.0,16.55,625.0,-35.37,10,7,2017,0
2017-10-23,高雄市,SE6 青蔥 粉蔥 ,,,,,,,,10,1,2017,1
2017-10-24,高雄市,SE6 青蔥 粉蔥 ,91.4,75.4,68.6,77.3,-4.57,563.0,-9.92,10,2,2017,0
2017-10-25,高雄市,SE6 青蔥 粉蔥 ,92.0,74.5,63.0,75.7,-2.07,615.0,9.24,10,3,2017,0
2017-10-26,高雄市,SE6 青蔥 粉蔥 ,103.4,79.2,56.8,79.6,5.15,819.0,33.17,10,4,2017,0
2017-10-27,高雄市,SE6 青蔥 粉蔥 ,105.0,83.0,69.4,84.7,6.41,646.0,-21.12,10,5,2017,0
2017-10-28,高雄市,SE6 青蔥 粉蔥 ,104.2,79.9,64.6,81.7,-3.54,575.0,-10.99,10,6,2017,0
2017-10-29,高雄市,SE6 青蔥 粉蔥 ,126.0,94.0,80.0,97.6,19.46,150.0,-73.91,10,7,2017,0
2017-10-30,高雄市,SE6 青蔥 粉蔥 ,,,,,,,,10,1,2017,1
2017-10-31,高雄市,SE6 青蔥 粉蔥 ,119.0,97.9,76.3,97.8,0.2,448.0,198.67,10,2,2017,0
2017-11-01,高雄市,SE6 青蔥 粉蔥 ,104.9,78.7,62.6,80.7,-17.48,766.0,70.98,11,3,2017,0
2017-11-02,高雄市,SE6 青蔥 粉蔥 ,96.3,76.6,50.7,75.3,-6.69,620.0,-19.06,11,4,2017,0
2017-11-03,高雄市,SE6 青蔥 粉蔥 ,91.4,73.1,60.8,74.3,-1.33,729.0,17.58,11,5,2017,0
2017-11-04,高雄市,SE6 青蔥 粉蔥 ,92.6,73.6,61.3,74.9,0.81,849.0,16.46,11,6,2017,0
2017-11-05,高雄市,SE6 青蔥 粉蔥 ,89.7,66.3,47.3,67.2,-10.28,1216.0,43.23,11,7,2017,0
2017-11-06,高雄市,SE6 青蔥 粉蔥 ,,,,,,,,11,1,2017,1
2017-11-07,高雄市,SE6 青蔥 粉蔥 ,85.2,69.5,46.0,68.0,1.19,829.0,-31.83,11,2,2017,0
2017-11-08,高雄市,SE6 青蔥 粉蔥 ,71.9,63.5,39.9,60.4,-11.18,966.0,16.53,11,3,2017,0
2017-11-09,高雄市,SE6 青蔥 粉蔥 ,74.3,53.6,30.8,53.2,-11.92,649.0,-32.82,11,4,2017,0
2017-11-10,高雄市,SE6 青蔥 粉蔥 ,75.6,58.1,34.0,56.8,6.77,824.0,26.96,11,5,2017,0
2017-11-11,高雄市,SE6 青蔥 粉蔥 ,73.3,47.5,25.0,48.1,-15.32,1370.0,66.26,11,6,2017,0
2017-11-12,高雄市,SE6 青蔥 粉蔥 ,77.7,51.0,30.4,52.2,8.52,1366.0,-0.29,11,7,2017,0
2017-11-13,高雄市,SE6 青蔥 粉蔥 ,,,,,,,,11,1,2017,1
2017-11-14,高雄市,SE6 青蔥 粉蔥 ,60.3,35.9,24.6,38.5,-26.25,2215.0,62.15,11,2,2017,0
2017-11-15,高雄市,SE6 青蔥 粉蔥 ,56.0,34.1,20.9,35.8,-7.01,1398.0,-36.88,11,3,2017,0
2017-11-16,高雄市,SE6 青蔥 粉蔥 ,53.8,34.2,15.0,34.3,-4.19,1202.0,-14.02,11,4,2017,0
2017-11-17,高雄市,SE6 青蔥 粉蔥 ,56.7,34.2,18.5,35.6,3.79,1159.0,-3.58,11,5,2017,0
2017-11-18,高雄市,SE6 青蔥 粉蔥 ,55.6,32.6,16.6,34.0,-4.49,1487.0,28.3,11,6,2017,0
2017-11-19,高雄市,SE6 青蔥 粉蔥 ,52.7,38.7,22.6,38.3,12.65,1975.0,32.82,11,7,2017,0
2017-11-20,高雄市,SE6 青蔥 粉蔥 ,,,,,,,,11,1,2017,1
2017-11-21,高雄市,SE6 青蔥 粉蔥 ,57.8,35.6,24.5,37.8,-1.31,2337.0,18.33,11,2,2017,0
2017-11-22,高雄市,SE6 青蔥 粉蔥 ,51.8,36.9,26.8,37.8,0.0,1440.0,-38.38,11,3,2017,0
2017-11-23,高雄市,SE6 青蔥 粉蔥 ,56.4,36.1,22.3,37.4,-1.06,1654.0,14.86,11,4,2017,0
2017-11-24,高雄市,SE6 青蔥 粉蔥 ,47.6,32.2,21.9,33.2,-11.23,1834.0,10.88,11,5,2017,0
2017-11-25,高雄市,SE6 青蔥 粉蔥 ,47.3,34.7,24.0,35.1,5.72,1683.0,-8.23,11,6,2017,0
2017-11-26,高雄市,SE6 青蔥 粉蔥 ,39.0,26.3,19.4,27.5,-21.65,1839.0,9.27,11,7,2017,0
2017-11-27,高雄市,SE6 青蔥 粉蔥 ,,,,,,,,11,1,2017,1
2017-11-28,高雄市,SE6 青蔥 粉蔥 ,45.4,33.6,22.6,33.8,22.91,1547.0,-15.88,11,2,2017,0
2017-11-29,高雄市,SE6 青蔥 粉蔥 ,43.3,28.8,19.9,29.9,-11.54,1960.0,26.7,11,3,2017,0
2017-11-30,高雄市,SE6 青蔥 粉蔥 ,37.7,21.7,11.1,22.8,-23.75,2796.0,42.65,11,4,2017,0
2017-12-01,高雄市,SE6 青蔥 粉蔥 ,33.7,21.9,12.9,22.4,-1.75,2375.0,-15.06,12,5,2017,0
2017-12-02,高雄市,SE6 青蔥 粉蔥 ,31.8,23.4,15.0,23.4,4.46,1658.0,-30.19,12,6,2017,0
2017-12-03,高雄市,SE6 青蔥 粉蔥 ,36.3,29.2,23.3,29.4,25.64,1315.0,-20.69,12,7,2017,0
2017-12-04,高雄市,SE6 青蔥 粉蔥 ,,,,,,,,12,1,2017,1
2017-12-05,高雄市,SE6 青蔥 粉蔥 ,40.3,33.7,24.9,33.3,13.27,1865.0,41.83,12,2,2017,0
2017-12-06,高雄市,SE6 青蔥 粉蔥 ,35.2,29.6,21.1,29.0,-12.91,2033.0,9.01,12,3,2017,0
2017-12-07,高雄市,SE6 青蔥 粉蔥 ,35.1,25.6,18.3,26.0,-10.34,1957.0,-3.74,12,4,2017,0
2017-12-08,高雄市,SE6 青蔥 粉蔥 ,32.3,23.4,17.2,24.0,-7.69,2545.0,30.05,12,5,2017,0
2017-12-09,高雄市,SE6 青蔥 粉蔥 ,36.6,23.8,14.2,24.4,1.67,2394.0,-5.93,12,6,2017,0
2017-12-10,高雄市,SE6 青蔥 粉蔥 ,29.9,22.1,15.1,22.3,-8.61,2569.0,7.31,12,7,2017,0
2017-12-11,高雄市,SE6 青蔥 粉蔥 ,,,,,,,,12,1,2017,1
2017-12-12,高雄市,SE6 青蔥 粉蔥 ,31.7,25.4,17.9,25.1,12.56,2026.0,-21.14,12,2,2017,0
2017-12-13,高雄市,SE6 青蔥 粉蔥 ,33.9,28.5,22.0,28.3,12.75,1317.0,-35.0,12,3,2017,0
2017-12-14,高雄市,SE6 青蔥 粉蔥 ,31.2,23.9,19.5,24.5,-13.43,2031.0,54.21,12,4,2017,0
2017-12-15,高雄市,SE6 青蔥 粉蔥 ,33.7,25.1,18.4,25.5,4.08,2408.0,18.56,12,5,2017,0
2017-12-16,高雄市,SE6 青蔥 粉蔥 ,30.6,22.6,18.6,23.4,-8.24,2606.0,8.22,12,6,2017,0
2017-12-17,高雄市,SE6 青蔥 粉蔥 ,28.3,21.7,13.7,21.4,-8.55,2223.0,-14.7,12,7,2017,0
2017-12-18,高雄市,SE6 青蔥 粉蔥 ,,,,,,,,12,1,2017,1
2017-12-19,高雄市,SE6 青蔥 粉蔥 ,30.8,22.4,17.5,23.1,7.94,2420.0,8.86,12,2,2017,0
2017-12-20,高雄市,SE6 青蔥 粉蔥 ,32.8,20.5,12.2,21.3,-7.79,2365.0,-2.27,12,3,2017,0
2017-12-21,高雄市,SE6 青蔥 粉蔥 ,28.4,18.4,13.8,19.5,-8.45,2264.0,-4.27,12,4,2017,0
2017-12-22,高雄市,SE6 青蔥 粉蔥 ,25.3,19.2,13.6,19.3,-1.03,1566.0,-30.83,12,5,2017,0
2017-12-23,高雄市,SE6 青蔥 粉蔥 ,27.0,21.4,14.4,21.1,9.33,1539.0,-1.72,12,6,2017,0
2017-12-24,高雄市,SE6 青蔥 粉蔥 ,29.9,20.9,11.3,20.8,-1.42,1698.0,10.33,12,7,2017,0
2017-12-25,高雄市,SE6 青蔥 粉蔥 ,,,,,,,,12,1,2017,1
2017-12-26,高雄市,SE6 青蔥 粉蔥 ,26.8,20.5,14.9,20.6,-0.96,1857.0,9.36,12,2,2017,0
2017-12-27,高雄市,SE6 青蔥 粉蔥 ,25.3,20.4,12.0,19.7,-4.37,1650.0,-11.15,12,3,2017,0
2017-12-28,高雄市,SE6 青蔥 粉蔥 ,32.6,20.2,13.2,21.3,8.12,1558.0,-5.58,12,4,2017,0
2017-12-29,高雄市,SE6 青蔥 粉蔥 ,28.4,17.2,10.7,18.2,-14.55,2117.0,35.88,12,5,2017,0
2017-12-30,高雄市,SE6 青蔥 粉蔥 ,25.8,16.0,10.6,16.9,-7.14,2249.0,6.24,12,6,2017,0
2017-12-31,高雄市,SE6 青蔥 粉蔥 ,24.7,16.3,10.5,16.8,-0.59,2643.0,17.52,12,7,2017,0
2018-01-01,高雄市,SE6 青蔥 粉蔥 ,,,,,,,,1,1,2018,1
2018-01-02,高雄市,SE6 青蔥 粉蔥 ,28.3,19.1,11.5,19.5,16.07,2033.0,-23.08,1,2,2018,0
2018-01-03,高雄市,SE6 青蔥 粉蔥 ,24.9,14.1,7.0,14.8,-24.1,2324.0,14.31,1,3,2018,0
2018-01-04,高雄市,SE6 青蔥 粉蔥 ,22.8,15.9,8.0,15.7,6.08,2043.0,-12.09,1,4,2018,0
2018-01-05,高雄市,SE6 青蔥 粉蔥 ,26.8,21.6,13.5,21.0,33.76,1454.0,-28.83,1,5,2018,0
2018-01-06,高雄市,SE6 青蔥 粉蔥 ,25.5,19.3,11.9,19.1,-9.05,2170.0,49.24,1,6,2018,0
2018-01-07,高雄市,SE6 青蔥 粉蔥 ,26.7,21.3,9.8,20.1,5.24,2124.0,-2.12,1,7,2018,0
2018-01-08,高雄市,SE6 青蔥 粉蔥 ,,,,,,,,1,1,2018,1
2018-01-09,高雄市,SE6 青蔥 粉蔥 ,32.6,23.6,11.3,22.9,13.93,1473.0,-30.65,1,2,2018,0
2018-01-10,高雄市,SE6 青蔥 粉蔥 ,38.3,30.9,19.9,30.2,31.88,725.0,-50.78,1,3,2018,0
2018-01-11,高雄市,SE6 青蔥 粉蔥 ,38.5,32.6,22.9,31.8,5.3,1073.0,48.0,1,4,2018,0
2018-01-12,高雄市,SE6 青蔥 粉蔥 ,39.4,34.2,20.9,32.6,2.52,1329.0,23.86,1,5,2018,0
2018-01-13,高雄市,SE6 青蔥 粉蔥 ,39.5,34.2,24.0,33.2,1.84,1168.0,-12.11,1,6,2018,0
2018-01-14,高雄市,SE6 青蔥 粉蔥 ,43.8,34.9,25.7,34.8,4.82,1479.0,26.63,1,7,2018,0
2018-01-15,高雄市,SE6 青蔥 粉蔥 ,,,,,,,,1,1,2018,1
2018-01-16,高雄市,SE6 青蔥 粉蔥 ,32.7,26.1,15.2,25.2,-27.59,2504.0,69.3,1,2,2018,0
2018-01-17,高雄市,SE6 青蔥 粉蔥 ,29.2,20.9,11.5,20.7,-17.86,2080.0,-16.93,1,3,2018,0
2018-01-18,高雄市,SE6 青蔥 粉蔥 ,25.5,17.5,10.8,17.8,-14.01,1681.0,-19.18,1,4,2018,0
2018-01-19,高雄市,SE6 青蔥 粉蔥 ,27.4,20.1,9.8,19.5,9.55,1493.0,-11.18,1,5,2018,0
2018-01-20,高雄市,SE6 青蔥 粉蔥 ,23.9,18.4,8.1,17.5,-10.26,1938.0,29.81,1,6,2018,0
2018-01-21,高雄市,SE6 青蔥 粉蔥 ,26.6,16.5,6.6,16.5,-5.71,1750.0,-9.7,1,7,2018,0
2018-01-22,高雄市,SE6 青蔥 粉蔥 ,,,,,,,,1,1,2018,1
2018-01-23,高雄市,SE6 青蔥 粉蔥 ,24.4,19.0,13.1,18.9,14.55,1559.0,-10.91,1,2,2018,0
2018-01-24,高雄市,SE6 青蔥 粉蔥 ,24.5,18.5,9.8,17.9,-5.29,1156.0,-25.85,1,3,2018,0
2018-01-25,高雄市,SE6 青蔥 粉蔥 ,29.5,24.9,18.2,24.5,36.87,1075.0,-7.01,1,4,2018,0
2018-01-26,高雄市,SE6 青蔥 粉蔥 ,27.6,22.2,15.9,22.0,-10.2,1317.0,22.51,1,5,2018,0
2018-01-27,高雄市,SE6 青蔥 粉蔥 ,30.9,25.1,16.4,24.5,11.36,1495.0,13.52,1,6,2018,0
2018-01-28,高雄市,SE6 青蔥 粉蔥 ,29.6,25.0,16.8,24.3,-0.82,1621.0,8.43,1,7,2018,0
2018-01-29,高雄市,SE6 青蔥 粉蔥 ,,,,,,,,1,1,2018,1
2018-01-30,高雄市,SE6 青蔥 粉蔥 ,30.1,23.8,14.4,23.2,-4.53,2330.0,43.74,1,2,2018,0
2018-01-31,高雄市,SE6 青蔥 粉蔥 ,27.9,22.5,15.5,22.1,-4.74,1925.0,-17.38,1,3,2018,0
2018-02-01,高雄市,SE6 青蔥 粉蔥 ,24.3,17.6,12.0,17.8,-19.46,1814.0,-5.77,2,4,2018,0
2018-02-02,高雄市,SE6 青蔥 粉蔥 ,25.9,21.2,14.0,20.7,16.29,1369.0,-24.53,2,5,2018,0
2018-02-03,高雄市,SE6 青蔥 粉蔥 ,26.4,21.4,14.4,21.0,1.45,1573.0,14.9,2,6,2018,0
2018-02-04,高雄市,SE6 青蔥 粉蔥 ,27.0,21.5,17.8,21.9,4.29,1941.0,23.39,2,7,2018,0
2018-02-05,高雄市,SE6 青蔥 粉蔥 ,,,,,,,,2,1,2018,1
2018-02-06,高雄市,SE6 青蔥 粉蔥 ,27.7,20.9,14.4,20.9,-4.57,2123.0,9.38,2,2,2018,0
2018-02-07,高雄市,SE6 青蔥 粉蔥 ,26.1,23.5,19.4,23.2,11.0,1697.0,-20.07,2,3,2018,0
2018-02-08,高雄市,SE6 青蔥 粉蔥 ,29.2,24.4,19.7,24.4,5.17,1202.0,-29.17,2,4,2018,0
2018-02-09,高雄市,SE6 青蔥 粉蔥 ,32.0,26.9,21.2,26.8,9.84,1123.0,-6.57,2,5,2018,0
2018-02-10,高雄市,SE6 青蔥 粉蔥 ,29.2,23.0,18.5,23.4,-12.69,1716.0,52.8,2,6,2018,0
2018-02-11,高雄市,SE6 青蔥 粉蔥 ,27.2,21.9,18.0,22.2,-5.13,1559.0,-9.15,2,7,2018,0
2018-02-12,高雄市,SE6 青蔥 粉蔥 ,26.7,21.4,17.1,21.6,-2.7,1946.0,24.82,2,1,2018,0
2018-02-13,高雄市,SE6 青蔥 粉蔥 ,25.8,17.2,8.6,17.2,-20.37,3047.0,56.58,2,2,2018,0
2018-02-14,高雄市,SE6 青蔥 粉蔥 ,27.8,21.9,16.1,21.9,27.33,2180.0,-28.45,2,3,2018,0
2018-02-15,高雄市,SE6 青蔥 粉蔥 ,23.5,14.5,7.5,14.9,-31.96,1474.0,-32.39,2,4,2018,0
2018-02-16,高雄市,SE6 青蔥 粉蔥 ,,,,,,,,2,5,2018,1
2018-02-17,高雄市,SE6 青蔥 粉蔥 ,,,,,,,,2,6,2018,1
2018-02-18,高雄市,SE6 青蔥 粉蔥 ,,,,,,,,2,7,2018,1
2018-02-19,高雄市,SE6 青蔥 粉蔥 ,,,,,,,,2,1,2018,1
2018-02-20,高雄市,SE6 青蔥 粉蔥 ,,,,,,,,2,2,2018,1
2018-02-21,高雄市,SE6 青蔥 粉蔥 ,33.5,28.4,24.3,28.6,91.95,953.0,-35.35,2,3,2018,0
2018-02-22,高雄市,SE6 青蔥 粉蔥 ,30.8,27.2,19.0,26.3,-8.04,1146.0,20.25,2,4,2018,0
2018-02-23,高雄市,SE6 青蔥 粉蔥 ,29.8,24.2,17.8,24.0,-8.75,1866.0,62.83,2,5,2018,0
2018-02-24,高雄市,SE6 青蔥 粉蔥 ,25.0,19.8,10.8,19.0,-20.83,490.0,-73.74,2,6,2018,0
2018-02-25,高雄市,SE6 青蔥 粉蔥 ,24.3,22.2,22.0,22.6,18.95,400.0,-18.37,2,7,2018,0
2018-02-26,高雄市,SE6 青蔥 粉蔥 ,,,,,,,,2,1,2018,1
2018-02-27,高雄市,SE6 青蔥 粉蔥 ,25.7,21.4,11.9,20.3,-10.18,2124.0,431.0,2,2,2018,0
2018-02-28,高雄市,SE6 青蔥 粉蔥 ,20.6,15.9,12.2,16.1,-20.69,1811.0,-14.74,2,3,2018,0
2018-03-01,高雄市,SE6 青蔥 粉蔥 ,19.4,13.6,7.3,13.5,-16.15,1859.0,2.65,3,4,2018,0
2018-03-02,高雄市,SE6 青蔥 粉蔥 ,17.9,13.4,10.1,13.6,0.74,1330.0,-28.46,3,5,2018,0
2018-03-03,高雄市,SE6 青蔥 粉蔥 ,18.6,11.8,8.4,12.5,-8.09,1107.0,-16.77,3,6,2018,0
2018-03-04,高雄市,SE6 青蔥 粉蔥 ,28.6,21.3,10.2,20.6,64.8,1314.0,18.7,3,7,2018,0
2018-03-05,高雄市,SE6 青蔥 粉蔥 ,,,,,,,,3,1,2018,1
2018-03-06,高雄市,SE6 青蔥 粉蔥 ,,,,,,,,3,2,2018,1
2018-03-07,高雄市,SE6 青蔥 粉蔥 ,,,,,,,,3,3,2018,1
2018-03-08,高雄市,SE6 青蔥 粉蔥 ,22.9,16.3,10.5,16.4,-20.39,1906.0,45.05,3,4,2018,0
2018-03-09,高雄市,SE6 青蔥 粉蔥 ,24.2,16.3,11.5,16.9,3.05,1012.0,-46.9,3,5,2018,0
2018-03-10,高雄市,SE6 青蔥 粉蔥 ,25.7,22.1,15.1,21.4,26.63,1074.0,6.13,3,6,2018,0
2018-03-11,高雄市,SE6 青蔥 粉蔥 ,27.2,22.4,16.5,22.2,3.74,1266.0,17.88,3,7,2018,0
2018-03-12,高雄市,SE6 青蔥 粉蔥 ,,,,,,,,3,1,2018,1
2018-03-13,高雄市,SE6 青蔥 粉蔥 ,24.2,19.2,12.5,18.9,-14.86,925.0,-26.94,3,2,2018,0
2018-03-14,高雄市,SE6 青蔥 粉蔥 ,30.4,27.1,19.1,26.2,38.62,650.0,-29.73,3,3,2018,0
2018-03-15,高雄市,SE6 青蔥 粉蔥 ,29.0,25.3,21.2,25.2,-3.82,1206.0,85.54,3,4,2018,0
2018-03-16,高雄市,SE6 青蔥 粉蔥 ,27.5,22.4,17.6,22.5,-10.71,1461.0,21.14,3,5,2018,0
2018-03-17,高雄市,SE6 青蔥 粉蔥 ,26.9,21.9,15.1,21.5,-4.44,1125.0,-23.0,3,6,2018,0
2018-03-18,高雄市,SE6 青蔥 粉蔥 ,26.4,21.5,15.0,21.2,-1.4,1313.0,16.71,3,7,2018,0
2018-03-19,高雄市,SE6 青蔥 粉蔥 ,,,,,,,,3,1,2018,1
2018-03-20,高雄市,SE6 青蔥 粉蔥 ,29.2,23.0,16.0,22.8,7.55,1190.0,-9.37,3,2,2018,0
2018-03-21,高雄市,SE6 青蔥 粉蔥 ,25.9,20.9,13.2,20.3,-10.96,1199.0,0.76,3,3,2018,0
2018-03-22,高雄市,SE6 青蔥 粉蔥 ,24.0,18.3,12.6,18.3,-9.85,1474.0,22.94,3,4,2018,0
2018-03-23,高雄市,SE6 青蔥 粉蔥 ,21.6,14.2,11.9,15.2,-16.94,1827.0,23.95,3,5,2018,0
2018-03-24,高雄市,SE6 青蔥 粉蔥 ,22.3,17.9,11.6,17.5,15.13,1363.0,-25.4,3,6,2018,0
2018-03-25,高雄市,SE6 青蔥 粉蔥 ,24.7,21.9,13.9,20.8,18.86,704.0,-48.35,3,7,2018,0
2018-03-26,高雄市,SE6 青蔥 粉蔥 ,,,,,,,,3,1,2018,1
2018-03-27,高雄市,SE6 青蔥 粉蔥 ,28.4,23.0,17.9,23.1,11.06,1105.0,56.96,3,2,2018,0
2018-03-28,高雄市,SE6 青蔥 粉蔥 ,24.7,20.5,14.7,20.2,-12.55,1168.0,5.7,3,3,2018,0
2018-03-29,高雄市,SE6 青蔥 粉蔥 ,25.3,20.8,16.3,20.8,2.97,1107.0,-5.22,3,4,2018,0
2018-03-30,高雄市,SE6 青蔥 粉蔥 ,23.9,17.3,12.8,17.7,-14.9,1321.0,19.33,3,5,2018,0
2018-03-31,高雄市,SE6 青蔥 粉蔥 ,22.6,17.1,12.1,17.2,-2.82,1349.0,2.12,3,6,2018,0
2018-04-01,高雄市,SE6 青蔥 粉蔥 ,21.5,17.1,7.4,16.0,-6.98,1582.0,17.27,4,7,2018,0
2018-04-02,高雄市,SE6 青蔥 粉蔥 ,,,,,,,,4,1,2018,1
2018-04-03,高雄市,SE6 青蔥 粉蔥 ,21.0,16.8,11.2,16.5,3.12,1184.0,-25.16,4,2,2018,0
2018-04-04,高雄市,SE6 青蔥 粉蔥 ,30.0,23.9,12.5,22.8,38.18,958.0,-19.09,4,3,2018,0
2018-04-05,高雄市,SE6 青蔥 粉蔥 ,,,,,,,,4,4,2018,1
2018-04-06,高雄市,SE6 青蔥 粉蔥 ,,,,,,,,4,5,2018,1
2018-04-07,高雄市,SE6 青蔥 粉蔥 ,28.9,26.5,18.6,25.4,11.4,1044.0,8.98,4,6,2018,0
2018-04-08,高雄市,SE6 青蔥 粉蔥 ,30.0,29.2,25.0,28.5,12.2,472.0,-54.79,4,7,2018,0
2018-04-09,高雄市,SE6 青蔥 粉蔥 ,,,,,,,,4,1,2018,1
2018-04-10,高雄市,SE6 青蔥 粉蔥 ,29.1,25.1,15.0,23.9,-16.14,996.0,111.02,4,2,2018,0
2018-04-11,高雄市,SE6 青蔥 粉蔥 ,27.2,22.5,15.8,22.1,-7.53,776.0,-22.09,4,3,2018,0
2018-04-12,高雄市,SE6 青蔥 粉蔥 ,28.7,20.9,13.3,20.9,-5.43,885.0,14.05,4,4,2018,0
2018-04-13,高雄市,SE6 青蔥 粉蔥 ,28.0,21.9,14.3,21.6,3.35,814.0,-8.02,4,5,2018,0
2018-04-14,高雄市,SE6 青蔥 粉蔥 ,26.8,24.2,15.7,23.0,6.48,743.0,-8.72,4,6,2018,0
2018-04-15,高雄市,SE6 青蔥 粉蔥 ,25.3,18.9,10.1,18.4,-20.0,1341.0,80.48,4,7,2018,0
2018-04-16,高雄市,SE6 青蔥 粉蔥 ,,,,,,,,4,1,2018,1
2018-04-17,高雄市,SE6 青蔥 粉蔥 ,26.1,21.7,12.7,20.8,13.04,687.0,-48.77,4,2,2018,0
2018-04-18,高雄市,SE6 青蔥 粉蔥 ,30.0,27.9,17.8,26.3,26.44,437.0,-36.39,4,3,2018,0
2018-04-19,高雄市,SE6 青蔥 粉蔥 ,25.3,23.4,17.2,22.6,-14.07,928.0,112.36,4,4,2018,0
2018-04-20,高雄市,SE6 青蔥 粉蔥 ,25.2,20.7,14.3,20.3,-10.18,1104.0,18.97,4,5,2018,0
2018-04-21,高雄市,SE6 青蔥 粉蔥 ,24.1,19.7,11.2,18.9,-6.9,787.0,-28.71,4,6,2018,0
2018-04-22,高雄市,SE6 青蔥 粉蔥 ,24.7,19.8,10.0,18.8,-0.53,916.0,16.39,4,7,2018,0
2018-04-23,高雄市,SE6 青蔥 粉蔥 ,,,,,,,,4,1,2018,1
2018-04-24,高雄市,SE6 青蔥 粉蔥 ,24.6,19.6,15.8,19.9,5.85,825.0,-9.93,4,2,2018,0
2018-04-25,高雄市,SE6 青蔥 粉蔥 ,29.5,25.0,18.0,24.5,23.12,530.0,-35.76,4,3,2018,0
2018-04-26,高雄市,SE6 青蔥 粉蔥 ,22.4,18.9,13.2,18.5,-24.49,811.0,53.02,4,4,2018,0
2018-04-27,高雄市,SE6 青蔥 粉蔥 ,22.9,19.6,11.8,18.7,1.08,848.0,4.56,4,5,2018,0
2018-04-28,高雄市,SE6 青蔥 粉蔥 ,27.9,20.7,14.3,20.9,11.76,887.0,4.6,4,6,2018,0
2018-04-29,高雄市,SE6 青蔥 粉蔥 ,28.7,25.1,20.1,24.8,18.66,962.0,8.46,4,7,2018,0
2018-04-30,高雄市,SE6 青蔥 粉蔥 ,,,,,,,,4,1,2018,1
2018-05-01,高雄市,SE6 青蔥 粉蔥 ,29.5,22.7,16.6,22.8,-8.06,849.0,-11.75,5,2,2018,0
2018-05-02,高雄市,SE6 青蔥 粉蔥 ,29.8,21.9,14.0,21.9,-3.95,755.0,-11.07,5,3,2018,0
2018-05-03,高雄市,SE6 青蔥 粉蔥 ,30.7,19.9,14.1,20.9,-4.57,737.0,-2.38,5,4,2018,0
2018-05-04,高雄市,SE6 青蔥 粉蔥 ,30.0,24.7,15.4,23.9,14.35,731.0,-0.81,5,5,2018,0
2018-05-05,高雄市,SE6 青蔥 粉蔥 ,23.3,21.1,18.1,20.9,-12.55,310.0,-57.59,5,6,2018,0
2018-05-06,高雄市,SE6 青蔥 粉蔥 ,30.3,25.3,13.3,23.9,14.35,666.0,114.84,5,7,2018,0
2018-05-07,高雄市,SE6 青蔥 粉蔥 ,,,,,,,,5,1,2018,1
2018-05-08,高雄市,SE6 青蔥 粉蔥 ,25.0,23.6,15.6,22.3,-6.69,752.0,12.91,5,2,2018,0
2018-05-09,高雄市,SE6 青蔥 粉蔥 ,37.0,36.2,25.6,34.2,53.36,352.0,-53.19,5,3,2018,0
2018-05-10,高雄市,SE6 青蔥 粉蔥 ,35.0,33.9,15.7,30.5,-10.82,515.0,46.31,5,4,2018,0
2018-05-11,高雄市,SE6 青蔥 粉蔥 ,35.0,30.3,19.1,29.0,-4.92,694.0,34.76,5,5,2018,0
2018-05-12,高雄市,SE6 青蔥 粉蔥 ,32.0,30.0,22.3,28.8,-0.69,557.0,-19.74,5,6,2018,0
2018-05-13,高雄市,SE6 青蔥 粉蔥 ,32.0,28.8,16.6,27.0,-6.25,597.0,7.18,5,7,2018,0
2018-05-14,高雄市,SE6 青蔥 粉蔥 ,,,,,,,,5,1,2018,1
2018-05-15,高雄市,SE6 青蔥 粉蔥 ,33.5,28.3,15.6,26.8,-0.74,719.0,20.44,5,2,2018,0
2018-05-16,高雄市,SE6 青蔥 粉蔥 ,34.0,24.4,11.5,23.7,-11.57,786.0,9.32,5,3,2018,0
2018-05-17,高雄市,SE6 青蔥 粉蔥 ,30.3,27.8,16.5,26.0,9.7,639.0,-18.7,5,4,2018,0
2018-05-18,高雄市,SE6 青蔥 粉蔥 ,37.0,30.3,18.8,29.3,12.69,559.0,-12.52,5,5,2018,0
2018-05-19,高雄市,SE6 青蔥 粉蔥 ,32.0,24.0,18.0,24.4,-16.72,720.0,28.8,5,6,2018,0
2018-05-20,高雄市,SE6 青蔥 粉蔥 ,32.0,29.6,22.3,28.6,17.21,490.0,-31.94,5,7,2018,0
2018-05-21,高雄市,SE6 青蔥 粉蔥 ,,,,,,,,5,1,2018,1
2018-05-22,高雄市,SE6 青蔥 粉蔥 ,35.6,28.9,16.5,27.8,-2.8,425.0,-13.27,5,2,2018,0
2018-05-23,高雄市,SE6 青蔥 粉蔥 ,31.8,30.2,26.5,29.8,7.19,515.0,21.18,5,3,2018,0
2018-05-24,高雄市,SE6 青蔥 粉蔥 ,34.1,28.8,17.6,27.6,-7.38,831.0,61.36,5,4,2018,0
2018-05-25,高雄市,SE6 青蔥 粉蔥 ,31.1,27.4,14.7,25.6,-7.25,990.0,19.13,5,5,2018,0
2018-05-26,高雄市,SE6 青蔥 粉蔥 ,28.0,25.6,16.8,24.3,-5.08,746.0,-24.65,5,6,2018,0
2018-05-27,高雄市,SE6 青蔥 粉蔥 ,33.2,25.1,13.5,24.4,0.41,856.0,14.75,5,7,2018,0
2018-05-28,高雄市,SE6 青蔥 粉蔥 ,,,,,,,,5,1,2018,1
2018-05-29,高雄市,SE6 青蔥 粉蔥 ,36.0,29.5,25.8,30.0,22.95,546.0,-36.21,5,2,2018,0
2018-05-30,高雄市,SE6 青蔥 粉蔥 ,29.5,25.1,20.5,25.1,-16.33,678.0,24.18,5,3,2018,0
2018-05-31,高雄市,SE6 青蔥 粉蔥 ,30.1,23.2,19.3,23.8,-5.18,906.0,33.63,5,4,2018,0
2018-06-01,高雄市,SE6 青蔥 粉蔥 ,36.3,24.6,20.7,26.2,10.08,816.0,-9.93,6,5,2018,0
2018-06-02,高雄市,SE6 青蔥 粉蔥 ,34.7,24.4,14.7,24.5,-6.49,987.0,20.96,6,6,2018,0
2018-06-03,高雄市,SE6 青蔥 粉蔥 ,40.0,35.4,20.7,33.4,36.33,360.0,-63.53,6,7,2018,0
2018-06-04,高雄市,SE6 青蔥 粉蔥 ,,,,,,,,6,1,2018,1
2018-06-05,高雄市,SE6 青蔥 粉蔥 ,42.1,32.8,22.0,32.5,-2.69,802.0,122.78,6,2,2018,0
2018-06-06,高雄市,SE6 青蔥 粉蔥 ,37.9,33.4,26.0,32.9,1.23,617.0,-23.07,6,3,2018,0
2018-06-07,高雄市,SE6 青蔥 粉蔥 ,37.4,35.2,31.0,34.8,5.78,582.0,-5.67,6,4,2018,0
2018-06-08,高雄市,SE6 青蔥 粉蔥 ,38.3,30.7,26.8,31.4,-9.77,756.0,29.9,6,5,2018,0
2018-06-09,高雄市,SE6 青蔥 粉蔥 ,36.4,25.3,15.8,25.6,-18.47,880.0,16.4,6,6,2018,0
2018-06-10,高雄市,SE6 青蔥 粉蔥 ,38.0,31.4,30.4,32.5,26.95,352.0,-60.0,6,7,2018,0
2018-06-11,高雄市,SE6 青蔥 粉蔥 ,,,,,,,,6,1,2018,1
2018-06-12,高雄市,SE6 青蔥 粉蔥 ,38.0,37.2,36.0,37.1,14.15,314.0,-10.8,6,2,2018,0
2018-06-13,高雄市,SE6 青蔥 粉蔥 ,41.6,31.2,12.1,29.5,-20.49,545.0,73.57,6,3,2018,0
2018-06-14,高雄市,SE6 青蔥 粉蔥 ,41.9,39.5,35.0,39.1,32.54,464.0,-14.86,6,4,2018,0
2018-06-15,高雄市,SE6 青蔥 粉蔥 ,39.2,36.9,33.3,36.7,-6.14,466.0,0.43,6,5,2018,0
2018-06-16,高雄市,SE6 青蔥 粉蔥 ,35.0,32.7,27.9,32.2,-12.26,524.0,12.45,6,6,2018,0
2018-06-17,高雄市,SE6 青蔥 粉蔥 ,33.7,30.2,20.1,28.9,-10.25,699.0,33.4,6,7,2018,0
2018-06-18,高雄市,SE6 青蔥 粉蔥 ,30.0,24.7,20.0,24.8,-14.19,237.0,-66.09,6,1,2018,0
2018-06-19,高雄市,SE6 青蔥 粉蔥 ,,,,,,,,6,2,2018,1
2018-06-20,高雄市,SE6 青蔥 粉蔥 ,,,,,,,,6,3,2018,1
2018-06-21,高雄市,SE6 青蔥 粉蔥 ,45.5,25.5,5.0,25.4,2.42,200.0,-15.61,6,4,2018,0
2018-06-22,高雄市,SE6 青蔥 粉蔥 ,50.0,45.6,34.6,44.3,74.41,160.0,-20.0,6,5,2018,0
2018-06-23,高雄市,SE6 青蔥 粉蔥 ,42.0,28.7,20.0,29.6,-33.18,174.0,8.75,6,6,2018,0
2018-06-24,高雄市,SE6 青蔥 粉蔥 ,44.4,34.4,18.8,33.3,12.5,916.0,426.44,6,7,2018,0
2018-06-25,高雄市,SE6 青蔥 粉蔥 ,,,,,,,,6,1,2018,1
2018-06-26,高雄市,SE6 青蔥 粉蔥 ,52.6,40.1,34.9,41.6,24.92,486.0,-46.94,6,2,2018,0
2018-06-27,高雄市,SE6 青蔥 粉蔥 ,53.2,38.8,25.6,39.0,-6.25,531.0,9.26,6,3,2018,0
2018-06-28,高雄市,SE6 青蔥 粉蔥 ,45.7,38.7,24.8,37.3,-4.36,589.0,10.92,6,4,2018,0
2018-06-29,高雄市,SE6 青蔥 粉蔥 ,38.4,27.2,20.2,28.0,-24.93,1156.0,96.26,6,5,2018,0
2018-06-30,高雄市,SE6 青蔥 粉蔥 ,37.1,24.2,17.0,25.3,-9.64,840.0,-27.34,6,6,2018,0
2018-07-01,高雄市,SE6 青蔥 粉蔥 ,41.2,30.0,20.8,30.4,20.16,895.0,6.55,7,7,2018,0
2018-07-02,高雄市,SE6 青蔥 粉蔥 ,,,,,,,,7,1,2018,1
2018-07-03,高雄市,SE6 青蔥 粉蔥 ,55.8,44.4,30.0,43.8,44.08,165.0,-81.56,7,2,2018,0
2018-07-04,高雄市,SE6 青蔥 粉蔥 ,55.0,50.4,30.0,47.2,7.76,193.0,16.97,7,3,2018,0
2018-07-05,高雄市,SE6 青蔥 粉蔥 ,49.4,41.1,25.0,39.6,-16.1,245.0,26.94,7,4,2018,0
2018-07-06,高雄市,SE6 青蔥 粉蔥 ,53.0,36.7,25.5,37.7,-4.8,1063.0,333.88,7,5,2018,0
2018-07-07,高雄市,SE6 青蔥 粉蔥 ,57.1,42.5,25.1,41.9,11.14,1006.0,-5.36,7,6,2018,0
2018-07-08,高雄市,SE6 青蔥 粉蔥 ,57.1,44.3,24.5,42.9,2.39,1146.0,13.92,7,7,2018,0
2018-07-09,高雄市,SE6 青蔥 粉蔥 ,,,,,,,,7,1,2018,1
2018-07-10,高雄市,SE6 青蔥 粉蔥 ,60.6,47.4,30.7,46.7,8.86,941.0,-17.89,7,2,2018,0
2018-07-11,高雄市,SE6 青蔥 粉蔥 ,65.9,44.4,20.2,43.9,-6.0,733.0,-22.1,7,3,2018,0
2018-07-12,高雄市,SE6 青蔥 粉蔥 ,57.4,40.9,24.7,41.0,-6.61,1071.0,46.11,7,4,2018,0
2018-07-13,高雄市,SE6 青蔥 粉蔥 ,54.6,34.6,15.2,34.7,-15.37,758.0,-29.23,7,5,2018,0
2018-07-14,高雄市,SE6 青蔥 粉蔥 ,47.1,31.1,12.8,30.7,-11.53,997.0,31.53,7,6,2018,0
2018-07-15,高雄市,SE6 青蔥 粉蔥 ,52.6,32.2,19.1,33.6,9.45,1252.0,25.58,7,7,2018,0
2018-07-16,高雄市,SE6 青蔥 粉蔥 ,,,,,,,,7,1,2018,1
2018-07-17,高雄市,SE6 青蔥 粉蔥 ,37.0,29.7,14.7,28.1,-16.37,1419.0,13.34,7,2,2018,0
2018-07-18,高雄市,SE6 青蔥 粉蔥 ,40.0,31.1,15.4,29.8,6.05,1129.0,-20.44,7,3,2018,0
2018-07-19,高雄市,SE6 青蔥 粉蔥 ,40.3,31.5,20.3,31.0,4.03,1142.0,1.15,7,4,2018,0
2018-07-20,高雄市,SE6 青蔥 粉蔥 ,37.4,27.4,13.6,26.7,-13.87,1709.0,49.65,7,5,2018,0
2018-07-21,高雄市,SE6 青蔥 粉蔥 ,31.1,23.5,9.4,22.2,-16.85,1791.0,4.8,7,6,2018,0
2018-07-22,高雄市,SE6 青蔥 粉蔥 ,30.0,24.4,6.5,21.9,-1.35,1015.0,-43.33,7,7,2018,0
2018-07-23,高雄市,SE6 青蔥 粉蔥 ,,,,,,,,7,1,2018,1
2018-07-24,高雄市,SE6 青蔥 粉蔥 ,43.7,29.2,15.3,29.3,33.79,486.0,-52.12,7,2,2018,0
2018-07-25,高雄市,SE6 青蔥 粉蔥 ,44.3,30.8,23.3,32.0,9.22,690.0,41.98,7,3,2018,0
2018-07-26,高雄市,SE6 青蔥 粉蔥 ,37.5,27.4,12.3,26.4,-17.5,1222.0,77.1,7,4,2018,0
2018-07-27,高雄市,SE6 青蔥 粉蔥 ,38.3,24.9,13.2,25.3,-4.17,1311.0,7.28,7,5,2018,0
2018-07-28,高雄市,SE6 青蔥 粉蔥 ,42.1,27.8,11.3,27.4,8.3,1704.0,29.98,7,6,2018,0
2018-07-29,高雄市,SE6 青蔥 粉蔥 ,35.6,24.5,15.3,24.9,-9.12,1714.0,0.59,7,7,2018,0
2018-07-30,高雄市,SE6 青蔥 粉蔥 ,,,,,,,,7,1,2018,1
2018-07-31,高雄市,SE6 青蔥 粉蔥 ,39.4,26.9,20.2,28.1,12.85,865.0,-49.53,7,2,2018,0
2018-08-01,高雄市,SE6 青蔥 粉蔥 ,42.4,29.6,18.5,30.0,6.76,1030.0,19.08,8,3,2018,0
2018-08-02,高雄市,SE6 青蔥 粉蔥 ,33.1,28.9,21.5,28.3,-5.67,1039.0,0.87,8,4,2018,0
2018-08-03,高雄市,SE6 青蔥 粉蔥 ,35.1,24.7,18.5,25.5,-9.89,1387.0,33.49,8,5,2018,0
2018-08-04,高雄市,SE6 青蔥 粉蔥 ,36.6,25.6,19.4,26.6,4.31,1618.0,16.65,8,6,2018,0
2018-08-05,高雄市,SE6 青蔥 粉蔥 ,36.7,24.3,17.3,25.4,-4.51,1590.0,-1.73,8,7,2018,0
2018-08-06,高雄市,SE6 青蔥 粉蔥 ,,,,,,,,8,1,2018,1
2018-08-07,高雄市,SE6 青蔥 粉蔥 ,34.2,21.1,14.8,22.5,-11.42,2413.0,51.76,8,2,2018,0
2018-08-08,高雄市,SE6 青蔥 粉蔥 ,27.6,19.7,14.3,20.2,-10.22,1188.0,-50.77,8,3,2018,0
2018-08-09,高雄市,SE6 青蔥 粉蔥 ,29.2,20.5,14.5,21.0,3.96,1332.0,12.12,8,4,2018,0
2018-08-10,高雄市,SE6 青蔥 粉蔥 ,37.2,23.2,16.0,24.5,16.67,1189.0,-10.74,8,5,2018,0
2018-08-11,高雄市,SE6 青蔥 粉蔥 ,34.6,23.2,17.9,24.4,-0.41,1441.0,21.19,8,6,2018,0
2018-08-12,高雄市,SE6 青蔥 粉蔥 ,26.7,20.8,15.0,20.8,-14.75,1982.0,37.54,8,7,2018,0
2018-08-13,高雄市,SE6 青蔥 粉蔥 ,,,,,,,,8,1,2018,1
2018-08-14,高雄市,SE6 青蔥 粉蔥 ,35.4,23.9,12.1,23.8,14.42,1508.0,-23.92,8,2,2018,0
2018-08-15,高雄市,SE6 青蔥 粉蔥 ,34.1,24.3,17.3,24.8,4.2,1579.0,4.71,8,3,2018,0
2018-08-16,高雄市,SE6 青蔥 粉蔥 ,26.9,16.7,12.6,17.9,-27.82,2209.0,39.9,8,4,2018,0
2018-08-17,高雄市,SE6 青蔥 粉蔥 ,26.1,15.3,10.3,16.5,-7.82,2349.0,6.34,8,5,2018,0
2018-08-18,高雄市,SE6 青蔥 粉蔥 ,29.8,16.5,12.1,18.3,10.91,1783.0,-24.1,8,6,2018,0
2018-08-19,高雄市,SE6 青蔥 粉蔥 ,31.2,19.4,11.0,20.1,9.84,1558.0,-12.62,8,7,2018,0
2018-08-20,高雄市,SE6 青蔥 粉蔥 ,,,,,,,,8,1,2018,1
2018-08-21,高雄市,SE6 青蔥 粉蔥 ,33.4,23.2,15.2,23.6,17.41,1457.0,-6.48,8,2,2018,0
2018-08-22,高雄市,SE6 青蔥 粉蔥 ,28.8,18.0,7.8,18.2,-22.88,2059.0,41.32,8,3,2018,0
2018-08-23,高雄市,SE6 青蔥 粉蔥 ,27.5,17.2,10.8,18.0,-1.1,1342.0,-34.82,8,4,2018,0
2018-08-24,高雄市,SE6 青蔥 粉蔥 ,30.1,19.9,14.6,20.9,16.11,1085.0,-19.15,8,5,2018,0
2018-08-25,高雄市,SE6 青蔥 粉蔥 ,60.9,39.7,22.1,40.4,93.3,571.0,-47.37,8,6,2018,0
2018-08-26,高雄市,SE6 青蔥 粉蔥 ,,,,,,,,8,7,2018,1
2018-08-27,高雄市,SE6 青蔥 粉蔥 ,,,,,,,,8,1,2018,1
2018-08-28,高雄市,SE6 青蔥 粉蔥 ,70.1,47.8,20.3,46.8,15.84,1182.0,107.01,8,2,2018,0
2018-08-29,高雄市,SE6 青蔥 粉蔥 ,45.7,34.9,18.5,33.8,-27.78,1890.0,59.9,8,3,2018,0
2018-08-30,高雄市,SE6 青蔥 粉蔥 ,38.1,23.4,9.7,23.6,-30.18,2973.0,57.3,8,4,2018,0
2018-08-31,高雄市,SE6 青蔥 粉蔥 ,41.8,22.5,9.6,23.8,0.85,1376.0,-53.72,8,5,2018,0
2018-09-01,高雄市,SE6 青蔥 粉蔥 ,37.8,20.9,9.0,21.9,-7.98,1438.0,4.51,9,6,2018,0
2018-09-02,高雄市,SE6 青蔥 粉蔥 ,40.8,23.7,10.8,24.5,11.87,1459.0,1.46,9,7,2018,0
2018-09-03,高雄市,SE6 青蔥 粉蔥 ,,,,,,,,9,1,2018,1
2018-09-04,高雄市,SE6 青蔥 粉蔥 ,46.8,26.6,15.0,28.3,15.51,1330.0,-8.84,9,2,2018,0
2018-09-05,高雄市,SE6 青蔥 粉蔥 ,44.0,29.2,15.4,29.4,3.89,972.0,-26.92,9,3,2018,0
2018-09-06,高雄市,SE6 青蔥 粉蔥 ,42.9,23.8,10.1,24.9,-15.31,1405.0,44.55,9,4,2018,0
2018-09-07,高雄市,SE6 青蔥 粉蔥 ,41.6,24.1,16.4,26.0,4.42,898.0,-36.09,9,5,2018,0
2018-09-08,高雄市,SE6 青蔥 粉蔥 ,41.7,25.6,16.6,27.0,3.85,1064.0,18.49,9,6,2018,0
2018-09-09,高雄市,SE6 青蔥 粉蔥 ,51.5,29.8,17.2,31.6,17.04,1069.0,0.47,9,7,2018,0
2018-09-10,高雄市,SE6 青蔥 粉蔥 ,,,,,,,,9,1,2018,1
2018-09-11,高雄市,SE6 青蔥 粉蔥 ,50.8,36.3,28.0,37.5,18.67,812.0,-24.04,9,2,2018,0
2018-09-12,高雄市,SE6 青蔥 粉蔥 ,53.5,35.9,24.2,37.1,-1.07,759.0,-6.53,9,3,2018,0
2018-09-13,高雄市,SE6 青蔥 粉蔥 ,37.1,24.5,13.8,24.9,-32.88,1214.0,59.95,9,4,2018,0
2018-09-14,高雄市,SE6 青蔥 粉蔥 ,41.1,25.0,16.7,26.6,6.83,1270.0,4.61,9,5,2018,0
2018-09-15,高雄市,SE6 青蔥 粉蔥 ,33.0,15.2,7.7,17.3,-34.96,1792.0,41.1,9,6,2018,0
2018-09-16,高雄市,SE6 青蔥 粉蔥 ,38.6,18.3,9.7,20.6,19.08,1934.0,7.92,9,7,2018,0
2018-09-17,高雄市,SE6 青蔥 粉蔥 ,,,,,,,,9,1,2018,1
2018-09-18,高雄市,SE6 青蔥 粉蔥 ,36.7,19.1,10.9,21.0,1.94,1689.0,-12.67,9,2,2018,0
2018-09-19,高雄市,SE6 青蔥 粉蔥 ,28.4,15.7,11.4,17.4,-17.14,1177.0,-30.31,9,3,2018,0
2018-09-20,高雄市,SE6 青蔥 粉蔥 ,43.4,23.6,13.5,25.5,46.55,888.0,-24.55,9,4,2018,0
2018-09-21,高雄市,SE6 青蔥 粉蔥 ,41.3,21.3,13.9,23.8,-6.67,1081.0,21.73,9,5,2018,0
2018-09-22,高雄市,SE6 青蔥 粉蔥 ,42.6,22.1,14.9,24.8,4.2,790.0,-26.92,9,6,2018,0
2018-09-23,高雄市,SE6 青蔥 粉蔥 ,59.3,26.9,15.1,31.0,25.0,749.0,-5.19,9,7,2018,0
2018-09-24,高雄市,SE6 青蔥 粉蔥 ,57.7,36.5,16.7,36.8,18.71,482.0,-35.65,9,1,2018,0
2018-09-25,高雄市,SE6 青蔥 粉蔥 ,,,,,,,,9,2,2018,1
2018-09-26,高雄市,SE6 青蔥 粉蔥 ,,,,,,,,9,3,2018,1
2018-09-27,高雄市,SE6 青蔥 粉蔥 ,42.2,30.2,20.6,30.7,-16.58,992.0,105.81,9,4,2018,0
2018-09-28,高雄市,SE6 青蔥 粉蔥 ,39.6,28.9,22.8,29.9,-2.61,832.0,-16.13,9,5,2018,0
2018-09-29,高雄市,SE6 青蔥 粉蔥 ,48.1,31.5,25.8,33.7,12.71,942.0,13.22,9,6,2018,0
2018-09-30,高雄市,SE6 青蔥 粉蔥 ,50.9,30.1,17.5,31.8,-5.64,1092.0,15.92,9,7,2018,0
2018-10-01,高雄市,SE6 青蔥 粉蔥 ,,,,,,,,10,1,2018,1
2018-10-02,高雄市,SE6 青蔥 粉蔥 ,50.4,32.9,15.6,32.9,3.46,1496.0,37.0,10,2,2018,0
2018-10-03,高雄市,SE6 青蔥 粉蔥 ,47.6,30.7,24.5,32.9,0.0,961.0,-35.76,10,3,2018,0
2018-10-04,高雄市,SE6 青蔥 粉蔥 ,37.4,27.5,21.2,28.2,-14.29,935.0,-2.71,10,4,2018,0
2018-10-05,高雄市,SE6 青蔥 粉蔥 ,41.3,29.0,23.7,30.4,7.8,969.0,3.64,10,5,2018,0
2018-10-06,高雄市,SE6 青蔥 粉蔥 ,46.9,32.0,22.2,33.0,8.55,1159.0,19.61,10,6,2018,0
2018-10-07,高雄市,SE6 青蔥 粉蔥 ,43.8,25.0,15.5,26.9,-18.48,1598.0,37.88,10,7,2018,0
2018-10-08,高雄市,SE6 青蔥 粉蔥 ,,,,,,,,10,1,2018,1
2018-10-09,高雄市,SE6 青蔥 粉蔥 ,42.6,25.6,16.9,27.3,1.49,1285.0,-19.59,10,2,2018,0
2018-10-10,高雄市,SE6 青蔥 粉蔥 ,40.4,22.8,16.0,25.0,-8.42,1182.0,-8.02,10,3,2018,0
2018-10-11,高雄市,SE6 青蔥 粉蔥 ,32.4,20.1,14.1,21.4,-14.4,1199.0,1.44,10,4,2018,0
2018-10-12,高雄市,SE6 青蔥 粉蔥 ,35.8,22.0,15.0,23.4,9.35,1258.0,4.92,10,5,2018,0
2018-10-13,高雄市,SE6 青蔥 粉蔥 ,40.0,23.4,15.3,25.1,7.26,1301.0,3.42,10,6,2018,0
2018-10-14,高雄市,SE6 青蔥 粉蔥 ,36.2,24.1,18.1,25.3,0.8,1329.0,2.15,10,7,2018,0
2018-10-15,高雄市,SE6 青蔥 粉蔥 ,,,,,,,,10,1,2018,1
2018-10-16,高雄市,SE6 青蔥 粉蔥 ,41.3,30.4,22.8,31.1,22.92,1047.0,-21.22,10,2,2018,0
2018-10-17,高雄市,SE6 青蔥 粉蔥 ,35.0,27.1,21.6,27.6,-11.25,1686.0,61.03,10,3,2018,0
2018-10-18,高雄市,SE6 青蔥 粉蔥 ,38.1,26.6,20.6,27.7,0.36,1164.0,-30.96,10,4,2018,0
2018-10-19,高雄市,SE6 青蔥 粉蔥 ,29.9,22.2,14.8,22.3,-19.49,1447.0,24.31,10,5,2018,0
2018-10-20,高雄市,SE6 青蔥 粉蔥 ,33.8,21.2,16.2,22.7,1.79,1481.0,2.35,10,6,2018,0
2018-10-21,高雄市,SE6 青蔥 粉蔥 ,44.1,35.1,26.1,35.1,54.63,1540.0,3.98,10,7,2018,0
2018-10-22,高雄市,SE6 青蔥 粉蔥 ,,,,,,,,10,1,2018,1
2018-10-23,高雄市,SE6 青蔥 粉蔥 ,39.2,28.9,19.1,29.0,-17.38,2208.0,43.38,10,2,2018,0
2018-10-24,高雄市,SE6 青蔥 粉蔥 ,29.8,17.1,13.1,18.8,-35.17,2278.0,3.17,10,3,2018,0
2018-10-25,高雄市,SE6 青蔥 粉蔥 ,34.2,18.9,13.6,20.9,11.17,1747.0,-23.31,10,4,2018,0
2018-10-26,高雄市,SE6 青蔥 粉蔥 ,29.3,20.4,10.9,20.2,-3.35,1695.0,-2.98,10,5,2018,0
2018-10-27,高雄市,SE6 青蔥 粉蔥 ,27.5,17.5,7.7,17.5,-13.37,1885.0,11.21,10,6,2018,0
2018-10-28,高雄市,SE6 青蔥 粉蔥 ,26.6,16.0,7.5,16.4,-6.29,2472.0,31.14,10,7,2018,0
2018-10-29,高雄市,SE6 青蔥 粉蔥 ,,,,,,,,10,1,2018,1
2018-10-30,高雄市,SE6 青蔥 粉蔥 ,33.0,22.0,16.3,23.0,40.24,1720.0,-30.42,10,2,2018,0
2018-10-31,高雄市,SE6 青蔥 粉蔥 ,28.6,20.4,13.0,20.6,-10.43,1432.0,-16.74,10,3,2018,0
2018-11-01,高雄市,SE6 青蔥 粉蔥 ,27.2,20.6,12.3,20.2,-1.94,1673.0,16.83,11,4,2018,0
2018-11-02,高雄市,SE6 青蔥 粉蔥 ,24.7,17.1,9.8,17.1,-15.35,2129.0,27.26,11,5,2018,0
2018-11-03,高雄市,SE6 青蔥 粉蔥 ,29.3,19.0,11.9,19.6,14.62,1161.0,-45.47,11,6,2018,0
2018-11-04,高雄市,SE6 青蔥 粉蔥 ,28.9,15.8,10.5,17.3,-11.73,2157.0,85.79,11,7,2018,0
2018-11-05,高雄市,SE6 青蔥 粉蔥 ,,,,,,,,11,1,2018,1
2018-11-06,高雄市,SE6 青蔥 粉蔥 ,29.4,18.1,10.8,18.9,9.25,1444.0,-33.06,11,2,2018,0
2018-11-07,高雄市,SE6 青蔥 粉蔥 ,31.2,18.8,11.0,19.7,4.23,1257.0,-12.95,11,3,2018,0
2018-11-08,高雄市,SE6 青蔥 粉蔥 ,22.0,16.1,12.4,16.6,-15.74,1682.0,33.81,11,4,2018,0
2018-11-09,高雄市,SE6 青蔥 粉蔥 ,21.5,14.9,7.0,14.6,-12.05,1506.0,-10.46,11,5,2018,0
2018-11-10,高雄市,SE6 青蔥 粉蔥 ,26.2,12.8,3.4,13.6,-6.85,1975.0,31.14,11,6,2018,0
2018-11-11,高雄市,SE6 青蔥 粉蔥 ,30.5,15.2,6.5,16.5,21.32,1666.0,-15.65,11,7,2018,0
2018-11-12,高雄市,SE6 青蔥 粉蔥 ,,,,,,,,11,1,2018,1
2018-11-13,高雄市,SE6 青蔥 粉蔥 ,34.3,17.6,12.5,19.9,20.61,1464.0,-12.12,11,2,2018,0
2018-11-14,高雄市,SE6 青蔥 粉蔥 ,23.7,19.1,12.0,18.6,-6.53,1325.0,-9.49,11,3,2018,0
2018-11-15,高雄市,SE6 青蔥 粉蔥 ,27.3,17.1,10.1,17.7,-4.84,1276.0,-3.7,11,4,2018,0
2018-11-16,高雄市,SE6 青蔥 粉蔥 ,25.2,21.2,16.5,21.1,19.21,1264.0,-0.94,11,5,2018,0
2018-11-17,高雄市,SE6 青蔥 粉蔥 ,27.4,18.5,11.0,18.8,-10.9,1383.0,9.41,11,6,2018,0
2018-11-18,高雄市,SE6 青蔥 粉蔥 ,30.0,19.5,14.2,20.5,9.04,1580.0,14.24,11,7,2018,0
2018-11-19,高雄市,SE6 青蔥 粉蔥 ,,,,,,,,11,1,2018,1
2018-11-20,高雄市,SE6 青蔥 粉蔥 ,26.2,21.0,15.4,20.9,1.95,2081.0,31.71,11,2,2018,0
2018-11-21,高雄市,SE6 青蔥 粉蔥 ,21.3,15.0,8.2,14.9,-28.71,2117.0,1.73,11,3,2018,0
2018-11-22,高雄市,SE6 青蔥 粉蔥 ,21.5,14.4,8.7,14.7,-1.34,1990.0,-6.0,11,4,2018,0
2018-11-23,高雄市,SE6 青蔥 粉蔥 ,19.7,14.2,10.0,14.4,-2.04,1928.0,-3.12,11,5,2018,0
2018-11-24,高雄市,SE6 青蔥 粉蔥 ,21.4,13.1,7.4,13.6,-5.56,1838.0,-4.67,11,6,2018,0
2018-11-25,高雄市,SE6 青蔥 粉蔥 ,25.0,12.0,6.0,13.4,-1.47,1897.0,3.21,11,7,2018,0
2018-11-26,高雄市,SE6 青蔥 粉蔥 ,,,,,,,,11,1,2018,1
2018-11-27,高雄市,SE6 青蔥 粉蔥 ,27.0,19.5,14.1,19.9,48.51,1584.0,-16.5,11,2,2018,0
2018-11-28,高雄市,SE6 青蔥 粉蔥 ,22.2,14.3,8.2,14.7,-26.13,1910.0,20.58,11,3,2018,0
2018-11-29,高雄市,SE6 青蔥 粉蔥 ,25.2,19.9,11.0,19.2,30.61,1231.0,-35.55,11,4,2018,0
2018-11-30,高雄市,SE6 青蔥 粉蔥 ,24.2,15.9,6.0,15.6,-18.75,1413.0,14.78,11,5,2018,0
2018-12-01,高雄市,SE6 青蔥 粉蔥 ,26.7,17.6,8.8,17.7,13.46,1375.0,-2.69,12,6,2018,0
2018-12-02,高雄市,SE6 青蔥 粉蔥 ,30.5,20.7,13.8,21.3,20.34,1654.0,20.29,12,7,2018,0
2018-12-03,高雄市,SE6 青蔥 粉蔥 ,,,,,,,,12,1,2018,1
2018-12-04,高雄市,SE6 青蔥 粉蔥 ,29.4,18.0,12.7,19.2,-9.86,1749.0,5.74,12,2,2018,0
2018-12-05,高雄市,SE6 青蔥 粉蔥 ,29.6,17.7,11.5,18.9,-1.56,1666.0,-4.75,12,3,2018,0
2018-12-06,高雄市,SE6 青蔥 粉蔥 ,28.2,19.3,10.4,19.3,2.12,1647.0,-1.14,12,4,2018,0
2018-12-07,高雄市,SE6 青蔥 粉蔥 ,25.6,16.1,8.2,16.4,-15.03,1984.0,20.46,12,5,2018,0
2018-12-08,高雄市,SE6 青蔥 粉蔥 ,24.5,16.7,9.2,16.7,1.83,1968.0,-0.81,12,6,2018,0
2018-12-09,高雄市,SE6 青蔥 粉蔥 ,26.4,20.1,12.8,19.9,19.16,1187.0,-39.68,12,7,2018,0
2018-12-10,高雄市,SE6 青蔥 粉蔥 ,,,,,,,,12,1,2018,1
2018-12-11,高雄市,SE6 青蔥 粉蔥 ,27.6,17.9,11.1,18.5,-7.04,2031.0,71.1,12,2,2018,0
2018-12-12,高雄市,SE6 青蔥 粉蔥 ,22.2,14.2,9.0,14.7,-20.54,2084.0,2.61,12,3,2018,0
2018-12-13,高雄市,SE6 青蔥 粉蔥 ,27.9,19.2,10.8,19.3,31.29,1493.0,-28.36,12,4,2018,0
2018-12-14,高雄市,SE6 青蔥 粉蔥 ,26.6,21.0,15.2,20.9,8.29,1155.0,-22.64,12,5,2018,0
2018-12-15,高雄市,SE6 青蔥 粉蔥 ,25.5,18.5,13.0,18.8,-10.05,1807.0,56.45,12,6,2018,0
2018-12-16,高雄市,SE6 青蔥 粉蔥 ,29.9,19.1,13.3,20.1,6.91,2180.0,20.64,12,7,2018,0
2018-12-17,高雄市,SE6 青蔥 粉蔥 ,,,,,,,,12,1,2018,1
2018-12-18,高雄市,SE6 青蔥 粉蔥 ,28.8,20.2,13.7,20.6,2.49,1716.0,-21.28,12,2,2018,0
2018-12-19,高雄市,SE6 青蔥 粉蔥 ,25.6,17.5,13.7,18.4,-10.68,1582.0,-7.81,12,3,2018,0
2018-12-20,高雄市,SE6 青蔥 粉蔥 ,30.9,16.9,12.5,18.9,2.72,988.0,-37.55,12,4,2018,0
2018-12-21,高雄市,SE6 青蔥 粉蔥 ,30.5,27.9,14.5,25.7,35.98,991.0,0.3,12,5,2018,0
2018-12-22,高雄市,SE6 青蔥 粉蔥 ,32.8,27.3,22.3,27.4,6.61,1017.0,2.62,12,6,2018,0
2018-12-23,高雄市,SE6 青蔥 粉蔥 ,25.5,22.5,16.3,21.9,-20.07,1436.0,41.2,12,7,2018,0
2018-12-24,高雄市,SE6 青蔥 粉蔥 ,,,,,,,,12,1,2018,1
2018-12-25,高雄市,SE6 青蔥 粉蔥 ,28.4,24.2,14.9,23.2,5.94,1780.0,23.96,12,2,2018,0
2018-12-26,高雄市,SE6 青蔥 粉蔥 ,21.7,14.6,9.7,15.1,-34.91,3034.0,70.45,12,3,2018,0
2018-12-27,高雄市,SE6 青蔥 粉蔥 ,23.4,17.2,14.2,17.8,17.88,1448.0,-52.27,12,4,2018,0
2018-12-28,高雄市,SE6 青蔥 粉蔥 ,25.2,16.7,13.3,17.7,-0.56,1415.0,-2.28,12,5,2018,0
2018-12-29,高雄市,SE6 青蔥 粉蔥 ,23.9,14.0,10.3,15.2,-14.12,2023.0,42.97,12,6,2018,0
2018-12-30,高雄市,SE6 青蔥 粉蔥 ,28.5,24.8,20.3,24.7,62.5,1231.0,-39.15,12,7,2018,0
2018-12-31,高雄市,SE6 青蔥 粉蔥 ,,,,,,,,12,1,2018,1
2019-01-01,高雄市,SE6 青蔥 粉蔥 ,30.2,25.0,20.5,25.1,1.62,2050.0,66.53,1,2,2019,0
2019-01-02,高雄市,SE6 青蔥 粉蔥 ,27.1,21.7,15.4,21.6,-13.94,1281.0,-37.51,1,3,2019,0
2019-01-03,高雄市,SE6 青蔥 粉蔥 ,25.3,20.8,15.3,20.6,-4.63,1743.0,36.07,1,4,2019,0
2019-01-04,高雄市,SE6 青蔥 粉蔥 ,26.1,19.4,11.1,19.1,-7.28,1581.0,-9.29,1,5,2019,0
2019-01-05,高雄市,SE6 青蔥 粉蔥 ,26.1,23.1,12.3,21.5,12.57,1485.0,-6.07,1,6,2019,0
2019-01-06,高雄市,SE6 青蔥 粉蔥 ,26.0,22.0,13.9,21.2,-1.4,1987.0,33.8,1,7,2019,0
2019-01-07,高雄市,SE6 青蔥 粉蔥 ,,,,,,,,1,1,2019,1
2019-01-08,高雄市,SE6 青蔥 粉蔥 ,26.6,19.8,15.2,20.2,-4.72,1998.0,0.55,1,2,2019,0
2019-01-09,高雄市,SE6 青蔥 粉蔥 ,24.0,16.9,9.9,16.9,-16.34,2219.0,11.06,1,3,2019,0
2019-01-10,高雄市,SE6 青蔥 粉蔥 ,20.3,16.5,9.7,15.9,-5.92,1494.0,-32.67,1,4,2019,0
2019-01-11,高雄市,SE6 青蔥 粉蔥 ,23.5,17.6,10.2,17.3,8.81,1500.0,0.4,1,5,2019,0
2019-01-12,高雄市,SE6 青蔥 粉蔥 ,24.5,16.0,12.7,17.1,-1.16,2019.0,34.6,1,6,2019,0
2019-01-13,高雄市,SE6 青蔥 粉蔥 ,23.0,14.4,10.8,15.4,-9.94,2296.0,13.72,1,7,2019,0
2019-01-14,高雄市,SE6 青蔥 粉蔥 ,,,,,,,,1,1,2019,1
2019-01-15,高雄市,SE6 青蔥 粉蔥 ,20.3,14.6,7.2,14.3,-7.14,2133.0,-7.1,1,2,2019,0
2019-01-16,高雄市,SE6 青蔥 粉蔥 ,25.4,20.3,13.8,20.0,39.86,1222.0,-42.71,1,3,2019,0
2019-01-17,高雄市,SE6 青蔥 粉蔥 ,23.2,18.9,14.1,18.8,-6.0,1710.0,39.93,1,4,2019,0
2019-01-18,高雄市,SE6 青蔥 粉蔥 ,21.1,14.0,11.6,15.0,-20.21,1969.0,15.15,1,5,2019,0
2019-01-19,高雄市,SE6 青蔥 粉蔥 ,21.0,17.0,12.0,16.8,12.0,1472.0,-25.24,1,6,2019,0
2019-01-20,高雄市,SE6 青蔥 粉蔥 ,22.0,15.2,7.3,15.0,-10.71,1884.0,27.99,1,7,2019,0
2019-01-21,高雄市,SE6 青蔥 粉蔥 ,,,,,,,,1,1,2019,1
2019-01-22,高雄市,SE6 青蔥 粉蔥 ,23.1,17.1,11.3,17.1,14.0,1875.0,-0.48,1,2,2019,0
2019-01-23,高雄市,SE6 青蔥 粉蔥 ,26.6,19.0,10.6,18.8,9.94,1454.0,-22.45,1,3,2019,0
2019-01-24,高雄市,SE6 青蔥 粉蔥 ,26.7,21.7,12.7,20.9,11.17,1218.0,-16.23,1,4,2019,0
2019-01-25,高雄市,SE6 青蔥 粉蔥 ,33.5,31.7,20.0,29.7,42.11,770.0,-36.78,1,5,2019,0
2019-01-26,高雄市,SE6 青蔥 粉蔥 ,31.4,26.8,19.4,26.2,-11.78,1933.0,151.04,1,6,2019,0
2019-01-27,高雄市,SE6 青蔥 粉蔥 ,29.9,21.7,16.2,22.2,-15.27,2613.0,35.18,1,7,2019,0
2019-01-28,高雄市,SE6 青蔥 粉蔥 ,,,,,,,,1,1,2019,1
2019-01-29,高雄市,SE6 青蔥 粉蔥 ,28.4,21.4,17.3,22.0,-0.9,2446.0,-6.39,1,2,2019,0
2019-01-30,高雄市,SE6 青蔥 粉蔥 ,23.0,15.7,9.2,15.9,-27.73,2378.0,-2.78,1,3,2019,0
2019-01-31,高雄市,SE6 青蔥 粉蔥 ,19.4,13.7,9.8,14.1,-11.32,2782.0,16.99,1,4,2019,0
2019-02-01,高雄市,SE6 青蔥 粉蔥 ,18.9,14.0,8.1,13.8,-2.13,2739.0,-1.55,2,5,2019,0
2019-02-02,高雄市,SE6 青蔥 粉蔥 ,28.3,25.0,14.9,23.6,71.01,1444.0,-47.28,2,6,2019,0
2019-02-03,高雄市,SE6 青蔥 粉蔥 ,38.0,30.0,23.1,30.2,27.97,1602.0,10.94,2,7,2019,0
2019-02-04,高雄市,SE6 青蔥 粉蔥 ,43.1,35.3,35.0,36.8,21.85,273.0,-82.96,2,1,2019,0
2019-02-05,高雄市,SE6 青蔥 粉蔥 ,,,,,,,,2,2,2019,1
2019-02-06,高雄市,SE6 青蔥 粉蔥 ,,,,,,,,2,3,2019,1
2019-02-07,高雄市,SE6 青蔥 粉蔥 ,,,,,,,,2,4,2019,1
2019-02-08,高雄市,SE6 青蔥 粉蔥 ,,,,,,,,2,5,2019,1
2019-02-09,高雄市,SE6 青蔥 粉蔥 ,,,,,,,,2,6,2019,1
2019-02-10,高雄市,SE6 青蔥 粉蔥 ,40.7,33.6,26.6,33.6,-8.7,485.0,77.66,2,7,2019,0
2019-02-11,高雄市,SE6 青蔥 粉蔥 ,,,,,,,,2,1,2019,1
2019-02-12,高雄市,SE6 青蔥 粉蔥 ,35.0,33.3,21.4,31.3,-6.85,815.0,68.04,2,2,2019,0
2019-02-13,高雄市,SE6 青蔥 粉蔥 ,,,,,,,,2,3,2019,1
2019-02-14,高雄市,SE6 青蔥 粉蔥 ,26.4,23.4,18.9,23.1,-26.2,1196.0,46.75,2,4,2019,0
2019-02-15,高雄市,SE6 青蔥 粉蔥 ,27.3,20.9,15.8,21.2,-8.23,1524.0,27.42,2,5,2019,0
2019-02-16,高雄市,SE6 青蔥 粉蔥 ,32.0,21.8,15.8,22.7,7.08,1006.0,-33.99,2,6,2019,0
2019-02-17,高雄市,SE6 青蔥 粉蔥 ,30.9,26.2,22.4,26.4,16.3,1166.0,15.9,2,7,2019,0
2019-02-18,高雄市,SE6 青蔥 粉蔥 ,,,,,,,,2,1,2019,1
2019-02-19,高雄市,SE6 青蔥 粉蔥 ,,,,,,,,2,2,2019,1
2019-02-20,高雄市,SE6 青蔥 粉蔥 ,,,,,,,,2,3,2019,1
2019-02-21,高雄市,SE6 青蔥 粉蔥 ,20.0,20.0,20.0,20.0,-24.24,120.0,-89.71,2,4,2019,0
2019-02-22,高雄市,SE6 青蔥 粉蔥 ,30.8,22.4,11.4,21.9,9.5,2028.0,1590.0,2,5,2019,0
2019-02-23,高雄市,SE6 青蔥 粉蔥 ,30.4,21.3,13.8,21.6,-1.37,1167.0,-42.46,2,6,2019,0
2019-02-24,高雄市,SE6 青蔥 粉蔥 ,30.2,22.9,15.6,22.9,6.02,1108.0,-5.06,2,7,2019,0
2019-02-25,高雄市,SE6 青蔥 粉蔥 ,,,,,,,,2,1,2019,1
2019-02-26,高雄市,SE6 青蔥 粉蔥 ,31.0,25.7,22.3,26.1,13.97,1059.0,-4.42,2,2,2019,0
2019-02-27,高雄市,SE6 青蔥 粉蔥 ,34.5,21.7,15.0,23.0,-11.88,1040.0,-1.79,2,3,2019,0
2019-02-28,高雄市,SE6 青蔥 粉蔥 ,33.9,25.5,19.7,26.0,13.04,1084.0,4.23,2,4,2019,0
2019-03-01,高雄市,SE6 青蔥 粉蔥 ,34.0,24.2,16.9,24.7,-5.0,1323.0,22.05,3,5,2019,0
2019-03-02,高雄市,SE6 青蔥 粉蔥 ,36.0,27.4,21.3,27.9,12.96,901.0,-31.9,3,6,2019,0
2019-03-03,高雄市,SE6 青蔥 粉蔥 ,36.8,32.3,23.0,31.4,12.54,926.0,2.77,3,7,2019,0
2019-03-04,高雄市,SE6 青蔥 粉蔥 ,,,,,,,,3,1,2019,1
2019-03-05,高雄市,SE6 青蔥 粉蔥 ,37.0,31.3,19.8,30.1,-4.14,1025.0,10.69,3,2,2019,0
2019-03-06,高雄市,SE6 青蔥 粉蔥 ,35.0,30.0,17.5,28.5,-5.32,1087.0,6.05,3,3,2019,0
2019-03-07,高雄市,SE6 青蔥 粉蔥 ,38.0,29.3,18.0,28.8,1.05,889.0,-18.22,3,4,2019,0
2019-03-08,高雄市,SE6 青蔥 粉蔥 ,39.0,32.4,25.1,32.3,12.15,739.0,-16.87,3,5,2019,0
2019-03-09,高雄市,SE6 青蔥 粉蔥 ,38.0,25.9,11.4,25.4,-21.36,1181.0,59.81,3,6,2019,0
2019-03-10,高雄市,SE6 青蔥 粉蔥 ,37.0,29.6,10.4,27.2,7.09,868.0,-26.5,3,7,2019,0
2019-03-11,高雄市,SE6 青蔥 粉蔥 ,,,,,,,,3,1,2019,1
2019-03-12,高雄市,SE6 青蔥 粉蔥 ,40.0,33.2,24.5,32.8,20.59,1320.0,52.07,3,2,2019,0
2019-03-13,高雄市,SE6 青蔥 粉蔥 ,38.6,31.1,23.2,31.0,-5.49,1571.0,19.02,3,3,2019,0
2019-03-14,高雄市,SE6 青蔥 粉蔥 ,35.0,24.2,13.4,24.2,-21.94,1037.0,-33.99,3,4,2019,0
2019-03-15,高雄市,SE6 青蔥 粉蔥 ,37.0,28.0,14.8,27.2,12.4,908.0,-12.44,3,5,2019,0
2019-03-16,高雄市,SE6 青蔥 粉蔥 ,37.5,33.8,11.3,30.0,10.29,1046.0,15.2,3,6,2019,0
2019-03-17,高雄市,SE6 青蔥 粉蔥 ,39.7,37.0,27.5,35.6,18.67,983.0,-6.02,3,7,2019,0
2019-03-18,高雄市,SE6 青蔥 粉蔥 ,,,,,,,,3,1,2019,1
2019-03-19,高雄市,SE6 青蔥 粉蔥 ,40.6,36.9,22.5,34.8,-2.25,1403.0,42.73,3,2,2019,0
2019-03-20,高雄市,SE6 青蔥 粉蔥 ,35.7,30.5,17.6,28.9,-16.95,1691.0,20.53,3,3,2019,0
2019-03-21,高雄市,SE6 青蔥 粉蔥 ,33.9,26.4,14.9,25.6,-11.42,1630.0,-3.61,3,4,2019,0
2019-03-22,高雄市,SE6 青蔥 粉蔥 ,27.2,22.2,15.9,21.9,-14.45,1594.0,-2.21,3,5,2019,0
2019-03-23,高雄市,SE6 青蔥 粉蔥 ,28.3,20.6,17.2,21.4,-2.28,1383.0,-13.24,3,6,2019,0
2019-03-24,高雄市,SE6 青蔥 粉蔥 ,37.2,30.3,20.1,29.7,38.79,1015.0,-26.61,3,7,2019,0
2019-03-25,高雄市,SE6 青蔥 粉蔥 ,,,,,,,,3,1,2019,1
2019-03-26,高雄市,SE6 青蔥 粉蔥 ,39.1,32.6,26.2,32.6,9.76,923.0,-9.06,3,2,2019,0
2019-03-27,高雄市,SE6 青蔥 粉蔥 ,32.3,26.9,21.0,26.8,-17.79,1483.0,60.67,3,3,2019,0
2019-03-28,高雄市,SE6 青蔥 粉蔥 ,27.8,18.0,9.2,18.2,-32.09,1563.0,5.39,3,4,2019,0
2019-03-29,高雄市,SE6 青蔥 粉蔥 ,31.2,23.8,10.1,22.5,23.63,1106.0,-29.24,3,5,2019,0
2019-03-30,高雄市,SE6 青蔥 粉蔥 ,30.3,23.8,17.9,23.9,6.22,1375.0,24.32,3,6,2019,0
2019-03-31,高雄市,SE6 青蔥 粉蔥 ,29.9,24.5,19.4,24.6,2.93,1753.0,27.49,3,7,2019,0
2019-04-01,高雄市,SE6 青蔥 粉蔥 ,,,,,,,,4,1,2019,1
2019-04-02,高雄市,SE6 青蔥 粉蔥 ,32.3,28.5,22.8,28.1,14.23,1092.0,-37.71,4,2,2019,0
2019-04-03,高雄市,SE6 青蔥 粉蔥 ,32.3,27.6,22.1,27.4,-2.49,1240.0,13.55,4,3,2019,0
2019-04-04,高雄市,SE6 青蔥 粉蔥 ,40.0,35.6,24.2,34.2,24.82,1318.0,6.29,4,4,2019,0
2019-04-05,高雄市,SE6 青蔥 粉蔥 ,36.0,34.6,24.3,32.8,-4.09,862.0,-34.6,4,5,2019,0
2019-04-06,高雄市,SE6 青蔥 粉蔥 ,,,,,,,,4,6,2019,1
2019-04-07,高雄市,SE6 青蔥 粉蔥 ,,,,,,,,4,7,2019,1
2019-04-08,高雄市,SE6 青蔥 粉蔥 ,,,,,,,,4,1,2019,1
2019-04-09,高雄市,SE6 青蔥 粉蔥 ,38.2,32.1,23.0,31.5,-3.96,1350.0,56.61,4,2,2019,0
2019-04-10,高雄市,SE6 青蔥 粉蔥 ,30.8,26.2,18.4,25.6,-18.73,1632.0,20.89,4,3,2019,0
2019-04-11,高雄市,SE6 青蔥 粉蔥 ,25.4,20.5,14.6,20.3,-20.7,1974.0,20.96,4,4,2019,0
2019-04-12,高雄市,SE6 青蔥 粉蔥 ,27.8,20.5,15.2,20.9,2.96,1907.0,-3.39,4,5,2019,0
2019-04-13,高雄市,SE6 青蔥 粉蔥 ,24.8,17.6,12.4,18.0,-13.88,1850.0,-2.99,4,6,2019,0
2019-04-14,高雄市,SE6 青蔥 粉蔥 ,24.0,18.0,10.9,17.8,-1.11,1669.0,-9.78,4,7,2019,0
2019-04-15,高雄市,SE6 青蔥 粉蔥 ,,,,,,,,4,1,2019,1
2019-04-16,高雄市,SE6 青蔥 粉蔥 ,25.8,20.5,15.3,20.5,15.17,1592.0,-4.61,4,2,2019,0
2019-04-17,高雄市,SE6 青蔥 粉蔥 ,25.0,21.4,13.0,20.4,-0.49,1374.0,-13.69,4,3,2019,0
2019-04-18,高雄市,SE6 青蔥 粉蔥 ,28.0,21.4,18.0,22.0,7.84,1128.0,-17.9,4,4,2019,0
2019-04-19,高雄市,SE6 青蔥 粉蔥 ,28.7,21.6,13.1,21.3,-3.18,1753.0,55.41,4,5,2019,0
2019-04-20,高雄市,SE6 青蔥 粉蔥 ,30.0,25.7,20.2,25.4,19.25,1309.0,-25.33,4,6,2019,0
2019-04-21,高雄市,SE6 青蔥 粉蔥 ,27.2,24.3,21.3,24.3,-4.33,1714.0,30.94,4,7,2019,0
2019-04-22,高雄市,SE6 青蔥 粉蔥 ,,,,,,,,4,1,2019,1
2019-04-23,高雄市,SE6 青蔥 粉蔥 ,27.8,19.9,9.1,19.3,-20.58,2142.0,24.97,4,2,2019,0
2019-04-24,高雄市,SE6 青蔥 粉蔥 ,24.0,20.7,12.7,19.7,2.07,1699.0,-20.68,4,3,2019,0
2019-04-25,高雄市,SE6 青蔥 粉蔥 ,24.2,18.8,13.7,18.9,-4.06,1930.0,13.6,4,4,2019,0
2019-04-26,高雄市,SE6 青蔥 粉蔥 ,23.8,17.5,9.2,17.1,-9.52,1939.0,0.47,4,5,2019,0
2019-04-27,高雄市,SE6 青蔥 粉蔥 ,22.6,21.0,15.1,20.1,17.54,1154.0,-40.48,4,6,2019,0
2019-04-28,高雄市,SE6 青蔥 粉蔥 ,25.8,21.5,14.8,21.0,4.48,2057.0,78.25,4,7,2019,0
2019-04-29,高雄市,SE6 青蔥 粉蔥 ,,,,,,,,4,1,2019,1
2019-04-30,高雄市,SE6 青蔥 粉蔥 ,24.6,19.9,15.5,19.9,-5.24,1763.0,-14.29,4,2,2019,0
2019-05-01,高雄市,SE6 青蔥 粉蔥 ,26.1,23.2,14.1,22.0,10.55,1354.0,-23.2,5,3,2019,0
2019-05-02,高雄市,SE6 青蔥 粉蔥 ,28.2,23.8,17.2,23.4,6.36,1473.0,8.79,5,4,2019,0
2019-05-03,高雄市,SE6 青蔥 粉蔥 ,27.4,23.7,15.9,22.9,-2.14,1282.0,-12.97,5,5,2019,0
2019-05-04,高雄市,SE6 青蔥 粉蔥 ,26.7,25.0,20.3,24.4,6.55,1795.0,40.02,5,6,2019,0
2019-05-05,高雄市,SE6 青蔥 粉蔥 ,30.9,28.3,21.0,27.4,12.3,1799.0,0.22,5,7,2019,0
2019-05-06,高雄市,SE6 青蔥 粉蔥 ,,,,,,,,5,1,2019,1
2019-05-07,高雄市,SE6 青蔥 粉蔥 ,32.0,27.9,18.5,26.8,-2.19,1911.0,6.23,5,2,2019,0
2019-05-08,高雄市,SE6 青蔥 粉蔥 ,31.8,28.6,17.9,27.1,1.12,1830.0,-4.24,5,3,2019,0
2019-05-09,高雄市,SE6 青蔥 粉蔥 ,27.8,23.3,12.3,22.0,-18.82,1576.0,-13.88,5,4,2019,0
2019-05-10,高雄市,SE6 青蔥 粉蔥 ,31.0,19.1,8.0,19.2,-12.73,1655.0,5.01,5,5,2019,0
2019-05-11,高雄市,SE6 青蔥 粉蔥 ,27.2,17.8,8.4,17.8,-7.29,2622.0,58.43,5,6,2019,0
2019-05-12,高雄市,SE6 青蔥 粉蔥 ,29.9,18.0,11.1,19.0,6.74,2037.0,-22.31,5,7,2019,0
2019-05-13,高雄市,SE6 青蔥 粉蔥 ,,,,,,,,5,1,2019,1
2019-05-14,高雄市,SE6 青蔥 粉蔥 ,29.8,16.3,7.1,17.2,-9.47,2096.0,2.9,5,2,2019,0
2019-05-15,高雄市,SE6 青蔥 粉蔥 ,28.8,19.9,12.5,20.2,17.44,1716.0,-18.13,5,3,2019,0
2019-05-16,高雄市,SE6 青蔥 粉蔥 ,5.0,5.0,5.0,5.0,-75.25,126.0,-92.66,5,4,2019,0
2019-05-17,高雄市,SE6 青蔥 粉蔥 ,27.8,19.8,10.2,19.5,290.0,2173.0,1624.6,5,5,2019,0
2019-05-18,高雄市,SE6 青蔥 粉蔥 ,23.7,20.4,12.8,19.5,0.0,1739.0,-19.97,5,6,2019,0
2019-05-19,高雄市,SE6 青蔥 粉蔥 ,23.0,15.8,12.0,16.5,-15.38,1747.0,0.46,5,7,2019,0
2019-05-20,高雄市,SE6 青蔥 粉蔥 ,,,,,,,,5,1,2019,1
2019-05-21,高雄市,SE6 青蔥 粉蔥 ,28.6,22.7,14.6,22.2,34.55,910.0,-47.91,5,2,2019,0
2019-05-22,高雄市,SE6 青蔥 粉蔥 ,33.9,28.6,15.9,27.1,22.07,836.0,-8.13,5,3,2019,0
2019-05-23,高雄市,SE6 青蔥 粉蔥 ,39.9,31.6,22.7,31.5,16.24,1186.0,41.87,5,4,2019,0
2019-05-24,高雄市,SE6 青蔥 粉蔥 ,28.1,23.5,16.2,22.9,-27.3,1931.0,62.82,5,5,2019,0
2019-05-25,高雄市,SE6 青蔥 粉蔥 ,31.7,18.8,11.7,19.9,-13.1,1834.0,-5.02,5,6,2019,0
2019-05-26,高雄市,SE6 青蔥 粉蔥 ,31.1,19.6,11.0,20.2,1.51,2118.0,15.49,5,7,2019,0
2019-05-27,高雄市,SE6 青蔥 粉蔥 ,,,,,,,,5,1,2019,1
2019-05-28,高雄市,SE6 青蔥 粉蔥 ,28.8,22.0,13.2,21.6,6.93,1902.0,-10.2,5,2,2019,0
2019-05-29,高雄市,SE6 青蔥 粉蔥 ,29.8,24.1,15.3,23.5,8.8,1276.0,-32.91,5,3,2019,0
2019-05-30,高雄市,SE6 青蔥 粉蔥 ,28.2,21.8,16.6,22.1,-5.96,1396.0,9.4,5,4,2019,0
2019-05-31,高雄市,SE6 青蔥 粉蔥 ,27.2,22.5,15.2,22.0,-0.45,1733.0,24.14,5,5,2019,0
2019-06-01,高雄市,SE6 青蔥 粉蔥 ,25.6,19.3,13.0,19.3,-12.27,1881.0,8.54,6,6,2019,0
2019-06-02,高雄市,SE6 青蔥 粉蔥 ,26.8,21.2,12.0,20.5,6.22,1992.0,5.9,6,7,2019,0
2019-06-03,高雄市,SE6 青蔥 粉蔥 ,,,,,,,,6,1,2019,1
2019-06-04,高雄市,SE6 青蔥 粉蔥 ,20.9,16.1,11.0,16.0,-21.95,2567.0,28.87,6,2,2019,0
2019-06-05,高雄市,SE6 青蔥 粉蔥 ,19.4,13.8,8.0,13.8,-13.75,2214.0,-13.75,6,3,2019,0
2019-06-06,高雄市,SE6 青蔥 粉蔥 ,20.5,14.3,10.0,14.7,6.52,1824.0,-17.62,6,4,2019,0
2019-06-07,高雄市,SE6 青蔥 粉蔥 ,20.6,14.3,8.3,14.4,-2.04,1648.0,-9.65,6,5,2019,0
2019-06-08,高雄市,SE6 青蔥 粉蔥 ,34.2,28.6,25.0,29.0,101.39,164.0,-90.05,6,6,2019,0
2019-06-09,高雄市,SE6 青蔥 粉蔥 ,,,,,,,,6,7,2019,1
2019-06-10,高雄市,SE6 青蔥 粉蔥 ,,,,,,,,6,1,2019,1
2019-06-11,高雄市,SE6 青蔥 粉蔥 ,30.0,27.4,21.3,26.7,-7.93,1169.0,612.8,6,2,2019,0
2019-06-12,高雄市,SE6 青蔥 粉蔥 ,32.0,29.6,15.3,27.2,1.87,1240.0,6.07,6,3,2019,0
2019-06-13,高雄市,SE6 青蔥 粉蔥 ,30.2,24.9,8.6,22.7,-16.54,1748.0,40.97,6,4,2019,0
2019-06-14,高雄市,SE6 青蔥 粉蔥 ,29.9,20.9,9.3,20.4,-10.13,1919.0,9.78,6,5,2019,0
2019-06-15,高雄市,SE6 青蔥 粉蔥 ,25.0,19.5,11.4,19.0,-6.86,2096.0,9.22,6,6,2019,0
2019-06-16,高雄市,SE6 青蔥 粉蔥 ,25.4,20.4,15.7,20.5,7.89,2025.0,-3.39,6,7,2019,0
2019-06-17,高雄市,SE6 青蔥 粉蔥 ,,,,,,,,6,1,2019,1
2019-06-18,高雄市,SE6 青蔥 粉蔥 ,27.5,23.2,17.4,22.9,11.71,1880.0,-7.16,6,2,2019,0
2019-06-19,高雄市,SE6 青蔥 粉蔥 ,26.0,25.2,18.7,24.1,5.24,1257.0,-33.14,6,3,2019,0
2019-06-20,高雄市,SE6 青蔥 粉蔥 ,24.7,20.7,14.3,20.2,-16.18,1736.0,38.11,6,4,2019,0
2019-06-21,高雄市,SE6 青蔥 粉蔥 ,23.5,20.8,17.4,20.6,1.98,1438.0,-17.17,6,5,2019,0
2019-06-22,高雄市,SE6 青蔥 粉蔥 ,24.6,20.2,13.1,19.7,-4.37,1688.0,17.39,6,6,2019,0
2019-06-23,高雄市,SE6 青蔥 粉蔥 ,25.9,21.3,10.7,20.1,2.03,1892.0,12.09,6,7,2019,0
2019-06-24,高雄市,SE6 青蔥 粉蔥 ,,,,,,,,6,1,2019,1
2019-06-25,高雄市,SE6 青蔥 粉蔥 ,27.6,22.7,19.9,23.1,14.93,1565.0,-17.28,6,2,2019,0
2019-06-26,高雄市,SE6 青蔥 粉蔥 ,29.3,24.4,17.4,24.0,3.9,1260.0,-19.49,6,3,2019,0
2019-06-27,高雄市,SE6 青蔥 粉蔥 ,27.8,21.8,15.5,21.8,-9.17,1837.0,45.79,6,4,2019,0
2019-06-28,高雄市,SE6 青蔥 粉蔥 ,24.6,19.4,14.2,19.4,-11.01,2008.0,9.31,6,5,2019,0
2019-06-29,高雄市,SE6 青蔥 粉蔥 ,25.1,16.3,12.5,17.3,-10.82,2284.0,13.75,6,6,2019,0
2019-06-30,高雄市,SE6 青蔥 粉蔥 ,19.6,15.1,11.1,15.2,-12.14,2355.0,3.11,6,7,2019,0
2019-07-01,高雄市,SE6 青蔥 粉蔥 ,,,,,,,,7,1,2019,1
2019-07-02,高雄市,SE6 青蔥 粉蔥 ,24.1,19.0,14.3,19.1,25.66,1501.0,-36.26,7,2,2019,0
2019-07-03,高雄市,SE6 青蔥 粉蔥 ,25.9,22.7,17.9,22.4,17.28,1329.0,-11.46,7,3,2019,0
2019-07-04,高雄市,SE6 青蔥 粉蔥 ,29.8,25.6,19.2,25.1,12.05,846.0,-36.34,7,4,2019,0
2019-07-05,高雄市,SE6 青蔥 粉蔥 ,30.8,25.3,18.2,25.0,-0.4,1546.0,82.74,7,5,2019,0
2019-07-06,高雄市,SE6 青蔥 粉蔥 ,23.2,20.4,15.0,19.9,-20.4,1973.0,27.62,7,6,2019,0
2019-07-07,高雄市,SE6 青蔥 粉蔥 ,32.5,30.0,21.0,28.7,44.22,1494.0,-24.28,7,7,2019,0
2019-07-08,高雄市,SE6 青蔥 粉蔥 ,,,,,,,,7,1,2019,1
2019-07-09,高雄市,SE6 青蔥 粉蔥 ,28.1,22.9,15.4,22.5,-21.6,1988.0,33.07,7,2,2019,0
2019-07-10,高雄市,SE6 青蔥 粉蔥 ,27.2,21.7,16.1,21.7,-3.56,1518.0,-23.64,7,3,2019,0
2019-07-11,高雄市,SE6 青蔥 粉蔥 ,23.4,19.1,13.1,18.8,-13.36,1701.0,12.06,7,4,2019,0
2019-07-12,高雄市,SE6 青蔥 粉蔥 ,30.3,23.3,15.0,23.0,22.34,1205.0,-29.16,7,5,2019,0
2019-07-13,高雄市,SE6 青蔥 粉蔥 ,30.0,23.1,14.9,22.8,-0.87,1736.0,44.07,7,6,2019,0
2019-07-14,高雄市,SE6 青蔥 粉蔥 ,31.2,25.4,14.2,24.3,6.58,1686.0,-2.88,7,7,2019,0
2019-07-15,高雄市,SE6 青蔥 粉蔥 ,,,,,,,,7,1,2019,1
2019-07-16,高雄市,SE6 青蔥 粉蔥 ,36.2,27.9,19.0,27.8,14.4,1051.0,-37.66,7,2,2019,0
2019-07-17,高雄市,SE6 青蔥 粉蔥 ,46.9,36.1,33.5,37.7,35.61,665.0,-36.73,7,3,2019,0
2019-07-18,高雄市,SE6 青蔥 粉蔥 ,43.3,36.6,32.3,37.1,-1.59,918.0,38.05,7,4,2019,0
2019-07-19,高雄市,SE6 青蔥 粉蔥 ,39.5,34.4,28.9,34.3,-7.55,794.0,-13.51,7,5,2019,0
2019-07-20,高雄市,SE6 青蔥 粉蔥 ,40.9,30.8,22.7,31.2,-9.04,1056.0,33.0,7,6,2019,0
2019-07-21,高雄市,SE6 青蔥 粉蔥 ,41.1,34.7,19.4,32.9,5.45,1012.0,-4.17,7,7,2019,0
2019-07-22,高雄市,SE6 青蔥 粉蔥 ,,,,,,,,7,1,2019,1
2019-07-23,高雄市,SE6 青蔥 粉蔥 ,47.7,34.5,15.5,33.3,1.22,962.0,-4.94,7,2,2019,0
2019-07-24,高雄市,SE6 青蔥 粉蔥 ,45.7,41.5,33.1,40.6,21.92,725.0,-24.64,7,3,2019,0
2019-07-25,高雄市,SE6 青蔥 粉蔥 ,45.8,40.5,33.3,40.1,-1.23,1110.0,53.1,7,4,2019,0
2019-07-26,高雄市,SE6 青蔥 粉蔥 ,45.8,36.7,27.9,36.8,-8.23,1189.0,7.12,7,5,2019,0
2019-07-27,高雄市,SE6 青蔥 粉蔥 ,47.4,34.0,25.0,34.9,-5.16,581.0,-51.14,7,6,2019,0
2019-07-28,高雄市,SE6 青蔥 粉蔥 ,48.6,40.2,28.4,39.5,13.18,910.0,56.63,7,7,2019,0
2019-07-29,高雄市,SE6 青蔥 粉蔥 ,,,,,,,,7,1,2019,1
2019-07-30,高雄市,SE6 青蔥 粉蔥 ,47.9,35.5,21.7,35.2,-10.89,945.0,3.85,7,2,2019,0
2019-07-31,高雄市,SE6 青蔥 粉蔥 ,48.7,43.4,31.4,42.1,19.6,522.0,-44.76,7,3,2019,0
2019-08-01,高雄市,SE6 青蔥 粉蔥 ,48.0,37.0,22.3,36.2,-14.01,726.0,39.08,8,4,2019,0
2019-08-02,高雄市,SE6 青蔥 粉蔥 ,62.7,56.5,40.1,54.4,50.28,418.0,-42.42,8,5,2019,0
2019-08-03,高雄市,SE6 青蔥 粉蔥 ,71.1,59.1,53.2,60.3,10.85,373.0,-10.77,8,6,2019,0
2019-08-04,高雄市,SE6 青蔥 粉蔥 ,72.4,70.0,53.6,67.2,11.44,250.0,-32.98,8,7,2019,0
2019-08-05,高雄市,SE6 青蔥 粉蔥 ,,,,,,,,8,1,2019,1
2019-08-06,高雄市,SE6 青蔥 粉蔥 ,90.8,77.2,62.4,77.0,14.58,596.0,138.4,8,2,2019,0
2019-08-07,高雄市,SE6 青蔥 粉蔥 ,82.6,71.2,52.5,69.7,-9.48,938.0,57.38,8,3,2019,0
2019-08-08,高雄市,SE6 青蔥 粉蔥 ,70.7,60.0,47.6,59.7,-14.35,1096.0,16.84,8,4,2019,0
2019-08-09,高雄市,SE6 青蔥 粉蔥 ,74.2,48.5,39.2,51.8,-13.23,1190.0,8.58,8,5,2019,0
2019-08-10,高雄市,SE6 青蔥 粉蔥 ,66.6,45.6,33.9,47.5,-8.3,1140.0,-4.2,8,6,2019,0
2019-08-11,高雄市,SE6 青蔥 粉蔥 ,81.6,51.5,43.8,56.0,17.89,680.0,-40.35,8,7,2019,0
2019-08-12,高雄市,SE6 青蔥 粉蔥 ,,,,,,,,8,1,2019,1
2019-08-13,高雄市,SE6 青蔥 粉蔥 ,56.8,33.8,27.1,37.1,-33.75,1338.0,96.76,8,2,2019,0
2019-08-14,高雄市,SE6 青蔥 粉蔥 ,86.1,59.1,44.3,61.5,65.77,267.0,-80.04,8,3,2019,0
2019-08-15,高雄市,SE6 青蔥 粉蔥 ,91.6,88.4,77.3,86.8,41.14,487.0,82.4,8,4,2019,0
2019-08-16,高雄市,SE6 青蔥 粉蔥 ,,,,,,,,8,5,2019,1
2019-08-17,高雄市,SE6 青蔥 粉蔥 ,,,,,,,,8,6,2019,1
2019-08-18,高雄市,SE6 青蔥 粉蔥 ,105.0,91.9,66.4,89.4,3.0,563.0,15.61,8,7,2019,0
2019-08-19,高雄市,SE6 青蔥 粉蔥 ,,,,,,,,8,1,2019,1
2019-08-20,高雄市,SE6 青蔥 粉蔥 ,104.7,75.2,40.8,74.3,-16.89,437.0,-22.38,8,2,2019,0
2019-08-21,高雄市,SE6 青蔥 粉蔥 ,93.1,83.5,61.7,81.1,9.15,533.0,21.97,8,3,2019,0
2019-08-22,高雄市,SE6 青蔥 粉蔥 ,103.5,82.1,40.0,78.0,-3.82,863.0,61.91,8,4,2019,0
2019-08-23,高雄市,SE6 青蔥 粉蔥 ,102.0,81.4,68.0,82.8,6.15,710.0,-17.73,8,5,2019,0
2019-08-24,高雄市,SE6 青蔥 粉蔥 ,118.1,81.5,52.6,83.0,0.24,548.0,-22.82,8,6,2019,0
2019-08-25,高雄市,SE6 青蔥 粉蔥 ,127.9,89.4,62.9,91.8,10.6,724.0,32.12,8,7,2019,0
2019-08-26,高雄市,SE6 青蔥 粉蔥 ,,,,,,,,8,1,2019,1
2019-08-27,高雄市,SE6 青蔥 粉蔥 ,128.5,76.1,38.9,79.1,-13.83,604.0,-16.57,8,2,2019,0
2019-08-28,高雄市,SE6 青蔥 粉蔥 ,99.3,63.5,47.6,67.5,-14.66,425.0,-29.64,8,3,2019,0
2019-08-29,高雄市,SE6 青蔥 粉蔥 ,137.0,120.1,93.5,118.1,74.96,229.0,-46.12,8,4,2019,0
2019-08-30,高雄市,SE6 青蔥 粉蔥 ,114.4,100.8,85.0,100.4,-14.99,248.0,8.3,8,5,2019,0
2019-08-31,高雄市,SE6 青蔥 粉蔥 ,120.0,109.9,99.3,109.8,9.36,248.0,0.0,8,6,2019,0
2019-09-01,高雄市,SE6 青蔥 粉蔥 ,170.0,149.3,124.5,148.5,35.25,289.0,16.53,9,7,2019,0
2019-09-02,高雄市,SE6 青蔥 粉蔥 ,,,,,,,,9,1,2019,1
2019-09-03,高雄市,SE6 青蔥 粉蔥 ,167.0,140.2,99.4,137.4,-7.47,265.0,-8.3,9,2,2019,0
2019-09-04,高雄市,SE6 青蔥 粉蔥 ,180.0,170.8,146.0,167.7,22.05,238.0,-10.19,9,3,2019,0
2019-09-05,高雄市,SE6 青蔥 粉蔥 ,230.0,184.4,107.7,178.2,6.26,142.0,-40.34,9,4,2019,0
2019-09-06,高雄市,SE6 青蔥 粉蔥 ,200.6,177.4,117.0,170.0,-4.6,485.0,241.55,9,5,2019,0
2019-09-07,高雄市,SE6 青蔥 粉蔥 ,195.6,138.2,103.2,142.7,-16.06,578.0,19.18,9,6,2019,0
2019-09-08,高雄市,SE6 青蔥 粉蔥 ,206.3,143.2,95.7,146.3,2.52,832.0,43.94,9,7,2019,0
2019-09-09,高雄市,SE6 青蔥 粉蔥 ,,,,,,,,9,1,2019,1
2019-09-10,高雄市,SE6 青蔥 粉蔥 ,169.4,133.4,67.1,127.4,-12.92,643.0,-22.72,9,2,2019,0
2019-09-11,高雄市,SE6 青蔥 粉蔥 ,190.2,144.0,119.1,148.3,16.41,840.0,30.64,9,3,2019,0
2019-09-12,高雄市,SE6 青蔥 粉蔥 ,182.3,105.9,52.1,110.4,-25.56,1060.0,26.19,9,4,2019,0
2019-09-13,高雄市,SE6 青蔥 粉蔥 ,162.0,102.8,50.8,104.2,-5.62,884.0,-16.6,9,5,2019,0
2019-09-14,高雄市,SE6 青蔥 粉蔥 ,179.1,152.6,100.0,147.3,41.36,441.0,-50.11,9,6,2019,0
2019-09-15,高雄市,SE6 青蔥 粉蔥 ,,,,,,,,9,7,2019,1
2019-09-16,高雄市,SE6 青蔥 粉蔥 ,,,,,,,,9,1,2019,1
2019-09-17,高雄市,SE6 青蔥 粉蔥 ,,,,,,,,9,2,2019,1
2019-09-18,高雄市,SE6 青蔥 粉蔥 ,224.2,98.4,35.9,111.1,-24.58,743.0,68.48,9,3,2019,0
2019-09-19,高雄市,SE6 青蔥 粉蔥 ,220.0,189.8,104.6,178.8,60.94,334.0,-55.05,9,4,2019,0
2019-09-20,高雄市,SE6 青蔥 粉蔥 ,206.8,200.0,163.3,194.0,8.5,214.0,-35.93,9,5,2019,0
2019-09-21,高雄市,SE6 青蔥 粉蔥 ,214.5,210.0,130.6,195.0,0.52,250.0,16.82,9,6,2019,0
2019-09-22,高雄市,SE6 青蔥 粉蔥 ,210.0,210.0,154.6,198.9,2.0,234.0,-6.4,9,7,2019,0
2019-09-23,高雄市,SE6 青蔥 粉蔥 ,,,,,,,,9,1,2019,1
2019-09-24,高雄市,SE6 青蔥 粉蔥 ,220.7,205.0,172.2,201.6,1.36,286.0,22.22,9,2,2019,0
2019-09-25,高雄市,SE6 青蔥 粉蔥 ,210.9,200.0,159.8,194.1,-3.72,275.0,-3.85,9,3,2019,0
2019-09-26,高雄市,SE6 青蔥 粉蔥 ,234.3,221.7,212.2,222.3,14.53,232.0,-15.64,9,4,2019,0
2019-09-27,高雄市,SE6 青蔥 粉蔥 ,225.0,204.7,184.0,204.6,-7.96,225.0,-3.02,9,5,2019,0
2019-09-28,高雄市,SE6 青蔥 粉蔥 ,225.0,186.6,172.2,191.4,-6.45,129.0,-42.67,9,6,2019,0
2019-09-29,高雄市,SE6 青蔥 粉蔥 ,240.0,215.8,114.7,200.4,4.7,199.0,54.26,9,7,2019,0
2019-09-30,高雄市,SE6 青蔥 粉蔥 ,,,,,,,,9,1,2019,1
2019-10-01,高雄市,SE6 青蔥 粉蔥 ,220.0,177.2,134.7,177.3,-11.53,237.0,19.1,10,2,2019,0
2019-10-02,高雄市,SE6 青蔥 粉蔥 ,240.0,230.9,170.9,220.7,24.48,136.0,-42.62,10,3,2019,0
2019-10-03,高雄市,SE6 青蔥 粉蔥 ,215.0,199.2,150.1,192.5,-12.78,461.0,238.97,10,4,2019,0
2019-10-04,高雄市,SE6 青蔥 粉蔥 ,212.7,185.9,154.0,184.9,-3.95,549.0,19.09,10,5,2019,0
2019-10-05,高雄市,SE6 青蔥 粉蔥 ,193.3,158.7,122.0,158.3,-14.39,752.0,36.98,10,6,2019,0
2019-10-06,高雄市,SE6 青蔥 粉蔥 ,179.6,129.0,84.3,130.2,-17.75,596.0,-20.74,10,7,2019,0
2019-10-07,高雄市,SE6 青蔥 粉蔥 ,,,,,,,,10,1,2019,1
2019-10-08,高雄市,SE6 青蔥 粉蔥 ,176.2,145.9,130.0,148.8,14.29,243.0,-59.23,10,2,2019,0
2019-10-09,高雄市,SE6 青蔥 粉蔥 ,226.7,180.4,130.0,179.6,20.7,224.0,-7.82,10,3,2019,0
2019-10-10,高雄市,SE6 青蔥 粉蔥 ,204.2,155.5,74.7,149.1,-16.98,237.0,5.8,10,4,2019,0
2019-10-11,高雄市,SE6 青蔥 粉蔥 ,217.5,173.6,140.1,175.7,17.84,302.0,27.43,10,5,2019,0
2019-10-12,高雄市,SE6 青蔥 粉蔥 ,199.7,184.1,132.9,177.0,0.74,320.0,5.96,10,6,2019,0
2019-10-13,高雄市,SE6 青蔥 粉蔥 ,191.3,178.4,161.0,177.5,0.28,529.0,65.31,10,7,2019,0
2019-10-14,高雄市,SE6 青蔥 粉蔥 ,,,,,,,,10,1,2019,1
2019-10-15,高雄市,SE6 青蔥 粉蔥 ,199.4,167.9,148.5,170.3,-4.06,674.0,27.41,10,2,2019,0
2019-10-16,高雄市,SE6 青蔥 粉蔥 ,185.5,154.4,118.7,153.5,-9.86,694.0,2.97,10,3,2019,0
2019-10-17,高雄市,SE6 青蔥 粉蔥 ,153.3,97.7,60.0,101.3,-34.01,362.0,-47.84,10,4,2019,0
2019-10-18,高雄市,SE6 青蔥 粉蔥 ,184.5,141.1,109.0,143.4,41.56,795.0,119.61,10,5,2019,0
2019-10-19,高雄市,SE6 青蔥 粉蔥 ,163.0,126.3,75.1,123.4,-13.95,705.0,-11.32,10,6,2019,0
2019-10-20,高雄市,SE6 青蔥 粉蔥 ,170.8,138.6,98.7,137.0,11.02,833.0,18.16,10,7,2019,0
2019-10-21,高雄市,SE6 青蔥 粉蔥 ,,,,,,,,10,1,2019,1
2019-10-22,高雄市,SE6 青蔥 粉蔥 ,168.8,128.1,97.3,130.1,-5.04,678.0,-18.61,10,2,2019,0
2019-10-23,高雄市,SE6 青蔥 粉蔥 ,158.5,131.9,110.0,132.9,2.15,383.0,-43.51,10,3,2019,0
2019-10-24,高雄市,SE6 青蔥 粉蔥 ,169.0,116.1,71.6,117.8,-11.36,715.0,86.68,10,4,2019,0
2019-10-25,高雄市,SE6 青蔥 粉蔥 ,160.7,108.6,90.0,115.3,-2.12,504.0,-29.51,10,5,2019,0
2019-10-26,高雄市,SE6 青蔥 粉蔥 ,159.6,124.3,86.5,123.8,7.37,458.0,-9.13,10,6,2019,0
2019-10-27,高雄市,SE6 青蔥 粉蔥 ,169.6,147.3,113.3,144.9,17.04,326.0,-28.82,10,7,2019,0
2019-10-28,高雄市,SE6 青蔥 粉蔥 ,,,,,,,,10,1,2019,1
2019-10-29,高雄市,SE6 青蔥 粉蔥 ,158.3,122.1,80.6,121.0,-16.49,546.0,67.48,10,2,2019,0
2019-10-30,高雄市,SE6 青蔥 粉蔥 ,186.5,124.7,50.0,122.1,0.91,231.0,-57.69,10,3,2019,0
2019-10-31,高雄市,SE6 青蔥 粉蔥 ,180.0,158.2,150.0,160.9,31.78,143.0,-38.1,10,4,2019,0
2019-11-01,高雄市,SE6 青蔥 粉蔥 ,168.7,153.8,144.0,154.8,-3.79,336.0,134.97,11,5,2019,0
2019-11-02,高雄市,SE6 青蔥 粉蔥 ,148.7,109.5,41.0,103.6,-33.07,929.0,176.49,11,6,2019,0
2019-11-03,高雄市,SE6 青蔥 粉蔥 ,156.0,137.4,92.0,132.0,27.41,334.0,-64.05,11,7,2019,0
2019-11-04,高雄市,SE6 青蔥 粉蔥 ,,,,,,,,11,1,2019,1
2019-11-05,高雄市,SE6 青蔥 粉蔥 ,151.3,132.4,100.0,129.7,-1.74,690.0,106.59,11,2,2019,0
2019-11-06,高雄市,SE6 青蔥 粉蔥 ,135.3,121.7,94.2,118.9,-8.33,739.0,7.1,11,3,2019,0
2019-11-07,高雄市,SE6 青蔥 粉蔥 ,127.2,111.4,70.9,106.5,-10.43,883.0,19.49,11,4,2019,0
2019-11-08,高雄市,SE6 青蔥 粉蔥 ,132.6,117.6,100.0,117.1,9.95,274.0,-68.97,11,5,2019,0
2019-11-09,高雄市,SE6 青蔥 粉蔥 ,156.2,122.1,68.7,118.2,0.94,334.0,21.9,11,6,2019,0
2019-11-10,高雄市,SE6 青蔥 粉蔥 ,140.0,134.3,116.4,131.9,11.59,367.0,9.88,11,7,2019,0
2019-11-11,高雄市,SE6 青蔥 粉蔥 ,,,,,,,,11,1,2019,1
2019-11-12,高雄市,SE6 青蔥 粉蔥 ,135.5,128.3,104.1,124.9,-5.31,561.0,52.86,11,2,2019,0
2019-11-13,高雄市,SE6 青蔥 粉蔥 ,138.6,131.4,110.8,128.7,3.04,412.0,-26.56,11,3,2019,0
2019-11-14,高雄市,SE6 青蔥 粉蔥 ,,,,,,,,11,4,2019,1
2019-11-15,高雄市,SE6 青蔥 粉蔥 ,139.5,136.0,131.8,135.9,5.59,351.0,-14.81,11,5,2019,0
2019-11-16,高雄市,SE6 青蔥 粉蔥 ,130.0,127.9,125.0,127.8,-5.96,143.0,-59.26,11,6,2019,0
2019-11-17,高雄市,SE6 青蔥 粉蔥 ,154.4,138.5,115.2,137.0,7.2,255.0,78.32,11,7,2019,0
2019-11-18,高雄市,SE6 青蔥 粉蔥 ,,,,,,,,11,1,2019,1
2019-11-19,高雄市,SE6 青蔥 粉蔥 ,138.8,134.7,130.0,134.6,-1.75,242.0,-5.1,11,2,2019,0
2019-11-20,高雄市,SE6 青蔥 粉蔥 ,145.0,133.5,119.4,133.0,-1.19,388.0,60.33,11,3,2019,0
2019-11-21,高雄市,SE6 青蔥 粉蔥 ,129.9,117.2,100.5,116.4,-12.48,550.0,41.75,11,4,2019,0
2019-11-22,高雄市,SE6 青蔥 粉蔥 ,131.4,112.2,84.9,110.6,-4.98,624.0,13.45,11,5,2019,0
2019-11-23,高雄市,SE6 青蔥 粉蔥 ,123.3,111.5,78.4,107.2,-3.07,631.0,1.12,11,6,2019,0
2019-11-24,高雄市,SE6 青蔥 粉蔥 ,119.2,103.0,83.7,102.4,-4.48,720.0,14.1,11,7,2019,0
2019-11-25,高雄市,SE6 青蔥 粉蔥 ,,,,,,,,11,1,2019,1
2019-11-26,高雄市,SE6 青蔥 粉蔥 ,153.0,103.5,36.1,99.9,-2.44,228.0,-68.33,11,2,2019,0
2019-11-27,高雄市,SE6 青蔥 粉蔥 ,145.0,115.8,91.2,116.7,16.82,465.0,103.95,11,3,2019,0
2019-11-28,高雄市,SE6 青蔥 粉蔥 ,135.2,106.0,76.0,105.9,-9.25,969.0,108.39,11,4,2019,0
2019-11-29,高雄市,SE6 青蔥 粉蔥 ,128.2,103.7,85.0,104.8,-1.04,962.0,-0.72,11,5,2019,0
2019-11-30,高雄市,SE6 青蔥 粉蔥 ,116.2,91.5,63.0,90.7,-13.45,1277.0,32.74,11,6,2019,0
2019-12-01,高雄市,SE6 青蔥 粉蔥 ,106.2,83.9,63.4,84.3,-7.06,1323.0,3.6,12,7,2019,0
2019-12-02,高雄市,SE6 青蔥 粉蔥 ,,,,,,,,12,1,2019,1
2019-12-03,高雄市,SE6 青蔥 粉蔥 ,90.0,84.3,67.7,82.1,-2.61,1064.0,-19.58,12,2,2019,0
2019-12-04,高雄市,SE6 青蔥 粉蔥 ,92.3,83.7,75.8,83.8,2.07,793.0,-25.47,12,3,2019,0
2019-12-05,高雄市,SE6 青蔥 粉蔥 ,82.1,71.4,60.0,71.3,-14.92,1575.0,98.61,12,4,2019,0
2019-12-06,高雄市,SE6 青蔥 粉蔥 ,88.0,80.6,62.4,78.4,9.96,484.0,-69.27,12,5,2019,0
2019-12-07,高雄市,SE6 青蔥 粉蔥 ,111.8,87.3,75.1,89.8,14.54,645.0,33.26,12,6,2019,0
2019-12-08,高雄市,SE6 青蔥 粉蔥 ,124.4,92.6,62.7,93.0,3.56,509.0,-21.09,12,7,2019,0
2019-12-09,高雄市,SE6 青蔥 粉蔥 ,,,,,,,,12,1,2019,1
2019-12-10,高雄市,SE6 青蔥 粉蔥 ,131.8,101.3,69.1,101.0,8.6,781.0,53.44,12,2,2019,0
2019-12-11,高雄市,SE6 青蔥 粉蔥 ,114.1,102.8,68.3,98.2,-2.77,973.0,24.58,12,3,2019,0
2019-12-12,高雄市,SE6 青蔥 粉蔥 ,108.8,92.4,65.6,90.3,-8.04,969.0,-0.41,12,4,2019,0
2019-12-13,高雄市,SE6 青蔥 粉蔥 ,112.0,91.4,78.3,92.9,2.88,672.0,-30.65,12,5,2019,0
2019-12-14,高雄市,SE6 青蔥 粉蔥 ,111.9,84.5,57.2,84.5,-9.04,991.0,47.47,12,6,2019,0
2019-12-15,高雄市,SE6 青蔥 粉蔥 ,92.1,74.5,55.2,74.1,-12.31,1772.0,78.81,12,7,2019,0
2019-12-16,高雄市,SE6 青蔥 粉蔥 ,,,,,,,,12,1,2019,1
2019-12-17,高雄市,SE6 青蔥 粉蔥 ,91.6,69.9,39.0,68.1,-8.1,1635.0,-7.73,12,2,2019,0
2019-12-18,高雄市,SE6 青蔥 粉蔥 ,83.9,61.2,30.4,59.6,-12.48,1778.0,8.75,12,3,2019,0
2019-12-19,高雄市,SE6 青蔥 粉蔥 ,67.7,46.5,29.1,47.3,-20.64,1883.0,5.91,12,4,2019,0
2019-12-20,高雄市,SE6 青蔥 粉蔥 ,65.8,48.3,29.5,48.0,1.48,1399.0,-25.7,12,5,2019,0
2019-12-21,高雄市,SE6 青蔥 粉蔥 ,67.4,50.3,40.3,51.7,7.71,1297.0,-7.29,12,6,2019,0
2019-12-22,高雄市,SE6 青蔥 粉蔥 ,58.5,50.0,39.6,49.6,-4.06,1581.0,21.9,12,7,2019,0
2019-12-23,高雄市,SE6 青蔥 粉蔥 ,,,,,,,,12,1,2019,1
2019-12-24,高雄市,SE6 青蔥 粉蔥 ,55.5,43.9,30.5,43.6,-12.1,1750.0,10.69,12,2,2019,0
2019-12-25,高雄市,SE6 青蔥 粉蔥 ,54.0,39.1,31.7,40.6,-6.88,1299.0,-25.77,12,3,2019,0
2019-12-26,高雄市,SE6 青蔥 粉蔥 ,65.1,50.7,36.7,50.8,25.12,870.0,-33.03,12,4,2019,0
2019-12-27,高雄市,SE6 青蔥 粉蔥 ,54.9,43.1,34.1,43.7,-13.98,1624.0,86.67,12,5,2019,0
2019-12-28,高雄市,SE6 青蔥 粉蔥 ,63.8,53.8,41.0,53.2,21.74,1374.0,-15.39,12,6,2019,0
2019-12-29,高雄市,SE6 青蔥 粉蔥 ,60.2,49.8,35.0,48.9,-8.08,2179.0,58.59,12,7,2019,0
2019-12-30,高雄市,SE6 青蔥 粉蔥 ,,,,,,,,12,1,2019,1
2019-12-31,高雄市,SE6 青蔥 粉蔥 ,70.7,56.0,38.6,55.5,13.5,1410.0,-35.29,12,2,2019,0
2020-01-01,高雄市,SE6 青蔥 粉蔥 ,59.1,47.5,35.1,47.3,-14.77,1969.0,39.65,1,3,2020,0
2020-01-02,高雄市,SE6 青蔥 粉蔥 ,59.2,52.3,46.3,52.5,10.99,1323.0,-32.81,1,4,2020,0
2020-01-03,高雄市,SE6 青蔥 粉蔥 ,55.3,47.8,32.3,46.2,-12.0,2078.0,57.07,1,5,2020,0
2020-01-04,高雄市,SE6 青蔥 粉蔥 ,50.5,43.9,33.6,43.2,-6.49,1941.0,-6.59,1,6,2020,0
2020-01-05,高雄市,SE6 青蔥 粉蔥 ,40.0,32.2,22.7,31.8,-26.39,3170.0,63.32,1,7,2020,0
2020-01-06,高雄市,SE6 青蔥 粉蔥 ,,,,,,,,1,1,2020,1
2020-01-07,高雄市,SE6 青蔥 粉蔥 ,44.1,33.0,26.1,33.8,6.29,2415.0,-23.82,1,2,2020,0
2020-01-08,高雄市,SE6 青蔥 粉蔥 ,34.5,24.1,18.6,25.1,-25.74,2645.0,9.52,1,3,2020,0
2020-01-09,高雄市,SE6 青蔥 粉蔥 ,30.9,22.3,15.9,22.7,-9.56,2345.0,-11.34,1,4,2020,0
2020-01-10,高雄市,SE6 青蔥 粉蔥 ,31.3,16.7,10.0,18.3,-19.38,3024.0,28.96,1,5,2020,0
2020-01-11,高雄市,SE6 青蔥 粉蔥 ,33.0,18.3,8.0,19.2,4.92,2621.0,-13.33,1,6,2020,0
2020-01-12,高雄市,SE6 青蔥 粉蔥 ,35.4,22.5,10.8,22.8,18.75,2129.0,-18.77,1,7,2020,0
2020-01-13,高雄市,SE6 青蔥 粉蔥 ,,,,,,,,1,1,2020,1
2020-01-14,高雄市,SE6 青蔥 粉蔥 ,36.0,28.3,21.7,28.5,25.0,2065.0,-3.01,1,2,2020,0
2020-01-15,高雄市,SE6 青蔥 粉蔥 ,32.1,23.3,15.9,23.6,-17.19,2104.0,1.89,1,3,2020,0
2020-01-16,高雄市,SE6 青蔥 粉蔥 ,38.5,25.6,12.5,25.6,8.47,1499.0,-28.75,1,4,2020,0
2020-01-17,高雄市,SE6 青蔥 粉蔥 ,39.4,27.6,20.3,28.5,11.33,1521.0,1.47,1,5,2020,0
2020-01-18,高雄市,SE6 青蔥 粉蔥 ,37.3,25.6,18.8,26.6,-6.67,1541.0,1.31,1,6,2020,0
2020-01-19,高雄市,SE6 青蔥 粉蔥 ,42.3,30.4,23.6,31.4,18.05,1813.0,17.65,1,7,2020,0
2020-01-20,高雄市,SE6 青蔥 粉蔥 ,,,,,,,,1,1,2020,1
2020-01-21,高雄市,SE6 青蔥 粉蔥 ,41.6,31.8,18.0,31.0,-1.27,1933.0,6.62,1,2,2020,0
2020-01-22,高雄市,SE6 青蔥 粉蔥 ,49.8,39.7,24.9,38.8,25.16,2764.0,42.99,1,3,2020,0
2020-01-23,高雄市,SE6 青蔥 粉蔥 ,52.8,38.1,24.1,38.3,-1.29,1748.0,-36.76,1,4,2020,0
2020-01-24,高雄市,SE6 青蔥 粉蔥 ,46.8,36.1,33.7,37.8,-1.31,816.0,-53.32,1,5,2020,0
2020-01-25,高雄市,SE6 青蔥 粉蔥 ,,,,,,,,1,6,2020,1
2020-01-26,高雄市,SE6 青蔥 粉蔥 ,,,,,,,,1,7,2020,1
2020-01-27,高雄市,SE6 青蔥 粉蔥 ,,,,,,,,1,1,2020,1
2020-01-28,高雄市,SE6 青蔥 粉蔥 ,,,,,,,,1,2,2020,1
2020-01-29,高雄市,SE6 青蔥 粉蔥 ,,,,,,,,1,3,2020,1
2020-01-30,高雄市,SE6 青蔥 粉蔥 ,43.7,33.9,27.7,34.6,-8.47,1890.0,131.62,1,4,2020,0
2020-01-31,高雄市,SE6 青蔥 粉蔥 ,42.4,31.0,27.5,32.6,-5.78,1276.0,-32.49,1,5,2020,0
2020-02-01,高雄市,SE6 青蔥 粉蔥 ,38.7,32.2,22.3,31.5,-3.37,1435.0,12.46,2,6,2020,0
2020-02-02,高雄市,SE6 青蔥 粉蔥 ,38.4,33.0,26.0,32.7,3.81,1070.0,-25.44,2,7,2020,0
2020-02-03,高雄市,SE6 青蔥 粉蔥 ,,,,,,,,2,1,2020,1
2020-02-04,高雄市,SE6 青蔥 粉蔥 ,37.9,33.2,28.2,33.1,1.22,1185.0,10.75,2,2,2020,0
2020-02-05,高雄市,SE6 青蔥 粉蔥 ,43.6,37.0,25.9,36.1,9.06,1093.0,-7.76,2,3,2020,0
2020-02-06,高雄市,SE6 青蔥 粉蔥 ,38.1,34.8,29.8,34.4,-4.71,1116.0,2.1,2,4,2020,0
2020-02-07,高雄市,SE6 青蔥 粉蔥 ,38.4,31.5,19.2,30.4,-11.63,2240.0,100.72,2,5,2020,0
2020-02-08,高雄市,SE6 青蔥 粉蔥 ,34.4,23.5,18.4,24.7,-18.75,3384.0,51.07,2,6,2020,0
2020-02-09,高雄市,SE6 青蔥 粉蔥 ,,,,,,,,2,7,2020,1
2020-02-10,高雄市,SE6 青蔥 粉蔥 ,,,,,,,,2,1,2020,1
2020-02-11,高雄市,SE6 青蔥 粉蔥 ,,,,,,,,2,2,2020,1
2020-02-12,高雄市,SE6 青蔥 粉蔥 ,40.3,30.3,21.2,30.5,23.48,1508.0,-55.44,2,3,2020,0
2020-02-13,高雄市,SE6 青蔥 粉蔥 ,30.5,23.5,14.5,23.1,-24.26,1809.0,19.96,2,4,2020,0
2020-02-14,高雄市,SE6 青蔥 粉蔥 ,31.7,23.4,13.9,23.2,0.43,2064.0,14.1,2,5,2020,0
2020-02-15,高雄市,SE6 青蔥 粉蔥 ,29.9,21.4,15.5,21.9,-5.6,1796.0,-12.98,2,6,2020,0
2020-02-16,高雄市,SE6 青蔥 粉蔥 ,30.9,21.8,12.8,21.8,-0.46,1696.0,-5.57,2,7,2020,0
2020-02-17,高雄市,SE6 青蔥 粉蔥 ,,,,,,,,2,1,2020,1
2020-02-18,高雄市,SE6 青蔥 粉蔥 ,31.6,22.8,17.0,23.4,7.34,2383.0,40.51,2,2,2020,0
2020-02-19,高雄市,SE6 青蔥 粉蔥 ,30.4,23.5,13.6,22.9,-2.14,1742.0,-26.9,2,3,2020,0
2020-02-20,高雄市,SE6 青蔥 粉蔥 ,30.1,24.9,18.3,24.6,7.42,1460.0,-16.19,2,4,2020,0
2020-02-21,高雄市,SE6 青蔥 粉蔥 ,26.5,22.9,15.5,22.1,-10.16,1879.0,28.7,2,5,2020,0
2020-02-22,高雄市,SE6 青蔥 粉蔥 ,31.1,25.9,19.2,25.6,15.84,1125.0,-40.13,2,6,2020,0
2020-02-23,高雄市,SE6 青蔥 粉蔥 ,31.2,26.8,16.8,25.7,0.39,1596.0,41.87,2,7,2020,0
2020-02-24,高雄市,SE6 青蔥 粉蔥 ,,,,,,,,2,1,2020,1
2020-02-25,高雄市,SE6 青蔥 粉蔥 ,29.9,25.7,18.4,25.0,-2.72,1574.0,-1.38,2,2,2020,0
2020-02-26,高雄市,SE6 青蔥 粉蔥 ,31.5,27.3,17.5,26.2,4.8,1334.0,-15.25,2,3,2020,0
2020-02-27,高雄市,SE6 青蔥 粉蔥 ,33.4,28.3,18.3,27.3,4.2,1159.0,-13.12,2,4,2020,0
2020-02-28,高雄市,SE6 青蔥 粉蔥 ,36.6,32.0,25.0,31.5,15.38,874.0,-24.59,2,5,2020,0
2020-02-29,高雄市,SE6 青蔥 粉蔥 ,35.5,22.4,4.4,21.4,-32.06,1756.0,100.92,2,6,2020,0
2020-03-01,高雄市,SE6 青蔥 粉蔥 ,35.0,29.1,12.3,26.9,25.7,1696.0,-3.42,3,7,2020,0
2020-03-02,高雄市,SE6 青蔥 粉蔥 ,,,,,,,,3,1,2020,1
2020-03-03,高雄市,SE6 青蔥 粉蔥 ,34.8,31.8,27.8,31.6,17.47,1332.0,-21.46,3,2,2020,0
2020-03-04,高雄市,SE6 青蔥 粉蔥 ,31.7,27.9,20.3,27.1,-14.24,1579.0,18.54,3,3,2020,0
2020-03-05,高雄市,SE6 青蔥 粉蔥 ,30.1,22.2,12.4,21.8,-19.56,1762.0,11.59,3,4,2020,0
2020-03-06,高雄市,SE6 青蔥 粉蔥 ,27.5,24.9,15.3,23.5,7.8,1603.0,-9.02,3,5,2020,0
2020-03-07,高雄市,SE6 青蔥 粉蔥 ,28.3,22.5,14.7,22.1,-5.96,1702.0,6.18,3,6,2020,0
2020-03-08,高雄市,SE6 青蔥 粉蔥 ,29.4,23.3,13.0,22.5,1.81,2094.0,23.03,3,7,2020,0
2020-03-09,高雄市,SE6 青蔥 粉蔥 ,,,,,,,,3,1,2020,1
2020-03-10,高雄市,SE6 青蔥 粉蔥 ,28.2,20.6,14.6,20.9,-7.11,1514.0,-27.7,3,2,2020,0
2020-03-11,高雄市,SE6 青蔥 粉蔥 ,34.6,27.0,18.9,26.9,28.71,1136.0,-24.97,3,3,2020,0
2020-03-12,高雄市,SE6 青蔥 粉蔥 ,31.5,27.6,19.8,26.8,-0.37,1301.0,14.52,3,4,2020,0
2020-03-13,高雄市,SE6 青蔥 粉蔥 ,27.0,23.0,18.6,22.9,-14.55,1409.0,8.3,3,5,2020,0
2020-03-14,高雄市,SE6 青蔥 粉蔥 ,27.9,23.8,16.5,23.2,1.31,1715.0,21.72,3,6,2020,0
2020-03-15,高雄市,SE6 青蔥 粉蔥 ,28.6,23.2,17.8,23.2,0.0,1907.0,11.2,3,7,2020,0
2020-03-16,高雄市,SE6 青蔥 粉蔥 ,,,,,,,,3,1,2020,1
2020-03-17,高雄市,SE6 青蔥 粉蔥 ,30.2,26.8,22.7,26.7,15.09,1625.0,-14.79,3,2,2020,0
2020-03-18,高雄市,SE6 青蔥 粉蔥 ,32.1,27.6,23.2,27.7,3.75,1329.0,-18.22,3,3,2020,0
2020-03-19,高雄市,SE6 青蔥 粉蔥 ,31.0,28.2,21.7,27.5,-0.72,1589.0,19.56,3,4,2020,0
2020-03-20,高雄市,SE6 青蔥 粉蔥 ,31.0,26.3,20.6,26.1,-5.09,1709.0,7.55,3,5,2020,0
2020-03-21,高雄市,SE6 青蔥 粉蔥 ,28.0,25.4,20.7,25.0,-4.21,1836.0,7.43,3,6,2020,0
2020-03-22,高雄市,SE6 青蔥 粉蔥 ,34.6,28.4,20.8,28.1,12.4,1791.0,-2.45,3,7,2020,0
2020-03-23,高雄市,SE6 青蔥 粉蔥 ,,,,,,,,3,1,2020,1
2020-03-24,高雄市,SE6 青蔥 粉蔥 ,29.7,26.4,19.2,25.6,-8.9,2030.0,13.34,3,2,2020,0
2020-03-25,高雄市,SE6 青蔥 粉蔥 ,28.4,23.1,16.5,22.8,-10.94,1855.0,-8.62,3,3,2020,0
2020-03-26,高雄市,SE6 青蔥 粉蔥 ,26.2,20.5,14.8,20.5,-10.09,1831.0,-1.29,3,4,2020,0
2020-03-27,高雄市,SE6 青蔥 粉蔥 ,26.7,18.2,13.6,19.0,-7.32,1336.0,-27.03,3,5,2020,0
2020-03-28,高雄市,SE6 青蔥 粉蔥 ,25.7,17.8,11.1,18.0,-5.26,1733.0,29.72,3,6,2020,0
2020-03-29,高雄市,SE6 青蔥 粉蔥 ,28.5,19.5,14.7,20.4,13.33,1975.0,13.96,3,7,2020,0
2020-03-30,高雄市,SE6 青蔥 粉蔥 ,,,,,,,,3,1,2020,1
2020-03-31,高雄市,SE6 青蔥 粉蔥 ,27.4,23.6,14.9,22.6,10.78,1473.0,-25.42,3,2,2020,0
2020-04-01,高雄市,SE6 青蔥 粉蔥 ,25.1,19.9,14.2,19.8,-12.39,1600.0,8.62,4,3,2020,0
2020-04-02,高雄市,SE6 青蔥 粉蔥 ,31.3,26.3,21.8,26.4,33.33,1507.0,-5.81,4,4,2020,0
2020-04-03,高雄市,SE6 青蔥 粉蔥 ,34.5,27.8,20.2,27.6,4.55,1773.0,17.65,4,5,2020,0
2020-04-04,高雄市,SE6 青蔥 粉蔥 ,32.0,27.4,17.3,26.3,-4.71,1477.0,-16.69,4,6,2020,0
2020-04-05,高雄市,SE6 青蔥 粉蔥 ,,,,,,,,4,7,2020,1
2020-04-06,高雄市,SE6 青蔥 粉蔥 ,,,,,,,,4,1,2020,1
2020-04-07,高雄市,SE6 青蔥 粉蔥 ,28.7,24.9,17.5,24.2,-7.98,1451.0,-1.76,4,2,2020,0
2020-04-08,高雄市,SE6 青蔥 粉蔥 ,29.6,24.2,21.9,24.8,2.48,1692.0,16.61,4,3,2020,0
2020-04-09,高雄市,SE6 青蔥 粉蔥 ,25.3,21.7,13.6,20.8,-16.13,2068.0,22.22,4,4,2020,0
2020-04-10,高雄市,SE6 青蔥 粉蔥 ,25.0,22.2,18.2,21.9,5.29,1364.0,-34.04,4,5,2020,0
2020-04-11,高雄市,SE6 青蔥 粉蔥 ,25.9,22.3,18.6,22.3,1.83,1576.0,15.54,4,6,2020,0
2020-04-12,高雄市,SE6 青蔥 粉蔥 ,27.4,24.4,18.1,23.7,6.28,1528.0,-3.05,4,7,2020,0
2020-04-13,高雄市,SE6 青蔥 粉蔥 ,,,,,,,,4,1,2020,1
2020-04-14,高雄市,SE6 青蔥 粉蔥 ,32.2,26.6,18.9,26.2,10.55,1725.0,12.89,4,2,2020,0
2020-04-15,高雄市,SE6 青蔥 粉蔥 ,32.6,25.8,19.6,25.9,-1.15,1555.0,-9.86,4,3,2020,0
2020-04-16,高雄市,SE6 青蔥 粉蔥 ,26.7,20.5,15.0,20.7,-20.08,1620.0,4.18,4,4,2020,0
2020-04-17,高雄市,SE6 青蔥 粉蔥 ,26.6,20.5,15.0,20.6,-0.48,1700.0,4.94,4,5,2020,0
2020-04-18,高雄市,SE6 青蔥 粉蔥 ,25.6,19.4,14.7,19.7,-4.37,2149.0,26.41,4,6,2020,0
2020-04-19,高雄市,SE6 青蔥 粉蔥 ,25.6,20.1,12.7,19.7,0.0,2084.0,-3.02,4,7,2020,0
2020-04-20,高雄市,SE6 青蔥 粉蔥 ,,,,,,,,4,1,2020,1
2020-04-21,高雄市,SE6 青蔥 粉蔥 ,26.8,19.2,15.4,19.9,1.02,2209.0,6.0,4,2,2020,0
2020-04-22,高雄市,SE6 青蔥 粉蔥 ,25.5,18.4,15.0,19.2,-3.52,1367.0,-38.12,4,3,2020,0
2020-04-23,高雄市,SE6 青蔥 粉蔥 ,20.8,15.9,10.7,15.9,-17.19,2055.0,50.33,4,4,2020,0
2020-04-24,高雄市,SE6 青蔥 粉蔥 ,21.8,14.5,9.4,15.0,-5.66,1518.0,-26.13,4,5,2020,0
2020-04-25,高雄市,SE6 青蔥 粉蔥 ,23.1,16.3,9.6,16.3,8.67,1681.0,10.74,4,6,2020,0
2020-04-26,高雄市,SE6 青蔥 粉蔥 ,24.3,21.8,12.4,20.5,25.77,1182.0,-29.68,4,7,2020,0
2020-04-27,高雄市,SE6 青蔥 粉蔥 ,,,,,,,,4,1,2020,1
2020-04-28,高雄市,SE6 青蔥 粉蔥 ,26.2,20.3,13.3,20.1,-1.95,1302.0,10.15,4,2,2020,0
2020-04-29,高雄市,SE6 青蔥 粉蔥 ,33.8,27.6,21.5,27.6,37.31,931.0,-28.49,4,3,2020,0
2020-04-30,高雄市,SE6 青蔥 粉蔥 ,29.8,23.0,16.0,23.0,-16.67,2104.0,125.99,4,4,2020,0
2020-05-01,高雄市,SE6 青蔥 粉蔥 ,22.6,17.8,11.7,17.6,-23.48,2321.0,10.31,5,5,2020,0
2020-05-02,高雄市,SE6 青蔥 粉蔥 ,20.6,16.6,10.2,16.1,-8.52,2029.0,-12.58,5,6,2020,0
2020-05-03,高雄市,SE6 青蔥 粉蔥 ,22.5,16.4,9.0,16.1,0.0,1755.0,-13.5,5,7,2020,0
2020-05-04,高雄市,SE6 青蔥 粉蔥 ,,,,,,,,5,1,2020,1
2020-05-05,高雄市,SE6 青蔥 粉蔥 ,26.7,22.1,11.5,20.9,29.81,1267.0,-27.81,5,2,2020,0
2020-05-06,高雄市,SE6 青蔥 粉蔥 ,26.3,20.4,12.6,20.0,-4.31,1538.0,21.39,5,3,2020,0
2020-05-07,高雄市,SE6 青蔥 粉蔥 ,24.3,15.7,10.2,16.3,-18.5,1568.0,1.95,5,4,2020,0
2020-05-08,高雄市,SE6 青蔥 粉蔥 ,22.4,13.9,9.4,14.7,-9.82,1515.0,-3.38,5,5,2020,0
2020-05-09,高雄市,SE6 青蔥 粉蔥 ,25.8,17.6,11.6,18.1,23.13,1232.0,-18.68,5,6,2020,0
2020-05-10,高雄市,SE6 青蔥 粉蔥 ,26.3,21.2,14.5,20.9,15.47,1576.0,27.92,5,7,2020,0
2020-05-11,高雄市,SE6 青蔥 粉蔥 ,,,,,,,,5,1,2020,1
2020-05-12,高雄市,SE6 青蔥 粉蔥 ,27.7,23.5,19.5,23.6,12.92,1211.0,-23.16,5,2,2020,0
2020-05-13,高雄市,SE6 青蔥 粉蔥 ,25.8,21.3,13.4,20.6,-12.71,1784.0,47.32,5,3,2020,0
2020-05-14,高雄市,SE6 青蔥 粉蔥 ,27.3,20.1,13.8,20.3,-1.46,1608.0,-9.87,5,4,2020,0
2020-05-15,高雄市,SE6 青蔥 粉蔥 ,24.2,18.0,11.9,18.1,-10.84,1771.0,10.14,5,5,2020,0
2020-05-16,高雄市,SE6 青蔥 粉蔥 ,23.1,17.8,10.0,17.3,-4.42,1758.0,-0.73,5,6,2020,0
2020-05-17,高雄市,SE6 青蔥 粉蔥 ,29.7,23.5,15.5,23.1,33.53,894.0,-49.15,5,7,2020,0
2020-05-18,高雄市,SE6 青蔥 粉蔥 ,,,,,,,,5,1,2020,1
2020-05-19,高雄市,SE6 青蔥 粉蔥 ,35.3,29.7,19.5,28.8,24.68,1179.0,31.88,5,2,2020,0
2020-05-20,高雄市,SE6 青蔥 粉蔥 ,33.9,28.8,21.9,28.4,-1.39,1340.0,13.66,5,3,2020,0
2020-05-21,高雄市,SE6 青蔥 粉蔥 ,30.8,26.9,22.9,26.9,-5.28,1124.0,-16.12,5,4,2020,0
2020-05-22,高雄市,SE6 青蔥 粉蔥 ,27.5,19.4,8.5,18.8,-30.11,1213.0,7.92,5,5,2020,0
2020-05-23,高雄市,SE6 青蔥 粉蔥 ,27.0,19.9,16.0,20.6,9.57,633.0,-47.82,5,6,2020,0
2020-05-24,高雄市,SE6 青蔥 粉蔥 ,31.7,21.7,16.8,22.7,10.19,1439.0,127.33,5,7,2020,0
2020-05-25,高雄市,SE6 青蔥 粉蔥 ,,,,,,,,5,1,2020,1
2020-05-26,高雄市,SE6 青蔥 粉蔥 ,38.4,33.1,24.6,32.4,42.73,1038.0,-27.87,5,2,2020,0
2020-05-27,高雄市,SE6 青蔥 粉蔥 ,33.3,28.0,21.4,27.7,-14.51,1212.0,16.76,5,3,2020,0
2020-05-28,高雄市,SE6 青蔥 粉蔥 ,37.5,27.3,13.6,26.6,-3.97,1178.0,-2.81,5,4,2020,0
2020-05-29,高雄市,SE6 青蔥 粉蔥 ,34.1,26.7,14.9,25.8,-3.01,843.0,-28.44,5,5,2020,0
2020-05-30,高雄市,SE6 青蔥 粉蔥 ,32.8,22.5,14.6,23.0,-10.85,1691.0,100.59,5,6,2020,0
2020-05-31,高雄市,SE6 青蔥 粉蔥 ,31.4,21.3,11.7,21.4,-6.96,1643.0,-2.84,5,7,2020,0
2020-06-01,高雄市,SE6 青蔥 粉蔥 ,,,,,,,,6,1,2020,1
2020-06-02,高雄市,SE6 青蔥 粉蔥 ,35.8,26.8,15.3,26.3,22.9,1341.0,-18.38,6,2,2020,0
2020-06-03,高雄市,SE6 青蔥 粉蔥 ,35.7,27.6,18.5,27.4,4.18,781.0,-41.76,6,3,2020,0
2020-06-04,高雄市,SE6 青蔥 粉蔥 ,36.4,29.9,16.3,28.5,4.01,829.0,6.15,6,4,2020,0
2020-06-05,高雄市,SE6 青蔥 粉蔥 ,37.0,31.7,17.3,29.9,4.91,651.0,-21.47,6,5,2020,0
2020-06-06,高雄市,SE6 青蔥 粉蔥 ,33.2,27.3,15.7,26.2,-12.37,714.0,9.68,6,6,2020,0
2020-06-07,高雄市,SE6 青蔥 粉蔥 ,35.9,29.7,18.7,28.7,9.54,980.0,37.25,6,7,2020,0
2020-06-08,高雄市,SE6 青蔥 粉蔥 ,,,,,,,,6,1,2020,1
2020-06-09,高雄市,SE6 青蔥 粉蔥 ,40.4,31.7,15.0,30.1,4.88,950.0,-3.06,6,2,2020,0
2020-06-10,高雄市,SE6 青蔥 粉蔥 ,40.3,25.1,14.5,26.0,-13.62,1156.0,21.68,6,3,2020,0
2020-06-11,高雄市,SE6 青蔥 粉蔥 ,37.0,25.9,14.8,25.9,-0.38,864.0,-25.26,6,4,2020,0
2020-06-12,高雄市,SE6 青蔥 粉蔥 ,35.4,27.1,18.0,26.9,3.86,487.0,-43.63,6,5,2020,0
2020-06-13,高雄市,SE6 青蔥 粉蔥 ,41.5,33.7,15.6,31.6,17.47,561.0,15.2,6,6,2020,0
2020-06-14,高雄市,SE6 青蔥 粉蔥 ,40.0,37.4,18.5,34.1,7.91,626.0,11.59,6,7,2020,0
2020-06-15,高雄市,SE6 青蔥 粉蔥 ,,,,,,,,6,1,2020,1
2020-06-16,高雄市,SE6 青蔥 粉蔥 ,41.8,32.3,9.1,29.5,-13.49,625.0,-0.16,6,2,2020,0
2020-06-17,高雄市,SE6 青蔥 粉蔥 ,41.1,35.8,29.5,35.6,20.68,902.0,44.32,6,3,2020,0
2020-06-18,高雄市,SE6 青蔥 粉蔥 ,39.0,36.4,17.4,33.1,-7.02,592.0,-34.37,6,4,2020,0
2020-06-19,高雄市,SE6 青蔥 粉蔥 ,41.0,34.8,28.3,34.7,4.83,580.0,-2.03,6,5,2020,0
2020-06-20,高雄市,SE6 青蔥 粉蔥 ,39.5,35.5,27.6,34.7,0.0,645.0,11.21,6,6,2020,0
2020-06-21,高雄市,SE6 青蔥 粉蔥 ,40.0,38.3,34.2,37.8,8.93,307.0,-52.4,6,7,2020,0
2020-06-22,高雄市,SE6 青蔥 粉蔥 ,,,,,,,,6,1,2020,1
2020-06-23,高雄市,SE6 青蔥 粉蔥 ,45.9,40.2,31.9,39.7,5.03,183.0,-40.39,6,2,2020,0
2020-06-24,高雄市,SE6 青蔥 粉蔥 ,46.0,40.5,31.1,39.7,0.0,398.0,117.49,6,3,2020,0
2020-06-25,高雄市,SE6 青蔥 粉蔥 ,50.0,48.2,36.2,46.2,16.37,472.0,18.59,6,4,2020,0
2020-06-26,高雄市,SE6 青蔥 粉蔥 ,,,,,,,,6,5,2020,1
2020-06-27,高雄市,SE6 青蔥 粉蔥 ,,,,,,,,6,6,2020,1
2020-06-28,高雄市,SE6 青蔥 粉蔥 ,58.4,52.2,35.6,50.1,8.44,567.0,20.13,6,7,2020,0
2020-06-29,高雄市,SE6 青蔥 粉蔥 ,,,,,,,,6,1,2020,1
2020-06-30,高雄市,SE6 青蔥 粉蔥 ,55.0,45.9,20.8,42.7,-14.77,595.0,4.94,6,2,2020,0
2020-07-01,高雄市,SE6 青蔥 粉蔥 ,50.1,42.0,34.8,42.2,-1.17,596.0,0.17,7,3,2020,0
2020-07-02,高雄市,SE6 青蔥 粉蔥 ,57.2,45.4,30.0,44.7,5.92,273.0,-54.19,7,4,2020,0
2020-07-03,高雄市,SE6 青蔥 粉蔥 ,56.0,54.2,39.4,51.6,15.44,303.0,10.99,7,5,2020,0
2020-07-04,高雄市,SE6 青蔥 粉蔥 ,54.3,47.0,27.2,44.5,-13.76,872.0,187.79,7,6,2020,0
2020-07-05,高雄市,SE6 青蔥 粉蔥 ,52.1,39.6,24.9,39.2,-11.91,762.0,-12.61,7,7,2020,0
2020-07-06,高雄市,SE6 青蔥 粉蔥 ,,,,,,,,7,1,2020,1
2020-07-07,高雄市,SE6 青蔥 粉蔥 ,58.5,43.6,18.0,41.5,5.87,476.0,-37.53,7,2,2020,0
2020-07-08,高雄市,SE6 青蔥 粉蔥 ,64.0,58.9,53.5,58.8,41.69,206.0,-56.72,7,3,2020,0
2020-07-09,高雄市,SE6 青蔥 粉蔥 ,67.0,61.6,43.0,59.0,0.34,134.0,-34.95,7,4,2020,0
2020-07-10,高雄市,SE6 青蔥 粉蔥 ,63.7,62.1,55.0,61.0,3.39,142.0,5.97,7,5,2020,0
2020-07-11,高雄市,SE6 青蔥 粉蔥 ,73.5,68.2,68.0,69.3,13.61,261.0,83.8,7,6,2020,0
2020-07-12,高雄市,SE6 青蔥 粉蔥 ,72.3,63.2,60.0,64.4,-7.07,401.0,53.64,7,7,2020,0
2020-07-13,高雄市,SE6 青蔥 粉蔥 ,,,,,,,,7,1,2020,1
2020-07-14,高雄市,SE6 青蔥 粉蔥 ,75.0,64.5,61.1,65.9,2.33,121.0,-69.83,7,2,2020,0
2020-07-15,高雄市,SE6 青蔥 粉蔥 ,76.9,55.1,40.0,56.4,-14.42,159.0,31.4,7,3,2020,0
2020-07-16,高雄市,SE6 青蔥 粉蔥 ,,,,,,,,7,4,2020,1
2020-07-17,高雄市,SE6 青蔥 粉蔥 ,72.0,62.8,32.0,58.5,3.72,200.0,25.79,7,5,2020,0
2020-07-18,高雄市,SE6 青蔥 粉蔥 ,65.0,65.0,65.0,65.0,11.11,63.0,-68.5,7,6,2020,0
2020-07-19,高雄市,SE6 青蔥 粉蔥 ,61.0,55.5,50.0,55.5,-14.62,40.0,-36.51,7,7,2020,0
2020-07-20,高雄市,SE6 青蔥 粉蔥 ,,,,,,,,7,1,2020,1
2020-07-21,高雄市,SE6 青蔥 粉蔥 ,101.0,86.8,80.0,88.3,59.1,82.0,105.0,7,2,2020,0
2020-07-22,高雄市,SE6 青蔥 粉蔥 ,86.0,81.1,64.6,78.8,-10.76,171.0,108.54,7,3,2020,0
2020-07-23,高雄市,SE6 青蔥 粉蔥 ,81.0,71.5,62.1,71.5,-9.26,254.0,48.54,7,4,2020,0
2020-07-24,高雄市,SE6 青蔥 粉蔥 ,85.0,80.0,73.5,79.7,11.47,261.0,2.76,7,5,2020,0
2020-07-25,高雄市,SE6 青蔥 粉蔥 ,91.7,79.4,68.9,79.7,0.0,264.0,1.15,7,6,2020,0
2020-07-26,高雄市,SE6 青蔥 粉蔥 ,82.1,64.2,46.0,64.1,-19.57,542.0,105.3,7,7,2020,0
2020-07-27,高雄市,SE6 青蔥 粉蔥 ,,,,,,,,7,1,2020,1
2020-07-28,高雄市,SE6 青蔥 粉蔥 ,88.9,77.6,68.0,78.0,21.68,383.0,-29.34,7,2,2020,0
2020-07-29,高雄市,SE6 青蔥 粉蔥 ,87.0,85.6,78.8,84.5,8.33,168.0,-56.14,7,3,2020,0
2020-07-30,高雄市,SE6 青蔥 粉蔥 ,83.5,75.8,65.0,75.2,-11.01,282.0,67.86,7,4,2020,0
2020-07-31,高雄市,SE6 青蔥 粉蔥 ,84.9,72.3,65.6,73.5,-2.26,264.0,-6.38,7,5,2020,0
2020-08-01,高雄市,SE6 青蔥 粉蔥 ,89.7,69.5,62.3,72.1,-1.9,365.0,38.26,8,6,2020,0
2020-08-02,高雄市,SE6 青蔥 粉蔥 ,79.6,73.4,68.8,73.7,2.22,410.0,12.33,8,7,2020,0
2020-08-03,高雄市,SE6 青蔥 粉蔥 ,,,,,,,,8,1,2020,1
2020-08-04,高雄市,SE6 青蔥 粉蔥 ,88.2,79.4,69.6,79.2,7.46,204.0,-50.24,8,2,2020,0
2020-08-05,高雄市,SE6 青蔥 粉蔥 ,82.0,72.9,70.0,74.1,-6.44,131.0,-35.78,8,3,2020,0
2020-08-06,高雄市,SE6 青蔥 粉蔥 ,82.0,79.4,77.0,79.4,7.15,140.0,6.87,8,4,2020,0
2020-08-07,高雄市,SE6 青蔥 粉蔥 ,93.6,82.1,75.0,83.0,4.53,157.0,12.14,8,5,2020,0
2020-08-08,高雄市,SE6 青蔥 粉蔥 ,101.4,90.4,70.0,88.5,6.63,244.0,55.41,8,6,2020,0
2020-08-09,高雄市,SE6 青蔥 粉蔥 ,102.7,90.6,75.4,90.0,1.69,383.0,56.97,8,7,2020,0
2020-08-10,高雄市,SE6 青蔥 粉蔥 ,,,,,,,,8,1,2020,1
2020-08-11,高雄市,SE6 青蔥 粉蔥 ,100.1,84.5,70.5,84.8,-5.78,566.0,47.78,8,2,2020,0
2020-08-12,高雄市,SE6 青蔥 粉蔥 ,107.0,92.2,82.8,93.3,10.02,184.0,-67.49,8,3,2020,0
2020-08-13,高雄市,SE6 青蔥 粉蔥 ,,,,,,,,8,4,2020,1
2020-08-14,高雄市,SE6 青蔥 粉蔥 ,89.6,67.4,35.0,65.4,-29.9,656.0,256.52,8,5,2020,0
2020-08-15,高雄市,SE6 青蔥 粉蔥 ,92.4,75.4,61.6,76.0,16.21,307.0,-53.2,8,6,2020,0
2020-08-16,高雄市,SE6 青蔥 粉蔥 ,82.3,67.3,45.3,65.9,-13.29,474.0,54.4,8,7,2020,0
2020-08-17,高雄市,SE6 青蔥 粉蔥 ,,,,,,,,8,1,2020,1
2020-08-18,高雄市,SE6 青蔥 粉蔥 ,88.9,70.0,45.5,68.9,4.55,516.0,8.86,8,2,2020,0
2020-08-19,高雄市,SE6 青蔥 粉蔥 ,80.0,62.8,45.3,62.7,-9.0,765.0,48.26,8,3,2020,0
2020-08-20,高雄市,SE6 青蔥 粉蔥 ,63.9,47.3,30.6,47.3,-24.56,566.0,-26.01,8,4,2020,0
2020-08-21,高雄市,SE6 青蔥 粉蔥 ,71.8,45.2,17.1,44.9,-5.07,853.0,50.71,8,5,2020,0
2020-08-22,高雄市,SE6 青蔥 粉蔥 ,81.8,53.0,19.6,52.1,16.04,595.0,-30.25,8,6,2020,0
2020-08-23,高雄市,SE6 青蔥 粉蔥 ,74.2,56.5,47.0,58.1,11.52,847.0,42.35,8,7,2020,0
2020-08-24,高雄市,SE6 青蔥 粉蔥 ,,,,,,,,8,1,2020,1
2020-08-25,高雄市,SE6 青蔥 粉蔥 ,70.3,57.1,27.2,53.8,-7.4,857.0,1.18,8,2,2020,0
2020-08-26,高雄市,SE6 青蔥 粉蔥 ,91.0,63.0,45.2,65.1,21.0,249.0,-70.95,8,3,2020,0
2020-08-27,高雄市,SE6 青蔥 粉蔥 ,81.8,61.0,31.0,59.2,-9.06,357.0,43.37,8,4,2020,0
2020-08-28,高雄市,SE6 青蔥 粉蔥 ,75.9,63.8,52.0,63.9,7.94,544.0,52.38,8,5,2020,0
2020-08-29,高雄市,SE6 青蔥 粉蔥 ,69.1,55.8,40.5,55.4,-13.3,953.0,75.18,8,6,2020,0
2020-08-30,高雄市,SE6 青蔥 粉蔥 ,63.2,56.9,38.7,54.5,-1.62,910.0,-4.51,8,7,2020,0
2020-08-31,高雄市,SE6 青蔥 粉蔥 ,,,,,,,,8,1,2020,1
2020-09-01,高雄市,SE6 青蔥 粉蔥 ,80.2,57.4,26.9,55.8,2.39,805.0,-11.54,9,2,2020,0
2020-09-02,高雄市,SE6 青蔥 粉蔥 ,69.5,58.2,37.0,56.2,0.72,713.0,-11.43,9,3,2020,0
2020-09-03,高雄市,SE6 青蔥 粉蔥 ,,,,,,,,9,4,2020,1
2020-09-04,高雄市,SE6 青蔥 粉蔥 ,,,,,,,,9,5,2020,1
2020-09-05,高雄市,SE6 青蔥 粉蔥 ,89.8,64.9,39.6,64.8,15.3,1038.0,45.58,9,6,2020,0
2020-09-06,高雄市,SE6 青蔥 粉蔥 ,88.5,56.5,37.3,59.1,-8.8,1463.0,40.94,9,7,2020,0
2020-09-07,高雄市,SE6 青蔥 粉蔥 ,,,,,,,,9,1,2020,1
2020-09-08,高雄市,SE6 青蔥 粉蔥 ,82.4,52.6,38.6,55.8,-5.58,1390.0,-4.99,9,2,2020,0
2020-09-09,高雄市,SE6 青蔥 粉蔥 ,60.8,43.1,23.7,42.8,-23.3,1406.0,1.15,9,3,2020,0
2020-09-10,高雄市,SE6 青蔥 粉蔥 ,64.6,40.8,25.0,42.4,-0.93,1669.0,18.71,9,4,2020,0
2020-09-11,高雄市,SE6 青蔥 粉蔥 ,60.7,40.4,23.2,41.0,-3.3,2102.0,25.94,9,5,2020,0
2020-09-12,高雄市,SE6 青蔥 粉蔥 ,52.0,27.2,15.1,29.8,-27.32,2123.0,1.0,9,6,2020,0
2020-09-13,高雄市,SE6 青蔥 粉蔥 ,56.6,35.3,19.4,36.4,22.15,1266.0,-40.37,9,7,2020,0
2020-09-14,高雄市,SE6 青蔥 粉蔥 ,,,,,,,,9,1,2020,1
2020-09-15,高雄市,SE6 青蔥 粉蔥 ,48.6,28.2,16.6,30.0,-17.58,2267.0,79.07,9,2,2020,0
2020-09-16,高雄市,SE6 青蔥 粉蔥 ,59.9,37.7,17.7,38.1,27.0,823.0,-63.7,9,3,2020,0
2020-09-17,高雄市,SE6 青蔥 粉蔥 ,50.8,35.2,18.4,35.0,-8.14,1530.0,85.91,9,4,2020,0
2020-09-18,高雄市,SE6 青蔥 粉蔥 ,39.1,23.0,14.1,24.4,-30.29,1931.0,26.21,9,5,2020,0
2020-09-19,高雄市,SE6 青蔥 粉蔥 ,41.6,26.6,16.0,27.5,12.7,1861.0,-3.63,9,6,2020,0
2020-09-20,高雄市,SE6 青蔥 粉蔥 ,50.0,26.2,12.4,28.2,2.55,1480.0,-20.47,9,7,2020,0
2020-09-21,高雄市,SE6 青蔥 粉蔥 ,,,,,,,,9,1,2020,1
2020-09-22,高雄市,SE6 青蔥 粉蔥 ,49.7,39.1,28.2,39.1,38.65,1357.0,-8.31,9,2,2020,0
2020-09-23,高雄市,SE6 青蔥 粉蔥 ,48.5,33.3,22.7,34.2,-12.53,2119.0,56.15,9,3,2020,0
2020-09-24,高雄市,SE6 青蔥 粉蔥 ,44.2,40.0,40.0,40.8,19.3,240.0,-88.67,9,4,2020,0
2020-09-25,高雄市,SE6 青蔥 粉蔥 ,43.4,25.5,13.6,26.7,-34.56,2621.0,992.08,9,5,2020,0
2020-09-26,高雄市,SE6 青蔥 粉蔥 ,39.5,25.8,14.8,26.3,-1.5,1823.0,-30.45,9,6,2020,0
2020-09-27,高雄市,SE6 青蔥 粉蔥 ,34.1,22.6,14.0,23.2,-11.79,1868.0,2.47,9,7,2020,0
2020-09-28,高雄市,SE6 青蔥 粉蔥 ,,,,,,,,9,1,2020,1
2020-09-29,高雄市,SE6 青蔥 粉蔥 ,34.3,23.2,12.7,23.3,0.43,1779.0,-4.76,9,2,2020,0
2020-09-30,高雄市,SE6 青蔥 粉蔥 ,41.8,25.3,16.6,26.9,15.45,2018.0,13.43,9,3,2020,0
2020-10-01,高雄市,SE6 青蔥 粉蔥 ,40.1,23.3,12.8,24.6,-8.55,2464.0,22.1,10,4,2020,0
2020-10-02,高雄市,SE6 青蔥 粉蔥 ,,,,,,,,10,5,2020,1
2020-10-03,高雄市,SE6 青蔥 粉蔥 ,,,,,,,,10,6,2020,1
2020-10-04,高雄市,SE6 青蔥 粉蔥 ,45.4,30.3,18.0,30.9,25.61,1419.0,-42.41,10,7,2020,0
2020-10-05,高雄市,SE6 青蔥 粉蔥 ,,,,,,,,10,1,2020,1
2020-10-06,高雄市,SE6 青蔥 粉蔥 ,40.7,30.1,21.0,30.4,-1.62,2055.0,44.82,10,2,2020,0
2020-10-07,高雄市,SE6 青蔥 粉蔥 ,38.2,25.7,18.7,26.8,-11.84,2160.0,5.11,10,3,2020,0
2020-10-08,高雄市,SE6 青蔥 粉蔥 ,35.8,24.0,16.3,24.8,-7.46,2169.0,0.42,10,4,2020,0
2020-10-09,高雄市,SE6 青蔥 粉蔥 ,32.2,22.3,15.1,22.8,-8.06,2116.0,-2.44,10,5,2020,0
2020-10-10,高雄市,SE6 青蔥 粉蔥 ,29.2,24.0,15.8,23.4,2.63,1922.0,-9.17,10,6,2020,0
2020-10-11,高雄市,SE6 青蔥 粉蔥 ,30.4,25.0,17.7,24.6,5.13,1575.0,-18.05,10,7,2020,0
2020-10-12,高雄市,SE6 青蔥 粉蔥 ,,,,,,,,10,1,2020,1
2020-10-13,高雄市,SE6 青蔥 粉蔥 ,34.2,26.6,19.3,26.7,8.54,1537.0,-2.41,10,2,2020,0
2020-10-14,高雄市,SE6 青蔥 粉蔥 ,33.7,24.9,16.3,24.9,-6.74,1948.0,26.74,10,3,2020,0
2020-10-15,高雄市,SE6 青蔥 粉蔥 ,27.1,19.3,13.2,19.6,-21.29,2328.0,19.51,10,4,2020,0
2020-10-16,高雄市,SE6 青蔥 粉蔥 ,25.6,15.9,11.8,17.0,-13.27,2465.0,5.88,10,5,2020,0
2020-10-17,高雄市,SE6 青蔥 粉蔥 ,26.7,16.7,11.1,17.6,3.53,1979.0,-19.72,10,6,2020,0
2020-10-18,高雄市,SE6 青蔥 粉蔥 ,20.1,16.6,9.0,15.8,-10.23,1991.0,0.61,10,7,2020,0
2020-10-19,高雄市,SE6 青蔥 粉蔥 ,,,,,,,,10,1,2020,1
2020-10-20,高雄市,SE6 青蔥 粉蔥 ,33.3,16.1,10.0,18.3,15.82,2110.0,5.98,10,2,2020,0
2020-10-21,高雄市,SE6 青蔥 粉蔥 ,57.7,37.1,20.7,38.0,107.65,2342.0,11.0,10,3,2020,0
2020-10-22,高雄市,SE6 青蔥 粉蔥 ,43.3,29.1,19.0,29.9,-21.32,2461.0,5.08,10,4,2020,0
2020-10-23,高雄市,SE6 青蔥 粉蔥 ,43.4,26.3,14.9,27.5,-8.03,2332.0,-5.24,10,5,2020,0
2020-10-24,高雄市,SE6 青蔥 粉蔥 ,51.3,29.5,19.3,31.9,16.0,2574.0,10.38,10,6,2020,0
2020-10-25,高雄市,SE6 青蔥 粉蔥 ,51.0,25.7,17.1,29.0,-9.09,2931.0,13.87,10,7,2020,0
2020-10-26,高雄市,SE6 青蔥 粉蔥 ,,,,,,,,10,1,2020,1
2020-10-27,高雄市,SE6 青蔥 粉蔥 ,41.2,25.8,15.4,26.8,-7.59,3565.0,21.63,10,2,2020,0
2020-10-28,高雄市,SE6 青蔥 粉蔥 ,45.1,23.1,11.9,25.2,-5.97,3135.0,-12.06,10,3,2020,0
2020-10-29,高雄市,SE6 青蔥 粉蔥 ,47.9,20.8,10.4,24.1,-4.37,3025.0,-3.51,10,4,2020,0
2020-10-30,高雄市,SE6 青蔥 粉蔥 ,44.4,20.6,9.9,23.2,-3.73,3175.0,4.96,10,5,2020,0
2020-10-31,高雄市,SE6 青蔥 粉蔥 ,51.0,34.8,20.4,35.2,51.72,2074.0,-34.68,10,6,2020,0
2020-11-01,高雄市,SE6 青蔥 粉蔥 ,50.0,32.8,22.2,34.1,-3.13,2405.0,15.96,11,7,2020,0
2020-11-02,高雄市,SE6 青蔥 粉蔥 ,,,,,,,,11,1,2020,1
2020-11-03,高雄市,SE6 青蔥 粉蔥 ,44.5,31.2,17.0,31.0,-9.09,2642.0,9.85,11,2,2020,0
2020-11-04,高雄市,SE6 青蔥 粉蔥 ,49.6,30.6,19.7,32.2,3.87,2235.0,-15.4,11,3,2020,0
2020-11-05,高雄市,SE6 青蔥 粉蔥 ,45.4,28.0,16.2,29.1,-9.63,2764.0,23.67,11,4,2020,0
2020-11-06,高雄市,SE6 青蔥 粉蔥 ,54.2,25.6,13.8,28.9,-0.69,2494.0,-9.77,11,5,2020,0
2020-11-07,高雄市,SE6 青蔥 粉蔥 ,52.3,25.0,15.6,28.6,-1.04,2545.0,2.04,11,6,2020,0
2020-11-08,高雄市,SE6 青蔥 粉蔥 ,54.4,29.7,15.1,31.7,10.84,2462.0,-3.26,11,7,2020,0
2020-11-09,高雄市,SE6 青蔥 粉蔥 ,,,,,,,,11,1,2020,1
2020-11-10,高雄市,SE6 青蔥 粉蔥 ,49.7,24.4,14.8,27.5,-13.25,3131.0,27.17,11,2,2020,0
2020-11-11,高雄市,SE6 青蔥 粉蔥 ,55.5,27.5,14.3,30.5,10.91,2384.0,-23.86,11,3,2020,0
2020-11-12,高雄市,SE6 青蔥 粉蔥 ,57.7,46.4,38.1,47.0,54.1,1035.0,-56.59,11,4,2020,0
2020-11-13,高雄市,SE6 青蔥 粉蔥 ,56.8,28.9,14.6,31.6,-32.77,2786.0,169.18,11,5,2020,0
2020-11-14,高雄市,SE6 青蔥 粉蔥 ,57.9,23.9,11.7,28.3,-10.44,2557.0,-8.22,11,6,2020,0
2020-11-15,高雄市,SE6 青蔥 粉蔥 ,55.5,31.0,17.7,33.2,17.31,1893.0,-25.97,11,7,2020,0
2020-11-16,高雄市,SE6 青蔥 粉蔥 ,,,,,,,,11,1,2020,1
2020-11-17,高雄市,SE6 青蔥 粉蔥 ,53.4,29.6,14.0,31.2,-6.02,2374.0,25.41,11,2,2020,0
2020-11-18,高雄市,SE6 青蔥 粉蔥 ,55.9,34.6,21.7,36.3,16.35,1888.0,-20.47,11,3,2020,0
2020-11-19,高雄市,SE6 青蔥 粉蔥 ,56.1,31.3,13.9,32.8,-9.64,2147.0,13.72,11,4,2020,0
2020-11-20,高雄市,SE6 青蔥 粉蔥 ,56.7,28.2,12.2,30.7,-6.4,2270.0,5.73,11,5,2020,0
2020-11-21,高雄市,SE6 青蔥 粉蔥 ,57.6,32.8,9.7,33.1,7.82,1840.0,-18.94,11,6,2020,0
2020-11-22,高雄市,SE6 青蔥 粉蔥 ,54.1,36.1,10.6,34.6,4.53,1973.0,7.23,11,7,2020,0
2020-11-23,高雄市,SE6 青蔥 粉蔥 ,,,,,,,,11,1,2020,1
2020-11-24,高雄市,SE6 青蔥 粉蔥 ,56.4,41.4,28.5,41.8,20.81,1642.0,-16.78,11,2,2020,0
2020-11-25,高雄市,SE6 青蔥 粉蔥 ,56.8,38.1,22.8,38.8,-7.18,2154.0,31.18,11,3,2020,0
2020-11-26,高雄市,SE6 青蔥 粉蔥 ,52.1,32.3,20.1,33.8,-12.89,2865.0,33.01,11,4,2020,0
2020-11-27,高雄市,SE6 青蔥 粉蔥 ,53.4,27.6,13.4,29.9,-11.54,3079.0,7.47,11,5,2020,0
2020-11-28,高雄市,SE6 青蔥 粉蔥 ,53.0,26.9,11.5,29.0,-3.01,3138.0,1.92,11,6,2020,0
2020-11-29,高雄市,SE6 青蔥 粉蔥 ,53.0,30.5,11.4,31.2,7.59,3146.0,0.25,11,7,2020,0
2020-11-30,高雄市,SE6 青蔥 粉蔥 ,,,,,,,,11,1,2020,1
2020-12-01,高雄市,SE6 青蔥 粉蔥 ,52.0,32.8,15.8,33.3,6.73,2210.0,-29.75,12,2,2020,0
2020-12-02,高雄市,SE6 青蔥 粉蔥 ,49.6,28.5,15.2,30.1,-9.61,3317.0,50.09,12,3,2020,0
2020-12-03,高雄市,SE6 青蔥 粉蔥 ,50.0,28.3,14.2,29.8,-1.0,3106.0,-6.36,12,4,2020,0
2020-12-04,高雄市,SE6 青蔥 粉蔥 ,49.9,25.5,11.8,27.6,-7.38,3290.0,5.92,12,5,2020,0
2020-12-05,高雄市,SE6 青蔥 粉蔥 ,49.5,31.8,16.1,32.2,16.67,2575.0,-21.73,12,6,2020,0
2020-12-06,高雄市,SE6 青蔥 粉蔥 ,49.1,29.5,14.8,30.5,-5.28,2954.0,14.72,12,7,2020,0
2020-12-07,高雄市,SE6 青蔥 粉蔥 ,,,,,,,,12,1,2020,1
2020-12-08,高雄市,SE6 青蔥 粉蔥 ,50.0,32.3,16.0,32.6,6.89,2478.0,-16.11,12,2,2020,0
2020-12-09,高雄市,SE6 青蔥 粉蔥 ,50.0,34.4,19.3,34.5,5.83,2373.0,-4.24,12,3,2020,0
2020-12-10,高雄市,SE6 青蔥 粉蔥 ,49.8,30.2,17.9,31.6,-8.41,3068.0,29.29,12,4,2020,0
2020-12-11,高雄市,SE6 青蔥 粉蔥 ,49.6,28.4,14.4,29.8,-5.7,3597.0,17.24,12,5,2020,0
2020-12-12,高雄市,SE6 青蔥 粉蔥 ,48.4,26.1,11.8,27.7,-7.05,3681.0,2.34,12,6,2020,0
2020-12-13,高雄市,SE6 青蔥 粉蔥 ,49.3,28.3,9.7,28.8,3.97,3694.0,0.35,12,7,2020,0
2020-12-14,高雄市,SE6 青蔥 粉蔥 ,,,,,,,,12,1,2020,1
2020-12-15,高雄市,SE6 青蔥 粉蔥 ,50.0,33.7,19.5,34.1,18.4,2996.0,-18.9,12,2,2020,0
2020-12-16,高雄市,SE6 青蔥 粉蔥 ,49.8,30.8,16.3,31.7,-7.04,3206.0,7.01,12,3,2020,0
2020-12-17,高雄市,SE6 青蔥 粉蔥 ,47.2,25.9,16.0,28.2,-11.04,4053.0,26.42,12,4,2020,0
2020-12-18,高雄市,SE6 青蔥 粉蔥 ,41.1,22.1,10.2,23.5,-16.67,3732.0,-7.92,12,5,2020,0
2020-12-19,高雄市,SE6 青蔥 粉蔥 ,46.0,27.2,12.7,28.1,19.57,2697.0,-27.73,12,6,2020,0
2020-12-20,高雄市,SE6 青蔥 粉蔥 ,45.5,27.7,14.3,28.6,1.78,3196.0,18.5,12,7,2020,0
2020-12-21,高雄市,SE6 青蔥 粉蔥 ,,,,,,,,12,1,2020,1
2020-12-22,高雄市,SE6 青蔥 粉蔥 ,49.2,34.1,18.1,33.9,18.53,2205.0,-31.01,12,2,2020,0
2020-12-23,高雄市,SE6 青蔥 粉蔥 ,49.3,36.3,19.4,35.5,4.72,1915.0,-13.15,12,3,2020,0
2020-12-24,高雄市,SE6 青蔥 粉蔥 ,48.5,31.5,17.2,32.0,-9.86,2975.0,55.35,12,4,2020,0
2020-12-25,高雄市,SE6 青蔥 粉蔥 ,46.3,26.2,12.7,27.5,-14.06,3086.0,3.73,12,5,2020,0
2020-12-26,高雄市,SE6 青蔥 粉蔥 ,44.5,27.9,13.6,28.4,3.27,3252.0,5.38,12,6,2020,0
2020-12-27,高雄市,SE6 青蔥 粉蔥 ,44.4,24.0,13.0,25.8,-9.15,3303.0,1.57,12,7,2020,0
2020-12-28,高雄市,SE6 青蔥 粉蔥 ,,,,,,,,12,1,2020,1
2020-12-29,高雄市,SE6 青蔥 粉蔥 ,42.9,26.1,13.8,27.0,4.65,3094.0,-6.33,12,2,2020,0
2020-12-30,高雄市,SE6 青蔥 粉蔥 ,40.0,29.9,14.8,28.9,7.04,2715.0,-12.25,12,3,2020,0
2020-12-31,高雄市,SE6 青蔥 粉蔥 ,40.0,28.2,14.2,27.7,-4.15,3196.0,17.72,12,4,2020,0
2021-01-01,高雄市,SE6 青蔥 粉蔥 ,43.9,33.9,21.3,33.4,20.58,1995.0,-37.58,1,5,2021,0
2021-01-02,高雄市,SE6 青蔥 粉蔥 ,41.7,37.2,26.9,36.1,8.08,1719.0,-13.83,1,6,2021,0
2021-01-03,高雄市,SE6 青蔥 粉蔥 ,44.0,34.4,26.8,34.8,-3.6,2395.0,39.33,1,7,2021,0
2021-01-04,高雄市,SE6 青蔥 粉蔥 ,,,,,,,,1,1,2021,1
2021-01-05,高雄市,SE6 青蔥 粉蔥 ,45.5,37.2,23.0,36.0,3.45,2129.0,-11.11,1,2,2021,0
2021-01-06,高雄市,SE6 青蔥 粉蔥 ,40.1,34.6,28.5,34.4,-4.44,2636.0,23.81,1,3,2021,0
2021-01-07,高雄市,SE6 青蔥 粉蔥 ,40.0,31.0,16.5,29.9,-13.08,3718.0,41.05,1,4,2021,0
2021-01-08,高雄市,SE6 青蔥 粉蔥 ,44.3,28.7,12.2,28.5,-4.68,4064.0,9.31,1,5,2021,0
2021-01-09,高雄市,SE6 青蔥 粉蔥 ,44.9,27.2,13.8,28.1,-1.4,3341.0,-17.79,1,6,2021,0
2021-01-10,高雄市,SE6 青蔥 粉蔥 ,50.0,25.3,14.8,28.1,0.0,2371.0,-29.03,1,7,2021,0
2021-01-11,高雄市,SE6 青蔥 粉蔥 ,,,,,,,,1,1,2021,1
2021-01-12,高雄市,SE6 青蔥 粉蔥 ,50.0,39.4,21.2,37.9,34.88,1669.0,-29.61,1,2,2021,0
2021-01-13,高雄市,SE6 青蔥 粉蔥 ,50.0,39.0,26.7,38.7,2.11,2607.0,56.2,1,3,2021,0
2021-01-14,高雄市,SE6 青蔥 粉蔥 ,51.6,44.5,34.7,43.9,13.44,1851.0,-29.0,1,4,2021,0
2021-01-15,高雄市,SE6 青蔥 粉蔥 ,50.3,35.2,21.8,35.5,-19.13,2735.0,47.76,1,5,2021,0
2021-01-16,高雄市,SE6 青蔥 粉蔥 ,50.5,35.9,20.8,35.8,0.85,2903.0,6.14,1,6,2021,0
2021-01-17,高雄市,SE6 青蔥 粉蔥 ,50.5,33.4,15.8,33.3,-6.98,2977.0,2.55,1,7,2021,0
2021-01-18,高雄市,SE6 青蔥 粉蔥 ,,,,,,,,1,1,2021,1
2021-01-19,高雄市,SE6 青蔥 粉蔥 ,49.4,31.3,15.0,31.7,-4.8,3019.0,1.41,1,2,2021,0
2021-01-20,高雄市,SE6 青蔥 粉蔥 ,49.1,29.9,17.3,31.2,-1.58,2535.0,-16.03,1,3,2021,0
2021-01-21,高雄市,SE6 青蔥 粉蔥 ,46.6,23.8,12.5,26.1,-16.35,3312.0,30.65,1,4,2021,0
2021-01-22,高雄市,SE6 青蔥 粉蔥 ,45.7,19.9,9.9,23.1,-11.49,2607.0,-21.29,1,5,2021,0
2021-01-23,高雄市,SE6 青蔥 粉蔥 ,47.3,25.6,8.8,26.6,15.15,2297.0,-11.89,1,6,2021,0
2021-01-24,高雄市,SE6 青蔥 粉蔥 ,47.1,25.8,12.5,27.4,3.01,2403.0,4.61,1,7,2021,0
2021-01-25,高雄市,SE6 青蔥 粉蔥 ,,,,,,,,1,1,2021,1
2021-01-26,高雄市,SE6 青蔥 粉蔥 ,47.6,25.2,8.2,26.3,-4.01,2443.0,1.66,1,2,2021,0
2021-01-27,高雄市,SE6 青蔥 粉蔥 ,47.9,27.8,14.2,29.1,10.65,2507.0,2.62,1,3,2021,0
2021-01-28,高雄市,SE6 青蔥 粉蔥 ,44.8,25.3,10.4,26.2,-9.97,3668.0,46.31,1,4,2021,0
2021-01-29,高雄市,SE6 青蔥 粉蔥 ,43.5,20.2,8.6,22.5,-14.12,3306.0,-9.87,1,5,2021,0
2021-01-30,高雄市,SE6 青蔥 粉蔥 ,41.9,27.5,11.8,27.2,20.89,3699.0,11.89,1,6,2021,0
2021-01-31,高雄市,SE6 青蔥 粉蔥 ,40.4,25.6,12.0,25.9,-4.78,3213.0,-13.14,1,7,2021,0
2021-02-01,高雄市,SE6 青蔥 粉蔥 ,,,,,,,,2,1,2021,1
2021-02-02,高雄市,SE6 青蔥 粉蔥 ,40.0,24.3,11.9,25.0,-3.47,3444.0,7.19,2,2,2021,0
2021-02-03,高雄市,SE6 青蔥 粉蔥 ,38.9,24.9,7.5,24.2,-3.2,3569.0,3.63,2,3,2021,0
2021-02-04,高雄市,SE6 青蔥 粉蔥 ,40.0,24.4,10.4,24.7,2.07,2860.0,-19.87,2,4,2021,0
2021-02-05,高雄市,SE6 青蔥 粉蔥 ,40.5,37.3,27.9,36.0,45.75,1835.0,-35.84,2,5,2021,0
2021-02-06,高雄市,SE6 青蔥 粉蔥 ,43.0,23.7,7.6,24.3,-32.5,2854.0,55.53,2,6,2021,0
2021-02-07,高雄市,SE6 青蔥 粉蔥 ,41.7,32.9,15.2,31.1,27.98,1810.0,-36.58,2,7,2021,0
2021-02-08,高雄市,SE6 青蔥 粉蔥 ,46.1,32.4,19.0,32.5,4.5,2045.0,12.98,2,1,2021,0
2021-02-09,高雄市,SE6 青蔥 粉蔥 ,43.1,32.3,20.3,32.1,-1.23,4069.0,98.97,2,2,2021,0
2021-02-10,高雄市,SE6 青蔥 粉蔥 ,45.4,37.4,31.6,37.9,18.07,5734.0,40.92,2,3,2021,0
2021-02-11,高雄市,SE6 青蔥 粉蔥 ,52.6,42.7,25.0,41.2,8.71,370.0,-93.55,2,4,2021,0
2021-02-12,高雄市,SE6 青蔥 粉蔥 ,,,,,,,,2,5,2021,1
2021-02-13,高雄市,SE6 青蔥 粉蔥 ,,,,,,,,2,6,2021,1
2021-02-14,高雄市,SE6 青蔥 粉蔥 ,,,,,,,,2,7,2021,1
2021-02-15,高雄市,SE6 青蔥 粉蔥 ,,,,,,,,2,1,2021,1
2021-02-16,高雄市,SE6 青蔥 粉蔥 ,,,,,,,,2,2,2021,1
2021-02-17,高雄市,SE6 青蔥 粉蔥 ,49.3,30.3,15.8,31.2,-24.27,2213.0,498.11,2,3,2021,0
2021-02-18,高雄市,SE6 青蔥 粉蔥 ,47.9,34.4,25.6,35.3,13.14,2526.0,14.14,2,4,2021,0
2021-02-19,高雄市,SE6 青蔥 粉蔥 ,43.9,34.1,22.5,33.8,-4.25,2283.0,-9.62,2,5,2021,0
2021-02-20,高雄市,SE6 青蔥 粉蔥 ,50.0,38.7,30.4,39.3,16.27,1710.0,-25.1,2,6,2021,0
2021-02-21,高雄市,SE6 青蔥 粉蔥 ,48.9,32.1,12.3,31.5,-19.85,2224.0,30.06,2,7,2021,0
2021-02-22,高雄市,SE6 青蔥 粉蔥 ,,,,,,,,2,1,2021,1
2021-02-23,高雄市,SE6 青蔥 粉蔥 ,43.4,35.3,22.7,34.4,9.21,2892.0,30.04,2,2,2021,0
2021-02-24,高雄市,SE6 青蔥 粉蔥 ,45.8,32.5,13.7,31.4,-8.72,2579.0,-10.82,2,3,2021,0
2021-02-25,高雄市,SE6 青蔥 粉蔥 ,44.7,28.7,12.8,28.7,-8.6,3142.0,21.83,2,4,2021,0
2021-02-26,高雄市,SE6 青蔥 粉蔥 ,41.3,31.4,14.5,30.0,4.53,2627.0,-16.39,2,5,2021,0
2021-02-27,高雄市,SE6 青蔥 粉蔥 ,41.9,31.4,14.9,30.2,0.67,3220.0,22.57,2,6,2021,0
2021-02-28,高雄市,SE6 青蔥 粉蔥 ,,,,,,,,2,7,2021,1
2021-03-01,高雄市,SE6 青蔥 粉蔥 ,,,,,,,,3,1,2021,1
2021-03-02,高雄市,SE6 青蔥 粉蔥 ,41.8,33.4,29.4,34.3,13.58,2300.0,-28.57,3,2,2021,0
2021-03-03,高雄市,SE6 青蔥 粉蔥 ,39.9,33.1,23.7,32.6,-4.96,2055.0,-10.65,3,3,2021,0
2021-03-04,高雄市,SE6 青蔥 粉蔥 ,40.4,32.5,25.0,32.6,0.0,2697.0,31.24,3,4,2021,0
2021-03-05,高雄市,SE6 青蔥 粉蔥 ,46.7,32.6,17.6,32.4,-0.61,2690.0,-0.26,3,5,2021,0
2021-03-06,高雄市,SE6 青蔥 粉蔥 ,50.0,35.5,20.5,35.4,9.26,3156.0,17.32,3,6,2021,0
2021-03-07,高雄市,SE6 青蔥 粉蔥 ,50.0,30.4,19.1,32.0,-9.6,2609.0,-17.33,3,7,2021,0
2021-03-08,高雄市,SE6 青蔥 粉蔥 ,,,,,,,,3,1,2021,1
2021-03-09,高雄市,SE6 青蔥 粉蔥 ,50.0,32.7,23.6,34.3,7.19,2604.0,-0.19,3,2,2021,0
2021-03-10,高雄市,SE6 青蔥 粉蔥 ,43.5,29.8,20.8,30.7,-10.5,2413.0,-7.33,3,3,2021,0
2021-03-11,高雄市,SE6 青蔥 粉蔥 ,45.9,27.4,14.6,28.5,-7.17,2794.0,15.79,3,4,2021,0
2021-03-12,高雄市,SE6 青蔥 粉蔥 ,45.0,29.1,12.7,29.0,1.75,3057.0,9.41,3,5,2021,0
2021-03-13,高雄市,SE6 青蔥 粉蔥 ,50.0,36.6,23.8,36.7,26.55,2202.0,-27.97,3,6,2021,0
2021-03-14,高雄市,SE6 青蔥 粉蔥 ,48.1,34.7,22.8,35.0,-4.63,3195.0,45.1,3,7,2021,0
2021-03-15,高雄市,SE6 青蔥 粉蔥 ,,,,,,,,3,1,2021,1
2021-03-16,高雄市,SE6 青蔥 粉蔥 ,46.3,34.8,24.7,35.1,0.29,3726.0,16.62,3,2,2021,0
2021-03-17,高雄市,SE6 青蔥 粉蔥 ,40.7,26.4,16.9,27.3,-22.22,3505.0,-5.93,3,3,2021,0
2021-03-18,高雄市,SE6 青蔥 粉蔥 ,49.9,30.7,10.4,30.5,11.72,4334.0,23.65,3,4,2021,0
2021-03-19,高雄市,SE6 青蔥 粉蔥 ,52.5,30.8,11.4,31.3,2.62,4038.0,-6.83,3,5,2021,0
2021-03-20,高雄市,SE6 青蔥 粉蔥 ,45.1,25.2,11.4,26.4,-15.65,2710.0,-32.89,3,6,2021,0
2021-03-21,高雄市,SE6 青蔥 粉蔥 ,49.7,28.1,9.2,28.6,8.33,3246.0,19.78,3,7,2021,0
2021-03-22,高雄市,SE6 青蔥 粉蔥 ,,,,,,,,3,1,2021,1
2021-03-23,高雄市,SE6 青蔥 粉蔥 ,45.0,38.4,32.6,38.6,34.97,1736.0,-46.52,3,2,2021,0
2021-03-24,高雄市,SE6 青蔥 粉蔥 ,47.4,34.7,25.3,35.4,-8.29,3273.0,88.54,3,3,2021,0
2021-03-25,高雄市,SE6 青蔥 粉蔥 ,46.0,32.1,19.6,32.4,-8.47,3298.0,0.76,3,4,2021,0
2021-03-26,高雄市,SE6 青蔥 粉蔥 ,49.1,33.5,18.1,33.5,3.4,3897.0,18.16,3,5,2021,0
2021-03-27,高雄市,SE6 青蔥 粉蔥 ,45.0,29.0,14.1,29.2,-12.84,3077.0,-21.04,3,6,2021,0
2021-03-28,高雄市,SE6 青蔥 粉蔥 ,40.4,29.5,16.6,29.1,-0.34,3234.0,5.1,3,7,2021,0
2021-03-29,高雄市,SE6 青蔥 粉蔥 ,,,,,,,,3,1,2021,1
2021-03-30,高雄市,SE6 青蔥 粉蔥 ,41.3,30.6,18.5,30.3,4.12,3543.0,9.55,3,2,2021,0
2021-03-31,高雄市,SE6 青蔥 粉蔥 ,48.2,32.3,17.2,32.4,6.93,4052.0,14.37,3,3,2021,0
2021-04-01,高雄市,SE6 青蔥 粉蔥 ,45.9,29.8,16.7,30.4,-6.17,3066.0,-24.33,4,4,2021,0
2021-04-02,高雄市,SE6 青蔥 粉蔥 ,50.0,30.1,11.3,30.3,-0.33,3899.0,27.17,4,5,2021,0
2021-04-03,高雄市,SE6 青蔥 粉蔥 ,45.5,28.4,14.1,28.9,-4.62,3322.0,-14.8,4,6,2021,0
2021-04-04,高雄市,SE6 青蔥 粉蔥 ,50.0,43.9,35.0,43.3,49.83,2100.0,-36.79,4,7,2021,0
2021-04-05,高雄市,SE6 青蔥 粉蔥 ,,,,,,,,4,1,2021,1
2021-04-06,高雄市,SE6 青蔥 粉蔥 ,,,,,,,,4,2,2021,1
2021-04-07,高雄市,SE6 青蔥 粉蔥 ,50.0,34.0,18.9,34.2,-21.02,3910.0,86.19,4,3,2021,0
2021-04-08,高雄市,SE6 青蔥 粉蔥 ,45.3,26.8,14.1,28.0,-18.13,3882.0,-0.72,4,4,2021,0
2021-04-09,高雄市,SE6 青蔥 粉蔥 ,46.5,31.3,15.0,31.0,10.71,3312.0,-14.68,4,5,2021,0
2021-04-10,高雄市,SE6 青蔥 粉蔥 ,47.1,29.6,14.7,30.1,-2.9,3568.0,7.73,4,6,2021,0
2021-04-11,高雄市,SE6 青蔥 粉蔥 ,50.0,39.2,21.3,37.8,25.58,2632.0,-26.23,4,7,2021,0
2021-04-12,高雄市,SE6 青蔥 粉蔥 ,,,,,,,,4,1,2021,1
2021-04-13,高雄市,SE6 青蔥 粉蔥 ,49.9,36.1,21.5,35.9,-5.03,4204.0,59.73,4,2,2021,0
2021-04-14,高雄市,SE6 青蔥 粉蔥 ,49.4,32.6,11.7,31.8,-11.42,4250.0,1.09,4,3,2021,0
2021-04-15,高雄市,SE6 青蔥 粉蔥 ,48.5,30.2,12.4,30.3,-4.72,3692.0,-13.13,4,4,2021,0
2021-04-16,高雄市,SE6 青蔥 粉蔥 ,48.5,27.4,10.0,28.1,-7.26,3892.0,5.42,4,5,2021,0
2021-04-17,高雄市,SE6 青蔥 粉蔥 ,48.5,32.3,15.3,32.2,14.59,3730.0,-4.16,4,6,2021,0
2021-04-18,高雄市,SE6 青蔥 粉蔥 ,47.7,32.4,13.8,31.7,-1.55,4177.0,11.98,4,7,2021,0
2021-04-19,高雄市,SE6 青蔥 粉蔥 ,,,,,,,,4,1,2021,1
2021-04-20,高雄市,SE6 青蔥 粉蔥 ,45.5,34.6,19.5,33.8,6.62,4153.0,-0.57,4,2,2021,0
2021-04-21,高雄市,SE6 青蔥 粉蔥 ,47.2,30.2,13.2,30.2,-10.65,3401.0,-18.11,4,3,2021,0
2021-04-22,高雄市,SE6 青蔥 粉蔥 ,46.3,29.5,13.7,29.7,-1.66,3799.0,11.7,4,4,2021,0
2021-04-23,高雄市,SE6 青蔥 粉蔥 ,49.6,31.2,12.1,31.1,4.71,4404.0,15.93,4,5,2021,0
2021-04-24,高雄市,SE6 青蔥 粉蔥 ,41.5,26.6,11.2,26.5,-14.79,3960.0,-10.08,4,6,2021,0
2021-04-25,高雄市,SE6 青蔥 粉蔥 ,40.8,29.1,16.3,28.9,9.06,3217.0,-18.76,4,7,2021,0
2021-04-26,高雄市,SE6 青蔥 粉蔥 ,,,,,,,,4,1,2021,1
2021-04-27,高雄市,SE6 青蔥 粉蔥 ,42.5,30.6,17.7,30.4,5.19,2688.0,-16.44,4,2,2021,0
2021-04-28,高雄市,SE6 青蔥 粉蔥 ,43.0,32.5,16.7,31.4,3.29,3145.0,17.0,4,3,2021,0
2021-04-29,高雄市,SE6 青蔥 粉蔥 ,41.7,32.0,17.2,31.0,-1.27,2980.0,-5.25,4,4,2021,0
2021-04-30,高雄市,SE6 青蔥 粉蔥 ,40.2,29.5,16.8,29.1,-6.13,3411.0,14.46,4,5,2021,0
2021-05-01,高雄市,SE6 青蔥 粉蔥 ,41.6,30.1,16.3,29.7,2.06,3686.0,8.06,5,6,2021,0
2021-05-02,高雄市,SE6 青蔥 粉蔥 ,43.9,26.2,14.6,27.4,-7.74,3641.0,-1.22,5,7,2021,0
2021-05-03,高雄市,SE6 青蔥 粉蔥 ,,,,,,,,5,1,2021,1
2021-05-04,高雄市,SE6 青蔥 粉蔥 ,41.7,32.6,20.2,31.9,16.42,3000.0,-17.61,5,2,2021,0
2021-05-05,高雄市,SE6 青蔥 粉蔥 ,41.7,31.8,16.8,30.8,-3.45,4044.0,34.8,5,3,2021,0
2021-05-06,高雄市,SE6 青蔥 粉蔥 ,44.5,30.3,12.6,29.6,-3.9,4785.0,18.32,5,4,2021,0
2021-05-07,高雄市,SE6 青蔥 粉蔥 ,42.0,32.3,13.4,30.4,2.7,4975.0,3.97,5,5,2021,0
2021-05-08,高雄市,SE6 青蔥 粉蔥 ,46.6,34.7,12.9,32.7,7.57,4886.0,-1.79,5,6,2021,0
2021-05-09,高雄市,SE6 青蔥 粉蔥 ,44.8,34.6,16.2,33.0,0.92,3948.0,-19.2,5,7,2021,0
2021-05-10,高雄市,SE6 青蔥 粉蔥 ,,,,,,,,5,1,2021,1
2021-05-11,高雄市,SE6 青蔥 粉蔥 ,43.0,33.3,17.7,32.1,-2.73,4186.0,6.03,5,2,2021,0
2021-05-12,高雄市,SE6 青蔥 粉蔥 ,44.4,33.9,15.0,32.2,0.31,5104.0,21.93,5,3,2021,0
2021-05-13,高雄市,SE6 青蔥 粉蔥 ,41.0,32.7,11.3,30.0,-6.83,4797.0,-6.01,5,4,2021,0
2021-05-14,高雄市,SE6 青蔥 粉蔥 ,41.5,32.8,17.2,31.4,4.67,3257.0,-32.1,5,5,2021,0
2021-05-15,高雄市,SE6 青蔥 粉蔥 ,43.0,33.8,13.9,31.7,0.96,3678.0,12.93,5,6,2021,0
2021-05-16,高雄市,SE6 青蔥 粉蔥 ,43.0,36.9,30.9,36.9,16.4,2747.0,-25.31,5,7,2021,0
2021-05-17,高雄市,SE6 青蔥 粉蔥 ,,,,,,,,5,1,2021,1
2021-05-18,高雄市,SE6 青蔥 粉蔥 ,46.4,39.6,35.6,40.1,8.67,3420.0,24.5,5,2,2021,0
2021-05-19,高雄市,SE6 青蔥 粉蔥 ,46.9,39.1,31.4,39.1,-2.49,4154.0,21.46,5,3,2021,0
2021-05-20,高雄市,SE6 青蔥 粉蔥 ,44.8,34.8,19.7,33.8,-13.55,3961.0,-4.65,5,4,2021,0
2021-05-21,高雄市,SE6 青蔥 粉蔥 ,49.1,36.0,15.7,34.6,2.37,4830.0,21.94,5,5,2021,0
2021-05-22,高雄市,SE6 青蔥 粉蔥 ,48.7,36.5,12.3,34.1,-1.45,5119.0,5.98,5,6,2021,0
2021-05-23,高雄市,SE6 青蔥 粉蔥 ,46.4,37.3,29.5,37.5,9.97,3656.0,-28.58,5,7,2021,0
2021-05-24,高雄市,SE6 青蔥 粉蔥 ,,,,,,,,5,1,2021,1
2021-05-25,高雄市,SE6 青蔥 粉蔥 ,50.0,41.8,30.2,41.1,9.6,2472.0,-32.39,5,2,2021,0
2021-05-26,高雄市,SE6 青蔥 粉蔥 ,49.7,40.1,33.6,40.7,-0.97,4312.0,74.43,5,3,2021,0
2021-05-27,高雄市,SE6 青蔥 粉蔥 ,47.0,38.7,27.7,38.1,-6.39,2947.0,-31.66,5,4,2021,0
2021-05-28,高雄市,SE6 青蔥 粉蔥 ,47.3,37.8,28.0,37.7,-1.05,3796.0,28.81,5,5,2021,0
2021-05-29,高雄市,SE6 青蔥 粉蔥 ,47.0,40.1,30.8,39.6,5.04,3957.0,4.24,5,6,2021,0
2021-05-30,高雄市,SE6 青蔥 粉蔥 ,50.1,43.7,31.6,42.6,7.58,4017.0,1.52,5,7,2021,0
2021-05-31,高雄市,SE6 青蔥 粉蔥 ,,,,,,,,5,1,2021,1
2021-06-01,高雄市,SE6 青蔥 粉蔥 ,56.7,44.5,33.3,44.7,4.93,3021.0,-24.79,6,2,2021,0
2021-06-02,高雄市,SE6 青蔥 粉蔥 ,60.0,47.1,33.7,47.0,5.15,1822.0,-39.69,6,3,2021,0
2021-06-03,高雄市,SE6 青蔥 粉蔥 ,57.1,45.9,41.3,47.2,0.43,2368.0,29.97,6,4,2021,0
2021-06-04,高雄市,SE6 青蔥 粉蔥 ,59.9,46.6,24.3,44.8,-5.08,4572.0,93.07,6,5,2021,0
2021-06-05,高雄市,SE6 青蔥 粉蔥 ,57.7,46.8,24.0,44.4,-0.89,4004.0,-12.42,6,6,2021,0
2021-06-06,高雄市,SE6 青蔥 粉蔥 ,57.2,45.4,22.7,43.2,-2.7,3424.0,-14.49,6,7,2021,0
2021-06-07,高雄市,SE6 青蔥 粉蔥 ,,,,,,,,6,1,2021,1
2021-06-08,高雄市,SE6 青蔥 粉蔥 ,58.5,45.8,25.5,44.3,2.55,3660.0,6.89,6,2,2021,0
2021-06-09,高雄市,SE6 青蔥 粉蔥 ,57.0,45.3,27.5,44.1,-0.45,3597.0,-1.72,6,3,2021,0
2021-06-10,高雄市,SE6 青蔥 粉蔥 ,57.2,45.1,32.1,44.9,1.81,3373.0,-6.23,6,4,2021,0
2021-06-11,高雄市,SE6 青蔥 粉蔥 ,56.3,41.6,20.8,40.4,-10.02,3999.0,18.56,6,5,2021,0
2021-06-12,高雄市,SE6 青蔥 粉蔥 ,56.4,43.5,22.4,41.9,3.71,3554.0,-11.13,6,6,2021,0
2021-06-13,高雄市,SE6 青蔥 粉蔥 ,57.9,45.4,26.8,44.2,5.49,3287.0,-7.51,6,7,2021,0
2021-06-14,高雄市,SE6 青蔥 粉蔥 ,58.8,48.2,39.7,48.6,9.95,2654.0,-19.26,6,1,2021,0
2021-06-15,高雄市,SE6 青蔥 粉蔥 ,,,,,,,,6,2,2021,1
2021-06-16,高雄市,SE6 青蔥 粉蔥 ,,,,,,,,6,3,2021,1
2021-06-17,高雄市,SE6 青蔥 粉蔥 ,57.0,47.4,25.5,44.9,-7.61,3354.0,26.38,6,4,2021,0
2021-06-18,高雄市,SE6 青蔥 粉蔥 ,51.0,41.5,18.8,38.8,-13.59,3687.0,9.93,6,5,2021,0
2021-06-19,高雄市,SE6 青蔥 粉蔥 ,55.0,44.1,21.9,41.9,7.99,3487.0,-5.42,6,6,2021,0
2016-01-01,豐原區,SE6 青蔥 粉蔥 ,77.9,71.0,65.0,71.2,,2622.0,,1,5,2016,0
2016-01-02,豐原區,SE6 青蔥 粉蔥 ,81.6,79.2,70.2,77.9,9.41,2570.0,-1.98,1,6,2016,0
2016-01-03,豐原區,SE6 青蔥 粉蔥 ,69.1,61.8,50.0,60.88,-21.85,4320.0,68.09,1,7,2016,0
2016-01-04,豐原區,SE6 青蔥 粉蔥 ,,,,,,,,1,1,2016,1
2016-01-05,豐原區,SE6 青蔥 粉蔥 ,70.0,68.4,60.0,67.02,10.09,4600.0,6.48,1,2,2016,0
2016-01-06,豐原區,SE6 青蔥 粉蔥 ,70.0,67.8,60.0,66.67,-0.52,2700.0,-41.3,1,3,2016,0
2016-01-07,豐原區,SE6 青蔥 粉蔥 ,87.0,77.3,70.0,77.8,16.69,2032.0,-24.74,1,4,2016,0
2016-01-08,豐原區,SE6 青蔥 粉蔥 ,99.3,94.7,90.0,94.69,21.71,1926.0,-5.22,1,5,2016,0
2016-01-09,豐原區,SE6 青蔥 粉蔥 ,91.9,68.0,59.0,70.97,-25.05,3570.0,85.36,1,6,2016,0
2016-01-10,豐原區,SE6 青蔥 粉蔥 ,80.0,80.0,80.0,80.0,12.72,1720.0,-51.82,1,7,2016,0
2016-01-11,豐原區,SE6 青蔥 粉蔥 ,,,,,,,,1,1,2016,1
2016-01-12,豐原區,SE6 青蔥 粉蔥 ,110.0,92.8,81.0,93.89,17.36,1900.0,10.47,1,2,2016,0
2016-01-13,豐原區,SE6 青蔥 粉蔥 ,90.0,89.3,86.0,88.8,-5.42,1000.0,-47.37,1,3,2016,0
2016-01-14,豐原區,SE6 青蔥 粉蔥 ,100.0,91.1,80.0,90.67,2.11,1908.0,90.8,1,4,2016,0
2016-01-15,豐原區,SE6 青蔥 粉蔥 ,98.2,79.3,75.0,82.19,-9.35,1140.0,-40.25,1,5,2016,0
2016-01-16,豐原區,SE6 青蔥 粉蔥 ,91.0,82.2,76.0,82.7,0.62,740.0,-35.09,1,6,2016,0
2016-01-17,豐原區,SE6 青蔥 粉蔥 ,86.0,78.0,75.0,79.0,-4.47,1040.0,40.54,1,7,2016,0
2016-01-18,豐原區,SE6 青蔥 粉蔥 ,,,,,,,,1,1,2016,1
2016-01-19,豐原區,SE6 青蔥 粉蔥 ,98.3,81.2,74.0,83.2,5.32,1750.0,68.27,1,2,2016,0
2016-01-20,豐原區,SE6 青蔥 粉蔥 ,88.0,88.0,88.0,88.0,5.77,162.0,-90.74,1,3,2016,0
2016-01-21,豐原區,SE6 青蔥 粉蔥 ,88.0,87.1,83.0,86.46,-1.75,1300.0,702.47,1,4,2016,0
2016-01-22,豐原區,SE6 青蔥 粉蔥 ,102.9,91.0,82.0,91.61,5.96,1650.0,26.92,1,5,2016,0
2016-01-23,豐原區,SE6 青蔥 粉蔥 ,98.0,98.0,98.0,98.0,6.98,300.0,-81.82,1,6,2016,0
2016-01-24,豐原區,SE6 青蔥 粉蔥 ,60.0,60.0,44.0,56.81,-42.03,1880.0,526.67,1,7,2016,0
2016-01-25,豐原區,SE6 青蔥 粉蔥 ,,,,,,,,1,1,2016,1
2016-01-26,豐原區,SE6 青蔥 粉蔥 ,80.0,66.2,60.0,67.69,19.15,1300.0,-30.85,1,2,2016,0
2016-01-27,豐原區,SE6 青蔥 粉蔥 ,80.0,74.6,68.5,74.48,10.03,3080.0,136.92,1,3,2016,0
2016-01-28,豐原區,SE6 青蔥 粉蔥 ,96.0,89.9,81.0,89.33,19.94,900.0,-70.78,1,4,2016,0
2016-01-29,豐原區,SE6 青蔥 粉蔥 ,104.0,99.4,80.0,96.44,7.96,900.0,0.0,1,5,2016,0
2016-01-30,豐原區,SE6 青蔥 粉蔥 ,63.0,63.0,63.0,63.0,-34.67,400.0,-55.56,1,6,2016,0
2016-01-31,豐原區,SE6 青蔥 粉蔥 ,79.0,79.0,79.0,79.0,25.4,360.0,-10.0,1,7,2016,0
2016-02-01,豐原區,SE6 青蔥 粉蔥 ,,,,,,,,2,1,2016,1
2016-02-02,豐原區,SE6 青蔥 粉蔥 ,90.0,81.3,80.0,82.8,4.81,1610.0,347.22,2,2,2016,0
2016-02-03,豐原區,SE6 青蔥 粉蔥 ,90.0,81.3,80.0,82.8,0.0,1610.0,0.0,2,3,2016,0
2016-02-04,豐原區,SE6 青蔥 粉蔥 ,68.3,61.6,50.0,60.62,-26.79,3220.0,100.0,2,4,2016,0
2016-02-05,豐原區,SE6 青蔥 粉蔥 ,70.0,65.1,61.8,65.42,7.92,2360.0,-26.71,2,5,2016,0
2016-02-06,豐原區,SE6 青蔥 粉蔥 ,68.6,61.3,58.7,62.21,-4.91,3840.0,62.71,2,6,2016,0
2016-02-07,豐原區,SE6 青蔥 粉蔥 ,65.0,62.0,60.0,62.21,0.0,2150.0,-44.01,2,7,2016,0
2016-02-08,豐原區,SE6 青蔥 粉蔥 ,,,,,,,,2,1,2016,1
2016-02-09,豐原區,SE6 青蔥 粉蔥 ,,,,,,,,2,2,2016,1
2016-02-10,豐原區,SE6 青蔥 粉蔥 ,,,,,,,,2,3,2016,1
2016-02-11,豐原區,SE6 青蔥 粉蔥 ,,,,,,,,2,4,2016,1
2016-02-12,豐原區,SE6 青蔥 粉蔥 ,,,,,,,,2,5,2016,1
2016-02-13,豐原區,SE6 青蔥 粉蔥 ,90.0,79.3,68.9,79.33,27.52,810.0,-62.33,2,6,2016,0
2016-02-14,豐原區,SE6 青蔥 粉蔥 ,90.0,88.8,88.0,88.89,12.05,900.0,11.11,2,7,2016,0
2016-02-15,豐原區,SE6 青蔥 粉蔥 ,,,,,,,,2,1,2016,1
2016-02-16,豐原區,SE6 青蔥 粉蔥 ,119.9,85.2,77.2,90.54,1.86,2840.0,215.56,2,2,2016,0
2016-02-17,豐原區,SE6 青蔥 粉蔥 ,104.8,82.7,77.0,85.95,-5.07,3460.0,21.83,2,3,2016,0
2016-02-18,豐原區,SE6 青蔥 粉蔥 ,104.8,82.7,77.0,85.95,0.0,3460.0,0.0,2,4,2016,0
2016-02-19,豐原區,SE6 青蔥 粉蔥 ,100.0,92.8,90.0,93.68,8.99,950.0,-72.54,2,5,2016,0
2016-02-20,豐原區,SE6 青蔥 粉蔥 ,80.0,80.0,80.0,80.0,-14.6,480.0,-49.47,2,6,2016,0
2016-02-21,豐原區,SE6 青蔥 粉蔥 ,90.0,89.0,80.0,87.41,9.26,540.0,12.5,2,7,2016,0
2016-02-22,豐原區,SE6 青蔥 粉蔥 ,,,,,,,,2,1,2016,1
2016-02-23,豐原區,SE6 青蔥 粉蔥 ,70.0,70.0,70.0,70.0,-19.92,200.0,-62.96,2,2,2016,0
2016-02-24,豐原區,SE6 青蔥 粉蔥 ,90.0,89.0,80.0,87.41,24.87,540.0,170.0,2,3,2016,0
2016-02-25,豐原區,SE6 青蔥 粉蔥 ,97.6,85.6,80.0,86.84,-0.65,1790.0,231.48,2,4,2016,0
2016-02-26,豐原區,SE6 青蔥 粉蔥 ,90.0,78.6,70.0,79.13,-8.88,920.0,-48.6,2,5,2016,0
2016-02-27,豐原區,SE6 青蔥 粉蔥 ,85.0,78.9,65.0,77.35,-2.25,1830.0,98.91,2,6,2016,0
2016-02-28,豐原區,SE6 青蔥 粉蔥 ,85.0,83.8,75.0,82.27,6.36,2070.0,13.11,2,7,2016,0
2016-02-29,豐原區,SE6 青蔥 粉蔥 ,,,,,,,,2,1,2016,1
2016-03-01,豐原區,SE6 青蔥 粉蔥 ,76.2,67.4,61.8,68.04,-17.3,2930.0,41.55,3,2,2016,0
2016-03-02,豐原區,SE6 青蔥 粉蔥 ,86.0,80.3,77.0,80.78,18.72,1380.0,-52.9,3,3,2016,0
2016-03-03,豐原區,SE6 青蔥 粉蔥 ,85.3,68.8,60.0,70.32,-12.95,2710.0,96.38,3,4,2016,0
2016-03-04,豐原區,SE6 青蔥 粉蔥 ,87.2,80.7,70.5,79.94,13.68,2110.0,-22.14,3,5,2016,0
2016-03-05,豐原區,SE6 青蔥 粉蔥 ,79.1,64.1,50.8,64.44,-19.39,1810.0,-14.22,3,6,2016,0
2016-03-06,豐原區,SE6 青蔥 粉蔥 ,72.9,68.7,65.0,68.82,6.8,1700.0,-6.08,3,7,2016,0
2016-03-07,豐原區,SE6 青蔥 粉蔥 ,,,,,,,,3,1,2016,1
2016-03-08,豐原區,SE6 青蔥 粉蔥 ,80.8,69.0,61.0,69.79,1.41,2360.0,38.82,3,2,2016,0
2016-03-09,豐原區,SE6 青蔥 粉蔥 ,80.0,73.1,68.0,73.49,5.3,2350.0,-0.42,3,3,2016,0
2016-03-10,豐原區,SE6 青蔥 粉蔥 ,72.5,66.8,60.0,66.57,-9.42,1810.0,-22.98,3,4,2016,0
2016-03-11,豐原區,SE6 青蔥 粉蔥 ,70.0,62.9,58.0,63.34,-4.85,1810.0,0.0,3,5,2016,0
2016-03-12,豐原區,SE6 青蔥 粉蔥 ,80.0,72.3,70.0,73.38,15.85,2250.0,24.31,3,6,2016,0
2016-03-13,豐原區,SE6 青蔥 粉蔥 ,72.1,68.6,60.0,67.57,-7.92,1400.0,-37.78,3,7,2016,0
2016-03-14,豐原區,SE6 青蔥 粉蔥 ,,,,,,,,3,1,2016,1
2016-03-15,豐原區,SE6 青蔥 粉蔥 ,68.3,58.3,54.0,59.44,-12.03,1600.0,14.29,3,2,2016,0
2016-03-16,豐原區,SE6 青蔥 粉蔥 ,76.0,65.0,58.0,65.79,10.68,3000.0,87.5,3,3,2016,0
2016-03-17,豐原區,SE6 青蔥 粉蔥 ,74.9,67.2,58.0,66.9,1.69,1470.0,-51.0,3,4,2016,0
2016-03-18,豐原區,SE6 青蔥 粉蔥 ,66.1,54.2,45.2,54.78,-18.12,1810.0,23.13,3,5,2016,0
2016-03-19,豐原區,SE6 青蔥 粉蔥 ,60.0,38.4,30.0,41.02,-25.12,1770.0,-2.21,3,6,2016,0
2016-03-20,豐原區,SE6 青蔥 粉蔥 ,48.3,26.5,20.0,29.54,-27.99,2560.0,44.63,3,7,2016,0
2016-03-21,豐原區,SE6 青蔥 粉蔥 ,,,,,,,,3,1,2016,1
2016-03-22,豐原區,SE6 青蔥 粉蔥 ,50.0,37.5,26.0,37.72,27.69,2340.0,-8.59,3,2,2016,0
2016-03-23,豐原區,SE6 青蔥 粉蔥 ,45.7,41.6,37.0,41.52,10.07,1160.0,-50.43,3,3,2016,0
2016-03-24,豐原區,SE6 青蔥 粉蔥 ,48.0,44.6,40.0,44.34,6.79,1710.0,47.41,3,4,2016,0
2016-03-25,豐原區,SE6 青蔥 粉蔥 ,52.6,31.7,25.0,34.54,-22.1,2440.0,42.69,3,5,2016,0
2016-03-26,豐原區,SE6 青蔥 粉蔥 ,53.6,39.1,31.0,40.36,16.85,1100.0,-54.92,3,6,2016,0
2016-03-27,豐原區,SE6 青蔥 粉蔥 ,50.0,40.5,34.0,41.11,1.86,900.0,-18.18,3,7,2016,0
2016-03-28,豐原區,SE6 青蔥 粉蔥 ,,,,,,,,3,1,2016,1
2016-03-29,豐原區,SE6 青蔥 粉蔥 ,55.0,52.4,50.0,52.47,27.63,1580.0,75.56,3,2,2016,0
2016-03-30,豐原區,SE6 青蔥 粉蔥 ,67.0,61.7,59.0,62.2,18.54,1000.0,-36.71,3,3,2016,0
2016-03-31,豐原區,SE6 青蔥 粉蔥 ,64.0,55.9,55.0,57.33,-7.83,980.0,-2.0,3,4,2016,0
2016-04-01,豐原區,SE6 青蔥 粉蔥 ,72.0,60.5,49.0,60.51,5.55,1960.0,100.0,4,5,2016,0
2016-04-02,豐原區,SE6 青蔥 粉蔥 ,57.9,51.7,45.0,51.62,-14.69,1700.0,-13.27,4,6,2016,0
2016-04-03,豐原區,SE6 青蔥 粉蔥 ,53.0,32.2,22.0,34.31,-33.53,2330.0,37.06,4,7,2016,0
2016-04-04,豐原區,SE6 青蔥 粉蔥 ,47.0,23.4,16.9,26.82,-21.83,1590.0,-31.76,4,1,2016,0
2016-04-05,豐原區,SE6 青蔥 粉蔥 ,,,,,,,,4,2,2016,1
2016-04-06,豐原區,SE6 青蔥 粉蔥 ,35.0,26.6,22.2,27.41,2.2,2120.0,33.33,4,3,2016,0
2016-04-07,豐原區,SE6 青蔥 粉蔥 ,49.5,35.3,26.0,36.28,32.36,3930.0,85.38,4,4,2016,0
2016-04-08,豐原區,SE6 青蔥 粉蔥 ,48.0,37.7,32.0,38.61,6.42,2090.0,-46.82,4,5,2016,0
2016-04-09,豐原區,SE6 青蔥 粉蔥 ,35.0,29.2,22.1,28.92,-25.1,2320.0,11.0,4,6,2016,0
2016-04-10,豐原區,SE6 青蔥 粉蔥 ,27.2,22.0,20.0,22.63,-21.75,2600.0,12.07,4,7,2016,0
2016-04-11,豐原區,SE6 青蔥 粉蔥 ,,,,,,,,4,1,2016,1
2016-04-12,豐原區,SE6 青蔥 粉蔥 ,28.6,22.8,16.8,22.78,0.66,3700.0,42.31,4,2,2016,0
2016-04-13,豐原區,SE6 青蔥 粉蔥 ,30.5,24.7,22.0,25.31,11.11,2920.0,-21.08,4,3,2016,0
2016-04-14,豐原區,SE6 青蔥 粉蔥 ,25.0,21.1,14.0,20.49,-19.04,2050.0,-29.79,4,4,2016,0
2016-04-15,豐原區,SE6 青蔥 粉蔥 ,31.0,22.5,17.0,23.07,12.59,2610.0,27.32,4,5,2016,0
2016-04-16,豐原區,SE6 青蔥 粉蔥 ,38.6,34.3,30.0,34.27,48.55,2480.0,-4.98,4,6,2016,0
2016-04-17,豐原區,SE6 青蔥 粉蔥 ,40.0,24.7,11.2,25.09,-26.79,3930.0,58.47,4,7,2016,0
2016-04-18,豐原區,SE6 青蔥 粉蔥 ,,,,,,,,4,1,2016,1
2016-04-19,豐原區,SE6 青蔥 粉蔥 ,42.0,30.7,11.0,29.05,15.78,2520.0,-35.88,4,2,2016,0
2016-04-20,豐原區,SE6 青蔥 粉蔥 ,43.4,38.8,20.7,36.09,24.23,2260.0,-10.32,4,3,2016,0
2016-04-21,豐原區,SE6 青蔥 粉蔥 ,53.0,37.3,21.8,37.36,3.52,2760.0,22.12,4,4,2016,0
2016-04-22,豐原區,SE6 青蔥 粉蔥 ,53.8,27.8,13.1,30.09,-19.46,3160.0,14.49,4,5,2016,0
2016-04-23,豐原區,SE6 青蔥 粉蔥 ,42.9,37.3,20.7,35.09,16.62,1740.0,-44.94,4,6,2016,0
2016-04-24,豐原區,SE6 青蔥 粉蔥 ,32.3,18.4,10.0,19.5,-44.43,3980.0,128.74,4,7,2016,0
2016-04-25,豐原區,SE6 青蔥 粉蔥 ,,,,,,,,4,1,2016,1
2016-04-26,豐原區,SE6 青蔥 粉蔥 ,32.0,25.2,13.2,24.18,24.0,7084.0,77.99,4,2,2016,0
2016-04-27,豐原區,SE6 青蔥 粉蔥 ,22.5,19.2,13.9,18.81,-22.21,5650.0,-20.24,4,3,2016,0
2016-04-28,豐原區,SE6 青蔥 粉蔥 ,35.0,30.2,20.0,29.12,54.81,1810.0,-67.96,4,4,2016,0
2016-04-29,豐原區,SE6 青蔥 粉蔥 ,34.3,31.0,28.0,31.05,6.63,1660.0,-8.29,4,5,2016,0
2016-04-30,豐原區,SE6 青蔥 粉蔥 ,35.0,32.2,20.0,30.3,-2.42,2680.0,61.45,4,6,2016,0
2016-05-01,豐原區,SE6 青蔥 粉蔥 ,25.0,17.8,14.8,18.68,-38.35,1970.0,-26.49,5,7,2016,0
2016-05-02,豐原區,SE6 青蔥 粉蔥 ,,,,,,,,5,1,2016,1
2016-05-03,豐原區,SE6 青蔥 粉蔥 ,32.0,21.3,16.1,22.41,19.97,3880.0,96.95,5,2,2016,0
2016-05-04,豐原區,SE6 青蔥 粉蔥 ,45.2,25.6,9.5,26.28,17.27,3450.0,-11.08,5,3,2016,0
2016-05-05,豐原區,SE6 青蔥 粉蔥 ,40.0,33.9,11.0,30.53,16.17,3480.0,0.87,5,4,2016,0
2016-05-06,豐原區,SE6 青蔥 粉蔥 ,40.0,27.9,8.3,26.42,-13.46,3450.0,-0.86,5,5,2016,0
2016-05-07,豐原區,SE6 青蔥 粉蔥 ,30.9,22.1,10.0,21.42,-18.93,2780.0,-19.42,5,6,2016,0
2016-05-08,豐原區,SE6 青蔥 粉蔥 ,32.6,17.9,8.0,18.86,-11.95,2850.0,2.52,5,7,2016,0
2016-05-09,豐原區,SE6 青蔥 粉蔥 ,,,,,,,,5,1,2016,1
2016-05-10,豐原區,SE6 青蔥 粉蔥 ,36.0,23.8,12.4,23.94,26.94,7020.0,146.32,5,2,2016,0
2016-05-11,豐原區,SE6 青蔥 粉蔥 ,39.9,30.3,14.0,28.98,21.05,2090.0,-70.23,5,3,2016,0
2016-05-12,豐原區,SE6 青蔥 粉蔥 ,43.0,33.9,29.0,34.77,19.98,1540.0,-26.32,5,4,2016,0
2016-05-13,豐原區,SE6 青蔥 粉蔥 ,24.5,22.8,19.1,22.38,-35.63,1050.0,-31.82,5,5,2016,0
2016-05-14,豐原區,SE6 青蔥 粉蔥 ,32.6,26.7,18.3,26.18,16.98,3730.0,255.24,5,6,2016,0
2016-05-15,豐原區,SE6 青蔥 粉蔥 ,36.5,32.0,17.3,29.96,14.44,2650.0,-28.95,5,7,2016,0
2016-05-16,豐原區,SE6 青蔥 粉蔥 ,,,,,,,,5,1,2016,1
2016-05-17,豐原區,SE6 青蔥 粉蔥 ,39.0,35.4,10.6,31.16,4.01,2550.0,-3.77,5,2,2016,0
2016-05-18,豐原區,SE6 青蔥 粉蔥 ,40.7,23.2,14.8,25.0,-19.77,2030.0,-20.39,5,3,2016,0
2016-05-19,豐原區,SE6 青蔥 粉蔥 ,32.0,25.0,11.6,23.71,-5.16,2590.0,27.59,5,4,2016,0
2016-05-20,豐原區,SE6 青蔥 粉蔥 ,30.0,22.8,15.5,22.78,-3.92,2700.0,4.25,5,5,2016,0
2016-05-21,豐原區,SE6 青蔥 粉蔥 ,29.1,20.7,12.3,20.68,-9.22,1850.0,-31.48,5,6,2016,0
2016-05-22,豐原區,SE6 青蔥 粉蔥 ,28.0,23.9,16.2,23.16,11.99,2120.0,14.59,5,7,2016,0
2016-05-23,豐原區,SE6 青蔥 粉蔥 ,,,,,,,,5,1,2016,1
2016-05-24,豐原區,SE6 青蔥 粉蔥 ,35.0,28.4,13.8,26.78,15.63,3580.0,68.87,5,2,2016,0
2016-05-25,豐原區,SE6 青蔥 粉蔥 ,18.0,16.9,9.3,15.62,-41.67,2810.0,-21.51,5,3,2016,0
2016-05-26,豐原區,SE6 青蔥 粉蔥 ,26.5,18.3,11.2,18.53,18.63,6060.0,115.66,5,4,2016,0
2016-05-27,豐原區,SE6 青蔥 粉蔥 ,25.7,17.2,10.6,17.57,-5.18,6250.0,3.14,5,5,2016,0
2016-05-28,豐原區,SE6 青蔥 粉蔥 ,24.3,14.2,10.0,15.39,-12.41,2000.0,-68.0,5,6,2016,0
2016-05-29,豐原區,SE6 青蔥 粉蔥 ,26.0,15.9,12.0,17.14,11.37,1400.0,-30.0,5,7,2016,0
2016-05-30,豐原區,SE6 青蔥 粉蔥 ,,,,,,,,5,1,2016,1
2016-05-31,豐原區,SE6 青蔥 粉蔥 ,30.0,22.0,17.7,22.76,32.79,4120.0,194.29,5,2,2016,0
2016-06-01,豐原區,SE6 青蔥 粉蔥 ,23.6,18.9,12.0,18.48,-18.8,2990.0,-27.43,6,3,2016,0
2016-06-02,豐原區,SE6 青蔥 粉蔥 ,23.0,19.8,14.4,19.37,4.82,2450.0,-18.06,6,4,2016,0
2016-06-03,豐原區,SE6 青蔥 粉蔥 ,22.3,19.1,18.0,19.53,0.83,4790.0,95.51,6,5,2016,0
2016-06-04,豐原區,SE6 青蔥 粉蔥 ,24.1,20.7,19.3,21.11,8.09,5450.0,13.78,6,6,2016,0
2016-06-05,豐原區,SE6 青蔥 粉蔥 ,22.0,18.7,16.0,18.79,-10.99,2240.0,-58.9,6,7,2016,0
2016-06-06,豐原區,SE6 青蔥 粉蔥 ,,,,,,,,6,1,2016,1
2016-06-07,豐原區,SE6 青蔥 粉蔥 ,21.9,17.8,16.0,18.23,-2.98,3410.0,52.23,6,2,2016,0
2016-06-08,豐原區,SE6 青蔥 粉蔥 ,21.8,18.8,15.4,18.7,2.58,3500.0,2.64,6,3,2016,0
2016-06-09,豐原區,SE6 青蔥 粉蔥 ,25.5,10.7,10.0,13.51,-27.75,2850.0,-18.57,6,4,2016,0
2016-06-10,豐原區,SE6 青蔥 粉蔥 ,,,,,,,,6,5,2016,1
2016-06-11,豐原區,SE6 青蔥 粉蔥 ,28.6,16.0,10.0,17.29,27.98,1750.0,-38.6,6,6,2016,0
2016-06-12,豐原區,SE6 青蔥 粉蔥 ,32.0,21.3,18.0,22.76,31.64,3800.0,117.14,6,7,2016,0
2016-06-13,豐原區,SE6 青蔥 粉蔥 ,,,,,,,,6,1,2016,1
2016-06-14,豐原區,SE6 青蔥 粉蔥 ,39.3,31.0,25.0,31.45,38.18,6100.0,60.53,6,2,2016,0
2016-06-15,豐原區,SE6 青蔥 粉蔥 ,40.0,32.5,26.5,32.79,4.26,3150.0,-48.36,6,3,2016,0
2016-06-16,豐原區,SE6 青蔥 粉蔥 ,25.9,21.9,16.6,21.63,-34.03,4210.0,33.65,6,4,2016,0
2016-06-17,豐原區,SE6 青蔥 粉蔥 ,19.3,15.3,11.9,15.43,-28.66,4460.0,5.94,6,5,2016,0
2016-06-18,豐原區,SE6 青蔥 粉蔥 ,16.8,13.2,12.0,13.65,-11.54,2150.0,-51.79,6,6,2016,0
2016-06-19,豐原區,SE6 青蔥 粉蔥 ,19.1,15.2,14.0,15.76,15.46,4150.0,93.02,6,7,2016,0
2016-06-20,豐原區,SE6 青蔥 粉蔥 ,,,,,,,,6,1,2016,1
2016-06-21,豐原區,SE6 青蔥 粉蔥 ,21.6,17.4,11.2,17.01,7.93,4600.0,10.84,6,2,2016,0
2016-06-22,豐原區,SE6 青蔥 粉蔥 ,22.7,19.9,17.6,19.96,17.34,3450.0,-25.0,6,3,2016,0
2016-06-23,豐原區,SE6 青蔥 粉蔥 ,17.3,15.4,12.5,15.22,-23.75,2970.0,-13.91,6,4,2016,0
2016-06-24,豐原區,SE6 青蔥 粉蔥 ,16.2,13.6,12.0,13.78,-9.46,3700.0,24.58,6,5,2016,0
2016-06-25,豐原區,SE6 青蔥 粉蔥 ,28.6,19.9,13.4,20.33,47.53,1820.0,-50.81,6,6,2016,0
2016-06-26,豐原區,SE6 青蔥 粉蔥 ,25.0,17.4,11.0,17.62,-13.33,1950.0,7.14,6,7,2016,0
2016-06-27,豐原區,SE6 青蔥 粉蔥 ,,,,,,,,6,1,2016,1
2016-06-28,豐原區,SE6 青蔥 粉蔥 ,19.1,17.6,16.5,17.67,0.28,3800.0,94.87,6,2,2016,0
2016-06-29,豐原區,SE6 青蔥 粉蔥 ,25.3,22.5,20.0,22.58,27.79,3330.0,-12.37,6,3,2016,0
2016-06-30,豐原區,SE6 青蔥 粉蔥 ,31.7,27.4,24.0,27.55,22.01,7180.0,115.62,6,4,2016,0
2016-07-01,豐原區,SE6 青蔥 粉蔥 ,35.0,29.4,18.9,28.4,3.09,1750.0,-75.63,7,5,2016,0
2016-07-02,豐原區,SE6 青蔥 粉蔥 ,25.0,18.6,13.4,18.82,-33.73,3720.0,112.57,7,6,2016,0
2016-07-03,豐原區,SE6 青蔥 粉蔥 ,28.0,20.0,12.3,20.07,6.64,4100.0,10.22,7,7,2016,0
2016-07-04,豐原區,SE6 青蔥 粉蔥 ,,,,,,,,7,1,2016,1
2016-07-05,豐原區,SE6 青蔥 粉蔥 ,23.2,17.5,15.0,18.12,-9.72,4120.0,0.49,7,2,2016,0
2016-07-06,豐原區,SE6 青蔥 粉蔥 ,33.3,24.9,15.0,24.58,35.65,3820.0,-7.28,7,3,2016,0
2016-07-07,豐原區,SE6 青蔥 粉蔥 ,41.8,23.5,15.0,25.47,3.62,4440.0,16.23,7,4,2016,0
2016-07-08,豐原區,SE6 青蔥 粉蔥 ,47.9,36.7,22.0,35.99,41.3,3650.0,-17.79,7,5,2016,0
2016-07-09,豐原區,SE6 青蔥 粉蔥 ,62.7,34.1,28.5,38.73,7.61,4100.0,12.33,7,6,2016,0
2016-07-10,豐原區,SE6 青蔥 粉蔥 ,48.1,31.0,25.9,33.39,-13.79,5110.0,24.63,7,7,2016,0
2016-07-11,豐原區,SE6 青蔥 粉蔥 ,,,,,,,,7,1,2016,1
2016-07-12,豐原區,SE6 青蔥 粉蔥 ,40.0,23.6,13.7,24.92,-25.37,3800.0,-25.64,7,2,2016,0
2016-07-13,豐原區,SE6 青蔥 粉蔥 ,31.8,23.6,18.7,24.25,-2.69,2750.0,-27.63,7,3,2016,0
2016-07-14,豐原區,SE6 青蔥 粉蔥 ,25.0,18.9,12.9,18.89,-22.1,4750.0,72.73,7,4,2016,0
2016-07-15,豐原區,SE6 青蔥 粉蔥 ,25.0,19.6,14.1,19.61,3.81,4330.0,-8.84,7,5,2016,0
2016-07-16,豐原區,SE6 青蔥 粉蔥 ,31.6,22.7,15.0,22.96,17.08,2550.0,-41.11,7,6,2016,0
2016-07-17,豐原區,SE6 青蔥 粉蔥 ,31.5,20.1,15.0,21.34,-7.06,3190.0,25.1,7,7,2016,0
2016-07-18,豐原區,SE6 青蔥 粉蔥 ,,,,,,,,7,1,2016,1
2016-07-19,豐原區,SE6 青蔥 粉蔥 ,27.6,23.4,13.8,22.34,4.69,3360.0,5.33,7,2,2016,0
2016-07-20,豐原區,SE6 青蔥 粉蔥 ,39.5,31.5,25.0,31.83,42.48,2210.0,-34.23,7,3,2016,0
2016-07-21,豐原區,SE6 青蔥 粉蔥 ,32.8,26.8,25.0,27.63,-13.2,2700.0,22.17,7,4,2016,0
2016-07-22,豐原區,SE6 青蔥 粉蔥 ,32.6,26.2,18.3,25.88,-6.33,3000.0,11.11,7,5,2016,0
2016-07-23,豐原區,SE6 青蔥 粉蔥 ,29.8,24.0,18.0,23.95,-7.46,1570.0,-47.67,7,6,2016,0
2016-07-24,豐原區,SE6 青蔥 粉蔥 ,30.0,23.1,18.2,23.51,-1.84,1850.0,17.83,7,7,2016,0
2016-07-25,豐原區,SE6 青蔥 粉蔥 ,,,,,,,,7,1,2016,1
2016-07-26,豐原區,SE6 青蔥 粉蔥 ,29.8,23.5,16.8,23.44,-0.3,4130.0,123.24,7,2,2016,0
2016-07-27,豐原區,SE6 青蔥 粉蔥 ,34.2,22.5,13.3,23.0,-1.88,4470.0,8.23,7,3,2016,0
2016-07-28,豐原區,SE6 青蔥 粉蔥 ,30.0,21.3,12.0,21.21,-7.78,4300.0,-3.8,7,4,2016,0
2016-07-29,豐原區,SE6 青蔥 粉蔥 ,29.3,17.3,13.1,18.83,-11.22,3110.0,-27.67,7,5,2016,0
2016-07-30,豐原區,SE6 青蔥 粉蔥 ,25.0,20.6,12.5,19.86,5.47,1100.0,-64.63,7,6,2016,0
2016-07-31,豐原區,SE6 青蔥 粉蔥 ,30.0,19.6,12.8,20.33,2.37,3340.0,203.64,7,7,2016,0
2016-08-01,豐原區,SE6 青蔥 粉蔥 ,,,,,,,,8,1,2016,1
2016-08-02,豐原區,SE6 青蔥 粉蔥 ,29.2,23.7,15.7,23.22,14.22,3450.0,3.29,8,2,2016,0
2016-08-03,豐原區,SE6 青蔥 粉蔥 ,35.0,27.9,16.1,26.95,16.06,2590.0,-24.93,8,3,2016,0
2016-08-04,豐原區,SE6 青蔥 粉蔥 ,32.9,25.1,20.0,25.64,-4.86,4100.0,58.3,8,4,2016,0
2016-08-05,豐原區,SE6 青蔥 粉蔥 ,31.1,26.0,18.2,25.47,-0.66,2740.0,-33.17,8,5,2016,0
2016-08-06,豐原區,SE6 青蔥 粉蔥 ,32.0,29.9,24.2,29.18,14.57,2390.0,-12.77,8,6,2016,0
2016-08-07,豐原區,SE6 青蔥 粉蔥 ,27.9,22.4,20.0,23.03,-21.08,4370.0,82.85,8,7,2016,0
2016-08-08,豐原區,SE6 青蔥 粉蔥 ,,,,,,,,8,1,2016,1
2016-08-09,豐原區,SE6 青蔥 粉蔥 ,30.0,24.1,10.0,22.43,-2.61,1850.0,-57.67,8,2,2016,0
2016-08-10,豐原區,SE6 青蔥 粉蔥 ,31.6,25.5,20.0,25.61,14.18,2550.0,37.84,8,3,2016,0
2016-08-11,豐原區,SE6 青蔥 粉蔥 ,28.1,25.0,22.4,25.1,-1.99,4900.0,92.16,8,4,2016,0
2016-08-12,豐原區,SE6 青蔥 粉蔥 ,37.0,30.4,20.4,29.74,18.49,3050.0,-37.76,8,5,2016,0
2016-08-13,豐原區,SE6 青蔥 粉蔥 ,33.2,24.9,19.6,25.53,-14.16,3160.0,3.61,8,6,2016,0
2016-08-14,豐原區,SE6 青蔥 粉蔥 ,49.2,36.5,25.0,36.76,43.99,2700.0,-14.56,8,7,2016,0
2016-08-15,豐原區,SE6 青蔥 粉蔥 ,,,,,,,,8,1,2016,1
2016-08-16,豐原區,SE6 青蔥 粉蔥 ,41.1,31.1,18.0,30.51,-17.0,3430.0,27.04,8,2,2016,0
2016-08-17,豐原區,SE6 青蔥 粉蔥 ,43.8,28.2,21.0,29.85,-2.16,2700.0,-21.28,8,3,2016,0
2016-08-18,豐原區,SE6 青蔥 粉蔥 ,,,,,,,,8,4,2016,1
2016-08-19,豐原區,SE6 青蔥 粉蔥 ,43.8,29.4,19.4,30.28,1.44,2140.0,-20.74,8,5,2016,0
2016-08-20,豐原區,SE6 青蔥 粉蔥 ,35.0,32.1,20.0,30.26,-0.07,950.0,-55.61,8,6,2016,0
2016-08-21,豐原區,SE6 青蔥 粉蔥 ,40.5,32.9,23.2,32.45,7.24,2200.0,131.58,8,7,2016,0
2016-08-22,豐原區,SE6 青蔥 粉蔥 ,,,,,,,,8,1,2016,1
2016-08-23,豐原區,SE6 青蔥 粉蔥 ,40.0,34.5,24.8,33.66,3.73,4350.0,97.73,8,2,2016,0
2016-08-24,豐原區,SE6 青蔥 粉蔥 ,40.0,31.4,15.0,29.84,-11.35,3200.0,-26.44,8,3,2016,0
2016-08-25,豐原區,SE6 青蔥 粉蔥 ,33.8,19.3,11.0,20.55,-31.13,2000.0,-37.5,8,4,2016,0
2016-08-26,豐原區,SE6 青蔥 粉蔥 ,50.0,31.0,21.3,32.84,59.81,2690.0,34.5,8,5,2016,0
2016-08-27,豐原區,SE6 青蔥 粉蔥 ,33.6,27.0,21.5,27.24,-17.05,4310.0,60.22,8,6,2016,0
2016-08-28,豐原區,SE6 青蔥 粉蔥 ,55.0,27.7,13.8,30.36,11.45,3050.0,-29.23,8,7,2016,0
2016-08-29,豐原區,SE6 青蔥 粉蔥 ,,,,,,,,8,1,2016,1
2016-08-30,豐原區,SE6 青蔥 粉蔥 ,28.7,25.0,20.0,24.71,-18.61,1700.0,-44.26,8,2,2016,0
2016-08-31,豐原區,SE6 青蔥 粉蔥 ,48.4,35.7,25.0,36.1,46.09,730.0,-57.06,8,3,2016,0
2016-09-01,豐原區,SE6 青蔥 粉蔥 ,57.4,35.4,30.2,38.75,7.34,2600.0,256.16,9,4,2016,0
2016-09-02,豐原區,SE6 青蔥 粉蔥 ,45.0,35.6,25.0,35.35,-8.77,1850.0,-28.85,9,5,2016,0
2016-09-03,豐原區,SE6 青蔥 粉蔥 ,45.0,31.8,20.8,32.26,-8.74,2880.0,55.68,9,6,2016,0
2016-09-04,豐原區,SE6 青蔥 粉蔥 ,50.0,34.1,20.0,34.48,6.88,2330.0,-19.1,9,7,2016,0
2016-09-05,豐原區,SE6 青蔥 粉蔥 ,,,,,,,,9,1,2016,1
2016-09-06,豐原區,SE6 青蔥 粉蔥 ,41.4,28.5,22.4,29.84,-13.46,2760.0,18.45,9,2,2016,0
2016-09-07,豐原區,SE6 青蔥 粉蔥 ,60.0,33.6,20.8,36.34,21.78,2430.0,-11.96,9,3,2016,0
2016-09-08,豐原區,SE6 青蔥 粉蔥 ,40.0,28.6,18.0,28.78,-20.8,3320.0,36.63,9,4,2016,0
2016-09-09,豐原區,SE6 青蔥 粉蔥 ,45.0,30.9,14.8,30.52,6.05,3050.0,-8.13,9,5,2016,0
2016-09-10,豐原區,SE6 青蔥 粉蔥 ,52.1,35.0,17.9,35.0,14.68,3500.0,14.75,9,6,2016,0
2016-09-11,豐原區,SE6 青蔥 粉蔥 ,60.0,39.8,16.4,39.14,11.83,2100.0,-40.0,9,7,2016,0
2016-09-12,豐原區,SE6 青蔥 粉蔥 ,,,,,,,,9,1,2016,1
2016-09-13,豐原區,SE6 青蔥 粉蔥 ,50.0,33.4,16.1,33.24,-15.07,2580.0,22.86,9,2,2016,0
2016-09-14,豐原區,SE6 青蔥 粉蔥 ,60.0,43.2,25.0,42.93,29.15,2200.0,-14.73,9,3,2016,0
2016-09-15,豐原區,SE6 青蔥 粉蔥 ,62.6,39.2,20.0,40.02,-6.78,2450.0,11.36,9,4,2016,0
2016-09-16,豐原區,SE6 青蔥 粉蔥 ,,,,,,,,9,5,2016,1
2016-09-17,豐原區,SE6 青蔥 粉蔥 ,60.0,46.3,30.0,45.77,14.37,1950.0,-20.41,9,6,2016,0
2016-09-18,豐原區,SE6 青蔥 粉蔥 ,65.0,50.3,30.2,49.22,7.54,2550.0,30.77,9,7,2016,0
2016-09-19,豐原區,SE6 青蔥 粉蔥 ,,,,,,,,9,1,2016,1
2016-09-20,豐原區,SE6 青蔥 粉蔥 ,55.0,40.7,15.0,38.41,-21.96,2050.0,-19.61,9,2,2016,0
2016-09-21,豐原區,SE6 青蔥 粉蔥 ,60.0,46.6,41.5,48.26,25.64,1440.0,-29.76,9,3,2016,0
2016-09-22,豐原區,SE6 青蔥 粉蔥 ,55.0,41.4,25.8,40.99,-15.06,1410.0,-2.08,9,4,2016,0
2016-09-23,豐原區,SE6 青蔥 粉蔥 ,50.0,39.2,15.0,36.55,-10.83,1710.0,21.28,9,5,2016,0
2016-09-24,豐原區,SE6 青蔥 粉蔥 ,60.0,37.1,20.0,38.27,4.71,1510.0,-11.7,9,6,2016,0
2016-09-25,豐原區,SE6 青蔥 粉蔥 ,59.2,54.3,31.2,50.64,32.32,1650.0,9.27,9,7,2016,0
2016-09-26,豐原區,SE6 青蔥 粉蔥 ,,,,,,,,9,1,2016,1
2016-09-27,豐原區,SE6 青蔥 粉蔥 ,70.0,53.1,30.0,51.88,2.45,1300.0,-21.21,9,2,2016,0
2016-09-28,豐原區,SE6 青蔥 粉蔥 ,,,,,,,,9,3,2016,1
2016-09-29,豐原區,SE6 青蔥 粉蔥 ,80.5,48.5,20.4,49.29,-4.99,1900.0,46.15,9,4,2016,0
2016-09-30,豐原區,SE6 青蔥 粉蔥 ,110.7,73.3,35.4,73.17,48.45,2270.0,19.47,9,5,2016,0
2016-10-01,豐原區,SE6 青蔥 粉蔥 ,130.0,96.6,50.0,93.99,28.45,2720.0,19.82,10,6,2016,0
2016-10-02,豐原區,SE6 青蔥 粉蔥 ,130.0,94.2,50.0,92.5,-1.59,800.0,-70.59,10,7,2016,0
2016-10-03,豐原區,SE6 青蔥 粉蔥 ,,,,,,,,10,1,2016,1
2016-10-04,豐原區,SE6 青蔥 粉蔥 ,141.2,94.6,40.5,93.1,0.65,2100.0,162.5,10,2,2016,0
2016-10-05,豐原區,SE6 青蔥 粉蔥 ,144.6,100.9,53.6,100.15,7.57,1960.0,-6.67,10,3,2016,0
2016-10-06,豐原區,SE6 青蔥 粉蔥 ,175.0,117.5,60.0,117.5,17.32,1200.0,-38.78,10,4,2016,0
2016-10-07,豐原區,SE6 青蔥 粉蔥 ,190.0,93.7,40.0,102.21,-13.01,1020.0,-15.0,10,5,2016,0
2016-10-08,豐原區,SE6 青蔥 粉蔥 ,193.5,99.5,60.0,110.42,8.03,2510.0,146.08,10,6,2016,0
2016-10-09,豐原區,SE6 青蔥 粉蔥 ,195.0,122.8,58.0,124.28,12.55,540.0,-78.49,10,7,2016,0
2016-10-10,豐原區,SE6 青蔥 粉蔥 ,,,,,,,,10,1,2016,1
2016-10-11,豐原區,SE6 青蔥 粉蔥 ,165.0,102.7,48.0,104.23,-16.13,660.0,22.22,10,2,2016,0
2016-10-12,豐原區,SE6 青蔥 粉蔥 ,122.4,78.4,55.2,82.54,-20.81,1770.0,168.18,10,3,2016,0
2016-10-13,豐原區,SE6 青蔥 粉蔥 ,120.0,74.4,50.0,78.64,-4.72,1100.0,-37.85,10,4,2016,0
2016-10-14,豐原區,SE6 青蔥 粉蔥 ,150.0,107.4,56.7,105.77,34.5,260.0,-76.36,10,5,2016,0
2016-10-15,豐原區,SE6 青蔥 粉蔥 ,96.2,61.7,35.0,63.24,-40.21,1850.0,611.54,10,6,2016,0
2016-10-16,豐原區,SE6 青蔥 粉蔥 ,88.7,75.9,40.0,71.3,12.75,1150.0,-37.84,10,7,2016,0
2016-10-17,豐原區,SE6 青蔥 粉蔥 ,,,,,,,,10,1,2016,1
2016-10-18,豐原區,SE6 青蔥 粉蔥 ,122.1,77.3,42.4,79.26,11.16,1360.0,18.26,10,2,2016,0
2016-10-19,豐原區,SE6 青蔥 粉蔥 ,120.0,95.6,40.0,89.33,12.71,750.0,-44.85,10,3,2016,0
2016-10-20,豐原區,SE6 青蔥 粉蔥 ,140.0,100.2,46.3,97.37,9.0,950.0,26.67,10,4,2016,0
2016-10-21,豐原區,SE6 青蔥 粉蔥 ,90.0,52.5,40.0,57.5,-40.95,1000.0,5.26,10,5,2016,0
2016-10-22,豐原區,SE6 青蔥 粉蔥 ,90.0,83.9,50.0,78.33,36.23,1200.0,20.0,10,6,2016,0
2016-10-23,豐原區,SE6 青蔥 粉蔥 ,100.0,63.3,25.0,63.0,-19.57,900.0,-25.0,10,7,2016,0
2016-10-24,豐原區,SE6 青蔥 粉蔥 ,,,,,,,,10,1,2016,1
2016-10-25,豐原區,SE6 青蔥 粉蔥 ,100.0,61.0,40.0,64.58,2.51,1770.0,96.67,10,2,2016,0
2016-10-26,豐原區,SE6 青蔥 粉蔥 ,60.3,42.2,20.9,41.53,-35.69,1960.0,10.73,10,3,2016,0
2016-10-27,豐原區,SE6 青蔥 粉蔥 ,69.3,35.3,20.0,39.05,-5.97,740.0,-62.24,10,4,2016,0
2016-10-28,豐原區,SE6 青蔥 粉蔥 ,93.5,64.0,28.9,62.88,61.02,1440.0,94.59,10,5,2016,0
2016-10-29,豐原區,SE6 青蔥 粉蔥 ,96.2,52.0,25.0,55.45,-11.82,1210.0,-15.97,10,6,2016,0
2016-10-30,豐原區,SE6 青蔥 粉蔥 ,100.0,66.0,32.0,66.0,19.03,1650.0,36.36,10,7,2016,0
2016-10-31,豐原區,SE6 青蔥 粉蔥 ,,,,,,,,10,1,2016,1
2016-11-01,豐原區,SE6 青蔥 粉蔥 ,110.0,79.0,47.4,78.86,19.48,2410.0,46.06,11,2,2016,0
2016-11-02,豐原區,SE6 青蔥 粉蔥 ,118.0,85.8,47.9,84.67,7.37,1200.0,-50.21,11,3,2016,0
2016-11-03,豐原區,SE6 青蔥 粉蔥 ,112.7,86.4,54.6,85.29,0.73,1400.0,16.67,11,4,2016,0
2016-11-04,豐原區,SE6 青蔥 粉蔥 ,112.0,78.9,52.0,80.17,-6.0,720.0,-48.57,11,5,2016,0
2016-11-05,豐原區,SE6 青蔥 粉蔥 ,110.0,80.0,50.0,80.0,-0.21,300.0,-58.33,11,6,2016,0
2016-11-06,豐原區,SE6 青蔥 粉蔥 ,95.7,65.7,52.9,69.13,-13.59,1300.0,333.33,11,7,2016,0
2016-11-07,豐原區,SE6 青蔥 粉蔥 ,,,,,,,,11,1,2016,1
2016-11-08,豐原區,SE6 青蔥 粉蔥 ,90.0,67.7,31.0,64.84,-6.21,1860.0,43.08,11,2,2016,0
2016-11-09,豐原區,SE6 青蔥 粉蔥 ,90.0,70.1,47.0,69.43,7.08,1060.0,-43.01,11,3,2016,0
2016-11-10,豐原區,SE6 青蔥 粉蔥 ,85.0,65.0,45.0,65.0,-6.38,1110.0,4.72,11,4,2016,0
2016-11-11,豐原區,SE6 青蔥 粉蔥 ,77.9,50.3,30.0,51.77,-20.35,2010.0,81.08,11,5,2016,0
2016-11-12,豐原區,SE6 青蔥 粉蔥 ,81.0,60.7,40.0,60.61,17.08,2450.0,21.89,11,6,2016,0
2016-11-13,豐原區,SE6 青蔥 粉蔥 ,70.0,53.1,35.0,52.85,-12.8,2210.0,-9.8,11,7,2016,0
2016-11-14,豐原區,SE6 青蔥 粉蔥 ,,,,,,,,11,1,2016,1
2016-11-15,豐原區,SE6 青蔥 粉蔥 ,90.0,64.9,40.0,64.91,22.82,1670.0,-24.43,11,2,2016,0
2016-11-16,豐原區,SE6 青蔥 粉蔥 ,85.5,76.2,49.1,72.64,11.91,1100.0,-34.13,11,3,2016,0
2016-11-17,豐原區,SE6 青蔥 粉蔥 ,80.0,48.5,30.0,51.07,-29.69,1120.0,1.82,11,4,2016,0
2016-11-18,豐原區,SE6 青蔥 粉蔥 ,80.0,50.3,35.0,53.16,4.09,1520.0,35.71,11,5,2016,0
2016-11-19,豐原區,SE6 青蔥 粉蔥 ,64.6,47.8,25.0,46.6,-12.34,2060.0,35.53,11,6,2016,0
2016-11-20,豐原區,SE6 青蔥 粉蔥 ,64.6,47.8,25.0,46.6,0.0,2060.0,0.0,11,7,2016,0
2016-11-21,豐原區,SE6 青蔥 粉蔥 ,,,,,,,,11,1,2016,1
2016-11-22,豐原區,SE6 青蔥 粉蔥 ,55.1,42.2,31.6,42.67,-8.43,1780.0,-13.59,11,2,2016,0
2016-11-23,豐原區,SE6 青蔥 粉蔥 ,70.0,55.8,25.0,52.5,23.04,800.0,-55.06,11,3,2016,0
2016-11-24,豐原區,SE6 青蔥 粉蔥 ,84.2,64.4,39.2,63.33,20.63,1200.0,50.0,11,4,2016,0
2016-11-25,豐原區,SE6 青蔥 粉蔥 ,83.1,68.5,40.0,65.71,3.76,560.0,-53.33,11,5,2016,0
2016-11-26,豐原區,SE6 青蔥 粉蔥 ,80.0,66.0,42.0,64.0,-2.6,750.0,33.93,11,6,2016,0
2016-11-27,豐原區,SE6 青蔥 粉蔥 ,78.0,58.3,40.0,58.61,-8.42,1220.0,62.67,11,7,2016,0
2016-11-28,豐原區,SE6 青蔥 粉蔥 ,,,,,,,,11,1,2016,1
2016-11-29,豐原區,SE6 青蔥 粉蔥 ,78.0,58.8,41.1,59.11,0.85,1120.0,-8.2,11,2,2016,0
2016-11-30,豐原區,SE6 青蔥 粉蔥 ,80.0,68.3,55.6,68.09,15.19,940.0,-16.07,11,3,2016,0
2016-12-01,豐原區,SE6 青蔥 粉蔥 ,81.6,69.7,49.5,68.04,-0.07,3220.0,242.55,12,4,2016,0
2016-12-02,豐原區,SE6 青蔥 粉蔥 ,75.0,58.8,50.6,60.41,-11.21,1720.0,-46.58,12,5,2016,0
2016-12-03,豐原區,SE6 青蔥 粉蔥 ,72.9,57.6,50.0,59.14,-2.1,2430.0,41.28,12,6,2016,0
2016-12-04,豐原區,SE6 青蔥 粉蔥 ,72.0,61.6,45.0,60.34,2.03,1790.0,-26.34,12,7,2016,0
2016-12-05,豐原區,SE6 青蔥 粉蔥 ,,,,,,,,12,1,2016,1
2016-12-06,豐原區,SE6 青蔥 粉蔥 ,66.4,54.9,40.0,54.21,-10.16,3030.0,69.27,12,2,2016,0
2016-12-07,豐原區,SE6 青蔥 粉蔥 ,75.9,53.8,40.0,55.46,2.31,3014.0,-0.53,12,3,2016,0
2016-12-08,豐原區,SE6 青蔥 粉蔥 ,72.4,59.6,47.8,59.78,7.79,1810.0,-39.95,12,4,2016,0
2016-12-09,豐原區,SE6 青蔥 粉蔥 ,65.0,46.9,30.0,47.15,-21.13,1280.0,-29.28,12,5,2016,0
2016-12-10,豐原區,SE6 青蔥 粉蔥 ,65.0,45.2,25.0,45.1,-4.35,2280.0,78.12,12,6,2016,0
2016-12-11,豐原區,SE6 青蔥 粉蔥 ,65.0,46.5,26.7,46.23,2.51,3420.0,50.0,12,7,2016,0
2016-12-12,豐原區,SE6 青蔥 粉蔥 ,,,,,,,,12,1,2016,1
2016-12-13,豐原區,SE6 青蔥 粉蔥 ,70.0,55.4,40.0,55.23,19.47,1070.0,-68.71,12,2,2016,0
2016-12-14,豐原區,SE6 青蔥 粉蔥 ,71.4,55.2,35.0,54.39,-1.52,1650.0,54.21,12,3,2016,0
2016-12-15,豐原區,SE6 青蔥 粉蔥 ,67.6,52.5,44.1,53.85,-0.99,1790.0,8.48,12,4,2016,0
2016-12-16,豐原區,SE6 青蔥 粉蔥 ,65.0,46.8,38.0,48.68,-9.6,2040.0,13.97,12,5,2016,0
2016-12-17,豐原區,SE6 青蔥 粉蔥 ,58.0,55.0,51.8,54.96,12.9,2470.0,21.08,12,6,2016,0
2016-12-18,豐原區,SE6 青蔥 粉蔥 ,62.4,55.5,45.0,54.76,-0.36,1670.0,-32.39,12,7,2016,0
2016-12-19,豐原區,SE6 青蔥 粉蔥 ,,,,,,,,12,1,2016,1
2016-12-20,豐原區,SE6 青蔥 粉蔥 ,65.0,60.3,54.7,60.13,9.81,1500.0,-10.18,12,2,2016,0
2016-12-21,豐原區,SE6 青蔥 粉蔥 ,73.1,63.3,45.0,61.61,2.46,1240.0,-17.33,12,3,2016,0
2016-12-22,豐原區,SE6 青蔥 粉蔥 ,66.0,52.8,40.0,52.89,-14.15,620.0,-50.0,12,4,2016,0
2016-12-23,豐原區,SE6 青蔥 粉蔥 ,65.0,50.9,33.6,50.3,-4.9,1320.0,112.9,12,5,2016,0
2016-12-24,豐原區,SE6 青蔥 粉蔥 ,65.0,58.5,36.6,55.41,10.16,490.0,-62.88,12,6,2016,0
2016-12-25,豐原區,SE6 青蔥 粉蔥 ,58.8,48.0,37.8,48.1,-13.19,2290.0,367.35,12,7,2016,0
2016-12-26,豐原區,SE6 青蔥 粉蔥 ,,,,,,,,12,1,2016,1
2016-12-27,豐原區,SE6 青蔥 粉蔥 ,50.0,40.9,35.0,41.56,-13.6,1990.0,-13.1,12,2,2016,0
2016-12-28,豐原區,SE6 青蔥 粉蔥 ,65.0,48.8,20.0,46.26,11.31,2140.0,7.54,12,3,2016,0
2016-12-29,豐原區,SE6 青蔥 粉蔥 ,55.0,36.6,20.0,36.95,-20.13,1130.0,-47.2,12,4,2016,0
2016-12-30,豐原區,SE6 青蔥 粉蔥 ,45.0,29.4,20.0,30.63,-17.1,870.0,-23.01,12,5,2016,0
2016-12-31,豐原區,SE6 青蔥 粉蔥 ,45.0,33.0,20.0,32.79,7.05,1990.0,128.74,12,6,2016,0
2017-01-01,豐原區,SE6 青蔥 粉蔥 ,43.1,32.6,17.9,31.75,-3.17,4720.0,137.19,1,7,2017,0
2017-01-02,豐原區,SE6 青蔥 粉蔥 ,,,,,,,,1,1,2017,1
2017-01-03,豐原區,SE6 青蔥 粉蔥 ,40.0,32.8,18.0,31.28,-1.48,670.0,-85.81,1,2,2017,0
2017-01-04,豐原區,SE6 青蔥 粉蔥 ,40.0,29.0,18.0,29.0,-7.29,2520.0,276.12,1,3,2017,0
2017-01-05,豐原區,SE6 青蔥 粉蔥 ,41.0,32.2,18.0,31.11,7.28,2600.0,3.17,1,4,2017,0
2017-01-06,豐原區,SE6 青蔥 粉蔥 ,40.2,32.2,11.4,29.64,-4.73,2620.0,0.77,1,5,2017,0
2017-01-07,豐原區,SE6 青蔥 粉蔥 ,40.0,27.5,14.4,27.39,-7.59,3500.0,33.59,1,6,2017,0
2017-01-08,豐原區,SE6 青蔥 粉蔥 ,40.0,26.4,14.0,26.65,-2.7,2140.0,-38.86,1,7,2017,0
2017-01-09,豐原區,SE6 青蔥 粉蔥 ,,,,,,,,1,1,2017,1
2017-01-10,豐原區,SE6 青蔥 粉蔥 ,41.1,28.2,15.0,28.13,5.55,4280.0,100.0,1,2,2017,0
2017-01-11,豐原區,SE6 青蔥 粉蔥 ,35.0,27.9,20.0,27.71,-1.49,1070.0,-75.0,1,3,2017,0
2017-01-12,豐原區,SE6 青蔥 粉蔥 ,30.6,22.8,13.6,22.53,-18.69,2170.0,102.8,1,4,2017,0
2017-01-13,豐原區,SE6 青蔥 粉蔥 ,35.0,25.5,16.3,25.57,13.49,3570.0,64.52,1,5,2017,0
2017-01-14,豐原區,SE6 青蔥 粉蔥 ,30.9,21.0,10.1,20.83,-18.54,5320.0,49.02,1,6,2017,0
2017-01-15,豐原區,SE6 青蔥 粉蔥 ,27.9,20.9,10.0,20.13,-3.36,3570.0,-32.89,1,7,2017,0
2017-01-16,豐原區,SE6 青蔥 粉蔥 ,,,,,,,,1,1,2017,1
2017-01-17,豐原區,SE6 青蔥 粉蔥 ,34.5,23.6,15.0,24.04,19.42,4680.0,31.09,1,2,2017,0
2017-01-18,豐原區,SE6 青蔥 粉蔥 ,30.5,26.3,18.5,25.59,6.45,5530.0,18.16,1,3,2017,0
2017-01-19,豐原區,SE6 青蔥 粉蔥 ,31.2,23.3,16.0,23.42,-8.48,1600.0,-71.07,1,4,2017,0
2017-01-20,豐原區,SE6 青蔥 粉蔥 ,32.0,23.8,15.0,23.71,1.24,1680.0,5.0,1,5,2017,0
2017-01-21,豐原區,SE6 青蔥 粉蔥 ,32.0,23.4,14.0,23.24,-1.98,2080.0,23.81,1,6,2017,0
2017-01-22,豐原區,SE6 青蔥 粉蔥 ,28.0,21.8,15.0,21.7,-6.63,2700.0,29.81,1,7,2017,0
2017-01-23,豐原區,SE6 青蔥 粉蔥 ,,,,,,,,1,1,2017,1
2017-01-24,豐原區,SE6 青蔥 粉蔥 ,28.0,21.8,15.0,21.7,0.0,2700.0,0.0,1,2,2017,0
2017-01-25,豐原區,SE6 青蔥 粉蔥 ,43.0,31.9,20.0,31.76,46.36,7190.0,166.3,1,3,2017,0
2017-01-26,豐原區,SE6 青蔥 粉蔥 ,60.0,48.2,35.0,47.94,50.94,2910.0,-59.53,1,4,2017,0
2017-01-27,豐原區,SE6 青蔥 粉蔥 ,50.0,35.9,20.0,35.57,-25.8,2640.0,-9.28,1,5,2017,0
2017-01-28,豐原區,SE6 青蔥 粉蔥 ,,,,,,,,1,6,2017,1
2017-01-29,豐原區,SE6 青蔥 粉蔥 ,,,,,,,,1,7,2017,1
2017-01-30,豐原區,SE6 青蔥 粉蔥 ,,,,,,,,1,1,2017,1
2017-01-31,豐原區,SE6 青蔥 粉蔥 ,,,,,,,,1,2,2017,1
2017-02-01,豐原區,SE6 青蔥 粉蔥 ,,,,,,,,2,3,2017,1
2017-02-02,豐原區,SE6 青蔥 粉蔥 ,46.3,23.6,10.0,25.42,-28.54,3100.0,17.42,2,4,2017,0
2017-02-03,豐原區,SE6 青蔥 粉蔥 ,35.0,24.9,15.0,24.95,-1.85,1870.0,-39.68,2,5,2017,0
2017-02-04,豐原區,SE6 青蔥 粉蔥 ,30.0,23.5,10.0,22.08,-11.5,2880.0,54.01,2,6,2017,0
2017-02-05,豐原區,SE6 青蔥 粉蔥 ,28.0,20.1,12.0,20.06,-9.15,4020.0,39.58,2,7,2017,0
2017-02-06,豐原區,SE6 青蔥 粉蔥 ,,,,,,,,2,1,2017,1
2017-02-07,豐原區,SE6 青蔥 粉蔥 ,40.7,26.7,12.0,26.53,32.25,4888.0,21.59,2,2,2017,0
2017-02-08,豐原區,SE6 青蔥 粉蔥 ,40.0,25.8,12.0,25.89,-2.41,5746.0,17.55,2,3,2017,0
2017-02-09,豐原區,SE6 青蔥 粉蔥 ,30.2,17.1,13.7,19.05,-26.42,4410.0,-23.25,2,4,2017,0
2017-02-10,豐原區,SE6 青蔥 粉蔥 ,29.9,12.5,8.2,15.13,-20.58,5320.0,20.63,2,5,2017,0
2017-02-11,豐原區,SE6 青蔥 粉蔥 ,25.0,16.4,7.6,16.37,8.2,6260.0,17.67,2,6,2017,0
2017-02-12,豐原區,SE6 青蔥 粉蔥 ,30.0,20.2,9.4,20.01,22.24,3140.0,-49.84,2,7,2017,0
2017-02-13,豐原區,SE6 青蔥 粉蔥 ,,,,,,,,2,1,2017,1
2017-02-14,豐原區,SE6 青蔥 粉蔥 ,30.0,19.7,8.8,19.55,-2.3,5000.0,59.24,2,2,2017,0
2017-02-15,豐原區,SE6 青蔥 粉蔥 ,33.3,22.3,13.7,22.8,16.62,3790.0,-24.2,2,3,2017,0
2017-02-16,豐原區,SE6 青蔥 粉蔥 ,27.0,16.4,10.0,17.24,-24.39,2150.0,-43.27,2,4,2017,0
2017-02-17,豐原區,SE6 青蔥 粉蔥 ,31.7,16.2,10.0,18.07,4.81,5150.0,139.53,2,5,2017,0
2017-02-18,豐原區,SE6 青蔥 粉蔥 ,25.0,17.0,5.0,16.17,-10.51,2470.0,-52.04,2,6,2017,0
2017-02-19,豐原區,SE6 青蔥 粉蔥 ,21.0,12.1,7.0,12.88,-20.35,3900.0,57.89,2,7,2017,0
2017-02-20,豐原區,SE6 青蔥 粉蔥 ,,,,,,,,2,1,2017,1
2017-02-21,豐原區,SE6 青蔥 粉蔥 ,23.7,15.0,10.4,15.82,22.83,4870.0,24.87,2,2,2017,0
2017-02-22,豐原區,SE6 青蔥 粉蔥 ,30.0,17.6,10.0,18.55,17.26,2150.0,-55.85,2,3,2017,0
2017-02-23,豐原區,SE6 青蔥 粉蔥 ,25.0,17.0,10.0,17.2,-7.28,2650.0,23.26,2,4,2017,0
2017-02-24,豐原區,SE6 青蔥 粉蔥 ,18.9,16.5,10.4,15.76,-8.37,3940.0,48.68,2,5,2017,0
2017-02-25,豐原區,SE6 青蔥 粉蔥 ,20.2,15.3,8.2,14.83,-5.9,3700.0,-6.09,2,6,2017,0
2017-02-26,豐原區,SE6 青蔥 粉蔥 ,36.8,19.3,11.3,21.19,42.89,8270.0,123.51,2,7,2017,0
2017-02-27,豐原區,SE6 青蔥 粉蔥 ,,,,,,,,2,1,2017,1
2017-02-28,豐原區,SE6 青蔥 粉蔥 ,21.3,14.8,11.5,15.46,-27.04,3540.0,-57.19,2,2,2017,0
2017-03-01,豐原區,SE6 青蔥 粉蔥 ,21.2,16.1,11.0,16.08,4.01,5190.0,46.61,3,3,2017,0
2017-03-02,豐原區,SE6 青蔥 粉蔥 ,26.0,19.1,12.0,19.08,18.66,3720.0,-28.32,3,4,2017,0
2017-03-03,豐原區,SE6 青蔥 粉蔥 ,24.2,21.8,11.5,20.2,5.87,5560.0,49.46,3,5,2017,0
2017-03-04,豐原區,SE6 青蔥 粉蔥 ,26.0,18.8,10.3,18.55,-8.17,6030.0,8.45,3,6,2017,0
2017-03-05,豐原區,SE6 青蔥 粉蔥 ,27.0,19.2,14.3,19.79,6.68,6390.0,5.97,3,7,2017,0
2017-03-06,豐原區,SE6 青蔥 粉蔥 ,,,,,,,,3,1,2017,1
2017-03-07,豐原區,SE6 青蔥 粉蔥 ,25.0,18.5,11.6,18.43,-6.87,3660.0,-42.72,3,2,2017,0
2017-03-08,豐原區,SE6 青蔥 粉蔥 ,25.0,18.0,10.0,17.77,-3.58,2550.0,-30.33,3,3,2017,0
2017-03-09,豐原區,SE6 青蔥 粉蔥 ,25.0,17.9,10.4,17.81,0.23,3700.0,45.1,3,4,2017,0
2017-03-10,豐原區,SE6 青蔥 粉蔥 ,23.5,15.0,8.0,15.28,-14.21,3980.0,7.57,3,5,2017,0
2017-03-11,豐原區,SE6 青蔥 粉蔥 ,26.0,18.3,11.0,18.4,20.42,3760.0,-5.53,3,6,2017,0
2017-03-12,豐原區,SE6 青蔥 粉蔥 ,23.6,18.7,11.0,18.15,-1.36,2440.0,-35.11,3,7,2017,0
2017-03-13,豐原區,SE6 青蔥 粉蔥 ,,,,,,,,3,1,2017,1
2017-03-14,豐原區,SE6 青蔥 粉蔥 ,21.5,15.7,10.0,15.74,-13.28,3270.0,34.02,3,2,2017,0
2017-03-15,豐原區,SE6 青蔥 粉蔥 ,20.0,14.3,10.0,14.57,-7.43,2800.0,-14.37,3,3,2017,0
2017-03-16,豐原區,SE6 青蔥 粉蔥 ,20.0,15.0,10.2,15.05,3.29,2910.0,3.93,3,4,2017,0
2017-03-17,豐原區,SE6 青蔥 粉蔥 ,20.0,14.4,10.0,14.66,-2.59,3160.0,8.59,3,5,2017,0
2017-03-18,豐原區,SE6 青蔥 粉蔥 ,20.0,14.9,9.0,14.76,0.68,3500.0,10.76,3,6,2017,0
2017-03-19,豐原區,SE6 青蔥 粉蔥 ,20.4,15.8,9.7,15.52,5.15,5430.0,55.14,3,7,2017,0
2017-03-20,豐原區,SE6 青蔥 粉蔥 ,,,,,,,,3,1,2017,1
2017-03-21,豐原區,SE6 青蔥 粉蔥 ,20.0,16.3,11.7,16.1,3.74,2180.0,-59.85,3,2,2017,0
2017-03-22,豐原區,SE6 青蔥 粉蔥 ,20.0,15.9,10.0,15.55,-3.42,3320.0,52.29,3,3,2017,0
2017-03-23,豐原區,SE6 青蔥 粉蔥 ,19.7,14.9,10.0,14.86,-4.44,3990.0,20.18,3,4,2017,0
2017-03-24,豐原區,SE6 青蔥 粉蔥 ,20.0,16.3,10.7,15.92,7.13,2620.0,-34.34,3,5,2017,0
2017-03-25,豐原區,SE6 青蔥 粉蔥 ,20.0,15.2,10.0,15.13,-4.96,2782.0,6.18,3,6,2017,0
2017-03-26,豐原區,SE6 青蔥 粉蔥 ,20.0,14.4,9.0,14.45,-4.49,4960.0,78.29,3,7,2017,0
2017-03-27,豐原區,SE6 青蔥 粉蔥 ,,,,,,,,3,1,2017,1
2017-03-28,豐原區,SE6 青蔥 粉蔥 ,18.1,15.0,10.4,14.66,1.45,3680.0,-25.81,3,2,2017,0
2017-03-29,豐原區,SE6 青蔥 粉蔥 ,19.0,14.1,9.6,14.16,-3.41,4466.0,21.36,3,3,2017,0
2017-03-30,豐原區,SE6 青蔥 粉蔥 ,18.2,15.0,10.4,14.73,4.03,1196.0,-73.22,3,4,2017,0
2017-03-31,豐原區,SE6 青蔥 粉蔥 ,17.8,13.5,9.6,13.56,-7.94,1696.0,41.81,3,5,2017,0
2017-04-01,豐原區,SE6 青蔥 粉蔥 ,20.0,14.4,9.0,14.41,6.27,3020.0,78.07,4,6,2017,0
2017-04-02,豐原區,SE6 青蔥 粉蔥 ,18.0,11.9,7.7,12.27,-14.85,4740.0,56.95,4,7,2017,0
2017-04-03,豐原區,SE6 青蔥 粉蔥 ,14.1,10.0,7.7,10.36,-15.57,4560.0,-3.8,4,1,2017,0
2017-04-04,豐原區,SE6 青蔥 粉蔥 ,,,,,,,,4,2,2017,1
2017-04-05,豐原區,SE6 青蔥 粉蔥 ,,,,,,,,4,3,2017,1
2017-04-06,豐原區,SE6 青蔥 粉蔥 ,20.0,17.0,10.0,16.19,56.27,970.0,-78.73,4,4,2017,0
2017-04-07,豐原區,SE6 青蔥 粉蔥 ,17.1,13.7,10.0,13.65,-15.69,3130.0,222.68,4,5,2017,0
2017-04-08,豐原區,SE6 青蔥 粉蔥 ,,,,,,,,4,6,2017,1
2017-04-09,豐原區,SE6 青蔥 粉蔥 ,15.6,9.1,5.0,9.58,-29.82,2490.0,-20.45,4,7,2017,0
2017-04-10,豐原區,SE6 青蔥 粉蔥 ,,,,,,,,4,1,2017,1
2017-04-11,豐原區,SE6 青蔥 粉蔥 ,11.8,7.3,5.6,7.86,-17.95,3590.0,44.18,4,2,2017,0
2017-04-12,豐原區,SE6 青蔥 粉蔥 ,15.2,8.7,5.0,9.27,17.94,3410.0,-5.01,4,3,2017,0
2017-04-13,豐原區,SE6 青蔥 粉蔥 ,15.0,9.3,5.0,9.6,3.56,4020.0,17.89,4,4,2017,0
2017-04-14,豐原區,SE6 青蔥 粉蔥 ,15.0,9.8,5.0,9.87,2.81,1940.0,-51.74,4,5,2017,0
2017-04-15,豐原區,SE6 青蔥 粉蔥 ,15.0,11.4,8.0,11.42,15.7,2850.0,46.91,4,6,2017,0
2017-04-16,豐原區,SE6 青蔥 粉蔥 ,15.5,13.0,10.0,12.9,12.96,4580.0,60.7,4,7,2017,0
2017-04-17,豐原區,SE6 青蔥 粉蔥 ,,,,,,,,4,1,2017,1
2017-04-18,豐原區,SE6 青蔥 粉蔥 ,20.0,14.5,10.0,14.71,14.03,2060.0,-55.02,4,2,2017,0
2017-04-19,豐原區,SE6 青蔥 粉蔥 ,20.8,14.4,10.0,14.78,0.48,4410.0,114.08,4,3,2017,0
2017-04-20,豐原區,SE6 青蔥 粉蔥 ,20.4,15.3,8.3,14.9,0.81,2730.0,-38.1,4,4,2017,0
2017-04-21,豐原區,SE6 青蔥 粉蔥 ,20.0,11.3,5.0,11.8,-20.81,1500.0,-45.05,4,5,2017,0
2017-04-22,豐原區,SE6 青蔥 粉蔥 ,18.0,9.3,5.0,10.17,-13.81,2370.0,58.0,4,6,2017,0
2017-04-23,豐原區,SE6 青蔥 粉蔥 ,17.8,9.7,5.5,10.5,3.24,2330.0,-1.69,4,7,2017,0
2017-04-24,豐原區,SE6 青蔥 粉蔥 ,,,,,,,,4,1,2017,1
2017-04-25,豐原區,SE6 青蔥 粉蔥 ,25.0,15.5,10.0,16.32,55.43,2570.0,10.3,4,2,2017,0
2017-04-26,豐原區,SE6 青蔥 粉蔥 ,20.0,15.5,10.0,15.32,-6.13,3100.0,20.62,4,3,2017,0
2017-04-27,豐原區,SE6 青蔥 粉蔥 ,18.0,13.3,7.3,13.01,-15.08,1710.0,-44.84,4,4,2017,0
2017-04-28,豐原區,SE6 青蔥 粉蔥 ,20.8,15.1,8.1,14.8,13.76,3200.0,87.13,4,5,2017,0
2017-04-29,豐原區,SE6 青蔥 粉蔥 ,16.6,11.5,5.0,11.2,-24.32,2270.0,-29.06,4,6,2017,0
2017-04-30,豐原區,SE6 青蔥 粉蔥 ,16.6,13.6,10.0,13.47,20.27,3030.0,33.48,4,7,2017,0
2017-05-01,豐原區,SE6 青蔥 粉蔥 ,,,,,,,,5,1,2017,1
2017-05-02,豐原區,SE6 青蔥 粉蔥 ,18.9,14.1,9.7,14.17,5.2,6046.0,99.54,5,2,2017,0
2017-05-03,豐原區,SE6 青蔥 粉蔥 ,22.0,15.4,10.0,15.63,10.3,2295.0,-62.04,5,3,2017,0
2017-05-04,豐原區,SE6 青蔥 粉蔥 ,18.1,13.9,10.0,13.98,-10.56,2724.0,18.69,5,4,2017,0
2017-05-05,豐原區,SE6 青蔥 粉蔥 ,17.4,14.7,10.0,14.32,2.43,4280.0,57.12,5,5,2017,0
2017-05-06,豐原區,SE6 青蔥 粉蔥 ,19.5,14.6,9.0,14.48,1.12,4650.0,8.64,5,6,2017,0
2017-05-07,豐原區,SE6 青蔥 粉蔥 ,18.0,13.8,8.0,13.46,-7.04,3680.0,-20.86,5,7,2017,0
2017-05-08,豐原區,SE6 青蔥 粉蔥 ,,,,,,,,5,1,2017,1
2017-05-09,豐原區,SE6 青蔥 粉蔥 ,19.2,12.5,7.7,12.87,-4.38,5010.0,36.14,5,2,2017,0
2017-05-10,豐原區,SE6 青蔥 粉蔥 ,19.2,13.5,7.0,13.36,3.81,3750.0,-25.15,5,3,2017,0
2017-05-11,豐原區,SE6 青蔥 粉蔥 ,18.2,13.3,9.6,13.51,1.12,5184.0,38.24,5,4,2017,0
2017-05-12,豐原區,SE6 青蔥 粉蔥 ,18.0,12.0,7.0,12.19,-9.77,4900.0,-5.48,5,5,2017,0
2017-05-13,豐原區,SE6 青蔥 粉蔥 ,17.9,12.9,7.0,12.72,4.35,3170.0,-35.31,5,6,2017,0
2017-05-14,豐原區,SE6 青蔥 粉蔥 ,17.7,13.2,6.7,12.78,0.47,5656.0,78.42,5,7,2017,0
2017-05-15,豐原區,SE6 青蔥 粉蔥 ,,,,,,,,5,1,2017,1
2017-05-16,豐原區,SE6 青蔥 粉蔥 ,22.0,11.8,5.0,12.49,-2.27,4240.0,-25.04,5,2,2017,0
2017-05-17,豐原區,SE6 青蔥 粉蔥 ,18.3,14.2,7.2,13.64,9.21,1800.0,-57.55,5,3,2017,0
2017-05-18,豐原區,SE6 青蔥 粉蔥 ,15.0,12.2,10.0,12.34,-9.53,1520.0,-15.56,5,4,2017,0
2017-05-19,豐原區,SE6 青蔥 粉蔥 ,15.0,9.2,3.0,9.1,-26.26,5620.0,269.74,5,5,2017,0
2017-05-20,豐原區,SE6 青蔥 粉蔥 ,15.7,9.8,5.0,9.99,9.78,3600.0,-35.94,5,6,2017,0
2017-05-21,豐原區,SE6 青蔥 粉蔥 ,15.0,10.1,5.0,10.05,0.6,4820.0,33.89,5,7,2017,0
2017-05-22,豐原區,SE6 青蔥 粉蔥 ,,,,,,,,5,1,2017,1
2017-05-23,豐原區,SE6 青蔥 粉蔥 ,15.2,9.6,5.0,9.79,-2.59,6800.0,41.08,5,2,2017,0
2017-05-24,豐原區,SE6 青蔥 粉蔥 ,20.0,12.7,9.0,13.42,37.08,4580.0,-32.65,5,3,2017,0
2017-05-25,豐原區,SE6 青蔥 粉蔥 ,22.0,15.2,8.8,15.28,13.86,2400.0,-47.6,5,4,2017,0
2017-05-26,豐原區,SE6 青蔥 粉蔥 ,23.9,15.7,9.2,16.06,5.1,3146.0,31.08,5,5,2017,0
2017-05-27,豐原區,SE6 青蔥 粉蔥 ,25.0,16.8,11.0,17.26,7.47,5040.0,60.2,5,6,2017,0
2017-05-28,豐原區,SE6 青蔥 粉蔥 ,25.0,17.4,10.0,17.41,0.87,3140.0,-37.7,5,7,2017,0
2017-05-29,豐原區,SE6 青蔥 粉蔥 ,24.0,18.8,8.5,17.81,2.3,3260.0,3.82,5,1,2017,0
2017-05-30,豐原區,SE6 青蔥 粉蔥 ,24.0,15.4,7.0,15.45,-13.25,1040.0,-68.1,5,2,2017,0
2017-05-31,豐原區,SE6 青蔥 粉蔥 ,,,,,,,,5,3,2017,1
2017-06-01,豐原區,SE6 青蔥 粉蔥 ,22.0,15.8,9.0,15.71,1.68,4100.0,294.23,6,4,2017,0
2017-06-02,豐原區,SE6 青蔥 粉蔥 ,24.8,16.7,8.0,16.59,5.6,5360.0,30.73,6,5,2017,0
2017-06-03,豐原區,SE6 青蔥 粉蔥 ,28.7,19.5,10.3,19.47,17.36,6960.0,29.85,6,6,2017,0
2017-06-04,豐原區,SE6 青蔥 粉蔥 ,30.7,20.2,10.9,20.43,4.93,3440.0,-50.57,6,7,2017,0
2017-06-05,豐原區,SE6 青蔥 粉蔥 ,,,,,,,,6,1,2017,1
2017-06-06,豐原區,SE6 青蔥 粉蔥 ,46.6,32.9,12.7,31.64,54.87,4550.0,32.27,6,2,2017,0
2017-06-07,豐原區,SE6 青蔥 粉蔥 ,46.0,36.9,17.2,34.78,9.92,3600.0,-20.88,6,3,2017,0
2017-06-08,豐原區,SE6 青蔥 粉蔥 ,43.9,29.8,8.8,28.44,-18.23,3440.0,-4.44,6,4,2017,0
2017-06-09,豐原區,SE6 青蔥 粉蔥 ,42.5,22.6,5.8,23.21,-18.39,3570.0,3.78,6,5,2017,0
2017-06-10,豐原區,SE6 青蔥 粉蔥 ,40.6,24.7,5.5,24.06,3.66,3630.0,1.68,6,6,2017,0
2017-06-11,豐原區,SE6 青蔥 粉蔥 ,39.7,24.7,7.3,24.24,0.75,4060.0,11.85,6,7,2017,0
2017-06-12,豐原區,SE6 青蔥 粉蔥 ,,,,,,,,6,1,2017,1
2017-06-13,豐原區,SE6 青蔥 粉蔥 ,20.6,11.1,5.0,11.77,-51.44,2340.0,-42.36,6,2,2017,0
2017-06-14,豐原區,SE6 青蔥 粉蔥 ,25.6,16.3,10.0,16.9,43.59,4420.0,88.89,6,3,2017,0
2017-06-15,豐原區,SE6 青蔥 粉蔥 ,35.0,22.6,10.0,22.58,33.61,2440.0,-44.8,6,4,2017,0
2017-06-16,豐原區,SE6 青蔥 粉蔥 ,45.0,29.7,20.0,30.79,36.36,2270.0,-6.97,6,5,2017,0
2017-06-17,豐原區,SE6 青蔥 粉蔥 ,50.5,37.9,30.0,38.86,26.21,2800.0,23.35,6,6,2017,0
2017-06-18,豐原區,SE6 青蔥 粉蔥 ,40.8,30.3,20.0,30.37,-21.85,3010.0,7.5,6,7,2017,0
2017-06-19,豐原區,SE6 青蔥 粉蔥 ,,,,,,,,6,1,2017,1
2017-06-20,豐原區,SE6 青蔥 粉蔥 ,31.7,22.3,10.0,21.72,-28.48,2090.0,-30.56,6,2,2017,0
2017-06-21,豐原區,SE6 青蔥 粉蔥 ,32.1,19.5,10.0,20.08,-7.55,2430.0,16.27,6,3,2017,0
2017-06-22,豐原區,SE6 青蔥 粉蔥 ,34.8,20.2,8.0,20.7,3.09,2550.0,4.94,6,4,2017,0
2017-06-23,豐原區,SE6 青蔥 粉蔥 ,35.0,20.7,9.4,21.3,2.9,1520.0,-40.39,6,5,2017,0
2017-06-24,豐原區,SE6 青蔥 粉蔥 ,29.4,20.2,10.0,19.99,-6.15,2480.0,63.16,6,6,2017,0
2017-06-25,豐原區,SE6 青蔥 粉蔥 ,36.6,29.4,12.0,27.35,36.82,1620.0,-34.68,6,7,2017,0
2017-06-26,豐原區,SE6 青蔥 粉蔥 ,,,,,,,,6,1,2017,1
2017-06-27,豐原區,SE6 青蔥 粉蔥 ,56.3,35.4,18.8,36.27,32.61,2080.0,28.4,6,2,2017,0
2017-06-28,豐原區,SE6 青蔥 粉蔥 ,63.5,38.8,12.0,38.39,5.85,1680.0,-19.23,6,3,2017,0
2017-06-29,豐原區,SE6 青蔥 粉蔥 ,63.1,41.3,12.0,39.81,3.7,1650.0,-1.79,6,4,2017,0
2017-06-30,豐原區,SE6 青蔥 粉蔥 ,61.4,35.4,17.9,37.1,-6.81,2100.0,27.27,6,5,2017,0
2017-07-01,豐原區,SE6 青蔥 粉蔥 ,48.8,34.4,25.0,35.39,-4.61,2860.0,36.19,7,6,2017,0
2017-07-02,豐原區,SE6 青蔥 粉蔥 ,47.1,34.5,23.5,34.8,-1.67,3640.0,27.27,7,7,2017,0
2017-07-03,豐原區,SE6 青蔥 粉蔥 ,,,,,,,,7,1,2017,1
2017-07-04,豐原區,SE6 青蔥 粉蔥 ,55.0,40.6,30.0,41.34,18.79,2690.0,-26.1,7,2,2017,0
2017-07-05,豐原區,SE6 青蔥 粉蔥 ,72.0,49.7,35.0,51.22,23.9,4976.0,84.98,7,3,2017,0
2017-07-06,豐原區,SE6 青蔥 粉蔥 ,70.0,51.3,30.4,50.85,-0.72,3720.0,-25.24,7,4,2017,0
2017-07-07,豐原區,SE6 青蔥 粉蔥 ,100.0,77.9,47.0,76.15,49.75,5370.0,44.35,7,5,2017,0
2017-07-08,豐原區,SE6 青蔥 粉蔥 ,78.0,60.9,40.6,60.28,-20.84,4500.0,-16.2,7,6,2017,0
2017-07-09,豐原區,SE6 青蔥 粉蔥 ,72.1,57.6,39.4,56.83,-5.72,5160.0,14.67,7,7,2017,0
2017-07-10,豐原區,SE6 青蔥 粉蔥 ,,,,,,,,7,1,2017,1
2017-07-11,豐原區,SE6 青蔥 粉蔥 ,70.5,60.1,48.7,59.89,5.38,5870.0,13.76,7,2,2017,0
2017-07-12,豐原區,SE6 青蔥 粉蔥 ,65.6,53.7,40.0,53.32,-10.97,6208.0,5.76,7,3,2017,0
2017-07-13,豐原區,SE6 青蔥 粉蔥 ,70.0,55.4,37.5,54.75,2.68,2690.0,-56.67,7,4,2017,0
2017-07-14,豐原區,SE6 青蔥 粉蔥 ,64.0,49.4,40.0,50.44,-7.87,2490.0,-7.43,7,5,2017,0
2017-07-15,豐原區,SE6 青蔥 粉蔥 ,70.0,48.4,40.0,51.03,1.17,2900.0,16.47,7,6,2017,0
2017-07-16,豐原區,SE6 青蔥 粉蔥 ,65.3,50.3,37.8,50.79,-0.47,2850.0,-1.72,7,7,2017,0
2017-07-17,豐原區,SE6 青蔥 粉蔥 ,,,,,,,,7,1,2017,1
2017-07-18,豐原區,SE6 青蔥 粉蔥 ,80.6,62.7,40.0,61.76,21.6,5582.0,95.86,7,2,2017,0
2017-07-19,豐原區,SE6 青蔥 粉蔥 ,85.0,82.5,58.3,78.17,26.57,1208.0,-78.36,7,3,2017,0
2017-07-20,豐原區,SE6 青蔥 粉蔥 ,80.0,80.0,59.8,75.97,-2.81,372.0,-69.21,7,4,2017,0
2017-07-21,豐原區,SE6 青蔥 粉蔥 ,88.5,74.7,35.0,69.49,-8.53,1950.0,424.19,7,5,2017,0
2017-07-22,豐原區,SE6 青蔥 粉蔥 ,83.6,75.5,54.3,72.86,4.85,2100.0,7.69,7,6,2017,0
2017-07-23,豐原區,SE6 青蔥 粉蔥 ,84.1,71.6,40.0,67.77,-6.99,1226.0,-41.62,7,7,2017,0
2017-07-24,豐原區,SE6 青蔥 粉蔥 ,,,,,,,,7,1,2017,1
2017-07-25,豐原區,SE6 青蔥 粉蔥 ,69.8,48.4,40.0,50.99,-24.76,3836.0,212.89,7,2,2017,0
2017-07-26,豐原區,SE6 青蔥 粉蔥 ,84.7,65.1,50.0,65.97,29.38,2146.0,-44.06,7,3,2017,0
2017-07-27,豐原區,SE6 青蔥 粉蔥 ,95.0,67.4,60.0,71.47,8.34,1276.0,-40.54,7,4,2017,0
2017-07-28,豐原區,SE6 青蔥 粉蔥 ,95.0,78.5,60.0,78.08,9.25,1950.0,52.82,7,5,2017,0
2017-07-29,豐原區,SE6 青蔥 粉蔥 ,122.0,60.0,60.0,72.4,-7.27,750.0,-61.54,7,6,2017,0
2017-07-30,豐原區,SE6 青蔥 粉蔥 ,115.3,84.9,80.0,89.99,24.3,2378.0,217.07,7,7,2017,0
2017-07-31,豐原區,SE6 青蔥 粉蔥 ,,,,,,,,7,1,2017,1
2017-08-01,豐原區,SE6 青蔥 粉蔥 ,111.4,86.8,65.0,87.36,-2.92,2364.0,-0.59,8,2,2017,0
2017-08-02,豐原區,SE6 青蔥 粉蔥 ,122.5,105.5,60.0,99.78,14.22,1610.0,-31.9,8,3,2017,0
2017-08-03,豐原區,SE6 青蔥 粉蔥 ,102.8,84.6,55.0,82.32,-17.5,1800.0,11.8,8,4,2017,0
2017-08-04,豐原區,SE6 青蔥 粉蔥 ,98.1,72.6,46.3,72.45,-11.99,4076.0,126.44,8,5,2017,0
2017-08-05,豐原區,SE6 青蔥 粉蔥 ,70.4,49.3,45.0,52.68,-27.29,2870.0,-29.59,8,6,2017,0
2017-08-06,豐原區,SE6 青蔥 粉蔥 ,99.7,64.8,50.0,68.83,30.66,1540.0,-46.34,8,7,2017,0
2017-08-07,豐原區,SE6 青蔥 粉蔥 ,,,,,,,,8,1,2017,1
2017-08-08,豐原區,SE6 青蔥 粉蔥 ,109.1,68.6,50.0,72.99,6.04,2194.0,42.47,8,2,2017,0
2017-08-09,豐原區,SE6 青蔥 粉蔥 ,120.0,71.5,45.8,76.04,4.18,3534.0,61.08,8,3,2017,0
2017-08-10,豐原區,SE6 青蔥 粉蔥 ,95.7,66.2,50.0,68.84,-9.47,2912.0,-17.6,8,4,2017,0
2017-08-11,豐原區,SE6 青蔥 粉蔥 ,137.4,108.5,55.0,103.56,50.44,1880.0,-35.44,8,5,2017,0
2017-08-12,豐原區,SE6 青蔥 粉蔥 ,135.0,116.3,75.0,111.79,7.95,1900.0,1.06,8,6,2017,0
2017-08-13,豐原區,SE6 青蔥 粉蔥 ,104.3,70.9,50.0,73.39,-34.35,2208.0,16.21,8,7,2017,0
2017-08-14,豐原區,SE6 青蔥 粉蔥 ,,,,,,,,8,1,2017,1
2017-08-15,豐原區,SE6 青蔥 粉蔥 ,121.2,107.0,48.0,98.02,33.56,2520.0,14.13,8,2,2017,0
2017-08-16,豐原區,SE6 青蔥 粉蔥 ,127.8,85.0,64.4,89.42,-8.77,3600.0,42.86,8,3,2017,0
2017-08-17,豐原區,SE6 青蔥 粉蔥 ,108.3,70.0,70.0,77.67,-13.14,2008.0,-44.22,8,4,2017,0
2017-08-18,豐原區,SE6 青蔥 粉蔥 ,104.8,70.8,65.0,76.45,-1.57,4028.0,100.6,8,5,2017,0
2017-08-19,豐原區,SE6 青蔥 粉蔥 ,97.1,75.8,60.1,76.9,0.59,1514.0,-62.41,8,6,2017,0
2017-08-20,豐原區,SE6 青蔥 粉蔥 ,97.6,76.1,65.0,78.21,1.7,2620.0,73.05,8,7,2017,0
2017-08-21,豐原區,SE6 青蔥 粉蔥 ,,,,,,,,8,1,2017,1
2017-08-22,豐原區,SE6 青蔥 粉蔥 ,131.6,106.7,70.0,104.34,33.41,2580.0,-1.53,8,2,2017,0
2017-08-23,豐原區,SE6 青蔥 粉蔥 ,140.0,101.0,100.0,108.61,4.09,1198.0,-53.57,8,3,2017,0
2017-08-24,豐原區,SE6 青蔥 粉蔥 ,134.8,120.9,80.0,115.48,6.33,1040.0,-13.19,8,4,2017,0
2017-08-25,豐原區,SE6 青蔥 粉蔥 ,130.0,116.6,90.0,113.96,-1.32,2265.0,117.79,8,5,2017,0
2017-08-26,豐原區,SE6 青蔥 粉蔥 ,120.5,91.9,90.0,97.26,-14.65,2920.0,28.92,8,6,2017,0
2017-08-27,豐原區,SE6 青蔥 粉蔥 ,121.5,97.5,90.0,100.78,3.62,1985.0,-32.02,8,7,2017,0
2017-08-28,豐原區,SE6 青蔥 粉蔥 ,,,,,,,,8,1,2017,1
2017-08-29,豐原區,SE6 青蔥 粉蔥 ,132.7,87.0,80.5,94.84,-5.89,3908.0,96.88,8,2,2017,0
2017-08-30,豐原區,SE6 青蔥 粉蔥 ,145.9,99.6,90.0,106.96,12.78,3450.0,-11.72,8,3,2017,0
2017-08-31,豐原區,SE6 青蔥 粉蔥 ,118.4,108.1,95.8,107.72,0.71,1270.0,-63.19,8,4,2017,0
2017-09-01,豐原區,SE6 青蔥 粉蔥 ,137.7,98.1,90.0,104.39,-3.09,2390.0,88.19,9,5,2017,0
2017-09-02,豐原區,SE6 青蔥 粉蔥 ,108.0,80.7,80.0,86.05,-17.57,3472.0,45.27,9,6,2017,0
2017-09-03,豐原區,SE6 青蔥 粉蔥 ,124.0,91.4,80.0,95.63,11.13,4472.0,28.8,9,7,2017,0
2017-09-04,豐原區,SE6 青蔥 粉蔥 ,136.2,86.7,70.0,93.28,-2.46,3504.0,-21.65,9,1,2017,0
2017-09-05,豐原區,SE6 青蔥 粉蔥 ,147.8,115.3,80.1,114.76,23.03,3320.0,-5.25,9,2,2017,0
2017-09-06,豐原區,SE6 青蔥 粉蔥 ,,,,,,,,9,3,2017,1
2017-09-07,豐原區,SE6 青蔥 粉蔥 ,130.0,79.4,60.0,85.64,-25.37,1004.0,-69.76,9,4,2017,0
2017-09-08,豐原區,SE6 青蔥 粉蔥 ,147.6,98.7,70.0,102.76,19.99,4526.0,350.8,9,5,2017,0
2017-09-09,豐原區,SE6 青蔥 粉蔥 ,150.0,131.7,95.0,128.0,24.56,1000.0,-77.91,9,6,2017,0
2017-09-10,豐原區,SE6 青蔥 粉蔥 ,153.3,121.0,77.4,118.76,-7.22,2580.0,158.0,9,7,2017,0
2017-09-11,豐原區,SE6 青蔥 粉蔥 ,,,,,,,,9,1,2017,1
2017-09-12,豐原區,SE6 青蔥 粉蔥 ,158.0,120.7,80.0,120.0,1.04,1650.0,-36.05,9,2,2017,0
2017-09-13,豐原區,SE6 青蔥 粉蔥 ,158.4,99.1,90.0,109.12,-9.07,1480.0,-10.3,9,3,2017,0
2017-09-14,豐原區,SE6 青蔥 粉蔥 ,130.8,89.9,70.0,94.08,-13.78,2984.0,101.62,9,4,2017,0
2017-09-15,豐原區,SE6 青蔥 粉蔥 ,119.8,90.9,60.0,90.52,-3.78,4150.0,39.08,9,5,2017,0
2017-09-16,豐原區,SE6 青蔥 粉蔥 ,114.7,80.7,60.0,83.34,-7.93,3036.0,-26.84,9,6,2017,0
2017-09-17,豐原區,SE6 青蔥 粉蔥 ,128.7,73.7,60.0,81.95,-1.67,1540.0,-49.28,9,7,2017,0
2017-09-18,豐原區,SE6 青蔥 粉蔥 ,,,,,,,,9,1,2017,1
2017-09-19,豐原區,SE6 青蔥 粉蔥 ,94.4,71.9,70.0,76.03,-7.22,1560.0,1.3,9,2,2017,0
2017-09-20,豐原區,SE6 青蔥 粉蔥 ,125.7,100.4,62.0,97.79,28.62,2620.0,67.95,9,3,2017,0
2017-09-21,豐原區,SE6 青蔥 粉蔥 ,130.0,96.5,60.0,95.88,-1.95,2350.0,-10.31,9,4,2017,0
2017-09-22,豐原區,SE6 青蔥 粉蔥 ,150.0,112.3,80.0,113.39,18.26,2420.0,2.98,9,5,2017,0
2017-09-23,豐原區,SE6 青蔥 粉蔥 ,120.0,108.3,80.0,105.0,-7.4,1600.0,-33.88,9,6,2017,0
2017-09-24,豐原區,SE6 青蔥 粉蔥 ,125.9,101.3,81.0,102.16,-2.7,2448.0,53.0,9,7,2017,0
2017-09-25,豐原區,SE6 青蔥 粉蔥 ,,,,,,,,9,1,2017,1
2017-09-26,豐原區,SE6 青蔥 粉蔥 ,130.0,126.4,75.6,116.95,14.48,3310.0,35.21,9,2,2017,0
2017-09-27,豐原區,SE6 青蔥 粉蔥 ,127.0,92.6,77.7,96.51,-17.48,4300.0,29.91,9,3,2017,0
2017-09-28,豐原區,SE6 青蔥 粉蔥 ,126.7,109.7,71.7,105.5,9.32,2698.0,-37.26,9,4,2017,0
2017-09-29,豐原區,SE6 青蔥 粉蔥 ,130.0,111.5,100.0,112.91,7.02,6284.0,132.91,9,5,2017,0
2017-09-30,豐原區,SE6 青蔥 粉蔥 ,106.3,90.4,60.0,87.49,-22.51,4224.0,-32.78,9,6,2017,0
2017-10-01,豐原區,SE6 青蔥 粉蔥 ,99.9,66.0,50.0,69.57,-20.48,3472.0,-17.8,10,7,2017,0
2017-10-02,豐原區,SE6 青蔥 粉蔥 ,90.0,78.3,60.0,76.99,10.67,1230.0,-64.57,10,1,2017,0
2017-10-03,豐原區,SE6 青蔥 粉蔥 ,98.5,83.1,60.0,81.53,5.9,2658.0,116.1,10,2,2017,0
2017-10-04,豐原區,SE6 青蔥 粉蔥 ,96.5,79.9,54.4,78.1,-4.21,3840.0,44.47,10,3,2017,0
2017-10-05,豐原區,SE6 青蔥 粉蔥 ,,,,,,,,10,4,2017,1
2017-10-06,豐原區,SE6 青蔥 粉蔥 ,94.1,67.7,50.0,69.44,-11.09,3190.0,-16.93,10,5,2017,0
2017-10-07,豐原區,SE6 青蔥 粉蔥 ,97.1,83.5,63.0,82.13,18.27,2854.0,-10.53,10,6,2017,0
2017-10-08,豐原區,SE6 青蔥 粉蔥 ,115.1,90.6,66.0,90.59,10.3,4963.0,73.9,10,7,2017,0
2017-10-09,豐原區,SE6 青蔥 粉蔥 ,,,,,,,,10,1,2017,1
2017-10-10,豐原區,SE6 青蔥 粉蔥 ,98.5,77.9,70.0,80.45,-11.19,4400.0,-11.34,10,2,2017,0
2017-10-11,豐原區,SE6 青蔥 粉蔥 ,105.0,73.5,65.7,78.21,-2.78,4645.0,5.57,10,3,2017,0
2017-10-12,豐原區,SE6 青蔥 粉蔥 ,100.0,87.4,67.3,85.87,9.79,3900.0,-16.04,10,4,2017,0
2017-10-13,豐原區,SE6 青蔥 粉蔥 ,94.7,80.3,55.3,78.14,-9.0,3264.0,-16.31,10,5,2017,0
2017-10-14,豐原區,SE6 青蔥 粉蔥 ,116.5,81.9,61.1,84.63,8.31,2820.0,-13.6,10,6,2017,0
2017-10-15,豐原區,SE6 青蔥 粉蔥 ,106.3,81.0,49.8,79.81,-5.7,2940.0,4.26,10,7,2017,0
2017-10-16,豐原區,SE6 青蔥 粉蔥 ,,,,,,,,10,1,2017,1
2017-10-17,豐原區,SE6 青蔥 粉蔥 ,99.2,74.5,67.1,77.96,-2.32,2444.0,-16.87,10,2,2017,0
2017-10-18,豐原區,SE6 青蔥 粉蔥 ,105.4,93.6,80.0,93.24,19.6,3190.0,30.52,10,3,2017,0
2017-10-19,豐原區,SE6 青蔥 粉蔥 ,107.1,76.2,60.0,79.13,-15.13,2880.0,-9.72,10,4,2017,0
2017-10-20,豐原區,SE6 青蔥 粉蔥 ,115.0,103.3,56.0,96.16,21.52,860.0,-70.14,10,5,2017,0
2017-10-21,豐原區,SE6 青蔥 粉蔥 ,110.7,89.3,63.0,88.33,-8.14,2512.0,192.09,10,6,2017,0
2017-10-22,豐原區,SE6 青蔥 粉蔥 ,102.3,75.7,60.0,77.91,-11.8,3010.0,19.82,10,7,2017,0
2017-10-23,豐原區,SE6 青蔥 粉蔥 ,,,,,,,,10,1,2017,1
2017-10-24,豐原區,SE6 青蔥 粉蔥 ,110.0,86.1,60.0,85.65,9.93,2160.0,-28.24,10,2,2017,0
2017-10-25,豐原區,SE6 青蔥 粉蔥 ,110.0,106.2,68.8,99.45,16.11,1102.0,-48.98,10,3,2017,0
2017-10-26,豐原區,SE6 青蔥 粉蔥 ,110.0,100.6,64.7,95.29,-4.18,1700.0,54.26,10,4,2017,0
2017-10-27,豐原區,SE6 青蔥 粉蔥 ,121.7,101.2,74.6,100.0,4.94,1180.0,-30.59,10,5,2017,0
2017-10-28,豐原區,SE6 青蔥 粉蔥 ,121.7,101.2,74.6,100.0,0.0,1180.0,0.0,10,6,2017,0
2017-10-29,豐原區,SE6 青蔥 粉蔥 ,110.0,106.2,68.8,99.45,-0.55,1102.0,-6.61,10,7,2017,0
2017-10-30,豐原區,SE6 青蔥 粉蔥 ,,,,,,,,10,1,2017,1
2017-10-31,豐原區,SE6 青蔥 粉蔥 ,114.1,78.1,63.8,82.42,-17.12,3440.0,212.16,10,2,2017,0
2017-11-01,豐原區,SE6 青蔥 粉蔥 ,119.2,81.9,80.0,88.95,7.92,2570.0,-25.29,11,3,2017,0
2017-11-02,豐原區,SE6 青蔥 粉蔥 ,115.8,96.1,82.2,97.29,9.38,1290.0,-49.81,11,4,2017,0
2017-11-03,豐原區,SE6 青蔥 粉蔥 ,131.6,102.3,69.1,101.54,4.37,4600.0,256.59,11,5,2017,0
2017-11-04,豐原區,SE6 青蔥 粉蔥 ,,,,,,,,11,6,2017,1
2017-11-05,豐原區,SE6 青蔥 粉蔥 ,113.0,83.0,70.0,86.41,-14.9,1920.0,-58.26,11,7,2017,0
2017-11-06,豐原區,SE6 青蔥 粉蔥 ,,,,,,,,11,1,2017,1
2017-11-07,豐原區,SE6 青蔥 粉蔥 ,124.4,93.6,50.0,91.0,5.31,2790.0,45.31,11,2,2017,0
2017-11-08,豐原區,SE6 青蔥 粉蔥 ,124.4,87.5,41.7,85.72,-5.8,4180.0,49.82,11,3,2017,0
2017-11-09,豐原區,SE6 青蔥 粉蔥 ,117.1,102.2,90.0,102.75,19.87,1772.0,-57.61,11,4,2017,0
2017-11-10,豐原區,SE6 青蔥 粉蔥 ,104.2,68.4,50.0,71.87,-30.05,3100.0,74.94,11,5,2017,0
2017-11-11,豐原區,SE6 青蔥 粉蔥 ,103.0,69.8,50.0,72.49,0.86,1672.0,-46.06,11,6,2017,0
2017-11-12,豐原區,SE6 青蔥 粉蔥 ,93.0,60.6,25.0,59.97,-17.27,3150.0,88.4,11,7,2017,0
2017-11-13,豐原區,SE6 青蔥 粉蔥 ,,,,,,,,11,1,2017,1
2017-11-14,豐原區,SE6 青蔥 粉蔥 ,100.0,62.0,30.0,63.2,5.39,2500.0,-20.63,11,2,2017,0
2017-11-15,豐原區,SE6 青蔥 粉蔥 ,91.5,56.9,42.7,60.98,-3.51,3260.0,30.4,11,3,2017,0
2017-11-16,豐原區,SE6 青蔥 粉蔥 ,,,,,,,,11,4,2017,1
2017-11-17,豐原區,SE6 青蔥 粉蔥 ,87.0,52.8,31.7,55.43,-9.1,3784.0,16.07,11,5,2017,0
2017-11-18,豐原區,SE6 青蔥 粉蔥 ,59.8,43.4,32.5,44.47,-19.77,3926.0,3.75,11,6,2017,0
2017-11-19,豐原區,SE6 青蔥 粉蔥 ,69.1,39.9,35.0,44.78,0.7,1960.0,-50.08,11,7,2017,0
2017-11-20,豐原區,SE6 青蔥 粉蔥 ,,,,,,,,11,1,2017,1
2017-11-21,豐原區,SE6 青蔥 粉蔥 ,59.8,40.1,35.0,43.03,-3.91,2721.0,38.83,11,2,2017,0
2017-11-22,豐原區,SE6 青蔥 粉蔥 ,85.0,78.8,56.4,75.59,75.67,1686.0,-38.04,11,3,2017,0
2017-11-23,豐原區,SE6 青蔥 粉蔥 ,85.0,70.6,39.8,67.31,-10.95,2216.0,31.44,11,4,2017,0
2017-11-24,豐原區,SE6 青蔥 粉蔥 ,76.2,53.7,35.0,54.43,-19.14,3753.0,69.36,11,5,2017,0
2017-11-25,豐原區,SE6 青蔥 粉蔥 ,60.0,48.5,35.0,48.11,-11.61,677.0,-81.96,11,6,2017,0
2017-11-26,豐原區,SE6 青蔥 粉蔥 ,70.0,61.4,48.5,60.54,25.84,3506.0,417.87,11,7,2017,0
2017-11-27,豐原區,SE6 青蔥 粉蔥 ,,,,,,,,11,1,2017,1
2017-11-28,豐原區,SE6 青蔥 粉蔥 ,60.0,45.8,30.0,45.51,-24.83,3886.0,10.84,11,2,2017,0
2017-11-29,豐原區,SE6 青蔥 粉蔥 ,67.2,52.1,34.6,51.63,13.45,1745.0,-55.1,11,3,2017,0
2017-11-30,豐原區,SE6 青蔥 粉蔥 ,60.0,51.1,41.5,50.93,-1.36,4822.0,176.33,11,4,2017,0
2017-12-01,豐原區,SE6 青蔥 粉蔥 ,50.0,41.1,27.4,40.17,-21.13,4333.0,-10.14,12,5,2017,0
2017-12-02,豐原區,SE6 青蔥 粉蔥 ,42.2,33.7,24.9,33.6,-16.36,3867.0,-10.75,12,6,2017,0
2017-12-03,豐原區,SE6 青蔥 粉蔥 ,44.9,35.8,29.6,36.39,8.3,4074.0,5.35,12,7,2017,0
2017-12-04,豐原區,SE6 青蔥 粉蔥 ,,,,,,,,12,1,2017,1
2017-12-05,豐原區,SE6 青蔥 粉蔥 ,45.0,36.6,29.7,36.91,1.43,5395.0,32.43,12,2,2017,0
2017-12-06,豐原區,SE6 青蔥 粉蔥 ,52.6,36.9,29.9,38.65,4.71,3424.0,-36.53,12,3,2017,0
2017-12-07,豐原區,SE6 青蔥 粉蔥 ,50.8,41.0,29.4,40.64,5.15,3137.0,-8.38,12,4,2017,0
2017-12-08,豐原區,SE6 青蔥 粉蔥 ,45.5,32.8,24.9,33.78,-16.88,5073.0,61.72,12,5,2017,0
2017-12-09,豐原區,SE6 青蔥 粉蔥 ,44.8,33.4,26.0,34.19,1.21,3586.0,-29.31,12,6,2017,0
2017-12-10,豐原區,SE6 青蔥 粉蔥 ,40.2,34.7,31.7,35.21,2.98,5118.0,42.72,12,7,2017,0
2017-12-11,豐原區,SE6 青蔥 粉蔥 ,,,,,,,,12,1,2017,1
2017-12-12,豐原區,SE6 青蔥 粉蔥 ,47.8,33.7,24.7,34.71,-1.42,3605.0,-29.56,12,2,2017,0
2017-12-13,豐原區,SE6 青蔥 粉蔥 ,50.4,33.8,24.5,35.25,1.56,2769.0,-23.19,12,3,2017,0
2017-12-14,豐原區,SE6 青蔥 粉蔥 ,36.3,34.5,28.7,33.73,-4.31,1874.0,-32.32,12,4,2017,0
2017-12-15,豐原區,SE6 青蔥 粉蔥 ,35.7,28.0,20.7,28.07,-16.78,4202.0,124.23,12,5,2017,0
2017-12-16,豐原區,SE6 青蔥 粉蔥 ,35.2,24.9,20.0,25.96,-7.52,3314.0,-21.13,12,6,2017,0
2017-12-17,豐原區,SE6 青蔥 粉蔥 ,35.2,24.9,20.0,25.96,0.0,3314.0,0.0,12,7,2017,0
2017-12-18,豐原區,SE6 青蔥 粉蔥 ,,,,,,,,12,1,2017,1
2017-12-19,豐原區,SE6 青蔥 粉蔥 ,35.2,28.1,19.9,27.91,7.51,3998.0,20.64,12,2,2017,0
2017-12-20,豐原區,SE6 青蔥 粉蔥 ,35.2,28.1,19.9,27.91,0.0,3998.0,0.0,12,3,2017,0
2017-12-21,豐原區,SE6 青蔥 粉蔥 ,37.9,28.4,18.0,28.22,1.11,1503.0,-62.41,12,4,2017,0
2017-12-22,豐原區,SE6 青蔥 粉蔥 ,36.4,27.6,22.0,28.22,0.0,2466.0,64.07,12,5,2017,0
2017-12-23,豐原區,SE6 青蔥 粉蔥 ,40.0,32.7,22.0,32.03,13.5,2621.0,6.29,12,6,2017,0
2017-12-24,豐原區,SE6 青蔥 粉蔥 ,35.6,28.4,20.9,28.33,-11.55,3277.0,25.03,12,7,2017,0
2017-12-25,豐原區,SE6 青蔥 粉蔥 ,,,,,,,,12,1,2017,1
2017-12-26,豐原區,SE6 青蔥 粉蔥 ,34.4,25.5,19.9,26.13,-7.77,2735.0,-16.54,12,2,2017,0
2017-12-27,豐原區,SE6 青蔥 粉蔥 ,40.0,32.8,24.4,32.59,24.72,2324.0,-15.03,12,3,2017,0
2017-12-28,豐原區,SE6 青蔥 粉蔥 ,37.0,31.1,24.8,31.01,-4.85,4124.0,77.45,12,4,2017,0
2017-12-29,豐原區,SE6 青蔥 粉蔥 ,34.8,28.8,23.8,29.02,-6.42,3094.0,-24.98,12,5,2017,0
2017-12-30,豐原區,SE6 青蔥 粉蔥 ,37.1,26.8,19.9,27.45,-5.41,4802.0,55.2,12,6,2017,0
2017-12-31,豐原區,SE6 青蔥 粉蔥 ,37.3,30.2,22.3,30.01,9.33,4835.0,0.69,12,7,2017,0
2018-01-01,豐原區,SE6 青蔥 粉蔥 ,,,,,,,,1,1,2018,1
2018-01-02,豐原區,SE6 青蔥 粉蔥 ,40.0,30.6,19.0,30.17,0.53,2982.0,-38.32,1,2,2018,0
2018-01-03,豐原區,SE6 青蔥 粉蔥 ,25.4,20.8,15.0,20.55,-31.89,1390.0,-53.39,1,3,2018,0
2018-01-04,豐原區,SE6 青蔥 粉蔥 ,30.7,26.0,18.0,25.31,23.16,3675.0,164.39,1,4,2018,0
2018-01-05,豐原區,SE6 青蔥 粉蔥 ,30.0,25.6,20.0,25.39,0.32,2452.0,-33.28,1,5,2018,0
2018-01-06,豐原區,SE6 青蔥 粉蔥 ,28.7,21.7,16.0,21.97,-13.47,3650.0,48.86,1,6,2018,0
2018-01-07,豐原區,SE6 青蔥 粉蔥 ,28.7,22.9,19.8,23.45,6.74,4110.0,12.6,1,7,2018,0
2018-01-08,豐原區,SE6 青蔥 粉蔥 ,,,,,,,,1,1,2018,1
2018-01-09,豐原區,SE6 青蔥 粉蔥 ,26.9,22.3,20.0,22.79,-2.81,3755.0,-8.64,1,2,2018,0
2018-01-10,豐原區,SE6 青蔥 粉蔥 ,33.2,27.7,20.0,27.28,19.7,3370.0,-10.25,1,3,2018,0
2018-01-11,豐原區,SE6 青蔥 粉蔥 ,39.5,33.7,30.0,34.14,25.15,3454.0,2.49,1,4,2018,0
2018-01-12,豐原區,SE6 青蔥 粉蔥 ,41.8,35.9,31.5,36.21,6.06,3582.0,3.71,1,5,2018,0
2018-01-13,豐原區,SE6 青蔥 粉蔥 ,42.3,36.2,28.6,35.9,-0.86,2631.0,-26.55,1,6,2018,0
2018-01-14,豐原區,SE6 青蔥 粉蔥 ,43.3,34.9,28.7,35.35,-1.53,2262.0,-14.03,1,7,2018,0
2018-01-15,豐原區,SE6 青蔥 粉蔥 ,,,,,,,,1,1,2018,1
2018-01-16,豐原區,SE6 青蔥 粉蔥 ,48.1,31.7,25.0,33.66,-4.78,1605.0,-29.05,1,2,2018,0
2018-01-17,豐原區,SE6 青蔥 粉蔥 ,43.8,33.8,25.0,34.02,1.07,2085.0,29.91,1,3,2018,0
2018-01-18,豐原區,SE6 青蔥 粉蔥 ,41.2,32.1,25.0,32.48,-4.53,3169.0,51.99,1,4,2018,0
2018-01-19,豐原區,SE6 青蔥 粉蔥 ,35.5,27.8,18.6,27.47,-15.42,2455.0,-22.53,1,5,2018,0
2018-01-20,豐原區,SE6 青蔥 粉蔥 ,24.1,16.0,10.0,16.45,-40.12,1210.0,-50.71,1,6,2018,0
2018-01-21,豐原區,SE6 青蔥 粉蔥 ,35.0,24.8,16.0,25.08,52.46,2105.0,73.97,1,7,2018,0
2018-01-22,豐原區,SE6 青蔥 粉蔥 ,,,,,,,,1,1,2018,1
2018-01-23,豐原區,SE6 青蔥 粉蔥 ,39.8,16.7,10.0,19.95,-20.45,1268.0,-39.76,1,2,2018,0
2018-01-24,豐原區,SE6 青蔥 粉蔥 ,35.7,24.4,15.1,24.79,24.26,3592.0,183.28,1,3,2018,0
2018-01-25,豐原區,SE6 青蔥 粉蔥 ,30.0,27.6,24.6,27.45,10.73,2776.0,-22.72,1,4,2018,0
2018-01-26,豐原區,SE6 青蔥 粉蔥 ,31.2,30.0,25.0,29.23,6.48,2618.0,-5.69,1,5,2018,0
2018-01-27,豐原區,SE6 青蔥 粉蔥 ,30.0,22.7,15.0,22.63,-22.58,1781.0,-31.97,1,6,2018,0
2018-01-28,豐原區,SE6 青蔥 粉蔥 ,30.5,23.9,20.0,24.45,8.04,5500.0,208.82,1,7,2018,0
2018-01-29,豐原區,SE6 青蔥 粉蔥 ,,,,,,,,1,1,2018,1
2018-01-30,豐原區,SE6 青蔥 粉蔥 ,29.0,22.6,20.0,23.38,-4.38,3700.0,-32.73,1,2,2018,0
2018-01-31,豐原區,SE6 青蔥 粉蔥 ,40.0,28.2,25.0,29.94,28.06,2705.0,-26.89,1,3,2018,0
2018-02-01,豐原區,SE6 青蔥 粉蔥 ,30.0,26.6,18.4,25.66,-14.3,3399.0,25.66,2,4,2018,0
2018-02-02,豐原區,SE6 青蔥 粉蔥 ,30.4,20.9,15.0,21.64,-15.67,2436.0,-28.33,2,5,2018,0
2018-02-03,豐原區,SE6 青蔥 粉蔥 ,25.5,21.3,20.0,21.88,1.11,3263.0,33.95,2,6,2018,0
2018-02-04,豐原區,SE6 青蔥 粉蔥 ,25.2,22.9,20.0,22.76,4.02,3626.0,11.12,2,7,2018,0
2018-02-05,豐原區,SE6 青蔥 粉蔥 ,,,,,,,,2,1,2018,1
2018-02-06,豐原區,SE6 青蔥 粉蔥 ,30.2,21.5,20.0,22.93,0.75,2668.0,-26.42,2,2,2018,0
2018-02-07,豐原區,SE6 青蔥 粉蔥 ,30.4,25.5,20.0,25.35,10.55,4375.0,63.98,2,3,2018,0
2018-02-08,豐原區,SE6 青蔥 粉蔥 ,31.1,28.0,20.0,27.01,6.55,3343.0,-23.59,2,4,2018,0
2018-02-09,豐原區,SE6 青蔥 粉蔥 ,30.3,25.8,19.4,25.42,-5.89,2968.0,-11.22,2,5,2018,0
2018-02-10,豐原區,SE6 青蔥 粉蔥 ,31.1,22.6,20.0,23.76,-6.53,3239.0,9.13,2,6,2018,0
2018-02-11,豐原區,SE6 青蔥 粉蔥 ,30.5,23.0,20.0,23.89,0.55,3110.0,-3.98,2,7,2018,0
2018-02-12,豐原區,SE6 青蔥 粉蔥 ,30.0,24.1,19.8,24.46,2.39,2515.0,-19.13,2,1,2018,0
2018-02-13,豐原區,SE6 青蔥 粉蔥 ,29.8,24.2,20.0,24.47,0.04,4703.0,87.0,2,2,2018,0
2018-02-14,豐原區,SE6 青蔥 粉蔥 ,28.7,25.0,24.5,25.63,4.74,3471.0,-26.2,2,3,2018,0
2018-02-15,豐原區,SE6 青蔥 粉蔥 ,26.3,23.8,20.0,23.52,-8.23,4270.0,23.02,2,4,2018,0
2018-02-16,豐原區,SE6 青蔥 粉蔥 ,,,,,,,,2,5,2018,1
2018-02-17,豐原區,SE6 青蔥 粉蔥 ,,,,,,,,2,6,2018,1
2018-02-18,豐原區,SE6 青蔥 粉蔥 ,,,,,,,,2,7,2018,1
2018-02-19,豐原區,SE6 青蔥 粉蔥 ,,,,,,,,2,1,2018,1
2018-02-20,豐原區,SE6 青蔥 粉蔥 ,,,,,,,,2,2,2018,1
2018-02-21,豐原區,SE6 青蔥 粉蔥 ,45.0,27.1,15.0,28.27,20.2,2023.0,-52.62,2,3,2018,0
2018-02-22,豐原區,SE6 青蔥 粉蔥 ,32.6,28.2,20.5,27.54,-2.58,3860.0,90.81,2,4,2018,0
2018-02-23,豐原區,SE6 青蔥 粉蔥 ,30.9,26.3,20.0,25.96,-5.74,4370.0,13.21,2,5,2018,0
2018-02-24,豐原區,SE6 青蔥 粉蔥 ,35.0,28.8,25.0,29.26,12.71,2363.0,-45.93,2,6,2018,0
2018-02-25,豐原區,SE6 青蔥 粉蔥 ,32.2,30.0,20.0,28.42,-2.87,2740.0,15.95,2,7,2018,0
2018-02-26,豐原區,SE6 青蔥 粉蔥 ,,,,,,,,2,1,2018,1
2018-02-27,豐原區,SE6 青蔥 粉蔥 ,29.3,24.2,20.0,24.38,-14.22,5406.0,97.3,2,2,2018,0
2018-02-28,豐原區,SE6 青蔥 粉蔥 ,25.9,20.1,17.8,20.78,-14.77,4342.0,-19.68,2,3,2018,0
2018-03-01,豐原區,SE6 青蔥 粉蔥 ,26.2,20.7,19.7,21.61,3.99,3560.0,-18.01,3,4,2018,0
2018-03-02,豐原區,SE6 青蔥 粉蔥 ,25.9,22.1,19.9,22.44,3.84,4171.0,17.16,3,5,2018,0
2018-03-03,豐原區,SE6 青蔥 粉蔥 ,,,,,,,,3,6,2018,1
2018-03-04,豐原區,SE6 青蔥 粉蔥 ,,,,,,,,3,7,2018,1
2018-03-05,豐原區,SE6 青蔥 粉蔥 ,,,,,,,,3,1,2018,1
2018-03-06,豐原區,SE6 青蔥 粉蔥 ,19.9,11.3,6.1,11.98,-46.61,3300.0,-20.88,3,2,2018,0
2018-03-07,豐原區,SE6 青蔥 粉蔥 ,25.0,20.1,18.3,20.69,72.7,4350.0,31.82,3,3,2018,0
2018-03-08,豐原區,SE6 青蔥 粉蔥 ,25.9,20.8,19.8,21.61,4.45,3472.0,-20.18,3,4,2018,0
2018-03-09,豐原區,SE6 青蔥 粉蔥 ,30.0,25.0,20.4,25.09,16.1,2972.0,-14.4,3,5,2018,0
2018-03-10,豐原區,SE6 青蔥 粉蔥 ,28.0,23.3,20.0,23.55,-6.14,3045.0,2.46,3,6,2018,0
2018-03-11,豐原區,SE6 青蔥 粉蔥 ,25.0,20.0,12.0,19.42,-17.54,3060.0,0.49,3,7,2018,0
2018-03-12,豐原區,SE6 青蔥 粉蔥 ,,,,,,,,3,1,2018,1
2018-03-13,豐原區,SE6 青蔥 粉蔥 ,31.2,26.5,23.6,26.87,38.36,3010.0,-1.63,3,2,2018,0
2018-03-14,豐原區,SE6 青蔥 粉蔥 ,33.8,24.4,18.0,24.99,-7.0,3105.0,3.16,3,3,2018,0
2018-03-15,豐原區,SE6 青蔥 粉蔥 ,31.2,22.9,10.0,21.99,-12.0,2963.0,-4.57,3,4,2018,0
2018-03-16,豐原區,SE6 青蔥 粉蔥 ,27.0,21.7,18.4,22.11,0.55,4993.0,68.51,3,5,2018,0
2018-03-17,豐原區,SE6 青蔥 粉蔥 ,26.6,19.5,15.0,20.04,-9.36,2328.0,-53.37,3,6,2018,0
2018-03-18,豐原區,SE6 青蔥 粉蔥 ,26.6,19.5,15.0,20.04,0.0,2328.0,0.0,3,7,2018,0
2018-03-19,豐原區,SE6 青蔥 粉蔥 ,,,,,,,,3,1,2018,1
2018-03-20,豐原區,SE6 青蔥 粉蔥 ,27.6,19.6,15.0,20.29,1.25,3416.0,46.74,3,2,2018,0
2018-03-21,豐原區,SE6 青蔥 粉蔥 ,26.9,15.9,15.0,17.93,-11.63,3476.0,1.76,3,3,2018,0
2018-03-22,豐原區,SE6 青蔥 粉蔥 ,26.2,22.3,15.0,21.64,20.69,2989.0,-14.01,3,4,2018,0
2018-03-23,豐原區,SE6 青蔥 粉蔥 ,25.1,16.7,10.0,17.03,-21.3,3553.0,18.87,3,5,2018,0
2018-03-24,豐原區,SE6 青蔥 粉蔥 ,27.6,18.6,12.0,19.09,12.1,3623.0,1.97,3,6,2018,0
2018-03-25,豐原區,SE6 青蔥 粉蔥 ,23.4,15.8,15.0,17.14,-10.21,5164.0,42.53,3,7,2018,0
2018-03-26,豐原區,SE6 青蔥 粉蔥 ,,,,,,,,3,1,2018,1
2018-03-27,豐原區,SE6 青蔥 粉蔥 ,30.0,21.9,14.3,22.03,28.53,2073.0,-59.86,3,2,2018,0
2018-03-28,豐原區,SE6 青蔥 粉蔥 ,21.5,17.2,10.0,16.64,-24.47,3358.0,61.99,3,3,2018,0
2018-03-29,豐原區,SE6 青蔥 粉蔥 ,29.5,19.2,15.0,20.42,22.72,2214.0,-34.07,3,4,2018,0
2018-03-30,豐原區,SE6 青蔥 粉蔥 ,27.7,20.6,18.4,21.59,5.73,3937.0,77.82,3,5,2018,0
2018-03-31,豐原區,SE6 青蔥 粉蔥 ,30.0,22.7,15.0,22.61,4.72,2794.0,-29.03,3,6,2018,0
2018-04-01,豐原區,SE6 青蔥 粉蔥 ,29.0,22.9,18.9,23.34,3.23,3318.0,18.75,4,7,2018,0
2018-04-02,豐原區,SE6 青蔥 粉蔥 ,,,,,,,,4,1,2018,1
2018-04-03,豐原區,SE6 青蔥 粉蔥 ,24.1,16.9,9.5,16.82,-27.93,1966.0,-40.75,4,2,2018,0
2018-04-04,豐原區,SE6 青蔥 粉蔥 ,27.1,20.0,15.0,20.4,21.28,4386.0,123.09,4,3,2018,0
2018-04-05,豐原區,SE6 青蔥 粉蔥 ,27.1,20.2,15.0,20.54,0.69,4708.0,7.34,4,4,2018,0
2018-04-06,豐原區,SE6 青蔥 粉蔥 ,,,,,,,,4,5,2018,1
2018-04-07,豐原區,SE6 青蔥 粉蔥 ,27.8,21.7,16.0,21.76,5.94,3400.0,-27.78,4,6,2018,0
2018-04-08,豐原區,SE6 青蔥 粉蔥 ,30.2,20.8,15.6,21.63,-0.6,4296.0,26.35,4,7,2018,0
2018-04-09,豐原區,SE6 青蔥 粉蔥 ,,,,,,,,4,1,2018,1
2018-04-10,豐原區,SE6 青蔥 粉蔥 ,34.3,23.7,20.0,25.1,16.04,2606.0,-39.34,4,2,2018,0
2018-04-11,豐原區,SE6 青蔥 粉蔥 ,31.5,23.5,18.7,24.14,-3.82,3866.0,48.35,4,3,2018,0
2018-04-12,豐原區,SE6 青蔥 粉蔥 ,35.7,26.6,20.2,27.13,12.39,3625.0,-6.23,4,4,2018,0
2018-04-13,豐原區,SE6 青蔥 粉蔥 ,28.6,24.8,20.0,24.61,-9.29,3285.0,-9.38,4,5,2018,0
2018-04-14,豐原區,SE6 青蔥 粉蔥 ,23.2,13.2,10.0,14.58,-40.76,5330.0,62.25,4,6,2018,0
2018-04-15,豐原區,SE6 青蔥 粉蔥 ,19.2,13.6,7.0,13.4,-8.09,5570.0,4.5,4,7,2018,0
2018-04-16,豐原區,SE6 青蔥 粉蔥 ,,,,,,,,4,1,2018,1
2018-04-17,豐原區,SE6 青蔥 粉蔥 ,29.9,24.8,18.5,24.57,83.36,4174.0,-25.06,4,2,2018,0
2018-04-18,豐原區,SE6 青蔥 粉蔥 ,29.0,23.6,16.3,23.24,-5.41,4522.0,8.34,4,3,2018,0
2018-04-19,豐原區,SE6 青蔥 粉蔥 ,25.0,20.9,12.0,19.95,-14.16,2417.0,-46.55,4,4,2018,0
2018-04-20,豐原區,SE6 青蔥 粉蔥 ,25.7,20.6,15.0,20.48,2.66,2919.0,20.77,4,5,2018,0
2018-04-21,豐原區,SE6 青蔥 粉蔥 ,29.0,23.6,16.3,23.24,13.48,4522.0,54.92,4,6,2018,0
2018-04-22,豐原區,SE6 青蔥 粉蔥 ,31.3,28.6,23.9,28.23,21.47,1960.0,-56.66,4,7,2018,0
2018-04-23,豐原區,SE6 青蔥 粉蔥 ,,,,,,,,4,1,2018,1
2018-04-24,豐原區,SE6 青蔥 粉蔥 ,31.4,22.9,10.0,22.05,-21.89,2000.0,2.04,4,2,2018,0
2018-04-25,豐原區,SE6 青蔥 粉蔥 ,33.4,28.6,20.0,27.85,26.3,4424.0,121.2,4,3,2018,0
2018-04-26,豐原區,SE6 青蔥 粉蔥 ,33.8,27.2,20.0,27.08,-2.76,4004.0,-9.49,4,4,2018,0
2018-04-27,豐原區,SE6 青蔥 粉蔥 ,32.9,27.6,16.1,26.39,-2.55,3907.0,-2.42,4,5,2018,0
2018-04-28,豐原區,SE6 青蔥 粉蔥 ,31.0,27.1,20.0,26.46,0.27,5010.0,28.23,4,6,2018,0
2018-04-29,豐原區,SE6 青蔥 粉蔥 ,31.7,26.8,22.4,26.88,1.59,4975.0,-0.7,4,7,2018,0
2018-04-30,豐原區,SE6 青蔥 粉蔥 ,,,,,,,,4,1,2018,1
2018-05-01,豐原區,SE6 青蔥 粉蔥 ,32.5,26.9,20.0,26.65,-0.86,3401.0,-31.64,5,2,2018,0
2018-05-02,豐原區,SE6 青蔥 粉蔥 ,33.6,29.1,20.6,28.27,6.08,4529.0,33.17,5,3,2018,0
2018-05-03,豐原區,SE6 青蔥 粉蔥 ,29.8,21.5,20.0,22.84,-19.21,5273.0,16.43,5,4,2018,0
2018-05-04,豐原區,SE6 青蔥 粉蔥 ,33.3,27.7,15.3,26.32,15.24,3200.0,-39.31,5,5,2018,0
2018-05-05,豐原區,SE6 青蔥 粉蔥 ,33.3,27.7,15.3,26.32,0.0,3200.0,0.0,5,6,2018,0
2018-05-06,豐原區,SE6 青蔥 粉蔥 ,34.0,26.6,20.3,26.84,1.98,2685.0,-16.09,5,7,2018,0
2018-05-07,豐原區,SE6 青蔥 粉蔥 ,,,,,,,,5,1,2018,1
2018-05-08,豐原區,SE6 青蔥 粉蔥 ,35.8,24.9,17.0,25.51,-4.96,4560.0,69.83,5,2,2018,0
2018-05-09,豐原區,SE6 青蔥 粉蔥 ,40.0,33.7,21.2,32.49,27.36,4415.0,-3.18,5,3,2018,0
2018-05-10,豐原區,SE6 青蔥 粉蔥 ,40.0,33.7,21.2,32.49,0.0,4415.0,0.0,5,4,2018,0
2018-05-11,豐原區,SE6 青蔥 粉蔥 ,36.2,33.5,30.0,33.35,2.65,2860.0,-35.22,5,5,2018,0
2018-05-12,豐原區,SE6 青蔥 粉蔥 ,38.0,29.7,20.0,29.43,-11.75,3690.0,29.02,5,6,2018,0
2018-05-13,豐原區,SE6 青蔥 粉蔥 ,36.3,31.2,20.9,30.15,2.45,3867.0,4.8,5,7,2018,0
2018-05-14,豐原區,SE6 青蔥 粉蔥 ,,,,,,,,5,1,2018,1
2018-05-15,豐原區,SE6 青蔥 粉蔥 ,39.4,34.5,30.0,34.57,14.66,2699.0,-30.2,5,2,2018,0
2018-05-16,豐原區,SE6 青蔥 粉蔥 ,38.8,31.9,20.0,30.87,-10.7,2481.0,-8.08,5,3,2018,0
2018-05-17,豐原區,SE6 青蔥 粉蔥 ,32.1,25.0,15.0,24.41,-20.93,2000.0,-19.39,5,4,2018,0
2018-05-18,豐原區,SE6 青蔥 粉蔥 ,32.0,30.0,25.7,29.52,20.93,3462.0,73.1,5,5,2018,0
2018-05-19,豐原區,SE6 青蔥 粉蔥 ,30.2,25.5,16.5,24.66,-16.46,8681.0,150.75,5,6,2018,0
2018-05-20,豐原區,SE6 青蔥 粉蔥 ,30.0,30.0,29.8,29.96,21.49,2010.0,-76.85,5,7,2018,0
2018-05-21,豐原區,SE6 青蔥 粉蔥 ,,,,,,,,5,1,2018,1
2018-05-22,豐原區,SE6 青蔥 粉蔥 ,36.7,30.0,26.5,30.64,2.27,2875.0,43.03,5,2,2018,0
2018-05-23,豐原區,SE6 青蔥 粉蔥 ,36.0,33.0,20.0,31.01,1.21,3853.0,34.02,5,3,2018,0
2018-05-24,豐原區,SE6 青蔥 粉蔥 ,36.7,33.0,29.6,33.04,6.55,3331.0,-13.55,5,4,2018,0
2018-05-25,豐原區,SE6 青蔥 粉蔥 ,38.6,32.9,28.1,33.05,0.03,2100.0,-36.96,5,5,2018,0
2018-05-26,豐原區,SE6 青蔥 粉蔥 ,46.5,31.0,20.0,31.93,-3.39,2606.0,24.1,5,6,2018,0
2018-05-27,豐原區,SE6 青蔥 粉蔥 ,43.8,22.5,14.0,25.06,-21.52,4063.0,55.91,5,7,2018,0
2018-05-28,豐原區,SE6 青蔥 粉蔥 ,,,,,,,,5,1,2018,1
2018-05-29,豐原區,SE6 青蔥 粉蔥 ,41.3,37.5,29.0,36.57,45.93,2366.0,-41.77,5,2,2018,0
2018-05-30,豐原區,SE6 青蔥 粉蔥 ,40.8,32.8,29.3,33.7,-7.85,3608.0,52.49,5,3,2018,0
2018-05-31,豐原區,SE6 青蔥 粉蔥 ,38.0,28.6,20.0,28.75,-14.69,2936.0,-18.63,5,4,2018,0
2018-06-01,豐原區,SE6 青蔥 粉蔥 ,39.6,31.8,25.0,31.98,11.23,2976.0,1.36,6,5,2018,0
2018-06-02,豐原區,SE6 青蔥 粉蔥 ,37.7,30.0,25.0,30.53,-4.53,4156.0,39.65,6,6,2018,0
2018-06-03,豐原區,SE6 青蔥 粉蔥 ,35.3,28.4,20.0,28.11,-7.93,2960.0,-28.78,6,7,2018,0
2018-06-04,豐原區,SE6 青蔥 粉蔥 ,,,,,,,,6,1,2018,1
2018-06-05,豐原區,SE6 青蔥 粉蔥 ,40.0,37.0,27.9,35.79,27.32,3246.0,9.66,6,2,2018,0
2018-06-06,豐原區,SE6 青蔥 粉蔥 ,40.0,32.9,25.2,32.8,-8.35,4343.0,33.8,6,3,2018,0
2018-06-07,豐原區,SE6 青蔥 粉蔥 ,35.6,32.5,25.3,31.71,-3.32,4298.0,-1.04,6,4,2018,0
2018-06-08,豐原區,SE6 青蔥 粉蔥 ,40.7,37.2,30.2,36.46,14.98,3612.0,-15.96,6,5,2018,0
2018-06-09,豐原區,SE6 青蔥 粉蔥 ,39.3,24.6,20.0,26.62,-26.99,4580.0,26.8,6,6,2018,0
2018-06-10,豐原區,SE6 青蔥 粉蔥 ,,,,,,,,6,7,2018,1
2018-06-11,豐原區,SE6 青蔥 粉蔥 ,,,,,,,,6,1,2018,1
2018-06-12,豐原區,SE6 青蔥 粉蔥 ,30.0,27.4,20.4,26.49,-0.49,4840.0,5.68,6,2,2018,0
2018-06-13,豐原區,SE6 青蔥 粉蔥 ,42.0,33.8,29.0,34.51,30.28,3286.0,-32.11,6,3,2018,0
2018-06-14,豐原區,SE6 青蔥 粉蔥 ,44.7,38.9,33.5,38.98,12.95,2200.0,-33.05,6,4,2018,0
2018-06-15,豐原區,SE6 青蔥 粉蔥 ,41.8,33.1,27.8,33.77,-13.37,2288.0,4.0,6,5,2018,0
2018-06-16,豐原區,SE6 青蔥 粉蔥 ,52.6,36.8,35.0,39.6,17.26,2022.0,-11.63,6,6,2018,0
2018-06-17,豐原區,SE6 青蔥 粉蔥 ,42.6,35.9,35.0,37.08,-6.36,2040.0,0.89,6,7,2018,0
2018-06-18,豐原區,SE6 青蔥 粉蔥 ,43.3,31.7,28.0,33.28,-10.25,3060.0,50.0,6,1,2018,0
2018-06-19,豐原區,SE6 青蔥 粉蔥 ,,,,,,,,6,2,2018,1
2018-06-20,豐原區,SE6 青蔥 粉蔥 ,45.0,35.8,25.0,35.45,6.52,1390.0,-54.58,6,3,2018,0
2018-06-21,豐原區,SE6 青蔥 粉蔥 ,,,,,,,,6,4,2018,1
2018-06-22,豐原區,SE6 青蔥 粉蔥 ,,,,,,,,6,5,2018,1
2018-06-23,豐原區,SE6 青蔥 粉蔥 ,41.8,34.4,25.0,34.02,-4.03,3420.0,146.04,6,6,2018,0
2018-06-24,豐原區,SE6 青蔥 粉蔥 ,45.0,39.6,25.0,37.77,11.02,1164.0,-65.96,6,7,2018,0
2018-06-25,豐原區,SE6 青蔥 粉蔥 ,,,,,,,,6,1,2018,1
2018-06-26,豐原區,SE6 青蔥 粉蔥 ,43.7,39.1,38.0,39.84,5.48,2084.0,79.04,6,2,2018,0
2018-06-27,豐原區,SE6 青蔥 粉蔥 ,48.3,40.9,38.0,41.79,4.89,2946.0,41.36,6,3,2018,0
2018-06-28,豐原區,SE6 青蔥 粉蔥 ,44.6,39.2,29.3,38.27,-8.42,2376.0,-19.35,6,4,2018,0
2018-06-29,豐原區,SE6 青蔥 粉蔥 ,43.3,34.3,26.7,34.57,-9.67,1878.0,-20.96,6,5,2018,0
2018-06-30,豐原區,SE6 青蔥 粉蔥 ,42.4,38.1,30.6,37.49,8.45,2837.0,51.06,6,6,2018,0
2018-07-01,豐原區,SE6 青蔥 粉蔥 ,42.0,33.3,27.0,33.82,-9.79,3693.0,30.17,7,7,2018,0
2018-07-02,豐原區,SE6 青蔥 粉蔥 ,,,,,,,,7,1,2018,1
2018-07-03,豐原區,SE6 青蔥 粉蔥 ,50.5,32.8,30.0,35.75,5.71,3748.0,1.49,7,2,2018,0
2018-07-04,豐原區,SE6 青蔥 粉蔥 ,47.9,43.5,41.9,44.06,23.24,2764.0,-26.25,7,3,2018,0
2018-07-05,豐原區,SE6 青蔥 粉蔥 ,48.9,39.1,30.0,39.26,-10.89,3026.0,9.48,7,4,2018,0
2018-07-06,豐原區,SE6 青蔥 粉蔥 ,51.7,44.3,34.8,43.87,11.74,2590.0,-14.41,7,5,2018,0
2018-07-07,豐原區,SE6 青蔥 粉蔥 ,50.7,45.1,25.0,42.2,-3.81,3473.0,34.09,7,6,2018,0
2018-07-08,豐原區,SE6 青蔥 粉蔥 ,39.2,23.6,10.0,23.98,-43.18,3690.0,6.25,7,7,2018,0
2018-07-09,豐原區,SE6 青蔥 粉蔥 ,,,,,,,,7,1,2018,1
2018-07-10,豐原區,SE6 青蔥 粉蔥 ,68.0,60.2,49.8,59.66,148.79,2646.0,-28.29,7,2,2018,0
2018-07-11,豐原區,SE6 青蔥 粉蔥 ,67.8,44.2,20.9,44.28,-25.78,3200.0,20.94,7,3,2018,0
2018-07-12,豐原區,SE6 青蔥 粉蔥 ,57.6,33.8,26.0,36.98,-16.49,2930.0,-8.44,7,4,2018,0
2018-07-13,豐原區,SE6 青蔥 粉蔥 ,55.8,45.9,25.0,43.73,18.25,2916.0,-0.48,7,5,2018,0
2018-07-14,豐原區,SE6 青蔥 粉蔥 ,52.1,35.7,25.0,36.85,-15.73,2796.0,-4.12,7,6,2018,0
2018-07-15,豐原區,SE6 青蔥 粉蔥 ,65.0,35.0,20.0,37.97,3.04,2690.0,-3.79,7,7,2018,0
2018-07-16,豐原區,SE6 青蔥 粉蔥 ,,,,,,,,7,1,2018,1
2018-07-17,豐原區,SE6 青蔥 粉蔥 ,50.7,40.3,32.8,40.86,7.61,1746.0,-35.09,7,2,2018,0
2018-07-18,豐原區,SE6 青蔥 粉蔥 ,50.0,39.6,30.0,39.76,-2.69,2310.0,32.3,7,3,2018,0
2018-07-19,豐原區,SE6 青蔥 粉蔥 ,44.8,24.4,20.0,27.58,-30.63,1780.0,-22.94,7,4,2018,0
2018-07-20,豐原區,SE6 青蔥 粉蔥 ,45.0,30.6,10.0,29.39,6.56,1710.0,-3.93,7,5,2018,0
2018-07-21,豐原區,SE6 青蔥 粉蔥 ,46.9,27.1,20.0,29.64,0.85,2378.0,39.06,7,6,2018,0
2018-07-22,豐原區,SE6 青蔥 粉蔥 ,44.6,26.4,20.0,28.73,-3.07,2405.0,1.14,7,7,2018,0
2018-07-23,豐原區,SE6 青蔥 粉蔥 ,,,,,,,,7,1,2018,1
2018-07-24,豐原區,SE6 青蔥 粉蔥 ,46.2,37.8,27.1,37.33,29.93,2390.0,-0.62,7,2,2018,0
2018-07-25,豐原區,SE6 青蔥 粉蔥 ,48.0,40.5,25.0,38.91,4.23,1108.0,-53.64,7,3,2018,0
2018-07-26,豐原區,SE6 青蔥 粉蔥 ,50.0,34.7,30.0,36.8,-5.42,1250.0,12.82,7,4,2018,0
2018-07-27,豐原區,SE6 青蔥 粉蔥 ,,,,,,,,7,5,2018,1
2018-07-28,豐原區,SE6 青蔥 粉蔥 ,44.2,38.1,30.0,37.67,2.36,3088.0,147.04,7,6,2018,0
2018-07-29,豐原區,SE6 青蔥 粉蔥 ,43.9,34.1,27.7,34.81,-7.59,2736.0,-11.4,7,7,2018,0
2018-07-30,豐原區,SE6 青蔥 粉蔥 ,,,,,,,,7,1,2018,1
2018-07-31,豐原區,SE6 青蔥 粉蔥 ,42.9,34.9,28.0,35.13,0.92,2156.0,-21.2,7,2,2018,0
2018-08-01,豐原區,SE6 青蔥 粉蔥 ,48.6,27.2,17.8,29.57,-15.83,4040.0,87.38,8,3,2018,0
2018-08-02,豐原區,SE6 青蔥 粉蔥 ,40.8,30.4,16.0,29.59,0.07,2950.0,-26.98,8,4,2018,0
2018-08-03,豐原區,SE6 青蔥 粉蔥 ,35.8,25.0,12.1,24.61,-16.83,2970.0,0.68,8,5,2018,0
2018-08-04,豐原區,SE6 青蔥 粉蔥 ,50.0,29.9,20.9,32.14,30.6,4420.0,48.82,8,6,2018,0
2018-08-05,豐原區,SE6 青蔥 粉蔥 ,50.0,29.5,15.0,30.68,-4.54,3840.0,-13.12,8,7,2018,0
2018-08-06,豐原區,SE6 青蔥 粉蔥 ,,,,,,,,8,1,2018,1
2018-08-07,豐原區,SE6 青蔥 粉蔥 ,31.3,25.0,24.9,26.23,-14.5,3700.0,-3.65,8,2,2018,0
2018-08-08,豐原區,SE6 青蔥 粉蔥 ,35.3,28.7,24.9,29.28,11.63,3610.0,-2.43,8,3,2018,0
2018-08-09,豐原區,SE6 青蔥 粉蔥 ,,,,,,,,8,4,2018,1
2018-08-10,豐原區,SE6 青蔥 粉蔥 ,30.0,30.0,30.0,30.0,2.46,120.0,-96.68,8,5,2018,0
2018-08-11,豐原區,SE6 青蔥 粉蔥 ,30.0,30.0,28.6,29.72,-0.93,2126.0,1671.67,8,6,2018,0
2018-08-12,豐原區,SE6 青蔥 粉蔥 ,30.8,23.4,15.0,23.18,-22.01,2944.0,38.48,8,7,2018,0
2018-08-13,豐原區,SE6 青蔥 粉蔥 ,,,,,,,,8,1,2018,1
2018-08-14,豐原區,SE6 青蔥 粉蔥 ,29.9,22.8,15.0,22.65,-2.29,3490.0,18.55,8,2,2018,0
2018-08-15,豐原區,SE6 青蔥 粉蔥 ,30.8,18.2,15.0,20.06,-11.43,3950.0,13.18,8,3,2018,0
2018-08-16,豐原區,SE6 青蔥 粉蔥 ,31.2,26.9,24.0,27.21,35.64,2080.0,-47.34,8,4,2018,0
2018-08-17,豐原區,SE6 青蔥 粉蔥 ,25.0,18.1,15.0,18.84,-30.76,1840.0,-11.54,8,5,2018,0
2018-08-18,豐原區,SE6 青蔥 粉蔥 ,30.0,21.4,14.8,21.8,15.71,2440.0,32.61,8,6,2018,0
2018-08-19,豐原區,SE6 青蔥 粉蔥 ,26.2,18.8,15.0,19.55,-10.32,2090.0,-14.34,8,7,2018,0
2018-08-20,豐原區,SE6 青蔥 粉蔥 ,,,,,,,,8,1,2018,1
2018-08-21,豐原區,SE6 青蔥 粉蔥 ,30.8,18.3,10.0,19.15,-2.05,2160.0,3.35,8,2,2018,0
2018-08-22,豐原區,SE6 青蔥 粉蔥 ,31.7,18.5,10.0,19.47,1.67,2060.0,-4.63,8,3,2018,0
2018-08-23,豐原區,SE6 青蔥 粉蔥 ,30.0,21.2,15.0,21.74,11.66,1780.0,-13.59,8,4,2018,0
2018-08-24,豐原區,SE6 青蔥 粉蔥 ,32.4,30.0,30.0,30.49,40.25,860.0,-51.69,8,5,2018,0
2018-08-25,豐原區,SE6 青蔥 粉蔥 ,25.2,20.4,15.0,20.31,-33.39,4050.0,370.93,8,6,2018,0
2018-08-26,豐原區,SE6 青蔥 粉蔥 ,,,,,,,,8,7,2018,1
2018-08-27,豐原區,SE6 青蔥 粉蔥 ,,,,,,,,8,1,2018,1
2018-08-28,豐原區,SE6 青蔥 粉蔥 ,45.0,39.5,25.0,37.7,85.62,2810.0,-30.62,8,2,2018,0
2018-08-29,豐原區,SE6 青蔥 粉蔥 ,45.0,37.9,20.0,35.72,-5.25,2760.0,-1.78,8,3,2018,0
2018-08-30,豐原區,SE6 青蔥 粉蔥 ,45.0,34.8,18.8,33.61,-5.91,2020.0,-26.81,8,4,2018,0
2018-08-31,豐原區,SE6 青蔥 粉蔥 ,,,,,,,,8,5,2018,1
2018-09-01,豐原區,SE6 青蔥 粉蔥 ,39.5,28.3,20.0,28.88,-14.07,3940.0,95.05,9,6,2018,0
2018-09-02,豐原區,SE6 青蔥 粉蔥 ,40.0,35.9,29.8,35.52,22.99,5220.0,32.49,9,7,2018,0
2018-09-03,豐原區,SE6 青蔥 粉蔥 ,,,,,,,,9,1,2018,1
2018-09-04,豐原區,SE6 青蔥 粉蔥 ,30.7,11.5,10.0,15.07,-57.57,1878.0,-64.02,9,2,2018,0
2018-09-05,豐原區,SE6 青蔥 粉蔥 ,45.0,24.2,10.0,25.55,69.54,4250.0,126.3,9,3,2018,0
2018-09-06,豐原區,SE6 青蔥 粉蔥 ,45.0,33.0,23.3,33.47,31.0,2300.0,-45.88,9,4,2018,0
2018-09-07,豐原區,SE6 青蔥 粉蔥 ,45.7,25.5,10.0,26.45,-20.97,2900.0,26.09,9,5,2018,0
2018-09-08,豐原區,SE6 青蔥 粉蔥 ,45.0,29.0,20.0,30.38,14.86,2650.0,-8.62,9,6,2018,0
2018-09-09,豐原區,SE6 青蔥 粉蔥 ,46.2,40.0,33.0,39.84,31.14,696.0,-73.74,9,7,2018,0
2018-09-10,豐原區,SE6 青蔥 粉蔥 ,,,,,,,,9,1,2018,1
2018-09-11,豐原區,SE6 青蔥 粉蔥 ,50.0,37.8,17.8,36.22,-9.09,1890.0,171.55,9,2,2018,0
2018-09-12,豐原區,SE6 青蔥 粉蔥 ,65.0,56.3,30.0,52.79,45.75,2150.0,13.76,9,3,2018,0
2018-09-13,豐原區,SE6 青蔥 粉蔥 ,33.6,30.0,25.0,29.71,-43.72,1720.0,-20.0,9,4,2018,0
2018-09-14,豐原區,SE6 青蔥 粉蔥 ,46.2,30.0,28.2,32.88,10.67,1110.0,-35.47,9,5,2018,0
2018-09-15,豐原區,SE6 青蔥 粉蔥 ,43.2,40.0,35.9,39.82,21.11,920.0,-17.12,9,6,2018,0
2018-09-16,豐原區,SE6 青蔥 粉蔥 ,44.9,34.5,23.2,34.35,-13.74,761.0,-17.28,9,7,2018,0
2018-09-17,豐原區,SE6 青蔥 粉蔥 ,,,,,,,,9,1,2018,1
2018-09-18,豐原區,SE6 青蔥 粉蔥 ,51.5,24.5,10.0,27.0,-21.4,1394.0,83.18,9,2,2018,0
2018-09-19,豐原區,SE6 青蔥 粉蔥 ,55.0,36.7,17.9,36.6,35.56,1870.0,34.15,9,3,2018,0
2018-09-20,豐原區,SE6 青蔥 粉蔥 ,54.0,48.6,14.7,42.87,17.13,686.0,-63.32,9,4,2018,0
2018-09-21,豐原區,SE6 青蔥 粉蔥 ,40.4,35.0,20.4,33.16,-22.65,1064.0,55.1,9,5,2018,0
2018-09-22,豐原區,SE6 青蔥 粉蔥 ,50.6,26.6,15.0,29.06,-12.36,1745.0,64.0,9,6,2018,0
2018-09-23,豐原區,SE6 青蔥 粉蔥 ,55.0,22.2,19.8,28.29,-2.65,2110.0,20.92,9,7,2018,0
2018-09-24,豐原區,SE6 青蔥 粉蔥 ,,,,,,,,9,1,2018,1
2018-09-25,豐原區,SE6 青蔥 粉蔥 ,,,,,,,,9,2,2018,1
2018-09-26,豐原區,SE6 青蔥 粉蔥 ,51.5,32.2,25.0,34.6,22.3,1560.0,-26.07,9,3,2018,0
2018-09-27,豐原區,SE6 青蔥 粉蔥 ,30.6,19.9,15.0,21.06,-39.13,2350.0,50.64,9,4,2018,0
2018-09-28,豐原區,SE6 青蔥 粉蔥 ,,,,,,,,9,5,2018,1
2018-09-29,豐原區,SE6 青蔥 粉蔥 ,67.9,62.3,57.9,62.54,196.96,1402.0,-40.34,9,6,2018,0
2018-09-30,豐原區,SE6 青蔥 粉蔥 ,,,,,,,,9,7,2018,1
2018-10-01,豐原區,SE6 青蔥 粉蔥 ,,,,,,,,10,1,2018,1
2018-10-02,豐原區,SE6 青蔥 粉蔥 ,58.7,37.4,20.0,38.16,-38.98,3469.0,147.43,10,2,2018,0
2018-10-03,豐原區,SE6 青蔥 粉蔥 ,70.9,36.6,25.0,41.14,7.81,2576.0,-25.74,10,3,2018,0
2018-10-04,豐原區,SE6 青蔥 粉蔥 ,55.0,30.9,26.0,34.73,-15.58,1485.0,-42.35,10,4,2018,0
2018-10-05,豐原區,SE6 青蔥 粉蔥 ,51.3,30.5,20.0,32.53,-6.33,1941.0,30.71,10,5,2018,0
2018-10-06,豐原區,SE6 青蔥 粉蔥 ,51.7,36.8,30.0,38.42,18.11,2218.0,14.27,10,6,2018,0
2018-10-07,豐原區,SE6 青蔥 粉蔥 ,50.0,36.1,28.8,37.42,-2.6,2029.0,-8.52,10,7,2018,0
2018-10-08,豐原區,SE6 青蔥 粉蔥 ,,,,,,,,10,1,2018,1
2018-10-09,豐原區,SE6 青蔥 粉蔥 ,51.2,37.2,29.7,38.49,2.86,1919.0,-5.42,10,2,2018,0
2018-10-10,豐原區,SE6 青蔥 粉蔥 ,65.0,47.5,37.7,49.03,27.38,2055.0,7.09,10,3,2018,0
2018-10-11,豐原區,SE6 青蔥 粉蔥 ,56.4,15.1,15.0,23.32,-52.44,2745.0,33.58,10,4,2018,0
2018-10-12,豐原區,SE6 青蔥 粉蔥 ,50.0,27.2,16.0,29.53,26.63,2517.0,-8.31,10,5,2018,0
2018-10-13,豐原區,SE6 青蔥 粉蔥 ,50.0,40.0,17.0,37.39,26.62,1783.0,-29.16,10,6,2018,0
2018-10-14,豐原區,SE6 青蔥 粉蔥 ,58.0,42.1,24.1,41.68,11.47,2056.0,15.31,10,7,2018,0
2018-10-15,豐原區,SE6 青蔥 粉蔥 ,,,,,,,,10,1,2018,1
2018-10-16,豐原區,SE6 青蔥 粉蔥 ,60.0,39.8,26.0,41.06,-1.49,1886.0,-8.27,10,2,2018,0
2018-10-17,豐原區,SE6 青蔥 粉蔥 ,58.0,47.2,37.5,47.41,15.47,1490.0,-21.0,10,3,2018,0
2018-10-18,豐原區,SE6 青蔥 粉蔥 ,57.0,43.2,20.0,41.32,-12.85,1555.0,4.36,10,4,2018,0
2018-10-19,豐原區,SE6 青蔥 粉蔥 ,50.0,30.0,20.0,32.03,-22.48,1735.0,11.58,10,5,2018,0
2018-10-20,豐原區,SE6 青蔥 粉蔥 ,50.0,34.7,20.0,34.83,8.74,1871.0,7.84,10,6,2018,0
2018-10-21,豐原區,SE6 青蔥 粉蔥 ,52.0,28.3,22.8,31.95,-8.27,2290.0,22.39,10,7,2018,0
2018-10-22,豐原區,SE6 青蔥 粉蔥 ,,,,,,,,10,1,2018,1
2018-10-23,豐原區,SE6 青蔥 粉蔥 ,40.0,37.2,30.3,36.39,13.9,840.0,-63.32,10,2,2018,0
2018-10-24,豐原區,SE6 青蔥 粉蔥 ,45.0,36.3,25.0,35.76,-1.73,708.0,-15.71,10,3,2018,0
2018-10-25,豐原區,SE6 青蔥 粉蔥 ,37.2,24.6,15.0,25.19,-29.56,1820.0,157.06,10,4,2018,0
2018-10-26,豐原區,SE6 青蔥 粉蔥 ,37.0,34.7,15.1,31.24,24.02,2124.0,16.7,10,5,2018,0
2018-10-27,豐原區,SE6 青蔥 粉蔥 ,36.0,24.6,18.0,25.58,-18.12,1586.0,-25.33,10,6,2018,0
2018-10-28,豐原區,SE6 青蔥 粉蔥 ,34.6,31.4,30.0,31.77,24.2,794.0,-49.94,10,7,2018,0
2018-10-29,豐原區,SE6 青蔥 粉蔥 ,,,,,,,,10,1,2018,1
2018-10-30,豐原區,SE6 青蔥 粉蔥 ,34.3,29.3,21.6,28.74,-9.54,2259.0,184.51,10,2,2018,0
2018-10-31,豐原區,SE6 青蔥 粉蔥 ,28.8,22.6,18.3,23.01,-19.94,1865.0,-17.44,10,3,2018,0
2018-11-01,豐原區,SE6 青蔥 粉蔥 ,38.0,33.3,21.9,31.99,39.03,2846.0,52.6,11,4,2018,0
2018-11-02,豐原區,SE6 青蔥 粉蔥 ,38.0,28.2,21.0,28.72,-10.22,2518.0,-11.52,11,5,2018,0
2018-11-03,豐原區,SE6 青蔥 粉蔥 ,39.5,31.0,18.7,30.22,5.22,3918.0,55.6,11,6,2018,0
2018-11-04,豐原區,SE6 青蔥 粉蔥 ,38.0,30.1,18.0,29.26,-3.18,3479.0,-11.2,11,7,2018,0
2018-11-05,豐原區,SE6 青蔥 粉蔥 ,,,,,,,,11,1,2018,1
2018-11-06,豐原區,SE6 青蔥 粉蔥 ,40.0,23.2,18.0,25.51,-12.82,2450.0,-29.58,11,2,2018,0
2018-11-07,豐原區,SE6 青蔥 粉蔥 ,39.1,28.6,18.0,28.6,12.11,2599.0,6.08,11,3,2018,0
2018-11-08,豐原區,SE6 青蔥 粉蔥 ,,,,,,,,11,4,2018,1
2018-11-09,豐原區,SE6 青蔥 粉蔥 ,33.0,19.3,10.0,20.2,-29.37,3639.0,40.02,11,5,2018,0
2018-11-10,豐原區,SE6 青蔥 粉蔥 ,31.7,19.6,13.0,20.72,2.57,3029.0,-16.76,11,6,2018,0
2018-11-11,豐原區,SE6 青蔥 粉蔥 ,31.8,24.4,21.3,25.25,21.86,2870.0,-5.25,11,7,2018,0
2018-11-12,豐原區,SE6 青蔥 粉蔥 ,,,,,,,,11,1,2018,1
2018-11-13,豐原區,SE6 青蔥 粉蔥 ,32.1,26.1,22.8,26.66,5.58,3378.0,17.7,11,2,2018,0
2018-11-14,豐原區,SE6 青蔥 粉蔥 ,32.1,26.1,22.8,26.66,0.0,3378.0,0.0,11,3,2018,0
2018-11-15,豐原區,SE6 青蔥 粉蔥 ,35.6,19.9,15.0,22.09,-17.14,3366.0,-0.36,11,4,2018,0
2018-11-16,豐原區,SE6 青蔥 粉蔥 ,34.1,21.0,13.6,22.12,0.14,3224.0,-4.22,11,5,2018,0
2018-11-17,豐原區,SE6 青蔥 粉蔥 ,31.9,22.4,17.1,23.25,5.11,4310.0,33.68,11,6,2018,0
2018-11-18,豐原區,SE6 青蔥 粉蔥 ,33.6,21.3,13.0,22.08,-5.03,4782.0,10.95,11,7,2018,0
2018-11-19,豐原區,SE6 青蔥 粉蔥 ,,,,,,,,11,1,2018,1
2018-11-20,豐原區,SE6 青蔥 粉蔥 ,32.6,18.1,13.0,20.01,-9.37,3722.0,-22.17,11,2,2018,0
2018-11-21,豐原區,SE6 青蔥 粉蔥 ,32.1,12.5,10.0,15.92,-20.44,3888.0,4.46,11,3,2018,0
2018-11-22,豐原區,SE6 青蔥 粉蔥 ,28.9,15.8,10.0,17.24,8.29,3385.0,-12.94,11,4,2018,0
2018-11-23,豐原區,SE6 青蔥 粉蔥 ,25.4,17.8,10.0,17.77,3.07,2115.0,-37.52,11,5,2018,0
2018-11-24,豐原區,SE6 青蔥 粉蔥 ,23.6,14.1,12.7,15.73,-11.48,4148.0,96.12,11,6,2018,0
2018-11-25,豐原區,SE6 青蔥 粉蔥 ,24.9,14.1,10.0,15.46,-1.72,3916.0,-5.59,11,7,2018,0
2018-11-26,豐原區,SE6 青蔥 粉蔥 ,,,,,,,,11,1,2018,1
2018-11-27,豐原區,SE6 青蔥 粉蔥 ,26.2,19.2,15.0,19.75,27.75,2428.0,-38.0,11,2,2018,0
2018-11-28,豐原區,SE6 青蔥 粉蔥 ,24.8,19.8,14.0,19.63,-0.61,2358.0,-2.88,11,3,2018,0
2018-11-29,豐原區,SE6 青蔥 粉蔥 ,26.4,18.1,14.0,18.93,-3.57,1928.0,-18.24,11,4,2018,0
2018-11-30,豐原區,SE6 青蔥 粉蔥 ,26.0,23.8,14.0,22.28,17.7,1887.0,-2.13,11,5,2018,0
2018-12-01,豐原區,SE6 青蔥 粉蔥 ,25.3,17.2,12.0,17.78,-20.2,4234.0,124.38,12,6,2018,0
2018-12-02,豐原區,SE6 青蔥 粉蔥 ,25.6,17.0,10.0,17.34,-2.47,4155.0,-1.87,12,7,2018,0
2018-12-03,豐原區,SE6 青蔥 粉蔥 ,,,,,,,,12,1,2018,1
2018-12-04,豐原區,SE6 青蔥 粉蔥 ,24.8,17.5,10.0,17.45,0.63,3565.0,-14.2,12,2,2018,0
2018-12-05,豐原區,SE6 青蔥 粉蔥 ,22.8,12.1,10.0,13.84,-20.69,3448.0,-3.28,12,3,2018,0
2018-12-06,豐原區,SE6 青蔥 粉蔥 ,22.3,12.2,10.0,13.78,-0.43,3900.0,13.11,12,4,2018,0
2018-12-07,豐原區,SE6 青蔥 粉蔥 ,21.9,12.3,5.0,12.79,-7.18,3748.0,-3.9,12,5,2018,0
2018-12-08,豐原區,SE6 青蔥 粉蔥 ,19.8,12.0,9.0,12.97,1.41,5076.0,35.43,12,6,2018,0
2018-12-09,豐原區,SE6 青蔥 粉蔥 ,18.4,12.9,10.0,13.43,3.55,4624.0,-8.9,12,7,2018,0
2018-12-10,豐原區,SE6 青蔥 粉蔥 ,,,,,,,,12,1,2018,1
2018-12-11,豐原區,SE6 青蔥 粉蔥 ,21.2,15.3,9.0,15.21,13.25,3600.0,-22.15,12,2,2018,0
2018-12-12,豐原區,SE6 青蔥 粉蔥 ,24.3,14.3,8.3,15.1,-0.72,2729.0,-24.19,12,3,2018,0
2018-12-13,豐原區,SE6 青蔥 粉蔥 ,21.2,15.3,9.0,15.21,0.73,3600.0,31.92,12,4,2018,0
2018-12-14,豐原區,SE6 青蔥 粉蔥 ,19.5,12.6,10.0,13.48,-11.37,3369.0,-6.42,12,5,2018,0
2018-12-15,豐原區,SE6 青蔥 粉蔥 ,21.0,14.9,11.0,15.31,13.58,3937.0,16.86,12,6,2018,0
2018-12-16,豐原區,SE6 青蔥 粉蔥 ,22.1,16.1,11.0,16.25,6.14,4962.0,26.04,12,7,2018,0
2018-12-17,豐原區,SE6 青蔥 粉蔥 ,,,,,,,,12,1,2018,1
2018-12-18,豐原區,SE6 青蔥 粉蔥 ,23.1,15.9,10.0,16.14,-0.68,3530.0,-28.86,12,2,2018,0
2018-12-19,豐原區,SE6 青蔥 粉蔥 ,24.2,18.5,14.0,18.75,16.17,3440.0,-2.55,12,3,2018,0
2018-12-20,豐原區,SE6 青蔥 粉蔥 ,23.1,15.1,9.4,15.56,-17.01,4429.0,28.75,12,4,2018,0
2018-12-21,豐原區,SE6 青蔥 粉蔥 ,27.1,23.7,14.1,22.46,44.34,2474.0,-44.14,12,5,2018,0
2018-12-22,豐原區,SE6 青蔥 粉蔥 ,26.2,21.0,13.0,20.48,-8.82,3054.0,23.44,12,6,2018,0
2018-12-23,豐原區,SE6 青蔥 粉蔥 ,26.1,20.5,12.0,19.93,-2.69,2669.0,-12.61,12,7,2018,0
2018-12-24,豐原區,SE6 青蔥 粉蔥 ,,,,,,,,12,1,2018,1
2018-12-25,豐原區,SE6 青蔥 粉蔥 ,27.7,17.3,12.3,18.39,-7.73,4183.0,56.73,12,2,2018,0
2018-12-26,豐原區,SE6 青蔥 粉蔥 ,25.7,19.0,13.7,19.3,4.95,5428.0,29.76,12,3,2018,0
2018-12-27,豐原區,SE6 青蔥 粉蔥 ,22.2,16.5,14.0,17.12,-11.3,3498.0,-35.56,12,4,2018,0
2018-12-28,豐原區,SE6 青蔥 粉蔥 ,22.0,16.5,11.8,16.64,-2.8,3859.0,10.32,12,5,2018,0
2018-12-29,豐原區,SE6 青蔥 粉蔥 ,20.4,14.1,10.2,14.61,-12.2,4384.0,13.6,12,6,2018,0
2018-12-30,豐原區,SE6 青蔥 粉蔥 ,22.9,13.1,10.0,14.44,-1.16,3592.0,-18.07,12,7,2018,0
2018-12-31,豐原區,SE6 青蔥 粉蔥 ,,,,,,,,12,1,2018,1
2019-01-01,豐原區,SE6 青蔥 粉蔥 ,24.3,19.1,12.0,18.73,29.71,3113.0,-13.34,1,2,2019,0
2019-01-02,豐原區,SE6 青蔥 粉蔥 ,26.2,20.3,13.0,20.01,6.83,3808.0,22.33,1,3,2019,0
2019-01-03,豐原區,SE6 青蔥 粉蔥 ,20.4,14.1,10.2,14.61,-26.99,4384.0,15.13,1,4,2019,0
2019-01-04,豐原區,SE6 青蔥 粉蔥 ,22.5,16.9,10.0,16.63,13.83,3562.0,-18.75,1,5,2019,0
2019-01-05,豐原區,SE6 青蔥 粉蔥 ,22.5,17.2,10.0,16.8,1.02,4606.0,29.31,1,6,2019,0
2019-01-06,豐原區,SE6 青蔥 粉蔥 ,20.6,14.1,10.0,14.6,-13.1,5110.0,10.94,1,7,2019,0
2019-01-07,豐原區,SE6 青蔥 粉蔥 ,,,,,,,,1,1,2019,1
2019-01-08,豐原區,SE6 青蔥 粉蔥 ,21.6,15.5,11.0,15.82,8.36,4981.0,-2.52,1,2,2019,0
2019-01-09,豐原區,SE6 青蔥 粉蔥 ,22.9,15.6,11.0,16.11,1.83,3713.0,-25.46,1,3,2019,0
2019-01-10,豐原區,SE6 青蔥 粉蔥 ,22.4,12.1,5.0,12.72,-21.04,3079.0,-17.08,1,4,2019,0
2019-01-11,豐原區,SE6 青蔥 粉蔥 ,22.2,13.8,6.0,13.91,9.36,3902.0,26.73,1,5,2019,0
2019-01-12,豐原區,SE6 青蔥 粉蔥 ,23.0,13.8,8.0,14.5,4.24,4156.0,6.51,1,6,2019,0
2019-01-13,豐原區,SE6 青蔥 粉蔥 ,21.2,11.6,8.0,12.8,-11.72,5007.0,20.48,1,7,2019,0
2019-01-14,豐原區,SE6 青蔥 粉蔥 ,,,,,,,,1,1,2019,1
2019-01-15,豐原區,SE6 青蔥 粉蔥 ,23.0,12.4,10.0,14.02,9.53,4413.0,-11.86,1,2,2019,0
2019-01-16,豐原區,SE6 青蔥 粉蔥 ,23.0,12.4,10.0,14.02,0.0,4413.0,0.0,1,3,2019,0
2019-01-17,豐原區,SE6 青蔥 粉蔥 ,25.5,20.1,16.5,20.48,46.08,1656.0,-62.47,1,4,2019,0
2019-01-18,豐原區,SE6 青蔥 粉蔥 ,23.0,12.4,10.0,14.02,-31.54,4413.0,166.49,1,5,2019,0
2019-01-19,豐原區,SE6 青蔥 粉蔥 ,25.3,20.1,13.0,19.74,40.8,3903.0,-11.56,1,6,2019,0
2019-01-20,豐原區,SE6 青蔥 粉蔥 ,24.2,15.5,13.0,16.74,-15.2,3068.0,-21.39,1,7,2019,0
2019-01-21,豐原區,SE6 青蔥 粉蔥 ,,,,,,,,1,1,2019,1
2019-01-22,豐原區,SE6 青蔥 粉蔥 ,23.7,14.7,11.9,15.9,-5.02,3892.0,26.86,1,2,2019,0
2019-01-23,豐原區,SE6 青蔥 粉蔥 ,23.9,18.1,12.4,18.09,13.77,4419.0,13.54,1,3,2019,0
2019-01-24,豐原區,SE6 青蔥 粉蔥 ,25.5,19.1,10.9,18.76,3.7,3476.0,-21.34,1,4,2019,0
2019-01-25,豐原區,SE6 青蔥 粉蔥 ,25.2,19.0,10.8,18.59,-0.91,4528.0,30.26,1,5,2019,0
2019-01-26,豐原區,SE6 青蔥 粉蔥 ,24.9,20.8,10.8,19.62,5.54,4280.0,-5.48,1,6,2019,0
2019-01-27,豐原區,SE6 青蔥 粉蔥 ,24.0,19.3,14.1,19.21,-2.09,4228.0,-1.21,1,7,2019,0
2019-01-28,豐原區,SE6 青蔥 粉蔥 ,,,,,,,,1,1,2019,1
2019-01-29,豐原區,SE6 青蔥 粉蔥 ,25.4,16.7,14.0,17.87,-6.98,4198.0,-0.71,1,2,2019,0
2019-01-30,豐原區,SE6 青蔥 粉蔥 ,26.5,18.3,11.0,18.46,3.3,4007.0,-4.55,1,3,2019,0
2019-01-31,豐原區,SE6 青蔥 粉蔥 ,26.8,19.2,11.0,19.08,3.36,3945.0,-1.55,1,4,2019,0
2019-02-01,豐原區,SE6 青蔥 粉蔥 ,26.5,18.8,12.6,19.09,0.05,4551.0,15.36,2,5,2019,0
2019-02-02,豐原區,SE6 青蔥 粉蔥 ,32.0,26.0,18.0,25.59,34.05,3647.0,-19.86,2,6,2019,0
2019-02-03,豐原區,SE6 青蔥 粉蔥 ,32.0,24.4,15.2,24.05,-6.02,4254.0,16.64,2,7,2019,0
2019-02-04,豐原區,SE6 青蔥 粉蔥 ,32.0,25.7,12.0,24.21,0.67,4128.0,-2.96,2,1,2019,0
2019-02-05,豐原區,SE6 青蔥 粉蔥 ,,,,,,,,2,2,2019,1
2019-02-06,豐原區,SE6 青蔥 粉蔥 ,,,,,,,,2,3,2019,1
2019-02-07,豐原區,SE6 青蔥 粉蔥 ,,,,,,,,2,4,2019,1
2019-02-08,豐原區,SE6 青蔥 粉蔥 ,,,,,,,,2,5,2019,1
2019-02-09,豐原區,SE6 青蔥 粉蔥 ,,,,,,,,2,6,2019,1
2019-02-10,豐原區,SE6 青蔥 粉蔥 ,28.4,19.7,12.5,20.0,-17.39,4761.0,15.33,2,7,2019,0
2019-02-11,豐原區,SE6 青蔥 粉蔥 ,,,,,,,,2,1,2019,1
2019-02-12,豐原區,SE6 青蔥 粉蔥 ,37.0,24.4,20.0,26.05,30.25,2785.0,-41.5,2,2,2019,0
2019-02-13,豐原區,SE6 青蔥 粉蔥 ,37.0,28.0,17.0,27.62,6.03,4290.0,54.04,2,3,2019,0
2019-02-14,豐原區,SE6 青蔥 粉蔥 ,35.3,25.6,15.0,25.42,-7.97,4041.0,-5.8,2,4,2019,0
2019-02-15,豐原區,SE6 青蔥 粉蔥 ,30.5,23.7,15.0,23.32,-8.26,4081.0,0.99,2,5,2019,0
2019-02-16,豐原區,SE6 青蔥 粉蔥 ,34.5,19.3,9.7,20.42,-12.44,3922.0,-3.9,2,6,2019,0
2019-02-17,豐原區,SE6 青蔥 粉蔥 ,25.8,19.9,9.8,19.05,-6.71,5233.0,33.43,2,7,2019,0
2019-02-18,豐原區,SE6 青蔥 粉蔥 ,28.2,20.9,9.0,19.98,4.88,3755.0,-28.24,2,1,2019,0
2019-02-19,豐原區,SE6 青蔥 粉蔥 ,29.2,22.4,10.7,21.42,7.21,4720.0,25.7,2,2,2019,0
2019-02-20,豐原區,SE6 青蔥 粉蔥 ,,,,,,,,2,3,2019,1
2019-02-21,豐原區,SE6 青蔥 粉蔥 ,33.4,25.2,11.8,24.16,12.79,4952.0,4.92,2,4,2019,0
2019-02-22,豐原區,SE6 青蔥 粉蔥 ,30.0,27.2,19.7,26.27,8.73,3070.0,-38.0,2,5,2019,0
2019-02-23,豐原區,SE6 青蔥 粉蔥 ,31.8,26.7,15.4,25.48,-3.01,4047.0,31.82,2,6,2019,0
2019-02-24,豐原區,SE6 青蔥 粉蔥 ,33.3,29.3,15.8,27.43,7.65,5551.0,37.16,2,7,2019,0
2019-02-25,豐原區,SE6 青蔥 粉蔥 ,,,,,,,,2,1,2019,1
2019-02-26,豐原區,SE6 青蔥 粉蔥 ,33.5,31.7,15.0,28.71,4.67,4660.0,-16.05,2,2,2019,0
2019-02-27,豐原區,SE6 青蔥 粉蔥 ,35.8,26.8,21.0,27.44,-4.42,3727.0,-20.02,2,3,2019,0
2019-02-28,豐原區,SE6 青蔥 粉蔥 ,35.1,24.2,20.0,25.56,-6.85,3221.0,-13.58,2,4,2019,0
2019-03-01,豐原區,SE6 青蔥 粉蔥 ,35.0,28.0,18.0,27.42,7.28,4346.0,34.93,3,5,2019,0
2019-03-02,豐原區,SE6 青蔥 粉蔥 ,35.1,31.1,16.5,29.0,5.76,3638.0,-16.29,3,6,2019,0
2019-03-03,豐原區,SE6 青蔥 粉蔥 ,36.0,24.7,15.6,25.15,-13.28,4746.0,30.46,3,7,2019,0
2019-03-04,豐原區,SE6 青蔥 粉蔥 ,,,,,,,,3,1,2019,1
2019-03-05,豐原區,SE6 青蔥 粉蔥 ,36.0,30.1,15.0,28.23,12.25,3523.0,-25.77,3,2,2019,0
2019-03-06,豐原區,SE6 青蔥 粉蔥 ,36.0,24.4,15.2,24.91,-11.76,3241.0,-8.0,3,3,2019,0
2019-03-07,豐原區,SE6 青蔥 粉蔥 ,32.9,23.7,15.0,23.77,-4.58,4193.0,29.37,3,4,2019,0
2019-03-08,豐原區,SE6 青蔥 粉蔥 ,33.4,24.1,15.0,24.12,1.47,3400.0,-18.91,3,5,2019,0
2019-03-09,豐原區,SE6 青蔥 粉蔥 ,36.3,22.3,15.0,23.62,-2.07,3992.0,17.41,3,6,2019,0
2019-03-10,豐原區,SE6 青蔥 粉蔥 ,36.7,31.0,15.0,28.93,22.48,4138.0,3.66,3,7,2019,0
2019-03-11,豐原區,SE6 青蔥 粉蔥 ,,,,,,,,3,1,2019,1
2019-03-12,豐原區,SE6 青蔥 粉蔥 ,37.3,31.2,15.0,29.19,0.9,3513.0,-15.1,3,2,2019,0
2019-03-13,豐原區,SE6 青蔥 粉蔥 ,40.5,35.3,19.7,33.26,13.94,3550.0,1.05,3,3,2019,0
2019-03-14,豐原區,SE6 青蔥 粉蔥 ,47.9,33.4,25.0,34.6,4.03,3153.0,-11.18,3,4,2019,0
2019-03-15,豐原區,SE6 青蔥 粉蔥 ,45.4,33.4,20.0,33.1,-4.34,3695.0,17.19,3,5,2019,0
2019-03-16,豐原區,SE6 青蔥 粉蔥 ,45.0,31.1,20.0,31.67,-4.32,3127.0,-15.37,3,6,2019,0
2019-03-17,豐原區,SE6 青蔥 粉蔥 ,45.0,34.0,20.0,33.38,5.4,2809.0,-10.17,3,7,2019,0
2019-03-18,豐原區,SE6 青蔥 粉蔥 ,,,,,,,,3,1,2019,1
2019-03-19,豐原區,SE6 青蔥 粉蔥 ,45.0,35.6,20.0,34.34,2.88,3444.0,22.61,3,2,2019,0
2019-03-20,豐原區,SE6 青蔥 粉蔥 ,44.4,29.4,17.6,30.04,-12.52,3316.0,-3.72,3,3,2019,0
2019-03-21,豐原區,SE6 青蔥 粉蔥 ,34.4,21.7,7.8,21.49,-28.46,2621.0,-20.96,3,4,2019,0
2019-03-22,豐原區,SE6 青蔥 粉蔥 ,35.0,26.7,18.0,26.61,23.83,2457.0,-6.26,3,5,2019,0
2019-03-23,豐原區,SE6 青蔥 粉蔥 ,35.0,27.4,17.6,26.97,1.35,3361.0,36.79,3,6,2019,0
2019-03-24,豐原區,SE6 青蔥 粉蔥 ,35.0,25.2,17.0,25.53,-5.34,3000.0,-10.74,3,7,2019,0
2019-03-25,豐原區,SE6 青蔥 粉蔥 ,,,,,,,,3,1,2019,1
2019-03-26,豐原區,SE6 青蔥 粉蔥 ,35.0,23.9,16.4,24.64,-3.49,1694.0,-43.53,3,2,2019,0
2019-03-27,豐原區,SE6 青蔥 粉蔥 ,35.0,26.2,15.4,25.81,4.75,3927.0,131.82,3,3,2019,0
2019-03-28,豐原區,SE6 青蔥 粉蔥 ,35.7,26.9,17.1,26.73,3.56,1221.0,-68.91,3,4,2019,0
2019-03-29,豐原區,SE6 青蔥 粉蔥 ,35.0,27.4,15.8,26.61,-0.45,2164.0,77.23,3,5,2019,0
2019-03-30,豐原區,SE6 青蔥 粉蔥 ,34.9,27.0,15.0,26.16,-1.69,1432.0,-33.83,3,6,2019,0
2019-03-31,豐原區,SE6 青蔥 粉蔥 ,33.9,22.2,18.0,23.69,-9.44,2905.0,102.86,3,7,2019,0
2019-04-01,豐原區,SE6 青蔥 粉蔥 ,,,,,,,,4,1,2019,1
2019-04-02,豐原區,SE6 青蔥 粉蔥 ,33.5,29.9,18.0,28.22,19.12,3015.0,3.79,4,2,2019,0
2019-04-03,豐原區,SE6 青蔥 粉蔥 ,33.0,25.1,17.2,25.11,-11.02,5449.0,80.73,4,3,2019,0
2019-04-04,豐原區,SE6 青蔥 粉蔥 ,33.0,27.5,18.0,26.7,6.33,4849.0,-11.01,4,4,2019,0
2019-04-05,豐原區,SE6 青蔥 粉蔥 ,35.0,31.1,28.4,31.34,17.38,2557.0,-47.27,4,5,2019,0
2019-04-06,豐原區,SE6 青蔥 粉蔥 ,,,,,,,,4,6,2019,1
2019-04-07,豐原區,SE6 青蔥 粉蔥 ,35.0,32.0,20.9,30.37,-3.1,3802.0,48.69,4,7,2019,0
2019-04-08,豐原區,SE6 青蔥 粉蔥 ,,,,,,,,4,1,2019,1
2019-04-09,豐原區,SE6 青蔥 粉蔥 ,33.4,20.4,16.6,22.24,-26.77,3093.0,-18.65,4,2,2019,0
2019-04-10,豐原區,SE6 青蔥 粉蔥 ,35.0,20.4,16.0,22.46,0.99,4254.0,37.54,4,3,2019,0
2019-04-11,豐原區,SE6 青蔥 粉蔥 ,38.6,30.5,23.7,30.79,37.09,5874.0,38.08,4,4,2019,0
2019-04-12,豐原區,SE6 青蔥 粉蔥 ,38.9,29.0,22.2,29.63,-3.77,2626.0,-55.29,4,5,2019,0
2019-04-13,豐原區,SE6 青蔥 粉蔥 ,34.7,25.1,17.8,25.59,-13.63,3210.0,22.24,4,6,2019,0
2019-04-14,豐原區,SE6 青蔥 粉蔥 ,35.0,27.0,17.6,26.72,4.42,3440.0,7.17,4,7,2019,0
2019-04-15,豐原區,SE6 青蔥 粉蔥 ,,,,,,,,4,1,2019,1
2019-04-16,豐原區,SE6 青蔥 粉蔥 ,35.0,26.3,17.0,26.18,-2.02,2945.0,-14.39,4,2,2019,0
2019-04-17,豐原區,SE6 青蔥 粉蔥 ,35.0,27.7,16.6,26.94,2.9,3373.0,14.53,4,3,2019,0
2019-04-18,豐原區,SE6 青蔥 粉蔥 ,35.0,28.9,16.0,27.57,2.34,2292.0,-32.05,4,4,2019,0
2019-04-19,豐原區,SE6 青蔥 粉蔥 ,,,,,,,,4,5,2019,1
2019-04-20,豐原區,SE6 青蔥 粉蔥 ,35.0,27.5,18.0,27.1,-1.7,2649.0,15.58,4,6,2019,0
2019-04-21,豐原區,SE6 青蔥 粉蔥 ,35.0,28.5,17.3,27.58,1.77,3055.0,15.33,4,7,2019,0
2019-04-22,豐原區,SE6 青蔥 粉蔥 ,,,,,,,,4,1,2019,1
2019-04-23,豐原區,SE6 青蔥 粉蔥 ,34.8,26.5,16.5,26.15,-5.18,4091.0,33.91,4,2,2019,0
2019-04-24,豐原區,SE6 青蔥 粉蔥 ,35.0,25.7,15.8,25.58,-2.18,2792.0,-31.75,4,3,2019,0
2019-04-25,豐原區,SE6 青蔥 粉蔥 ,29.1,21.4,9.0,20.44,-20.09,9071.0,224.89,4,4,2019,0
2019-04-26,豐原區,SE6 青蔥 粉蔥 ,35.0,29.6,18.0,28.35,38.7,4025.0,-55.63,4,5,2019,0
2019-04-27,豐原區,SE6 青蔥 粉蔥 ,35.0,28.2,18.0,27.51,-2.96,3600.0,-10.56,4,6,2019,0
2019-04-28,豐原區,SE6 青蔥 粉蔥 ,45.8,29.5,17.9,30.45,10.69,4567.0,26.86,4,7,2019,0
2019-04-29,豐原區,SE6 青蔥 粉蔥 ,,,,,,,,4,1,2019,1
2019-04-30,豐原區,SE6 青蔥 粉蔥 ,34.7,22.7,12.0,22.99,-24.5,4372.0,-4.27,4,2,2019,0
2019-05-01,豐原區,SE6 青蔥 粉蔥 ,35.0,27.3,18.0,26.98,17.36,3563.0,-18.5,5,3,2019,0
2019-05-02,豐原區,SE6 青蔥 粉蔥 ,35.0,28.4,17.6,27.54,2.08,3730.0,4.69,5,4,2019,0
2019-05-03,豐原區,SE6 青蔥 粉蔥 ,35.0,28.9,18.0,27.97,1.56,2880.0,-22.79,5,5,2019,0
2019-05-04,豐原區,SE6 青蔥 粉蔥 ,26.2,16.7,5.0,16.25,-41.9,5460.0,89.58,5,6,2019,0
2019-05-05,豐原區,SE6 青蔥 粉蔥 ,35.0,29.9,18.0,28.54,75.63,2931.0,-46.32,5,7,2019,0
2019-05-06,豐原區,SE6 青蔥 粉蔥 ,,,,,,,,5,1,2019,1
2019-05-07,豐原區,SE6 青蔥 粉蔥 ,35.0,28.8,18.0,27.89,-2.28,2903.0,-0.96,5,2,2019,0
2019-05-08,豐原區,SE6 青蔥 粉蔥 ,35.0,28.2,16.9,27.28,-2.19,2795.0,-3.72,5,3,2019,0
2019-05-09,豐原區,SE6 青蔥 粉蔥 ,35.0,27.6,18.0,27.16,-0.44,3405.0,21.82,5,4,2019,0
2019-05-10,豐原區,SE6 青蔥 粉蔥 ,35.0,28.3,17.6,27.5,1.25,2659.0,-21.91,5,5,2019,0
2019-05-11,豐原區,SE6 青蔥 粉蔥 ,31.3,26.0,12.0,24.26,-11.78,3713.0,39.64,5,6,2019,0
2019-05-12,豐原區,SE6 青蔥 粉蔥 ,33.0,23.6,10.0,22.77,-6.14,4850.0,30.62,5,7,2019,0
2019-05-13,豐原區,SE6 青蔥 粉蔥 ,,,,,,,,5,1,2019,1
2019-05-14,豐原區,SE6 青蔥 粉蔥 ,35.0,25.1,16.5,25.37,11.42,2854.0,-41.15,5,2,2019,0
2019-05-15,豐原區,SE6 青蔥 粉蔥 ,35.0,28.8,16.0,27.5,8.4,2939.0,2.98,5,3,2019,0
2019-05-16,豐原區,SE6 青蔥 粉蔥 ,34.0,21.9,15.0,22.91,-16.69,3404.0,15.82,5,4,2019,0
2019-05-17,豐原區,SE6 青蔥 粉蔥 ,35.0,28.2,17.9,27.52,20.12,2902.0,-14.75,5,5,2019,0
2019-05-18,豐原區,SE6 青蔥 粉蔥 ,33.2,26.2,13.9,25.15,-8.61,2821.0,-2.79,5,6,2019,0
2019-05-19,豐原區,SE6 青蔥 粉蔥 ,33.5,23.7,15.0,23.94,-4.81,3489.0,23.68,5,7,2019,0
2019-05-20,豐原區,SE6 青蔥 粉蔥 ,,,,,,,,5,1,2019,1
2019-05-21,豐原區,SE6 青蔥 粉蔥 ,35.0,26.3,15.9,25.97,8.48,3479.0,-0.29,5,2,2019,0
2019-05-22,豐原區,SE6 青蔥 粉蔥 ,35.0,24.9,15.2,24.97,-3.85,4766.0,36.99,5,3,2019,0
2019-05-23,豐原區,SE6 青蔥 粉蔥 ,32.0,22.7,12.0,22.42,-10.21,4233.0,-11.18,5,4,2019,0
2019-05-24,豐原區,SE6 青蔥 粉蔥 ,33.3,27.7,15.1,26.3,17.31,2422.0,-42.78,5,5,2019,0
2019-05-25,豐原區,SE6 青蔥 粉蔥 ,33.8,26.5,14.6,25.59,-2.7,3924.0,62.01,5,6,2019,0
2019-05-26,豐原區,SE6 青蔥 粉蔥 ,33.0,25.1,15.5,24.74,-3.32,4654.0,18.6,5,7,2019,0
2019-05-27,豐原區,SE6 青蔥 粉蔥 ,,,,,,,,5,1,2019,1
2019-05-28,豐原區,SE6 青蔥 粉蔥 ,33.1,24.9,15.2,24.61,-0.53,3665.0,-21.25,5,2,2019,0
2019-05-29,豐原區,SE6 青蔥 粉蔥 ,33.0,25.0,15.9,24.77,0.65,3755.0,2.46,5,3,2019,0
2019-05-30,豐原區,SE6 青蔥 粉蔥 ,33.1,25.5,16.4,25.21,1.78,3433.0,-8.58,5,4,2019,0
2019-05-31,豐原區,SE6 青蔥 粉蔥 ,33.1,24.5,16.7,24.65,-2.22,3880.0,13.02,5,5,2019,0
2019-06-01,豐原區,SE6 青蔥 粉蔥 ,32.4,25.1,18.0,25.12,1.91,2966.0,-23.56,6,6,2019,0
2019-06-02,豐原區,SE6 青蔥 粉蔥 ,32.0,24.6,13.8,23.94,-4.7,4352.0,46.73,6,7,2019,0
2019-06-03,豐原區,SE6 青蔥 粉蔥 ,,,,,,,,6,1,2019,1
2019-06-04,豐原區,SE6 青蔥 粉蔥 ,31.9,23.0,13.3,22.86,-4.51,3953.0,-9.17,6,2,2019,0
2019-06-05,豐原區,SE6 青蔥 粉蔥 ,33.1,28.2,16.0,26.75,17.02,3047.0,-22.92,6,3,2019,0
2019-06-06,豐原區,SE6 青蔥 粉蔥 ,30.4,26.8,19.8,26.11,-2.39,3469.0,13.85,6,4,2019,0
2019-06-07,豐原區,SE6 青蔥 粉蔥 ,30.4,26.8,19.8,26.11,0.0,3469.0,0.0,6,5,2019,0
2019-06-08,豐原區,SE6 青蔥 粉蔥 ,30.7,23.1,17.0,23.4,-10.38,1531.0,-55.87,6,6,2019,0
2019-06-09,豐原區,SE6 青蔥 粉蔥 ,29.0,21.5,12.8,21.25,-9.19,3404.0,122.34,6,7,2019,0
2019-06-10,豐原區,SE6 青蔥 粉蔥 ,,,,,,,,6,1,2019,1
2019-06-11,豐原區,SE6 青蔥 粉蔥 ,29.3,24.4,15.9,23.67,11.39,3127.0,-8.14,6,2,2019,0
2019-06-12,豐原區,SE6 青蔥 粉蔥 ,33.1,26.1,15.9,25.49,7.69,2892.0,-7.52,6,3,2019,0
2019-06-13,豐原區,SE6 青蔥 粉蔥 ,32.0,25.1,14.4,24.33,-4.55,3442.0,19.02,6,4,2019,0
2019-06-14,豐原區,SE6 青蔥 粉蔥 ,30.8,27.5,14.9,25.64,5.38,2824.0,-17.95,6,5,2019,0
2019-06-15,豐原區,SE6 青蔥 粉蔥 ,30.2,25.6,14.0,24.22,-5.54,4185.0,48.19,6,6,2019,0
2019-06-16,豐原區,SE6 青蔥 粉蔥 ,30.8,27.5,14.9,25.64,5.86,2824.0,-32.52,6,7,2019,0
2019-06-17,豐原區,SE6 青蔥 粉蔥 ,,,,,,,,6,1,2019,1
2019-06-18,豐原區,SE6 青蔥 粉蔥 ,30.3,26.9,14.4,25.08,-2.18,3130.0,10.84,6,2,2019,0
2019-06-19,豐原區,SE6 青蔥 粉蔥 ,30.2,24.1,15.1,23.52,-6.22,4453.0,42.27,6,3,2019,0
2019-06-20,豐原區,SE6 青蔥 粉蔥 ,30.2,25.1,15.0,24.1,2.47,6150.0,38.11,6,4,2019,0
2019-06-21,豐原區,SE6 青蔥 粉蔥 ,30.0,23.9,14.0,23.13,-4.02,3891.0,-36.73,6,5,2019,0
2019-06-22,豐原區,SE6 青蔥 粉蔥 ,30.1,24.2,13.9,23.36,0.99,4152.0,6.71,6,6,2019,0
2019-06-23,豐原區,SE6 青蔥 粉蔥 ,30.1,23.0,14.0,22.63,-3.13,3607.0,-13.13,6,7,2019,0
2019-06-24,豐原區,SE6 青蔥 粉蔥 ,,,,,,,,6,1,2019,1
2019-06-25,豐原區,SE6 青蔥 粉蔥 ,30.8,28.8,17.3,26.88,18.78,1313.0,-63.6,6,2,2019,0
2019-06-26,豐原區,SE6 青蔥 粉蔥 ,30.2,25.6,14.0,24.22,-9.9,4032.0,207.08,6,3,2019,0
2019-06-27,豐原區,SE6 青蔥 粉蔥 ,30.1,24.0,14.0,23.2,-4.21,5552.0,37.7,6,4,2019,0
2019-06-28,豐原區,SE6 青蔥 粉蔥 ,33.0,28.9,14.7,26.86,15.78,3511.0,-36.76,6,5,2019,0
2019-06-29,豐原區,SE6 青蔥 粉蔥 ,32.2,27.8,15.7,26.24,-2.31,4740.0,35.0,6,6,2019,0
2019-06-30,豐原區,SE6 青蔥 粉蔥 ,32.5,27.8,15.0,26.18,-0.23,4955.0,4.54,6,7,2019,0
2019-07-01,豐原區,SE6 青蔥 粉蔥 ,,,,,,,,7,1,2019,1
2019-07-02,豐原區,SE6 青蔥 粉蔥 ,32.0,27.3,15.6,25.93,-0.95,1334.0,-73.08,7,2,2019,0
2019-07-03,豐原區,SE6 青蔥 粉蔥 ,32.2,28.9,15.7,26.88,3.66,2966.0,122.34,7,3,2019,0
2019-07-04,豐原區,SE6 青蔥 粉蔥 ,32.2,27.7,16.0,26.26,-2.31,3565.0,20.2,7,4,2019,0
2019-07-05,豐原區,SE6 青蔥 粉蔥 ,32.2,26.6,16.0,25.6,-2.51,2802.0,-21.4,7,5,2019,0
2019-07-06,豐原區,SE6 青蔥 粉蔥 ,32.2,26.8,15.0,25.55,-0.2,3302.0,17.84,7,6,2019,0
2019-07-07,豐原區,SE6 青蔥 粉蔥 ,30.9,24.7,15.0,24.03,-5.95,4047.0,22.56,7,7,2019,0
2019-07-08,豐原區,SE6 青蔥 粉蔥 ,,,,,,,,7,1,2019,1
2019-07-09,豐原區,SE6 青蔥 粉蔥 ,30.3,24.9,16.8,24.33,1.25,3732.0,-7.78,7,2,2019,0
2019-07-10,豐原區,SE6 青蔥 粉蔥 ,30.3,25.1,16.0,24.3,-0.12,3060.0,-18.01,7,3,2019,0
2019-07-11,豐原區,SE6 青蔥 粉蔥 ,30.6,25.3,15.8,24.47,0.7,4397.0,43.69,7,4,2019,0
2019-07-12,豐原區,SE6 青蔥 粉蔥 ,30.4,25.5,15.4,24.44,-0.12,2528.0,-42.51,7,5,2019,0
2019-07-13,豐原區,SE6 青蔥 粉蔥 ,30.2,25.8,16.0,24.76,1.31,4091.0,61.83,7,6,2019,0
2019-07-14,豐原區,SE6 青蔥 粉蔥 ,30.2,22.6,15.2,22.63,-8.6,4213.0,2.98,7,7,2019,0
2019-07-15,豐原區,SE6 青蔥 粉蔥 ,,,,,,,,7,1,2019,1
2019-07-16,豐原區,SE6 青蔥 粉蔥 ,30.2,25.8,16.0,24.71,9.19,3022.0,-28.27,7,2,2019,0
2019-07-17,豐原區,SE6 青蔥 粉蔥 ,32.8,26.0,16.0,25.37,2.67,2753.0,-8.9,7,3,2019,0
2019-07-18,豐原區,SE6 青蔥 粉蔥 ,40.0,31.9,23.0,31.72,25.03,3151.0,14.46,7,4,2019,0
2019-07-19,豐原區,SE6 青蔥 粉蔥 ,42.0,37.4,24.0,35.66,12.42,2462.0,-21.87,7,5,2019,0
2019-07-20,豐原區,SE6 青蔥 粉蔥 ,42.0,36.8,24.0,35.3,-1.01,2874.0,16.73,7,6,2019,0
2019-07-21,豐原區,SE6 青蔥 粉蔥 ,40.0,29.7,21.0,30.04,-14.9,3018.0,5.01,7,7,2019,0
2019-07-22,豐原區,SE6 青蔥 粉蔥 ,,,,,,,,7,1,2019,1
2019-07-23,豐原區,SE6 青蔥 粉蔥 ,41.7,38.9,20.9,35.87,19.41,3654.0,21.07,7,2,2019,0
2019-07-24,豐原區,SE6 青蔥 粉蔥 ,43.0,37.6,24.8,36.15,0.78,2529.0,-30.79,7,3,2019,0
2019-07-25,豐原區,SE6 青蔥 粉蔥 ,45.3,31.2,20.7,31.91,-11.73,4165.0,64.69,7,4,2019,0
2019-07-26,豐原區,SE6 青蔥 粉蔥 ,46.0,42.5,21.0,38.91,21.94,2522.0,-39.45,7,5,2019,0
2019-07-27,豐原區,SE6 青蔥 粉蔥 ,49.4,32.7,21.0,33.7,-13.39,2078.0,-17.61,7,6,2019,0
2019-07-28,豐原區,SE6 青蔥 粉蔥 ,50.0,31.5,25.7,34.03,0.98,1966.0,-5.39,7,7,2019,0
2019-07-29,豐原區,SE6 青蔥 粉蔥 ,,,,,,,,7,1,2019,1
2019-07-30,豐原區,SE6 青蔥 粉蔥 ,60.0,60.0,38.4,55.65,63.53,972.0,-50.56,7,2,2019,0
2019-07-31,豐原區,SE6 青蔥 粉蔥 ,70.0,63.7,38.0,59.83,7.51,1343.0,38.17,7,3,2019,0
2019-08-01,豐原區,SE6 青蔥 粉蔥 ,73.3,54.7,44.4,56.36,-5.8,2658.0,97.92,8,4,2019,0
2019-08-02,豐原區,SE6 青蔥 粉蔥 ,67.5,54.8,45.9,55.53,-1.47,4578.0,72.23,8,5,2019,0
2019-08-03,豐原區,SE6 青蔥 粉蔥 ,83.9,64.5,45.0,64.46,16.08,2247.0,-50.92,8,6,2019,0
2019-08-04,豐原區,SE6 青蔥 粉蔥 ,82.0,68.7,46.0,66.79,3.61,2931.0,30.44,8,7,2019,0
2019-08-05,豐原區,SE6 青蔥 粉蔥 ,,,,,,,,8,1,2019,1
2019-08-06,豐原區,SE6 青蔥 粉蔥 ,85.2,67.6,50.0,67.58,1.18,950.0,-67.59,8,2,2019,0
2019-08-07,豐原區,SE6 青蔥 粉蔥 ,106.1,82.9,60.0,82.98,22.79,1868.0,96.63,8,3,2019,0
2019-08-08,豐原區,SE6 青蔥 粉蔥 ,95.1,72.8,55.0,73.71,-11.17,2193.0,17.4,8,4,2019,0
2019-08-09,豐原區,SE6 青蔥 粉蔥 ,103.2,96.3,64.6,91.34,23.92,662.0,-69.81,8,5,2019,0
2019-08-10,豐原區,SE6 青蔥 粉蔥 ,102.6,62.6,30.0,64.08,-29.84,2955.0,346.37,8,6,2019,0
2019-08-11,豐原區,SE6 青蔥 粉蔥 ,98.6,51.2,30.0,56.45,-11.91,1843.0,-37.63,8,7,2019,0
2019-08-12,豐原區,SE6 青蔥 粉蔥 ,,,,,,,,8,1,2019,1
2019-08-13,豐原區,SE6 青蔥 粉蔥 ,105.8,81.9,35.0,77.29,36.92,905.0,-50.9,8,2,2019,0
2019-08-14,豐原區,SE6 青蔥 粉蔥 ,101.2,69.9,35.0,69.18,-10.49,1794.0,98.23,8,3,2019,0
2019-08-15,豐原區,SE6 青蔥 粉蔥 ,90.9,46.0,32.0,52.18,-24.57,1765.0,-1.62,8,4,2019,0
2019-08-16,豐原區,SE6 青蔥 粉蔥 ,,,,,,,,8,5,2019,1
2019-08-17,豐原區,SE6 青蔥 粉蔥 ,115.0,101.4,56.2,95.06,82.18,1660.0,-5.95,8,6,2019,0
2019-08-18,豐原區,SE6 青蔥 粉蔥 ,130.0,94.5,65.0,95.67,0.64,1516.0,-8.67,8,7,2019,0
2019-08-19,豐原區,SE6 青蔥 粉蔥 ,,,,,,,,8,1,2019,1
2019-08-20,豐原區,SE6 青蔥 粉蔥 ,145.4,77.5,60.0,87.59,-8.45,830.0,-45.25,8,2,2019,0
2019-08-21,豐原區,SE6 青蔥 粉蔥 ,151.8,99.5,54.1,100.86,15.15,1094.0,31.81,8,3,2019,0
2019-08-22,豐原區,SE6 青蔥 粉蔥 ,142.0,97.4,60.0,98.82,-2.02,2425.0,121.66,8,4,2019,0
2019-08-23,豐原區,SE6 青蔥 粉蔥 ,161.5,88.8,61.4,97.83,-1.0,1039.0,-57.15,8,5,2019,0
2019-08-24,豐原區,SE6 青蔥 粉蔥 ,168.9,70.4,44.4,84.89,-13.23,1185.0,14.05,8,6,2019,0
2019-08-25,豐原區,SE6 青蔥 粉蔥 ,146.4,98.8,72.8,103.12,21.47,1611.0,35.95,8,7,2019,0
2019-08-26,豐原區,SE6 青蔥 粉蔥 ,,,,,,,,8,1,2019,1
2019-08-27,豐原區,SE6 青蔥 粉蔥 ,148.6,78.2,70.0,90.67,-12.07,841.0,-47.8,8,2,2019,0
2019-08-28,豐原區,SE6 青蔥 粉蔥 ,121.3,103.6,64.5,99.3,9.52,1510.0,79.55,8,3,2019,0
2019-08-29,豐原區,SE6 青蔥 粉蔥 ,122.5,98.6,48.0,93.26,-6.08,1410.0,-6.62,8,4,2019,0
2019-08-30,豐原區,SE6 青蔥 粉蔥 ,133.2,101.0,53.9,98.02,5.1,2714.0,92.48,8,5,2019,0
2019-08-31,豐原區,SE6 青蔥 粉蔥 ,,,,,,,,8,6,2019,1
2019-09-01,豐原區,SE6 青蔥 粉蔥 ,155.6,100.3,50.0,101.29,3.34,2330.0,-14.15,9,7,2019,0
2019-09-02,豐原區,SE6 青蔥 粉蔥 ,,,,,,,,9,1,2019,1
2019-09-03,豐原區,SE6 青蔥 粉蔥 ,170.0,116.8,63.0,116.7,15.21,1854.0,-20.43,9,2,2019,0
2019-09-04,豐原區,SE6 青蔥 粉蔥 ,212.0,125.1,100.0,137.45,17.78,1384.0,-25.35,9,3,2019,0
2019-09-05,豐原區,SE6 青蔥 粉蔥 ,245.8,203.8,101.3,191.73,39.49,2310.0,66.91,9,4,2019,0
2019-09-06,豐原區,SE6 青蔥 粉蔥 ,246.0,152.3,100.0,160.57,-16.25,834.0,-63.9,9,5,2019,0
2019-09-07,豐原區,SE6 青蔥 粉蔥 ,247.4,203.4,107.0,192.93,20.15,1350.0,61.87,9,6,2019,0
2019-09-08,豐原區,SE6 青蔥 粉蔥 ,234.5,205.6,106.0,191.45,-0.77,1100.0,-18.52,9,7,2019,0
2019-09-09,豐原區,SE6 青蔥 粉蔥 ,,,,,,,,9,1,2019,1
2019-09-10,豐原區,SE6 青蔥 粉蔥 ,219.1,180.3,84.0,168.8,-11.83,2160.0,96.36,9,2,2019,0
2019-09-11,豐原區,SE6 青蔥 粉蔥 ,203.9,157.3,109.0,156.97,-7.01,760.0,-64.81,9,3,2019,0
2019-09-12,豐原區,SE6 青蔥 粉蔥 ,168.5,117.0,63.2,116.56,-25.74,1760.0,131.58,9,4,2019,0
2019-09-13,豐原區,SE6 青蔥 粉蔥 ,174.1,150.6,59.0,136.98,17.52,1670.0,-5.11,9,5,2019,0
2019-09-14,豐原區,SE6 青蔥 粉蔥 ,177.0,132.3,75.1,129.79,-5.25,720.0,-56.89,9,6,2019,0
2019-09-15,豐原區,SE6 青蔥 粉蔥 ,152.0,84.5,70.0,95.1,-26.73,1924.0,167.22,9,7,2019,0
2019-09-16,豐原區,SE6 青蔥 粉蔥 ,,,,,,,,9,1,2019,1
2019-09-17,豐原區,SE6 青蔥 粉蔥 ,153.9,123.1,100.0,124.65,31.07,860.0,-55.3,9,2,2019,0
2019-09-18,豐原區,SE6 青蔥 粉蔥 ,160.0,133.6,90.0,130.13,4.4,1248.0,45.12,9,3,2019,0
2019-09-19,豐原區,SE6 青蔥 粉蔥 ,183.5,139.8,85.6,137.67,5.79,1610.0,29.01,9,4,2019,0
2019-09-20,豐原區,SE6 青蔥 粉蔥 ,196.9,151.9,116.3,153.76,11.69,1854.0,15.16,9,5,2019,0
2019-09-21,豐原區,SE6 青蔥 粉蔥 ,196.7,118.3,87.3,127.77,-16.9,1660.0,-10.46,9,6,2019,0
2019-09-22,豐原區,SE6 青蔥 粉蔥 ,206.2,155.8,100.8,154.86,21.2,2140.0,28.92,9,7,2019,0
2019-09-23,豐原區,SE6 青蔥 粉蔥 ,,,,,,,,9,1,2019,1
2019-09-24,豐原區,SE6 青蔥 粉蔥 ,202.5,168.8,105.9,162.93,5.21,1864.0,-12.9,9,2,2019,0
2019-09-25,豐原區,SE6 青蔥 粉蔥 ,198.8,150.4,68.3,143.65,-11.83,2510.0,34.66,9,3,2019,0
2019-09-26,豐原區,SE6 青蔥 粉蔥 ,152.0,84.5,70.0,95.1,-33.8,1924.0,-23.35,9,4,2019,0
2019-09-27,豐原區,SE6 青蔥 粉蔥 ,200.6,134.4,77.2,136.19,43.21,1234.0,-35.86,9,5,2019,0
2019-09-28,豐原區,SE6 青蔥 粉蔥 ,241.3,202.9,99.4,189.89,39.43,1402.0,13.61,9,6,2019,0
2019-09-29,豐原區,SE6 青蔥 粉蔥 ,,,,,,,,9,7,2019,1
2019-09-30,豐原區,SE6 青蔥 粉蔥 ,,,,,,,,9,1,2019,1
2019-10-01,豐原區,SE6 青蔥 粉蔥 ,186.9,116.6,80.0,123.34,-35.05,1544.0,10.13,10,2,2019,0
2019-10-02,豐原區,SE6 青蔥 粉蔥 ,167.7,80.0,80.0,97.53,-20.93,2174.0,40.8,10,3,2019,0
2019-10-03,豐原區,SE6 青蔥 粉蔥 ,210.2,203.7,102.8,184.85,89.53,1544.0,-28.98,10,4,2019,0
2019-10-04,豐原區,SE6 青蔥 粉蔥 ,191.7,100.0,100.0,118.33,-35.99,924.0,-40.16,10,5,2019,0
2019-10-05,豐原區,SE6 青蔥 粉蔥 ,183.0,146.0,80.2,140.23,18.51,1194.0,29.22,10,6,2019,0
2019-10-06,豐原區,SE6 青蔥 粉蔥 ,186.0,172.5,141.5,168.97,20.49,1411.0,18.17,10,7,2019,0
2019-10-07,豐原區,SE6 青蔥 粉蔥 ,,,,,,,,10,1,2019,1
2019-10-08,豐原區,SE6 青蔥 粉蔥 ,204.8,154.2,99.1,153.29,-9.28,2154.0,52.66,10,2,2019,0
2019-10-09,豐原區,SE6 青蔥 粉蔥 ,201.8,147.6,99.0,148.73,-2.97,1270.0,-41.04,10,3,2019,0
2019-10-10,豐原區,SE6 青蔥 粉蔥 ,198.0,182.1,133.6,175.55,18.03,2240.0,76.38,10,4,2019,0
2019-10-11,豐原區,SE6 青蔥 粉蔥 ,198.0,189.7,144.6,182.36,3.88,260.0,-88.39,10,5,2019,0
2019-10-12,豐原區,SE6 青蔥 粉蔥 ,183.2,119.3,100.0,128.21,-29.69,2374.0,813.08,10,6,2019,0
2019-10-13,豐原區,SE6 青蔥 粉蔥 ,181.3,117.7,110.0,128.88,0.52,1380.0,-41.87,10,7,2019,0
2019-10-14,豐原區,SE6 青蔥 粉蔥 ,,,,,,,,10,1,2019,1
2019-10-15,豐原區,SE6 青蔥 粉蔥 ,200.0,156.5,110.0,155.88,20.95,1810.0,31.16,10,2,2019,0
2019-10-16,豐原區,SE6 青蔥 粉蔥 ,200.0,178.8,137.7,174.85,12.17,1554.0,-14.14,10,3,2019,0
2019-10-17,豐原區,SE6 青蔥 粉蔥 ,201.1,168.3,110.0,163.17,-6.68,2694.0,73.36,10,4,2019,0
2019-10-18,豐原區,SE6 青蔥 粉蔥 ,200.0,146.6,105.0,148.95,-8.71,994.0,-63.1,10,5,2019,0
2019-10-19,豐原區,SE6 青蔥 粉蔥 ,199.2,179.9,108.5,169.5,13.8,1994.0,100.6,10,6,2019,0
2019-10-20,豐原區,SE6 青蔥 粉蔥 ,175.2,154.3,143.3,156.28,-7.8,1594.0,-20.06,10,7,2019,0
2019-10-21,豐原區,SE6 青蔥 粉蔥 ,,,,,,,,10,1,2019,1
2019-10-22,豐原區,SE6 青蔥 粉蔥 ,175.2,154.3,143.3,156.28,0.0,1594.0,0.0,10,2,2019,0
2019-10-23,豐原區,SE6 青蔥 粉蔥 ,198.9,165.5,103.7,159.82,2.27,580.0,-63.61,10,3,2019,0
2019-10-24,豐原區,SE6 青蔥 粉蔥 ,183.2,149.8,90.0,144.52,-9.57,2854.0,392.07,10,4,2019,0
2019-10-25,豐原區,SE6 青蔥 粉蔥 ,180.0,175.6,105.0,162.36,12.34,2464.0,-13.67,10,5,2019,0
2019-10-26,豐原區,SE6 青蔥 粉蔥 ,174.5,159.6,146.2,159.9,-1.52,391.0,-84.13,10,6,2019,0
2019-10-27,豐原區,SE6 青蔥 粉蔥 ,180.2,151.6,69.1,140.86,-11.91,291.0,-25.58,10,7,2019,0
2019-10-28,豐原區,SE6 青蔥 粉蔥 ,,,,,,,,10,1,2019,1
2019-10-29,豐原區,SE6 青蔥 粉蔥 ,170.0,163.1,90.0,149.88,6.4,2480.0,752.23,10,2,2019,0
2019-10-30,豐原區,SE6 青蔥 粉蔥 ,180.0,179.2,107.5,165.01,10.09,1390.0,-43.95,10,3,2019,0
2019-10-31,豐原區,SE6 青蔥 粉蔥 ,180.0,179.2,107.5,165.01,0.0,1390.0,0.0,10,4,2019,0
2019-11-01,豐原區,SE6 青蔥 粉蔥 ,180.0,151.3,107.0,148.18,-10.2,1748.0,25.76,11,5,2019,0
2019-11-02,豐原區,SE6 青蔥 粉蔥 ,199.0,184.9,172.7,185.3,25.05,669.0,-61.73,11,6,2019,0
2019-11-03,豐原區,SE6 青蔥 粉蔥 ,191.2,173.3,162.0,174.61,-5.77,1032.0,54.26,11,7,2019,0
2019-11-04,豐原區,SE6 青蔥 粉蔥 ,,,,,,,,11,1,2019,1
2019-11-05,豐原區,SE6 青蔥 粉蔥 ,170.0,146.5,100.0,141.92,-18.72,2012.0,94.96,11,2,2019,0
2019-11-06,豐原區,SE6 青蔥 粉蔥 ,173.0,166.0,116.8,157.57,11.03,1246.0,-38.07,11,3,2019,0
2019-11-07,豐原區,SE6 青蔥 粉蔥 ,152.1,148.2,87.5,136.83,-13.16,1502.0,20.55,11,4,2019,0
2019-11-08,豐原區,SE6 青蔥 粉蔥 ,147.0,119.6,100.0,121.18,-11.44,1286.0,-14.38,11,5,2019,0
2019-11-09,豐原區,SE6 青蔥 粉蔥 ,147.1,139.7,100.0,133.24,9.95,1224.0,-4.82,11,6,2019,0
2019-11-10,豐原區,SE6 青蔥 粉蔥 ,154.3,126.5,103.9,127.56,-4.26,2520.0,105.88,11,7,2019,0
2019-11-11,豐原區,SE6 青蔥 粉蔥 ,,,,,,,,11,1,2019,1
2019-11-12,豐原區,SE6 青蔥 粉蔥 ,172.6,141.6,110.4,141.59,11.0,1534.0,-39.13,11,2,2019,0
2019-11-13,豐原區,SE6 青蔥 粉蔥 ,167.6,149.7,113.8,146.11,3.19,2120.0,38.2,11,3,2019,0
2019-11-14,豐原區,SE6 青蔥 粉蔥 ,165.7,152.0,113.0,146.92,0.55,1512.0,-28.68,11,4,2019,0
2019-11-15,豐原區,SE6 青蔥 粉蔥 ,196.8,155.3,112.7,155.09,5.56,984.0,-34.92,11,5,2019,0
2019-11-16,豐原區,SE6 青蔥 粉蔥 ,185.4,164.6,131.2,162.07,4.5,1910.0,94.11,11,6,2019,0
2019-11-17,豐原區,SE6 青蔥 粉蔥 ,187.4,169.4,96.8,158.48,-2.22,1380.0,-27.75,11,7,2019,0
2019-11-18,豐原區,SE6 青蔥 粉蔥 ,,,,,,,,11,1,2019,1
2019-11-19,豐原區,SE6 青蔥 粉蔥 ,150.0,145.8,108.0,139.11,-12.22,964.0,-30.14,11,2,2019,0
2019-11-20,豐原區,SE6 青蔥 粉蔥 ,162.6,140.1,89.1,134.41,-3.38,2900.0,200.83,11,3,2019,0
2019-11-21,豐原區,SE6 青蔥 粉蔥 ,158.3,115.2,104.4,121.63,-9.51,2222.0,-23.38,11,4,2019,0
2019-11-22,豐原區,SE6 青蔥 粉蔥 ,134.1,106.7,88.2,108.45,-10.84,2074.0,-6.66,11,5,2019,0
2019-11-23,豐原區,SE6 青蔥 粉蔥 ,138.2,120.6,72.2,114.44,5.52,1610.0,-22.37,11,6,2019,0
2019-11-24,豐原區,SE6 青蔥 粉蔥 ,142.8,94.6,69.0,99.11,-13.4,2562.0,59.13,11,7,2019,0
2019-11-25,豐原區,SE6 青蔥 粉蔥 ,,,,,,,,11,1,2019,1
2019-11-26,豐原區,SE6 青蔥 粉蔥 ,140.0,113.9,78.6,112.05,13.06,2112.0,-17.56,11,2,2019,0
2019-11-27,豐原區,SE6 青蔥 粉蔥 ,166.9,110.8,45.8,109.02,-2.7,2300.0,8.9,11,3,2019,0
2019-11-28,豐原區,SE6 青蔥 粉蔥 ,170.4,96.8,73.8,106.93,-1.92,3000.0,30.43,11,4,2019,0
2019-11-29,豐原區,SE6 青蔥 粉蔥 ,155.0,115.3,64.1,112.99,5.67,1282.0,-57.27,11,5,2019,0
2019-11-30,豐原區,SE6 青蔥 粉蔥 ,,,,,,,,11,6,2019,1
2019-12-01,豐原區,SE6 青蔥 粉蔥 ,139.9,107.2,75.0,107.28,-5.05,2847.0,122.07,12,7,2019,0
2019-12-02,豐原區,SE6 青蔥 粉蔥 ,,,,,,,,12,1,2019,1
2019-12-03,豐原區,SE6 青蔥 粉蔥 ,135.4,94.8,80.0,99.96,-6.82,3310.0,16.26,12,2,2019,0
2019-12-04,豐原區,SE6 青蔥 粉蔥 ,134.3,81.5,60.0,87.78,-12.18,2566.0,-22.48,12,3,2019,0
2019-12-05,豐原區,SE6 青蔥 粉蔥 ,158.6,135.9,95.6,132.39,50.82,929.0,-63.8,12,4,2019,0
2019-12-06,豐原區,SE6 青蔥 粉蔥 ,141.1,106.6,90.4,110.25,-16.72,1569.0,68.89,12,5,2019,0
2019-12-07,豐原區,SE6 青蔥 粉蔥 ,131.1,98.4,73.6,99.98,-9.32,1968.0,25.43,12,6,2019,0
2019-12-08,豐原區,SE6 青蔥 粉蔥 ,129.9,108.7,64.3,104.07,4.09,1976.0,0.41,12,7,2019,0
2019-12-09,豐原區,SE6 青蔥 粉蔥 ,,,,,,,,12,1,2019,1
2019-12-10,豐原區,SE6 青蔥 粉蔥 ,135.6,97.7,72.0,100.13,-3.79,1280.0,-35.22,12,2,2019,0
2019-12-11,豐原區,SE6 青蔥 粉蔥 ,135.6,105.1,65.8,103.32,3.19,1428.0,11.56,12,3,2019,0
2019-12-12,豐原區,SE6 青蔥 粉蔥 ,126.7,92.0,68.2,94.16,-8.87,2740.0,91.88,12,4,2019,0
2019-12-13,豐原區,SE6 青蔥 粉蔥 ,113.0,96.1,75.7,95.41,1.33,2608.0,-4.82,12,5,2019,0
2019-12-14,豐原區,SE6 青蔥 粉蔥 ,120.0,106.2,69.0,101.54,6.42,1850.0,-29.06,12,6,2019,0
2019-12-15,豐原區,SE6 青蔥 粉蔥 ,108.7,89.8,60.0,87.65,-13.68,3220.0,74.05,12,7,2019,0
2019-12-16,豐原區,SE6 青蔥 粉蔥 ,,,,,,,,12,1,2019,1
2019-12-17,豐原區,SE6 青蔥 粉蔥 ,102.1,74.7,38.4,72.93,-16.79,2348.0,-27.08,12,2,2019,0
2019-12-18,豐原區,SE6 青蔥 粉蔥 ,103.0,81.5,45.0,78.52,7.66,1328.0,-43.44,12,3,2019,0
2019-12-19,豐原區,SE6 青蔥 粉蔥 ,89.1,70.3,48.9,69.82,-11.08,3380.0,154.52,12,4,2019,0
2019-12-20,豐原區,SE6 青蔥 粉蔥 ,91.7,80.0,60.9,78.5,12.43,2236.0,-33.85,12,5,2019,0
2019-12-21,豐原區,SE6 青蔥 粉蔥 ,95.7,53.2,24.5,56.01,-28.65,2174.0,-2.77,12,6,2019,0
2019-12-22,豐原區,SE6 青蔥 粉蔥 ,88.3,59.8,45.3,62.58,11.73,2324.0,6.9,12,7,2019,0
2019-12-23,豐原區,SE6 青蔥 粉蔥 ,,,,,,,,12,1,2019,1
2019-12-24,豐原區,SE6 青蔥 粉蔥 ,,,,,,,,12,2,2019,1
2019-12-25,豐原區,SE6 青蔥 粉蔥 ,88.3,59.8,45.3,62.58,0.0,2324.0,0.0,12,3,2019,0
2019-12-26,豐原區,SE6 青蔥 粉蔥 ,68.5,58.9,42.9,57.6,-7.96,3512.0,51.12,12,4,2019,0
2019-12-27,豐原區,SE6 青蔥 粉蔥 ,70.0,54.0,30.0,52.38,-9.06,2575.0,-26.68,12,5,2019,0
2019-12-28,豐原區,SE6 青蔥 粉蔥 ,,,,,,,,12,6,2019,1
2019-12-29,豐原區,SE6 青蔥 粉蔥 ,57.2,44.3,28.3,43.68,-16.61,4223.0,64.0,12,7,2019,0
2019-12-30,豐原區,SE6 青蔥 粉蔥 ,,,,,,,,12,1,2019,1
2019-12-31,豐原區,SE6 青蔥 粉蔥 ,70.0,60.1,45.0,59.05,35.19,4685.0,10.94,12,2,2019,0
2020-01-01,豐原區,SE6 青蔥 粉蔥 ,67.0,49.0,34.3,49.66,-15.9,2760.0,-41.09,1,3,2020,0
2020-01-02,豐原區,SE6 青蔥 粉蔥 ,60.0,59.8,42.9,56.43,13.63,412.0,-85.07,1,4,2020,0
2020-01-03,豐原區,SE6 青蔥 粉蔥 ,59.8,50.5,39.4,50.15,-11.13,3153.0,665.29,1,5,2020,0
2020-01-04,豐原區,SE6 青蔥 粉蔥 ,57.6,46.9,39.4,47.54,-5.2,3347.0,6.15,1,6,2020,0
2020-01-05,豐原區,SE6 青蔥 粉蔥 ,59.7,49.6,29.0,47.51,-0.06,4305.0,28.62,1,7,2020,0
2020-01-06,豐原區,SE6 青蔥 粉蔥 ,,,,,,,,1,1,2020,1
2020-01-07,豐原區,SE6 青蔥 粉蔥 ,58.6,48.3,33.1,47.32,-0.4,3094.0,-28.13,1,2,2020,0
2020-01-08,豐原區,SE6 青蔥 粉蔥 ,49.6,27.1,14.3,29.06,-38.59,2690.0,-13.06,1,3,2020,0
2020-01-09,豐原區,SE6 青蔥 粉蔥 ,46.9,23.5,10.0,25.47,-12.35,3623.0,34.68,1,4,2020,0
2020-01-10,豐原區,SE6 青蔥 粉蔥 ,46.8,22.3,13.5,25.4,-0.27,3246.0,-10.41,1,5,2020,0
2020-01-11,豐原區,SE6 青蔥 粉蔥 ,40.0,33.9,20.3,32.4,27.56,3955.0,21.84,1,6,2020,0
2020-01-12,豐原區,SE6 青蔥 粉蔥 ,38.9,32.9,25.3,32.6,0.62,4495.0,13.65,1,7,2020,0
2020-01-13,豐原區,SE6 青蔥 粉蔥 ,,,,,,,,1,1,2020,1
2020-01-14,豐原區,SE6 青蔥 粉蔥 ,44.0,31.8,20.9,32.05,-1.69,3144.0,-30.06,1,2,2020,0
2020-01-15,豐原區,SE6 青蔥 粉蔥 ,47.9,34.4,29.3,36.05,12.48,3352.0,6.62,1,3,2020,0
2020-01-16,豐原區,SE6 青蔥 粉蔥 ,46.3,37.1,24.1,36.37,0.89,3556.0,6.09,1,4,2020,0
2020-01-17,豐原區,SE6 青蔥 粉蔥 ,49.3,35.5,23.7,35.92,-1.24,3244.0,-8.77,1,5,2020,0
2020-01-18,豐原區,SE6 青蔥 粉蔥 ,49.7,27.3,19.6,30.26,-15.76,2582.0,-20.41,1,6,2020,0
2020-01-19,豐原區,SE6 青蔥 粉蔥 ,49.5,30.4,19.3,32.02,5.82,3410.0,32.07,1,7,2020,0
2020-01-20,豐原區,SE6 青蔥 粉蔥 ,,,,,,,,1,1,2020,1
2020-01-21,豐原區,SE6 青蔥 粉蔥 ,45.0,41.1,21.0,37.84,18.18,2086.0,-38.83,1,2,2020,0
2020-01-22,豐原區,SE6 青蔥 粉蔥 ,44.9,31.5,24.1,32.72,-13.53,5118.0,145.35,1,3,2020,0
2020-01-23,豐原區,SE6 青蔥 粉蔥 ,50.6,29.8,23.7,32.74,0.06,3998.0,-21.88,1,4,2020,0
2020-01-24,豐原區,SE6 青蔥 粉蔥 ,51.1,38.8,24.2,38.35,17.14,2730.0,-31.72,1,5,2020,0
2020-01-25,豐原區,SE6 青蔥 粉蔥 ,,,,,,,,1,6,2020,1
2020-01-26,豐原區,SE6 青蔥 粉蔥 ,,,,,,,,1,7,2020,1
2020-01-27,豐原區,SE6 青蔥 粉蔥 ,,,,,,,,1,1,2020,1
2020-01-28,豐原區,SE6 青蔥 粉蔥 ,,,,,,,,1,2,2020,1
2020-01-29,豐原區,SE6 青蔥 粉蔥 ,,,,,,,,1,3,2020,1
2020-01-30,豐原區,SE6 青蔥 粉蔥 ,45.0,41.1,21.0,37.84,-1.33,2086.0,-23.59,1,4,2020,0
2020-01-31,豐原區,SE6 青蔥 粉蔥 ,,,,,,,,1,5,2020,1
2020-02-01,豐原區,SE6 青蔥 粉蔥 ,,,,,,,,2,6,2020,1
2020-02-02,豐原區,SE6 青蔥 粉蔥 ,50.0,34.0,20.0,34.42,-9.04,4392.0,110.55,2,7,2020,0
2020-02-03,豐原區,SE6 青蔥 粉蔥 ,,,,,,,,2,1,2020,1
2020-02-04,豐原區,SE6 青蔥 粉蔥 ,46.2,29.4,17.4,30.36,-11.8,3884.0,-11.57,2,2,2020,0
2020-02-05,豐原區,SE6 青蔥 粉蔥 ,49.0,25.4,12.4,27.53,-9.32,2894.0,-25.49,2,3,2020,0
2020-02-06,豐原區,SE6 青蔥 粉蔥 ,49.0,31.3,19.2,32.41,17.73,3240.0,11.96,2,4,2020,0
2020-02-07,豐原區,SE6 青蔥 粉蔥 ,36.1,32.6,26.8,32.11,-0.93,3354.0,3.52,2,5,2020,0
2020-02-08,豐原區,SE6 青蔥 粉蔥 ,45.7,26.5,18.5,28.75,-10.46,3276.0,-2.33,2,6,2020,0
2020-02-09,豐原區,SE6 青蔥 粉蔥 ,,,,,,,,2,7,2020,1
2020-02-10,豐原區,SE6 青蔥 粉蔥 ,,,,,,,,2,1,2020,1
2020-02-11,豐原區,SE6 青蔥 粉蔥 ,,,,,,,,2,2,2020,1
2020-02-12,豐原區,SE6 青蔥 粉蔥 ,46.4,26.3,17.9,28.65,-0.35,3542.0,8.12,2,3,2020,0
2020-02-13,豐原區,SE6 青蔥 粉蔥 ,,,,,,,,2,4,2020,1
2020-02-14,豐原區,SE6 青蔥 粉蔥 ,30.0,29.3,16.0,26.78,-6.53,745.0,-78.97,2,5,2020,0
2020-02-15,豐原區,SE6 青蔥 粉蔥 ,31.0,27.6,16.0,25.94,-3.14,2315.0,210.74,2,6,2020,0
2020-02-16,豐原區,SE6 青蔥 粉蔥 ,30.0,23.6,14.9,23.13,-10.83,4300.0,85.75,2,7,2020,0
2020-02-17,豐原區,SE6 青蔥 粉蔥 ,,,,,,,,2,1,2020,1
2020-02-18,豐原區,SE6 青蔥 粉蔥 ,36.6,26.3,18.9,26.87,16.17,4402.0,2.37,2,2,2020,0
2020-02-19,豐原區,SE6 青蔥 粉蔥 ,35.0,28.7,20.0,28.22,5.02,3112.0,-29.3,2,3,2020,0
2020-02-20,豐原區,SE6 青蔥 粉蔥 ,40.4,23.6,19.9,26.24,-7.02,3482.0,11.89,2,4,2020,0
2020-02-21,豐原區,SE6 青蔥 粉蔥 ,40.0,28.8,15.7,28.44,8.38,575.0,-83.49,2,5,2020,0
2020-02-22,豐原區,SE6 青蔥 粉蔥 ,43.7,28.8,19.0,29.8,4.78,4858.0,744.87,2,6,2020,0
2020-02-23,豐原區,SE6 青蔥 粉蔥 ,44.4,23.7,15.8,26.27,-11.85,4208.0,-13.38,2,7,2020,0
2020-02-24,豐原區,SE6 青蔥 粉蔥 ,,,,,,,,2,1,2020,1
2020-02-25,豐原區,SE6 青蔥 粉蔥 ,40.5,31.5,15.0,29.97,14.08,1410.0,-66.49,2,2,2020,0
2020-02-26,豐原區,SE6 青蔥 粉蔥 ,43.1,29.7,21.4,30.71,2.47,3426.0,142.98,2,3,2020,0
2020-02-27,豐原區,SE6 青蔥 粉蔥 ,44.0,33.2,22.9,33.31,8.47,2740.0,-20.02,2,4,2020,0
2020-02-28,豐原區,SE6 青蔥 粉蔥 ,40.9,36.9,21.4,34.62,3.93,3360.0,22.63,2,5,2020,0
2020-02-29,豐原區,SE6 青蔥 粉蔥 ,40.0,32.8,24.2,32.55,-5.98,5440.0,61.9,2,6,2020,0
2020-03-01,豐原區,SE6 青蔥 粉蔥 ,39.2,35.4,29.3,34.92,7.28,4044.0,-25.66,3,7,2020,0
2020-03-02,豐原區,SE6 青蔥 粉蔥 ,,,,,,,,3,1,2020,1
2020-03-03,豐原區,SE6 青蔥 粉蔥 ,34.7,30.9,26.2,30.73,-12.0,3600.0,-10.98,3,2,2020,0
2020-03-04,豐原區,SE6 青蔥 粉蔥 ,35.0,32.2,26.2,31.53,2.6,3294.0,-8.5,3,3,2020,0
2020-03-05,豐原區,SE6 青蔥 粉蔥 ,50.0,21.4,15.0,25.85,-18.01,3482.0,5.71,3,4,2020,0
2020-03-06,豐原區,SE6 青蔥 粉蔥 ,45.6,38.1,30.7,38.1,47.39,3104.0,-10.86,3,5,2020,0
2020-03-07,豐原區,SE6 青蔥 粉蔥 ,40.0,38.3,26.6,36.33,-4.65,3068.0,-1.16,3,6,2020,0
2020-03-08,豐原區,SE6 青蔥 粉蔥 ,37.3,28.8,18.0,28.32,-22.05,4340.0,41.46,3,7,2020,0
2020-03-09,豐原區,SE6 青蔥 粉蔥 ,,,,,,,,3,1,2020,1
2020-03-10,豐原區,SE6 青蔥 粉蔥 ,36.7,30.4,18.9,29.33,3.57,4468.0,2.95,3,2,2020,0
2020-03-11,豐原區,SE6 青蔥 粉蔥 ,35.8,26.5,15.0,26.05,-11.18,3194.0,-28.51,3,3,2020,0
2020-03-12,豐原區,SE6 青蔥 粉蔥 ,35.6,25.3,15.0,25.32,-2.8,3904.0,22.23,3,4,2020,0
2020-03-13,豐原區,SE6 青蔥 粉蔥 ,38.9,35.7,27.7,34.77,37.32,3252.0,-16.7,3,5,2020,0
2020-03-14,豐原區,SE6 青蔥 粉蔥 ,40.0,36.0,28.3,35.24,1.35,3418.0,5.1,3,6,2020,0
2020-03-15,豐原區,SE6 青蔥 粉蔥 ,40.0,36.0,28.3,35.24,0.0,3418.0,0.0,3,7,2020,0
2020-03-16,豐原區,SE6 青蔥 粉蔥 ,,,,,,,,3,1,2020,1
2020-03-17,豐原區,SE6 青蔥 粉蔥 ,35.0,31.1,16.7,29.0,-17.71,3606.0,5.5,3,2,2020,0
2020-03-18,豐原區,SE6 青蔥 粉蔥 ,39.6,28.9,15.0,28.25,-2.59,4618.0,28.06,3,3,2020,0
2020-03-19,豐原區,SE6 青蔥 粉蔥 ,39.2,25.6,18.0,26.77,-5.24,3964.0,-14.16,3,4,2020,0
2020-03-20,豐原區,SE6 青蔥 粉蔥 ,35.0,29.9,19.7,28.89,7.92,3100.0,-21.8,3,5,2020,0
2020-03-21,豐原區,SE6 青蔥 粉蔥 ,35.0,26.5,18.4,26.62,-7.86,3224.0,4.0,3,6,2020,0
2020-03-22,豐原區,SE6 青蔥 粉蔥 ,36.2,26.1,16.5,26.21,-1.54,4614.0,43.11,3,7,2020,0
2020-03-23,豐原區,SE6 青蔥 粉蔥 ,,,,,,,,3,1,2020,1
2020-03-24,豐原區,SE6 青蔥 粉蔥 ,40.0,33.1,15.0,30.89,17.86,971.0,-78.96,3,2,2020,0
2020-03-25,豐原區,SE6 青蔥 粉蔥 ,39.7,33.3,28.5,33.6,8.77,3086.0,217.82,3,3,2020,0
2020-03-26,豐原區,SE6 青蔥 粉蔥 ,40.0,29.6,24.0,30.53,-9.14,4004.0,29.75,3,4,2020,0
2020-03-27,豐原區,SE6 青蔥 粉蔥 ,35.0,29.0,19.5,28.33,-7.21,3238.0,-19.13,3,5,2020,0
2020-03-28,豐原區,SE6 青蔥 粉蔥 ,35.0,33.3,24.6,31.92,12.67,4886.0,50.9,3,6,2020,0
2020-03-29,豐原區,SE6 青蔥 粉蔥 ,33.1,26.2,15.4,25.45,-20.27,4504.0,-7.82,3,7,2020,0
2020-03-30,豐原區,SE6 青蔥 粉蔥 ,,,,,,,,3,1,2020,1
2020-03-31,豐原區,SE6 青蔥 粉蔥 ,34.6,30.9,23.3,30.12,18.35,4906.0,8.93,3,2,2020,0
2020-04-01,豐原區,SE6 青蔥 粉蔥 ,35.0,29.1,21.9,28.86,-4.18,3810.0,-22.34,4,3,2020,0
2020-04-02,豐原區,SE6 青蔥 粉蔥 ,35.0,31.6,27.0,31.37,8.7,4428.0,16.22,4,4,2020,0
2020-04-03,豐原區,SE6 青蔥 粉蔥 ,35.0,29.1,21.9,28.86,-8.0,3810.0,-13.96,4,5,2020,0
2020-04-04,豐原區,SE6 青蔥 粉蔥 ,33.0,30.2,25.6,29.86,3.47,4066.0,6.72,4,6,2020,0
2020-04-05,豐原區,SE6 青蔥 粉蔥 ,,,,,,,,4,7,2020,1
2020-04-06,豐原區,SE6 青蔥 粉蔥 ,,,,,,,,4,1,2020,1
2020-04-07,豐原區,SE6 青蔥 粉蔥 ,35.0,30.1,20.8,29.23,-2.11,4570.0,12.4,4,2,2020,0
2020-04-08,豐原區,SE6 青蔥 粉蔥 ,35.6,28.2,20.0,28.04,-4.07,4075.0,-10.83,4,3,2020,0
2020-04-09,豐原區,SE6 青蔥 粉蔥 ,34.6,28.0,23.9,28.48,1.57,4134.0,1.45,4,4,2020,0
2020-04-10,豐原區,SE6 青蔥 粉蔥 ,,,,,,,,4,5,2020,1
2020-04-11,豐原區,SE6 青蔥 粉蔥 ,35.0,19.7,14.4,21.68,-23.88,4223.0,2.15,4,6,2020,0
2020-04-12,豐原區,SE6 青蔥 粉蔥 ,35.0,19.2,10.0,20.5,-5.44,4132.0,-2.15,4,7,2020,0
2020-04-13,豐原區,SE6 青蔥 粉蔥 ,,,,,,,,4,1,2020,1
2020-04-14,豐原區,SE6 青蔥 粉蔥 ,,,,,,,,4,2,2020,1
2020-04-15,豐原區,SE6 青蔥 粉蔥 ,34.0,23.7,19.2,24.86,21.27,4122.0,-0.24,4,3,2020,0
2020-04-16,豐原區,SE6 青蔥 粉蔥 ,34.0,21.8,20.0,23.88,-3.94,4362.0,5.82,4,4,2020,0
2020-04-17,豐原區,SE6 青蔥 粉蔥 ,35.0,19.6,10.0,20.78,-12.98,3422.0,-21.55,4,5,2020,0
2020-04-18,豐原區,SE6 青蔥 粉蔥 ,35.0,27.7,14.8,26.55,27.77,3724.0,8.83,4,6,2020,0
2020-04-19,豐原區,SE6 青蔥 粉蔥 ,30.0,26.0,18.8,25.35,-4.52,4519.0,21.35,4,7,2020,0
2020-04-20,豐原區,SE6 青蔥 粉蔥 ,,,,,,,,4,1,2020,1
2020-04-21,豐原區,SE6 青蔥 粉蔥 ,36.0,23.0,10.0,23.0,-9.27,3842.0,-14.98,4,2,2020,0
2020-04-22,豐原區,SE6 青蔥 粉蔥 ,33.0,24.7,14.1,24.22,5.3,3702.0,-3.64,4,3,2020,0
2020-04-23,豐原區,SE6 青蔥 粉蔥 ,33.5,21.2,14.8,22.41,-7.47,5452.0,47.27,4,4,2020,0
2020-04-24,豐原區,SE6 青蔥 粉蔥 ,35.0,17.6,8.7,19.28,-13.97,3392.0,-37.78,4,5,2020,0
2020-04-25,豐原區,SE6 青蔥 粉蔥 ,35.0,19.1,7.3,19.89,3.16,3082.0,-9.14,4,6,2020,0
2020-04-26,豐原區,SE6 青蔥 粉蔥 ,29.7,20.5,9.7,20.16,1.36,4362.0,41.53,4,7,2020,0
2020-04-27,豐原區,SE6 青蔥 粉蔥 ,,,,,,,,4,1,2020,1
2020-04-28,豐原區,SE6 青蔥 粉蔥 ,29.7,20.5,9.7,20.16,0.0,4362.0,0.0,4,2,2020,0
2020-04-29,豐原區,SE6 青蔥 粉蔥 ,33.0,22.6,11.0,22.36,10.91,3962.0,-9.17,4,3,2020,0
2020-04-30,豐原區,SE6 青蔥 粉蔥 ,,,,,,,,4,4,2020,1
2020-05-01,豐原區,SE6 青蔥 粉蔥 ,25.0,16.3,10.0,16.76,-25.04,1679.0,-57.62,5,5,2020,0
2020-05-02,豐原區,SE6 青蔥 粉蔥 ,23.6,13.6,10.0,14.88,-11.22,2234.0,33.06,5,6,2020,0
2020-05-03,豐原區,SE6 青蔥 粉蔥 ,25.0,18.9,13.6,19.07,28.16,3693.0,65.31,5,7,2020,0
2020-05-04,豐原區,SE6 青蔥 粉蔥 ,,,,,,,,5,1,2020,1
2020-05-05,豐原區,SE6 青蔥 粉蔥 ,25.4,19.7,13.3,19.55,2.52,4036.0,9.29,5,2,2020,0
2020-05-06,豐原區,SE6 青蔥 粉蔥 ,25.0,21.8,13.6,20.82,6.5,4028.0,-0.2,5,3,2020,0
2020-05-07,豐原區,SE6 青蔥 粉蔥 ,35.0,16.6,9.4,18.85,-9.46,4304.0,6.85,5,4,2020,0
2020-05-08,豐原區,SE6 青蔥 粉蔥 ,35.0,19.7,9.1,20.63,9.44,3382.0,-21.42,5,5,2020,0
2020-05-09,豐原區,SE6 青蔥 粉蔥 ,25.0,18.0,8.7,17.52,-15.08,3784.0,11.89,5,6,2020,0
2020-05-10,豐原區,SE6 青蔥 粉蔥 ,24.7,15.3,9.5,16.06,-8.33,5475.0,44.69,5,7,2020,0
2020-05-11,豐原區,SE6 青蔥 粉蔥 ,,,,,,,,5,1,2020,1
2020-05-12,豐原區,SE6 青蔥 粉蔥 ,,,,,,,,5,2,2020,1
2020-05-13,豐原區,SE6 青蔥 粉蔥 ,35.0,16.1,11.2,18.92,17.81,3890.0,-28.95,5,3,2020,0
2020-05-14,豐原區,SE6 青蔥 粉蔥 ,35.0,18.9,13.8,21.08,11.42,3902.0,0.31,5,4,2020,0
2020-05-15,豐原區,SE6 青蔥 粉蔥 ,25.0,19.1,8.0,18.03,-14.47,3790.0,-2.87,5,5,2020,0
2020-05-16,豐原區,SE6 青蔥 粉蔥 ,27.0,19.3,14.0,19.75,9.54,4392.0,15.88,5,6,2020,0
2020-05-17,豐原區,SE6 青蔥 粉蔥 ,25.0,21.3,14.9,20.78,5.22,5184.0,18.03,5,7,2020,0
2020-05-18,豐原區,SE6 青蔥 粉蔥 ,,,,,,,,5,1,2020,1
2020-05-19,豐原區,SE6 青蔥 粉蔥 ,35.0,29.1,19.7,28.43,36.81,4436.0,-14.43,5,2,2020,0
2020-05-20,豐原區,SE6 青蔥 粉蔥 ,35.0,30.4,19.4,29.12,2.43,3486.0,-21.42,5,3,2020,0
2020-05-21,豐原區,SE6 青蔥 粉蔥 ,35.0,26.0,20.0,26.62,-8.59,4172.0,19.68,5,4,2020,0
2020-05-22,豐原區,SE6 青蔥 粉蔥 ,35.0,26.7,15.0,26.02,-2.25,3452.0,-17.26,5,5,2020,0
2020-05-23,豐原區,SE6 青蔥 粉蔥 ,35.0,24.8,13.4,24.56,-5.61,3112.0,-9.85,5,6,2020,0
2020-05-24,豐原區,SE6 青蔥 粉蔥 ,35.0,20.4,14.9,22.25,-9.41,4810.0,54.56,5,7,2020,0
2020-05-25,豐原區,SE6 青蔥 粉蔥 ,,,,,,,,5,1,2020,1
2020-05-26,豐原區,SE6 青蔥 粉蔥 ,35.0,24.2,10.0,23.54,5.8,4072.0,-15.34,5,2,2020,0
2020-05-27,豐原區,SE6 青蔥 粉蔥 ,36.3,26.0,10.8,25.05,6.41,2392.0,-41.26,5,3,2020,0
2020-05-28,豐原區,SE6 青蔥 粉蔥 ,33.6,22.5,13.3,22.88,-8.66,3452.0,44.31,5,4,2020,0
2020-05-29,豐原區,SE6 青蔥 粉蔥 ,35.0,27.8,21.5,27.99,22.33,2866.0,-16.98,5,5,2020,0
2020-05-30,豐原區,SE6 青蔥 粉蔥 ,31.4,19.3,13.5,20.57,-26.51,2330.0,-18.7,5,6,2020,0
2020-05-31,豐原區,SE6 青蔥 粉蔥 ,35.0,21.9,13.0,22.75,10.6,2510.0,7.73,5,7,2020,0
2020-06-01,豐原區,SE6 青蔥 粉蔥 ,,,,,,,,6,1,2020,1
2020-06-02,豐原區,SE6 青蔥 粉蔥 ,39.2,35.0,22.0,33.2,45.93,4462.0,77.77,6,2,2020,0
2020-06-03,豐原區,SE6 青蔥 粉蔥 ,40.0,35.9,21.6,33.89,2.08,3522.0,-21.07,6,3,2020,0
2020-06-04,豐原區,SE6 青蔥 粉蔥 ,40.0,35.9,21.6,33.89,0.0,3522.0,0.0,6,4,2020,0
2020-06-05,豐原區,SE6 青蔥 粉蔥 ,40.0,27.0,19.9,28.17,-16.88,3008.0,-14.59,6,5,2020,0
2020-06-06,豐原區,SE6 青蔥 粉蔥 ,39.2,28.9,20.0,29.2,3.66,3608.0,19.95,6,6,2020,0
2020-06-07,豐原區,SE6 青蔥 粉蔥 ,36.4,31.3,25.0,31.07,6.4,4360.0,20.84,6,7,2020,0
2020-06-08,豐原區,SE6 青蔥 粉蔥 ,,,,,,,,6,1,2020,1
2020-06-09,豐原區,SE6 青蔥 粉蔥 ,38.3,28.3,19.5,28.52,-8.21,3018.0,-30.78,6,2,2020,0
2020-06-10,豐原區,SE6 青蔥 粉蔥 ,35.8,25.6,16.0,25.73,-9.78,3258.0,7.95,6,3,2020,0
2020-06-11,豐原區,SE6 青蔥 粉蔥 ,40.7,29.6,20.0,29.9,16.21,3528.0,8.29,6,4,2020,0
2020-06-12,豐原區,SE6 青蔥 粉蔥 ,35.5,25.8,19.8,26.56,-11.17,2490.0,-29.42,6,5,2020,0
2020-06-13,豐原區,SE6 青蔥 粉蔥 ,35.0,22.9,13.2,23.39,-11.94,2816.0,13.09,6,6,2020,0
2020-06-14,豐原區,SE6 青蔥 粉蔥 ,43.4,24.1,15.0,26.12,11.67,4870.0,72.94,6,7,2020,0
2020-06-15,豐原區,SE6 青蔥 粉蔥 ,,,,,,,,6,1,2020,1
2020-06-16,豐原區,SE6 青蔥 粉蔥 ,33.6,30.0,24.0,29.52,13.02,3530.0,-27.52,6,2,2020,0
2020-06-17,豐原區,SE6 青蔥 粉蔥 ,35.2,33.9,20.0,31.41,6.4,1861.0,-47.28,6,3,2020,0
2020-06-18,豐原區,SE6 青蔥 粉蔥 ,40.2,36.9,29.1,36.0,14.61,2850.0,53.14,6,4,2020,0
2020-06-19,豐原區,SE6 青蔥 粉蔥 ,42.3,36.7,27.7,36.01,0.03,3209.0,12.6,6,5,2020,0
2020-06-20,豐原區,SE6 青蔥 粉蔥 ,40.0,35.9,23.5,34.22,-4.97,2945.0,-8.23,6,6,2020,0
2020-06-21,豐原區,SE6 青蔥 粉蔥 ,45.0,32.8,24.1,33.51,-2.07,3320.0,12.73,6,7,2020,0
2020-06-22,豐原區,SE6 青蔥 粉蔥 ,,,,,,,,6,1,2020,1
2020-06-23,豐原區,SE6 青蔥 粉蔥 ,38.0,29.3,25.0,30.22,-9.82,2812.0,-15.3,6,2,2020,0
2020-06-24,豐原區,SE6 青蔥 粉蔥 ,46.8,42.5,25.1,39.89,32.0,2390.0,-15.01,6,3,2020,0
2020-06-25,豐原區,SE6 青蔥 粉蔥 ,41.9,36.7,34.4,37.27,-6.57,3174.0,32.8,6,4,2020,0
2020-06-26,豐原區,SE6 青蔥 粉蔥 ,,,,,,,,6,5,2020,1
2020-06-27,豐原區,SE6 青蔥 粉蔥 ,45.5,34.0,25.0,34.53,-7.35,2518.0,-20.67,6,6,2020,0
2020-06-28,豐原區,SE6 青蔥 粉蔥 ,49.2,26.7,22.8,30.43,-11.87,2700.0,7.23,6,7,2020,0
2020-06-29,豐原區,SE6 青蔥 粉蔥 ,,,,,,,,6,1,2020,1
2020-06-30,豐原區,SE6 青蔥 粉蔥 ,51.9,46.6,22.9,42.9,40.98,1469.0,-45.59,6,2,2020,0
2020-07-01,豐原區,SE6 青蔥 粉蔥 ,52.8,43.1,39.4,44.27,3.19,2810.0,91.29,7,3,2020,0
2020-07-02,豐原區,SE6 青蔥 粉蔥 ,64.7,45.4,35.0,47.16,6.53,2670.0,-4.98,7,4,2020,0
2020-07-03,豐原區,SE6 青蔥 粉蔥 ,61.4,42.2,30.0,43.59,-7.57,3178.0,19.03,7,5,2020,0
2020-07-04,豐原區,SE6 青蔥 粉蔥 ,56.0,37.5,30.0,39.68,-8.97,3220.0,1.32,7,6,2020,0
2020-07-05,豐原區,SE6 青蔥 粉蔥 ,59.4,38.1,25.0,39.77,0.23,3860.0,19.88,7,7,2020,0
2020-07-06,豐原區,SE6 青蔥 粉蔥 ,,,,,,,,7,1,2020,1
2020-07-07,豐原區,SE6 青蔥 粉蔥 ,60.0,40.6,35.0,43.38,9.08,3520.0,-8.81,7,2,2020,0
2020-07-08,豐原區,SE6 青蔥 粉蔥 ,61.0,27.7,25.0,33.82,-22.04,1950.0,-44.6,7,3,2020,0
2020-07-09,豐原區,SE6 青蔥 粉蔥 ,57.4,42.7,35.0,44.11,30.43,3445.0,76.67,7,4,2020,0
2020-07-10,豐原區,SE6 青蔥 粉蔥 ,64.3,36.2,30.0,40.59,-7.98,3157.0,-8.36,7,5,2020,0
2020-07-11,豐原區,SE6 青蔥 粉蔥 ,67.9,45.9,22.6,45.64,12.44,3388.0,7.32,7,6,2020,0
2020-07-12,豐原區,SE6 青蔥 粉蔥 ,78.1,44.1,35.1,49.1,7.58,3548.0,4.72,7,7,2020,0
2020-07-13,豐原區,SE6 青蔥 粉蔥 ,,,,,,,,7,1,2020,1
2020-07-14,豐原區,SE6 青蔥 粉蔥 ,62.3,50.0,49.4,52.34,6.6,2891.0,-18.52,7,2,2020,0
2020-07-15,豐原區,SE6 青蔥 粉蔥 ,86.8,51.4,40.0,56.17,7.32,2236.0,-22.66,7,3,2020,0
2020-07-16,豐原區,SE6 青蔥 粉蔥 ,,,,,,,,7,4,2020,1
2020-07-17,豐原區,SE6 青蔥 粉蔥 ,86.6,51.1,40.0,55.97,-0.36,3412.0,52.59,7,5,2020,0
2020-07-18,豐原區,SE6 青蔥 粉蔥 ,86.6,51.1,40.0,55.97,0.0,3412.0,0.0,7,6,2020,0
2020-07-19,豐原區,SE6 青蔥 粉蔥 ,86.3,48.3,30.0,52.24,-6.66,2308.0,-32.36,7,7,2020,0
2020-07-20,豐原區,SE6 青蔥 粉蔥 ,,,,,,,,7,1,2020,1
2020-07-21,豐原區,SE6 青蔥 粉蔥 ,78.3,41.8,40.0,48.77,-6.64,3129.0,35.57,7,2,2020,0
2020-07-22,豐原區,SE6 青蔥 粉蔥 ,81.5,78.7,62.6,76.01,55.85,2810.0,-10.19,7,3,2020,0
2020-07-23,豐原區,SE6 青蔥 粉蔥 ,91.4,59.6,50.0,64.05,-15.73,3088.0,9.89,7,4,2020,0
2020-07-24,豐原區,SE6 青蔥 粉蔥 ,91.8,46.1,35.0,53.01,-17.24,2748.0,-11.01,7,5,2020,0
2020-07-25,豐原區,SE6 青蔥 粉蔥 ,94.0,66.4,56.0,69.84,31.75,1738.0,-36.75,7,6,2020,0
2020-07-26,豐原區,SE6 青蔥 粉蔥 ,79.6,48.9,45.0,54.28,-22.28,1520.0,-12.54,7,7,2020,0
2020-07-27,豐原區,SE6 青蔥 粉蔥 ,,,,,,,,7,1,2020,1
2020-07-28,豐原區,SE6 青蔥 粉蔥 ,83.7,50.1,40.0,54.82,0.99,987.0,-35.07,7,2,2020,0
2020-07-29,豐原區,SE6 青蔥 粉蔥 ,90.8,77.8,43.0,73.47,34.02,1678.0,70.01,7,3,2020,0
2020-07-30,豐原區,SE6 青蔥 粉蔥 ,97.6,80.4,50.2,77.76,5.84,1588.0,-5.36,7,4,2020,0
2020-07-31,豐原區,SE6 青蔥 粉蔥 ,95.0,68.3,28.3,65.66,-15.56,2880.0,81.36,7,5,2020,0
2020-08-01,豐原區,SE6 青蔥 粉蔥 ,95.0,71.0,25.0,66.58,1.4,4305.0,49.48,8,6,2020,0
2020-08-02,豐原區,SE6 青蔥 粉蔥 ,96.2,63.1,40.0,65.13,-2.18,3677.0,-14.59,8,7,2020,0
2020-08-03,豐原區,SE6 青蔥 粉蔥 ,,,,,,,,8,1,2020,1
2020-08-04,豐原區,SE6 青蔥 粉蔥 ,109.6,77.8,60.0,80.63,23.8,3597.0,-2.18,8,2,2020,0
2020-08-05,豐原區,SE6 青蔥 粉蔥 ,123.7,77.8,60.0,83.39,3.42,2465.0,-31.47,8,3,2020,0
2020-08-06,豐原區,SE6 青蔥 粉蔥 ,135.7,84.0,50.0,87.53,4.96,3184.0,29.17,8,4,2020,0
2020-08-07,豐原區,SE6 青蔥 粉蔥 ,120.8,79.8,50.0,82.05,-6.26,2980.0,-6.41,8,5,2020,0
2020-08-08,豐原區,SE6 青蔥 粉蔥 ,113.3,74.1,45.0,76.12,-7.23,2848.0,-4.43,8,6,2020,0
2020-08-09,豐原區,SE6 青蔥 粉蔥 ,103.6,76.2,60.0,78.41,3.01,3618.0,27.04,8,7,2020,0
2020-08-10,豐原區,SE6 青蔥 粉蔥 ,,,,,,,,8,1,2020,1
2020-08-11,豐原區,SE6 青蔥 粉蔥 ,119.4,86.3,60.0,87.69,11.84,1594.0,-55.94,8,2,2020,0
2020-08-12,豐原區,SE6 青蔥 粉蔥 ,112.1,86.3,70.0,88.18,0.56,1840.0,15.43,8,3,2020,0
2020-08-13,豐原區,SE6 青蔥 粉蔥 ,121.5,70.4,50.0,76.53,-13.21,2880.0,56.52,8,4,2020,0
2020-08-14,豐原區,SE6 青蔥 粉蔥 ,124.4,93.9,50.0,91.23,19.21,1698.0,-41.04,8,5,2020,0
2020-08-15,豐原區,SE6 青蔥 粉蔥 ,116.5,89.9,60.0,89.24,-2.18,678.0,-60.07,8,6,2020,0
2020-08-16,豐原區,SE6 青蔥 粉蔥 ,115.0,79.9,50.0,80.96,-9.28,612.0,-9.73,8,7,2020,0
2020-08-17,豐原區,SE6 青蔥 粉蔥 ,,,,,,,,8,1,2020,1
2020-08-18,豐原區,SE6 青蔥 粉蔥 ,115.0,82.1,50.0,82.28,1.63,1348.0,120.26,8,2,2020,0
2020-08-19,豐原區,SE6 青蔥 粉蔥 ,148.3,63.5,45.0,76.79,-6.67,2248.0,66.77,8,3,2020,0
2020-08-20,豐原區,SE6 青蔥 粉蔥 ,95.7,71.2,45.0,70.89,-7.68,4577.0,103.6,8,4,2020,0
2020-08-21,豐原區,SE6 青蔥 粉蔥 ,104.6,68.9,35.0,69.28,-2.27,1984.0,-56.65,8,5,2020,0
2020-08-22,豐原區,SE6 青蔥 粉蔥 ,107.0,84.2,60.0,83.93,21.15,1800.0,-9.27,8,6,2020,0
2020-08-23,豐原區,SE6 青蔥 粉蔥 ,115.0,83.8,64.0,86.08,2.56,2081.0,15.61,8,7,2020,0
2020-08-24,豐原區,SE6 青蔥 粉蔥 ,,,,,,,,8,1,2020,1
2020-08-25,豐原區,SE6 青蔥 粉蔥 ,103.1,77.7,63.2,79.86,-7.23,1726.0,-17.06,8,2,2020,0
2020-08-26,豐原區,SE6 青蔥 粉蔥 ,120.0,104.2,70.0,100.51,25.86,1547.0,-10.37,8,3,2020,0
2020-08-27,豐原區,SE6 青蔥 粉蔥 ,111.2,64.0,50.0,70.65,-29.71,2117.0,36.85,8,4,2020,0
2020-08-28,豐原區,SE6 青蔥 粉蔥 ,110.0,100.3,76.4,97.46,37.95,1037.0,-51.02,8,5,2020,0
2020-08-29,豐原區,SE6 青蔥 粉蔥 ,111.9,61.0,40.0,67.0,-31.25,3193.0,207.91,8,6,2020,0
2020-08-30,豐原區,SE6 青蔥 粉蔥 ,102.5,84.9,64.9,84.44,26.03,2446.0,-23.39,8,7,2020,0
2020-08-31,豐原區,SE6 青蔥 粉蔥 ,,,,,,,,8,1,2020,1
2020-09-01,豐原區,SE6 青蔥 粉蔥 ,103.1,57.3,40.0,63.02,-25.37,3614.0,47.75,9,2,2020,0
2020-09-02,豐原區,SE6 青蔥 粉蔥 ,120.8,52.1,39.9,63.42,0.63,3794.0,4.98,9,3,2020,0
2020-09-03,豐原區,SE6 青蔥 粉蔥 ,,,,,,,,9,4,2020,1
2020-09-04,豐原區,SE6 青蔥 粉蔥 ,92.0,47.1,30.0,52.69,-16.92,2084.0,-45.07,9,5,2020,0
2020-09-05,豐原區,SE6 青蔥 粉蔥 ,93.6,53.9,25.0,56.07,6.41,3928.0,88.48,9,6,2020,0
2020-09-06,豐原區,SE6 青蔥 粉蔥 ,89.2,48.9,25.0,52.16,-6.97,3807.0,-3.08,9,7,2020,0
2020-09-07,豐原區,SE6 青蔥 粉蔥 ,,,,,,,,9,1,2020,1
2020-09-08,豐原區,SE6 青蔥 粉蔥 ,89.1,52.3,32.5,55.67,6.73,3589.0,-5.73,9,2,2020,0
2020-09-09,豐原區,SE6 青蔥 粉蔥 ,91.7,51.8,30.0,55.39,-0.5,3597.0,0.22,9,3,2020,0
2020-09-10,豐原區,SE6 青蔥 粉蔥 ,85.3,41.4,24.1,46.73,-15.63,2797.0,-22.24,9,4,2020,0
2020-09-11,豐原區,SE6 青蔥 粉蔥 ,77.6,34.4,15.0,39.18,-16.16,2797.0,0.0,9,5,2020,0
2020-09-12,豐原區,SE6 青蔥 粉蔥 ,75.2,36.7,20.0,41.06,4.8,3237.0,15.73,9,6,2020,0
2020-09-13,豐原區,SE6 青蔥 粉蔥 ,61.3,33.6,20.0,36.4,-11.35,3689.0,13.96,9,7,2020,0
2020-09-14,豐原區,SE6 青蔥 粉蔥 ,,,,,,,,9,1,2020,1
2020-09-15,豐原區,SE6 青蔥 粉蔥 ,55.3,29.6,18.0,32.4,-10.99,3751.0,1.68,9,2,2020,0
2020-09-16,豐原區,SE6 青蔥 粉蔥 ,50.0,33.5,25.0,35.09,8.3,2780.0,-25.89,9,3,2020,0
2020-09-17,豐原區,SE6 青蔥 粉蔥 ,50.5,35.7,24.2,36.38,3.68,3160.0,13.67,9,4,2020,0
2020-09-18,豐原區,SE6 青蔥 粉蔥 ,50.8,28.9,17.4,31.0,-14.79,2900.0,-8.23,9,5,2020,0
2020-09-19,豐原區,SE6 青蔥 粉蔥 ,50.0,32.0,20.0,33.21,7.13,2340.0,-19.31,9,6,2020,0
2020-09-20,豐原區,SE6 青蔥 粉蔥 ,50.6,32.6,20.0,33.68,1.42,4802.0,105.21,9,7,2020,0
2020-09-21,豐原區,SE6 青蔥 粉蔥 ,,,,,,,,9,1,2020,1
2020-09-22,豐原區,SE6 青蔥 粉蔥 ,45.2,36.9,22.7,35.71,6.03,4784.0,-0.37,9,2,2020,0
2020-09-23,豐原區,SE6 青蔥 粉蔥 ,45.9,26.5,15.0,28.05,-21.45,2986.0,-37.58,9,3,2020,0
2020-09-24,豐原區,SE6 青蔥 粉蔥 ,41.5,33.1,20.0,32.16,14.65,3290.0,10.18,9,4,2020,0
2020-09-25,豐原區,SE6 青蔥 粉蔥 ,48.9,32.2,20.0,33.12,2.99,3440.0,4.56,9,5,2020,0
2020-09-26,豐原區,SE6 青蔥 粉蔥 ,,,,,,,,9,6,2020,1
2020-09-27,豐原區,SE6 青蔥 粉蔥 ,,,,,,,,9,7,2020,1
2020-09-28,豐原區,SE6 青蔥 粉蔥 ,,,,,,,,9,1,2020,1
2020-09-29,豐原區,SE6 青蔥 粉蔥 ,49.2,32.1,24.1,33.9,2.36,2790.0,-18.9,9,2,2020,0
2020-09-30,豐原區,SE6 青蔥 粉蔥 ,50.0,41.0,23.0,39.17,15.55,3106.0,11.33,9,3,2020,0
2020-10-01,豐原區,SE6 青蔥 粉蔥 ,43.8,25.5,20.0,28.07,-28.34,4000.0,28.78,10,4,2020,0
2020-10-02,豐原區,SE6 青蔥 粉蔥 ,47.9,29.8,20.0,31.47,12.11,850.0,-78.75,10,5,2020,0
2020-10-03,豐原區,SE6 青蔥 粉蔥 ,,,,,,,,10,6,2020,1
2020-10-04,豐原區,SE6 青蔥 粉蔥 ,42.5,26.5,20.3,28.48,-9.5,3552.0,317.88,10,7,2020,0
2020-10-05,豐原區,SE6 青蔥 粉蔥 ,,,,,,,,10,1,2020,1
2020-10-06,豐原區,SE6 青蔥 粉蔥 ,46.9,27.2,20.0,29.7,4.28,3520.0,-0.9,10,2,2020,0
2020-10-07,豐原區,SE6 青蔥 粉蔥 ,49.8,31.7,20.0,32.96,10.98,2802.0,-20.4,10,3,2020,0
2020-10-08,豐原區,SE6 青蔥 粉蔥 ,49.4,31.2,20.0,32.57,-1.18,2855.0,1.89,10,4,2020,0
2020-10-09,豐原區,SE6 青蔥 粉蔥 ,32.1,23.6,19.4,24.45,-24.93,3887.0,36.15,10,5,2020,0
2020-10-10,豐原區,SE6 青蔥 粉蔥 ,44.1,27.6,15.0,28.4,16.16,3232.0,-16.85,10,6,2020,0
2020-10-11,豐原區,SE6 青蔥 粉蔥 ,50.0,38.3,22.2,37.45,31.87,2118.0,-34.47,10,7,2020,0
2020-10-12,豐原區,SE6 青蔥 粉蔥 ,,,,,,,,10,1,2020,1
2020-10-13,豐原區,SE6 青蔥 粉蔥 ,34.9,22.9,15.0,23.72,-36.66,3336.0,57.51,10,2,2020,0
2020-10-14,豐原區,SE6 青蔥 粉蔥 ,34.7,22.8,15.0,23.59,-0.55,2616.0,-21.58,10,3,2020,0
2020-10-15,豐原區,SE6 青蔥 粉蔥 ,24.9,14.0,10.0,15.39,-34.76,3840.0,46.79,10,4,2020,0
2020-10-16,豐原區,SE6 青蔥 粉蔥 ,45.6,27.0,16.1,28.55,85.51,3412.0,-11.15,10,5,2020,0
2020-10-17,豐原區,SE6 青蔥 粉蔥 ,25.7,19.1,10.0,18.58,-34.92,3440.0,0.82,10,6,2020,0
2020-10-18,豐原區,SE6 青蔥 粉蔥 ,30.6,18.4,11.0,19.38,4.31,3936.0,14.42,10,7,2020,0
2020-10-19,豐原區,SE6 青蔥 粉蔥 ,,,,,,,,10,1,2020,1
2020-10-20,豐原區,SE6 青蔥 粉蔥 ,38.8,16.0,11.0,19.55,0.88,4024.0,2.24,10,2,2020,0
2020-10-21,豐原區,SE6 青蔥 粉蔥 ,29.6,20.6,13.4,20.96,7.21,3038.0,-24.5,10,3,2020,0
2020-10-22,豐原區,SE6 青蔥 粉蔥 ,29.5,22.6,18.7,23.2,10.69,2750.0,-9.48,10,4,2020,0
2020-10-23,豐原區,SE6 青蔥 粉蔥 ,28.6,22.8,19.4,23.3,0.43,2904.0,5.6,10,5,2020,0
2020-10-24,豐原區,SE6 青蔥 粉蔥 ,34.1,16.9,15.0,19.94,-14.42,1834.0,-36.85,10,6,2020,0
2020-10-25,豐原區,SE6 青蔥 粉蔥 ,32.7,27.2,19.4,26.74,34.1,3868.0,110.91,10,7,2020,0
2020-10-26,豐原區,SE6 青蔥 粉蔥 ,,,,,,,,10,1,2020,1
2020-10-27,豐原區,SE6 青蔥 粉蔥 ,31.8,25.6,23.7,26.45,-1.08,2772.0,-28.34,10,2,2020,0
2020-10-28,豐原區,SE6 青蔥 粉蔥 ,32.9,23.0,19.5,24.27,-8.24,2740.0,-1.15,10,3,2020,0
2020-10-29,豐原區,SE6 青蔥 粉蔥 ,33.6,28.8,25.0,28.97,19.37,3024.0,10.36,10,4,2020,0
2020-10-30,豐原區,SE6 青蔥 粉蔥 ,33.8,23.1,15.0,23.65,-18.36,5320.0,75.93,10,5,2020,0
2020-10-31,豐原區,SE6 青蔥 粉蔥 ,,,,,,,,10,6,2020,1
2020-11-01,豐原區,SE6 青蔥 粉蔥 ,31.2,23.5,15.6,23.49,-0.68,3300.0,-37.97,11,7,2020,0
2020-11-02,豐原區,SE6 青蔥 粉蔥 ,,,,,,,,11,1,2020,1
2020-11-03,豐原區,SE6 青蔥 粉蔥 ,28.4,19.0,12.9,19.66,-16.3,2914.0,-11.7,11,2,2020,0
2020-11-04,豐原區,SE6 青蔥 粉蔥 ,28.1,22.1,18.0,22.48,14.34,3654.0,25.39,11,3,2020,0
2020-11-05,豐原區,SE6 青蔥 粉蔥 ,28.9,22.4,17.8,22.78,1.33,2904.0,-20.53,11,4,2020,0
2020-11-06,豐原區,SE6 青蔥 粉蔥 ,28.0,23.3,17.2,23.04,1.14,3904.0,34.44,11,5,2020,0
2020-11-07,豐原區,SE6 青蔥 粉蔥 ,28.6,24.3,19.5,24.22,5.12,3612.0,-7.48,11,6,2020,0
2020-11-08,豐原區,SE6 青蔥 粉蔥 ,26.0,21.0,17.2,21.27,-12.18,3284.0,-9.08,11,7,2020,0
2020-11-09,豐原區,SE6 青蔥 粉蔥 ,,,,,,,,11,1,2020,1
2020-11-10,豐原區,SE6 青蔥 粉蔥 ,33.6,22.5,15.0,23.19,9.03,3650.0,11.14,11,2,2020,0
2020-11-11,豐原區,SE6 青蔥 粉蔥 ,32.8,23.3,20.0,24.54,5.82,2940.0,-19.45,11,3,2020,0
2020-11-12,豐原區,SE6 青蔥 粉蔥 ,32.7,24.5,20.0,25.22,2.77,3824.0,30.07,11,4,2020,0
2020-11-13,豐原區,SE6 青蔥 粉蔥 ,36.7,19.6,14.5,21.99,-12.81,3203.0,-16.24,11,5,2020,0
2020-11-14,豐原區,SE6 青蔥 粉蔥 ,36.9,25.5,19.2,26.56,20.78,3594.0,12.21,11,6,2020,0
2020-11-15,豐原區,SE6 青蔥 粉蔥 ,32.7,22.6,19.2,23.95,-9.83,3311.0,-7.87,11,7,2020,0
2020-11-16,豐原區,SE6 青蔥 粉蔥 ,,,,,,,,11,1,2020,1
2020-11-17,豐原區,SE6 青蔥 粉蔥 ,34.3,20.3,14.2,21.88,-8.64,2956.0,-10.72,11,2,2020,0
2020-11-18,豐原區,SE6 青蔥 粉蔥 ,36.0,25.0,24.3,27.07,23.72,2882.0,-2.5,11,3,2020,0
2020-11-19,豐原區,SE6 青蔥 粉蔥 ,31.6,22.2,15.0,22.67,-16.25,2870.0,-0.42,11,4,2020,0
2020-11-20,豐原區,SE6 青蔥 粉蔥 ,28.6,23.3,19.0,23.48,3.57,3020.0,5.23,11,5,2020,0
2020-11-21,豐原區,SE6 青蔥 粉蔥 ,29.9,17.1,8.0,17.85,-23.98,3448.0,14.17,11,6,2020,0
2020-11-22,豐原區,SE6 青蔥 粉蔥 ,,,,,,,,11,7,2020,1
2020-11-23,豐原區,SE6 青蔥 粉蔥 ,,,,,,,,11,1,2020,1
2020-11-24,豐原區,SE6 青蔥 粉蔥 ,35.0,28.9,20.1,28.37,58.94,3690.0,7.02,11,2,2020,0
2020-11-25,豐原區,SE6 青蔥 粉蔥 ,37.0,29.0,18.1,28.4,0.11,2862.0,-22.44,11,3,2020,0
2020-11-26,豐原區,SE6 青蔥 粉蔥 ,30.0,28.2,24.1,27.72,-2.39,3114.0,8.81,11,4,2020,0
2020-11-27,豐原區,SE6 青蔥 粉蔥 ,35.0,35.0,28.9,33.79,21.9,3344.0,7.39,11,5,2020,0
2020-11-28,豐原區,SE6 青蔥 粉蔥 ,35.7,23.1,10.0,23.01,-31.9,3360.0,0.48,11,6,2020,0
2020-11-29,豐原區,SE6 青蔥 粉蔥 ,43.0,26.5,12.0,26.88,16.82,3484.0,3.69,11,7,2020,0
2020-11-30,豐原區,SE6 青蔥 粉蔥 ,,,,,,,,11,1,2020,1
2020-12-01,豐原區,SE6 青蔥 粉蔥 ,30.0,21.0,15.0,21.61,-19.61,3264.0,-6.31,12,2,2020,0
2020-12-02,豐原區,SE6 青蔥 粉蔥 ,30.0,21.3,15.0,21.78,0.79,2894.0,-11.34,12,3,2020,0
2020-12-03,豐原區,SE6 青蔥 粉蔥 ,30.0,20.0,15.0,21.03,-3.44,3974.0,37.32,12,4,2020,0
2020-12-04,豐原區,SE6 青蔥 粉蔥 ,28.3,22.5,15.0,22.13,5.23,4170.0,4.93,12,5,2020,0
2020-12-05,豐原區,SE6 青蔥 粉蔥 ,30.6,16.7,12.0,18.53,-16.27,2640.0,-36.69,12,6,2020,0
2020-12-06,豐原區,SE6 青蔥 粉蔥 ,35.6,22.8,20.0,24.81,33.89,2350.0,-10.98,12,7,2020,0
2020-12-07,豐原區,SE6 青蔥 粉蔥 ,,,,,,,,12,1,2020,1
2020-12-08,豐原區,SE6 青蔥 粉蔥 ,31.8,21.5,14.9,22.24,-10.36,4080.0,73.62,12,2,2020,0
2020-12-09,豐原區,SE6 青蔥 粉蔥 ,28.0,25.7,15.1,24.03,8.05,2864.0,-29.8,12,3,2020,0
2020-12-10,豐原區,SE6 青蔥 粉蔥 ,40.7,25.6,15.0,26.48,10.2,2910.0,1.61,12,4,2020,0
2020-12-11,豐原區,SE6 青蔥 粉蔥 ,28.0,15.7,10.0,17.01,-35.76,2440.0,-16.15,12,5,2020,0
2020-12-12,豐原區,SE6 青蔥 粉蔥 ,30.3,23.6,15.0,23.23,36.57,2800.0,14.75,12,6,2020,0
2020-12-13,豐原區,SE6 青蔥 粉蔥 ,28.9,25.7,15.0,24.23,4.3,3102.0,10.79,12,7,2020,0
2020-12-14,豐原區,SE6 青蔥 粉蔥 ,,,,,,,,12,1,2020,1
2020-12-15,豐原區,SE6 青蔥 粉蔥 ,31.6,18.5,15.0,20.43,-15.68,2572.0,-17.09,12,2,2020,0
2020-12-16,豐原區,SE6 青蔥 粉蔥 ,38.0,26.0,19.6,27.11,32.7,3317.0,28.97,12,3,2020,0
2020-12-17,豐原區,SE6 青蔥 粉蔥 ,32.3,20.0,13.0,21.04,-22.39,2893.0,-12.78,12,4,2020,0
2020-12-18,豐原區,SE6 青蔥 粉蔥 ,35.0,19.7,10.0,20.8,-1.14,1930.0,-33.29,12,5,2020,0
2020-12-19,豐原區,SE6 青蔥 粉蔥 ,27.5,17.2,12.0,18.19,-12.55,2684.0,39.07,12,6,2020,0
2020-12-20,豐原區,SE6 青蔥 粉蔥 ,,,,,,,,12,7,2020,1
2020-12-21,豐原區,SE6 青蔥 粉蔥 ,,,,,,,,12,1,2020,1
2020-12-22,豐原區,SE6 青蔥 粉蔥 ,28.6,16.3,10.0,17.49,-3.85,3059.0,13.97,12,2,2020,0
2020-12-23,豐原區,SE6 青蔥 粉蔥 ,35.7,19.9,15.0,22.08,26.24,1799.0,-41.19,12,3,2020,0
2020-12-24,豐原區,SE6 青蔥 粉蔥 ,31.4,30.0,28.9,30.06,36.14,1792.0,-0.39,12,4,2020,0
2020-12-25,豐原區,SE6 青蔥 粉蔥 ,30.0,27.0,20.6,26.36,-12.31,3178.0,77.34,12,5,2020,0
2020-12-26,豐原區,SE6 青蔥 粉蔥 ,29.9,25.0,25.0,25.99,-1.4,2019.0,-36.47,12,6,2020,0
2020-12-27,豐原區,SE6 青蔥 粉蔥 ,28.2,20.1,15.0,20.72,-20.28,3390.0,67.9,12,7,2020,0
2020-12-28,豐原區,SE6 青蔥 粉蔥 ,,,,,,,,12,1,2020,1
2020-12-29,豐原區,SE6 青蔥 粉蔥 ,27.6,13.8,10.0,15.77,-23.89,2429.0,-28.35,12,2,2020,0
2020-12-30,豐原區,SE6 青蔥 粉蔥 ,35.0,18.6,8.0,19.77,25.36,3672.0,51.17,12,3,2020,0
2020-12-31,豐原區,SE6 青蔥 粉蔥 ,30.0,26.4,18.4,25.49,28.93,2642.0,-28.05,12,4,2020,0
2021-01-01,豐原區,SE6 青蔥 粉蔥 ,30.5,20.4,10.0,20.32,-20.28,3280.0,24.15,1,5,2021,0
2021-01-02,豐原區,SE6 青蔥 粉蔥 ,30.4,27.3,22.1,26.88,32.28,3071.0,-6.37,1,6,2021,0
2021-01-03,豐原區,SE6 青蔥 粉蔥 ,36.6,24.3,20.0,25.91,-3.61,2830.0,-7.85,1,7,2021,0
2021-01-04,豐原區,SE6 青蔥 粉蔥 ,,,,,,,,1,1,2021,1
2021-01-05,豐原區,SE6 青蔥 粉蔥 ,29.2,19.1,14.9,20.29,-21.69,3322.0,17.39,1,2,2021,0
2021-01-06,豐原區,SE6 青蔥 粉蔥 ,34.8,17.4,15.0,20.41,0.59,2488.0,-25.11,1,3,2021,0
2021-01-07,豐原區,SE6 青蔥 粉蔥 ,32.7,24.5,19.5,25.14,23.17,2584.0,3.86,1,4,2021,0
2021-01-08,豐原區,SE6 青蔥 粉蔥 ,30.8,21.5,13.8,21.84,-13.13,3024.0,17.03,1,5,2021,0
2021-01-09,豐原區,SE6 青蔥 粉蔥 ,30.0,23.2,10.0,21.92,0.37,3170.0,4.83,1,6,2021,0
2021-01-10,豐原區,SE6 青蔥 粉蔥 ,28.1,19.5,15.0,20.3,-7.39,2350.0,-25.87,1,7,2021,0
2021-01-11,豐原區,SE6 青蔥 粉蔥 ,,,,,,,,1,1,2021,1
2021-01-12,豐原區,SE6 青蔥 粉蔥 ,30.5,21.0,20.0,22.67,11.67,2594.0,10.38,1,2,2021,0
2021-01-13,豐原區,SE6 青蔥 粉蔥 ,36.9,22.3,20.0,24.78,9.31,1890.0,-27.14,1,3,2021,0
2021-01-14,豐原區,SE6 青蔥 粉蔥 ,42.8,26.7,20.0,28.58,15.33,2430.0,28.57,1,4,2021,0
2021-01-15,豐原區,SE6 青蔥 粉蔥 ,42.9,22.4,20.0,26.02,-8.96,2580.0,6.17,1,5,2021,0
2021-01-16,豐原區,SE6 青蔥 粉蔥 ,38.4,25.0,20.0,26.68,2.54,2903.0,12.52,1,6,2021,0
2021-01-17,豐原區,SE6 青蔥 粉蔥 ,34.7,19.3,18.0,22.13,-17.05,2622.0,-9.68,1,7,2021,0
2021-01-18,豐原區,SE6 青蔥 粉蔥 ,,,,,,,,1,1,2021,1
2021-01-19,豐原區,SE6 青蔥 粉蔥 ,32.3,21.4,15.0,22.29,0.72,2310.0,-11.9,1,2,2021,0
2021-01-20,豐原區,SE6 青蔥 粉蔥 ,31.7,19.9,15.0,21.26,-4.62,1992.0,-13.77,1,3,2021,0
2021-01-21,豐原區,SE6 青蔥 粉蔥 ,27.4,18.2,10.0,18.4,-13.45,2225.0,11.7,1,4,2021,0
2021-01-22,豐原區,SE6 青蔥 粉蔥 ,23.6,19.4,13.2,19.01,3.32,2208.0,-0.76,1,5,2021,0
2021-01-23,豐原區,SE6 青蔥 粉蔥 ,24.4,16.6,14.5,17.76,-6.58,2390.0,8.24,1,6,2021,0
2021-01-24,豐原區,SE6 青蔥 粉蔥 ,24.4,7.7,6.0,10.72,-39.64,2125.0,-11.09,1,7,2021,0
2021-01-25,豐原區,SE6 青蔥 粉蔥 ,,,,,,,,1,1,2021,1
2021-01-26,豐原區,SE6 青蔥 粉蔥 ,21.9,20.0,15.3,19.46,81.53,1994.0,-6.16,1,2,2021,0
2021-01-27,豐原區,SE6 青蔥 粉蔥 ,20.8,19.7,11.5,18.29,-6.01,2864.0,43.63,1,3,2021,0
2021-01-28,豐原區,SE6 青蔥 粉蔥 ,23.3,10.7,6.0,12.29,-32.8,2726.0,-4.82,1,4,2021,0
2021-01-29,豐原區,SE6 青蔥 粉蔥 ,25.0,16.8,5.0,16.06,30.68,3665.0,34.45,1,5,2021,0
2021-01-30,豐原區,SE6 青蔥 粉蔥 ,24.5,11.5,5.0,12.79,-20.36,2203.0,-39.89,1,6,2021,0
2021-01-31,豐原區,SE6 青蔥 粉蔥 ,25.0,22.7,14.6,21.52,68.26,2653.0,20.43,1,7,2021,0
2021-02-01,豐原區,SE6 青蔥 粉蔥 ,,,,,,,,2,1,2021,1
2021-02-02,豐原區,SE6 青蔥 粉蔥 ,20.7,17.2,15.0,17.44,-18.96,3130.0,17.98,2,2,2021,0
2021-02-03,豐原區,SE6 青蔥 粉蔥 ,24.4,14.8,9.9,15.73,-9.81,2217.0,-29.17,2,3,2021,0
2021-02-04,豐原區,SE6 青蔥 粉蔥 ,30.6,20.0,10.0,20.09,27.72,2725.0,22.91,2,4,2021,0
2021-02-05,豐原區,SE6 青蔥 粉蔥 ,31.2,16.5,7.0,17.56,-12.59,2030.0,-25.5,2,5,2021,0
2021-02-06,豐原區,SE6 青蔥 粉蔥 ,30.0,17.9,10.6,18.89,7.57,2738.0,34.88,2,6,2021,0
2021-02-07,豐原區,SE6 青蔥 粉蔥 ,,,,,,,,2,7,2021,1
2021-02-08,豐原區,SE6 青蔥 粉蔥 ,30.0,27.2,20.9,26.49,40.23,2526.0,-7.74,2,1,2021,0
2021-02-09,豐原區,SE6 青蔥 粉蔥 ,38.0,21.2,15.0,23.33,-11.93,2900.0,14.81,2,2,2021,0
2021-02-10,豐原區,SE6 青蔥 粉蔥 ,23.7,18.4,15.0,18.75,-19.63,5477.0,88.86,2,3,2021,0
2021-02-11,豐原區,SE6 青蔥 粉蔥 ,29.8,21.5,19.5,22.75,21.33,3302.0,-39.71,2,4,2021,0
2021-02-12,豐原區,SE6 青蔥 粉蔥 ,,,,,,,,2,5,2021,1
2021-02-13,豐原區,SE6 青蔥 粉蔥 ,,,,,,,,2,6,2021,1
2021-02-14,豐原區,SE6 青蔥 粉蔥 ,,,,,,,,2,7,2021,1
2021-02-15,豐原區,SE6 青蔥 粉蔥 ,,,,,,,,2,1,2021,1
2021-02-16,豐原區,SE6 青蔥 粉蔥 ,,,,,,,,2,2,2021,1
2021-02-17,豐原區,SE6 青蔥 粉蔥 ,45.8,35.4,29.6,36.33,59.69,3145.0,-4.75,2,3,2021,0
2021-02-18,豐原區,SE6 青蔥 粉蔥 ,40.0,33.6,30.0,34.14,-6.03,3415.0,8.59,2,4,2021,0
2021-02-19,豐原區,SE6 青蔥 粉蔥 ,40.0,33.6,30.0,34.14,0.0,3415.0,0.0,2,5,2021,0
2021-02-20,豐原區,SE6 青蔥 粉蔥 ,39.0,22.3,20.0,25.19,-26.22,1880.0,-44.95,2,6,2021,0
2021-02-21,豐原區,SE6 青蔥 粉蔥 ,39.8,22.2,15.0,24.29,-3.57,2111.0,12.29,2,7,2021,0
2021-02-22,豐原區,SE6 青蔥 粉蔥 ,,,,,,,,2,1,2021,1
2021-02-23,豐原區,SE6 青蔥 粉蔥 ,35.5,27.7,16.3,26.98,11.07,3401.0,61.11,2,2,2021,0
2021-02-24,豐原區,SE6 青蔥 粉蔥 ,34.2,26.4,17.2,26.12,-3.19,3999.0,17.58,2,3,2021,0
2021-02-25,豐原區,SE6 青蔥 粉蔥 ,31.3,26.6,15.0,25.2,-3.52,3119.0,-22.01,2,4,2021,0
2021-02-26,豐原區,SE6 青蔥 粉蔥 ,31.4,28.7,23.2,28.12,11.59,3064.0,-1.76,2,5,2021,0
2021-02-27,豐原區,SE6 青蔥 粉蔥 ,32.9,30.0,26.3,29.83,6.08,2934.0,-4.24,2,6,2021,0
2021-02-28,豐原區,SE6 青蔥 粉蔥 ,33.3,23.2,18.6,24.29,-18.57,4244.0,44.65,2,7,2021,0
2021-03-01,豐原區,SE6 青蔥 粉蔥 ,,,,,,,,3,1,2021,1
2021-03-02,豐原區,SE6 青蔥 粉蔥 ,32.3,30.0,25.8,29.63,21.98,2929.0,-30.98,3,2,2021,0
2021-03-03,豐原區,SE6 青蔥 粉蔥 ,39.8,21.9,15.0,24.08,-18.73,2599.0,-11.27,3,3,2021,0
2021-03-04,豐原區,SE6 青蔥 粉蔥 ,40.4,26.0,15.0,26.67,10.76,2925.0,12.54,3,4,2021,0
2021-03-05,豐原區,SE6 青蔥 粉蔥 ,36.4,29.3,20.0,28.86,8.21,3165.0,8.21,3,5,2021,0
2021-03-06,豐原區,SE6 青蔥 粉蔥 ,40.2,39.2,31.1,37.79,30.94,3335.0,5.37,3,6,2021,0
2021-03-07,豐原區,SE6 青蔥 粉蔥 ,32.8,24.0,15.0,23.95,-36.62,3020.0,-9.45,3,7,2021,0
2021-03-08,豐原區,SE6 青蔥 粉蔥 ,,,,,,,,3,1,2021,1
2021-03-09,豐原區,SE6 青蔥 粉蔥 ,35.0,21.8,10.0,22.11,-7.68,2969.0,-1.69,3,2,2021,0
2021-03-10,豐原區,SE6 青蔥 粉蔥 ,33.4,22.6,15.0,23.27,5.25,2400.0,-19.16,3,3,2021,0
2021-03-11,豐原區,SE6 青蔥 粉蔥 ,32.3,25.0,11.7,23.8,2.28,3930.0,63.75,3,4,2021,0
2021-03-12,豐原區,SE6 青蔥 粉蔥 ,27.2,21.4,17.9,21.88,-8.07,4727.0,20.28,3,5,2021,0
2021-03-13,豐原區,SE6 青蔥 粉蔥 ,35.0,26.6,24.8,27.92,27.61,2650.0,-43.94,3,6,2021,0
2021-03-14,豐原區,SE6 青蔥 粉蔥 ,31.2,22.0,15.0,22.45,-19.59,4404.0,66.19,3,7,2021,0
2021-03-15,豐原區,SE6 青蔥 粉蔥 ,,,,,,,,3,1,2021,1
2021-03-16,豐原區,SE6 青蔥 粉蔥 ,31.3,29.0,23.4,28.34,26.24,4194.0,-4.77,3,2,2021,0
2021-03-17,豐原區,SE6 青蔥 粉蔥 ,30.7,24.7,19.9,24.96,-11.93,4290.0,2.29,3,3,2021,0
2021-03-18,豐原區,SE6 青蔥 粉蔥 ,25.8,14.3,10.0,15.71,-37.06,1900.0,-55.71,3,4,2021,0
2021-03-19,豐原區,SE6 青蔥 粉蔥 ,28.5,19.4,10.0,19.33,23.04,3715.0,95.53,3,5,2021,0
2021-03-20,豐原區,SE6 青蔥 粉蔥 ,28.4,21.8,18.1,22.38,15.78,4594.0,23.66,3,6,2021,0
2021-03-21,豐原區,SE6 青蔥 粉蔥 ,31.8,26.1,19.8,25.99,16.13,3720.0,-19.02,3,7,2021,0
2021-03-22,豐原區,SE6 青蔥 粉蔥 ,,,,,,,,3,1,2021,1
2021-03-23,豐原區,SE6 青蔥 粉蔥 ,30.0,28.2,23.7,27.69,6.54,3474.0,-6.61,3,2,2021,0
2021-03-24,豐原區,SE6 青蔥 粉蔥 ,27.4,22.9,20.0,23.22,-16.14,3443.0,-0.89,3,3,2021,0
2021-03-25,豐原區,SE6 青蔥 粉蔥 ,30.6,22.7,17.9,23.33,0.47,4940.0,43.48,3,4,2021,0
2021-03-26,豐原區,SE6 青蔥 粉蔥 ,29.1,24.1,20.0,24.27,4.03,3124.0,-36.76,3,5,2021,0
2021-03-27,豐原區,SE6 青蔥 粉蔥 ,26.8,22.6,20.0,22.94,-5.48,2928.0,-6.27,3,6,2021,0
2021-03-28,豐原區,SE6 青蔥 粉蔥 ,28.7,27.9,23.7,27.23,18.7,3150.0,7.58,3,7,2021,0
2021-03-29,豐原區,SE6 青蔥 粉蔥 ,,,,,,,,3,1,2021,1
2021-03-30,豐原區,SE6 青蔥 粉蔥 ,27.3,20.1,15.0,20.53,-24.61,2284.0,-27.49,3,2,2021,0
2021-03-31,豐原區,SE6 青蔥 粉蔥 ,30.0,25.3,17.1,24.59,19.78,2675.0,17.12,3,3,2021,0
2021-04-01,豐原區,SE6 青蔥 粉蔥 ,27.5,22.3,11.3,21.15,-13.99,4160.0,55.51,4,4,2021,0
2021-04-02,豐原區,SE6 青蔥 粉蔥 ,,,,,,,,4,5,2021,1
2021-04-03,豐原區,SE6 青蔥 粉蔥 ,25.5,15.6,10.0,16.46,-22.17,3095.0,-25.6,4,6,2021,0
2021-04-04,豐原區,SE6 青蔥 粉蔥 ,26.3,15.2,10.0,16.39,-0.43,2950.0,-4.68,4,7,2021,0
2021-04-05,豐原區,SE6 青蔥 粉蔥 ,,,,,,,,4,1,2021,1
2021-04-06,豐原區,SE6 青蔥 粉蔥 ,25.0,20.7,13.0,20.0,22.03,3190.0,8.14,4,2,2021,0
2021-04-07,豐原區,SE6 青蔥 粉蔥 ,22.6,19.3,14.7,19.03,-4.85,3586.0,12.41,4,3,2021,0
2021-04-08,豐原區,SE6 青蔥 粉蔥 ,25.0,20.0,15.0,20.03,5.25,3714.0,3.57,4,4,2021,0
2021-04-09,豐原區,SE6 青蔥 粉蔥 ,30.0,27.5,19.4,26.35,31.55,5012.0,34.95,4,5,2021,0
2021-04-10,豐原區,SE6 青蔥 粉蔥 ,26.6,23.7,21.4,23.84,-9.53,3220.0,-35.75,4,6,2021,0
2021-04-11,豐原區,SE6 青蔥 粉蔥 ,30.0,26.5,20.1,25.93,8.77,3160.0,-1.86,4,7,2021,0
2021-04-12,豐原區,SE6 青蔥 粉蔥 ,,,,,,,,4,1,2021,1
2021-04-13,豐原區,SE6 青蔥 粉蔥 ,27.0,17.6,10.0,17.95,-30.78,3410.0,7.91,4,2,2021,0
2021-04-14,豐原區,SE6 青蔥 粉蔥 ,27.3,17.9,10.0,18.17,1.23,2948.0,-13.55,4,3,2021,0
2021-04-15,豐原區,SE6 青蔥 粉蔥 ,30.0,22.6,13.0,22.18,22.07,2110.0,-28.43,4,4,2021,0
2021-04-16,豐原區,SE6 青蔥 粉蔥 ,27.0,23.5,19.8,23.44,5.68,2669.0,26.49,4,5,2021,0
2021-04-17,豐原區,SE6 青蔥 粉蔥 ,26.3,23.1,19.4,22.98,-1.96,2470.0,-7.46,4,6,2021,0
2021-04-18,豐原區,SE6 青蔥 粉蔥 ,27.7,18.3,10.7,18.68,-18.71,3981.0,61.17,4,7,2021,0
2021-04-19,豐原區,SE6 青蔥 粉蔥 ,,,,,,,,4,1,2021,1
2021-04-20,豐原區,SE6 青蔥 粉蔥 ,24.7,20.3,18.3,20.79,11.3,4150.0,4.25,4,2,2021,0
2021-04-21,豐原區,SE6 青蔥 粉蔥 ,25.1,16.4,10.0,16.84,-19.0,4573.0,10.19,4,3,2021,0
2021-04-22,豐原區,SE6 青蔥 粉蔥 ,25.1,16.4,10.0,16.84,0.0,4573.0,0.0,4,4,2021,0
2021-04-23,豐原區,SE6 青蔥 粉蔥 ,25.0,20.1,19.5,20.97,24.52,3202.0,-29.98,4,5,2021,0
2021-04-24,豐原區,SE6 青蔥 粉蔥 ,25.9,21.2,13.9,20.67,-1.43,2142.0,-33.1,4,6,2021,0
2021-04-25,豐原區,SE6 青蔥 粉蔥 ,25.8,23.0,20.0,22.96,11.08,2076.0,-3.08,4,7,2021,0
2021-04-26,豐原區,SE6 青蔥 粉蔥 ,,,,,,,,4,1,2021,1
2021-04-27,豐原區,SE6 青蔥 粉蔥 ,24.2,19.2,14.8,19.3,-15.94,4847.0,133.48,4,2,2021,0
2021-04-28,豐原區,SE6 青蔥 粉蔥 ,25.5,16.3,15.0,17.85,-7.51,3373.0,-30.41,4,3,2021,0
2021-04-29,豐原區,SE6 青蔥 粉蔥 ,24.2,20.5,19.4,21.03,17.82,2577.0,-23.6,4,4,2021,0
2021-04-30,豐原區,SE6 青蔥 粉蔥 ,24.0,20.8,16.7,20.64,-1.85,3164.0,22.78,4,5,2021,0
2021-05-01,豐原區,SE6 青蔥 粉蔥 ,24.1,19.6,15.0,19.58,-5.14,4884.0,54.36,5,6,2021,0
2021-05-02,豐原區,SE6 青蔥 粉蔥 ,25.8,24.5,21.4,24.13,23.24,3874.0,-20.68,5,7,2021,0
2021-05-03,豐原區,SE6 青蔥 粉蔥 ,,,,,,,,5,1,2021,1
2021-05-04,豐原區,SE6 青蔥 粉蔥 ,24.2,20.7,18.7,21.02,-12.89,2897.0,-25.22,5,2,2021,0
2021-05-05,豐原區,SE6 青蔥 粉蔥 ,24.5,19.2,15.0,19.39,-7.75,2556.0,-11.77,5,3,2021,0
2021-05-06,豐原區,SE6 青蔥 粉蔥 ,23.4,15.6,10.0,16.05,-17.23,2950.0,15.41,5,4,2021,0
2021-05-07,豐原區,SE6 青蔥 粉蔥 ,22.6,16.2,9.9,16.24,1.18,3220.0,9.15,5,5,2021,0
2021-05-08,豐原區,SE6 青蔥 粉蔥 ,22.1,20.0,20.0,20.41,25.68,4094.0,27.14,5,6,2021,0
2021-05-09,豐原區,SE6 青蔥 粉蔥 ,23.8,20.0,16.8,20.11,-1.47,3894.0,-4.89,5,7,2021,0
2021-05-10,豐原區,SE6 青蔥 粉蔥 ,,,,,,,,5,1,2021,1
2021-05-11,豐原區,SE6 青蔥 粉蔥 ,23.3,15.8,10.0,16.15,-19.69,3046.0,-21.78,5,2,2021,0
2021-05-12,豐原區,SE6 青蔥 粉蔥 ,26.7,16.5,10.0,17.27,6.93,4290.0,40.84,5,3,2021,0
2021-05-13,豐原區,SE6 青蔥 粉蔥 ,27.3,15.3,7.0,16.04,-7.12,2970.0,-30.77,5,4,2021,0
2021-05-14,豐原區,SE6 青蔥 粉蔥 ,27.3,14.7,5.0,15.27,-4.8,3191.0,7.44,5,5,2021,0
2021-05-15,豐原區,SE6 青蔥 粉蔥 ,26.4,21.4,14.5,21.01,37.59,4025.0,26.14,5,6,2021,0
2021-05-16,豐原區,SE6 青蔥 粉蔥 ,27.5,25.0,25.0,25.5,21.37,2875.0,-28.57,5,7,2021,0
2021-05-17,豐原區,SE6 青蔥 粉蔥 ,,,,,,,,5,1,2021,1
2021-05-18,豐原區,SE6 青蔥 粉蔥 ,33.2,27.5,22.1,27.53,7.96,2983.0,3.76,5,2,2021,0
2021-05-19,豐原區,SE6 青蔥 粉蔥 ,34.4,29.4,25.0,29.54,7.3,3395.0,13.81,5,3,2021,0
2021-05-20,豐原區,SE6 青蔥 粉蔥 ,35.3,23.5,15.0,24.19,-18.11,3081.0,-9.25,5,4,2021,0
2021-05-21,豐原區,SE6 青蔥 粉蔥 ,39.8,26.8,15.0,27.03,11.74,2981.0,-3.25,5,5,2021,0
2021-05-22,豐原區,SE6 青蔥 粉蔥 ,31.4,23.8,20.0,24.56,-9.14,2756.0,-7.55,5,6,2021,0
2021-05-23,豐原區,SE6 青蔥 粉蔥 ,29.0,22.0,20.0,23.0,-6.35,2915.0,5.77,5,7,2021,0
2021-05-24,豐原區,SE6 青蔥 粉蔥 ,,,,,,,,5,1,2021,1
2021-05-25,豐原區,SE6 青蔥 粉蔥 ,29.7,24.5,17.3,24.1,4.78,3454.0,18.49,5,2,2021,0
2021-05-26,豐原區,SE6 青蔥 粉蔥 ,35.0,30.0,21.8,29.36,21.83,2775.0,-19.66,5,3,2021,0
2021-05-27,豐原區,SE6 青蔥 粉蔥 ,32.6,23.7,22.0,25.14,-14.37,2085.0,-24.86,5,4,2021,0
2021-05-28,豐原區,SE6 青蔥 粉蔥 ,29.6,24.2,20.0,24.47,-2.67,2635.0,26.38,5,5,2021,0
2021-05-29,豐原區,SE6 青蔥 粉蔥 ,33.0,27.8,15.0,26.29,7.44,2705.0,2.66,5,6,2021,0
2021-05-30,豐原區,SE6 青蔥 粉蔥 ,31.5,23.2,20.9,24.43,-7.07,2265.0,-16.27,5,7,2021,0
2021-05-31,豐原區,SE6 青蔥 粉蔥 ,,,,,,,,5,1,2021,1
2021-06-01,豐原區,SE6 青蔥 粉蔥 ,34.4,26.1,20.0,26.57,8.76,2964.0,30.86,6,2,2021,0
2021-06-02,豐原區,SE6 青蔥 粉蔥 ,37.5,35.0,26.0,33.71,26.87,3336.0,12.55,6,3,2021,0
2021-06-03,豐原區,SE6 青蔥 粉蔥 ,48.6,35.4,25.0,35.94,6.62,2594.0,-22.24,6,4,2021,0
2021-06-04,豐原區,SE6 青蔥 粉蔥 ,45.0,38.8,30.0,38.26,6.46,3414.0,31.61,6,5,2021,0
2021-06-05,豐原區,SE6 青蔥 粉蔥 ,37.5,35.0,26.0,33.71,-11.89,3336.0,-2.28,6,6,2021,0
2021-06-06,豐原區,SE6 青蔥 粉蔥 ,54.6,38.8,32.0,40.58,20.38,3430.0,2.82,6,7,2021,0
2021-06-07,豐原區,SE6 青蔥 粉蔥 ,,,,,,,,6,1,2021,1
2021-06-08,豐原區,SE6 青蔥 粉蔥 ,40.9,28.5,20.0,29.3,-27.8,3060.0,-10.79,6,2,2021,0
2021-06-09,豐原區,SE6 青蔥 粉蔥 ,40.4,27.7,20.0,28.68,-2.12,3021.0,-1.27,6,3,2021,0
2021-06-10,豐原區,SE6 青蔥 粉蔥 ,40.0,30.6,24.2,31.21,8.82,3605.0,19.33,6,4,2021,0
2021-06-11,豐原區,SE6 青蔥 粉蔥 ,31.0,30.0,25.1,29.21,-6.41,2755.0,-23.58,6,5,2021,0
2021-06-12,豐原區,SE6 青蔥 粉蔥 ,32.7,24.1,16.8,24.35,-16.64,3349.0,21.56,6,6,2021,0
2021-06-13,豐原區,SE6 青蔥 粉蔥 ,30.5,20.7,13.6,21.28,-12.61,4593.0,37.15,6,7,2021,0
2021-06-14,豐原區,SE6 青蔥 粉蔥 ,40.0,29.4,15.0,28.61,34.45,1619.0,-64.75,6,1,2021,0
2021-06-15,豐原區,SE6 青蔥 粉蔥 ,,,,,,,,6,2,2021,1
2021-06-16,豐原區,SE6 青蔥 粉蔥 ,35.6,20.8,15.0,22.59,-21.04,2370.0,46.39,6,3,2021,0
2021-06-17,豐原區,SE6 青蔥 粉蔥 ,39.2,21.3,15.0,23.66,4.74,3059.0,29.07,6,4,2021,0
2021-06-18,豐原區,SE6 青蔥 粉蔥 ,36.7,22.3,15.0,23.73,0.3,2939.0,-3.92,6,5,2021,0
2021-06-19,豐原區,SE6 青蔥 粉蔥 ,32.1,27.1,18.8,26.45,11.46,3443.0,17.15,6,6,2021,0
2010-05-18,鳳山區,SE6 青蔥 粉蔥 ,16.0,16.0,16.0,16.0,,4520.0,,5,2,2010,0
2010-05-19,鳳山區,SE6 青蔥 粉蔥 ,,,,,,,,5,3,2010,1
2010-05-20,鳳山區,SE6 青蔥 粉蔥 ,,,,,,,,5,4,2010,1
2010-05-21,鳳山區,SE6 青蔥 粉蔥 ,,,,,,,,5,5,2010,1
2010-05-22,鳳山區,SE6 青蔥 粉蔥 ,,,,,,,,5,6,2010,1
2010-05-23,鳳山區,SE6 青蔥 粉蔥 ,,,,,,,,5,7,2010,1
2010-05-24,鳳山區,SE6 青蔥 粉蔥 ,,,,,,,,5,1,2010,1
2010-05-25,鳳山區,SE6 青蔥 粉蔥 ,,,,,,,,5,2,2010,1
2010-05-26,鳳山區,SE6 青蔥 粉蔥 ,,,,,,,,5,3,2010,1
2010-05-27,鳳山區,SE6 青蔥 粉蔥 ,,,,,,,,5,4,2010,1
2010-05-28,鳳山區,SE6 青蔥 粉蔥 ,,,,,,,,5,5,2010,1
2010-05-29,鳳山區,SE6 青蔥 粉蔥 ,,,,,,,,5,6,2010,1
2010-05-30,鳳山區,SE6 青蔥 粉蔥 ,,,,,,,,5,7,2010,1
2010-05-31,鳳山區,SE6 青蔥 粉蔥 ,,,,,,,,5,1,2010,1
2010-06-01,鳳山區,SE6 青蔥 粉蔥 ,,,,,,,,6,2,2010,1
2010-06-02,鳳山區,SE6 青蔥 粉蔥 ,,,,,,,,6,3,2010,1
2010-06-03,鳳山區,SE6 青蔥 粉蔥 ,,,,,,,,6,4,2010,1
2010-06-04,鳳山區,SE6 青蔥 粉蔥 ,,,,,,,,6,5,2010,1
2010-06-05,鳳山區,SE6 青蔥 粉蔥 ,,,,,,,,6,6,2010,1
2010-06-06,鳳山區,SE6 青蔥 粉蔥 ,,,,,,,,6,7,2010,1
2010-06-07,鳳山區,SE6 青蔥 粉蔥 ,,,,,,,,6,1,2010,1
2010-06-08,鳳山區,SE6 青蔥 粉蔥 ,,,,,,,,6,2,2010,1
2010-06-09,鳳山區,SE6 青蔥 粉蔥 ,,,,,,,,6,3,2010,1
2010-06-10,鳳山區,SE6 青蔥 粉蔥 ,,,,,,,,6,4,2010,1
2010-06-11,鳳山區,SE6 青蔥 粉蔥 ,,,,,,,,6,5,2010,1
2010-06-12,鳳山區,SE6 青蔥 粉蔥 ,,,,,,,,6,6,2010,1
2010-06-13,鳳山區,SE6 青蔥 粉蔥 ,,,,,,,,6,7,2010,1
2010-06-14,鳳山區,SE6 青蔥 粉蔥 ,,,,,,,,6,1,2010,1
2010-06-15,鳳山區,SE6 青蔥 粉蔥 ,,,,,,,,6,2,2010,1
2010-06-16,鳳山區,SE6 青蔥 粉蔥 ,,,,,,,,6,3,2010,1
2010-06-17,鳳山區,SE6 青蔥 粉蔥 ,,,,,,,,6,4,2010,1
2010-06-18,鳳山區,SE6 青蔥 粉蔥 ,,,,,,,,6,5,2010,1
2010-06-19,鳳山區,SE6 青蔥 粉蔥 ,,,,,,,,6,6,2010,1
2010-06-20,鳳山區,SE6 青蔥 粉蔥 ,,,,,,,,6,7,2010,1
2010-06-21,鳳山區,SE6 青蔥 粉蔥 ,,,,,,,,6,1,2010,1
2010-06-22,鳳山區,SE6 青蔥 粉蔥 ,,,,,,,,6,2,2010,1
2010-06-23,鳳山區,SE6 青蔥 粉蔥 ,,,,,,,,6,3,2010,1
2010-06-24,鳳山區,SE6 青蔥 粉蔥 ,,,,,,,,6,4,2010,1
2010-06-25,鳳山區,SE6 青蔥 粉蔥 ,,,,,,,,6,5,2010,1
2010-06-26,鳳山區,SE6 青蔥 粉蔥 ,,,,,,,,6,6,2010,1
2010-06-27,鳳山區,SE6 青蔥 粉蔥 ,,,,,,,,6,7,2010,1
2010-06-28,鳳山區,SE6 青蔥 粉蔥 ,,,,,,,,6,1,2010,1
2010-06-29,鳳山區,SE6 青蔥 粉蔥 ,,,,,,,,6,2,2010,1
2010-06-30,鳳山區,SE6 青蔥 粉蔥 ,,,,,,,,6,3,2010,1
2010-07-01,鳳山區,SE6 青蔥 粉蔥 ,,,,,,,,7,4,2010,1
2010-07-02,鳳山區,SE6 青蔥 粉蔥 ,,,,,,,,7,5,2010,1
2010-07-03,鳳山區,SE6 青蔥 粉蔥 ,,,,,,,,7,6,2010,1
2010-07-04,鳳山區,SE6 青蔥 粉蔥 ,,,,,,,,7,7,2010,1
2010-07-05,鳳山區,SE6 青蔥 粉蔥 ,,,,,,,,7,1,2010,1
2010-07-06,鳳山區,SE6 青蔥 粉蔥 ,,,,,,,,7,2,2010,1
2010-07-07,鳳山區,SE6 青蔥 粉蔥 ,,,,,,,,7,3,2010,1
2010-07-08,鳳山區,SE6 青蔥 粉蔥 ,,,,,,,,7,4,2010,1
2010-07-09,鳳山區,SE6 青蔥 粉蔥 ,,,,,,,,7,5,2010,1
2010-07-10,鳳山區,SE6 青蔥 粉蔥 ,,,,,,,,7,6,2010,1
2010-07-11,鳳山區,SE6 青蔥 粉蔥 ,,,,,,,,7,7,2010,1
2010-07-12,鳳山區,SE6 青蔥 粉蔥 ,,,,,,,,7,1,2010,1
2010-07-13,鳳山區,SE6 青蔥 粉蔥 ,,,,,,,,7,2,2010,1
2010-07-14,鳳山區,SE6 青蔥 粉蔥 ,,,,,,,,7,3,2010,1
2010-07-15,鳳山區,SE6 青蔥 粉蔥 ,,,,,,,,7,4,2010,1
2010-07-16,鳳山區,SE6 青蔥 粉蔥 ,,,,,,,,7,5,2010,1
2010-07-17,鳳山區,SE6 青蔥 粉蔥 ,,,,,,,,7,6,2010,1
2010-07-18,鳳山區,SE6 青蔥 粉蔥 ,,,,,,,,7,7,2010,1
2010-07-19,鳳山區,SE6 青蔥 粉蔥 ,,,,,,,,7,1,2010,1
2010-07-20,鳳山區,SE6 青蔥 粉蔥 ,,,,,,,,7,2,2010,1
2010-07-21,鳳山區,SE6 青蔥 粉蔥 ,,,,,,,,7,3,2010,1
2010-07-22,鳳山區,SE6 青蔥 粉蔥 ,,,,,,,,7,4,2010,1
2010-07-23,鳳山區,SE6 青蔥 粉蔥 ,,,,,,,,7,5,2010,1
2010-07-24,鳳山區,SE6 青蔥 粉蔥 ,,,,,,,,7,6,2010,1
2010-07-25,鳳山區,SE6 青蔥 粉蔥 ,,,,,,,,7,7,2010,1
2010-07-26,鳳山區,SE6 青蔥 粉蔥 ,,,,,,,,7,1,2010,1
2010-07-27,鳳山區,SE6 青蔥 粉蔥 ,,,,,,,,7,2,2010,1
2010-07-28,鳳山區,SE6 青蔥 粉蔥 ,,,,,,,,7,3,2010,1
2010-07-29,鳳山區,SE6 青蔥 粉蔥 ,,,,,,,,7,4,2010,1
2010-07-30,鳳山區,SE6 青蔥 粉蔥 ,,,,,,,,7,5,2010,1
2010-07-31,鳳山區,SE6 青蔥 粉蔥 ,,,,,,,,7,6,2010,1
2010-08-01,鳳山區,SE6 青蔥 粉蔥 ,,,,,,,,8,7,2010,1
2010-08-02,鳳山區,SE6 青蔥 粉蔥 ,,,,,,,,8,1,2010,1
2010-08-03,鳳山區,SE6 青蔥 粉蔥 ,,,,,,,,8,2,2010,1
2010-08-04,鳳山區,SE6 青蔥 粉蔥 ,,,,,,,,8,3,2010,1
2010-08-05,鳳山區,SE6 青蔥 粉蔥 ,,,,,,,,8,4,2010,1
2010-08-06,鳳山區,SE6 青蔥 粉蔥 ,,,,,,,,8,5,2010,1
2010-08-07,鳳山區,SE6 青蔥 粉蔥 ,,,,,,,,8,6,2010,1
2010-08-08,鳳山區,SE6 青蔥 粉蔥 ,,,,,,,,8,7,2010,1
2010-08-09,鳳山區,SE6 青蔥 粉蔥 ,,,,,,,,8,1,2010,1
2010-08-10,鳳山區,SE6 青蔥 粉蔥 ,,,,,,,,8,2,2010,1
2010-08-11,鳳山區,SE6 青蔥 粉蔥 ,,,,,,,,8,3,2010,1
2010-08-12,鳳山區,SE6 青蔥 粉蔥 ,,,,,,,,8,4,2010,1
2010-08-13,鳳山區,SE6 青蔥 粉蔥 ,,,,,,,,8,5,2010,1
2010-08-14,鳳山區,SE6 青蔥 粉蔥 ,,,,,,,,8,6,2010,1
2010-08-15,鳳山區,SE6 青蔥 粉蔥 ,,,,,,,,8,7,2010,1
2010-08-16,鳳山區,SE6 青蔥 粉蔥 ,,,,,,,,8,1,2010,1
2010-08-17,鳳山區,SE6 青蔥 粉蔥 ,,,,,,,,8,2,2010,1
2010-08-18,鳳山區,SE6 青蔥 粉蔥 ,,,,,,,,8,3,2010,1
2010-08-19,鳳山區,SE6 青蔥 粉蔥 ,,,,,,,,8,4,2010,1
2010-08-20,鳳山區,SE6 青蔥 粉蔥 ,,,,,,,,8,5,2010,1
2010-08-21,鳳山區,SE6 青蔥 粉蔥 ,,,,,,,,8,6,2010,1
2010-08-22,鳳山區,SE6 青蔥 粉蔥 ,,,,,,,,8,7,2010,1
2010-08-23,鳳山區,SE6 青蔥 粉蔥 ,,,,,,,,8,1,2010,1
2010-08-24,鳳山區,SE6 青蔥 粉蔥 ,,,,,,,,8,2,2010,1
2010-08-25,鳳山區,SE6 青蔥 粉蔥 ,,,,,,,,8,3,2010,1
2010-08-26,鳳山區,SE6 青蔥 粉蔥 ,,,,,,,,8,4,2010,1
2010-08-27,鳳山區,SE6 青蔥 粉蔥 ,,,,,,,,8,5,2010,1
2010-08-28,鳳山區,SE6 青蔥 粉蔥 ,,,,,,,,8,6,2010,1
2010-08-29,鳳山區,SE6 青蔥 粉蔥 ,,,,,,,,8,7,2010,1
2010-08-30,鳳山區,SE6 青蔥 粉蔥 ,,,,,,,,8,1,2010,1
2010-08-31,鳳山區,SE6 青蔥 粉蔥 ,,,,,,,,8,2,2010,1
2010-09-01,鳳山區,SE6 青蔥 粉蔥 ,,,,,,,,9,3,2010,1
2010-09-02,鳳山區,SE6 青蔥 粉蔥 ,,,,,,,,9,4,2010,1
2010-09-03,鳳山區,SE6 青蔥 粉蔥 ,,,,,,,,9,5,2010,1
2010-09-04,鳳山區,SE6 青蔥 粉蔥 ,,,,,,,,9,6,2010,1
2010-09-05,鳳山區,SE6 青蔥 粉蔥 ,,,,,,,,9,7,2010,1
2010-09-06,鳳山區,SE6 青蔥 粉蔥 ,,,,,,,,9,1,2010,1
2010-09-07,鳳山區,SE6 青蔥 粉蔥 ,,,,,,,,9,2,2010,1
2010-09-08,鳳山區,SE6 青蔥 粉蔥 ,,,,,,,,9,3,2010,1
2010-09-09,鳳山區,SE6 青蔥 粉蔥 ,,,,,,,,9,4,2010,1
2010-09-10,鳳山區,SE6 青蔥 粉蔥 ,,,,,,,,9,5,2010,1
2010-09-11,鳳山區,SE6 青蔥 粉蔥 ,,,,,,,,9,6,2010,1
2010-09-12,鳳山區,SE6 青蔥 粉蔥 ,,,,,,,,9,7,2010,1
2010-09-13,鳳山區,SE6 青蔥 粉蔥 ,,,,,,,,9,1,2010,1
2010-09-14,鳳山區,SE6 青蔥 粉蔥 ,,,,,,,,9,2,2010,1
2010-09-15,鳳山區,SE6 青蔥 粉蔥 ,,,,,,,,9,3,2010,1
2010-09-16,鳳山區,SE6 青蔥 粉蔥 ,,,,,,,,9,4,2010,1
2010-09-17,鳳山區,SE6 青蔥 粉蔥 ,,,,,,,,9,5,2010,1
2010-09-18,鳳山區,SE6 青蔥 粉蔥 ,,,,,,,,9,6,2010,1
2010-09-19,鳳山區,SE6 青蔥 粉蔥 ,,,,,,,,9,7,2010,1
2010-09-20,鳳山區,SE6 青蔥 粉蔥 ,,,,,,,,9,1,2010,1
2010-09-21,鳳山區,SE6 青蔥 粉蔥 ,,,,,,,,9,2,2010,1
2010-09-22,鳳山區,SE6 青蔥 粉蔥 ,,,,,,,,9,3,2010,1
2010-09-23,鳳山區,SE6 青蔥 粉蔥 ,,,,,,,,9,4,2010,1
2010-09-24,鳳山區,SE6 青蔥 粉蔥 ,,,,,,,,9,5,2010,1
2010-09-25,鳳山區,SE6 青蔥 粉蔥 ,,,,,,,,9,6,2010,1
2010-09-26,鳳山區,SE6 青蔥 粉蔥 ,,,,,,,,9,7,2010,1
2010-09-27,鳳山區,SE6 青蔥 粉蔥 ,,,,,,,,9,1,2010,1
2010-09-28,鳳山區,SE6 青蔥 粉蔥 ,,,,,,,,9,2,2010,1
2010-09-29,鳳山區,SE6 青蔥 粉蔥 ,,,,,,,,9,3,2010,1
2010-09-30,鳳山區,SE6 青蔥 粉蔥 ,,,,,,,,9,4,2010,1
2010-10-01,鳳山區,SE6 青蔥 粉蔥 ,,,,,,,,10,5,2010,1
2010-10-02,鳳山區,SE6 青蔥 粉蔥 ,,,,,,,,10,6,2010,1
2010-10-03,鳳山區,SE6 青蔥 粉蔥 ,,,,,,,,10,7,2010,1
2010-10-04,鳳山區,SE6 青蔥 粉蔥 ,,,,,,,,10,1,2010,1
2010-10-05,鳳山區,SE6 青蔥 粉蔥 ,,,,,,,,10,2,2010,1
2010-10-06,鳳山區,SE6 青蔥 粉蔥 ,,,,,,,,10,3,2010,1
2010-10-07,鳳山區,SE6 青蔥 粉蔥 ,,,,,,,,10,4,2010,1
2010-10-08,鳳山區,SE6 青蔥 粉蔥 ,,,,,,,,10,5,2010,1
2010-10-09,鳳山區,SE6 青蔥 粉蔥 ,,,,,,,,10,6,2010,1
2010-10-10,鳳山區,SE6 青蔥 粉蔥 ,,,,,,,,10,7,2010,1
2010-10-11,鳳山區,SE6 青蔥 粉蔥 ,,,,,,,,10,1,2010,1
2010-10-12,鳳山區,SE6 青蔥 粉蔥 ,,,,,,,,10,2,2010,1
2010-10-13,鳳山區,SE6 青蔥 粉蔥 ,,,,,,,,10,3,2010,1
2010-10-14,鳳山區,SE6 青蔥 粉蔥 ,,,,,,,,10,4,2010,1
2010-10-15,鳳山區,SE6 青蔥 粉蔥 ,,,,,,,,10,5,2010,1
2010-10-16,鳳山區,SE6 青蔥 粉蔥 ,,,,,,,,10,6,2010,1
2010-10-17,鳳山區,SE6 青蔥 粉蔥 ,,,,,,,,10,7,2010,1
2010-10-18,鳳山區,SE6 青蔥 粉蔥 ,,,,,,,,10,1,2010,1
2010-10-19,鳳山區,SE6 青蔥 粉蔥 ,,,,,,,,10,2,2010,1
2010-10-20,鳳山區,SE6 青蔥 粉蔥 ,,,,,,,,10,3,2010,1
2010-10-21,鳳山區,SE6 青蔥 粉蔥 ,,,,,,,,10,4,2010,1
2010-10-22,鳳山區,SE6 青蔥 粉蔥 ,,,,,,,,10,5,2010,1
2010-10-23,鳳山區,SE6 青蔥 粉蔥 ,,,,,,,,10,6,2010,1
2010-10-24,鳳山區,SE6 青蔥 粉蔥 ,,,,,,,,10,7,2010,1
2010-10-25,鳳山區,SE6 青蔥 粉蔥 ,,,,,,,,10,1,2010,1
2010-10-26,鳳山區,SE6 青蔥 粉蔥 ,,,,,,,,10,2,2010,1
2010-10-27,鳳山區,SE6 青蔥 粉蔥 ,,,,,,,,10,3,2010,1
2010-10-28,鳳山區,SE6 青蔥 粉蔥 ,,,,,,,,10,4,2010,1
2010-10-29,鳳山區,SE6 青蔥 粉蔥 ,,,,,,,,10,5,2010,1
2010-10-30,鳳山區,SE6 青蔥 粉蔥 ,,,,,,,,10,6,2010,1
2010-10-31,鳳山區,SE6 青蔥 粉蔥 ,,,,,,,,10,7,2010,1
2010-11-01,鳳山區,SE6 青蔥 粉蔥 ,,,,,,,,11,1,2010,1
2010-11-02,鳳山區,SE6 青蔥 粉蔥 ,,,,,,,,11,2,2010,1
2010-11-03,鳳山區,SE6 青蔥 粉蔥 ,,,,,,,,11,3,2010,1
2010-11-04,鳳山區,SE6 青蔥 粉蔥 ,,,,,,,,11,4,2010,1
2010-11-05,鳳山區,SE6 青蔥 粉蔥 ,,,,,,,,11,5,2010,1
2010-11-06,鳳山區,SE6 青蔥 粉蔥 ,,,,,,,,11,6,2010,1
2010-11-07,鳳山區,SE6 青蔥 粉蔥 ,,,,,,,,11,7,2010,1
2010-11-08,鳳山區,SE6 青蔥 粉蔥 ,,,,,,,,11,1,2010,1
2010-11-09,鳳山區,SE6 青蔥 粉蔥 ,,,,,,,,11,2,2010,1
2010-11-10,鳳山區,SE6 青蔥 粉蔥 ,,,,,,,,11,3,2010,1
2010-11-11,鳳山區,SE6 青蔥 粉蔥 ,,,,,,,,11,4,2010,1
2010-11-12,鳳山區,SE6 青蔥 粉蔥 ,,,,,,,,11,5,2010,1
2010-11-13,鳳山區,SE6 青蔥 粉蔥 ,,,,,,,,11,6,2010,1
2010-11-14,鳳山區,SE6 青蔥 粉蔥 ,,,,,,,,11,7,2010,1
2010-11-15,鳳山區,SE6 青蔥 粉蔥 ,,,,,,,,11,1,2010,1
2010-11-16,鳳山區,SE6 青蔥 粉蔥 ,,,,,,,,11,2,2010,1
2010-11-17,鳳山區,SE6 青蔥 粉蔥 ,,,,,,,,11,3,2010,1
2010-11-18,鳳山區,SE6 青蔥 粉蔥 ,,,,,,,,11,4,2010,1
2010-11-19,鳳山區,SE6 青蔥 粉蔥 ,,,,,,,,11,5,2010,1
2010-11-20,鳳山區,SE6 青蔥 粉蔥 ,,,,,,,,11,6,2010,1
2010-11-21,鳳山區,SE6 青蔥 粉蔥 ,,,,,,,,11,7,2010,1
2010-11-22,鳳山區,SE6 青蔥 粉蔥 ,,,,,,,,11,1,2010,1
2010-11-23,鳳山區,SE6 青蔥 粉蔥 ,,,,,,,,11,2,2010,1
2010-11-24,鳳山區,SE6 青蔥 粉蔥 ,,,,,,,,11,3,2010,1
2010-11-25,鳳山區,SE6 青蔥 粉蔥 ,,,,,,,,11,4,2010,1
2010-11-26,鳳山區,SE6 青蔥 粉蔥 ,,,,,,,,11,5,2010,1
2010-11-27,鳳山區,SE6 青蔥 粉蔥 ,,,,,,,,11,6,2010,1
2010-11-28,鳳山區,SE6 青蔥 粉蔥 ,,,,,,,,11,7,2010,1
2010-11-29,鳳山區,SE6 青蔥 粉蔥 ,,,,,,,,11,1,2010,1
2010-11-30,鳳山區,SE6 青蔥 粉蔥 ,,,,,,,,11,2,2010,1
2010-12-01,鳳山區,SE6 青蔥 粉蔥 ,,,,,,,,12,3,2010,1
2010-12-02,鳳山區,SE6 青蔥 粉蔥 ,,,,,,,,12,4,2010,1
2010-12-03,鳳山區,SE6 青蔥 粉蔥 ,,,,,,,,12,5,2010,1
2010-12-04,鳳山區,SE6 青蔥 粉蔥 ,,,,,,,,12,6,2010,1
2010-12-05,鳳山區,SE6 青蔥 粉蔥 ,,,,,,,,12,7,2010,1
2010-12-06,鳳山區,SE6 青蔥 粉蔥 ,,,,,,,,12,1,2010,1
2010-12-07,鳳山區,SE6 青蔥 粉蔥 ,,,,,,,,12,2,2010,1
2010-12-08,鳳山區,SE6 青蔥 粉蔥 ,,,,,,,,12,3,2010,1
2010-12-09,鳳山區,SE6 青蔥 粉蔥 ,,,,,,,,12,4,2010,1
2010-12-10,鳳山區,SE6 青蔥 粉蔥 ,,,,,,,,12,5,2010,1
2010-12-11,鳳山區,SE6 青蔥 粉蔥 ,,,,,,,,12,6,2010,1
2010-12-12,鳳山區,SE6 青蔥 粉蔥 ,,,,,,,,12,7,2010,1
2010-12-13,鳳山區,SE6 青蔥 粉蔥 ,,,,,,,,12,1,2010,1
2010-12-14,鳳山區,SE6 青蔥 粉蔥 ,,,,,,,,12,2,2010,1
2010-12-15,鳳山區,SE6 青蔥 粉蔥 ,,,,,,,,12,3,2010,1
2010-12-16,鳳山區,SE6 青蔥 粉蔥 ,,,,,,,,12,4,2010,1
2010-12-17,鳳山區,SE6 青蔥 粉蔥 ,,,,,,,,12,5,2010,1
2010-12-18,鳳山區,SE6 青蔥 粉蔥 ,,,,,,,,12,6,2010,1
2010-12-19,鳳山區,SE6 青蔥 粉蔥 ,,,,,,,,12,7,2010,1
2010-12-20,鳳山區,SE6 青蔥 粉蔥 ,,,,,,,,12,1,2010,1
2010-12-21,鳳山區,SE6 青蔥 粉蔥 ,,,,,,,,12,2,2010,1
2010-12-22,鳳山區,SE6 青蔥 粉蔥 ,,,,,,,,12,3,2010,1
2010-12-23,鳳山區,SE6 青蔥 粉蔥 ,,,,,,,,12,4,2010,1
2010-12-24,鳳山區,SE6 青蔥 粉蔥 ,,,,,,,,12,5,2010,1
2010-12-25,鳳山區,SE6 青蔥 粉蔥 ,,,,,,,,12,6,2010,1
2010-12-26,鳳山區,SE6 青蔥 粉蔥 ,,,,,,,,12,7,2010,1
2010-12-27,鳳山區,SE6 青蔥 粉蔥 ,,,,,,,,12,1,2010,1
2010-12-28,鳳山區,SE6 青蔥 粉蔥 ,,,,,,,,12,2,2010,1
2010-12-29,鳳山區,SE6 青蔥 粉蔥 ,,,,,,,,12,3,2010,1
2010-12-30,鳳山區,SE6 青蔥 粉蔥 ,,,,,,,,12,4,2010,1
2010-12-31,鳳山區,SE6 青蔥 粉蔥 ,,,,,,,,12,5,2010,1
2011-01-01,鳳山區,SE6 青蔥 粉蔥 ,,,,,,,,1,6,2011,1
2011-01-02,鳳山區,SE6 青蔥 粉蔥 ,,,,,,,,1,7,2011,1
2011-01-03,鳳山區,SE6 青蔥 粉蔥 ,,,,,,,,1,1,2011,1
2011-01-04,鳳山區,SE6 青蔥 粉蔥 ,,,,,,,,1,2,2011,1
2011-01-05,鳳山區,SE6 青蔥 粉蔥 ,,,,,,,,1,3,2011,1
2011-01-06,鳳山區,SE6 青蔥 粉蔥 ,,,,,,,,1,4,2011,1
2011-01-07,鳳山區,SE6 青蔥 粉蔥 ,,,,,,,,1,5,2011,1
2011-01-08,鳳山區,SE6 青蔥 粉蔥 ,,,,,,,,1,6,2011,1
2011-01-09,鳳山區,SE6 青蔥 粉蔥 ,,,,,,,,1,7,2011,1
2011-01-10,鳳山區,SE6 青蔥 粉蔥 ,,,,,,,,1,1,2011,1
2011-01-11,鳳山區,SE6 青蔥 粉蔥 ,,,,,,,,1,2,2011,1
2011-01-12,鳳山區,SE6 青蔥 粉蔥 ,,,,,,,,1,3,2011,1
2011-01-13,鳳山區,SE6 青蔥 粉蔥 ,12.5,12.5,12.5,12.5,-21.88,40.0,-99.12,1,4,2011,0
2011-01-14,鳳山區,SE6 青蔥 粉蔥 ,13.9,13.9,13.9,13.9,11.2,36.0,-10.0,1,5,2011,0
2011-01-15,鳳山區,SE6 青蔥 粉蔥 ,47.5,47.5,47.5,47.5,241.73,60.0,66.67,1,6,2011,0
2011-01-16,鳳山區,SE6 青蔥 粉蔥 ,,,,,,,,1,7,2011,1
2011-01-17,鳳山區,SE6 青蔥 粉蔥 ,,,,,,,,1,1,2011,1
2011-01-18,鳳山區,SE6 青蔥 粉蔥 ,,,,,,,,1,2,2011,1
2011-01-19,鳳山區,SE6 青蔥 粉蔥 ,12.5,12.5,12.5,12.5,-73.68,80.0,33.33,1,3,2011,0
2011-01-20,鳳山區,SE6 青蔥 粉蔥 ,,,,,,,,1,4,2011,1
2011-01-21,鳳山區,SE6 青蔥 粉蔥 ,,,,,,,,1,5,2011,1
2011-01-22,鳳山區,SE6 青蔥 粉蔥 ,40.0,34.4,15.0,31.67,153.36,120.0,50.0,1,6,2011,0
2011-01-23,鳳山區,SE6 青蔥 粉蔥 ,40.0,30.6,15.0,29.38,-7.23,160.0,33.33,1,7,2011,0
2011-01-24,鳳山區,SE6 青蔥 粉蔥 ,,,,,,,,1,1,2011,1
2011-01-25,鳳山區,SE6 青蔥 粉蔥 ,,,,,,,,1,2,2011,1
2011-01-26,鳳山區,SE6 青蔥 粉蔥 ,,,,,,,,1,3,2011,1
2011-01-27,鳳山區,SE6 青蔥 粉蔥 ,15.0,15.0,15.0,15.0,-48.94,60.0,-62.5,1,4,2011,0
2011-01-28,鳳山區,SE6 青蔥 粉蔥 ,12.5,12.5,12.5,12.5,-16.67,60.0,0.0,1,5,2011,0
2011-01-29,鳳山區,SE6 青蔥 粉蔥 ,,,,,,,,1,6,2011,1
2011-01-30,鳳山區,SE6 青蔥 粉蔥 ,14.0,14.0,14.0,14.0,12.0,80.0,33.33,1,7,2011,0
2011-01-31,鳳山區,SE6 青蔥 粉蔥 ,,,,,,,,1,1,2011,1
2011-02-01,鳳山區,SE6 青蔥 粉蔥 ,,,,,,,,2,2,2011,1
2011-02-02,鳳山區,SE6 青蔥 粉蔥 ,,,,,,,,2,3,2011,1
2011-02-03,鳳山區,SE6 青蔥 粉蔥 ,,,,,,,,2,4,2011,1
2011-02-04,鳳山區,SE6 青蔥 粉蔥 ,,,,,,,,2,5,2011,1
2011-02-05,鳳山區,SE6 青蔥 粉蔥 ,,,,,,,,2,6,2011,1
2011-02-06,鳳山區,SE6 青蔥 粉蔥 ,,,,,,,,2,7,2011,1
2011-02-07,鳳山區,SE6 青蔥 粉蔥 ,,,,,,,,2,1,2011,1
2011-02-08,鳳山區,SE6 青蔥 粉蔥 ,12.5,12.5,12.5,12.5,-10.71,100.0,25.0,2,2,2011,0
2011-02-09,鳳山區,SE6 青蔥 粉蔥 ,25.0,25.0,15.0,23.0,84.0,100.0,0.0,2,3,2011,0
2011-02-10,鳳山區,SE6 青蔥 粉蔥 ,,,,,,,,2,4,2011,1
2011-02-11,鳳山區,SE6 青蔥 粉蔥 ,10.0,10.0,10.0,10.0,-56.52,80.0,-20.0,2,5,2011,0
2011-02-12,鳳山區,SE6 青蔥 粉蔥 ,,,,,,,,2,6,2011,1
2011-02-13,鳳山區,SE6 青蔥 粉蔥 ,8.0,8.0,8.0,8.0,-20.0,40.0,-50.0,2,7,2011,0
2011-02-14,鳳山區,SE6 青蔥 粉蔥 ,,,,,,,,2,1,2011,1
2011-02-15,鳳山區,SE6 青蔥 粉蔥 ,,,,,,,,2,2,2011,1
2011-02-16,鳳山區,SE6 青蔥 粉蔥 ,,,,,,,,2,3,2011,1
2011-02-17,鳳山區,SE6 青蔥 粉蔥 ,,,,,,,,2,4,2011,1
2011-02-18,鳳山區,SE6 青蔥 粉蔥 ,,,,,,,,2,5,2011,1
2011-02-19,鳳山區,SE6 青蔥 粉蔥 ,,,,,,,,2,6,2011,1
2011-02-20,鳳山區,SE6 青蔥 粉蔥 ,,,,,,,,2,7,2011,1
2011-02-21,鳳山區,SE6 青蔥 粉蔥 ,,,,,,,,2,1,2011,1
2011-02-22,鳳山區,SE6 青蔥 粉蔥 ,,,,,,,,2,2,2011,1
2011-02-23,鳳山區,SE6 青蔥 粉蔥 ,10.0,10.0,10.0,10.0,25.0,55.0,37.5,2,3,2011,0
2011-02-24,鳳山區,SE6 青蔥 粉蔥 ,,,,,,,,2,4,2011,1
2011-02-25,鳳山區,SE6 青蔥 粉蔥 ,,,,,,,,2,5,2011,1
2011-02-26,鳳山區,SE6 青蔥 粉蔥 ,,,,,,,,2,6,2011,1
2011-02-27,鳳山區,SE6 青蔥 粉蔥 ,,,,,,,,2,7,2011,1
2011-02-28,鳳山區,SE6 青蔥 粉蔥 ,,,,,,,,2,1,2011,1
2011-03-01,鳳山區,SE6 青蔥 粉蔥 ,,,,,,,,3,2,2011,1
2011-03-02,鳳山區,SE6 青蔥 粉蔥 ,10.0,10.0,10.0,10.0,0.0,72.0,30.91,3,3,2011,0
2011-03-03,鳳山區,SE6 青蔥 粉蔥 ,,,,,,,,3,4,2011,1
2011-03-04,鳳山區,SE6 青蔥 粉蔥 ,,,,,,,,3,5,2011,1
2011-03-05,鳳山區,SE6 青蔥 粉蔥 ,,,,,,,,3,6,2011,1
2011-03-06,鳳山區,SE6 青蔥 粉蔥 ,,,,,,,,3,7,2011,1
2011-03-07,鳳山區,SE6 青蔥 粉蔥 ,,,,,,,,3,1,2011,1
2011-03-08,鳳山區,SE6 青蔥 粉蔥 ,,,,,,,,3,2,2011,1
2011-03-09,鳳山區,SE6 青蔥 粉蔥 ,16.7,16.7,16.7,16.7,67.0,48.0,-33.33,3,3,2011,0
2011-03-10,鳳山區,SE6 青蔥 粉蔥 ,,,,,,,,3,4,2011,1
2011-03-11,鳳山區,SE6 青蔥 粉蔥 ,,,,,,,,3,5,2011,1
2011-03-12,鳳山區,SE6 青蔥 粉蔥 ,13.3,12.7,12.5,12.76,-23.59,192.0,300.0,3,6,2011,0
2011-03-13,鳳山區,SE6 青蔥 粉蔥 ,15.0,12.6,11.7,12.92,1.25,168.0,-12.5,3,7,2011,0
2011-03-14,鳳山區,SE6 青蔥 粉蔥 ,,,,,,,,3,1,2011,1
2011-03-15,鳳山區,SE6 青蔥 粉蔥 ,12.5,12.5,12.5,12.5,-3.25,100.0,-40.48,3,2,2011,0
2011-03-16,鳳山區,SE6 青蔥 粉蔥 ,12.5,12.5,10.8,12.16,-2.72,116.0,16.0,3,3,2011,0
2011-03-17,鳳山區,SE6 青蔥 粉蔥 ,12.5,12.5,12.5,12.5,2.8,80.0,-31.03,3,4,2011,0
2011-03-18,鳳山區,SE6 青蔥 粉蔥 ,15.0,15.0,15.0,15.0,20.0,40.0,-50.0,3,5,2011,0
2011-03-19,鳳山區,SE6 青蔥 粉蔥 ,12.5,12.5,12.5,12.5,-16.67,120.0,200.0,3,6,2011,0
2011-03-20,鳳山區,SE6 青蔥 粉蔥 ,12.5,12.5,12.3,12.47,-0.24,150.0,25.0,3,7,2011,0
2011-03-21,鳳山區,SE6 青蔥 粉蔥 ,,,,,,,,3,1,2011,1
2011-03-22,鳳山區,SE6 青蔥 粉蔥 ,12.5,12.5,12.1,12.42,-0.4,95.0,-36.67,3,2,2011,0
2011-03-23,鳳山區,SE6 青蔥 粉蔥 ,,,,,,,,3,3,2011,1
2011-03-24,鳳山區,SE6 青蔥 粉蔥 ,12.5,12.5,12.1,12.42,0.0,95.0,0.0,3,4,2011,0
2011-03-25,鳳山區,SE6 青蔥 粉蔥 ,12.5,12.5,12.5,12.5,0.64,80.0,-15.79,3,5,2011,0
2011-03-26,鳳山區,SE6 青蔥 粉蔥 ,12.5,12.5,12.5,12.5,0.0,480.0,500.0,3,6,2011,0
2011-03-27,鳳山區,SE6 青蔥 粉蔥 ,,,,,,,,3,7,2011,1
2011-03-28,鳳山區,SE6 青蔥 粉蔥 ,,,,,,,,3,1,2011,1
2011-03-29,鳳山區,SE6 青蔥 粉蔥 ,12.5,12.5,12.5,12.5,0.0,320.0,-33.33,3,2,2011,0
2011-03-30,鳳山區,SE6 青蔥 粉蔥 ,12.5,12.4,10.4,12.02,-3.84,312.0,-2.5,3,3,2011,0
2011-03-31,鳳山區,SE6 青蔥 粉蔥 ,12.5,12.5,12.0,12.4,3.16,258.0,-17.31,3,4,2011,0
2011-04-01,鳳山區,SE6 青蔥 粉蔥 ,12.5,9.3,7.5,9.58,-22.74,424.0,64.34,4,5,2011,0
2011-04-02,鳳山區,SE6 青蔥 粉蔥 ,15.0,12.6,8.5,12.28,28.18,180.0,-57.55,4,6,2011,0
2011-04-03,鳳山區,SE6 青蔥 粉蔥 ,15.0,12.5,10.0,12.5,1.79,188.0,4.44,4,7,2011,0
2011-04-04,鳳山區,SE6 青蔥 粉蔥 ,15.0,13.5,10.0,13.13,5.04,80.0,-57.45,4,1,2011,0
2011-04-05,鳳山區,SE6 青蔥 粉蔥 ,,,,,,,,4,2,2011,1
2011-04-06,鳳山區,SE6 青蔥 粉蔥 ,,,,,,,,4,3,2011,1
2011-04-07,鳳山區,SE6 青蔥 粉蔥 ,13.4,12.5,12.5,12.68,-3.43,328.0,310.0,4,4,2011,0
2011-04-08,鳳山區,SE6 青蔥 粉蔥 ,14.2,12.5,12.5,12.83,1.18,300.0,-8.54,4,5,2011,0
2011-04-09,鳳山區,SE6 青蔥 粉蔥 ,13.5,12.5,12.5,12.7,-1.01,252.0,-16.0,4,6,2011,0
2011-04-10,鳳山區,SE6 青蔥 粉蔥 ,12.5,12.5,12.5,12.5,-1.57,456.0,80.95,4,7,2011,0
2011-04-11,鳳山區,SE6 青蔥 粉蔥 ,,,,,,,,4,1,2011,1
2011-04-12,鳳山區,SE6 青蔥 粉蔥 ,10.0,10.0,10.0,10.0,-20.0,240.0,-47.37,4,2,2011,0
2011-04-13,鳳山區,SE6 青蔥 粉蔥 ,7.5,7.5,7.5,7.5,-25.0,180.0,-25.0,4,3,2011,0
2011-04-14,鳳山區,SE6 青蔥 粉蔥 ,9.0,9.0,9.0,9.0,20.0,160.0,-11.11,4,4,2011,0
2011-04-15,鳳山區,SE6 青蔥 粉蔥 ,7.5,7.5,7.5,7.5,-16.67,180.0,12.5,4,5,2011,0
2011-04-16,鳳山區,SE6 青蔥 粉蔥 ,10.0,10.0,10.0,10.0,33.33,97.0,-46.11,4,6,2011,0
2011-04-17,鳳山區,SE6 青蔥 粉蔥 ,,,,,,,,4,7,2011,1
2011-04-18,鳳山區,SE6 青蔥 粉蔥 ,,,,,,,,4,1,2011,1
2011-04-19,鳳山區,SE6 青蔥 粉蔥 ,,,,,,,,4,2,2011,1
2011-04-20,鳳山區,SE6 青蔥 粉蔥 ,,,,,,,,4,3,2011,1
2011-04-21,鳳山區,SE6 青蔥 粉蔥 ,,,,,,,,4,4,2011,1
2011-04-22,鳳山區,SE6 青蔥 粉蔥 ,,,,,,,,4,5,2011,1
2011-04-23,鳳山區,SE6 青蔥 粉蔥 ,,,,,,,,4,6,2011,1
2011-04-24,鳳山區,SE6 青蔥 粉蔥 ,,,,,,,,4,7,2011,1
2011-04-25,鳳山區,SE6 青蔥 粉蔥 ,,,,,,,,4,1,2011,1
2011-04-26,鳳山區,SE6 青蔥 粉蔥 ,,,,,,,,4,2,2011,1
2011-04-27,鳳山區,SE6 青蔥 粉蔥 ,,,,,,,,4,3,2011,1
2011-04-28,鳳山區,SE6 青蔥 粉蔥 ,8.0,8.0,8.0,8.0,-20.0,25.0,-74.23,4,4,2011,0
2011-04-29,鳳山區,SE6 青蔥 粉蔥 ,,,,,,,,4,5,2011,1
2011-04-30,鳳山區,SE6 青蔥 粉蔥 ,,,,,,,,4,6,2011,1
2011-05-01,鳳山區,SE6 青蔥 粉蔥 ,12.5,12.5,12.5,12.5,56.25,20.0,-20.0,5,7,2011,0
2011-05-02,鳳山區,SE6 青蔥 粉蔥 ,,,,,,,,5,1,2011,1
2011-05-03,鳳山區,SE6 青蔥 粉蔥 ,,,,,,,,5,2,2011,1
2011-05-04,鳳山區,SE6 青蔥 粉蔥 ,,,,,,,,5,3,2011,1
2011-05-05,鳳山區,SE6 青蔥 粉蔥 ,,,,,,,,5,4,2011,1
2011-05-06,鳳山區,SE6 青蔥 粉蔥 ,14.6,12.9,7.1,12.1,-3.2,174.0,770.0,5,5,2011,0
2011-05-07,鳳山區,SE6 青蔥 粉蔥 ,12.5,12.5,12.5,12.5,3.31,160.0,-8.05,5,6,2011,0
2011-05-08,鳳山區,SE6 青蔥 粉蔥 ,12.5,12.3,11.9,12.24,-2.08,245.0,53.12,5,7,2011,0
2011-05-09,鳳山區,SE6 青蔥 粉蔥 ,,,,,,,,5,1,2011,1
2011-05-10,鳳山區,SE6 青蔥 粉蔥 ,12.5,12.5,12.5,12.5,2.12,60.0,-75.51,5,2,2011,0
2011-05-11,鳳山區,SE6 青蔥 粉蔥 ,,,,,,,,5,3,2011,1
2011-05-12,鳳山區,SE6 青蔥 粉蔥 ,,,,,,,,5,4,2011,1
2011-05-13,鳳山區,SE6 青蔥 粉蔥 ,,,,,,,,5,5,2011,1
2011-05-14,鳳山區,SE6 青蔥 粉蔥 ,,,,,,,,5,6,2011,1
2011-05-15,鳳山區,SE6 青蔥 粉蔥 ,,,,,,,,5,7,2011,1
2011-05-16,鳳山區,SE6 青蔥 粉蔥 ,,,,,,,,5,1,2011,1
2011-05-17,鳳山區,SE6 青蔥 粉蔥 ,,,,,,,,5,2,2011,1
2011-05-18,鳳山區,SE6 青蔥 粉蔥 ,,,,,,,,5,3,2011,1
2011-05-19,鳳山區,SE6 青蔥 粉蔥 ,,,,,,,,5,4,2011,1
2011-05-20,鳳山區,SE6 青蔥 粉蔥 ,,,,,,,,5,5,2011,1
2011-05-21,鳳山區,SE6 青蔥 粉蔥 ,,,,,,,,5,6,2011,1
2011-05-22,鳳山區,SE6 青蔥 粉蔥 ,,,,,,,,5,7,2011,1
2011-05-23,鳳山區,SE6 青蔥 粉蔥 ,,,,,,,,5,1,2011,1
2011-05-24,鳳山區,SE6 青蔥 粉蔥 ,,,,,,,,5,2,2011,1
2011-05-25,鳳山區,SE6 青蔥 粉蔥 ,,,,,,,,5,3,2011,1
2011-05-26,鳳山區,SE6 青蔥 粉蔥 ,,,,,,,,5,4,2011,1
2011-05-27,鳳山區,SE6 青蔥 粉蔥 ,,,,,,,,5,5,2011,1
2011-05-28,鳳山區,SE6 青蔥 粉蔥 ,,,,,,,,5,6,2011,1
2011-05-29,鳳山區,SE6 青蔥 粉蔥 ,12.5,9.0,8.0,9.5,-24.0,120.0,100.0,5,7,2011,0
2011-05-30,鳳山區,SE6 青蔥 粉蔥 ,,,,,,,,5,1,2011,1
2011-05-31,鳳山區,SE6 青蔥 粉蔥 ,,,,,,,,5,2,2011,1
2011-06-01,鳳山區,SE6 青蔥 粉蔥 ,,,,,,,,6,3,2011,1
2011-06-02,鳳山區,SE6 青蔥 粉蔥 ,7.4,7.4,7.4,7.4,-22.11,20.0,-83.33,6,4,2011,0
2011-06-03,鳳山區,SE6 青蔥 粉蔥 ,9.9,9.9,9.9,9.9,33.78,40.0,100.0,6,5,2011,0
2011-06-04,鳳山區,SE6 青蔥 粉蔥 ,,,,,,,,6,6,2011,1
2011-06-05,鳳山區,SE6 青蔥 粉蔥 ,,,,,,,,6,7,2011,1
2011-06-06,鳳山區,SE6 青蔥 粉蔥 ,,,,,,,,6,1,2011,1
2011-06-07,鳳山區,SE6 青蔥 粉蔥 ,,,,,,,,6,2,2011,1
2011-06-08,鳳山區,SE6 青蔥 粉蔥 ,,,,,,,,6,3,2011,1
2011-06-09,鳳山區,SE6 青蔥 粉蔥 ,9.9,9.9,9.9,9.9,0.0,20.0,-50.0,6,4,2011,0
2011-06-10,鳳山區,SE6 青蔥 粉蔥 ,,,,,,,,6,5,2011,1
2011-06-11,鳳山區,SE6 青蔥 粉蔥 ,,,,,,,,6,6,2011,1
2011-06-12,鳳山區,SE6 青蔥 粉蔥 ,,,,,,,,6,7,2011,1
2011-06-13,鳳山區,SE6 青蔥 粉蔥 ,,,,,,,,6,1,2011,1
2011-06-14,鳳山區,SE6 青蔥 粉蔥 ,9.9,9.9,9.9,9.9,0.0,60.0,200.0,6,2,2011,0
2011-06-15,鳳山區,SE6 青蔥 粉蔥 ,,,,,,,,6,3,2011,1
2011-06-16,鳳山區,SE6 青蔥 粉蔥 ,7.4,7.4,7.4,7.4,-25.25,20.0,-66.67,6,4,2011,0
2011-06-17,鳳山區,SE6 青蔥 粉蔥 ,12.3,12.3,12.3,12.3,66.22,20.0,0.0,6,5,2011,0
2011-06-18,鳳山區,SE6 青蔥 粉蔥 ,,,,,,,,6,6,2011,1
2011-06-19,鳳山區,SE6 青蔥 粉蔥 ,9.9,9.9,9.9,9.9,-19.51,40.0,100.0,6,7,2011,0
2011-06-20,鳳山區,SE6 青蔥 粉蔥 ,,,,,,,,6,1,2011,1
2011-06-21,鳳山區,SE6 青蔥 粉蔥 ,,,,,,,,6,2,2011,1
2011-06-22,鳳山區,SE6 青蔥 粉蔥 ,,,,,,,,6,3,2011,1
2011-06-23,鳳山區,SE6 青蔥 粉蔥 ,,,,,,,,6,4,2011,1
2011-06-24,鳳山區,SE6 青蔥 粉蔥 ,19.7,19.7,19.7,19.7,98.99,20.0,-50.0,6,5,2011,0
2011-06-25,鳳山區,SE6 青蔥 粉蔥 ,,,,,,,,6,6,2011,1
2011-06-26,鳳山區,SE6 青蔥 粉蔥 ,,,,,,,,6,7,2011,1
2011-06-27,鳳山區,SE6 青蔥 粉蔥 ,,,,,,,,6,1,2011,1
2011-06-28,鳳山區,SE6 青蔥 粉蔥 ,,,,,,,,6,2,2011,1
2011-06-29,鳳山區,SE6 青蔥 粉蔥 ,,,,,,,,6,3,2011,1
2011-06-30,鳳山區,SE6 青蔥 粉蔥 ,,,,,,,,6,4,2011,1
2011-07-01,鳳山區,SE6 青蔥 粉蔥 ,,,,,,,,7,5,2011,1
2011-07-02,鳳山區,SE6 青蔥 粉蔥 ,,,,,,,,7,6,2011,1
2011-07-03,鳳山區,SE6 青蔥 粉蔥 ,,,,,,,,7,7,2011,1
2011-07-04,鳳山區,SE6 青蔥 粉蔥 ,,,,,,,,7,1,2011,1
2011-07-05,鳳山區,SE6 青蔥 粉蔥 ,,,,,,,,7,2,2011,1
2011-07-06,鳳山區,SE6 青蔥 粉蔥 ,,,,,,,,7,3,2011,1
2011-07-07,鳳山區,SE6 青蔥 粉蔥 ,,,,,,,,7,4,2011,1
2011-07-08,鳳山區,SE6 青蔥 粉蔥 ,,,,,,,,7,5,2011,1
2011-07-09,鳳山區,SE6 青蔥 粉蔥 ,,,,,,,,7,6,2011,1
2011-07-10,鳳山區,SE6 青蔥 粉蔥 ,,,,,,,,7,7,2011,1
2011-07-11,鳳山區,SE6 青蔥 粉蔥 ,,,,,,,,7,1,2011,1
2011-07-12,鳳山區,SE6 青蔥 粉蔥 ,,,,,,,,7,2,2011,1
2011-07-13,鳳山區,SE6 青蔥 粉蔥 ,,,,,,,,7,3,2011,1
2011-07-14,鳳山區,SE6 青蔥 粉蔥 ,,,,,,,,7,4,2011,1
2011-07-15,鳳山區,SE6 青蔥 粉蔥 ,,,,,,,,7,5,2011,1
2011-07-16,鳳山區,SE6 青蔥 粉蔥 ,,,,,,,,7,6,2011,1
2011-07-17,鳳山區,SE6 青蔥 粉蔥 ,,,,,,,,7,7,2011,1
2011-07-18,鳳山區,SE6 青蔥 粉蔥 ,,,,,,,,7,1,2011,1
2011-07-19,鳳山區,SE6 青蔥 粉蔥 ,,,,,,,,7,2,2011,1
2011-07-20,鳳山區,SE6 青蔥 粉蔥 ,,,,,,,,7,3,2011,1
2011-07-21,鳳山區,SE6 青蔥 粉蔥 ,,,,,,,,7,4,2011,1
2011-07-22,鳳山區,SE6 青蔥 粉蔥 ,,,,,,,,7,5,2011,1
2011-07-23,鳳山區,SE6 青蔥 粉蔥 ,,,,,,,,7,6,2011,1
2011-07-24,鳳山區,SE6 青蔥 粉蔥 ,,,,,,,,7,7,2011,1
2011-07-25,鳳山區,SE6 青蔥 粉蔥 ,,,,,,,,7,1,2011,1
2011-07-26,鳳山區,SE6 青蔥 粉蔥 ,,,,,,,,7,2,2011,1
2011-07-27,鳳山區,SE6 青蔥 粉蔥 ,,,,,,,,7,3,2011,1
2011-07-28,鳳山區,SE6 青蔥 粉蔥 ,,,,,,,,7,4,2011,1
2011-07-29,鳳山區,SE6 青蔥 粉蔥 ,,,,,,,,7,5,2011,1
2011-07-30,鳳山區,SE6 青蔥 粉蔥 ,,,,,,,,7,6,2011,1
2011-07-31,鳳山區,SE6 青蔥 粉蔥 ,,,,,,,,7,7,2011,1
2011-08-01,鳳山區,SE6 青蔥 粉蔥 ,,,,,,,,8,1,2011,1
2011-08-02,鳳山區,SE6 青蔥 粉蔥 ,,,,,,,,8,2,2011,1
2011-08-03,鳳山區,SE6 青蔥 粉蔥 ,,,,,,,,8,3,2011,1
2011-08-04,鳳山區,SE6 青蔥 粉蔥 ,,,,,,,,8,4,2011,1
2011-08-05,鳳山區,SE6 青蔥 粉蔥 ,,,,,,,,8,5,2011,1
2011-08-06,鳳山區,SE6 青蔥 粉蔥 ,,,,,,,,8,6,2011,1
2011-08-07,鳳山區,SE6 青蔥 粉蔥 ,,,,,,,,8,7,2011,1
2011-08-08,鳳山區,SE6 青蔥 粉蔥 ,,,,,,,,8,1,2011,1
2011-08-09,鳳山區,SE6 青蔥 粉蔥 ,,,,,,,,8,2,2011,1
2011-08-10,鳳山區,SE6 青蔥 粉蔥 ,28.1,28.1,28.1,28.1,42.64,42.0,110.0,8,3,2011,0
2011-08-11,鳳山區,SE6 青蔥 粉蔥 ,,,,,,,,8,4,2011,1
2011-08-12,鳳山區,SE6 青蔥 粉蔥 ,23.5,22.9,21.1,22.67,-19.32,63.0,50.0,8,5,2011,0
2011-08-13,鳳山區,SE6 青蔥 粉蔥 ,23.5,21.1,18.8,21.12,-6.84,42.0,-33.33,8,6,2011,0
2011-08-14,鳳山區,SE6 青蔥 粉蔥 ,23.5,22.3,21.1,22.29,5.54,42.0,0.0,8,7,2011,0
2011-08-15,鳳山區,SE6 青蔥 粉蔥 ,,,,,,,,8,1,2011,1
2011-08-16,鳳山區,SE6 青蔥 粉蔥 ,,,,,,,,8,2,2011,1
2011-08-17,鳳山區,SE6 青蔥 粉蔥 ,,,,,,,,8,3,2011,1
2011-08-18,鳳山區,SE6 青蔥 粉蔥 ,,,,,,,,8,4,2011,1
2011-08-19,鳳山區,SE6 青蔥 粉蔥 ,18.9,18.7,18.7,18.76,-15.84,42.0,0.0,8,5,2011,0
2011-08-20,鳳山區,SE6 青蔥 粉蔥 ,,,,,,,,8,6,2011,1
2011-08-21,鳳山區,SE6 青蔥 粉蔥 ,,,,,,,,8,7,2011,1
2011-08-22,鳳山區,SE6 青蔥 粉蔥 ,,,,,,,,8,1,2011,1
2011-08-23,鳳山區,SE6 青蔥 粉蔥 ,,,,,,,,8,2,2011,1
2011-08-24,鳳山區,SE6 青蔥 粉蔥 ,27.3,27.1,27.0,27.1,44.46,40.0,-4.76,8,3,2011,0
2011-08-25,鳳山區,SE6 青蔥 粉蔥 ,,,,,,,,8,4,2011,1
2011-08-26,鳳山區,SE6 青蔥 粉蔥 ,,,,,,,,8,5,2011,1
2011-08-27,鳳山區,SE6 青蔥 粉蔥 ,,,,,,,,8,6,2011,1
2011-08-28,鳳山區,SE6 青蔥 粉蔥 ,30.9,30.8,30.7,30.79,13.62,48.0,20.0,8,7,2011,0
2011-08-29,鳳山區,SE6 青蔥 粉蔥 ,,,,,,,,8,1,2011,1
2011-08-30,鳳山區,SE6 青蔥 粉蔥 ,,,,,,,,8,2,2011,1
2011-08-31,鳳山區,SE6 青蔥 粉蔥 ,,,,,,,,8,3,2011,1
2011-09-01,鳳山區,SE6 青蔥 粉蔥 ,39.0,39.0,39.0,39.0,26.66,120.0,150.0,9,4,2011,0
2011-09-02,鳳山區,SE6 青蔥 粉蔥 ,35.0,34.9,34.5,34.82,-10.72,120.0,0.0,9,5,2011,0
2011-09-03,鳳山區,SE6 青蔥 粉蔥 ,29.7,22.6,22.5,23.98,-31.13,120.0,0.0,9,6,2011,0
2011-09-04,鳳山區,SE6 青蔥 粉蔥 ,22.7,22.4,22.0,22.37,-6.71,159.0,32.5,9,7,2011,0
2011-09-05,鳳山區,SE6 青蔥 粉蔥 ,,,,,,,,9,1,2011,1
2011-09-06,鳳山區,SE6 青蔥 粉蔥 ,22.7,22.5,22.5,22.56,0.85,114.0,-28.3,9,2,2011,0
2011-09-07,鳳山區,SE6 青蔥 粉蔥 ,22.9,22.5,22.4,22.52,-0.18,21.0,-81.58,9,3,2011,0
2011-09-08,鳳山區,SE6 青蔥 粉蔥 ,,,,,,,,9,4,2011,1
2011-09-09,鳳山區,SE6 青蔥 粉蔥 ,23.8,23.4,23.3,23.48,4.26,21.0,0.0,9,5,2011,0
2011-09-10,鳳山區,SE6 青蔥 粉蔥 ,24.7,24.6,24.6,24.63,4.9,96.0,357.14,9,6,2011,0
2011-09-11,鳳山區,SE6 青蔥 粉蔥 ,25.9,24.1,23.8,24.42,-0.85,69.0,-28.12,9,7,2011,0
2011-09-12,鳳山區,SE6 青蔥 粉蔥 ,,,,,,,,9,1,2011,1
2011-09-13,鳳山區,SE6 青蔥 粉蔥 ,,,,,,,,9,2,2011,1
2011-09-14,鳳山區,SE6 青蔥 粉蔥 ,,,,,,,,9,3,2011,1
2011-09-15,鳳山區,SE6 青蔥 粉蔥 ,,,,,,,,9,4,2011,1
2011-09-16,鳳山區,SE6 青蔥 粉蔥 ,,,,,,,,9,5,2011,1
2011-09-17,鳳山區,SE6 青蔥 粉蔥 ,,,,,,,,9,6,2011,1
2011-09-18,鳳山區,SE6 青蔥 粉蔥 ,14.9,14.8,14.8,14.8,-39.39,40.0,-42.03,9,7,2011,0
2011-09-19,鳳山區,SE6 青蔥 粉蔥 ,,,,,,,,9,1,2011,1
2011-09-20,鳳山區,SE6 青蔥 粉蔥 ,20.0,19.7,19.6,19.72,33.24,25.0,-37.5,9,2,2011,0
2011-09-21,鳳山區,SE6 青蔥 粉蔥 ,32.9,24.2,16.8,24.46,24.04,286.0,1044.0,9,3,2011,0
2011-09-22,鳳山區,SE6 青蔥 粉蔥 ,24.9,24.6,21.2,23.99,-1.92,145.0,-49.3,9,4,2011,0
2011-09-23,鳳山區,SE6 青蔥 粉蔥 ,,,,,,,,9,5,2011,1
2011-09-24,鳳山區,SE6 青蔥 粉蔥 ,30.8,24.6,24.6,25.87,7.84,120.0,-17.24,9,6,2011,0
2011-09-25,鳳山區,SE6 青蔥 粉蔥 ,26.8,23.7,19.7,23.5,-9.16,44.0,-63.33,9,7,2011,0
2011-09-26,鳳山區,SE6 青蔥 粉蔥 ,,,,,,,,9,1,2011,1
2011-09-27,鳳山區,SE6 青蔥 粉蔥 ,,,,,,,,9,2,2011,1
2011-09-28,鳳山區,SE6 青蔥 粉蔥 ,27.9,27.9,27.9,27.9,18.72,48.0,9.09,9,3,2011,0
2011-09-29,鳳山區,SE6 青蔥 粉蔥 ,,,,,,,,9,4,2011,1
2011-09-30,鳳山區,SE6 青蔥 粉蔥 ,,,,,,,,9,5,2011,1
2011-10-01,鳳山區,SE6 青蔥 粉蔥 ,24.6,24.6,24.6,24.6,-11.83,120.0,150.0,10,6,2011,0
2011-10-02,鳳山區,SE6 青蔥 粉蔥 ,,,,,,,,10,7,2011,1
2011-10-03,鳳山區,SE6 青蔥 粉蔥 ,,,,,,,,10,1,2011,1
2011-10-04,鳳山區,SE6 青蔥 粉蔥 ,,,,,,,,10,2,2011,1
2011-10-05,鳳山區,SE6 青蔥 粉蔥 ,26.0,25.8,25.7,25.81,4.92,42.0,-65.0,10,3,2011,0
2011-10-06,鳳山區,SE6 青蔥 粉蔥 ,,,,,,,,10,4,2011,1
2011-10-07,鳳山區,SE6 青蔥 粉蔥 ,,,,,,,,10,5,2011,1
2011-10-08,鳳山區,SE6 青蔥 粉蔥 ,,,,,,,,10,6,2011,1
2011-10-09,鳳山區,SE6 青蔥 粉蔥 ,,,,,,,,10,7,2011,1
2011-10-10,鳳山區,SE6 青蔥 粉蔥 ,,,,,,,,10,1,2011,1
2011-10-11,鳳山區,SE6 青蔥 粉蔥 ,,,,,,,,10,2,2011,1
2011-10-12,鳳山區,SE6 青蔥 粉蔥 ,,,,,,,,10,3,2011,1
2011-10-13,鳳山區,SE6 青蔥 粉蔥 ,,,,,,,,10,4,2011,1
2011-10-14,鳳山區,SE6 青蔥 粉蔥 ,,,,,,,,10,5,2011,1
2011-10-15,鳳山區,SE6 青蔥 粉蔥 ,,,,,,,,10,6,2011,1
2011-10-16,鳳山區,SE6 青蔥 粉蔥 ,,,,,,,,10,7,2011,1
2011-10-17,鳳山區,SE6 青蔥 粉蔥 ,,,,,,,,10,1,2011,1
2011-10-18,鳳山區,SE6 青蔥 粉蔥 ,,,,,,,,10,2,2011,1
2011-10-19,鳳山區,SE6 青蔥 粉蔥 ,,,,,,,,10,3,2011,1
2011-10-20,鳳山區,SE6 青蔥 粉蔥 ,,,,,,,,10,4,2011,1
2011-10-21,鳳山區,SE6 青蔥 粉蔥 ,,,,,,,,10,5,2011,1
2011-10-22,鳳山區,SE6 青蔥 粉蔥 ,,,,,,,,10,6,2011,1
2011-10-23,鳳山區,SE6 青蔥 粉蔥 ,,,,,,,,10,7,2011,1
2011-10-24,鳳山區,SE6 青蔥 粉蔥 ,,,,,,,,10,1,2011,1
2011-10-25,鳳山區,SE6 青蔥 粉蔥 ,,,,,,,,10,2,2011,1
2011-10-26,鳳山區,SE6 青蔥 粉蔥 ,,,,,,,,10,3,2011,1
2011-10-27,鳳山區,SE6 青蔥 粉蔥 ,,,,,,,,10,4,2011,1
2011-10-28,鳳山區,SE6 青蔥 粉蔥 ,,,,,,,,10,5,2011,1
2011-10-29,鳳山區,SE6 青蔥 粉蔥 ,,,,,,,,10,6,2011,1
2011-10-30,鳳山區,SE6 青蔥 粉蔥 ,,,,,,,,10,7,2011,1
2011-10-31,鳳山區,SE6 青蔥 粉蔥 ,,,,,,,,10,1,2011,1
2011-11-01,鳳山區,SE6 青蔥 粉蔥 ,,,,,,,,11,2,2011,1
2011-11-02,鳳山區,SE6 青蔥 粉蔥 ,,,,,,,,11,3,2011,1
2011-11-03,鳳山區,SE6 青蔥 粉蔥 ,,,,,,,,11,4,2011,1
2011-11-04,鳳山區,SE6 青蔥 粉蔥 ,,,,,,,,11,5,2011,1
2011-11-05,鳳山區,SE6 青蔥 粉蔥 ,,,,,,,,11,6,2011,1
2011-11-06,鳳山區,SE6 青蔥 粉蔥 ,,,,,,,,11,7,2011,1
2011-11-07,鳳山區,SE6 青蔥 粉蔥 ,,,,,,,,11,1,2011,1
2011-11-08,鳳山區,SE6 青蔥 粉蔥 ,,,,,,,,11,2,2011,1
2011-11-09,鳳山區,SE6 青蔥 粉蔥 ,,,,,,,,11,3,2011,1
2011-11-10,鳳山區,SE6 青蔥 粉蔥 ,,,,,,,,11,4,2011,1
2011-11-11,鳳山區,SE6 青蔥 粉蔥 ,25.6,25.6,25.6,25.6,-0.81,81.0,92.86,11,5,2011,0
2011-11-12,鳳山區,SE6 青蔥 粉蔥 ,,,,,,,,11,6,2011,1
2011-11-13,鳳山區,SE6 青蔥 粉蔥 ,,,,,,,,11,7,2011,1
2011-11-14,鳳山區,SE6 青蔥 粉蔥 ,,,,,,,,11,1,2011,1
2011-11-15,鳳山區,SE6 青蔥 粉蔥 ,,,,,,,,11,2,2011,1
2011-11-16,鳳山區,SE6 青蔥 粉蔥 ,,,,,,,,11,3,2011,1
2011-11-17,鳳山區,SE6 青蔥 粉蔥 ,,,,,,,,11,4,2011,1
2011-11-18,鳳山區,SE6 青蔥 粉蔥 ,,,,,,,,11,5,2011,1
2011-11-19,鳳山區,SE6 青蔥 粉蔥 ,21.5,19.7,15.4,19.21,-24.96,400.0,393.83,11,6,2011,0
2011-11-20,鳳山區,SE6 青蔥 粉蔥 ,,,,,,,,11,7,2011,1
2011-11-21,鳳山區,SE6 青蔥 粉蔥 ,,,,,,,,11,1,2011,1
2011-11-22,鳳山區,SE6 青蔥 粉蔥 ,,,,,,,,11,2,2011,1
2011-11-23,鳳山區,SE6 青蔥 粉蔥 ,,,,,,,,11,3,2011,1
2011-11-24,鳳山區,SE6 青蔥 粉蔥 ,,,,,,,,11,4,2011,1
2011-11-25,鳳山區,SE6 青蔥 粉蔥 ,,,,,,,,11,5,2011,1
2011-11-26,鳳山區,SE6 青蔥 粉蔥 ,,,,,,,,11,6,2011,1
2011-11-27,鳳山區,SE6 青蔥 粉蔥 ,,,,,,,,11,7,2011,1
2011-11-28,鳳山區,SE6 青蔥 粉蔥 ,,,,,,,,11,1,2011,1
2011-11-29,鳳山區,SE6 青蔥 粉蔥 ,29.6,20.0,19.7,21.85,13.74,92.0,-77.0,11,2,2011,0
2011-11-30,鳳山區,SE6 青蔥 粉蔥 ,,,,,,,,11,3,2011,1
2011-12-01,鳳山區,SE6 青蔥 粉蔥 ,,,,,,,,12,4,2011,1
2011-12-02,鳳山區,SE6 青蔥 粉蔥 ,,,,,,,,12,5,2011,1
2011-12-03,鳳山區,SE6 青蔥 粉蔥 ,22.7,22.6,22.5,22.58,3.34,48.0,-47.83,12,6,2011,0
2011-12-04,鳳山區,SE6 青蔥 粉蔥 ,,,,,,,,12,7,2011,1
2011-12-05,鳳山區,SE6 青蔥 粉蔥 ,,,,,,,,12,1,2011,1
2011-12-06,鳳山區,SE6 青蔥 粉蔥 ,,,,,,,,12,2,2011,1
2011-12-07,鳳山區,SE6 青蔥 粉蔥 ,,,,,,,,12,3,2011,1
2011-12-08,鳳山區,SE6 青蔥 粉蔥 ,,,,,,,,12,4,2011,1
2011-12-09,鳳山區,SE6 青蔥 粉蔥 ,,,,,,,,12,5,2011,1
2011-12-10,鳳山區,SE6 青蔥 粉蔥 ,,,,,,,,12,6,2011,1
2011-12-11,鳳山區,SE6 青蔥 粉蔥 ,,,,,,,,12,7,2011,1
2011-12-12,鳳山區,SE6 青蔥 粉蔥 ,,,,,,,,12,1,2011,1
2011-12-13,鳳山區,SE6 青蔥 粉蔥 ,,,,,,,,12,2,2011,1
2011-12-14,鳳山區,SE6 青蔥 粉蔥 ,,,,,,,,12,3,2011,1
2011-12-15,鳳山區,SE6 青蔥 粉蔥 ,,,,,,,,12,4,2011,1
2011-12-16,鳳山區,SE6 青蔥 粉蔥 ,,,,,,,,12,5,2011,1
2011-12-17,鳳山區,SE6 青蔥 粉蔥 ,,,,,,,,12,6,2011,1
2011-12-18,鳳山區,SE6 青蔥 粉蔥 ,,,,,,,,12,7,2011,1
2011-12-19,鳳山區,SE6 青蔥 粉蔥 ,,,,,,,,12,1,2011,1
2011-12-20,鳳山區,SE6 青蔥 粉蔥 ,,,,,,,,12,2,2011,1
2011-12-21,鳳山區,SE6 青蔥 粉蔥 ,27.3,27.1,27.1,27.1,20.02,60.0,25.0,12,3,2011,0
2011-12-22,鳳山區,SE6 青蔥 粉蔥 ,,,,,,,,12,4,2011,1
2011-12-23,鳳山區,SE6 青蔥 粉蔥 ,,,,,,,,12,5,2011,1
2011-12-24,鳳山區,SE6 青蔥 粉蔥 ,,,,,,,,12,6,2011,1
2011-12-25,鳳山區,SE6 青蔥 粉蔥 ,,,,,,,,12,7,2011,1
2011-12-26,鳳山區,SE6 青蔥 粉蔥 ,,,,,,,,12,1,2011,1
2011-12-27,鳳山區,SE6 青蔥 粉蔥 ,,,,,,,,12,2,2011,1
2011-12-28,鳳山區,SE6 青蔥 粉蔥 ,,,,,,,,12,3,2011,1
2011-12-29,鳳山區,SE6 青蔥 粉蔥 ,,,,,,,,12,4,2011,1
2011-12-30,鳳山區,SE6 青蔥 粉蔥 ,,,,,,,,12,5,2011,1
2011-12-31,鳳山區,SE6 青蔥 粉蔥 ,,,,,,,,12,6,2011,1
2012-01-01,鳳山區,SE6 青蔥 粉蔥 ,,,,,,,,1,7,2012,1
2012-01-02,鳳山區,SE6 青蔥 粉蔥 ,,,,,,,,1,1,2012,1
2012-01-03,鳳山區,SE6 青蔥 粉蔥 ,,,,,,,,1,2,2012,1
2012-01-04,鳳山區,SE6 青蔥 粉蔥 ,,,,,,,,1,3,2012,1
2012-01-05,鳳山區,SE6 青蔥 粉蔥 ,,,,,,,,1,4,2012,1
2012-01-06,鳳山區,SE6 青蔥 粉蔥 ,,,,,,,,1,5,2012,1
2012-01-07,鳳山區,SE6 青蔥 粉蔥 ,,,,,,,,1,6,2012,1
2012-01-08,鳳山區,SE6 青蔥 粉蔥 ,,,,,,,,1,7,2012,1
2012-01-09,鳳山區,SE6 青蔥 粉蔥 ,,,,,,,,1,1,2012,1
2012-01-10,鳳山區,SE6 青蔥 粉蔥 ,,,,,,,,1,2,2012,1
2012-01-11,鳳山區,SE6 青蔥 粉蔥 ,,,,,,,,1,3,2012,1
2012-01-12,鳳山區,SE6 青蔥 粉蔥 ,,,,,,,,1,4,2012,1
2012-01-13,鳳山區,SE6 青蔥 粉蔥 ,,,,,,,,1,5,2012,1
2012-01-14,鳳山區,SE6 青蔥 粉蔥 ,,,,,,,,1,6,2012,1
2012-01-15,鳳山區,SE6 青蔥 粉蔥 ,,,,,,,,1,7,2012,1
2012-01-16,鳳山區,SE6 青蔥 粉蔥 ,,,,,,,,1,1,2012,1
2012-01-17,鳳山區,SE6 青蔥 粉蔥 ,,,,,,,,1,2,2012,1
2012-01-18,鳳山區,SE6 青蔥 粉蔥 ,,,,,,,,1,3,2012,1
2012-01-19,鳳山區,SE6 青蔥 粉蔥 ,,,,,,,,1,4,2012,1
2012-01-20,鳳山區,SE6 青蔥 粉蔥 ,,,,,,,,1,5,2012,1
2012-01-21,鳳山區,SE6 青蔥 粉蔥 ,,,,,,,,1,6,2012,1
2012-01-22,鳳山區,SE6 青蔥 粉蔥 ,,,,,,,,1,7,2012,1
2012-01-23,鳳山區,SE6 青蔥 粉蔥 ,,,,,,,,1,1,2012,1
2012-01-24,鳳山區,SE6 青蔥 粉蔥 ,,,,,,,,1,2,2012,1
2012-01-25,鳳山區,SE6 青蔥 粉蔥 ,,,,,,,,1,3,2012,1
2012-01-26,鳳山區,SE6 青蔥 粉蔥 ,,,,,,,,1,4,2012,1
2012-01-27,鳳山區,SE6 青蔥 粉蔥 ,,,,,,,,1,5,2012,1
2012-01-28,鳳山區,SE6 青蔥 粉蔥 ,,,,,,,,1,6,2012,1
2012-01-29,鳳山區,SE6 青蔥 粉蔥 ,,,,,,,,1,7,2012,1
2012-01-30,鳳山區,SE6 青蔥 粉蔥 ,,,,,,,,1,1,2012,1
2012-01-31,鳳山區,SE6 青蔥 粉蔥 ,,,,,,,,1,2,2012,1
2012-02-01,鳳山區,SE6 青蔥 粉蔥 ,,,,,,,,2,3,2012,1
2012-02-02,鳳山區,SE6 青蔥 粉蔥 ,,,,,,,,2,4,2012,1
2012-02-03,鳳山區,SE6 青蔥 粉蔥 ,,,,,,,,2,5,2012,1
2012-02-04,鳳山區,SE6 青蔥 粉蔥 ,,,,,,,,2,6,2012,1
2012-02-05,鳳山區,SE6 青蔥 粉蔥 ,,,,,,,,2,7,2012,1
2012-02-06,鳳山區,SE6 青蔥 粉蔥 ,,,,,,,,2,1,2012,1
2012-02-07,鳳山區,SE6 青蔥 粉蔥 ,,,,,,,,2,2,2012,1
2012-02-08,鳳山區,SE6 青蔥 粉蔥 ,,,,,,,,2,3,2012,1
2012-02-09,鳳山區,SE6 青蔥 粉蔥 ,,,,,,,,2,4,2012,1
2012-02-10,鳳山區,SE6 青蔥 粉蔥 ,14.2,14.1,14.1,14.1,-47.97,84.0,40.0,2,5,2012,0
2012-02-11,鳳山區,SE6 青蔥 粉蔥 ,,,,,,,,2,6,2012,1
2012-02-12,鳳山區,SE6 青蔥 粉蔥 ,,,,,,,,2,7,2012,1
2012-02-13,鳳山區,SE6 青蔥 粉蔥 ,,,,,,,,2,1,2012,1
2012-02-14,鳳山區,SE6 青蔥 粉蔥 ,,,,,,,,2,2,2012,1
2012-02-15,鳳山區,SE6 青蔥 粉蔥 ,,,,,,,,2,3,2012,1
2012-02-16,鳳山區,SE6 青蔥 粉蔥 ,,,,,,,,2,4,2012,1
2012-02-17,鳳山區,SE6 青蔥 粉蔥 ,,,,,,,,2,5,2012,1
2012-02-18,鳳山區,SE6 青蔥 粉蔥 ,,,,,,,,2,6,2012,1
2012-02-19,鳳山區,SE6 青蔥 粉蔥 ,,,,,,,,2,7,2012,1
2012-02-20,鳳山區,SE6 青蔥 粉蔥 ,,,,,,,,2,1,2012,1
2012-02-21,鳳山區,SE6 青蔥 粉蔥 ,,,,,,,,2,2,2012,1
2012-02-22,鳳山區,SE6 青蔥 粉蔥 ,,,,,,,,2,3,2012,1
2012-02-23,鳳山區,SE6 青蔥 粉蔥 ,,,,,,,,2,4,2012,1
2012-02-24,鳳山區,SE6 青蔥 粉蔥 ,,,,,,,,2,5,2012,1
2012-02-25,鳳山區,SE6 青蔥 粉蔥 ,,,,,,,,2,6,2012,1
2012-02-26,鳳山區,SE6 青蔥 粉蔥 ,,,,,,,,2,7,2012,1
2012-02-27,鳳山區,SE6 青蔥 粉蔥 ,,,,,,,,2,1,2012,1
2012-02-28,鳳山區,SE6 青蔥 粉蔥 ,,,,,,,,2,2,2012,1
2012-02-29,鳳山區,SE6 青蔥 粉蔥 ,,,,,,,,2,3,2012,1
2012-03-01,鳳山區,SE6 青蔥 粉蔥 ,,,,,,,,3,4,2012,1
2012-03-02,鳳山區,SE6 青蔥 粉蔥 ,,,,,,,,3,5,2012,1
2012-03-03,鳳山區,SE6 青蔥 粉蔥 ,,,,,,,,3,6,2012,1
2012-03-04,鳳山區,SE6 青蔥 粉蔥 ,,,,,,,,3,7,2012,1
2012-03-05,鳳山區,SE6 青蔥 粉蔥 ,,,,,,,,3,1,2012,1
2012-03-06,鳳山區,SE6 青蔥 粉蔥 ,30.0,29.5,29.3,29.57,109.72,14.0,-83.33,3,2,2012,0
2012-03-07,鳳山區,SE6 青蔥 粉蔥 ,,,,,,,,3,3,2012,1
2012-03-08,鳳山區,SE6 青蔥 粉蔥 ,,,,,,,,3,4,2012,1
2012-03-09,鳳山區,SE6 青蔥 粉蔥 ,,,,,,,,3,5,2012,1
2012-03-10,鳳山區,SE6 青蔥 粉蔥 ,,,,,,,,3,6,2012,1
2012-03-11,鳳山區,SE6 青蔥 粉蔥 ,27.2,24.8,24.6,25.25,-14.61,80.0,471.43,3,7,2012,0
2012-03-12,鳳山區,SE6 青蔥 粉蔥 ,,,,,,,,3,1,2012,1
2012-03-13,鳳山區,SE6 青蔥 粉蔥 ,,,,,,,,3,2,2012,1
2012-03-14,鳳山區,SE6 青蔥 粉蔥 ,,,,,,,,3,3,2012,1
2012-03-15,鳳山區,SE6 青蔥 粉蔥 ,,,,,,,,3,4,2012,1
2012-03-16,鳳山區,SE6 青蔥 粉蔥 ,,,,,,,,3,5,2012,1
2012-03-17,鳳山區,SE6 青蔥 粉蔥 ,,,,,,,,3,6,2012,1
2012-03-18,鳳山區,SE6 青蔥 粉蔥 ,,,,,,,,3,7,2012,1
2012-03-19,鳳山區,SE6 青蔥 粉蔥 ,,,,,,,,3,1,2012,1
2012-03-20,鳳山區,SE6 青蔥 粉蔥 ,25.0,24.5,24.4,24.61,-2.53,18.0,-77.5,3,2,2012,0
2012-03-21,鳳山區,SE6 青蔥 粉蔥 ,,,,,,,,3,3,2012,1
2012-03-22,鳳山區,SE6 青蔥 粉蔥 ,,,,,,,,3,4,2012,1
2012-03-23,鳳山區,SE6 青蔥 粉蔥 ,,,,,,,,3,5,2012,1
2012-03-24,鳳山區,SE6 青蔥 粉蔥 ,,,,,,,,3,6,2012,1
2012-03-25,鳳山區,SE6 青蔥 粉蔥 ,29.6,28.8,24.6,28.1,14.18,102.0,466.67,3,7,2012,0
2012-03-26,鳳山區,SE6 青蔥 粉蔥 ,,,,,,,,3,1,2012,1
2012-03-27,鳳山區,SE6 青蔥 粉蔥 ,29.7,29.5,23.3,28.3,0.71,134.0,31.37,3,2,2012,0
2012-03-28,鳳山區,SE6 青蔥 粉蔥 ,32.8,30.0,29.5,30.45,7.6,120.0,-10.45,3,3,2012,0
2012-03-29,鳳山區,SE6 青蔥 粉蔥 ,30.8,24.2,19.7,24.63,-19.11,280.0,133.33,3,4,2012,0
2012-03-30,鳳山區,SE6 青蔥 粉蔥 ,30.6,23.5,19.7,24.14,-1.99,280.0,0.0,3,5,2012,0
2012-03-31,鳳山區,SE6 青蔥 粉蔥 ,25.3,20.7,14.8,20.4,-15.49,408.0,45.71,3,6,2012,0
2012-04-01,鳳山區,SE6 青蔥 粉蔥 ,24.7,22.0,14.8,21.11,3.48,224.0,-45.1,4,7,2012,0
2012-04-02,鳳山區,SE6 青蔥 粉蔥 ,,,,,,,,4,1,2012,1
2012-04-03,鳳山區,SE6 青蔥 粉蔥 ,24.7,24.0,21.3,23.6,11.8,192.0,-14.29,4,2,2012,0
2012-04-04,鳳山區,SE6 青蔥 粉蔥 ,,,,,,,,4,3,2012,1
2012-04-05,鳳山區,SE6 青蔥 粉蔥 ,,,,,,,,4,4,2012,1
2012-04-06,鳳山區,SE6 青蔥 粉蔥 ,18.8,18.7,18.7,18.72,-20.68,60.0,-68.75,4,5,2012,0
2012-04-07,鳳山區,SE6 青蔥 粉蔥 ,,,,,,,,4,6,2012,1
2012-04-08,鳳山區,SE6 青蔥 粉蔥 ,,,,,,,,4,7,2012,1
2012-04-09,鳳山區,SE6 青蔥 粉蔥 ,,,,,,,,4,1,2012,1
2012-04-10,鳳山區,SE6 青蔥 粉蔥 ,,,,,,,,4,2,2012,1
2012-04-11,鳳山區,SE6 青蔥 粉蔥 ,15.3,10.2,9.8,11.15,-40.44,53.0,-11.67,4,3,2012,0
2012-04-12,鳳山區,SE6 青蔥 粉蔥 ,,,,,,,,4,4,2012,1
2012-04-13,鳳山區,SE6 青蔥 粉蔥 ,,,,,,,,4,5,2012,1
2012-04-14,鳳山區,SE6 青蔥 粉蔥 ,16.3,14.8,14.8,15.09,35.34,480.0,805.66,4,6,2012,0
2012-04-15,鳳山區,SE6 青蔥 粉蔥 ,7.4,7.4,5.3,6.98,-53.74,240.0,-50.0,4,7,2012,0
2012-04-16,鳳山區,SE6 青蔥 粉蔥 ,,,,,,,,4,1,2012,1
2012-04-17,鳳山區,SE6 青蔥 粉蔥 ,,,,,,,,4,2,2012,1
2012-04-18,鳳山區,SE6 青蔥 粉蔥 ,14.3,13.9,11.7,13.5,93.41,84.0,-65.0,4,3,2012,0
2012-04-19,鳳山區,SE6 青蔥 粉蔥 ,16.8,14.8,14.1,15.04,11.41,308.0,266.67,4,4,2012,0
2012-04-20,鳳山區,SE6 青蔥 粉蔥 ,9.4,9.4,7.5,9.0,-40.16,208.0,-32.47,4,5,2012,0
2012-04-21,鳳山區,SE6 青蔥 粉蔥 ,19.2,14.1,8.1,13.95,55.0,893.0,329.33,4,6,2012,0
2012-04-22,鳳山區,SE6 青蔥 粉蔥 ,17.0,12.8,10.5,13.2,-5.38,444.0,-50.28,4,7,2012,0
2012-04-23,鳳山區,SE6 青蔥 粉蔥 ,,,,,,,,4,1,2012,1
2012-04-24,鳳山區,SE6 青蔥 粉蔥 ,18.5,14.2,9.4,14.11,6.89,597.0,34.46,4,2,2012,0
2012-04-25,鳳山區,SE6 青蔥 粉蔥 ,14.9,11.8,9.8,12.0,-14.95,115.0,-80.74,4,3,2012,0
2012-04-26,鳳山區,SE6 青蔥 粉蔥 ,,,,,,,,4,4,2012,1
2012-04-27,鳳山區,SE6 青蔥 粉蔥 ,20.6,20.5,20.5,20.53,71.08,120.0,4.35,4,5,2012,0
2012-04-28,鳳山區,SE6 青蔥 粉蔥 ,22.7,21.3,18.4,20.99,2.24,216.0,80.0,4,6,2012,0
2012-04-29,鳳山區,SE6 青蔥 粉蔥 ,20.6,19.7,16.8,19.3,-8.05,434.0,100.93,4,7,2012,0
2012-04-30,鳳山區,SE6 青蔥 粉蔥 ,,,,,,,,4,1,2012,1
2012-05-01,鳳山區,SE6 青蔥 粉蔥 ,20.6,15.6,9.6,15.39,-20.26,730.0,68.2,5,2,2012,0
2012-05-02,鳳山區,SE6 青蔥 粉蔥 ,22.7,22.6,22.5,22.58,46.72,120.0,-83.56,5,3,2012,0
2012-05-03,鳳山區,SE6 青蔥 粉蔥 ,21.8,21.8,21.8,21.8,-3.45,120.0,0.0,5,4,2012,0
2012-05-04,鳳山區,SE6 青蔥 粉蔥 ,21.8,19.4,16.4,19.3,-11.47,486.0,305.0,5,5,2012,0
2012-05-05,鳳山區,SE6 青蔥 粉蔥 ,22.6,19.1,15.4,19.06,-1.24,489.0,0.62,5,6,2012,0
2012-05-06,鳳山區,SE6 青蔥 粉蔥 ,22.6,18.9,14.6,18.78,-1.47,543.0,11.04,5,7,2012,0
2012-05-07,鳳山區,SE6 青蔥 粉蔥 ,,,,,,,,5,1,2012,1
2012-05-08,鳳山區,SE6 青蔥 粉蔥 ,22.6,19.9,16.4,19.75,5.17,519.0,-4.42,5,2,2012,0
2012-05-09,鳳山區,SE6 青蔥 粉蔥 ,22.5,18.2,16.4,18.68,-5.42,546.0,5.2,5,3,2012,0
2012-05-10,鳳山區,SE6 青蔥 粉蔥 ,22.6,17.8,15.6,18.32,-1.93,757.0,38.64,5,4,2012,0
2012-05-11,鳳山區,SE6 青蔥 粉蔥 ,22.6,17.5,13.1,17.62,-3.82,806.0,6.47,5,5,2012,0
2012-05-12,鳳山區,SE6 青蔥 粉蔥 ,18.8,14.9,11.5,15.02,-14.76,1079.0,33.87,5,6,2012,0
2012-05-13,鳳山區,SE6 青蔥 粉蔥 ,18.5,15.1,10.5,14.89,-0.87,849.0,-21.32,5,7,2012,0
2012-05-14,鳳山區,SE6 青蔥 粉蔥 ,,,,,,,,5,1,2012,1
2012-05-15,鳳山區,SE6 青蔥 粉蔥 ,20.0,14.5,12.7,15.23,2.28,595.0,-29.92,5,2,2012,0
2012-05-16,鳳山區,SE6 青蔥 粉蔥 ,,,,,,,,5,3,2012,1
2012-05-17,鳳山區,SE6 青蔥 粉蔥 ,20.6,14.5,13.0,15.43,1.31,495.0,-16.81,5,4,2012,0
2012-05-18,鳳山區,SE6 青蔥 粉蔥 ,20.6,15.5,11.7,15.73,1.94,495.0,0.0,5,5,2012,0
2012-05-19,鳳山區,SE6 青蔥 粉蔥 ,20.0,12.8,10.5,13.74,-12.65,900.0,81.82,5,6,2012,0
2012-05-20,鳳山區,SE6 青蔥 粉蔥 ,20.6,15.4,12.0,15.77,14.77,525.0,-41.67,5,7,2012,0
2012-05-21,鳳山區,SE6 青蔥 粉蔥 ,,,,,,,,5,1,2012,1
2012-05-22,鳳山區,SE6 青蔥 粉蔥 ,20.5,15.1,11.7,15.51,-1.65,502.0,-4.38,5,2,2012,0
2012-05-23,鳳山區,SE6 青蔥 粉蔥 ,,,,,,,,5,3,2012,1
2012-05-24,鳳山區,SE6 青蔥 粉蔥 ,24.7,20.3,15.8,20.25,30.56,506.0,0.8,5,4,2012,0
2012-05-25,鳳山區,SE6 青蔥 粉蔥 ,24.7,17.0,13.9,17.89,-11.65,606.0,19.76,5,5,2012,0
2012-05-26,鳳山區,SE6 青蔥 粉蔥 ,23.0,15.6,10.9,16.16,-9.67,811.0,33.83,5,6,2012,0
2012-05-27,鳳山區,SE6 青蔥 粉蔥 ,22.6,19.1,13.9,18.77,16.15,577.0,-28.85,5,7,2012,0
2012-05-28,鳳山區,SE6 青蔥 粉蔥 ,,,,,,,,5,1,2012,1
2012-05-29,鳳山區,SE6 青蔥 粉蔥 ,22.6,15.9,12.0,16.48,-12.2,485.0,-15.94,5,2,2012,0
2012-05-30,鳳山區,SE6 青蔥 粉蔥 ,,,,,,,,5,3,2012,1
2012-05-31,鳳山區,SE6 青蔥 粉蔥 ,24.8,20.5,15.5,20.36,23.54,334.0,-31.13,5,4,2012,0
2012-06-01,鳳山區,SE6 青蔥 粉蔥 ,22.9,19.9,16.9,19.88,-2.36,502.0,50.3,6,5,2012,0
2012-06-02,鳳山區,SE6 青蔥 粉蔥 ,21.9,17.8,16.7,18.36,-7.65,611.0,21.71,6,6,2012,0
2012-06-03,鳳山區,SE6 青蔥 粉蔥 ,23.5,18.0,9.5,17.38,-5.34,926.0,51.55,6,7,2012,0
2012-06-04,鳳山區,SE6 青蔥 粉蔥 ,,,,,,,,6,1,2012,1
2012-06-05,鳳山區,SE6 青蔥 粉蔥 ,19.5,15.5,11.0,15.41,-11.33,660.0,-28.73,6,2,2012,0
2012-06-06,鳳山區,SE6 青蔥 粉蔥 ,,,,,,,,6,3,2012,1
2012-06-07,鳳山區,SE6 青蔥 粉蔥 ,23.4,15.9,10.0,16.24,5.39,773.0,17.12,6,4,2012,0
2012-06-08,鳳山區,SE6 青蔥 粉蔥 ,22.9,12.1,10.0,13.84,-14.78,718.0,-7.12,6,5,2012,0
2012-06-09,鳳山區,SE6 青蔥 粉蔥 ,,,,,,,,6,6,2012,1
2012-06-10,鳳山區,SE6 青蔥 粉蔥 ,20.8,11.4,10.0,12.99,-6.14,479.0,-33.29,6,7,2012,0
2012-06-11,鳳山區,SE6 青蔥 粉蔥 ,,,,,,,,6,1,2012,1
2012-06-12,鳳山區,SE6 青蔥 粉蔥 ,17.6,13.1,10.0,13.36,2.85,339.0,-29.23,6,2,2012,0
2012-06-13,鳳山區,SE6 青蔥 粉蔥 ,19.2,12.1,9.0,12.91,-3.37,339.0,0.0,6,3,2012,0
2012-06-14,鳳山區,SE6 青蔥 粉蔥 ,18.8,15.4,13.9,15.76,22.08,357.0,5.31,6,4,2012,0
2012-06-15,鳳山區,SE6 青蔥 粉蔥 ,18.1,18.1,18.1,18.1,14.85,210.0,-41.18,6,5,2012,0
2012-06-16,鳳山區,SE6 青蔥 粉蔥 ,,,,,,,,6,6,2012,1
2012-06-17,鳳山區,SE6 青蔥 粉蔥 ,,,,,,,,6,7,2012,1
2012-06-18,鳳山區,SE6 青蔥 粉蔥 ,,,,,,,,6,1,2012,1
2012-06-19,鳳山區,SE6 青蔥 粉蔥 ,15.0,15.0,15.0,15.0,-17.13,10.0,-95.24,6,2,2012,0
2012-06-20,鳳山區,SE6 青蔥 粉蔥 ,28.5,28.5,28.5,28.5,90.0,60.0,500.0,6,3,2012,0
2012-06-21,鳳山區,SE6 青蔥 粉蔥 ,,,,,,,,6,4,2012,1
2012-06-22,鳳山區,SE6 青蔥 粉蔥 ,27.5,27.0,26.9,27.08,-4.98,24.0,-60.0,6,5,2012,0
2012-06-23,鳳山區,SE6 青蔥 粉蔥 ,21.4,17.4,14.8,17.7,-34.64,409.0,1604.17,6,6,2012,0
2012-06-24,鳳山區,SE6 青蔥 粉蔥 ,,,,,,,,6,7,2012,1
2012-06-25,鳳山區,SE6 青蔥 粉蔥 ,,,,,,,,6,1,2012,1
2012-06-26,鳳山區,SE6 青蔥 粉蔥 ,,,,,,,,6,2,2012,1
2012-06-27,鳳山區,SE6 青蔥 粉蔥 ,35.7,35.7,35.7,35.7,101.69,126.0,-69.19,6,3,2012,0
2012-06-28,鳳山區,SE6 青蔥 粉蔥 ,,,,,,,,6,4,2012,1
2012-06-29,鳳山區,SE6 青蔥 粉蔥 ,26.3,25.9,25.7,25.93,-27.37,27.0,-78.57,6,5,2012,0
2012-06-30,鳳山區,SE6 青蔥 粉蔥 ,,,,,,,,6,6,2012,1
2012-07-01,鳳山區,SE6 青蔥 粉蔥 ,,,,,,,,7,7,2012,1
2012-07-02,鳳山區,SE6 青蔥 粉蔥 ,,,,,,,,7,1,2012,1
2012-07-03,鳳山區,SE6 青蔥 粉蔥 ,30.0,27.5,25.0,27.5,6.05,40.0,48.15,7,2,2012,0
2012-07-04,鳳山區,SE6 青蔥 粉蔥 ,,,,,,,,7,3,2012,1
2012-07-05,鳳山區,SE6 青蔥 粉蔥 ,,,,,,,,7,4,2012,1
2012-07-06,鳳山區,SE6 青蔥 粉蔥 ,,,,,,,,7,5,2012,1
2012-07-07,鳳山區,SE6 青蔥 粉蔥 ,61.3,61.1,61.0,61.11,122.22,54.0,35.0,7,6,2012,0
2012-07-08,鳳山區,SE6 青蔥 粉蔥 ,60.0,57.2,47.5,55.83,-8.64,60.0,11.11,7,7,2012,0
2012-07-09,鳳山區,SE6 青蔥 粉蔥 ,,,,,,,,7,1,2012,1
2012-07-10,鳳山區,SE6 青蔥 粉蔥 ,50.0,50.0,50.0,50.0,-10.44,40.0,-33.33,7,2,2012,0
2012-07-11,鳳山區,SE6 青蔥 粉蔥 ,,,,,,,,7,3,2012,1
2012-07-12,鳳山區,SE6 青蔥 粉蔥 ,,,,,,,,7,4,2012,1
2012-07-13,鳳山區,SE6 青蔥 粉蔥 ,,,,,,,,7,5,2012,1
2012-07-14,鳳山區,SE6 青蔥 粉蔥 ,,,,,,,,7,6,2012,1
2012-07-15,鳳山區,SE6 青蔥 粉蔥 ,11.5,11.3,11.3,11.36,-77.28,66.0,65.0,7,7,2012,0
2012-07-16,鳳山區,SE6 青蔥 粉蔥 ,,,,,,,,7,1,2012,1
2012-07-17,鳳山區,SE6 青蔥 粉蔥 ,,,,,,,,7,2,2012,1
2012-07-18,鳳山區,SE6 青蔥 粉蔥 ,,,,,,,,7,3,2012,1
2012-07-19,鳳山區,SE6 青蔥 粉蔥 ,,,,,,,,7,4,2012,1
2012-07-20,鳳山區,SE6 青蔥 粉蔥 ,,,,,,,,7,5,2012,1
2012-07-21,鳳山區,SE6 青蔥 粉蔥 ,,,,,,,,7,6,2012,1
2012-07-22,鳳山區,SE6 青蔥 粉蔥 ,,,,,,,,7,7,2012,1
2012-07-23,鳳山區,SE6 青蔥 粉蔥 ,,,,,,,,7,1,2012,1
2012-07-24,鳳山區,SE6 青蔥 粉蔥 ,,,,,,,,7,2,2012,1
2012-07-25,鳳山區,SE6 青蔥 粉蔥 ,,,,,,,,7,3,2012,1
2012-07-26,鳳山區,SE6 青蔥 粉蔥 ,,,,,,,,7,4,2012,1
2012-07-27,鳳山區,SE6 青蔥 粉蔥 ,,,,,,,,7,5,2012,1
2012-07-28,鳳山區,SE6 青蔥 粉蔥 ,27.1,26.4,26.2,26.48,133.1,219.0,231.82,7,6,2012,0
2012-07-29,鳳山區,SE6 青蔥 粉蔥 ,,,,,,,,7,7,2012,1
2012-07-30,鳳山區,SE6 青蔥 粉蔥 ,,,,,,,,7,1,2012,1
2012-07-31,鳳山區,SE6 青蔥 粉蔥 ,,,,,,,,7,2,2012,1
2012-08-01,鳳山區,SE6 青蔥 粉蔥 ,33.4,33.3,33.3,33.33,25.87,126.0,-42.47,8,3,2012,0
2012-08-02,鳳山區,SE6 青蔥 粉蔥 ,31.0,31.0,31.0,31.0,-6.99,126.0,0.0,8,4,2012,0
2012-08-03,鳳山區,SE6 青蔥 粉蔥 ,,,,,,,,8,5,2012,1
2012-08-04,鳳山區,SE6 青蔥 粉蔥 ,,,,,,,,8,6,2012,1
2012-08-05,鳳山區,SE6 青蔥 粉蔥 ,62.5,62.5,62.5,62.5,101.61,72.0,-42.86,8,7,2012,0
2012-08-06,鳳山區,SE6 青蔥 粉蔥 ,,,,,,,,8,1,2012,1
2012-08-07,鳳山區,SE6 青蔥 粉蔥 ,,,,,,,,8,2,2012,1
2012-08-08,鳳山區,SE6 青蔥 粉蔥 ,26.9,23.8,23.8,23.8,-61.92,126.0,75.0,8,3,2012,0
2012-08-09,鳳山區,SE6 青蔥 粉蔥 ,27.1,27.1,27.1,27.1,13.87,126.0,0.0,8,4,2012,0
2012-08-10,鳳山區,SE6 青蔥 粉蔥 ,,,,,,,,8,5,2012,1
2012-08-11,鳳山區,SE6 青蔥 粉蔥 ,,,,,,,,8,6,2012,1
2012-08-12,鳳山區,SE6 青蔥 粉蔥 ,,,,,,,,8,7,2012,1
2012-08-13,鳳山區,SE6 青蔥 粉蔥 ,,,,,,,,8,1,2012,1
2012-08-14,鳳山區,SE6 青蔥 粉蔥 ,,,,,,,,8,2,2012,1
2012-08-15,鳳山區,SE6 青蔥 粉蔥 ,,,,,,,,8,3,2012,1
2012-08-16,鳳山區,SE6 青蔥 粉蔥 ,,,,,,,,8,4,2012,1
2012-08-17,鳳山區,SE6 青蔥 粉蔥 ,,,,,,,,8,5,2012,1
2012-08-18,鳳山區,SE6 青蔥 粉蔥 ,,,,,,,,8,6,2012,1
2012-08-19,鳳山區,SE6 青蔥 粉蔥 ,,,,,,,,8,7,2012,1
2012-08-20,鳳山區,SE6 青蔥 粉蔥 ,,,,,,,,8,1,2012,1
2012-08-21,鳳山區,SE6 青蔥 粉蔥 ,52.8,49.1,45.2,49.06,81.03,213.0,69.05,8,2,2012,0
2012-08-22,鳳山區,SE6 青蔥 粉蔥 ,,,,,,,,8,3,2012,1
2012-08-23,鳳山區,SE6 青蔥 粉蔥 ,,,,,,,,8,4,2012,1
2012-08-24,鳳山區,SE6 青蔥 粉蔥 ,,,,,,,,8,5,2012,1
2012-08-25,鳳山區,SE6 青蔥 粉蔥 ,,,,,,,,8,6,2012,1
2012-08-26,鳳山區,SE6 青蔥 粉蔥 ,50.0,50.0,50.0,50.0,1.92,160.0,-24.88,8,7,2012,0
2012-08-27,鳳山區,SE6 青蔥 粉蔥 ,,,,,,,,8,1,2012,1
2012-08-28,鳳山區,SE6 青蔥 粉蔥 ,41.7,40.3,37.5,40.0,-20.0,240.0,50.0,8,2,2012,0
2012-08-29,鳳山區,SE6 青蔥 粉蔥 ,40.0,40.0,40.0,40.0,0.0,144.0,-40.0,8,3,2012,0
2012-08-30,鳳山區,SE6 青蔥 粉蔥 ,52.0,43.7,35.4,43.71,9.28,144.0,0.0,8,4,2012,0
2012-08-31,鳳山區,SE6 青蔥 粉蔥 ,31.3,31.3,31.3,31.3,-28.39,240.0,66.67,8,5,2012,0
2012-09-01,鳳山區,SE6 青蔥 粉蔥 ,,,,,,,,9,6,2012,1
2012-09-02,鳳山區,SE6 青蔥 粉蔥 ,,,,,,,,9,7,2012,1
2012-09-03,鳳山區,SE6 青蔥 粉蔥 ,,,,,,,,9,1,2012,1
2012-09-04,鳳山區,SE6 青蔥 粉蔥 ,,,,,,,,9,2,2012,1
2012-09-05,鳳山區,SE6 青蔥 粉蔥 ,,,,,,,,9,3,2012,1
2012-09-06,鳳山區,SE6 青蔥 粉蔥 ,45.3,45.2,45.2,45.22,44.47,63.0,-73.75,9,4,2012,0
2012-09-07,鳳山區,SE6 青蔥 粉蔥 ,,,,,,,,9,5,2012,1
2012-09-08,鳳山區,SE6 青蔥 粉蔥 ,,,,,,,,9,6,2012,1
2012-09-09,鳳山區,SE6 青蔥 粉蔥 ,79.2,79.2,79.2,79.2,75.14,72.0,14.29,9,7,2012,0
2012-09-10,鳳山區,SE6 青蔥 粉蔥 ,,,,,,,,9,1,2012,1
2012-09-11,鳳山區,SE6 青蔥 粉蔥 ,79.2,74.5,58.3,72.22,-8.81,144.0,100.0,9,2,2012,0
2012-09-12,鳳山區,SE6 青蔥 粉蔥 ,70.9,59.4,45.2,58.84,-18.53,199.0,38.19,9,3,2012,0
2012-09-13,鳳山區,SE6 青蔥 粉蔥 ,72.8,66.6,66.6,67.88,15.36,137.0,-31.16,9,4,2012,0
2012-09-14,鳳山區,SE6 青蔥 粉蔥 ,75.0,56.0,10.0,50.58,-25.49,172.0,25.55,9,5,2012,0
2012-09-15,鳳山區,SE6 青蔥 粉蔥 ,75.1,73.1,71.4,73.17,44.66,82.0,-52.33,9,6,2012,0
2012-09-16,鳳山區,SE6 青蔥 粉蔥 ,75.0,73.6,71.4,73.46,0.4,147.0,79.27,9,7,2012,0
2012-09-17,鳳山區,SE6 青蔥 粉蔥 ,,,,,,,,9,1,2012,1
2012-09-18,鳳山區,SE6 青蔥 粉蔥 ,,,,,,,,9,2,2012,1
2012-09-19,鳳山區,SE6 青蔥 粉蔥 ,71.4,71.4,71.4,71.4,-2.8,42.0,-71.43,9,3,2012,0
2012-09-20,鳳山區,SE6 青蔥 粉蔥 ,,,,,,,,9,4,2012,1
2012-09-21,鳳山區,SE6 青蔥 粉蔥 ,,,,,,,,9,5,2012,1
2012-09-22,鳳山區,SE6 青蔥 粉蔥 ,,,,,,,,9,6,2012,1
2012-09-23,鳳山區,SE6 青蔥 粉蔥 ,,,,,,,,9,7,2012,1
2012-09-24,鳳山區,SE6 青蔥 粉蔥 ,,,,,,,,9,1,2012,1
2012-09-25,鳳山區,SE6 青蔥 粉蔥 ,,,,,,,,9,2,2012,1
2012-09-26,鳳山區,SE6 青蔥 粉蔥 ,,,,,,,,9,3,2012,1
2012-09-27,鳳山區,SE6 青蔥 粉蔥 ,,,,,,,,9,4,2012,1
2012-09-28,鳳山區,SE6 青蔥 粉蔥 ,,,,,,,,9,5,2012,1
2012-09-29,鳳山區,SE6 青蔥 粉蔥 ,,,,,,,,9,6,2012,1
2012-09-30,鳳山區,SE6 青蔥 粉蔥 ,,,,,,,,9,7,2012,1
2012-10-01,鳳山區,SE6 青蔥 粉蔥 ,,,,,,,,10,1,2012,1
2012-10-02,鳳山區,SE6 青蔥 粉蔥 ,,,,,,,,10,2,2012,1
2012-10-03,鳳山區,SE6 青蔥 粉蔥 ,50.0,50.0,50.0,50.0,-29.97,24.0,-42.86,10,3,2012,0
2012-10-04,鳳山區,SE6 青蔥 粉蔥 ,,,,,,,,10,4,2012,1
2012-10-05,鳳山區,SE6 青蔥 粉蔥 ,,,,,,,,10,5,2012,1
2012-10-06,鳳山區,SE6 青蔥 粉蔥 ,,,,,,,,10,6,2012,1
2012-10-07,鳳山區,SE6 青蔥 粉蔥 ,,,,,,,,10,7,2012,1
2012-10-08,鳳山區,SE6 青蔥 粉蔥 ,,,,,,,,10,1,2012,1
2012-10-09,鳳山區,SE6 青蔥 粉蔥 ,,,,,,,,10,2,2012,1
2012-10-10,鳳山區,SE6 青蔥 粉蔥 ,,,,,,,,10,3,2012,1
2012-10-11,鳳山區,SE6 青蔥 粉蔥 ,,,,,,,,10,4,2012,1
2012-10-12,鳳山區,SE6 青蔥 粉蔥 ,,,,,,,,10,5,2012,1
2012-10-13,鳳山區,SE6 青蔥 粉蔥 ,,,,,,,,10,6,2012,1
2012-10-14,鳳山區,SE6 青蔥 粉蔥 ,,,,,,,,10,7,2012,1
2012-10-15,鳳山區,SE6 青蔥 粉蔥 ,,,,,,,,10,1,2012,1
2012-10-16,鳳山區,SE6 青蔥 粉蔥 ,,,,,,,,10,2,2012,1
2012-10-17,鳳山區,SE6 青蔥 粉蔥 ,,,,,,,,10,3,2012,1
2012-10-18,鳳山區,SE6 青蔥 粉蔥 ,38.9,36.3,34.2,36.36,-27.28,319.0,1229.17,10,4,2012,0
2012-10-19,鳳山區,SE6 青蔥 粉蔥 ,28.5,17.8,14.2,19.19,-47.22,457.0,43.26,10,5,2012,0
2012-10-20,鳳山區,SE6 青蔥 粉蔥 ,,,,,,,,10,6,2012,1
2012-10-21,鳳山區,SE6 青蔥 粉蔥 ,,,,,,,,10,7,2012,1
2012-10-22,鳳山區,SE6 青蔥 粉蔥 ,,,,,,,,10,1,2012,1
2012-10-23,鳳山區,SE6 青蔥 粉蔥 ,,,,,,,,10,2,2012,1
2012-10-24,鳳山區,SE6 青蔥 粉蔥 ,,,,,,,,10,3,2012,1
2012-10-25,鳳山區,SE6 青蔥 粉蔥 ,25.0,25.0,25.0,25.0,30.28,72.0,-84.25,10,4,2012,0
2012-10-26,鳳山區,SE6 青蔥 粉蔥 ,22.5,22.5,22.5,22.5,-10.0,40.0,-44.44,10,5,2012,0
2012-10-27,鳳山區,SE6 青蔥 粉蔥 ,,,,,,,,10,6,2012,1
2012-10-28,鳳山區,SE6 青蔥 粉蔥 ,,,,,,,,10,7,2012,1
2012-10-29,鳳山區,SE6 青蔥 粉蔥 ,,,,,,,,10,1,2012,1
2012-10-30,鳳山區,SE6 青蔥 粉蔥 ,,,,,,,,10,2,2012,1
2012-10-31,鳳山區,SE6 青蔥 粉蔥 ,,,,,,,,10,3,2012,1
2012-11-01,鳳山區,SE6 青蔥 粉蔥 ,,,,,,,,11,4,2012,1
2012-11-02,鳳山區,SE6 青蔥 粉蔥 ,,,,,,,,11,5,2012,1
2012-11-03,鳳山區,SE6 青蔥 粉蔥 ,,,,,,,,11,6,2012,1
2012-11-04,鳳山區,SE6 青蔥 粉蔥 ,,,,,,,,11,7,2012,1
2012-11-05,鳳山區,SE6 青蔥 粉蔥 ,,,,,,,,11,1,2012,1
2012-11-06,鳳山區,SE6 青蔥 粉蔥 ,,,,,,,,11,2,2012,1
2012-11-07,鳳山區,SE6 青蔥 粉蔥 ,,,,,,,,11,3,2012,1
2012-11-08,鳳山區,SE6 青蔥 粉蔥 ,,,,,,,,11,4,2012,1
2012-11-09,鳳山區,SE6 青蔥 粉蔥 ,,,,,,,,11,5,2012,1
2012-11-10,鳳山區,SE6 青蔥 粉蔥 ,,,,,,,,11,6,2012,1
2012-11-11,鳳山區,SE6 青蔥 粉蔥 ,,,,,,,,11,7,2012,1
2012-11-12,鳳山區,SE6 青蔥 粉蔥 ,,,,,,,,11,1,2012,1
2012-11-13,鳳山區,SE6 青蔥 粉蔥 ,,,,,,,,11,2,2012,1
2012-11-14,鳳山區,SE6 青蔥 粉蔥 ,,,,,,,,11,3,2012,1
2012-11-15,鳳山區,SE6 青蔥 粉蔥 ,,,,,,,,11,4,2012,1
2012-11-16,鳳山區,SE6 青蔥 粉蔥 ,,,,,,,,11,5,2012,1
2012-11-17,鳳山區,SE6 青蔥 粉蔥 ,15.0,15.0,15.0,15.0,-33.33,72.0,80.0,11,6,2012,0
2012-11-18,鳳山區,SE6 青蔥 粉蔥 ,20.0,15.0,12.5,15.5,3.33,100.0,38.89,11,7,2012,0
2012-11-19,鳳山區,SE6 青蔥 粉蔥 ,,,,,,,,11,1,2012,1
2012-11-20,鳳山區,SE6 青蔥 粉蔥 ,,,,,,,,11,2,2012,1
2012-11-21,鳳山區,SE6 青蔥 粉蔥 ,18.3,12.1,11.9,13.31,-14.13,541.0,441.0,11,3,2012,0
2012-11-22,鳳山區,SE6 青蔥 粉蔥 ,12.5,11.2,10.0,11.23,-15.63,285.0,-47.32,11,4,2012,0
2012-11-23,鳳山區,SE6 青蔥 粉蔥 ,15.0,13.8,11.9,13.63,21.37,286.0,0.35,11,5,2012,0
2012-11-24,鳳山區,SE6 青蔥 粉蔥 ,18.8,12.5,10.0,13.23,-2.93,665.0,132.52,11,6,2012,0
2012-11-25,鳳山區,SE6 青蔥 粉蔥 ,15.0,10.2,8.0,10.74,-18.82,420.0,-36.84,11,7,2012,0
2012-11-26,鳳山區,SE6 青蔥 粉蔥 ,,,,,,,,11,1,2012,1
2012-11-27,鳳山區,SE6 青蔥 粉蔥 ,15.0,15.0,15.0,15.0,39.66,60.0,-85.71,11,2,2012,0
2012-11-28,鳳山區,SE6 青蔥 粉蔥 ,,,,,,,,11,3,2012,1
2012-11-29,鳳山區,SE6 青蔥 粉蔥 ,16.7,15.2,10.0,14.44,-3.73,54.0,-10.0,11,4,2012,0
2012-11-30,鳳山區,SE6 青蔥 粉蔥 ,,,,,,,,11,5,2012,1
2012-12-01,鳳山區,SE6 青蔥 粉蔥 ,12.8,12.8,12.8,12.8,-11.36,54.0,0.0,12,6,2012,0
2012-12-02,鳳山區,SE6 青蔥 粉蔥 ,14.4,12.4,11.9,12.7,-0.78,63.0,16.67,12,7,2012,0
2012-12-03,鳳山區,SE6 青蔥 粉蔥 ,,,,,,,,12,1,2012,1
2012-12-04,鳳山區,SE6 青蔥 粉蔥 ,,,,,,,,12,2,2012,1
2012-12-05,鳳山區,SE6 青蔥 粉蔥 ,20.0,20.0,20.0,20.0,57.48,20.0,-68.25,12,3,2012,0
2012-12-06,鳳山區,SE6 青蔥 粉蔥 ,12.5,12.5,12.5,12.5,-37.5,120.0,500.0,12,4,2012,0
2012-12-07,鳳山區,SE6 青蔥 粉蔥 ,22.5,22.5,22.5,22.5,80.0,40.0,-66.67,12,5,2012,0
2012-12-08,鳳山區,SE6 青蔥 粉蔥 ,20.0,20.0,20.0,20.0,-11.11,60.0,50.0,12,6,2012,0
2012-12-09,鳳山區,SE6 青蔥 粉蔥 ,10.0,10.0,10.0,10.0,-50.0,125.0,108.33,12,7,2012,0
2012-12-10,鳳山區,SE6 青蔥 粉蔥 ,,,,,,,,12,1,2012,1
2012-12-11,鳳山區,SE6 青蔥 粉蔥 ,,,,,,,,12,2,2012,1
2012-12-12,鳳山區,SE6 青蔥 粉蔥 ,26.3,26.1,26.0,26.1,161.0,20.0,-84.0,12,3,2012,0
2012-12-13,鳳山區,SE6 青蔥 粉蔥 ,,,,,,,,12,4,2012,1
2012-12-14,鳳山區,SE6 青蔥 粉蔥 ,,,,,,,,12,5,2012,1
2012-12-15,鳳山區,SE6 青蔥 粉蔥 ,,,,,,,,12,6,2012,1
2012-12-16,鳳山區,SE6 青蔥 粉蔥 ,,,,,,,,12,7,2012,1
2012-12-17,鳳山區,SE6 青蔥 粉蔥 ,,,,,,,,12,1,2012,1
2012-12-18,鳳山區,SE6 青蔥 粉蔥 ,12.9,9.9,7.0,9.94,-61.92,233.0,1065.0,12,2,2012,0
2012-12-19,鳳山區,SE6 青蔥 粉蔥 ,9.9,8.6,7.4,8.63,-13.18,80.0,-65.67,12,3,2012,0
2012-12-20,鳳山區,SE6 青蔥 粉蔥 ,9.4,8.9,7.0,8.6,-0.35,126.0,57.5,12,4,2012,0
2012-12-21,鳳山區,SE6 青蔥 粉蔥 ,,,,,,,,12,5,2012,1
2012-12-22,鳳山區,SE6 青蔥 粉蔥 ,15.0,11.0,7.4,11.09,28.95,460.0,265.08,12,6,2012,0
2012-12-23,鳳山區,SE6 青蔥 粉蔥 ,14.6,12.6,10.0,12.5,12.71,216.0,-53.04,12,7,2012,0
2012-12-24,鳳山區,SE6 青蔥 粉蔥 ,,,,,,,,12,1,2012,1
2012-12-25,鳳山區,SE6 青蔥 粉蔥 ,,,,,,,,12,2,2012,1
2012-12-26,鳳山區,SE6 青蔥 粉蔥 ,19.0,18.7,17.4,18.48,47.84,80.0,-62.96,12,3,2012,0
2012-12-27,鳳山區,SE6 青蔥 粉蔥 ,16.0,9.3,7.0,10.19,-44.86,203.0,153.75,12,4,2012,0
2012-12-28,鳳山區,SE6 青蔥 粉蔥 ,17.5,13.4,10.0,13.55,32.97,531.0,161.58,12,5,2012,0
2012-12-29,鳳山區,SE6 青蔥 粉蔥 ,,,,,,,,12,6,2012,1
2012-12-30,鳳山區,SE6 青蔥 粉蔥 ,17.4,13.9,10.8,13.95,2.95,577.0,8.66,12,7,2012,0
2012-12-31,鳳山區,SE6 青蔥 粉蔥 ,,,,,,,,12,1,2012,1
2013-01-01,鳳山區,SE6 青蔥 粉蔥 ,15.0,14.0,10.0,13.39,-4.01,248.0,-57.02,1,2,2013,0
2013-01-02,鳳山區,SE6 青蔥 粉蔥 ,17.5,16.0,12.9,15.67,17.03,300.0,20.97,1,3,2013,0
2013-01-03,鳳山區,SE6 青蔥 粉蔥 ,15.1,13.6,12.5,13.66,-12.83,183.0,-39.0,1,4,2013,0
2013-01-04,鳳山區,SE6 青蔥 粉蔥 ,15.0,15.0,15.0,15.0,9.81,20.0,-89.07,1,5,2013,0
2013-01-05,鳳山區,SE6 青蔥 粉蔥 ,15.7,12.9,9.8,12.86,-14.27,692.0,3360.0,1,6,2013,0
2013-01-06,鳳山區,SE6 青蔥 粉蔥 ,11.1,9.9,9.5,10.05,-21.85,1267.0,83.09,1,7,2013,0
2013-01-07,鳳山區,SE6 青蔥 粉蔥 ,,,,,,,,1,1,2013,1
2013-01-08,鳳山區,SE6 青蔥 粉蔥 ,14.1,9.9,9.5,10.66,6.07,666.0,-47.43,1,2,2013,0
2013-01-09,鳳山區,SE6 青蔥 粉蔥 ,,,,,,,,1,3,2013,1
2013-01-10,鳳山區,SE6 青蔥 粉蔥 ,,,,,,,,1,4,2013,1
2013-01-11,鳳山區,SE6 青蔥 粉蔥 ,14.3,10.4,10.0,11.11,4.22,162.0,-75.68,1,5,2013,0
2013-01-12,鳳山區,SE6 青蔥 粉蔥 ,11.9,10.0,10.0,10.38,-6.57,266.0,64.2,1,6,2013,0
2013-01-13,鳳山區,SE6 青蔥 粉蔥 ,14.4,11.7,9.0,11.71,12.81,82.0,-69.17,1,7,2013,0
2013-01-14,鳳山區,SE6 青蔥 粉蔥 ,,,,,,,,1,1,2013,1
2013-01-15,鳳山區,SE6 青蔥 粉蔥 ,10.0,10.0,10.0,10.0,-14.6,40.0,-51.22,1,2,2013,0
2013-01-16,鳳山區,SE6 青蔥 粉蔥 ,,,,,,,,1,3,2013,1
2013-01-17,鳳山區,SE6 青蔥 粉蔥 ,10.0,10.0,10.0,10.0,0.0,60.0,50.0,1,4,2013,0
2013-01-18,鳳山區,SE6 青蔥 粉蔥 ,10.0,10.0,10.0,10.0,0.0,40.0,-33.33,1,5,2013,0
2013-01-19,鳳山區,SE6 青蔥 粉蔥 ,,,,,,,,1,6,2013,1
2013-01-20,鳳山區,SE6 青蔥 粉蔥 ,,,,,,,,1,7,2013,1
2013-01-21,鳳山區,SE6 青蔥 粉蔥 ,,,,,,,,1,1,2013,1
2013-01-22,鳳山區,SE6 青蔥 粉蔥 ,10.0,10.0,10.0,10.0,0.0,69.0,72.5,1,2,2013,0
2013-01-23,鳳山區,SE6 青蔥 粉蔥 ,,,,,,,,1,3,2013,1
2013-01-24,鳳山區,SE6 青蔥 粉蔥 ,10.0,7.5,5.0,7.48,-25.2,416.0,502.9,1,4,2013,0
2013-01-25,鳳山區,SE6 青蔥 粉蔥 ,10.1,9.0,8.3,9.04,20.86,94.0,-77.4,1,5,2013,0
2013-01-26,鳳山區,SE6 青蔥 粉蔥 ,15.0,10.9,7.5,11.05,22.23,76.0,-19.15,1,6,2013,0
2013-01-27,鳳山區,SE6 青蔥 粉蔥 ,16.7,16.7,16.7,16.7,51.13,36.0,-52.63,1,7,2013,0
2013-01-28,鳳山區,SE6 青蔥 粉蔥 ,,,,,,,,1,1,2013,1
2013-01-29,鳳山區,SE6 青蔥 粉蔥 ,10.0,10.0,10.0,10.0,-40.12,135.0,275.0,1,2,2013,0
2013-01-30,鳳山區,SE6 青蔥 粉蔥 ,16.7,16.7,16.7,16.7,67.0,15.0,-88.89,1,3,2013,0
2013-01-31,鳳山區,SE6 青蔥 粉蔥 ,15.0,12.0,10.0,12.21,-26.89,140.0,833.33,1,4,2013,0
2013-02-01,鳳山區,SE6 青蔥 粉蔥 ,15.0,15.0,15.0,15.0,22.85,44.0,-68.57,2,5,2013,0
2013-02-02,鳳山區,SE6 青蔥 粉蔥 ,11.0,10.5,10.2,10.5,-30.0,19.0,-56.82,2,6,2013,0
2013-02-03,鳳山區,SE6 青蔥 粉蔥 ,13.9,13.5,12.5,13.39,27.52,56.0,194.74,2,7,2013,0
2013-02-04,鳳山區,SE6 青蔥 粉蔥 ,,,,,,,,2,1,2013,1
2013-02-05,鳳山區,SE6 青蔥 粉蔥 ,14.7,13.0,11.9,13.11,-2.09,90.0,60.71,2,2,2013,0
2013-02-06,鳳山區,SE6 青蔥 粉蔥 ,13.9,13.9,13.9,13.9,6.03,36.0,-60.0,2,3,2013,0
2013-02-07,鳳山區,SE6 青蔥 粉蔥 ,15.0,15.0,15.0,15.0,7.91,18.0,-50.0,2,4,2013,0
2013-02-08,鳳山區,SE6 青蔥 粉蔥 ,,,,,,,,2,5,2013,1
2013-02-09,鳳山區,SE6 青蔥 粉蔥 ,,,,,,,,2,6,2013,1
2013-02-10,鳳山區,SE6 青蔥 粉蔥 ,,,,,,,,2,7,2013,1
2013-02-11,鳳山區,SE6 青蔥 粉蔥 ,,,,,,,,2,1,2013,1
2013-02-12,鳳山區,SE6 青蔥 粉蔥 ,,,,,,,,2,2,2013,1
2013-02-13,鳳山區,SE6 青蔥 粉蔥 ,,,,,,,,2,3,2013,1
2013-02-14,鳳山區,SE6 青蔥 粉蔥 ,,,,,,,,2,4,2013,1
2013-02-15,鳳山區,SE6 青蔥 粉蔥 ,,,,,,,,2,5,2013,1
2013-02-16,鳳山區,SE6 青蔥 粉蔥 ,18.9,18.9,18.9,18.9,26.0,36.0,100.0,2,6,2013,0
2013-02-17,鳳山區,SE6 青蔥 粉蔥 ,18.4,18.2,17.5,18.11,-4.18,74.0,105.56,2,7,2013,0
2013-02-18,鳳山區,SE6 青蔥 粉蔥 ,,,,,,,,2,1,2013,1
2013-02-19,鳳山區,SE6 青蔥 粉蔥 ,19.4,15.6,15.0,16.26,-10.22,334.0,351.35,2,2,2013,0
2013-02-20,鳳山區,SE6 青蔥 粉蔥 ,15.0,15.0,15.0,15.0,-7.75,20.0,-94.01,2,3,2013,0
2013-02-21,鳳山區,SE6 青蔥 粉蔥 ,14.4,12.3,11.1,12.46,-16.93,281.0,1305.0,2,4,2013,0
2013-02-22,鳳山區,SE6 青蔥 粉蔥 ,,,,,,,,2,5,2013,1
2013-02-23,鳳山區,SE6 青蔥 粉蔥 ,14.9,12.6,12.5,13.02,4.49,285.0,1.42,2,6,2013,0
2013-02-24,鳳山區,SE6 青蔥 粉蔥 ,14.1,12.5,12.4,12.79,-1.77,427.0,49.82,2,7,2013,0
2013-02-25,鳳山區,SE6 青蔥 粉蔥 ,,,,,,,,2,1,2013,1
2013-02-26,鳳山區,SE6 青蔥 粉蔥 ,,,,,,,,2,2,2013,1
2013-02-27,鳳山區,SE6 青蔥 粉蔥 ,15.0,15.0,15.0,15.0,17.28,20.0,-95.32,2,3,2013,0
2013-02-28,鳳山區,SE6 青蔥 粉蔥 ,14.5,12.9,9.0,12.42,-17.2,388.0,1840.0,2,4,2013,0
2013-03-01,鳳山區,SE6 青蔥 粉蔥 ,13.4,8.0,7.5,8.97,-27.78,546.0,40.72,3,5,2013,0
2013-03-02,鳳山區,SE6 青蔥 粉蔥 ,15.1,14.7,13.9,14.58,62.54,168.0,-69.23,3,6,2013,0
2013-03-03,鳳山區,SE6 青蔥 粉蔥 ,10.4,7.5,7.2,8.03,-44.92,274.0,63.1,3,7,2013,0
2013-03-04,鳳山區,SE6 青蔥 粉蔥 ,,,,,,,,3,1,2013,1
2013-03-05,鳳山區,SE6 青蔥 粉蔥 ,13.9,13.9,13.9,13.9,73.1,72.0,-73.72,3,2,2013,0
2013-03-06,鳳山區,SE6 青蔥 粉蔥 ,12.6,12.0,11.3,11.96,-13.96,46.0,-36.11,3,3,2013,0
2013-03-07,鳳山區,SE6 青蔥 粉蔥 ,12.6,11.9,11.7,11.98,0.17,106.0,130.43,3,4,2013,0
2013-03-08,鳳山區,SE6 青蔥 粉蔥 ,15.1,10.9,7.1,10.98,-8.35,41.0,-61.32,3,5,2013,0
2013-03-09,鳳山區,SE6 青蔥 粉蔥 ,14.6,13.1,11.9,13.17,19.95,319.0,678.05,3,6,2013,0
2013-03-10,鳳山區,SE6 青蔥 粉蔥 ,15.0,13.8,9.7,13.21,0.3,299.0,-6.27,3,7,2013,0
2013-03-11,鳳山區,SE6 青蔥 粉蔥 ,,,,,,,,3,1,2013,1
2013-03-12,鳳山區,SE6 青蔥 粉蔥 ,15.2,14.6,14.2,14.62,10.67,65.0,-78.26,3,2,2013,0
2013-03-13,鳳山區,SE6 青蔥 粉蔥 ,15.0,12.9,7.5,12.22,-16.42,108.0,66.15,3,3,2013,0
2013-03-14,鳳山區,SE6 青蔥 粉蔥 ,,,,,,,,3,4,2013,1
2013-03-15,鳳山區,SE6 青蔥 粉蔥 ,14.5,11.5,9.0,11.58,-5.24,120.0,11.11,3,5,2013,0
2013-03-16,鳳山區,SE6 青蔥 粉蔥 ,12.5,10.8,10.0,10.96,-5.35,260.0,116.67,3,6,2013,0
2013-03-17,鳳山區,SE6 青蔥 粉蔥 ,14.7,11.9,11.5,12.38,12.96,84.0,-67.69,3,7,2013,0
2013-03-18,鳳山區,SE6 青蔥 粉蔥 ,,,,,,,,3,1,2013,1
2013-03-19,鳳山區,SE6 青蔥 粉蔥 ,14.7,14.6,14.5,14.58,17.77,120.0,42.86,3,2,2013,0
2013-03-20,鳳山區,SE6 青蔥 粉蔥 ,,,,,,,,3,3,2013,1
2013-03-21,鳳山區,SE6 青蔥 粉蔥 ,,,,,,,,3,4,2013,1
2013-03-22,鳳山區,SE6 青蔥 粉蔥 ,10.0,10.0,10.0,10.0,-31.41,60.0,-50.0,3,5,2013,0
2013-03-23,鳳山區,SE6 青蔥 粉蔥 ,13.4,13.3,12.7,13.21,32.1,140.0,133.33,3,6,2013,0
2013-03-24,鳳山區,SE6 青蔥 粉蔥 ,12.5,12.5,12.5,12.5,-5.37,20.0,-85.71,3,7,2013,0
2013-03-25,鳳山區,SE6 青蔥 粉蔥 ,,,,,,,,3,1,2013,1
2013-03-26,鳳山區,SE6 青蔥 粉蔥 ,14.6,14.6,13.1,14.29,14.32,168.0,740.0,3,2,2013,0
2013-03-27,鳳山區,SE6 青蔥 粉蔥 ,14.8,14.6,14.6,14.62,2.31,186.0,10.71,3,3,2013,0
2013-03-28,鳳山區,SE6 青蔥 粉蔥 ,,,,,,,,3,4,2013,1
2013-03-29,鳳山區,SE6 青蔥 粉蔥 ,14.8,14.2,12.2,13.91,-4.86,388.0,108.6,3,5,2013,0
2013-03-30,鳳山區,SE6 青蔥 粉蔥 ,14.7,14.6,14.5,14.58,4.82,120.0,-69.07,3,6,2013,0
2013-03-31,鳳山區,SE6 青蔥 粉蔥 ,15.9,15.8,15.8,15.83,8.57,120.0,0.0,3,7,2013,0
2013-04-01,鳳山區,SE6 青蔥 粉蔥 ,,,,,,,,4,1,2013,1
2013-04-02,鳳山區,SE6 青蔥 粉蔥 ,15.9,15.8,15.8,15.83,0.0,120.0,0.0,4,2,2013,0
2013-04-03,鳳山區,SE6 青蔥 粉蔥 ,15.0,15.0,15.0,15.0,-5.24,40.0,-66.67,4,3,2013,0
2013-04-04,鳳山區,SE6 青蔥 粉蔥 ,,,,,,,,4,4,2013,1
2013-04-05,鳳山區,SE6 青蔥 粉蔥 ,,,,,,,,4,5,2013,1
2013-04-06,鳳山區,SE6 青蔥 粉蔥 ,,,,,,,,4,6,2013,1
2013-04-07,鳳山區,SE6 青蔥 粉蔥 ,,,,,,,,4,7,2013,1
2013-04-08,鳳山區,SE6 青蔥 粉蔥 ,,,,,,,,4,1,2013,1
2013-04-09,鳳山區,SE6 青蔥 粉蔥 ,,,,,,,,4,2,2013,1
2013-04-10,鳳山區,SE6 青蔥 粉蔥 ,16.7,15.8,15.0,15.79,5.27,152.0,280.0,4,3,2013,0
2013-04-11,鳳山區,SE6 青蔥 粉蔥 ,15.0,15.0,15.0,15.0,-5.0,180.0,18.42,4,4,2013,0
2013-04-12,鳳山區,SE6 青蔥 粉蔥 ,,,,,,,,4,5,2013,1
2013-04-13,鳳山區,SE6 青蔥 粉蔥 ,16.7,12.7,11.0,13.15,-12.33,520.0,188.89,4,6,2013,0
2013-04-14,鳳山區,SE6 青蔥 粉蔥 ,15.1,10.0,10.0,11.02,-16.2,780.0,50.0,4,7,2013,0
2013-04-15,鳳山區,SE6 青蔥 粉蔥 ,,,,,,,,4,1,2013,1
2013-04-16,鳳山區,SE6 青蔥 粉蔥 ,16.7,12.8,7.5,12.5,13.43,480.0,-38.46,4,2,2013,0
2013-04-17,鳳山區,SE6 青蔥 粉蔥 ,11.6,8.6,5.7,8.61,-31.12,396.0,-17.5,4,3,2013,0
2013-04-18,鳳山區,SE6 青蔥 粉蔥 ,15.0,12.2,10.0,12.29,42.74,323.0,-18.43,4,4,2013,0
2013-04-19,鳳山區,SE6 青蔥 粉蔥 ,,,,,,,,4,5,2013,1
2013-04-20,鳳山區,SE6 青蔥 粉蔥 ,12.5,7.6,4.0,7.85,-36.13,911.0,182.04,4,6,2013,0
2013-04-21,鳳山區,SE6 青蔥 粉蔥 ,12.5,8.4,5.9,8.73,11.21,576.0,-36.77,4,7,2013,0
2013-04-22,鳳山區,SE6 青蔥 粉蔥 ,,,,,,,,4,1,2013,1
2013-04-23,鳳山區,SE6 青蔥 粉蔥 ,13.8,11.1,9.2,11.27,29.1,646.0,12.15,4,2,2013,0
2013-04-24,鳳山區,SE6 青蔥 粉蔥 ,14.2,9.3,4.8,9.36,-16.95,472.0,-26.93,4,3,2013,0
2013-04-25,鳳山區,SE6 青蔥 粉蔥 ,15.0,12.9,8.3,12.39,32.37,339.0,-28.18,4,4,2013,0
2013-04-26,鳳山區,SE6 青蔥 粉蔥 ,,,,,,,,4,5,2013,1
2013-04-27,鳳山區,SE6 青蔥 粉蔥 ,15.0,14.9,14.6,14.84,19.77,128.0,-62.24,4,6,2013,0
2013-04-28,鳳山區,SE6 青蔥 粉蔥 ,19.2,18.4,8.3,16.54,11.46,78.0,-39.06,4,7,2013,0
2013-04-29,鳳山區,SE6 青蔥 粉蔥 ,,,,,,,,4,1,2013,1
2013-04-30,鳳山區,SE6 青蔥 粉蔥 ,19.0,16.4,11.9,16.01,-3.2,356.0,356.41,4,2,2013,0
2013-05-01,鳳山區,SE6 青蔥 粉蔥 ,19.0,15.6,11.4,15.43,-3.62,348.0,-2.25,5,3,2013,0
2013-05-02,鳳山區,SE6 青蔥 粉蔥 ,,,,,,,,5,4,2013,1
2013-05-03,鳳山區,SE6 青蔥 粉蔥 ,20.8,17.3,6.6,15.88,2.92,340.0,-2.3,5,5,2013,0
2013-05-04,鳳山區,SE6 青蔥 粉蔥 ,20.0,17.4,12.5,16.94,6.68,248.0,-27.06,5,6,2013,0
2013-05-05,鳳山區,SE6 青蔥 粉蔥 ,20.0,12.7,12.5,14.14,-16.53,374.0,50.81,5,7,2013,0
2013-05-06,鳳山區,SE6 青蔥 粉蔥 ,,,,,,,,5,1,2013,1
2013-05-07,鳳山區,SE6 青蔥 粉蔥 ,16.0,12.5,12.5,13.19,-6.72,288.0,-22.99,5,2,2013,0
2013-05-08,鳳山區,SE6 青蔥 粉蔥 ,17.5,12.9,12.5,13.75,4.25,80.0,-72.22,5,3,2013,0
2013-05-09,鳳山區,SE6 青蔥 粉蔥 ,20.0,14.6,11.9,15.13,10.04,300.0,275.0,5,4,2013,0
2013-05-10,鳳山區,SE6 青蔥 粉蔥 ,18.3,13.5,11.9,14.15,-6.48,417.0,39.0,5,5,2013,0
2013-05-11,鳳山區,SE6 青蔥 粉蔥 ,15.0,13.9,12.5,13.86,-2.05,352.0,-15.59,5,6,2013,0
2013-05-12,鳳山區,SE6 青蔥 粉蔥 ,,,,,,,,5,7,2013,1
2013-05-13,鳳山區,SE6 青蔥 粉蔥 ,,,,,,,,5,1,2013,1
2013-05-14,鳳山區,SE6 青蔥 粉蔥 ,17.5,13.8,6.0,12.99,-6.28,184.0,-47.73,5,2,2013,0
2013-05-15,鳳山區,SE6 青蔥 粉蔥 ,15.0,13.6,12.5,13.64,5.0,220.0,19.57,5,3,2013,0
2013-05-16,鳳山區,SE6 青蔥 粉蔥 ,17.5,16.1,12.5,15.66,14.81,272.0,23.64,5,4,2013,0
2013-05-17,鳳山區,SE6 青蔥 粉蔥 ,15.0,15.0,15.0,15.0,-4.21,180.0,-33.82,5,5,2013,0
2013-05-18,鳳山區,SE6 青蔥 粉蔥 ,16.4,11.4,5.7,11.27,-24.87,710.0,294.44,5,6,2013,0
2013-05-19,鳳山區,SE6 青蔥 粉蔥 ,16.5,13.0,8.5,12.77,13.31,685.0,-3.52,5,7,2013,0
2013-05-20,鳳山區,SE6 青蔥 粉蔥 ,,,,,,,,5,1,2013,1
2013-05-21,鳳山區,SE6 青蔥 粉蔥 ,20.0,11.5,6.2,12.16,-4.78,222.0,-67.59,5,2,2013,0
2013-05-22,鳳山區,SE6 青蔥 粉蔥 ,22.5,19.5,15.2,19.23,58.14,220.0,-0.9,5,3,2013,0
2013-05-23,鳳山區,SE6 青蔥 粉蔥 ,22.0,16.4,8.6,15.94,-17.11,448.0,103.64,5,4,2013,0
2013-05-24,鳳山區,SE6 青蔥 粉蔥 ,21.3,13.2,10.0,10.14,-36.39,531.0,18.53,5,5,2013,0
2013-05-25,鳳山區,SE6 青蔥 粉蔥 ,17.5,15.7,15.0,15.89,56.71,280.0,-47.27,5,6,2013,0
2013-05-26,鳳山區,SE6 青蔥 粉蔥 ,,,,,,,,5,7,2013,1
2013-05-27,鳳山區,SE6 青蔥 粉蔥 ,,,,,,,,5,1,2013,1
2013-05-28,鳳山區,SE6 青蔥 粉蔥 ,,,,,,,,5,2,2013,1
2013-05-29,鳳山區,SE6 青蔥 粉蔥 ,27.5,27.5,27.5,27.5,73.06,100.0,-64.29,5,3,2013,0
2013-05-30,鳳山區,SE6 青蔥 粉蔥 ,25.0,21.2,15.0,20.74,-24.58,188.0,88.0,5,4,2013,0
2013-05-31,鳳山區,SE6 青蔥 粉蔥 ,25.0,25.0,25.0,25.0,20.54,100.0,-46.81,5,5,2013,0
2013-06-01,鳳山區,SE6 青蔥 粉蔥 ,,,,,,,,6,6,2013,1
2013-06-02,鳳山區,SE6 青蔥 粉蔥 ,22.3,19.9,19.7,20.31,-18.76,80.0,-20.0,6,7,2013,0
2013-06-03,鳳山區,SE6 青蔥 粉蔥 ,,,,,,,,6,1,2013,1
2013-06-04,鳳山區,SE6 青蔥 粉蔥 ,,,,,,,,6,2,2013,1
2013-06-05,鳳山區,SE6 青蔥 粉蔥 ,,,,,,,,6,3,2013,1
2013-06-06,鳳山區,SE6 青蔥 粉蔥 ,,,,,,,,6,4,2013,1
2013-06-07,鳳山區,SE6 青蔥 粉蔥 ,,,,,,,,6,5,2013,1
2013-06-08,鳳山區,SE6 青蔥 粉蔥 ,,,,,,,,6,6,2013,1
2013-06-09,鳳山區,SE6 青蔥 粉蔥 ,,,,,,,,6,7,2013,1
2013-06-10,鳳山區,SE6 青蔥 粉蔥 ,,,,,,,,6,1,2013,1
2013-06-11,鳳山區,SE6 青蔥 粉蔥 ,,,,,,,,6,2,2013,1
2013-06-12,鳳山區,SE6 青蔥 粉蔥 ,,,,,,,,6,3,2013,1
2013-06-13,鳳山區,SE6 青蔥 粉蔥 ,,,,,,,,6,4,2013,1
2013-06-14,鳳山區,SE6 青蔥 粉蔥 ,,,,,,,,6,5,2013,1
2013-06-15,鳳山區,SE6 青蔥 粉蔥 ,,,,,,,,6,6,2013,1
2013-06-16,鳳山區,SE6 青蔥 粉蔥 ,,,,,,,,6,7,2013,1
2013-06-17,鳳山區,SE6 青蔥 粉蔥 ,,,,,,,,6,1,2013,1
2013-06-18,鳳山區,SE6 青蔥 粉蔥 ,,,,,,,,6,2,2013,1
2013-06-19,鳳山區,SE6 青蔥 粉蔥 ,,,,,,,,6,3,2013,1
2013-06-20,鳳山區,SE6 青蔥 粉蔥 ,,,,,,,,6,4,2013,1
2013-06-21,鳳山區,SE6 青蔥 粉蔥 ,,,,,,,,6,5,2013,1
2013-06-22,鳳山區,SE6 青蔥 粉蔥 ,,,,,,,,6,6,2013,1
2013-06-23,鳳山區,SE6 青蔥 粉蔥 ,,,,,,,,6,7,2013,1
2013-06-24,鳳山區,SE6 青蔥 粉蔥 ,,,,,,,,6,1,2013,1
2013-06-25,鳳山區,SE6 青蔥 粉蔥 ,,,,,,,,6,2,2013,1
2013-06-26,鳳山區,SE6 青蔥 粉蔥 ,,,,,,,,6,3,2013,1
2013-06-27,鳳山區,SE6 青蔥 粉蔥 ,,,,,,,,6,4,2013,1
2013-06-28,鳳山區,SE6 青蔥 粉蔥 ,,,,,,,,6,5,2013,1
2013-06-29,鳳山區,SE6 青蔥 粉蔥 ,39.5,39.4,39.3,39.4,93.99,60.0,-25.0,6,6,2013,0
2013-06-30,鳳山區,SE6 青蔥 粉蔥 ,,,,,,,,6,7,2013,1
2013-07-01,鳳山區,SE6 青蔥 粉蔥 ,,,,,,,,7,1,2013,1
2013-07-02,鳳山區,SE6 青蔥 粉蔥 ,,,,,,,,7,2,2013,1
2013-07-03,鳳山區,SE6 青蔥 粉蔥 ,,,,,,,,7,3,2013,1
2013-07-04,鳳山區,SE6 青蔥 粉蔥 ,,,,,,,,7,4,2013,1
2013-07-05,鳳山區,SE6 青蔥 粉蔥 ,,,,,,,,7,5,2013,1
2013-07-06,鳳山區,SE6 青蔥 粉蔥 ,,,,,,,,7,6,2013,1
2013-07-07,鳳山區,SE6 青蔥 粉蔥 ,,,,,,,,7,7,2013,1
2013-07-08,鳳山區,SE6 青蔥 粉蔥 ,,,,,,,,7,1,2013,1
2013-07-09,鳳山區,SE6 青蔥 粉蔥 ,,,,,,,,7,2,2013,1
2013-07-10,鳳山區,SE6 青蔥 粉蔥 ,,,,,,,,7,3,2013,1
2013-07-11,鳳山區,SE6 青蔥 粉蔥 ,,,,,,,,7,4,2013,1
2013-07-12,鳳山區,SE6 青蔥 粉蔥 ,,,,,,,,7,5,2013,1
2013-07-13,鳳山區,SE6 青蔥 粉蔥 ,,,,,,,,7,6,2013,1
2013-07-14,鳳山區,SE6 青蔥 粉蔥 ,,,,,,,,7,7,2013,1
2013-07-15,鳳山區,SE6 青蔥 粉蔥 ,,,,,,,,7,1,2013,1
2013-07-16,鳳山區,SE6 青蔥 粉蔥 ,,,,,,,,7,2,2013,1
2013-07-17,鳳山區,SE6 青蔥 粉蔥 ,,,,,,,,7,3,2013,1
2013-07-18,鳳山區,SE6 青蔥 粉蔥 ,,,,,,,,7,4,2013,1
2013-07-19,鳳山區,SE6 青蔥 粉蔥 ,,,,,,,,7,5,2013,1
2013-07-20,鳳山區,SE6 青蔥 粉蔥 ,,,,,,,,7,6,2013,1
2013-07-21,鳳山區,SE6 青蔥 粉蔥 ,,,,,,,,7,7,2013,1
2013-07-22,鳳山區,SE6 青蔥 粉蔥 ,,,,,,,,7,1,2013,1
2013-07-23,鳳山區,SE6 青蔥 粉蔥 ,46.9,36.2,35.2,38.12,-3.25,168.0,180.0,7,2,2013,0
2013-07-24,鳳山區,SE6 青蔥 粉蔥 ,,,,,,,,7,3,2013,1
2013-07-25,鳳山區,SE6 青蔥 粉蔥 ,,,,,,,,7,4,2013,1
2013-07-26,鳳山區,SE6 青蔥 粉蔥 ,,,,,,,,7,5,2013,1
2013-07-27,鳳山區,SE6 青蔥 粉蔥 ,,,,,,,,7,6,2013,1
2013-07-28,鳳山區,SE6 青蔥 粉蔥 ,10.3,9.8,9.7,9.87,-74.11,15.0,-91.07,7,7,2013,0
2013-07-29,鳳山區,SE6 青蔥 粉蔥 ,,,,,,,,7,1,2013,1
2013-07-30,鳳山區,SE6 青蔥 粉蔥 ,,,,,,,,7,2,2013,1
2013-07-31,鳳山區,SE6 青蔥 粉蔥 ,,,,,,,,7,3,2013,1
2013-08-01,鳳山區,SE6 青蔥 粉蔥 ,,,,,,,,8,4,2013,1
2013-08-02,鳳山區,SE6 青蔥 粉蔥 ,,,,,,,,8,5,2013,1
2013-08-03,鳳山區,SE6 青蔥 粉蔥 ,,,,,,,,8,6,2013,1
2013-08-04,鳳山區,SE6 青蔥 粉蔥 ,,,,,,,,8,7,2013,1
2013-08-05,鳳山區,SE6 青蔥 粉蔥 ,,,,,,,,8,1,2013,1
2013-08-06,鳳山區,SE6 青蔥 粉蔥 ,,,,,,,,8,2,2013,1
2013-08-07,鳳山區,SE6 青蔥 粉蔥 ,,,,,,,,8,3,2013,1
2013-08-08,鳳山區,SE6 青蔥 粉蔥 ,,,,,,,,8,4,2013,1
2013-08-09,鳳山區,SE6 青蔥 粉蔥 ,,,,,,,,8,5,2013,1
2013-08-10,鳳山區,SE6 青蔥 粉蔥 ,,,,,,,,8,6,2013,1
2013-08-11,鳳山區,SE6 青蔥 粉蔥 ,,,,,,,,8,7,2013,1
2013-08-12,鳳山區,SE6 青蔥 粉蔥 ,,,,,,,,8,1,2013,1
2013-08-13,鳳山區,SE6 青蔥 粉蔥 ,20.0,19.7,19.5,19.7,99.59,20.0,33.33,8,2,2013,0
2013-08-14,鳳山區,SE6 青蔥 粉蔥 ,10.0,9.8,9.8,9.85,-50.0,20.0,0.0,8,3,2013,0
2013-08-15,鳳山區,SE6 青蔥 粉蔥 ,35.5,33.3,32.8,33.63,241.42,63.0,215.0,8,4,2013,0
2013-08-16,鳳山區,SE6 青蔥 粉蔥 ,33.1,24.0,18.5,24.72,-26.49,572.0,807.94,8,5,2013,0
2013-08-17,鳳山區,SE6 青蔥 粉蔥 ,,,,,,,,8,6,2013,1
2013-08-18,鳳山區,SE6 青蔥 粉蔥 ,,,,,,,,8,7,2013,1
2013-08-19,鳳山區,SE6 青蔥 粉蔥 ,,,,,,,,8,1,2013,1
2013-08-20,鳳山區,SE6 青蔥 粉蔥 ,37.0,37.0,37.0,37.0,49.68,240.0,-58.04,8,2,2013,0
2013-08-21,鳳山區,SE6 青蔥 粉蔥 ,,,,,,,,8,3,2013,1
2013-08-22,鳳山區,SE6 青蔥 粉蔥 ,,,,,,,,8,4,2013,1
2013-08-23,鳳山區,SE6 青蔥 粉蔥 ,,,,,,,,8,5,2013,1
2013-08-24,鳳山區,SE6 青蔥 粉蔥 ,24.8,24.6,24.6,24.65,-33.38,80.0,-66.67,8,6,2013,0
2013-08-25,鳳山區,SE6 青蔥 粉蔥 ,29.7,25.7,24.6,26.28,6.61,60.0,-25.0,8,7,2013,0
2013-08-26,鳳山區,SE6 青蔥 粉蔥 ,,,,,,,,8,1,2013,1
2013-08-27,鳳山區,SE6 青蔥 粉蔥 ,29.6,23.7,19.1,23.95,-8.87,181.0,201.67,8,2,2013,0
2013-08-28,鳳山區,SE6 青蔥 粉蔥 ,,,,,,,,8,3,2013,1
2013-08-29,鳳山區,SE6 青蔥 粉蔥 ,,,,,,,,8,4,2013,1
2013-08-30,鳳山區,SE6 青蔥 粉蔥 ,,,,,,,,8,5,2013,1
2013-08-31,鳳山區,SE6 青蔥 粉蔥 ,,,,,,,,8,6,2013,1
2013-09-01,鳳山區,SE6 青蔥 粉蔥 ,,,,,,,,9,7,2013,1
2013-09-02,鳳山區,SE6 青蔥 粉蔥 ,,,,,,,,9,1,2013,1
2013-09-03,鳳山區,SE6 青蔥 粉蔥 ,,,,,,,,9,2,2013,1
2013-09-04,鳳山區,SE6 青蔥 粉蔥 ,,,,,,,,9,3,2013,1
2013-09-05,鳳山區,SE6 青蔥 粉蔥 ,,,,,,,,9,4,2013,1
2013-09-06,鳳山區,SE6 青蔥 粉蔥 ,,,,,,,,9,5,2013,1
2013-09-07,鳳山區,SE6 青蔥 粉蔥 ,,,,,,,,9,6,2013,1
2013-09-08,鳳山區,SE6 青蔥 粉蔥 ,,,,,,,,9,7,2013,1
2013-09-09,鳳山區,SE6 青蔥 粉蔥 ,,,,,,,,9,1,2013,1
2013-09-10,鳳山區,SE6 青蔥 粉蔥 ,,,,,,,,9,2,2013,1
2013-09-11,鳳山區,SE6 青蔥 粉蔥 ,,,,,,,,9,3,2013,1
2013-09-12,鳳山區,SE6 青蔥 粉蔥 ,,,,,,,,9,4,2013,1
2013-09-13,鳳山區,SE6 青蔥 粉蔥 ,,,,,,,,9,5,2013,1
2013-09-14,鳳山區,SE6 青蔥 粉蔥 ,,,,,,,,9,6,2013,1
2013-09-15,鳳山區,SE6 青蔥 粉蔥 ,,,,,,,,9,7,2013,1
2013-09-16,鳳山區,SE6 青蔥 粉蔥 ,,,,,,,,9,1,2013,1
2013-09-17,鳳山區,SE6 青蔥 粉蔥 ,,,,,,,,9,2,2013,1
2013-09-18,鳳山區,SE6 青蔥 粉蔥 ,,,,,,,,9,3,2013,1
2013-09-19,鳳山區,SE6 青蔥 粉蔥 ,,,,,,,,9,4,2013,1
2013-09-20,鳳山區,SE6 青蔥 粉蔥 ,,,,,,,,9,5,2013,1
2013-09-21,鳳山區,SE6 青蔥 粉蔥 ,,,,,,,,9,6,2013,1
2013-09-22,鳳山區,SE6 青蔥 粉蔥 ,,,,,,,,9,7,2013,1
2013-09-23,鳳山區,SE6 青蔥 粉蔥 ,,,,,,,,9,1,2013,1
2013-09-24,鳳山區,SE6 青蔥 粉蔥 ,,,,,,,,9,2,2013,1
2013-09-25,鳳山區,SE6 青蔥 粉蔥 ,,,,,,,,9,3,2013,1
2013-09-26,鳳山區,SE6 青蔥 粉蔥 ,,,,,,,,9,4,2013,1
2013-09-27,鳳山區,SE6 青蔥 粉蔥 ,,,,,,,,9,5,2013,1
2013-09-28,鳳山區,SE6 青蔥 粉蔥 ,29.7,29.5,29.5,29.56,23.42,63.0,-65.19,9,6,2013,0
2013-09-29,鳳山區,SE6 青蔥 粉蔥 ,,,,,,,,9,7,2013,1
2013-09-30,鳳山區,SE6 青蔥 粉蔥 ,,,,,,,,9,1,2013,1
2013-10-01,鳳山區,SE6 青蔥 粉蔥 ,,,,,,,,10,2,2013,1
2013-10-02,鳳山區,SE6 青蔥 粉蔥 ,,,,,,,,10,3,2013,1
2013-10-03,鳳山區,SE6 青蔥 粉蔥 ,,,,,,,,10,4,2013,1
2013-10-04,鳳山區,SE6 青蔥 粉蔥 ,,,,,,,,10,5,2013,1
2013-10-05,鳳山區,SE6 青蔥 粉蔥 ,,,,,,,,10,6,2013,1
2013-10-06,鳳山區,SE6 青蔥 粉蔥 ,,,,,,,,10,7,2013,1
2013-10-07,鳳山區,SE6 青蔥 粉蔥 ,,,,,,,,10,1,2013,1
2013-10-08,鳳山區,SE6 青蔥 粉蔥 ,,,,,,,,10,2,2013,1
2013-10-09,鳳山區,SE6 青蔥 粉蔥 ,,,,,,,,10,3,2013,1
2013-10-10,鳳山區,SE6 青蔥 粉蔥 ,,,,,,,,10,4,2013,1
2013-10-11,鳳山區,SE6 青蔥 粉蔥 ,,,,,,,,10,5,2013,1
2013-10-12,鳳山區,SE6 青蔥 粉蔥 ,,,,,,,,10,6,2013,1
2013-10-13,鳳山區,SE6 青蔥 粉蔥 ,,,,,,,,10,7,2013,1
2013-10-14,鳳山區,SE6 青蔥 粉蔥 ,,,,,,,,10,1,2013,1
2013-10-15,鳳山區,SE6 青蔥 粉蔥 ,,,,,,,,10,2,2013,1
2013-10-16,鳳山區,SE6 青蔥 粉蔥 ,,,,,,,,10,3,2013,1
2013-10-17,鳳山區,SE6 青蔥 粉蔥 ,,,,,,,,10,4,2013,1
2013-10-18,鳳山區,SE6 青蔥 粉蔥 ,,,,,,,,10,5,2013,1
2013-10-19,鳳山區,SE6 青蔥 粉蔥 ,,,,,,,,10,6,2013,1
2013-10-20,鳳山區,SE6 青蔥 粉蔥 ,,,,,,,,10,7,2013,1
2013-10-21,鳳山區,SE6 青蔥 粉蔥 ,,,,,,,,10,1,2013,1
2013-10-22,鳳山區,SE6 青蔥 粉蔥 ,,,,,,,,10,2,2013,1
2013-10-23,鳳山區,SE6 青蔥 粉蔥 ,,,,,,,,10,3,2013,1
2013-10-24,鳳山區,SE6 青蔥 粉蔥 ,,,,,,,,10,4,2013,1
2013-10-25,鳳山區,SE6 青蔥 粉蔥 ,,,,,,,,10,5,2013,1
2013-10-26,鳳山區,SE6 青蔥 粉蔥 ,,,,,,,,10,6,2013,1
2013-10-27,鳳山區,SE6 青蔥 粉蔥 ,,,,,,,,10,7,2013,1
2013-10-28,鳳山區,SE6 青蔥 粉蔥 ,,,,,,,,10,1,2013,1
2013-10-29,鳳山區,SE6 青蔥 粉蔥 ,,,,,,,,10,2,2013,1
2013-10-30,鳳山區,SE6 青蔥 粉蔥 ,,,,,,,,10,3,2013,1
2013-10-31,鳳山區,SE6 青蔥 粉蔥 ,,,,,,,,10,4,2013,1
2013-11-01,鳳山區,SE6 青蔥 粉蔥 ,,,,,,,,11,5,2013,1
2013-11-02,鳳山區,SE6 青蔥 粉蔥 ,,,,,,,,11,6,2013,1
2013-11-03,鳳山區,SE6 青蔥 粉蔥 ,,,,,,,,11,7,2013,1
2013-11-04,鳳山區,SE6 青蔥 粉蔥 ,,,,,,,,11,1,2013,1
2013-11-05,鳳山區,SE6 青蔥 粉蔥 ,,,,,,,,11,2,2013,1
2013-11-06,鳳山區,SE6 青蔥 粉蔥 ,,,,,,,,11,3,2013,1
2013-11-07,鳳山區,SE6 青蔥 粉蔥 ,,,,,,,,11,4,2013,1
2013-11-08,鳳山區,SE6 青蔥 粉蔥 ,,,,,,,,11,5,2013,1
2013-11-09,鳳山區,SE6 青蔥 粉蔥 ,,,,,,,,11,6,2013,1
2013-11-10,鳳山區,SE6 青蔥 粉蔥 ,,,,,,,,11,7,2013,1
2013-11-11,鳳山區,SE6 青蔥 粉蔥 ,,,,,,,,11,1,2013,1
2013-11-12,鳳山區,SE6 青蔥 粉蔥 ,,,,,,,,11,2,2013,1
2013-11-13,鳳山區,SE6 青蔥 粉蔥 ,,,,,,,,11,3,2013,1
2013-11-14,鳳山區,SE6 青蔥 粉蔥 ,,,,,,,,11,4,2013,1
2013-11-15,鳳山區,SE6 青蔥 粉蔥 ,,,,,,,,11,5,2013,1
2013-11-16,鳳山區,SE6 青蔥 粉蔥 ,,,,,,,,11,6,2013,1
2013-11-17,鳳山區,SE6 青蔥 粉蔥 ,,,,,,,,11,7,2013,1
2013-11-18,鳳山區,SE6 青蔥 粉蔥 ,,,,,,,,11,1,2013,1
2013-11-19,鳳山區,SE6 青蔥 粉蔥 ,,,,,,,,11,2,2013,1
2013-11-20,鳳山區,SE6 青蔥 粉蔥 ,,,,,,,,11,3,2013,1
2013-11-21,鳳山區,SE6 青蔥 粉蔥 ,,,,,,,,11,4,2013,1
2013-11-22,鳳山區,SE6 青蔥 粉蔥 ,,,,,,,,11,5,2013,1
2013-11-23,鳳山區,SE6 青蔥 粉蔥 ,,,,,,,,11,6,2013,1
2013-11-24,鳳山區,SE6 青蔥 粉蔥 ,,,,,,,,11,7,2013,1
2013-11-25,鳳山區,SE6 青蔥 粉蔥 ,,,,,,,,11,1,2013,1
2013-11-26,鳳山區,SE6 青蔥 粉蔥 ,,,,,,,,11,2,2013,1
2013-11-27,鳳山區,SE6 青蔥 粉蔥 ,,,,,,,,11,3,2013,1
2013-11-28,鳳山區,SE6 青蔥 粉蔥 ,,,,,,,,11,4,2013,1
2013-11-29,鳳山區,SE6 青蔥 粉蔥 ,,,,,,,,11,5,2013,1
2013-11-30,鳳山區,SE6 青蔥 粉蔥 ,,,,,,,,11,6,2013,1
2013-12-01,鳳山區,SE6 青蔥 粉蔥 ,,,,,,,,12,7,2013,1
2013-12-02,鳳山區,SE6 青蔥 粉蔥 ,,,,,,,,12,1,2013,1
2013-12-03,鳳山區,SE6 青蔥 粉蔥 ,,,,,,,,12,2,2013,1
2013-12-04,鳳山區,SE6 青蔥 粉蔥 ,,,,,,,,12,3,2013,1
2013-12-05,鳳山區,SE6 青蔥 粉蔥 ,,,,,,,,12,4,2013,1
2013-12-06,鳳山區,SE6 青蔥 粉蔥 ,,,,,,,,12,5,2013,1
2013-12-07,鳳山區,SE6 青蔥 粉蔥 ,,,,,,,,12,6,2013,1
2013-12-08,鳳山區,SE6 青蔥 粉蔥 ,,,,,,,,12,7,2013,1
2013-12-09,鳳山區,SE6 青蔥 粉蔥 ,,,,,,,,12,1,2013,1
2013-12-10,鳳山區,SE6 青蔥 粉蔥 ,,,,,,,,12,2,2013,1
2013-12-11,鳳山區,SE6 青蔥 粉蔥 ,,,,,,,,12,3,2013,1
2013-12-12,鳳山區,SE6 青蔥 粉蔥 ,,,,,,,,12,4,2013,1
2013-12-13,鳳山區,SE6 青蔥 粉蔥 ,,,,,,,,12,5,2013,1
2013-12-14,鳳山區,SE6 青蔥 粉蔥 ,,,,,,,,12,6,2013,1
2013-12-15,鳳山區,SE6 青蔥 粉蔥 ,,,,,,,,12,7,2013,1
2013-12-16,鳳山區,SE6 青蔥 粉蔥 ,,,,,,,,12,1,2013,1
2013-12-17,鳳山區,SE6 青蔥 粉蔥 ,,,,,,,,12,2,2013,1
2013-12-18,鳳山區,SE6 青蔥 粉蔥 ,,,,,,,,12,3,2013,1
2013-12-19,鳳山區,SE6 青蔥 粉蔥 ,,,,,,,,12,4,2013,1
2013-12-20,鳳山區,SE6 青蔥 粉蔥 ,,,,,,,,12,5,2013,1
2013-12-21,鳳山區,SE6 青蔥 粉蔥 ,,,,,,,,12,6,2013,1
2013-12-22,鳳山區,SE6 青蔥 粉蔥 ,,,,,,,,12,7,2013,1
2013-12-23,鳳山區,SE6 青蔥 粉蔥 ,,,,,,,,12,1,2013,1
2013-12-24,鳳山區,SE6 青蔥 粉蔥 ,,,,,,,,12,2,2013,1
2013-12-25,鳳山區,SE6 青蔥 粉蔥 ,,,,,,,,12,3,2013,1
2013-12-26,鳳山區,SE6 青蔥 粉蔥 ,,,,,,,,12,4,2013,1
2013-12-27,鳳山區,SE6 青蔥 粉蔥 ,,,,,,,,12,5,2013,1
2013-12-28,鳳山區,SE6 青蔥 粉蔥 ,,,,,,,,12,6,2013,1
2013-12-29,鳳山區,SE6 青蔥 粉蔥 ,,,,,,,,12,7,2013,1
2013-12-30,鳳山區,SE6 青蔥 粉蔥 ,,,,,,,,12,1,2013,1
2013-12-31,鳳山區,SE6 青蔥 粉蔥 ,,,,,,,,12,2,2013,1
2014-01-01,鳳山區,SE6 青蔥 粉蔥 ,,,,,,,,1,3,2014,1
2014-01-02,鳳山區,SE6 青蔥 粉蔥 ,,,,,,,,1,4,2014,1
2014-01-03,鳳山區,SE6 青蔥 粉蔥 ,,,,,,,,1,5,2014,1
2014-01-04,鳳山區,SE6 青蔥 粉蔥 ,,,,,,,,1,6,2014,1
2014-01-05,鳳山區,SE6 青蔥 粉蔥 ,,,,,,,,1,7,2014,1
2014-01-06,鳳山區,SE6 青蔥 粉蔥 ,,,,,,,,1,1,2014,1
2014-01-07,鳳山區,SE6 青蔥 粉蔥 ,,,,,,,,1,2,2014,1
2014-01-08,鳳山區,SE6 青蔥 粉蔥 ,,,,,,,,1,3,2014,1
2014-01-09,鳳山區,SE6 青蔥 粉蔥 ,,,,,,,,1,4,2014,1
2014-01-10,鳳山區,SE6 青蔥 粉蔥 ,,,,,,,,1,5,2014,1
2014-01-11,鳳山區,SE6 青蔥 粉蔥 ,,,,,,,,1,6,2014,1
2014-01-12,鳳山區,SE6 青蔥 粉蔥 ,,,,,,,,1,7,2014,1
2014-01-13,鳳山區,SE6 青蔥 粉蔥 ,,,,,,,,1,1,2014,1
2014-01-14,鳳山區,SE6 青蔥 粉蔥 ,,,,,,,,1,2,2014,1
2014-01-15,鳳山區,SE6 青蔥 粉蔥 ,,,,,,,,1,3,2014,1
2014-01-16,鳳山區,SE6 青蔥 粉蔥 ,,,,,,,,1,4,2014,1
2014-01-17,鳳山區,SE6 青蔥 粉蔥 ,,,,,,,,1,5,2014,1
2014-01-18,鳳山區,SE6 青蔥 粉蔥 ,,,,,,,,1,6,2014,1
2014-01-19,鳳山區,SE6 青蔥 粉蔥 ,,,,,,,,1,7,2014,1
2014-01-20,鳳山區,SE6 青蔥 粉蔥 ,,,,,,,,1,1,2014,1
2014-01-21,鳳山區,SE6 青蔥 粉蔥 ,,,,,,,,1,2,2014,1
2014-01-22,鳳山區,SE6 青蔥 粉蔥 ,,,,,,,,1,3,2014,1
2014-01-23,鳳山區,SE6 青蔥 粉蔥 ,,,,,,,,1,4,2014,1
2014-01-24,鳳山區,SE6 青蔥 粉蔥 ,,,,,,,,1,5,2014,1
2014-01-25,鳳山區,SE6 青蔥 粉蔥 ,,,,,,,,1,6,2014,1
2014-01-26,鳳山區,SE6 青蔥 粉蔥 ,,,,,,,,1,7,2014,1
2014-01-27,鳳山區,SE6 青蔥 粉蔥 ,,,,,,,,1,1,2014,1
2014-01-28,鳳山區,SE6 青蔥 粉蔥 ,,,,,,,,1,2,2014,1
2014-01-29,鳳山區,SE6 青蔥 粉蔥 ,,,,,,,,1,3,2014,1
2014-01-30,鳳山區,SE6 青蔥 粉蔥 ,,,,,,,,1,4,2014,1
2014-01-31,鳳山區,SE6 青蔥 粉蔥 ,,,,,,,,1,5,2014,1
2014-02-01,鳳山區,SE6 青蔥 粉蔥 ,,,,,,,,2,6,2014,1
2014-02-02,鳳山區,SE6 青蔥 粉蔥 ,,,,,,,,2,7,2014,1
2014-02-03,鳳山區,SE6 青蔥 粉蔥 ,,,,,,,,2,1,2014,1
2014-02-04,鳳山區,SE6 青蔥 粉蔥 ,,,,,,,,2,2,2014,1
2014-02-05,鳳山區,SE6 青蔥 粉蔥 ,,,,,,,,2,3,2014,1
2014-02-06,鳳山區,SE6 青蔥 粉蔥 ,,,,,,,,2,4,2014,1
2014-02-07,鳳山區,SE6 青蔥 粉蔥 ,,,,,,,,2,5,2014,1
2014-02-08,鳳山區,SE6 青蔥 粉蔥 ,,,,,,,,2,6,2014,1
2014-02-09,鳳山區,SE6 青蔥 粉蔥 ,,,,,,,,2,7,2014,1
2014-02-10,鳳山區,SE6 青蔥 粉蔥 ,,,,,,,,2,1,2014,1
2014-02-11,鳳山區,SE6 青蔥 粉蔥 ,,,,,,,,2,2,2014,1
2014-02-12,鳳山區,SE6 青蔥 粉蔥 ,,,,,,,,2,3,2014,1
2014-02-13,鳳山區,SE6 青蔥 粉蔥 ,,,,,,,,2,4,2014,1
2014-02-14,鳳山區,SE6 青蔥 粉蔥 ,,,,,,,,2,5,2014,1
2014-02-15,鳳山區,SE6 青蔥 粉蔥 ,,,,,,,,2,6,2014,1
2014-02-16,鳳山區,SE6 青蔥 粉蔥 ,,,,,,,,2,7,2014,1
2014-02-17,鳳山區,SE6 青蔥 粉蔥 ,,,,,,,,2,1,2014,1
2014-02-18,鳳山區,SE6 青蔥 粉蔥 ,,,,,,,,2,2,2014,1
2014-02-19,鳳山區,SE6 青蔥 粉蔥 ,,,,,,,,2,3,2014,1
2014-02-20,鳳山區,SE6 青蔥 粉蔥 ,,,,,,,,2,4,2014,1
2014-02-21,鳳山區,SE6 青蔥 粉蔥 ,,,,,,,,2,5,2014,1
2014-02-22,鳳山區,SE6 青蔥 粉蔥 ,,,,,,,,2,6,2014,1
2014-02-23,鳳山區,SE6 青蔥 粉蔥 ,,,,,,,,2,7,2014,1
2014-02-24,鳳山區,SE6 青蔥 粉蔥 ,,,,,,,,2,1,2014,1
2014-02-25,鳳山區,SE6 青蔥 粉蔥 ,,,,,,,,2,2,2014,1
2014-02-26,鳳山區,SE6 青蔥 粉蔥 ,,,,,,,,2,3,2014,1
2014-02-27,鳳山區,SE6 青蔥 粉蔥 ,,,,,,,,2,4,2014,1
2014-02-28,鳳山區,SE6 青蔥 粉蔥 ,,,,,,,,2,5,2014,1
2014-03-01,鳳山區,SE6 青蔥 粉蔥 ,,,,,,,,3,6,2014,1
2014-03-02,鳳山區,SE6 青蔥 粉蔥 ,,,,,,,,3,7,2014,1
2014-03-03,鳳山區,SE6 青蔥 粉蔥 ,,,,,,,,3,1,2014,1
2014-03-04,鳳山區,SE6 青蔥 粉蔥 ,,,,,,,,3,2,2014,1
2014-03-05,鳳山區,SE6 青蔥 粉蔥 ,,,,,,,,3,3,2014,1
2014-03-06,鳳山區,SE6 青蔥 粉蔥 ,,,,,,,,3,4,2014,1
2014-03-07,鳳山區,SE6 青蔥 粉蔥 ,,,,,,,,3,5,2014,1
2014-03-08,鳳山區,SE6 青蔥 粉蔥 ,,,,,,,,3,6,2014,1
2014-03-09,鳳山區,SE6 青蔥 粉蔥 ,,,,,,,,3,7,2014,1
2014-03-10,鳳山區,SE6 青蔥 粉蔥 ,,,,,,,,3,1,2014,1
2014-03-11,鳳山區,SE6 青蔥 粉蔥 ,,,,,,,,3,2,2014,1
2014-03-12,鳳山區,SE6 青蔥 粉蔥 ,,,,,,,,3,3,2014,1
2014-03-13,鳳山區,SE6 青蔥 粉蔥 ,,,,,,,,3,4,2014,1
2014-03-14,鳳山區,SE6 青蔥 粉蔥 ,,,,,,,,3,5,2014,1
2014-03-15,鳳山區,SE6 青蔥 粉蔥 ,,,,,,,,3,6,2014,1
2014-03-16,鳳山區,SE6 青蔥 粉蔥 ,,,,,,,,3,7,2014,1
2014-03-17,鳳山區,SE6 青蔥 粉蔥 ,,,,,,,,3,1,2014,1
2014-03-18,鳳山區,SE6 青蔥 粉蔥 ,,,,,,,,3,2,2014,1
2014-03-19,鳳山區,SE6 青蔥 粉蔥 ,,,,,,,,3,3,2014,1
2014-03-20,鳳山區,SE6 青蔥 粉蔥 ,,,,,,,,3,4,2014,1
2014-03-21,鳳山區,SE6 青蔥 粉蔥 ,,,,,,,,3,5,2014,1
2014-03-22,鳳山區,SE6 青蔥 粉蔥 ,,,,,,,,3,6,2014,1
2014-03-23,鳳山區,SE6 青蔥 粉蔥 ,,,,,,,,3,7,2014,1
2014-03-24,鳳山區,SE6 青蔥 粉蔥 ,,,,,,,,3,1,2014,1
2014-03-25,鳳山區,SE6 青蔥 粉蔥 ,,,,,,,,3,2,2014,1
2014-03-26,鳳山區,SE6 青蔥 粉蔥 ,,,,,,,,3,3,2014,1
2014-03-27,鳳山區,SE6 青蔥 粉蔥 ,,,,,,,,3,4,2014,1
2014-03-28,鳳山區,SE6 青蔥 粉蔥 ,,,,,,,,3,5,2014,1
2014-03-29,鳳山區,SE6 青蔥 粉蔥 ,,,,,,,,3,6,2014,1
2014-03-30,鳳山區,SE6 青蔥 粉蔥 ,,,,,,,,3,7,2014,1
2014-03-31,鳳山區,SE6 青蔥 粉蔥 ,,,,,,,,3,1,2014,1
2014-04-01,鳳山區,SE6 青蔥 粉蔥 ,,,,,,,,4,2,2014,1
2014-04-02,鳳山區,SE6 青蔥 粉蔥 ,,,,,,,,4,3,2014,1
2014-04-03,鳳山區,SE6 青蔥 粉蔥 ,,,,,,,,4,4,2014,1
2014-04-04,鳳山區,SE6 青蔥 粉蔥 ,,,,,,,,4,5,2014,1
2014-04-05,鳳山區,SE6 青蔥 粉蔥 ,,,,,,,,4,6,2014,1
2014-04-06,鳳山區,SE6 青蔥 粉蔥 ,,,,,,,,4,7,2014,1
2014-04-07,鳳山區,SE6 青蔥 粉蔥 ,,,,,,,,4,1,2014,1
2014-04-08,鳳山區,SE6 青蔥 粉蔥 ,,,,,,,,4,2,2014,1
2014-04-09,鳳山區,SE6 青蔥 粉蔥 ,,,,,,,,4,3,2014,1
2014-04-10,鳳山區,SE6 青蔥 粉蔥 ,,,,,,,,4,4,2014,1
2014-04-11,鳳山區,SE6 青蔥 粉蔥 ,,,,,,,,4,5,2014,1
2014-04-12,鳳山區,SE6 青蔥 粉蔥 ,,,,,,,,4,6,2014,1
2014-04-13,鳳山區,SE6 青蔥 粉蔥 ,,,,,,,,4,7,2014,1
2014-04-14,鳳山區,SE6 青蔥 粉蔥 ,,,,,,,,4,1,2014,1
2014-04-15,鳳山區,SE6 青蔥 粉蔥 ,,,,,,,,4,2,2014,1
2014-04-16,鳳山區,SE6 青蔥 粉蔥 ,,,,,,,,4,3,2014,1
2014-04-17,鳳山區,SE6 青蔥 粉蔥 ,,,,,,,,4,4,2014,1
2014-04-18,鳳山區,SE6 青蔥 粉蔥 ,,,,,,,,4,5,2014,1
2014-04-19,鳳山區,SE6 青蔥 粉蔥 ,,,,,,,,4,6,2014,1
2014-04-20,鳳山區,SE6 青蔥 粉蔥 ,,,,,,,,4,7,2014,1
2014-04-21,鳳山區,SE6 青蔥 粉蔥 ,,,,,,,,4,1,2014,1
2014-04-22,鳳山區,SE6 青蔥 粉蔥 ,,,,,,,,4,2,2014,1
2014-04-23,鳳山區,SE6 青蔥 粉蔥 ,,,,,,,,4,3,2014,1
2014-04-24,鳳山區,SE6 青蔥 粉蔥 ,,,,,,,,4,4,2014,1
2014-04-25,鳳山區,SE6 青蔥 粉蔥 ,,,,,,,,4,5,2014,1
2014-04-26,鳳山區,SE6 青蔥 粉蔥 ,,,,,,,,4,6,2014,1
2014-04-27,鳳山區,SE6 青蔥 粉蔥 ,,,,,,,,4,7,2014,1
2014-04-28,鳳山區,SE6 青蔥 粉蔥 ,,,,,,,,4,1,2014,1
2014-04-29,鳳山區,SE6 青蔥 粉蔥 ,,,,,,,,4,2,2014,1
2014-04-30,鳳山區,SE6 青蔥 粉蔥 ,,,,,,,,4,3,2014,1
2014-05-01,鳳山區,SE6 青蔥 粉蔥 ,,,,,,,,5,4,2014,1
2014-05-02,鳳山區,SE6 青蔥 粉蔥 ,,,,,,,,5,5,2014,1
2014-05-03,鳳山區,SE6 青蔥 粉蔥 ,,,,,,,,5,6,2014,1
2014-05-04,鳳山區,SE6 青蔥 粉蔥 ,,,,,,,,5,7,2014,1
2014-05-05,鳳山區,SE6 青蔥 粉蔥 ,,,,,,,,5,1,2014,1
2014-05-06,鳳山區,SE6 青蔥 粉蔥 ,,,,,,,,5,2,2014,1
2014-05-07,鳳山區,SE6 青蔥 粉蔥 ,,,,,,,,5,3,2014,1
2014-05-08,鳳山區,SE6 青蔥 粉蔥 ,,,,,,,,5,4,2014,1
2014-05-09,鳳山區,SE6 青蔥 粉蔥 ,,,,,,,,5,5,2014,1
2014-05-10,鳳山區,SE6 青蔥 粉蔥 ,,,,,,,,5,6,2014,1
2014-05-11,鳳山區,SE6 青蔥 粉蔥 ,,,,,,,,5,7,2014,1
2014-05-12,鳳山區,SE6 青蔥 粉蔥 ,,,,,,,,5,1,2014,1
2014-05-13,鳳山區,SE6 青蔥 粉蔥 ,,,,,,,,5,2,2014,1
2014-05-14,鳳山區,SE6 青蔥 粉蔥 ,,,,,,,,5,3,2014,1
2014-05-15,鳳山區,SE6 青蔥 粉蔥 ,,,,,,,,5,4,2014,1
2014-05-16,鳳山區,SE6 青蔥 粉蔥 ,,,,,,,,5,5,2014,1
2014-05-17,鳳山區,SE6 青蔥 粉蔥 ,,,,,,,,5,6,2014,1
2014-05-18,鳳山區,SE6 青蔥 粉蔥 ,,,,,,,,5,7,2014,1
2014-05-19,鳳山區,SE6 青蔥 粉蔥 ,,,,,,,,5,1,2014,1
2014-05-20,鳳山區,SE6 青蔥 粉蔥 ,,,,,,,,5,2,2014,1
2014-05-21,鳳山區,SE6 青蔥 粉蔥 ,,,,,,,,5,3,2014,1
2014-05-22,鳳山區,SE6 青蔥 粉蔥 ,,,,,,,,5,4,2014,1
2014-05-23,鳳山區,SE6 青蔥 粉蔥 ,,,,,,,,5,5,2014,1
2014-05-24,鳳山區,SE6 青蔥 粉蔥 ,,,,,,,,5,6,2014,1
2014-05-25,鳳山區,SE6 青蔥 粉蔥 ,,,,,,,,5,7,2014,1
2014-05-26,鳳山區,SE6 青蔥 粉蔥 ,,,,,,,,5,1,2014,1
2014-05-27,鳳山區,SE6 青蔥 粉蔥 ,,,,,,,,5,2,2014,1
2014-05-28,鳳山區,SE6 青蔥 粉蔥 ,,,,,,,,5,3,2014,1
2014-05-29,鳳山區,SE6 青蔥 粉蔥 ,,,,,,,,5,4,2014,1
2014-05-30,鳳山區,SE6 青蔥 粉蔥 ,,,,,,,,5,5,2014,1
2014-05-31,鳳山區,SE6 青蔥 粉蔥 ,,,,,,,,5,6,2014,1
2014-06-01,鳳山區,SE6 青蔥 粉蔥 ,,,,,,,,6,7,2014,1
2014-06-02,鳳山區,SE6 青蔥 粉蔥 ,,,,,,,,6,1,2014,1
2014-06-03,鳳山區,SE6 青蔥 粉蔥 ,,,,,,,,6,2,2014,1
2014-06-04,鳳山區,SE6 青蔥 粉蔥 ,,,,,,,,6,3,2014,1
2014-06-05,鳳山區,SE6 青蔥 粉蔥 ,,,,,,,,6,4,2014,1
2014-06-06,鳳山區,SE6 青蔥 粉蔥 ,,,,,,,,6,5,2014,1
2014-06-07,鳳山區,SE6 青蔥 粉蔥 ,,,,,,,,6,6,2014,1
2014-06-08,鳳山區,SE6 青蔥 粉蔥 ,,,,,,,,6,7,2014,1
2014-06-09,鳳山區,SE6 青蔥 粉蔥 ,,,,,,,,6,1,2014,1
2014-06-10,鳳山區,SE6 青蔥 粉蔥 ,,,,,,,,6,2,2014,1
2014-06-11,鳳山區,SE6 青蔥 粉蔥 ,,,,,,,,6,3,2014,1
2014-06-12,鳳山區,SE6 青蔥 粉蔥 ,,,,,,,,6,4,2014,1
2014-06-13,鳳山區,SE6 青蔥 粉蔥 ,,,,,,,,6,5,2014,1
2014-06-14,鳳山區,SE6 青蔥 粉蔥 ,,,,,,,,6,6,2014,1
2014-06-15,鳳山區,SE6 青蔥 粉蔥 ,,,,,,,,6,7,2014,1
2014-06-16,鳳山區,SE6 青蔥 粉蔥 ,,,,,,,,6,1,2014,1
2014-06-17,鳳山區,SE6 青蔥 粉蔥 ,,,,,,,,6,2,2014,1
2014-06-18,鳳山區,SE6 青蔥 粉蔥 ,,,,,,,,6,3,2014,1
2014-06-19,鳳山區,SE6 青蔥 粉蔥 ,,,,,,,,6,4,2014,1
2014-06-20,鳳山區,SE6 青蔥 粉蔥 ,,,,,,,,6,5,2014,1
2014-06-21,鳳山區,SE6 青蔥 粉蔥 ,,,,,,,,6,6,2014,1
2014-06-22,鳳山區,SE6 青蔥 粉蔥 ,,,,,,,,6,7,2014,1
2014-06-23,鳳山區,SE6 青蔥 粉蔥 ,,,,,,,,6,1,2014,1
2014-06-24,鳳山區,SE6 青蔥 粉蔥 ,,,,,,,,6,2,2014,1
2014-06-25,鳳山區,SE6 青蔥 粉蔥 ,,,,,,,,6,3,2014,1
2014-06-26,鳳山區,SE6 青蔥 粉蔥 ,,,,,,,,6,4,2014,1
2014-06-27,鳳山區,SE6 青蔥 粉蔥 ,,,,,,,,6,5,2014,1
2014-06-28,鳳山區,SE6 青蔥 粉蔥 ,,,,,,,,6,6,2014,1
2014-06-29,鳳山區,SE6 青蔥 粉蔥 ,,,,,,,,6,7,2014,1
2014-06-30,鳳山區,SE6 青蔥 粉蔥 ,,,,,,,,6,1,2014,1
2014-07-01,鳳山區,SE6 青蔥 粉蔥 ,,,,,,,,7,2,2014,1
2014-07-02,鳳山區,SE6 青蔥 粉蔥 ,,,,,,,,7,3,2014,1
2014-07-03,鳳山區,SE6 青蔥 粉蔥 ,,,,,,,,7,4,2014,1
2014-07-04,鳳山區,SE6 青蔥 粉蔥 ,,,,,,,,7,5,2014,1
2014-07-05,鳳山區,SE6 青蔥 粉蔥 ,,,,,,,,7,6,2014,1
2014-07-06,鳳山區,SE6 青蔥 粉蔥 ,,,,,,,,7,7,2014,1
2014-07-07,鳳山區,SE6 青蔥 粉蔥 ,,,,,,,,7,1,2014,1
2014-07-08,鳳山區,SE6 青蔥 粉蔥 ,,,,,,,,7,2,2014,1
2014-07-09,鳳山區,SE6 青蔥 粉蔥 ,,,,,,,,7,3,2014,1
2014-07-10,鳳山區,SE6 青蔥 粉蔥 ,,,,,,,,7,4,2014,1
2014-07-11,鳳山區,SE6 青蔥 粉蔥 ,,,,,,,,7,5,2014,1
2014-07-12,鳳山區,SE6 青蔥 粉蔥 ,,,,,,,,7,6,2014,1
2014-07-13,鳳山區,SE6 青蔥 粉蔥 ,,,,,,,,7,7,2014,1
2014-07-14,鳳山區,SE6 青蔥 粉蔥 ,,,,,,,,7,1,2014,1
2014-07-15,鳳山區,SE6 青蔥 粉蔥 ,,,,,,,,7,2,2014,1
2014-07-16,鳳山區,SE6 青蔥 粉蔥 ,,,,,,,,7,3,2014,1
2014-07-17,鳳山區,SE6 青蔥 粉蔥 ,,,,,,,,7,4,2014,1
2014-07-18,鳳山區,SE6 青蔥 粉蔥 ,,,,,,,,7,5,2014,1
2014-07-19,鳳山區,SE6 青蔥 粉蔥 ,,,,,,,,7,6,2014,1
2014-07-20,鳳山區,SE6 青蔥 粉蔥 ,,,,,,,,7,7,2014,1
2014-07-21,鳳山區,SE6 青蔥 粉蔥 ,,,,,,,,7,1,2014,1
2014-07-22,鳳山區,SE6 青蔥 粉蔥 ,27.5,27.5,27.5,27.5,-6.97,40.0,-36.51,7,2,2014,0
2014-07-23,鳳山區,SE6 青蔥 粉蔥 ,,,,,,,,7,3,2014,1
2014-07-24,鳳山區,SE6 青蔥 粉蔥 ,,,,,,,,7,4,2014,1
2014-07-25,鳳山區,SE6 青蔥 粉蔥 ,,,,,,,,7,5,2014,1
2014-07-26,鳳山區,SE6 青蔥 粉蔥 ,,,,,,,,7,6,2014,1
2014-07-27,鳳山區,SE6 青蔥 粉蔥 ,25.0,25.0,25.0,25.0,-9.09,54.0,35.0,7,7,2014,0
2014-07-28,鳳山區,SE6 青蔥 粉蔥 ,,,,,,,,7,1,2014,1
2014-07-29,鳳山區,SE6 青蔥 粉蔥 ,,,,,,,,7,2,2014,1
2014-07-30,鳳山區,SE6 青蔥 粉蔥 ,25.0,24.2,23.9,24.33,-2.68,406.0,651.85,7,3,2014,0
2014-07-31,鳳山區,SE6 青蔥 粉蔥 ,22.5,22.5,21.4,22.26,-8.51,465.0,14.53,7,4,2014,0
2014-08-01,鳳山區,SE6 青蔥 粉蔥 ,20.4,16.2,15.0,16.78,-24.62,432.0,-7.1,8,5,2014,0
2014-08-02,鳳山區,SE6 青蔥 粉蔥 ,17.5,10.0,10.0,11.5,-31.47,400.0,-7.41,8,6,2014,0
2014-08-03,鳳山區,SE6 青蔥 粉蔥 ,26.2,20.6,17.5,21.08,83.3,102.0,-74.5,8,7,2014,0
2014-08-04,鳳山區,SE6 青蔥 粉蔥 ,,,,,,,,8,1,2014,1
2014-08-05,鳳山區,SE6 青蔥 粉蔥 ,,,,,,,,8,2,2014,1
2014-08-06,鳳山區,SE6 青蔥 粉蔥 ,,,,,,,,8,3,2014,1
2014-08-07,鳳山區,SE6 青蔥 粉蔥 ,30.0,27.5,25.0,27.5,30.46,40.0,-60.78,8,4,2014,0
2014-08-08,鳳山區,SE6 青蔥 粉蔥 ,,,,,,,,8,5,2014,1
2014-08-09,鳳山區,SE6 青蔥 粉蔥 ,,,,,,,,8,6,2014,1
2014-08-10,鳳山區,SE6 青蔥 粉蔥 ,,,,,,,,8,7,2014,1
2014-08-11,鳳山區,SE6 青蔥 粉蔥 ,,,,,,,,8,1,2014,1
2014-08-12,鳳山區,SE6 青蔥 粉蔥 ,,,,,,,,8,2,2014,1
2014-08-13,鳳山區,SE6 青蔥 粉蔥 ,,,,,,,,8,3,2014,1
2014-08-14,鳳山區,SE6 青蔥 粉蔥 ,,,,,,,,8,4,2014,1
2014-08-15,鳳山區,SE6 青蔥 粉蔥 ,,,,,,,,8,5,2014,1
2014-08-16,鳳山區,SE6 青蔥 粉蔥 ,,,,,,,,8,6,2014,1
2014-08-17,鳳山區,SE6 青蔥 粉蔥 ,,,,,,,,8,7,2014,1
2014-08-18,鳳山區,SE6 青蔥 粉蔥 ,,,,,,,,8,1,2014,1
2014-08-19,鳳山區,SE6 青蔥 粉蔥 ,,,,,,,,8,2,2014,1
2014-08-20,鳳山區,SE6 青蔥 粉蔥 ,,,,,,,,8,3,2014,1
2014-08-21,鳳山區,SE6 青蔥 粉蔥 ,,,,,,,,8,4,2014,1
2014-08-22,鳳山區,SE6 青蔥 粉蔥 ,,,,,,,,8,5,2014,1
2014-08-23,鳳山區,SE6 青蔥 粉蔥 ,,,,,,,,8,6,2014,1
2014-08-24,鳳山區,SE6 青蔥 粉蔥 ,,,,,,,,8,7,2014,1
2014-08-25,鳳山區,SE6 青蔥 粉蔥 ,,,,,,,,8,1,2014,1
2014-08-26,鳳山區,SE6 青蔥 粉蔥 ,,,,,,,,8,2,2014,1
2014-08-27,鳳山區,SE6 青蔥 粉蔥 ,,,,,,,,8,3,2014,1
2014-08-28,鳳山區,SE6 青蔥 粉蔥 ,,,,,,,,8,4,2014,1
2014-08-29,鳳山區,SE6 青蔥 粉蔥 ,30.0,30.0,30.0,30.0,9.09,200.0,400.0,8,5,2014,0
2014-08-30,鳳山區,SE6 青蔥 粉蔥 ,,,,,,,,8,6,2014,1
2014-08-31,鳳山區,SE6 青蔥 粉蔥 ,,,,,,,,8,7,2014,1
2014-09-01,鳳山區,SE6 青蔥 粉蔥 ,,,,,,,,9,1,2014,1
2014-09-02,鳳山區,SE6 青蔥 粉蔥 ,,,,,,,,9,2,2014,1
2014-09-03,鳳山區,SE6 青蔥 粉蔥 ,,,,,,,,9,3,2014,1
2014-09-04,鳳山區,SE6 青蔥 粉蔥 ,30.0,30.0,30.0,30.0,0.0,100.0,-50.0,9,4,2014,0
2014-09-05,鳳山區,SE6 青蔥 粉蔥 ,,,,,,,,9,5,2014,1
2014-09-06,鳳山區,SE6 青蔥 粉蔥 ,,,,,,,,9,6,2014,1
2014-09-07,鳳山區,SE6 青蔥 粉蔥 ,,,,,,,,9,7,2014,1
2014-09-08,鳳山區,SE6 青蔥 粉蔥 ,,,,,,,,9,1,2014,1
2014-09-09,鳳山區,SE6 青蔥 粉蔥 ,,,,,,,,9,2,2014,1
2014-09-10,鳳山區,SE6 青蔥 粉蔥 ,,,,,,,,9,3,2014,1
2014-09-11,鳳山區,SE6 青蔥 粉蔥 ,,,,,,,,9,4,2014,1
2014-09-12,鳳山區,SE6 青蔥 粉蔥 ,,,,,,,,9,5,2014,1
2014-09-13,鳳山區,SE6 青蔥 粉蔥 ,,,,,,,,9,6,2014,1
2014-09-14,鳳山區,SE6 青蔥 粉蔥 ,,,,,,,,9,7,2014,1
2014-09-15,鳳山區,SE6 青蔥 粉蔥 ,,,,,,,,9,1,2014,1
2014-09-16,鳳山區,SE6 青蔥 粉蔥 ,,,,,,,,9,2,2014,1
2014-09-17,鳳山區,SE6 青蔥 粉蔥 ,,,,,,,,9,3,2014,1
2014-09-18,鳳山區,SE6 青蔥 粉蔥 ,,,,,,,,9,4,2014,1
2014-09-19,鳳山區,SE6 青蔥 粉蔥 ,,,,,,,,9,5,2014,1
2014-09-20,鳳山區,SE6 青蔥 粉蔥 ,,,,,,,,9,6,2014,1
2014-09-21,鳳山區,SE6 青蔥 粉蔥 ,,,,,,,,9,7,2014,1
2014-09-22,鳳山區,SE6 青蔥 粉蔥 ,,,,,,,,9,1,2014,1
2014-09-23,鳳山區,SE6 青蔥 粉蔥 ,,,,,,,,9,2,2014,1
2014-09-24,鳳山區,SE6 青蔥 粉蔥 ,,,,,,,,9,3,2014,1
2014-09-25,鳳山區,SE6 青蔥 粉蔥 ,,,,,,,,9,4,2014,1
2014-09-26,鳳山區,SE6 青蔥 粉蔥 ,,,,,,,,9,5,2014,1
2014-09-27,鳳山區,SE6 青蔥 粉蔥 ,,,,,,,,9,6,2014,1
2014-09-28,鳳山區,SE6 青蔥 粉蔥 ,,,,,,,,9,7,2014,1
2014-09-29,鳳山區,SE6 青蔥 粉蔥 ,,,,,,,,9,1,2014,1
2014-09-30,鳳山區,SE6 青蔥 粉蔥 ,,,,,,,,9,2,2014,1
2014-10-01,鳳山區,SE6 青蔥 粉蔥 ,,,,,,,,10,3,2014,1
2014-10-02,鳳山區,SE6 青蔥 粉蔥 ,,,,,,,,10,4,2014,1
2014-10-03,鳳山區,SE6 青蔥 粉蔥 ,,,,,,,,10,5,2014,1
2014-10-04,鳳山區,SE6 青蔥 粉蔥 ,,,,,,,,10,6,2014,1
2014-10-05,鳳山區,SE6 青蔥 粉蔥 ,,,,,,,,10,7,2014,1
2014-10-06,鳳山區,SE6 青蔥 粉蔥 ,,,,,,,,10,1,2014,1
2014-10-07,鳳山區,SE6 青蔥 粉蔥 ,,,,,,,,10,2,2014,1
2014-10-08,鳳山區,SE6 青蔥 粉蔥 ,,,,,,,,10,3,2014,1
2014-10-09,鳳山區,SE6 青蔥 粉蔥 ,,,,,,,,10,4,2014,1
2014-10-10,鳳山區,SE6 青蔥 粉蔥 ,,,,,,,,10,5,2014,1
2014-10-11,鳳山區,SE6 青蔥 粉蔥 ,,,,,,,,10,6,2014,1
2014-10-12,鳳山區,SE6 青蔥 粉蔥 ,,,,,,,,10,7,2014,1
2014-10-13,鳳山區,SE6 青蔥 粉蔥 ,,,,,,,,10,1,2014,1
2014-10-14,鳳山區,SE6 青蔥 粉蔥 ,,,,,,,,10,2,2014,1
2014-10-15,鳳山區,SE6 青蔥 粉蔥 ,,,,,,,,10,3,2014,1
2014-10-16,鳳山區,SE6 青蔥 粉蔥 ,,,,,,,,10,4,2014,1
2014-10-17,鳳山區,SE6 青蔥 粉蔥 ,,,,,,,,10,5,2014,1
2014-10-18,鳳山區,SE6 青蔥 粉蔥 ,,,,,,,,10,6,2014,1
2014-10-19,鳳山區,SE6 青蔥 粉蔥 ,,,,,,,,10,7,2014,1
2014-10-20,鳳山區,SE6 青蔥 粉蔥 ,,,,,,,,10,1,2014,1
2014-10-21,鳳山區,SE6 青蔥 粉蔥 ,,,,,,,,10,2,2014,1
2014-10-22,鳳山區,SE6 青蔥 粉蔥 ,,,,,,,,10,3,2014,1
2014-10-23,鳳山區,SE6 青蔥 粉蔥 ,,,,,,,,10,4,2014,1
2014-10-24,鳳山區,SE6 青蔥 粉蔥 ,,,,,,,,10,5,2014,1
2014-10-25,鳳山區,SE6 青蔥 粉蔥 ,,,,,,,,10,6,2014,1
2014-10-26,鳳山區,SE6 青蔥 粉蔥 ,,,,,,,,10,7,2014,1
2014-10-27,鳳山區,SE6 青蔥 粉蔥 ,,,,,,,,10,1,2014,1
2014-10-28,鳳山區,SE6 青蔥 粉蔥 ,,,,,,,,10,2,2014,1
2014-10-29,鳳山區,SE6 青蔥 粉蔥 ,,,,,,,,10,3,2014,1
2014-10-30,鳳山區,SE6 青蔥 粉蔥 ,,,,,,,,10,4,2014,1
2014-10-31,鳳山區,SE6 青蔥 粉蔥 ,,,,,,,,10,5,2014,1
2014-11-01,鳳山區,SE6 青蔥 粉蔥 ,,,,,,,,11,6,2014,1
2014-11-02,鳳山區,SE6 青蔥 粉蔥 ,,,,,,,,11,7,2014,1
2014-11-03,鳳山區,SE6 青蔥 粉蔥 ,,,,,,,,11,1,2014,1
2014-11-04,鳳山區,SE6 青蔥 粉蔥 ,,,,,,,,11,2,2014,1
2014-11-05,鳳山區,SE6 青蔥 粉蔥 ,,,,,,,,11,3,2014,1
2014-11-06,鳳山區,SE6 青蔥 粉蔥 ,,,,,,,,11,4,2014,1
2014-11-07,鳳山區,SE6 青蔥 粉蔥 ,,,,,,,,11,5,2014,1
2014-11-08,鳳山區,SE6 青蔥 粉蔥 ,,,,,,,,11,6,2014,1
2014-11-09,鳳山區,SE6 青蔥 粉蔥 ,,,,,,,,11,7,2014,1
2014-11-10,鳳山區,SE6 青蔥 粉蔥 ,,,,,,,,11,1,2014,1
2014-11-11,鳳山區,SE6 青蔥 粉蔥 ,,,,,,,,11,2,2014,1
2014-11-12,鳳山區,SE6 青蔥 粉蔥 ,,,,,,,,11,3,2014,1
2014-11-13,鳳山區,SE6 青蔥 粉蔥 ,,,,,,,,11,4,2014,1
2014-11-14,鳳山區,SE6 青蔥 粉蔥 ,,,,,,,,11,5,2014,1
2014-11-15,鳳山區,SE6 青蔥 粉蔥 ,,,,,,,,11,6,2014,1
2014-11-16,鳳山區,SE6 青蔥 粉蔥 ,,,,,,,,11,7,2014,1
2014-11-17,鳳山區,SE6 青蔥 粉蔥 ,,,,,,,,11,1,2014,1
2014-11-18,鳳山區,SE6 青蔥 粉蔥 ,,,,,,,,11,2,2014,1
2014-11-19,鳳山區,SE6 青蔥 粉蔥 ,,,,,,,,11,3,2014,1
2014-11-20,鳳山區,SE6 青蔥 粉蔥 ,,,,,,,,11,4,2014,1
2014-11-21,鳳山區,SE6 青蔥 粉蔥 ,,,,,,,,11,5,2014,1
2014-11-22,鳳山區,SE6 青蔥 粉蔥 ,,,,,,,,11,6,2014,1
2014-11-23,鳳山區,SE6 青蔥 粉蔥 ,,,,,,,,11,7,2014,1
2014-11-24,鳳山區,SE6 青蔥 粉蔥 ,,,,,,,,11,1,2014,1
2014-11-25,鳳山區,SE6 青蔥 粉蔥 ,,,,,,,,11,2,2014,1
2014-11-26,鳳山區,SE6 青蔥 粉蔥 ,,,,,,,,11,3,2014,1
2014-11-27,鳳山區,SE6 青蔥 粉蔥 ,,,,,,,,11,4,2014,1
2014-11-28,鳳山區,SE6 青蔥 粉蔥 ,,,,,,,,11,5,2014,1
2014-11-29,鳳山區,SE6 青蔥 粉蔥 ,,,,,,,,11,6,2014,1
2014-11-30,鳳山區,SE6 青蔥 粉蔥 ,,,,,,,,11,7,2014,1
2014-12-01,鳳山區,SE6 青蔥 粉蔥 ,,,,,,,,12,1,2014,1
2014-12-02,鳳山區,SE6 青蔥 粉蔥 ,,,,,,,,12,2,2014,1
2014-12-03,鳳山區,SE6 青蔥 粉蔥 ,,,,,,,,12,3,2014,1
2014-12-04,鳳山區,SE6 青蔥 粉蔥 ,,,,,,,,12,4,2014,1
2014-12-05,鳳山區,SE6 青蔥 粉蔥 ,,,,,,,,12,5,2014,1
2014-12-06,鳳山區,SE6 青蔥 粉蔥 ,,,,,,,,12,6,2014,1
2014-12-07,鳳山區,SE6 青蔥 粉蔥 ,,,,,,,,12,7,2014,1
2014-12-08,鳳山區,SE6 青蔥 粉蔥 ,,,,,,,,12,1,2014,1
2014-12-09,鳳山區,SE6 青蔥 粉蔥 ,,,,,,,,12,2,2014,1
2014-12-10,鳳山區,SE6 青蔥 粉蔥 ,,,,,,,,12,3,2014,1
2014-12-11,鳳山區,SE6 青蔥 粉蔥 ,,,,,,,,12,4,2014,1
2014-12-12,鳳山區,SE6 青蔥 粉蔥 ,,,,,,,,12,5,2014,1
2014-12-13,鳳山區,SE6 青蔥 粉蔥 ,30.0,30.0,30.0,30.0,0.0,36.0,-64.0,12,6,2014,0
2014-12-14,鳳山區,SE6 青蔥 粉蔥 ,,,,,,,,12,7,2014,1
2014-12-15,鳳山區,SE6 青蔥 粉蔥 ,,,,,,,,12,1,2014,1
2014-12-16,鳳山區,SE6 青蔥 粉蔥 ,,,,,,,,12,2,2014,1
2014-12-17,鳳山區,SE6 青蔥 粉蔥 ,30.0,22.3,17.5,22.9,-23.67,140.0,288.89,12,3,2014,0
2014-12-18,鳳山區,SE6 青蔥 粉蔥 ,,,,,,,,12,4,2014,1
2014-12-19,鳳山區,SE6 青蔥 粉蔥 ,,,,,,,,12,5,2014,1
2014-12-20,鳳山區,SE6 青蔥 粉蔥 ,30.6,21.4,17.4,22.4,-2.18,99.0,-29.29,12,6,2014,0
2014-12-21,鳳山區,SE6 青蔥 粉蔥 ,27.8,20.1,17.4,21.1,-5.8,176.0,77.78,12,7,2014,0
2014-12-22,鳳山區,SE6 青蔥 粉蔥 ,,,,,,,,12,1,2014,1
2014-12-23,鳳山區,SE6 青蔥 粉蔥 ,30.0,30.0,30.0,30.0,42.18,6.0,-96.59,12,2,2014,0
2014-12-24,鳳山區,SE6 青蔥 粉蔥 ,,,,,,,,12,3,2014,1
2014-12-25,鳳山區,SE6 青蔥 粉蔥 ,,,,,,,,12,4,2014,1
2014-12-26,鳳山區,SE6 青蔥 粉蔥 ,22.5,20.1,20.0,20.5,-31.67,93.0,1450.0,12,5,2014,0
2014-12-27,鳳山區,SE6 青蔥 粉蔥 ,26.0,23.3,15.1,22.2,8.29,205.0,120.43,12,6,2014,0
2014-12-28,鳳山區,SE6 青蔥 粉蔥 ,30.0,24.5,18.4,24.4,9.91,310.0,51.22,12,7,2014,0
2014-12-29,鳳山區,SE6 青蔥 粉蔥 ,,,,,,,,12,1,2014,1
2014-12-30,鳳山區,SE6 青蔥 粉蔥 ,30.0,27.5,15.0,25.5,4.51,144.0,-53.55,12,2,2014,0
2014-12-31,鳳山區,SE6 青蔥 粉蔥 ,15.0,15.0,15.0,15.0,-41.18,40.0,-72.22,12,3,2014,0
2015-01-01,鳳山區,SE6 青蔥 粉蔥 ,26.0,23.3,12.7,21.7,44.67,205.0,412.5,1,4,2015,0
2015-01-02,鳳山區,SE6 青蔥 粉蔥 ,20.0,20.0,20.0,20.0,-7.83,186.0,-9.27,1,5,2015,0
2015-01-03,鳳山區,SE6 青蔥 粉蔥 ,24.0,24.0,22.8,23.8,19.0,240.0,29.03,1,6,2015,0
2015-01-04,鳳山區,SE6 青蔥 粉蔥 ,,,,,,,,1,7,2015,1
2015-01-05,鳳山區,SE6 青蔥 粉蔥 ,,,,,,,,1,1,2015,1
2015-01-06,鳳山區,SE6 青蔥 粉蔥 ,30.0,26.4,24.0,26.7,12.18,120.0,-50.0,1,2,2015,0
2015-01-07,鳳山區,SE6 青蔥 粉蔥 ,,,,,,,,1,3,2015,1
2015-01-08,鳳山區,SE6 青蔥 粉蔥 ,29.8,23.8,23.8,25.0,-6.37,102.0,-15.0,1,4,2015,0
2015-01-09,鳳山區,SE6 青蔥 粉蔥 ,,,,,,,,1,5,2015,1
2015-01-10,鳳山區,SE6 青蔥 粉蔥 ,21.5,16.1,15.0,17.0,-32.0,162.0,58.82,1,6,2015,0
2015-01-11,鳳山區,SE6 青蔥 粉蔥 ,17.5,17.1,15.0,16.8,-1.18,170.0,4.94,1,7,2015,0
2015-01-12,鳳山區,SE6 青蔥 粉蔥 ,,,,,,,,1,1,2015,1
2015-01-13,鳳山區,SE6 青蔥 粉蔥 ,25.0,18.2,13.9,18.7,11.31,155.0,-8.82,1,2,2015,0
2015-01-14,鳳山區,SE6 青蔥 粉蔥 ,25.0,19.1,15.8,19.6,4.81,222.0,43.23,1,3,2015,0
2015-01-15,鳳山區,SE6 青蔥 粉蔥 ,24.2,20.3,17.5,20.5,4.59,300.0,35.14,1,4,2015,0
2015-01-16,鳳山區,SE6 青蔥 粉蔥 ,22.3,18.8,15.0,18.8,-8.29,232.0,-22.67,1,5,2015,0
2015-01-17,鳳山區,SE6 青蔥 粉蔥 ,20.9,16.7,15.0,17.2,-8.51,192.0,-17.24,1,6,2015,0
2015-01-18,鳳山區,SE6 青蔥 粉蔥 ,23.0,22.9,22.9,22.9,33.14,120.0,-37.5,1,7,2015,0
2015-01-19,鳳山區,SE6 青蔥 粉蔥 ,,,,,,,,1,1,2015,1
2015-01-20,鳳山區,SE6 青蔥 粉蔥 ,17.6,17.2,16.6,17.1,-25.33,143.0,19.17,1,2,2015,0
2015-01-21,鳳山區,SE6 青蔥 粉蔥 ,25.0,25.0,25.0,25.0,46.2,144.0,0.7,1,3,2015,0
2015-01-22,鳳山區,SE6 青蔥 粉蔥 ,,,,,,,,1,4,2015,1
2015-01-23,鳳山區,SE6 青蔥 粉蔥 ,22.1,12.2,7.5,13.3,-46.8,400.0,177.78,1,5,2015,0
2015-01-24,鳳山區,SE6 青蔥 粉蔥 ,20.0,20.0,20.0,20.0,50.38,40.0,-90.0,1,6,2015,0
2015-01-25,鳳山區,SE6 青蔥 粉蔥 ,,,,,,,,1,7,2015,1
2015-01-26,鳳山區,SE6 青蔥 粉蔥 ,,,,,,,,1,1,2015,1
2015-01-27,鳳山區,SE6 青蔥 粉蔥 ,23.0,22.9,22.9,22.9,14.5,120.0,200.0,1,2,2015,0
2015-01-28,鳳山區,SE6 青蔥 粉蔥 ,22.9,22.9,22.9,22.9,0.0,48.0,-60.0,1,3,2015,0
2015-01-29,鳳山區,SE6 青蔥 粉蔥 ,,,,,,,,1,4,2015,1
2015-01-30,鳳山區,SE6 青蔥 粉蔥 ,18.8,18.8,18.8,18.8,-17.9,144.0,200.0,1,5,2015,0
2015-01-31,鳳山區,SE6 青蔥 粉蔥 ,20.9,20.8,20.8,20.8,10.64,144.0,0.0,1,6,2015,0
2015-02-01,鳳山區,SE6 青蔥 粉蔥 ,20.9,20.2,12.5,18.8,-9.62,287.0,99.31,2,7,2015,0
2015-02-02,鳳山區,SE6 青蔥 粉蔥 ,,,,,,,,2,1,2015,1
2015-02-03,鳳山區,SE6 青蔥 粉蔥 ,,,,,,,,2,2,2015,1
2015-02-04,鳳山區,SE6 青蔥 粉蔥 ,,,,,,,,2,3,2015,1
2015-02-05,鳳山區,SE6 青蔥 粉蔥 ,,,,,,,,2,4,2015,1
2015-02-06,鳳山區,SE6 青蔥 粉蔥 ,,,,,,,,2,5,2015,1
2015-02-07,鳳山區,SE6 青蔥 粉蔥 ,,,,,,,,2,6,2015,1
2015-02-08,鳳山區,SE6 青蔥 粉蔥 ,,,,,,,,2,7,2015,1
2015-02-09,鳳山區,SE6 青蔥 粉蔥 ,,,,,,,,2,1,2015,1
2015-02-10,鳳山區,SE6 青蔥 粉蔥 ,,,,,,,,2,2,2015,1
2015-02-11,鳳山區,SE6 青蔥 粉蔥 ,17.5,17.5,17.5,17.5,-6.91,200.0,-30.31,2,3,2015,0
2015-02-12,鳳山區,SE6 青蔥 粉蔥 ,20.0,20.0,20.0,20.0,14.29,60.0,-70.0,2,4,2015,0
2015-02-13,鳳山區,SE6 青蔥 粉蔥 ,22.9,20.3,16.3,20.0,0.0,400.0,566.67,2,5,2015,0
2015-02-14,鳳山區,SE6 青蔥 粉蔥 ,22.9,22.9,22.9,22.9,14.5,240.0,-40.0,2,6,2015,0
2015-02-15,鳳山區,SE6 青蔥 粉蔥 ,,,,,,,,2,7,2015,1
2015-02-16,鳳山區,SE6 青蔥 粉蔥 ,23.0,22.9,15.6,21.5,-6.11,375.0,56.25,2,1,2015,0
2015-02-17,鳳山區,SE6 青蔥 粉蔥 ,25.0,25.0,25.0,25.0,16.28,144.0,-61.6,2,2,2015,0
2015-02-18,鳳山區,SE6 青蔥 粉蔥 ,,,,,,,,2,3,2015,1
2015-02-19,鳳山區,SE6 青蔥 粉蔥 ,,,,,,,,2,4,2015,1
2015-02-20,鳳山區,SE6 青蔥 粉蔥 ,,,,,,,,2,5,2015,1
2015-02-21,鳳山區,SE6 青蔥 粉蔥 ,,,,,,,,2,6,2015,1
2015-02-22,鳳山區,SE6 青蔥 粉蔥 ,,,,,,,,2,7,2015,1
2015-02-23,鳳山區,SE6 青蔥 粉蔥 ,,,,,,,,2,1,2015,1
2015-02-24,鳳山區,SE6 青蔥 粉蔥 ,,,,,,,,2,2,2015,1
2015-02-25,鳳山區,SE6 青蔥 粉蔥 ,,,,,,,,2,3,2015,1
2015-02-26,鳳山區,SE6 青蔥 粉蔥 ,22.6,14.6,14.3,16.1,-35.6,316.0,119.44,2,4,2015,0
2015-02-27,鳳山區,SE6 青蔥 粉蔥 ,,,,,,,,2,5,2015,1
2015-02-28,鳳山區,SE6 青蔥 粉蔥 ,25.0,25.0,25.0,25.0,55.28,48.0,-84.81,2,6,2015,0
2015-03-01,鳳山區,SE6 青蔥 粉蔥 ,25.0,25.0,25.0,25.0,0.0,48.0,0.0,3,7,2015,0
2015-03-02,鳳山區,SE6 青蔥 粉蔥 ,,,,,,,,3,1,2015,1
2015-03-03,鳳山區,SE6 青蔥 粉蔥 ,15.0,15.0,15.0,15.0,-40.0,40.0,-16.67,3,2,2015,0
2015-03-04,鳳山區,SE6 青蔥 粉蔥 ,21.5,20.7,20.0,20.7,38.0,82.0,105.0,3,3,2015,0
2015-03-05,鳳山區,SE6 青蔥 粉蔥 ,25.0,18.2,14.3,18.8,-9.18,304.0,270.73,3,4,2015,0
2015-03-06,鳳山區,SE6 青蔥 粉蔥 ,20.0,18.2,14.3,17.8,-5.32,163.0,-46.38,3,5,2015,0
2015-03-07,鳳山區,SE6 青蔥 粉蔥 ,,,,,,,,3,6,2015,1
2015-03-08,鳳山區,SE6 青蔥 粉蔥 ,,,,,,,,3,7,2015,1
2015-03-09,鳳山區,SE6 青蔥 粉蔥 ,,,,,,,,3,1,2015,1
2015-03-10,鳳山區,SE6 青蔥 粉蔥 ,24.4,17.2,12.3,17.6,-1.12,275.0,68.71,3,2,2015,0
2015-03-11,鳳山區,SE6 青蔥 粉蔥 ,20.9,18.9,14.3,18.4,4.55,223.0,-18.91,3,3,2015,0
2015-03-12,鳳山區,SE6 青蔥 粉蔥 ,,,,,,,,3,4,2015,1
2015-03-13,鳳山區,SE6 青蔥 粉蔥 ,13.3,12.5,12.5,12.7,-30.98,300.0,34.53,3,5,2015,0
2015-03-14,鳳山區,SE6 青蔥 粉蔥 ,14.3,12.6,12.5,12.9,1.57,283.0,-5.67,3,6,2015,0
2015-03-15,鳳山區,SE6 青蔥 粉蔥 ,20.8,13.1,12.5,14.5,12.4,400.0,41.34,3,7,2015,0
2015-03-16,鳳山區,SE6 青蔥 粉蔥 ,,,,,,,,3,1,2015,1
2015-03-17,鳳山區,SE6 青蔥 粉蔥 ,12.6,11.5,8.6,11.1,-23.45,589.0,47.25,3,2,2015,0
2015-03-18,鳳山區,SE6 青蔥 粉蔥 ,12.5,12.5,12.5,12.5,12.61,216.0,-63.33,3,3,2015,0
2015-03-19,鳳山區,SE6 青蔥 粉蔥 ,14.8,14.6,14.5,14.6,16.8,48.0,-77.78,3,4,2015,0
2015-03-20,鳳山區,SE6 青蔥 粉蔥 ,24.0,16.5,10.0,16.7,14.38,375.0,681.25,3,5,2015,0
2015-03-21,鳳山區,SE6 青蔥 粉蔥 ,15.0,13.3,10.0,12.9,-22.75,371.0,-1.07,3,6,2015,0
2015-03-22,鳳山區,SE6 青蔥 粉蔥 ,,,,,,,,3,7,2015,1
2015-03-23,鳳山區,SE6 青蔥 粉蔥 ,,,,,,,,3,1,2015,1
2015-03-24,鳳山區,SE6 青蔥 粉蔥 ,16.7,16.7,16.7,16.7,29.46,63.0,-83.02,3,2,2015,0
2015-03-25,鳳山區,SE6 青蔥 粉蔥 ,19.2,18.9,15.5,18.3,9.58,126.0,100.0,3,3,2015,0
2015-03-26,鳳山區,SE6 青蔥 粉蔥 ,20.9,19.1,14.8,18.6,1.64,132.0,4.76,3,4,2015,0
2015-03-27,鳳山區,SE6 青蔥 粉蔥 ,17.5,17.4,12.5,16.5,-11.29,76.0,-42.42,3,5,2015,0
2015-03-28,鳳山區,SE6 青蔥 粉蔥 ,22.9,15.5,12.5,16.4,-0.61,296.0,289.47,3,6,2015,0
2015-03-29,鳳山區,SE6 青蔥 粉蔥 ,25.0,13.2,11.9,15.3,-6.71,475.0,60.47,3,7,2015,0
2015-03-30,鳳山區,SE6 青蔥 粉蔥 ,,,,,,,,3,1,2015,1
2015-03-31,鳳山區,SE6 青蔥 粉蔥 ,22.9,14.9,11.9,15.9,3.92,330.0,-30.53,3,2,2015,0
2015-04-01,鳳山區,SE6 青蔥 粉蔥 ,16.7,12.6,11.9,13.3,-16.35,147.0,-55.45,4,3,2015,0
2015-04-02,鳳山區,SE6 青蔥 粉蔥 ,16.4,11.9,11.9,12.8,-3.76,250.0,70.07,4,4,2015,0
2015-04-03,鳳山區,SE6 青蔥 粉蔥 ,22.9,15.0,11.9,16.0,25.0,592.0,136.8,4,5,2015,0
2015-04-04,鳳山區,SE6 青蔥 粉蔥 ,20.9,16.0,11.8,16.1,0.63,363.0,-38.68,4,6,2015,0
2015-04-05,鳳山區,SE6 青蔥 粉蔥 ,,,,,,,,4,7,2015,1
2015-04-06,鳳山區,SE6 青蔥 粉蔥 ,,,,,,,,4,1,2015,1
2015-04-07,鳳山區,SE6 青蔥 粉蔥 ,,,,,,,,4,2,2015,1
2015-04-08,鳳山區,SE6 青蔥 粉蔥 ,20.9,13.0,11.9,14.4,-10.56,435.0,19.83,4,3,2015,0
2015-04-09,鳳山區,SE6 青蔥 粉蔥 ,19.5,13.2,11.9,14.2,-1.39,300.0,-31.03,4,4,2015,0
2015-04-10,鳳山區,SE6 青蔥 粉蔥 ,20.9,17.6,14.9,17.7,24.65,356.0,18.67,4,5,2015,0
2015-04-11,鳳山區,SE6 青蔥 粉蔥 ,15.8,13.0,11.5,13.2,-25.42,536.0,50.56,4,6,2015,0
2015-04-12,鳳山區,SE6 青蔥 粉蔥 ,12.5,12.5,12.4,12.5,-5.3,481.0,-10.26,4,7,2015,0
2015-04-13,鳳山區,SE6 青蔥 粉蔥 ,,,,,,,,4,1,2015,1
2015-04-14,鳳山區,SE6 青蔥 粉蔥 ,15.0,15.0,14.3,14.9,19.2,303.0,-37.01,4,2,2015,0
2015-04-15,鳳山區,SE6 青蔥 粉蔥 ,16.2,12.1,11.9,12.9,-13.42,353.0,16.5,4,3,2015,0
2015-04-16,鳳山區,SE6 青蔥 粉蔥 ,,,,,,,,4,4,2015,1
2015-04-17,鳳山區,SE6 青蔥 粉蔥 ,16.7,15.3,11.9,14.9,15.5,114.0,-67.71,4,5,2015,0
2015-04-18,鳳山區,SE6 青蔥 粉蔥 ,22.9,21.4,16.7,20.8,39.6,183.0,60.53,4,6,2015,0
2015-04-19,鳳山區,SE6 青蔥 粉蔥 ,22.9,22.9,22.9,22.9,10.1,48.0,-73.77,4,7,2015,0
2015-04-20,鳳山區,SE6 青蔥 粉蔥 ,,,,,,,,4,1,2015,1
2015-04-21,鳳山區,SE6 青蔥 粉蔥 ,,,,,,,,4,2,2015,1
2015-04-22,鳳山區,SE6 青蔥 粉蔥 ,,,,,,,,4,3,2015,1
2015-04-23,鳳山區,SE6 青蔥 粉蔥 ,19.7,19.5,19.5,19.6,-14.41,69.0,43.75,4,4,2015,0
2015-04-24,鳳山區,SE6 青蔥 粉蔥 ,15.0,13.3,11.9,13.4,-31.63,183.0,165.22,4,5,2015,0
2015-04-25,鳳山區,SE6 青蔥 粉蔥 ,12.5,12.5,12.5,12.5,-6.72,100.0,-45.36,4,6,2015,0
2015-04-26,鳳山區,SE6 青蔥 粉蔥 ,15.0,14.6,12.5,14.3,14.4,420.0,320.0,4,7,2015,0
2015-04-27,鳳山區,SE6 青蔥 粉蔥 ,,,,,,,,4,1,2015,1
2015-04-28,鳳山區,SE6 青蔥 粉蔥 ,30.0,21.2,11.9,21.1,47.55,213.0,-49.29,4,2,2015,0
2015-04-29,鳳山區,SE6 青蔥 粉蔥 ,20.0,19.2,17.5,19.0,-9.95,198.0,-7.04,4,3,2015,0
2015-04-30,鳳山區,SE6 青蔥 粉蔥 ,17.5,17.3,16.7,17.2,-9.47,282.0,42.42,4,4,2015,0
2015-05-01,鳳山區,SE6 青蔥 粉蔥 ,17.5,17.2,14.6,16.8,-2.33,188.0,-33.33,5,5,2015,0
2015-05-02,鳳山區,SE6 青蔥 粉蔥 ,17.2,14.1,10.0,13.9,-17.26,636.0,238.3,5,6,2015,0
2015-05-03,鳳山區,SE6 青蔥 粉蔥 ,17.4,14.4,12.4,14.6,5.04,756.0,18.87,5,7,2015,0
2015-05-04,鳳山區,SE6 青蔥 粉蔥 ,,,,,,,,5,1,2015,1
2015-05-05,鳳山區,SE6 青蔥 粉蔥 ,,,,,,,,5,2,2015,1
2015-05-06,鳳山區,SE6 青蔥 粉蔥 ,16.6,10.0,7.1,10.8,-26.03,862.0,14.02,5,3,2015,0
2015-05-07,鳳山區,SE6 青蔥 粉蔥 ,17.5,13.4,9.5,13.5,25.0,510.0,-40.84,5,4,2015,0
2015-05-08,鳳山區,SE6 青蔥 粉蔥 ,17.5,13.8,10.0,13.8,2.22,500.0,-1.96,5,5,2015,0
2015-05-09,鳳山區,SE6 青蔥 粉蔥 ,17.5,14.7,10.0,14.3,3.62,475.0,-5.0,5,6,2015,0
2015-05-10,鳳山區,SE6 青蔥 粉蔥 ,17.3,12.1,10.0,12.8,-10.49,640.0,34.74,5,7,2015,0
2015-05-11,鳳山區,SE6 青蔥 粉蔥 ,,,,,,,,5,1,2015,1
2015-05-12,鳳山區,SE6 青蔥 粉蔥 ,17.0,13.6,10.0,13.6,6.25,505.0,-21.09,5,2,2015,0
2015-05-13,鳳山區,SE6 青蔥 粉蔥 ,17.5,11.9,8.6,12.3,-9.56,713.0,41.19,5,3,2015,0
2015-05-14,鳳山區,SE6 青蔥 粉蔥 ,15.0,9.2,3.2,9.1,-26.02,631.0,-11.5,5,4,2015,0
2015-05-15,鳳山區,SE6 青蔥 粉蔥 ,17.5,17.5,11.7,16.4,80.22,260.0,-58.8,5,5,2015,0
2015-05-16,鳳山區,SE6 青蔥 粉蔥 ,15.0,10.9,5.0,10.5,-35.98,490.0,88.46,5,6,2015,0
2015-05-17,鳳山區,SE6 青蔥 粉蔥 ,15.0,12.9,8.7,12.5,19.05,745.0,52.04,5,7,2015,0
2015-05-18,鳳山區,SE6 青蔥 粉蔥 ,,,,,,,,5,1,2015,1
2015-05-19,鳳山區,SE6 青蔥 粉蔥 ,,,,,,,,5,2,2015,1
2015-05-20,鳳山區,SE6 青蔥 粉蔥 ,,,,,,,,5,3,2015,1
2015-05-21,鳳山區,SE6 青蔥 粉蔥 ,,,,,,,,5,4,2015,1
2015-05-22,鳳山區,SE6 青蔥 粉蔥 ,22.5,22.5,22.3,22.5,80.0,158.0,-78.79,5,5,2015,0
2015-05-23,鳳山區,SE6 青蔥 粉蔥 ,22.5,19.6,12.5,18.8,-16.44,160.0,1.27,5,6,2015,0
2015-05-24,鳳山區,SE6 青蔥 粉蔥 ,22.5,13.1,10.0,14.4,-23.4,376.0,135.0,5,7,2015,0
2015-05-25,鳳山區,SE6 青蔥 粉蔥 ,,,,,,,,5,1,2015,1
2015-05-26,鳳山區,SE6 青蔥 粉蔥 ,22.5,22.5,22.5,22.5,56.25,100.0,-73.4,5,2,2015,0
2015-05-27,鳳山區,SE6 青蔥 粉蔥 ,22.7,22.0,20.0,21.8,-3.11,170.0,70.0,5,3,2015,0
2015-05-28,鳳山區,SE6 青蔥 粉蔥 ,25.0,15.4,7.1,15.7,-27.98,313.0,84.12,5,4,2015,0
2015-05-29,鳳山區,SE6 青蔥 粉蔥 ,,,,,,,,5,5,2015,1
2015-05-30,鳳山區,SE6 青蔥 粉蔥 ,21.0,20.8,20.8,20.8,32.48,72.0,-77.0,5,6,2015,0
2015-05-31,鳳山區,SE6 青蔥 粉蔥 ,,,,,,,,5,7,2015,1
2015-06-01,鳳山區,SE6 青蔥 粉蔥 ,,,,,,,,6,1,2015,1
2015-06-02,鳳山區,SE6 青蔥 粉蔥 ,,,,,,,,6,2,2015,1
2015-06-03,鳳山區,SE6 青蔥 粉蔥 ,,,,,,,,6,3,2015,1
2015-06-04,鳳山區,SE6 青蔥 粉蔥 ,40.8,40.6,40.6,40.7,95.67,40.0,-44.44,6,4,2015,0
2015-06-05,鳳山區,SE6 青蔥 粉蔥 ,37.0,36.9,28.7,35.3,-13.27,240.0,500.0,6,5,2015,0
2015-06-06,鳳山區,SE6 青蔥 粉蔥 ,37.0,34.6,31.2,34.4,-2.55,302.0,25.83,6,6,2015,0
2015-06-07,鳳山區,SE6 青蔥 粉蔥 ,37.0,34.0,30.0,33.8,-1.74,188.0,-37.75,6,7,2015,0
2015-06-08,鳳山區,SE6 青蔥 粉蔥 ,,,,,,,,6,1,2015,1
2015-06-09,鳳山區,SE6 青蔥 粉蔥 ,37.0,35.7,34.5,35.7,5.62,251.0,33.51,6,2,2015,0
2015-06-10,鳳山區,SE6 青蔥 粉蔥 ,37.0,35.1,32.0,34.9,-2.24,164.0,-34.66,6,3,2015,0
2015-06-11,鳳山區,SE6 青蔥 粉蔥 ,34.5,9.3,2.7,13.0,-62.75,508.0,209.76,6,4,2015,0
2015-06-12,鳳山區,SE6 青蔥 粉蔥 ,34.6,34.5,34.4,34.5,165.38,80.0,-84.25,6,5,2015,0
2015-06-13,鳳山區,SE6 青蔥 粉蔥 ,,,,,,,,6,6,2015,1
2015-06-14,鳳山區,SE6 青蔥 粉蔥 ,37.0,36.9,34.6,36.5,5.8,104.0,30.0,6,7,2015,0
2015-06-15,鳳山區,SE6 青蔥 粉蔥 ,,,,,,,,6,1,2015,1
2015-06-16,鳳山區,SE6 青蔥 粉蔥 ,38.1,9.0,5.2,14.1,-61.37,222.0,113.46,6,2,2015,0
2015-06-17,鳳山區,SE6 青蔥 粉蔥 ,37.1,36.9,36.9,37.0,162.41,60.0,-72.97,6,3,2015,0
2015-06-18,鳳山區,SE6 青蔥 粉蔥 ,,,,,,,,6,4,2015,1
2015-06-19,鳳山區,SE6 青蔥 粉蔥 ,37.1,36.9,36.9,37.0,0.0,80.0,33.33,6,5,2015,0
2015-06-20,鳳山區,SE6 青蔥 粉蔥 ,,,,,,,,6,6,2015,1
2015-06-21,鳳山區,SE6 青蔥 粉蔥 ,,,,,,,,6,7,2015,1
2015-06-22,鳳山區,SE6 青蔥 粉蔥 ,,,,,,,,6,1,2015,1
2015-06-23,鳳山區,SE6 青蔥 粉蔥 ,39.6,39.3,39.4,39.4,6.49,40.0,-50.0,6,2,2015,0
2015-06-24,鳳山區,SE6 青蔥 粉蔥 ,34.8,34.5,34.3,34.5,-12.44,22.0,-45.0,6,3,2015,0
2015-06-25,鳳山區,SE6 青蔥 粉蔥 ,33.9,2.7,2.7,9.0,-73.91,110.0,400.0,6,4,2015,0
2015-06-26,鳳山區,SE6 青蔥 粉蔥 ,39.5,36.1,24.6,34.5,283.33,60.0,-45.45,6,5,2015,0
2015-06-27,鳳山區,SE6 青蔥 粉蔥 ,35.2,35.2,35.2,35.2,2.03,84.0,40.0,6,6,2015,0
2015-06-28,鳳山區,SE6 青蔥 粉蔥 ,39.5,14.1,4.1,17.2,-51.14,132.0,57.14,6,7,2015,0
2015-06-29,鳳山區,SE6 青蔥 粉蔥 ,,,,,,,,6,1,2015,1
2015-06-30,鳳山區,SE6 青蔥 粉蔥 ,39.4,32.5,29.6,33.3,93.6,143.0,8.33,6,2,2015,0
2015-07-01,鳳山區,SE6 青蔥 粉蔥 ,,,,,,,,7,3,2015,1
2015-07-02,鳳山區,SE6 青蔥 粉蔥 ,,,,,,,,7,4,2015,1
2015-07-03,鳳山區,SE6 青蔥 粉蔥 ,47.0,15.1,2.7,19.0,-42.94,114.0,-20.28,7,5,2015,0
2015-07-04,鳳山區,SE6 青蔥 粉蔥 ,,,,,,,,7,6,2015,1
2015-07-05,鳳山區,SE6 青蔥 粉蔥 ,51.7,51.6,51.6,51.6,171.58,63.0,-44.74,7,7,2015,0
2015-07-06,鳳山區,SE6 青蔥 粉蔥 ,,,,,,,,7,1,2015,1
2015-07-07,鳳山區,SE6 青蔥 粉蔥 ,61.0,61.0,61.0,61.0,18.22,63.0,0.0,7,2,2015,0
2015-07-08,鳳山區,SE6 青蔥 粉蔥 ,56.5,56.2,56.3,56.3,-7.7,63.0,0.0,7,3,2015,0
2015-07-09,鳳山區,SE6 青蔥 粉蔥 ,61.1,48.0,39.4,48.9,-13.14,143.0,126.98,7,4,2015,0
2015-07-10,鳳山區,SE6 青蔥 粉蔥 ,56.4,56.3,56.3,56.3,15.13,63.0,-55.94,7,5,2015,0
2015-07-11,鳳山區,SE6 青蔥 粉蔥 ,56.4,43.2,34.5,44.1,-21.67,143.0,126.98,7,6,2015,0
2015-07-12,鳳山區,SE6 青蔥 粉蔥 ,47.0,41.4,37.7,41.8,-5.22,232.0,62.24,7,7,2015,0
2015-07-13,鳳山區,SE6 青蔥 粉蔥 ,,,,,,,,7,1,2015,1
2015-07-14,鳳山區,SE6 青蔥 粉蔥 ,39.9,39.2,39.0,39.3,-5.98,183.0,-21.12,7,2,2015,0
2015-07-15,鳳山區,SE6 青蔥 粉蔥 ,37.8,34.8,34.5,35.4,-9.92,262.0,43.17,7,3,2015,0
2015-07-16,鳳山區,SE6 青蔥 粉蔥 ,34.2,30.5,29.5,31.1,-12.15,311.0,18.7,7,4,2015,0
2015-07-17,鳳山區,SE6 青蔥 粉蔥 ,35.1,30.9,5.5,26.6,-14.47,368.0,18.33,7,5,2015,0
2015-07-18,鳳山區,SE6 青蔥 粉蔥 ,,,,,,,,7,6,2015,1
2015-07-19,鳳山區,SE6 青蔥 粉蔥 ,34.9,34.9,34.9,34.9,31.2,240.0,-34.78,7,7,2015,0
2015-07-20,鳳山區,SE6 青蔥 粉蔥 ,,,,,,,,7,1,2015,1
2015-07-21,鳳山區,SE6 青蔥 粉蔥 ,38.1,34.9,34.9,35.5,1.72,139.0,-42.08,7,2,2015,0
2015-07-22,鳳山區,SE6 青蔥 粉蔥 ,37.1,36.9,36.9,36.9,3.94,72.0,-48.2,7,3,2015,0
2015-07-23,鳳山區,SE6 青蔥 粉蔥 ,41.1,41.0,41.0,41.1,11.38,72.0,0.0,7,4,2015,0
2015-07-24,鳳山區,SE6 青蔥 粉蔥 ,41.0,41.0,41.0,41.0,-0.24,72.0,0.0,7,5,2015,0
2015-07-25,鳳山區,SE6 青蔥 粉蔥 ,34.9,34.9,34.9,34.9,-14.88,120.0,66.67,7,6,2015,0
2015-07-26,鳳山區,SE6 青蔥 粉蔥 ,,,,,,,,7,7,2015,1
2015-07-27,鳳山區,SE6 青蔥 粉蔥 ,,,,,,,,7,1,2015,1
2015-07-28,鳳山區,SE6 青蔥 粉蔥 ,45.2,40.6,34.5,40.3,15.47,132.0,10.0,7,2,2015,0
2015-07-29,鳳山區,SE6 青蔥 粉蔥 ,49.3,49.3,49.2,49.3,22.33,72.0,-45.45,7,3,2015,0
2015-07-30,鳳山區,SE6 青蔥 粉蔥 ,49.3,45.1,39.4,44.8,-9.13,132.0,83.33,7,4,2015,0
2015-07-31,鳳山區,SE6 青蔥 粉蔥 ,44.4,38.6,34.5,38.9,-13.17,100.0,-24.24,7,5,2015,0
2015-08-01,鳳山區,SE6 青蔥 粉蔥 ,,,,,,,,8,6,2015,1
2015-08-02,鳳山區,SE6 青蔥 粉蔥 ,44.4,38.2,34.5,38.7,-0.51,140.0,40.0,8,7,2015,0
2015-08-03,鳳山區,SE6 青蔥 粉蔥 ,,,,,,,,8,1,2015,1
2015-08-04,鳳山區,SE6 青蔥 粉蔥 ,39.5,39.4,39.4,39.4,1.81,40.0,-71.43,8,2,2015,0
2015-08-05,鳳山區,SE6 青蔥 粉蔥 ,,,,,,,,8,3,2015,1
2015-08-06,鳳山區,SE6 青蔥 粉蔥 ,,,,,,,,8,4,2015,1
2015-08-07,鳳山區,SE6 青蔥 粉蔥 ,,,,,,,,8,5,2015,1
2015-08-08,鳳山區,SE6 青蔥 粉蔥 ,,,,,,,,8,6,2015,1
2015-08-09,鳳山區,SE6 青蔥 粉蔥 ,,,,,,,,8,7,2015,1
2015-08-10,鳳山區,SE6 青蔥 粉蔥 ,,,,,,,,8,1,2015,1
2015-08-11,鳳山區,SE6 青蔥 粉蔥 ,32.9,32.8,32.8,32.8,-16.75,63.0,57.5,8,2,2015,0
2015-08-12,鳳山區,SE6 青蔥 粉蔥 ,,,,,,,,8,3,2015,1
2015-08-13,鳳山區,SE6 青蔥 粉蔥 ,69.3,68.9,68.9,69.0,110.37,48.0,-23.81,8,4,2015,0
2015-08-14,鳳山區,SE6 青蔥 粉蔥 ,44.4,44.3,44.3,44.3,-35.8,120.0,150.0,8,5,2015,0
2015-08-15,鳳山區,SE6 青蔥 粉蔥 ,,,,,,,,8,6,2015,1
2015-08-16,鳳山區,SE6 青蔥 粉蔥 ,,,,,,,,8,7,2015,1
2015-08-17,鳳山區,SE6 青蔥 粉蔥 ,,,,,,,,8,1,2015,1
2015-08-18,鳳山區,SE6 青蔥 粉蔥 ,,,,,,,,8,2,2015,1
2015-08-19,鳳山區,SE6 青蔥 粉蔥 ,,,,,,,,8,3,2015,1
2015-08-20,鳳山區,SE6 青蔥 粉蔥 ,81.5,67.0,2.7,57.1,28.89,232.0,93.33,8,4,2015,0
2015-08-21,鳳山區,SE6 青蔥 粉蔥 ,102.9,102.6,102.5,102.6,79.68,24.0,-89.66,8,5,2015,0
2015-08-22,鳳山區,SE6 青蔥 粉蔥 ,55.4,41.6,39.4,44.0,-57.12,204.0,750.0,8,6,2015,0
2015-08-23,鳳山區,SE6 青蔥 粉蔥 ,,,,,,,,8,7,2015,1
2015-08-24,鳳山區,SE6 青蔥 粉蔥 ,,,,,,,,8,1,2015,1
2015-08-25,鳳山區,SE6 青蔥 粉蔥 ,,,,,,,,8,2,2015,1
2015-08-26,鳳山區,SE6 青蔥 粉蔥 ,,,,,,,,8,3,2015,1
2015-08-27,鳳山區,SE6 青蔥 粉蔥 ,,,,,,,,8,4,2015,1
2015-08-28,鳳山區,SE6 青蔥 粉蔥 ,,,,,,,,8,5,2015,1
2015-08-29,鳳山區,SE6 青蔥 粉蔥 ,,,,,,,,8,6,2015,1
2015-08-30,鳳山區,SE6 青蔥 粉蔥 ,,,,,,,,8,7,2015,1
2015-08-31,鳳山區,SE6 青蔥 粉蔥 ,,,,,,,,8,1,2015,1
2015-09-01,鳳山區,SE6 青蔥 粉蔥 ,,,,,,,,9,2,2015,1
2015-09-02,鳳山區,SE6 青蔥 粉蔥 ,,,,,,,,9,3,2015,1
2015-09-03,鳳山區,SE6 青蔥 粉蔥 ,,,,,,,,9,4,2015,1
2015-09-04,鳳山區,SE6 青蔥 粉蔥 ,,,,,,,,9,5,2015,1
2015-09-05,鳳山區,SE6 青蔥 粉蔥 ,,,,,,,,9,6,2015,1
2015-09-06,鳳山區,SE6 青蔥 粉蔥 ,,,,,,,,9,7,2015,1
2015-09-07,鳳山區,SE6 青蔥 粉蔥 ,,,,,,,,9,1,2015,1
2015-09-08,鳳山區,SE6 青蔥 粉蔥 ,,,,,,,,9,2,2015,1
2015-09-09,鳳山區,SE6 青蔥 粉蔥 ,,,,,,,,9,3,2015,1
2015-09-10,鳳山區,SE6 青蔥 粉蔥 ,,,,,,,,9,4,2015,1
2015-09-11,鳳山區,SE6 青蔥 粉蔥 ,,,,,,,,9,5,2015,1
2015-09-12,鳳山區,SE6 青蔥 粉蔥 ,,,,,,,,9,6,2015,1
2015-09-13,鳳山區,SE6 青蔥 粉蔥 ,,,,,,,,9,7,2015,1
2015-09-14,鳳山區,SE6 青蔥 粉蔥 ,,,,,,,,9,1,2015,1
2015-09-15,鳳山區,SE6 青蔥 粉蔥 ,,,,,,,,9,2,2015,1
2015-09-16,鳳山區,SE6 青蔥 粉蔥 ,,,,,,,,9,3,2015,1
2015-09-17,鳳山區,SE6 青蔥 粉蔥 ,,,,,,,,9,4,2015,1
2015-09-18,鳳山區,SE6 青蔥 粉蔥 ,,,,,,,,9,5,2015,1
2015-09-19,鳳山區,SE6 青蔥 粉蔥 ,,,,,,,,9,6,2015,1
2015-09-20,鳳山區,SE6 青蔥 粉蔥 ,,,,,,,,9,7,2015,1
2015-09-21,鳳山區,SE6 青蔥 粉蔥 ,,,,,,,,9,1,2015,1
2015-09-22,鳳山區,SE6 青蔥 粉蔥 ,,,,,,,,9,2,2015,1
2015-09-23,鳳山區,SE6 青蔥 粉蔥 ,,,,,,,,9,3,2015,1
2015-09-24,鳳山區,SE6 青蔥 粉蔥 ,,,,,,,,9,4,2015,1
2015-09-25,鳳山區,SE6 青蔥 粉蔥 ,,,,,,,,9,5,2015,1
2015-09-26,鳳山區,SE6 青蔥 粉蔥 ,,,,,,,,9,6,2015,1
2015-09-27,鳳山區,SE6 青蔥 粉蔥 ,,,,,,,,9,7,2015,1
2015-09-28,鳳山區,SE6 青蔥 粉蔥 ,,,,,,,,9,1,2015,1
2015-09-29,鳳山區,SE6 青蔥 粉蔥 ,,,,,,,,9,2,2015,1
2015-09-30,鳳山區,SE6 青蔥 粉蔥 ,,,,,,,,9,3,2015,1
2015-10-01,鳳山區,SE6 青蔥 粉蔥 ,,,,,,,,10,4,2015,1
2015-10-02,鳳山區,SE6 青蔥 粉蔥 ,,,,,,,,10,5,2015,1
2015-10-03,鳳山區,SE6 青蔥 粉蔥 ,,,,,,,,10,6,2015,1
2015-10-04,鳳山區,SE6 青蔥 粉蔥 ,,,,,,,,10,7,2015,1
2015-10-05,鳳山區,SE6 青蔥 粉蔥 ,,,,,,,,10,1,2015,1
2015-10-06,鳳山區,SE6 青蔥 粉蔥 ,,,,,,,,10,2,2015,1
2015-10-07,鳳山區,SE6 青蔥 粉蔥 ,,,,,,,,10,3,2015,1
2015-10-08,鳳山區,SE6 青蔥 粉蔥 ,,,,,,,,10,4,2015,1
2015-10-09,鳳山區,SE6 青蔥 粉蔥 ,,,,,,,,10,5,2015,1
2015-10-10,鳳山區,SE6 青蔥 粉蔥 ,,,,,,,,10,6,2015,1
2015-10-11,鳳山區,SE6 青蔥 粉蔥 ,,,,,,,,10,7,2015,1
2015-10-12,鳳山區,SE6 青蔥 粉蔥 ,,,,,,,,10,1,2015,1
2015-10-13,鳳山區,SE6 青蔥 粉蔥 ,,,,,,,,10,2,2015,1
2015-10-14,鳳山區,SE6 青蔥 粉蔥 ,,,,,,,,10,3,2015,1
2015-10-15,鳳山區,SE6 青蔥 粉蔥 ,,,,,,,,10,4,2015,1
2015-10-16,鳳山區,SE6 青蔥 粉蔥 ,,,,,,,,10,5,2015,1
2015-10-17,鳳山區,SE6 青蔥 粉蔥 ,,,,,,,,10,6,2015,1
2015-10-18,鳳山區,SE6 青蔥 粉蔥 ,,,,,,,,10,7,2015,1
2015-10-19,鳳山區,SE6 青蔥 粉蔥 ,,,,,,,,10,1,2015,1
2015-10-20,鳳山區,SE6 青蔥 粉蔥 ,,,,,,,,10,2,2015,1
2015-10-21,鳳山區,SE6 青蔥 粉蔥 ,29.6,26.9,22.2,26.5,-39.77,160.0,-21.57,10,3,2015,0
2015-10-22,鳳山區,SE6 青蔥 粉蔥 ,,,,,,,,10,4,2015,1
2015-10-23,鳳山區,SE6 青蔥 粉蔥 ,20.5,19.5,14.3,18.6,-29.81,584.0,265.0,10,5,2015,0
2015-10-24,鳳山區,SE6 青蔥 粉蔥 ,30.0,19.4,12.3,20.1,8.06,616.0,5.48,10,6,2015,0
2015-10-25,鳳山區,SE6 青蔥 粉蔥 ,35.1,28.9,20.5,28.5,41.79,481.0,-21.92,10,7,2015,0
2015-10-26,鳳山區,SE6 青蔥 粉蔥 ,,,,,,,,10,1,2015,1
2015-10-27,鳳山區,SE6 青蔥 粉蔥 ,29.4,25.5,17.2,24.6,-13.68,675.0,40.33,10,2,2015,0
2015-10-28,鳳山區,SE6 青蔥 粉蔥 ,34.5,30.2,28.6,30.7,24.8,406.0,-39.85,10,3,2015,0
2015-10-29,鳳山區,SE6 青蔥 粉蔥 ,,,,,,,,10,4,2015,1
2015-10-30,鳳山區,SE6 青蔥 粉蔥 ,33.3,12.3,5.1,15.0,-51.14,268.0,-33.99,10,5,2015,0
2015-10-31,鳳山區,SE6 青蔥 粉蔥 ,32.3,17.2,4.1,17.6,17.33,554.0,106.72,10,6,2015,0
2015-11-01,鳳山區,SE6 青蔥 粉蔥 ,29.6,28.1,23.7,27.5,56.25,370.0,-33.21,11,7,2015,0
2015-11-02,鳳山區,SE6 青蔥 粉蔥 ,,,,,,,,11,1,2015,1
2015-11-03,鳳山區,SE6 青蔥 粉蔥 ,39.4,32.1,27.1,32.5,18.18,343.0,-7.3,11,2,2015,0
2015-11-04,鳳山區,SE6 青蔥 粉蔥 ,34.0,28.2,19.0,27.5,-15.38,290.0,-15.45,11,3,2015,0
2015-11-05,鳳山區,SE6 青蔥 粉蔥 ,30.5,25.4,24.6,26.3,-4.36,223.0,-23.1,11,4,2015,0
2015-11-06,鳳山區,SE6 青蔥 粉蔥 ,26.0,20.1,19.7,21.2,-19.39,383.0,71.75,11,5,2015,0
2015-11-07,鳳山區,SE6 青蔥 粉蔥 ,33.2,19.7,19.7,22.4,5.66,242.0,-36.81,11,6,2015,0
2015-11-08,鳳山區,SE6 青蔥 粉蔥 ,24.6,24.6,24.6,24.6,9.82,40.0,-83.47,11,7,2015,0
2015-11-09,鳳山區,SE6 青蔥 粉蔥 ,,,,,,,,11,1,2015,1
2015-11-10,鳳山區,SE6 青蔥 粉蔥 ,39.8,26.9,24.6,29.0,17.89,282.0,605.0,11,2,2015,0
2015-11-11,鳳山區,SE6 青蔥 粉蔥 ,40.0,22.4,5.1,22.5,-22.41,186.0,-34.04,11,3,2015,0
2015-11-12,鳳山區,SE6 青蔥 粉蔥 ,45.2,30.9,10.0,29.6,31.56,323.0,73.66,11,4,2015,0
2015-11-13,鳳山區,SE6 青蔥 粉蔥 ,41.1,36.6,29.6,36.1,21.96,344.0,6.5,11,5,2015,0
2015-11-14,鳳山區,SE6 青蔥 粉蔥 ,,,,,,,,11,6,2015,1
2015-11-15,鳳山區,SE6 青蔥 粉蔥 ,37.1,23.9,14.1,24.5,-32.13,289.0,-15.99,11,7,2015,0
2015-11-16,鳳山區,SE6 青蔥 粉蔥 ,,,,,,,,11,1,2015,1
2015-11-17,鳳山區,SE6 青蔥 粉蔥 ,37.4,19.5,7.4,20.7,-15.51,551.0,90.66,11,2,2015,0
2015-11-18,鳳山區,SE6 青蔥 粉蔥 ,30.5,27.9,12.3,25.3,22.22,231.0,-58.08,11,3,2015,0
2015-11-19,鳳山區,SE6 青蔥 粉蔥 ,33.1,15.3,11.7,18.1,-28.46,253.0,9.52,11,4,2015,0
2015-11-20,鳳山區,SE6 青蔥 粉蔥 ,25.8,23.6,16.2,22.5,24.31,212.0,-16.21,11,5,2015,0
2015-11-21,鳳山區,SE6 青蔥 粉蔥 ,30.8,29.5,14.8,26.8,19.11,160.0,-24.53,11,6,2015,0
2015-11-22,鳳山區,SE6 青蔥 粉蔥 ,30.5,15.4,14.1,18.2,-32.09,84.0,-47.5,11,7,2015,0
2015-11-23,鳳山區,SE6 青蔥 粉蔥 ,,,,,,,,11,1,2015,1
2015-11-24,鳳山區,SE6 青蔥 粉蔥 ,30.8,23.6,14.1,23.2,27.47,300.0,257.14,11,2,2015,0
2015-11-25,鳳山區,SE6 青蔥 粉蔥 ,30.8,21.1,14.1,21.7,-6.47,132.0,-56.0,11,3,2015,0
2015-11-26,鳳山區,SE6 青蔥 粉蔥 ,34.9,34.9,34.9,34.9,60.83,72.0,-45.45,11,4,2015,0
2015-11-27,鳳山區,SE6 青蔥 粉蔥 ,30.8,30.1,14.1,27.0,-22.64,186.0,158.33,11,5,2015,0
2015-11-28,鳳山區,SE6 青蔥 粉蔥 ,,,,,,,,11,6,2015,1
2015-11-29,鳳山區,SE6 青蔥 粉蔥 ,28.9,23.2,11.7,22.0,-18.52,235.0,26.34,11,7,2015,0
2015-11-30,鳳山區,SE6 青蔥 粉蔥 ,,,,,,,,11,1,2015,1
2015-12-01,鳳山區,SE6 青蔥 粉蔥 ,32.1,27.2,14.1,25.6,16.36,291.0,23.83,12,2,2015,0
2015-12-02,鳳山區,SE6 青蔥 粉蔥 ,14.2,14.1,14.1,14.1,-44.92,42.0,-85.57,12,3,2015,0
2015-12-03,鳳山區,SE6 青蔥 粉蔥 ,35.6,26.3,1.0,23.1,63.83,164.0,290.48,12,4,2015,0
2015-12-04,鳳山區,SE6 青蔥 粉蔥 ,30.8,26.3,19.7,25.9,12.12,272.0,65.85,12,5,2015,0
2015-12-05,鳳山區,SE6 青蔥 粉蔥 ,23.5,23.5,23.5,23.5,-9.27,42.0,-84.56,12,6,2015,0
2015-12-06,鳳山區,SE6 青蔥 粉蔥 ,,,,,,,,12,7,2015,1
2015-12-07,鳳山區,SE6 青蔥 粉蔥 ,,,,,,,,12,1,2015,1
2015-12-08,鳳山區,SE6 青蔥 粉蔥 ,30.9,30.8,30.7,30.8,31.06,48.0,14.29,12,2,2015,0
2015-12-09,鳳山區,SE6 青蔥 粉蔥 ,,,,,,,,12,3,2015,1
2015-12-10,鳳山區,SE6 青蔥 粉蔥 ,,,,,,,,12,4,2015,1
2015-12-11,鳳山區,SE6 青蔥 粉蔥 ,11.9,11.7,11.7,11.7,-62.01,21.0,-56.25,12,5,2015,0
2015-12-12,鳳山區,SE6 青蔥 粉蔥 ,20.0,19.7,19.5,19.7,68.38,20.0,-4.76,12,6,2015,0
2015-12-13,鳳山區,SE6 青蔥 粉蔥 ,,,,,,,,12,7,2015,1
2015-12-14,鳳山區,SE6 青蔥 粉蔥 ,,,,,,,,12,1,2015,1
2015-12-15,鳳山區,SE6 青蔥 粉蔥 ,5.1,4.8,4.6,4.8,-75.63,41.0,105.0,12,2,2015,0
2015-12-16,鳳山區,SE6 青蔥 粉蔥 ,,,,,,,,12,3,2015,1
2015-12-17,鳳山區,SE6 青蔥 粉蔥 ,,,,,,,,12,4,2015,1
2015-12-18,鳳山區,SE6 青蔥 粉蔥 ,,,,,,,,12,5,2015,1
2015-12-19,鳳山區,SE6 青蔥 粉蔥 ,,,,,,,,12,6,2015,1
2015-12-20,鳳山區,SE6 青蔥 粉蔥 ,19.7,19.7,19.7,19.7,310.42,100.0,143.9,12,7,2015,0
2015-12-21,鳳山區,SE6 青蔥 粉蔥 ,,,,,,,,12,1,2015,1
2015-12-22,鳳山區,SE6 青蔥 粉蔥 ,,,,,,,,12,2,2015,1
2015-12-23,鳳山區,SE6 青蔥 粉蔥 ,,,,,,,,12,3,2015,1
2015-12-24,鳳山區,SE6 青蔥 粉蔥 ,,,,,,,,12,4,2015,1
2015-12-25,鳳山區,SE6 青蔥 粉蔥 ,,,,,,,,12,5,2015,1
2015-12-26,鳳山區,SE6 青蔥 粉蔥 ,,,,,,,,12,6,2015,1
2015-12-27,鳳山區,SE6 青蔥 粉蔥 ,,,,,,,,12,7,2015,1
2015-12-28,鳳山區,SE6 青蔥 粉蔥 ,,,,,,,,12,1,2015,1
2015-12-29,鳳山區,SE6 青蔥 粉蔥 ,24.7,24.6,24.6,24.6,24.87,120.0,20.0,12,2,2015,0
2015-12-30,鳳山區,SE6 青蔥 粉蔥 ,49.3,29.4,4.7,28.5,15.85,135.0,12.5,12,3,2015,0
2015-12-31,鳳山區,SE6 青蔥 粉蔥 ,59.6,59.5,59.5,59.5,108.77,72.0,-46.67,12,4,2015,0
2016-01-01,鳳山區,SE6 青蔥 粉蔥 ,59.6,59.5,59.5,59.5,0.0,48.0,-33.33,1,5,2016,0
2016-01-02,鳳山區,SE6 青蔥 粉蔥 ,29.6,29.5,29.5,29.6,-50.25,40.0,-16.67,1,6,2016,0
2016-01-03,鳳山區,SE6 青蔥 粉蔥 ,,,,,,,,1,7,2016,1
2016-01-04,鳳山區,SE6 青蔥 粉蔥 ,,,,,,,,1,1,2016,1
2016-01-05,鳳山區,SE6 青蔥 粉蔥 ,,,,,,,,1,2,2016,1
2016-01-06,鳳山區,SE6 青蔥 粉蔥 ,,,,,,,,1,3,2016,1
2016-01-07,鳳山區,SE6 青蔥 粉蔥 ,,,,,,,,1,4,2016,1
2016-01-08,鳳山區,SE6 青蔥 粉蔥 ,,,,,,,,1,5,2016,1
2016-01-09,鳳山區,SE6 青蔥 粉蔥 ,37.1,36.9,36.9,37.0,25.0,40.0,0.0,1,6,2016,0
2016-01-10,鳳山區,SE6 青蔥 粉蔥 ,,,,,,,,1,7,2016,1
2016-01-11,鳳山區,SE6 青蔥 粉蔥 ,,,,,,,,1,1,2016,1
2016-01-12,鳳山區,SE6 青蔥 粉蔥 ,,,,,,,,1,2,2016,1
2016-01-13,鳳山區,SE6 青蔥 粉蔥 ,65.7,65.7,65.7,65.7,77.57,120.0,200.0,1,3,2016,0
2016-01-14,鳳山區,SE6 青蔥 粉蔥 ,57.5,57.5,57.5,57.5,-12.48,120.0,0.0,1,4,2016,0
2016-01-15,鳳山區,SE6 青蔥 粉蔥 ,,,,,,,,1,5,2016,1
2016-01-16,鳳山區,SE6 青蔥 粉蔥 ,65.7,65.7,65.7,65.7,14.26,120.0,0.0,1,6,2016,0
2016-01-17,鳳山區,SE6 青蔥 粉蔥 ,,,,,,,,1,7,2016,1
2016-01-18,鳳山區,SE6 青蔥 粉蔥 ,,,,,,,,1,1,2016,1
2016-01-19,鳳山區,SE6 青蔥 粉蔥 ,55.4,55.4,55.4,55.4,-15.68,72.0,-40.0,1,2,2016,0
2016-01-20,鳳山區,SE6 青蔥 粉蔥 ,65.8,65.7,65.6,65.7,18.59,72.0,0.0,1,3,2016,0
2016-01-21,鳳山區,SE6 青蔥 粉蔥 ,73.9,73.9,73.9,73.9,12.48,72.0,0.0,1,4,2016,0
2016-01-22,鳳山區,SE6 青蔥 粉蔥 ,73.9,73.9,73.9,73.9,0.0,72.0,0.0,1,5,2016,0
2016-01-23,鳳山區,SE6 青蔥 粉蔥 ,,,,,,,,1,6,2016,1
2016-01-24,鳳山區,SE6 青蔥 粉蔥 ,73.9,73.9,69.5,73.0,-1.22,168.0,133.33,1,7,2016,0
2016-01-25,鳳山區,SE6 青蔥 粉蔥 ,,,,,,,,1,1,2016,1
2016-01-26,鳳山區,SE6 青蔥 粉蔥 ,,,,,,,,1,2,2016,1
2016-01-27,鳳山區,SE6 青蔥 粉蔥 ,,,,,,,,1,3,2016,1
2016-01-28,鳳山區,SE6 青蔥 粉蔥 ,80.1,80.1,80.0,80.1,9.73,144.0,-14.29,1,4,2016,0
2016-01-29,鳳山區,SE6 青蔥 粉蔥 ,75.9,75.1,73.9,75.0,-6.37,216.0,50.0,1,5,2016,0
2016-01-30,鳳山區,SE6 青蔥 粉蔥 ,59.6,59.5,59.5,59.5,-20.67,72.0,-66.67,1,6,2016,0
2016-01-31,鳳山區,SE6 青蔥 粉蔥 ,49.3,47.0,41.0,46.3,-22.18,197.0,173.61,1,7,2016,0
2016-02-01,鳳山區,SE6 青蔥 粉蔥 ,,,,,,,,2,1,2016,1
2016-02-02,鳳山區,SE6 青蔥 粉蔥 ,65.7,48.5,41.1,50.5,9.07,328.0,66.5,2,2,2016,0
2016-02-03,鳳山區,SE6 青蔥 粉蔥 ,,,,,,,,2,3,2016,1
2016-02-04,鳳山區,SE6 青蔥 粉蔥 ,,,,,,,,2,4,2016,1
2016-02-05,鳳山區,SE6 青蔥 粉蔥 ,59.6,59.5,59.5,59.5,17.82,144.0,-56.1,2,5,2016,0
2016-02-06,鳳山區,SE6 青蔥 粉蔥 ,,,,,,,,2,6,2016,1
2016-02-07,鳳山區,SE6 青蔥 粉蔥 ,,,,,,,,2,7,2016,1
2016-02-08,鳳山區,SE6 青蔥 粉蔥 ,,,,,,,,2,1,2016,1
2016-02-09,鳳山區,SE6 青蔥 粉蔥 ,,,,,,,,2,2,2016,1
2016-02-10,鳳山區,SE6 青蔥 粉蔥 ,,,,,,,,2,3,2016,1
2016-02-11,鳳山區,SE6 青蔥 粉蔥 ,,,,,,,,2,4,2016,1
2016-02-12,鳳山區,SE6 青蔥 粉蔥 ,,,,,,,,2,5,2016,1
2016-02-13,鳳山區,SE6 青蔥 粉蔥 ,76.0,75.9,75.9,75.9,27.56,120.0,-16.67,2,6,2016,0
2016-02-14,鳳山區,SE6 青蔥 粉蔥 ,76.3,75.9,75.8,76.0,0.13,24.0,-80.0,2,7,2016,0
2016-02-15,鳳山區,SE6 青蔥 粉蔥 ,,,,,,,,2,1,2016,1
2016-02-16,鳳山區,SE6 青蔥 粉蔥 ,,,,,,,,2,2,2016,1
2016-02-17,鳳山區,SE6 青蔥 粉蔥 ,78.1,78.0,43.3,71.1,-6.45,84.0,250.0,2,3,2016,0
2016-02-18,鳳山區,SE6 青蔥 粉蔥 ,,,,,,,,2,4,2016,1
2016-02-19,鳳山區,SE6 青蔥 粉蔥 ,76.0,75.9,75.9,75.9,6.75,72.0,-14.29,2,5,2016,0
2016-02-20,鳳山區,SE6 青蔥 粉蔥 ,55.4,55.4,55.4,55.4,-27.01,120.0,66.67,2,6,2016,0
2016-02-21,鳳山區,SE6 青蔥 粉蔥 ,63.6,63.6,63.6,63.6,14.8,120.0,0.0,2,7,2016,0
2016-02-22,鳳山區,SE6 青蔥 粉蔥 ,,,,,,,,2,1,2016,1
2016-02-23,鳳山區,SE6 青蔥 粉蔥 ,,,,,,,,2,2,2016,1
2016-02-24,鳳山區,SE6 青蔥 粉蔥 ,,,,,,,,2,3,2016,1
2016-02-25,鳳山區,SE6 青蔥 粉蔥 ,41.1,41.1,41.0,41.1,-35.38,168.0,40.0,2,4,2016,0
2016-02-26,鳳山區,SE6 青蔥 粉蔥 ,41.1,41.0,41.0,41.1,0.0,144.0,-14.29,2,5,2016,0
2016-02-27,鳳山區,SE6 青蔥 粉蔥 ,41.1,41.0,41.0,41.1,0.0,120.0,-16.67,2,6,2016,0
2016-02-28,鳳山區,SE6 青蔥 粉蔥 ,59.2,48.8,45.1,50.1,21.9,112.0,-6.67,2,7,2016,0
2016-02-29,鳳山區,SE6 青蔥 粉蔥 ,,,,,,,,2,1,2016,1
2016-03-01,鳳山區,SE6 青蔥 粉蔥 ,51.5,51.3,51.3,51.3,2.4,48.0,-57.14,3,2,2016,0
2016-03-02,鳳山區,SE6 青蔥 粉蔥 ,,,,,,,,3,3,2016,1
2016-03-03,鳳山區,SE6 青蔥 粉蔥 ,,,,,,,,3,4,2016,1
2016-03-04,鳳山區,SE6 青蔥 粉蔥 ,65.7,45.5,39.4,48.3,-5.85,212.0,341.67,3,5,2016,0
2016-03-05,鳳山區,SE6 青蔥 粉蔥 ,67.8,67.7,67.7,67.7,40.17,48.0,-77.36,3,6,2016,0
2016-03-06,鳳山區,SE6 青蔥 粉蔥 ,61.7,61.6,61.6,61.6,-9.01,48.0,0.0,3,7,2016,0
2016-03-07,鳳山區,SE6 青蔥 粉蔥 ,,,,,,,,3,1,2016,1
2016-03-08,鳳山區,SE6 青蔥 粉蔥 ,61.6,58.9,29.5,53.6,-12.99,160.0,233.33,3,2,2016,0
2016-03-09,鳳山區,SE6 青蔥 粉蔥 ,57.5,57.5,57.5,57.5,7.28,120.0,-25.0,3,3,2016,0
2016-03-10,鳳山區,SE6 青蔥 粉蔥 ,49.3,46.6,38.7,45.6,-20.7,240.0,100.0,3,4,2016,0
2016-03-11,鳳山區,SE6 青蔥 粉蔥 ,,,,,,,,3,5,2016,1
2016-03-12,鳳山區,SE6 青蔥 粉蔥 ,43.1,43.1,43.1,43.1,-5.48,120.0,-50.0,3,6,2016,0
2016-03-13,鳳山區,SE6 青蔥 粉蔥 ,49.3,42.7,39.4,43.4,0.7,300.0,150.0,3,7,2016,0
2016-03-14,鳳山區,SE6 青蔥 粉蔥 ,,,,,,,,3,1,2016,1
2016-03-15,鳳山區,SE6 青蔥 粉蔥 ,49.3,49.0,39.4,47.1,8.53,184.0,-38.67,3,2,2016,0
2016-03-16,鳳山區,SE6 青蔥 粉蔥 ,43.1,41.9,41.0,42.0,-10.83,264.0,43.48,3,3,2016,0
2016-03-17,鳳山區,SE6 青蔥 粉蔥 ,41.1,37.9,30.8,37.1,-11.67,312.0,18.18,3,4,2016,0
2016-03-18,鳳山區,SE6 青蔥 粉蔥 ,45.2,42.0,37.2,41.7,12.4,220.0,-29.49,3,5,2016,0
2016-03-19,鳳山區,SE6 青蔥 粉蔥 ,22.6,19.6,10.8,18.4,-55.88,297.0,35.0,3,6,2016,0
2016-03-20,鳳山區,SE6 青蔥 粉蔥 ,41.1,34.2,24.7,33.7,83.15,303.0,2.02,3,7,2016,0
2016-03-21,鳳山區,SE6 青蔥 粉蔥 ,,,,,,,,3,1,2016,1
2016-03-22,鳳山區,SE6 青蔥 粉蔥 ,44.6,44.3,44.2,44.3,31.45,24.0,-92.08,3,2,2016,0
2016-03-23,鳳山區,SE6 青蔥 粉蔥 ,37.6,32.0,30.7,32.8,-25.96,69.0,187.5,3,3,2016,0
2016-03-24,鳳山區,SE6 青蔥 粉蔥 ,44.6,23.8,10.3,25.2,-23.17,162.0,134.78,3,4,2016,0
2016-03-25,鳳山區,SE6 青蔥 粉蔥 ,,,,,,,,3,5,2016,1
2016-03-26,鳳山區,SE6 青蔥 粉蔥 ,41.1,41.0,41.0,41.1,63.1,120.0,-25.93,3,6,2016,0
2016-03-27,鳳山區,SE6 青蔥 粉蔥 ,30.8,30.8,30.8,30.8,-25.06,120.0,0.0,3,7,2016,0
2016-03-28,鳳山區,SE6 青蔥 粉蔥 ,,,,,,,,3,1,2016,1
2016-03-29,鳳山區,SE6 青蔥 粉蔥 ,35.0,34.5,19.7,31.6,2.6,184.0,53.33,3,2,2016,0
2016-03-30,鳳山區,SE6 青蔥 粉蔥 ,30.8,30.8,30.8,30.8,-2.53,120.0,-34.78,3,3,2016,0
2016-03-31,鳳山區,SE6 青蔥 粉蔥 ,34.9,32.8,30.8,32.8,6.49,240.0,100.0,3,4,2016,0
2016-04-01,鳳山區,SE6 青蔥 粉蔥 ,30.8,30.8,19.4,28.5,-13.11,228.0,-5.0,4,5,2016,0
2016-04-02,鳳山區,SE6 青蔥 粉蔥 ,41.1,41.1,38.1,40.5,42.11,140.0,-38.6,4,6,2016,0
2016-04-03,鳳山區,SE6 青蔥 粉蔥 ,41.1,39.2,26.8,37.1,-8.4,368.0,162.86,4,7,2016,0
2016-04-04,鳳山區,SE6 青蔥 粉蔥 ,,,,,,,,4,1,2016,1
2016-04-05,鳳山區,SE6 青蔥 粉蔥 ,,,,,,,,4,2,2016,1
2016-04-06,鳳山區,SE6 青蔥 粉蔥 ,,,,,,,,4,3,2016,1
2016-04-07,鳳山區,SE6 青蔥 粉蔥 ,30.8,30.8,22.0,29.0,-21.83,390.0,5.98,4,4,2016,0
2016-04-08,鳳山區,SE6 青蔥 粉蔥 ,35.3,29.8,26.7,30.3,4.48,336.0,-13.85,4,5,2016,0
2016-04-09,鳳山區,SE6 青蔥 粉蔥 ,,,,,,,,4,6,2016,1
2016-04-10,鳳山區,SE6 青蔥 粉蔥 ,34.0,32.8,26.9,31.9,5.28,442.0,31.55,4,7,2016,0
2016-04-11,鳳山區,SE6 青蔥 粉蔥 ,,,,,,,,4,1,2016,1
2016-04-12,鳳山區,SE6 青蔥 粉蔥 ,34.6,34.5,34.5,34.5,8.15,100.0,-77.38,4,2,2016,0
2016-04-13,鳳山區,SE6 青蔥 粉蔥 ,27.1,24.7,16.2,23.5,-31.88,262.0,162.0,4,3,2016,0
2016-04-14,鳳山區,SE6 青蔥 粉蔥 ,23.6,19.8,14.1,19.4,-17.45,586.0,123.66,4,4,2016,0
2016-04-15,鳳山區,SE6 青蔥 粉蔥 ,18.5,18.5,18.5,18.5,-4.64,168.0,-71.33,4,5,2016,0
2016-04-16,鳳山區,SE6 青蔥 粉蔥 ,27.7,15.7,11.8,17.3,-6.49,327.0,94.64,4,6,2016,0
2016-04-17,鳳山區,SE6 青蔥 粉蔥 ,18.5,15.6,11.6,15.4,-10.98,343.0,4.89,4,7,2016,0
2016-04-18,鳳山區,SE6 青蔥 粉蔥 ,,,,,,,,4,1,2016,1
2016-04-19,鳳山區,SE6 青蔥 粉蔥 ,34.7,28.7,16.8,27.5,78.57,383.0,11.66,4,2,2016,0
2016-04-20,鳳山區,SE6 青蔥 粉蔥 ,35.5,26.3,16.4,26.1,-5.09,147.0,-61.62,4,3,2016,0
2016-04-21,鳳山區,SE6 青蔥 粉蔥 ,29.2,21.9,14.4,21.9,-16.09,588.0,300.0,4,4,2016,0
2016-04-22,鳳山區,SE6 青蔥 粉蔥 ,27.0,16.7,10.1,17.4,-20.55,536.0,-8.84,4,5,2016,0
2016-04-23,鳳山區,SE6 青蔥 粉蔥 ,,,,,,,,4,6,2016,1
2016-04-24,鳳山區,SE6 青蔥 粉蔥 ,26.2,14.1,12.4,16.2,-6.9,517.0,-3.54,4,7,2016,0
2016-04-25,鳳山區,SE6 青蔥 粉蔥 ,,,,,,,,4,1,2016,1
2016-04-26,鳳山區,SE6 青蔥 粉蔥 ,15.8,15.3,14.8,15.3,-5.56,245.0,-52.61,4,2,2016,0
2016-04-27,鳳山區,SE6 青蔥 粉蔥 ,24.7,13.8,13.1,15.8,3.27,344.0,40.41,4,3,2016,0
2016-04-28,鳳山區,SE6 青蔥 粉蔥 ,24.7,16.4,13.1,17.4,10.13,298.0,-13.37,4,4,2016,0
2016-04-29,鳳山區,SE6 青蔥 粉蔥 ,24.7,17.7,6.2,16.8,-3.45,264.0,-11.41,4,5,2016,0
2016-04-30,鳳山區,SE6 青蔥 粉蔥 ,24.7,22.2,20.5,22.4,33.33,216.0,-18.18,4,6,2016,0
2016-05-01,鳳山區,SE6 青蔥 粉蔥 ,24.6,20.1,17.8,20.6,-8.04,376.0,74.07,5,7,2016,0
2016-05-02,鳳山區,SE6 青蔥 粉蔥 ,,,,,,,,5,1,2016,1
2016-05-03,鳳山區,SE6 青蔥 粉蔥 ,16.5,15.9,10.8,15.0,-27.18,511.0,35.9,5,2,2016,0
2016-05-04,鳳山區,SE6 青蔥 粉蔥 ,15.8,13.8,9.8,13.4,-10.67,368.0,-27.98,5,3,2016,0
2016-05-05,鳳山區,SE6 青蔥 粉蔥 ,20.6,13.7,5.2,13.4,0.0,135.0,-63.32,5,4,2016,0
2016-05-06,鳳山區,SE6 青蔥 粉蔥 ,4.8,4.7,4.7,4.7,-64.93,63.0,-53.33,5,5,2016,0
2016-05-07,鳳山區,SE6 青蔥 粉蔥 ,18.5,17.8,3.3,15.1,221.28,295.0,368.25,5,6,2016,0
2016-05-08,鳳山區,SE6 青蔥 粉蔥 ,16.5,13.0,2.3,11.6,-23.18,183.0,-37.97,5,7,2016,0
2016-05-09,鳳山區,SE6 青蔥 粉蔥 ,,,,,,,,5,1,2016,1
2016-05-10,鳳山區,SE6 青蔥 粉蔥 ,28.3,19.4,18.5,21.0,81.03,232.0,26.78,5,2,2016,0
2016-05-11,鳳山區,SE6 青蔥 粉蔥 ,30.9,27.3,26.7,27.9,32.86,136.0,-41.38,5,3,2016,0
2016-05-12,鳳山區,SE6 青蔥 粉蔥 ,26.7,23.8,20.5,23.7,-15.05,316.0,132.35,5,4,2016,0
2016-05-13,鳳山區,SE6 青蔥 粉蔥 ,23.6,21.5,18.5,21.3,-10.13,412.0,30.38,5,5,2016,0
2016-05-14,鳳山區,SE6 青蔥 粉蔥 ,22.6,19.4,16.4,19.4,-8.92,486.0,17.96,5,6,2016,0
2016-05-15,鳳山區,SE6 青蔥 粉蔥 ,20.6,20.4,12.2,18.8,-3.09,429.0,-11.73,5,7,2016,0
2016-05-16,鳳山區,SE6 青蔥 粉蔥 ,,,,,,,,5,1,2016,1
2016-05-17,鳳山區,SE6 青蔥 粉蔥 ,20.6,19.4,11.7,18.1,-3.72,231.0,-46.15,5,2,2016,0
2016-05-18,鳳山區,SE6 青蔥 粉蔥 ,22.6,17.8,11.7,17.5,-3.31,135.0,-41.56,5,3,2016,0
2016-05-19,鳳山區,SE6 青蔥 粉蔥 ,22.6,17.6,11.7,17.4,-0.57,215.0,59.26,5,4,2016,0
2016-05-20,鳳山區,SE6 青蔥 粉蔥 ,20.6,20.3,19.7,20.3,16.67,180.0,-16.28,5,5,2016,0
2016-05-21,鳳山區,SE6 青蔥 粉蔥 ,17.3,16.4,16.4,16.6,-18.23,276.0,53.33,5,6,2016,0
2016-05-22,鳳山區,SE6 青蔥 粉蔥 ,16.5,15.7,14.8,15.7,-5.42,352.0,27.54,5,7,2016,0
2016-05-23,鳳山區,SE6 青蔥 粉蔥 ,,,,,,,,5,1,2016,1
2016-05-24,鳳山區,SE6 青蔥 粉蔥 ,15.4,15.4,15.3,15.4,-1.91,388.0,10.23,5,2,2016,0
2016-05-25,鳳山區,SE6 青蔥 粉蔥 ,15.2,14.8,12.3,14.4,-6.49,420.0,8.25,5,3,2016,0
2016-05-26,鳳山區,SE6 青蔥 粉蔥 ,15.3,13.7,9.7,13.2,-8.33,459.0,9.29,5,4,2016,0
2016-05-27,鳳山區,SE6 青蔥 粉蔥 ,13.6,13.1,12.3,13.0,-1.52,420.0,-8.5,5,5,2016,0
2016-05-28,鳳山區,SE6 青蔥 粉蔥 ,14.8,14.6,9.8,13.7,5.38,394.0,-6.19,5,6,2016,0
2016-05-29,鳳山區,SE6 青蔥 粉蔥 ,14.4,13.3,12.3,13.3,-2.92,392.0,-0.51,5,7,2016,0
2016-05-30,鳳山區,SE6 青蔥 粉蔥 ,,,,,,,,5,1,2016,1
2016-05-31,鳳山區,SE6 青蔥 粉蔥 ,14.8,14.6,14.4,14.6,9.77,548.0,39.8,5,2,2016,0
2016-06-01,鳳山區,SE6 青蔥 粉蔥 ,22.5,16.6,12.5,16.9,15.75,180.0,-67.15,6,3,2016,0
2016-06-02,鳳山區,SE6 青蔥 粉蔥 ,27.1,26.2,6.2,22.4,32.54,220.0,22.22,6,4,2016,0
2016-06-03,鳳山區,SE6 青蔥 粉蔥 ,21.5,18.5,18.5,19.1,-14.73,284.0,29.09,6,5,2016,0
2016-06-04,鳳山區,SE6 青蔥 粉蔥 ,17.7,16.7,16.3,16.8,-12.04,404.0,42.25,6,6,2016,0
2016-06-05,鳳山區,SE6 青蔥 粉蔥 ,16.3,14.6,14.4,14.9,-11.31,476.0,17.82,6,7,2016,0
2016-06-06,鳳山區,SE6 青蔥 粉蔥 ,,,,,,,,6,1,2016,1
2016-06-07,鳳山區,SE6 青蔥 粉蔥 ,,,,,,,,6,2,2016,1
2016-06-08,鳳山區,SE6 青蔥 粉蔥 ,17.7,16.6,16.3,16.7,12.08,252.0,-47.06,6,3,2016,0
2016-06-09,鳳山區,SE6 青蔥 粉蔥 ,16.4,16.0,14.4,15.7,-5.99,360.0,42.86,6,4,2016,0
2016-06-10,鳳山區,SE6 青蔥 粉蔥 ,,,,,,,,6,5,2016,1
2016-06-11,鳳山區,SE6 青蔥 粉蔥 ,,,,,,,,6,6,2016,1
2016-06-12,鳳山區,SE6 青蔥 粉蔥 ,20.7,19.2,12.3,18.1,15.29,68.0,-81.11,6,7,2016,0
2016-06-13,鳳山區,SE6 青蔥 粉蔥 ,,,,,,,,6,1,2016,1
2016-06-14,鳳山區,SE6 青蔥 粉蔥 ,22.6,22.6,22.6,22.6,24.86,72.0,5.88,6,2,2016,0
2016-06-15,鳳山區,SE6 青蔥 粉蔥 ,21.2,18.6,16.6,18.8,-16.81,166.0,130.56,6,3,2016,0
2016-06-16,鳳山區,SE6 青蔥 粉蔥 ,16.5,14.8,4.8,13.1,-30.32,452.0,172.29,6,4,2016,0
2016-06-17,鳳山區,SE6 青蔥 粉蔥 ,18.9,10.7,8.2,11.8,-9.92,154.0,-65.93,6,5,2016,0
2016-06-18,鳳山區,SE6 青蔥 粉蔥 ,17.9,16.6,14.1,16.4,38.98,301.0,95.45,6,6,2016,0
2016-06-19,鳳山區,SE6 青蔥 粉蔥 ,17.2,14.9,9.5,14.3,-12.8,224.0,-25.58,6,7,2016,0
2016-06-20,鳳山區,SE6 青蔥 粉蔥 ,,,,,,,,6,1,2016,1
2016-06-21,鳳山區,SE6 青蔥 粉蔥 ,,,,,,,,6,2,2016,1
2016-06-22,鳳山區,SE6 青蔥 粉蔥 ,16.5,14.9,10.9,14.4,0.7,369.0,64.73,6,3,2016,0
2016-06-23,鳳山區,SE6 青蔥 粉蔥 ,18.5,17.1,12.5,16.5,14.58,344.0,-6.78,6,4,2016,0
2016-06-24,鳳山區,SE6 青蔥 粉蔥 ,15.6,14.7,12.8,14.5,-12.12,511.0,48.55,6,5,2016,0
2016-06-25,鳳山區,SE6 青蔥 粉蔥 ,16.9,14.4,14.2,14.8,2.07,458.0,-10.37,6,6,2016,0
2016-06-26,鳳山區,SE6 青蔥 粉蔥 ,16.7,13.5,7.6,12.9,-12.84,319.0,-30.35,6,7,2016,0
2016-06-27,鳳山區,SE6 青蔥 粉蔥 ,,,,,,,,6,1,2016,1
2016-06-28,鳳山區,SE6 青蔥 粉蔥 ,16.8,14.3,11.8,14.3,10.85,478.0,49.84,6,2,2016,0
2016-06-29,鳳山區,SE6 青蔥 粉蔥 ,17.0,16.0,13.7,15.7,9.79,303.0,-36.61,6,3,2016,0
2016-06-30,鳳山區,SE6 青蔥 粉蔥 ,14.4,14.2,13.0,14.0,-10.83,354.0,16.83,6,4,2016,0
2016-07-01,鳳山區,SE6 青蔥 粉蔥 ,17.3,14.8,9.9,14.3,2.14,323.0,-8.76,7,5,2016,0
2016-07-02,鳳山區,SE6 青蔥 粉蔥 ,17.3,12.0,8.8,12.4,-13.29,309.0,-4.33,7,6,2016,0
2016-07-03,鳳山區,SE6 青蔥 粉蔥 ,17.8,16.1,14.4,16.1,29.84,266.0,-13.92,7,7,2016,0
2016-07-04,鳳山區,SE6 青蔥 粉蔥 ,,,,,,,,7,1,2016,1
2016-07-05,鳳山區,SE6 青蔥 粉蔥 ,16.4,15.8,13.4,15.4,-4.35,198.0,-25.56,7,2,2016,0
2016-07-06,鳳山區,SE6 青蔥 粉蔥 ,,,,,,,,7,3,2016,1
2016-07-07,鳳山區,SE6 青蔥 粉蔥 ,24.9,24.7,24.6,24.7,60.39,135.0,-31.82,7,4,2016,0
2016-07-08,鳳山區,SE6 青蔥 粉蔥 ,26.0,25.8,25.7,25.8,4.45,42.0,-68.89,7,5,2016,0
2016-07-09,鳳山區,SE6 青蔥 粉蔥 ,,,,,,,,7,6,2016,1
2016-07-10,鳳山區,SE6 青蔥 粉蔥 ,34.8,34.7,34.7,34.7,34.5,126.0,200.0,7,7,2016,0
2016-07-11,鳳山區,SE6 青蔥 粉蔥 ,,,,,,,,7,1,2016,1
2016-07-12,鳳山區,SE6 青蔥 粉蔥 ,12.8,10.5,9.8,10.9,-68.59,981.0,678.57,7,2,2016,0
2016-07-13,鳳山區,SE6 青蔥 粉蔥 ,14.8,14.0,13.8,14.1,29.36,310.0,-68.4,7,3,2016,0
2016-07-14,鳳山區,SE6 青蔥 粉蔥 ,18.5,16.2,13.8,16.2,14.89,468.0,50.97,7,4,2016,0
2016-07-15,鳳山區,SE6 青蔥 粉蔥 ,16.4,15.3,11.3,14.8,-8.64,492.0,5.13,7,5,2016,0
2016-07-16,鳳山區,SE6 青蔥 粉蔥 ,15.6,13.4,11.7,13.5,-8.78,570.0,15.85,7,6,2016,0
2016-07-17,鳳山區,SE6 青蔥 粉蔥 ,17.8,14.2,13.8,14.8,9.63,260.0,-54.39,7,7,2016,0
2016-07-18,鳳山區,SE6 青蔥 粉蔥 ,,,,,,,,7,1,2016,1
2016-07-19,鳳山區,SE6 青蔥 粉蔥 ,17.3,16.2,13.1,15.8,6.76,326.0,25.38,7,2,2016,0
2016-07-20,鳳山區,SE6 青蔥 粉蔥 ,,,,,,,,7,3,2016,1
2016-07-21,鳳山區,SE6 青蔥 粉蔥 ,20.6,20.5,20.5,20.5,29.75,72.0,-77.91,7,4,2016,0
2016-07-22,鳳山區,SE6 青蔥 粉蔥 ,18.8,18.6,13.1,17.6,-14.15,261.0,262.5,7,5,2016,0
2016-07-23,鳳山區,SE6 青蔥 粉蔥 ,20.7,19.9,19.2,19.9,13.07,396.0,51.72,7,6,2016,0
2016-07-24,鳳山區,SE6 青蔥 粉蔥 ,18.4,16.8,16.4,17.1,-14.07,401.0,1.26,7,7,2016,0
2016-07-25,鳳山區,SE6 青蔥 粉蔥 ,,,,,,,,7,1,2016,1
2016-07-26,鳳山區,SE6 青蔥 粉蔥 ,16.8,14.1,9.8,13.8,-19.3,735.0,83.29,7,2,2016,0
2016-07-27,鳳山區,SE6 青蔥 粉蔥 ,18.8,14.7,13.8,15.3,10.87,372.0,-49.39,7,3,2016,0
2016-07-28,鳳山區,SE6 青蔥 粉蔥 ,14.8,13.5,11.7,13.4,-12.42,491.0,31.99,7,4,2016,0
2016-07-29,鳳山區,SE6 青蔥 粉蔥 ,15.8,14.8,13.8,14.8,10.45,276.0,-43.79,7,5,2016,0
2016-07-30,鳳山區,SE6 青蔥 粉蔥 ,14.8,13.8,12.1,13.6,-8.11,358.0,29.71,7,6,2016,0
2016-07-31,鳳山區,SE6 青蔥 粉蔥 ,16.5,14.5,13.8,14.7,8.09,190.0,-46.93,7,7,2016,0
2016-08-01,鳳山區,SE6 青蔥 粉蔥 ,,,,,,,,8,1,2016,1
2016-08-02,鳳山區,SE6 青蔥 粉蔥 ,16.0,14.6,13.2,14.6,-0.68,1419.0,646.84,8,2,2016,0
2016-08-03,鳳山區,SE6 青蔥 粉蔥 ,15.1,14.0,13.5,14.1,-3.42,422.0,-70.26,8,3,2016,0
2016-08-04,鳳山區,SE6 青蔥 粉蔥 ,14.8,13.2,12.3,13.3,-5.67,384.0,-9.0,8,4,2016,0
2016-08-05,鳳山區,SE6 青蔥 粉蔥 ,,,,,,,,8,5,2016,1
2016-08-06,鳳山區,SE6 青蔥 粉蔥 ,14.4,12.2,10.9,12.4,-6.77,473.0,23.18,8,6,2016,0
2016-08-07,鳳山區,SE6 青蔥 粉蔥 ,13.8,12.3,11.6,12.5,0.81,502.0,6.13,8,7,2016,0
2016-08-08,鳳山區,SE6 青蔥 粉蔥 ,,,,,,,,8,1,2016,1
2016-08-09,鳳山區,SE6 青蔥 粉蔥 ,14.8,14.3,13.0,14.1,12.8,182.0,-63.75,8,2,2016,0
2016-08-10,鳳山區,SE6 青蔥 粉蔥 ,15.8,15.6,15.0,15.5,9.93,142.0,-21.98,8,3,2016,0
2016-08-11,鳳山區,SE6 青蔥 粉蔥 ,16.5,15.5,15.0,15.6,0.65,111.0,-21.83,8,4,2016,0
2016-08-12,鳳山區,SE6 青蔥 粉蔥 ,14.8,14.1,10.0,13.4,-14.1,250.0,125.23,8,5,2016,0
2016-08-13,鳳山區,SE6 青蔥 粉蔥 ,14.9,14.2,12.3,13.9,3.73,360.0,44.0,8,6,2016,0
2016-08-14,鳳山區,SE6 青蔥 粉蔥 ,24.5,18.1,13.8,18.5,33.09,247.0,-31.39,8,7,2016,0
2016-08-15,鳳山區,SE6 青蔥 粉蔥 ,,,,,,,,8,1,2016,1
2016-08-16,鳳山區,SE6 青蔥 粉蔥 ,24.4,22.5,16.3,21.6,16.76,160.0,-35.22,8,2,2016,0
2016-08-17,鳳山區,SE6 青蔥 粉蔥 ,23.5,19.0,15.1,19.1,-11.57,169.0,5.62,8,3,2016,0
2016-08-18,鳳山區,SE6 青蔥 粉蔥 ,,,,,,,,8,4,2016,1
2016-08-19,鳳山區,SE6 青蔥 粉蔥 ,,,,,,,,8,5,2016,1
2016-08-20,鳳山區,SE6 青蔥 粉蔥 ,23.5,21.0,16.8,20.7,8.38,225.0,33.14,8,6,2016,0
2016-08-21,鳳山區,SE6 青蔥 粉蔥 ,23.5,20.3,18.9,20.7,0.0,163.0,-27.56,8,7,2016,0
2016-08-22,鳳山區,SE6 青蔥 粉蔥 ,,,,,,,,8,1,2016,1
2016-08-23,鳳山區,SE6 青蔥 粉蔥 ,25.8,21.2,20.5,22.0,6.28,417.0,155.83,8,2,2016,0
2016-08-24,鳳山區,SE6 青蔥 粉蔥 ,23.5,20.8,16.7,20.5,-6.82,349.0,-16.31,8,3,2016,0
2016-08-25,鳳山區,SE6 青蔥 粉蔥 ,23.5,18.9,17.2,19.5,-4.88,321.0,-8.02,8,4,2016,0
2016-08-26,鳳山區,SE6 青蔥 粉蔥 ,23.0,17.7,15.8,18.4,-5.64,264.0,-17.76,8,5,2016,0
2016-08-27,鳳山區,SE6 青蔥 粉蔥 ,22.6,17.9,17.0,18.7,1.63,270.0,2.27,8,6,2016,0
2016-08-28,鳳山區,SE6 青蔥 粉蔥 ,17.2,13.2,9.8,13.4,-28.34,223.0,-17.41,8,7,2016,0
2016-08-29,鳳山區,SE6 青蔥 粉蔥 ,,,,,,,,8,1,2016,1
2016-08-30,鳳山區,SE6 青蔥 粉蔥 ,,,,,,,,8,2,2016,1
2016-08-31,鳳山區,SE6 青蔥 粉蔥 ,,,,,,,,8,3,2016,1
2016-09-01,鳳山區,SE6 青蔥 粉蔥 ,,,,,,,,9,4,2016,1
2016-09-02,鳳山區,SE6 青蔥 粉蔥 ,,,,,,,,9,5,2016,1
2016-09-03,鳳山區,SE6 青蔥 粉蔥 ,,,,,,,,9,6,2016,1
2016-09-04,鳳山區,SE6 青蔥 粉蔥 ,,,,,,,,9,7,2016,1
2016-09-05,鳳山區,SE6 青蔥 粉蔥 ,,,,,,,,9,1,2016,1
2016-09-06,鳳山區,SE6 青蔥 粉蔥 ,23.5,19.3,16.9,19.7,47.01,294.0,31.84,9,2,2016,0
2016-09-07,鳳山區,SE6 青蔥 粉蔥 ,21.5,21.2,21.0,21.2,7.61,20.0,-93.2,9,3,2016,0
2016-09-08,鳳山區,SE6 青蔥 粉蔥 ,,,,,,,,9,4,2016,1
2016-09-09,鳳山區,SE6 青蔥 粉蔥 ,24.4,23.4,19.7,22.9,8.02,124.0,520.0,9,5,2016,0
2016-09-10,鳳山區,SE6 青蔥 粉蔥 ,18.8,18.7,18.7,18.7,-18.34,60.0,-51.61,9,6,2016,0
2016-09-11,鳳山區,SE6 青蔥 粉蔥 ,,,,,,,,9,7,2016,1
2016-09-12,鳳山區,SE6 青蔥 粉蔥 ,,,,,,,,9,1,2016,1
2016-09-13,鳳山區,SE6 青蔥 粉蔥 ,,,,,,,,9,2,2016,1
2016-09-14,鳳山區,SE6 青蔥 粉蔥 ,,,,,,,,9,3,2016,1
2016-09-15,鳳山區,SE6 青蔥 粉蔥 ,27.2,27.1,27.1,27.1,44.92,60.0,0.0,9,4,2016,0
2016-09-16,鳳山區,SE6 青蔥 粉蔥 ,,,,,,,,9,5,2016,1
2016-09-17,鳳山區,SE6 青蔥 粉蔥 ,,,,,,,,9,6,2016,1
2016-09-18,鳳山區,SE6 青蔥 粉蔥 ,28.8,28.7,28.7,28.7,5.9,72.0,20.0,9,7,2016,0
2016-09-19,鳳山區,SE6 青蔥 粉蔥 ,,,,,,,,9,1,2016,1
2016-09-20,鳳山區,SE6 青蔥 粉蔥 ,32.9,29.1,28.7,29.8,3.83,96.0,33.33,9,2,2016,0
2016-09-21,鳳山區,SE6 青蔥 粉蔥 ,19.8,19.7,19.7,19.7,-33.89,60.0,-37.5,9,3,2016,0
2016-09-22,鳳山區,SE6 青蔥 粉蔥 ,,,,,,,,9,4,2016,1
2016-09-23,鳳山區,SE6 青蔥 粉蔥 ,,,,,,,,9,5,2016,1
2016-09-24,鳳山區,SE6 青蔥 粉蔥 ,,,,,,,,9,6,2016,1
2016-09-25,鳳山區,SE6 青蔥 粉蔥 ,22.5,22.1,22.0,22.2,12.69,20.0,-66.67,9,7,2016,0
2016-09-26,鳳山區,SE6 青蔥 粉蔥 ,,,,,,,,9,1,2016,1
2016-09-27,鳳山區,SE6 青蔥 粉蔥 ,,,,,,,,9,2,2016,1
2016-09-28,鳳山區,SE6 青蔥 粉蔥 ,,,,,,,,9,3,2016,1
2016-09-29,鳳山區,SE6 青蔥 粉蔥 ,,,,,,,,9,4,2016,1
2016-09-30,鳳山區,SE6 青蔥 粉蔥 ,,,,,,,,9,5,2016,1
2016-10-01,鳳山區,SE6 青蔥 粉蔥 ,,,,,,,,10,6,2016,1
2016-10-02,鳳山區,SE6 青蔥 粉蔥 ,,,,,,,,10,7,2016,1
2016-10-03,鳳山區,SE6 青蔥 粉蔥 ,,,,,,,,10,1,2016,1
2016-10-04,鳳山區,SE6 青蔥 粉蔥 ,,,,,,,,10,2,2016,1
2016-10-05,鳳山區,SE6 青蔥 粉蔥 ,,,,,,,,10,3,2016,1
2016-10-06,鳳山區,SE6 青蔥 粉蔥 ,,,,,,,,10,4,2016,1
2016-10-07,鳳山區,SE6 青蔥 粉蔥 ,,,,,,,,10,5,2016,1
2016-10-08,鳳山區,SE6 青蔥 粉蔥 ,123.2,123.2,123.2,123.2,454.95,100.0,400.0,10,6,2016,0
2016-10-09,鳳山區,SE6 青蔥 粉蔥 ,,,,,,,,10,7,2016,1
2016-10-10,鳳山區,SE6 青蔥 粉蔥 ,,,,,,,,10,1,2016,1
2016-10-11,鳳山區,SE6 青蔥 粉蔥 ,,,,,,,,10,2,2016,1
2016-10-12,鳳山區,SE6 青蔥 粉蔥 ,49.3,49.3,49.2,49.3,-59.98,96.0,-4.0,10,3,2016,0
2016-10-13,鳳山區,SE6 青蔥 粉蔥 ,29.6,13.5,2.5,14.5,-70.59,216.0,125.0,10,4,2016,0
2016-10-14,鳳山區,SE6 青蔥 粉蔥 ,24.7,24.6,24.6,24.6,69.66,192.0,-11.11,10,5,2016,0
2016-10-15,鳳山區,SE6 青蔥 粉蔥 ,24.7,24.6,24.6,24.6,0.0,120.0,-37.5,10,6,2016,0
2016-10-16,鳳山區,SE6 青蔥 粉蔥 ,,,,,,,,10,7,2016,1
2016-10-17,鳳山區,SE6 青蔥 粉蔥 ,,,,,,,,10,1,2016,1
2016-10-18,鳳山區,SE6 青蔥 粉蔥 ,,,,,,,,10,2,2016,1
2016-10-19,鳳山區,SE6 青蔥 粉蔥 ,98.6,90.5,59.0,85.8,248.78,62.0,-48.33,10,3,2016,0
2016-10-20,鳳山區,SE6 青蔥 粉蔥 ,24.7,24.6,24.6,24.6,-71.33,96.0,54.84,10,4,2016,0
2016-10-21,鳳山區,SE6 青蔥 粉蔥 ,49.3,38.6,24.4,37.9,54.07,177.0,84.38,10,5,2016,0
2016-10-22,鳳山區,SE6 青蔥 粉蔥 ,69.0,26.5,24.6,34.7,-8.44,186.0,5.08,10,6,2016,0
2016-10-23,鳳山區,SE6 青蔥 粉蔥 ,24.7,24.0,12.3,21.8,-37.18,312.0,67.74,10,7,2016,0
2016-10-24,鳳山區,SE6 青蔥 粉蔥 ,,,,,,,,10,1,2016,1
2016-10-25,鳳山區,SE6 青蔥 粉蔥 ,,,,,,,,10,2,2016,1
2016-10-26,鳳山區,SE6 青蔥 粉蔥 ,,,,,,,,10,3,2016,1
2016-10-27,鳳山區,SE6 青蔥 粉蔥 ,,,,,,,,10,4,2016,1
2016-10-28,鳳山區,SE6 青蔥 粉蔥 ,,,,,,,,10,5,2016,1
2016-10-29,鳳山區,SE6 青蔥 粉蔥 ,10.4,10.3,10.2,10.3,-52.75,72.0,-76.92,10,6,2016,0
2016-10-30,鳳山區,SE6 青蔥 粉蔥 ,65.7,65.7,65.7,65.7,537.86,120.0,66.67,10,7,2016,0
2016-10-31,鳳山區,SE6 青蔥 粉蔥 ,,,,,,,,10,1,2016,1
2016-11-01,鳳山區,SE6 青蔥 粉蔥 ,,,,,,,,11,2,2016,1
2016-11-02,鳳山區,SE6 青蔥 粉蔥 ,,,,,,,,11,3,2016,1
2016-11-03,鳳山區,SE6 青蔥 粉蔥 ,49.3,49.3,49.3,49.3,-24.96,60.0,-50.0,11,4,2016,0
2016-11-04,鳳山區,SE6 青蔥 粉蔥 ,,,,,,,,11,5,2016,1
2016-11-05,鳳山區,SE6 青蔥 粉蔥 ,,,,,,,,11,6,2016,1
2016-11-06,鳳山區,SE6 青蔥 粉蔥 ,17.3,17.3,17.3,17.3,-64.91,40.0,-33.33,11,7,2016,0
2016-11-07,鳳山區,SE6 青蔥 粉蔥 ,,,,,,,,11,1,2016,1
2016-11-08,鳳山區,SE6 青蔥 粉蔥 ,14.9,14.8,14.8,14.8,-14.45,40.0,0.0,11,2,2016,0
2016-11-09,鳳山區,SE6 青蔥 粉蔥 ,39.5,28.9,14.8,28.2,90.54,88.0,120.0,11,3,2016,0
2016-11-10,鳳山區,SE6 青蔥 粉蔥 ,12.5,12.3,12.3,12.3,-56.38,40.0,-54.55,11,4,2016,0
2016-11-11,鳳山區,SE6 青蔥 粉蔥 ,12.4,12.3,12.3,12.3,0.0,60.0,50.0,11,5,2016,0
2016-11-12,鳳山區,SE6 青蔥 粉蔥 ,,,,,,,,11,6,2016,1
2016-11-13,鳳山區,SE6 青蔥 粉蔥 ,,,,,,,,11,7,2016,1
2016-11-14,鳳山區,SE6 青蔥 粉蔥 ,,,,,,,,11,1,2016,1
2016-11-15,鳳山區,SE6 青蔥 粉蔥 ,9.9,9.8,9.8,9.9,-19.51,60.0,0.0,11,2,2016,0
2016-11-16,鳳山區,SE6 青蔥 粉蔥 ,,,,,,,,11,3,2016,1
2016-11-17,鳳山區,SE6 青蔥 粉蔥 ,,,,,,,,11,4,2016,1
2016-11-18,鳳山區,SE6 青蔥 粉蔥 ,39.5,39.4,39.4,39.4,297.98,48.0,-20.0,11,5,2016,0
2016-11-19,鳳山區,SE6 青蔥 粉蔥 ,29.7,29.6,29.5,29.6,-24.87,48.0,0.0,11,6,2016,0
2016-11-20,鳳山區,SE6 青蔥 粉蔥 ,,,,,,,,11,7,2016,1
2016-11-21,鳳山區,SE6 青蔥 粉蔥 ,,,,,,,,11,1,2016,1
2016-11-22,鳳山區,SE6 青蔥 粉蔥 ,,,,,,,,11,2,2016,1
2016-11-23,鳳山區,SE6 青蔥 粉蔥 ,,,,,,,,11,3,2016,1
2016-11-24,鳳山區,SE6 青蔥 粉蔥 ,,,,,,,,11,4,2016,1
2016-11-25,鳳山區,SE6 青蔥 粉蔥 ,32.9,32.8,32.8,32.8,10.81,48.0,0.0,11,5,2016,0
2016-11-26,鳳山區,SE6 青蔥 粉蔥 ,,,,,,,,11,6,2016,1
2016-11-27,鳳山區,SE6 青蔥 粉蔥 ,41.1,41.0,41.0,41.1,25.3,120.0,150.0,11,7,2016,0
2016-11-28,鳳山區,SE6 青蔥 粉蔥 ,,,,,,,,11,1,2016,1
2016-11-29,鳳山區,SE6 青蔥 粉蔥 ,,,,,,,,11,2,2016,1
2016-11-30,鳳山區,SE6 青蔥 粉蔥 ,,,,,,,,11,3,2016,1
2016-12-01,鳳山區,SE6 青蔥 粉蔥 ,,,,,,,,12,4,2016,1
2016-12-02,鳳山區,SE6 青蔥 粉蔥 ,34.5,34.5,34.5,34.5,-16.06,96.0,-20.0,12,5,2016,0
2016-12-03,鳳山區,SE6 青蔥 粉蔥 ,29.6,29.6,29.5,29.6,-14.2,96.0,0.0,12,6,2016,0
2016-12-04,鳳山區,SE6 青蔥 粉蔥 ,,,,,,,,12,7,2016,1
2016-12-05,鳳山區,SE6 青蔥 粉蔥 ,,,,,,,,12,1,2016,1
2016-12-06,鳳山區,SE6 青蔥 粉蔥 ,32.1,32.0,32.0,32.0,8.11,112.0,16.67,12,2,2016,0
2016-12-07,鳳山區,SE6 青蔥 粉蔥 ,29.6,24.8,24.4,25.7,-19.69,324.0,189.29,12,3,2016,0
2016-12-08,鳳山區,SE6 青蔥 粉蔥 ,5.0,4.9,4.9,4.9,-80.93,40.0,-87.65,12,4,2016,0
2016-12-09,鳳山區,SE6 青蔥 粉蔥 ,24.7,24.6,24.4,24.5,400.0,273.0,582.5,12,5,2016,0
2016-12-10,鳳山區,SE6 青蔥 粉蔥 ,21.1,21.0,20.5,20.9,-14.69,306.0,12.09,12,6,2016,0
2016-12-11,鳳山區,SE6 青蔥 粉蔥 ,23.5,23.2,22.6,23.1,10.53,177.0,-42.16,12,7,2016,0
2016-12-12,鳳山區,SE6 青蔥 粉蔥 ,,,,,,,,12,1,2016,1
2016-12-13,鳳山區,SE6 青蔥 粉蔥 ,37.6,26.7,18.5,27.2,17.75,285.0,61.02,12,2,2016,0
2016-12-14,鳳山區,SE6 青蔥 粉蔥 ,37.6,37.5,23.9,34.8,27.94,150.0,-47.37,12,3,2016,0
2016-12-15,鳳山區,SE6 青蔥 粉蔥 ,,,,,,,,12,4,2016,1
2016-12-16,鳳山區,SE6 青蔥 粉蔥 ,37.6,30.1,20.5,29.7,-14.66,156.0,4.0,12,5,2016,0
2016-12-17,鳳山區,SE6 青蔥 粉蔥 ,37.6,28.5,19.7,28.6,-3.7,390.0,150.0,12,6,2016,0
2016-12-18,鳳山區,SE6 青蔥 粉蔥 ,42.3,36.3,25.8,35.4,23.78,252.0,-35.38,12,7,2016,0
2016-12-19,鳳山區,SE6 青蔥 粉蔥 ,,,,,,,,12,1,2016,1
2016-12-20,鳳山區,SE6 青蔥 粉蔥 ,37.6,37.5,37.5,37.5,5.93,147.0,-41.67,12,2,2016,0
2016-12-21,鳳山區,SE6 青蔥 粉蔥 ,37.6,27.0,16.4,27.0,-28.0,252.0,71.43,12,3,2016,0
2016-12-22,鳳山區,SE6 青蔥 粉蔥 ,32.9,24.9,19.3,25.4,-5.93,504.0,100.0,12,4,2016,0
2016-12-23,鳳山區,SE6 青蔥 粉蔥 ,32.9,13.5,12.2,17.1,-32.68,447.0,-11.31,12,5,2016,0
2016-12-24,鳳山區,SE6 青蔥 粉蔥 ,12.4,12.1,11.7,12.1,-29.24,294.0,-34.23,12,6,2016,0
2016-12-25,鳳山區,SE6 青蔥 粉蔥 ,32.9,28.4,11.7,26.0,114.88,459.0,56.12,12,7,2016,0
2016-12-26,鳳山區,SE6 青蔥 粉蔥 ,,,,,,,,12,1,2016,1
2016-12-27,鳳山區,SE6 青蔥 粉蔥 ,,,,,,,,12,2,2016,1
2016-12-28,鳳山區,SE6 青蔥 粉蔥 ,32.9,32.8,32.8,32.8,26.15,210.0,-54.25,12,3,2016,0
2016-12-29,鳳山區,SE6 青蔥 粉蔥 ,32.9,32.8,32.8,32.8,0.0,147.0,-30.0,12,4,2016,0
2016-12-30,鳳山區,SE6 青蔥 粉蔥 ,32.9,32.8,32.8,32.8,0.0,420.0,185.71,12,5,2016,0
2016-12-31,鳳山區,SE6 青蔥 粉蔥 ,,,,,,,,12,6,2016,1
2017-01-01,鳳山區,SE6 青蔥 粉蔥 ,35.2,32.3,24.6,31.4,-4.27,264.0,-37.14,1,7,2017,0
2017-01-02,鳳山區,SE6 青蔥 粉蔥 ,,,,,,,,1,1,2017,1
2017-01-03,鳳山區,SE6 青蔥 粉蔥 ,35.2,35.2,25.0,33.1,5.41,242.0,-8.33,1,2,2017,0
2017-01-04,鳳山區,SE6 青蔥 粉蔥 ,30.5,27.0,23.5,27.0,-18.43,210.0,-13.22,1,3,2017,0
2017-01-05,鳳山區,SE6 青蔥 粉蔥 ,18.8,18.7,18.7,18.7,-30.74,60.0,-71.43,1,4,2017,0
2017-01-06,鳳山區,SE6 青蔥 粉蔥 ,25.8,15.6,10.2,16.6,-11.23,541.0,801.67,1,5,2017,0
2017-01-07,鳳山區,SE6 青蔥 粉蔥 ,25.8,20.5,11.1,19.7,18.67,288.0,-46.77,1,6,2017,0
2017-01-08,鳳山區,SE6 青蔥 粉蔥 ,25.8,19.7,7.4,18.4,-6.6,433.0,50.35,1,7,2017,0
2017-01-09,鳳山區,SE6 青蔥 粉蔥 ,,,,,,,,1,1,2017,1
2017-01-10,鳳山區,SE6 青蔥 粉蔥 ,30.1,29.8,19.7,27.8,51.09,276.0,-36.26,1,2,2017,0
2017-01-11,鳳山區,SE6 青蔥 粉蔥 ,27.4,27.4,27.4,27.4,-1.44,288.0,4.35,1,3,2017,0
2017-01-12,鳳山區,SE6 青蔥 粉蔥 ,16.5,16.4,16.4,16.4,-40.15,96.0,-66.67,1,4,2017,0
2017-01-13,鳳山區,SE6 青蔥 粉蔥 ,16.5,15.5,4.9,13.5,-17.68,160.0,66.67,1,5,2017,0
2017-01-14,鳳山區,SE6 青蔥 粉蔥 ,,,,,,,,1,6,2017,1
2017-01-15,鳳山區,SE6 青蔥 粉蔥 ,23.5,23.5,23.4,23.5,74.07,189.0,18.12,1,7,2017,0
2017-01-16,鳳山區,SE6 青蔥 粉蔥 ,,,,,,,,1,1,2017,1
2017-01-17,鳳山區,SE6 青蔥 粉蔥 ,23.5,23.5,23.5,23.5,0.0,126.0,-33.33,1,2,2017,0
2017-01-18,鳳山區,SE6 青蔥 粉蔥 ,21.1,21.1,20.1,20.9,-11.06,271.0,115.08,1,3,2017,0
2017-01-19,鳳山區,SE6 青蔥 粉蔥 ,18.5,16.6,14.1,16.5,-21.05,556.0,105.17,1,4,2017,0
2017-01-20,鳳山區,SE6 青蔥 粉蔥 ,17.3,15.9,15.0,16.0,-3.03,370.0,-33.45,1,5,2017,0
2017-01-21,鳳山區,SE6 青蔥 粉蔥 ,18.2,17.6,17.2,17.6,10.0,137.0,-62.97,1,6,2017,0
2017-01-22,鳳山區,SE6 青蔥 粉蔥 ,17.3,15.5,15.0,15.7,-10.8,310.0,126.28,1,7,2017,0
2017-01-23,鳳山區,SE6 青蔥 粉蔥 ,,,,,,,,1,1,2017,1
2017-01-24,鳳山區,SE6 青蔥 粉蔥 ,15.8,14.6,9.8,13.9,-11.46,160.0,-48.39,1,2,2017,0
2017-01-25,鳳山區,SE6 青蔥 粉蔥 ,,,,,,,,1,3,2017,1
2017-01-26,鳳山區,SE6 青蔥 粉蔥 ,,,,,,,,1,4,2017,1
2017-01-27,鳳山區,SE6 青蔥 粉蔥 ,,,,,,,,1,5,2017,1
2017-01-28,鳳山區,SE6 青蔥 粉蔥 ,,,,,,,,1,6,2017,1
2017-01-29,鳳山區,SE6 青蔥 粉蔥 ,,,,,,,,1,7,2017,1
2017-01-30,鳳山區,SE6 青蔥 粉蔥 ,,,,,,,,1,1,2017,1
2017-01-31,鳳山區,SE6 青蔥 粉蔥 ,,,,,,,,1,2,2017,1
2017-02-01,鳳山區,SE6 青蔥 粉蔥 ,,,,,,,,2,3,2017,1
2017-02-02,鳳山區,SE6 青蔥 粉蔥 ,20.7,20.1,9.9,18.2,30.94,260.0,62.5,2,4,2017,0
2017-02-03,鳳山區,SE6 青蔥 粉蔥 ,19.2,17.4,7.4,15.8,-13.19,172.0,-33.85,2,5,2017,0
2017-02-04,鳳山區,SE6 青蔥 粉蔥 ,17.8,14.8,11.8,14.8,-6.33,394.0,129.07,2,6,2017,0
2017-02-05,鳳山區,SE6 青蔥 粉蔥 ,,,,,,,,2,7,2017,1
2017-02-06,鳳山區,SE6 青蔥 粉蔥 ,,,,,,,,2,1,2017,1
2017-02-07,鳳山區,SE6 青蔥 粉蔥 ,16.4,15.6,10.3,14.7,-0.68,436.0,10.66,2,2,2017,0
2017-02-08,鳳山區,SE6 青蔥 粉蔥 ,,,,,,,,2,3,2017,1
2017-02-09,鳳山區,SE6 青蔥 粉蔥 ,17.3,15.3,14.1,15.5,5.44,185.0,-57.57,2,4,2017,0
2017-02-10,鳳山區,SE6 青蔥 粉蔥 ,16.4,16.4,11.5,15.4,-0.65,601.0,224.86,2,5,2017,0
2017-02-11,鳳山區,SE6 青蔥 粉蔥 ,18.8,16.4,11.2,15.9,3.25,525.0,-12.65,2,6,2017,0
2017-02-12,鳳山區,SE6 青蔥 粉蔥 ,,,,,,,,2,7,2017,1
2017-02-13,鳳山區,SE6 青蔥 粉蔥 ,,,,,,,,2,1,2017,1
2017-02-14,鳳山區,SE6 青蔥 粉蔥 ,18.4,16.0,9.2,15.2,-4.4,625.0,19.05,2,2,2017,0
2017-02-15,鳳山區,SE6 青蔥 粉蔥 ,21.1,20.3,17.9,20.0,31.58,355.0,-43.2,2,3,2017,0
2017-02-16,鳳山區,SE6 青蔥 粉蔥 ,18.8,18.8,18.8,18.8,-6.0,294.0,-17.18,2,4,2017,0
2017-02-17,鳳山區,SE6 青蔥 粉蔥 ,17.9,16.1,13.0,15.9,-15.43,475.0,61.56,2,5,2017,0
2017-02-18,鳳山區,SE6 青蔥 粉蔥 ,16.5,15.5,12.3,15.1,-5.03,412.0,-13.26,2,6,2017,0
2017-02-19,鳳山區,SE6 青蔥 粉蔥 ,18.8,16.9,13.5,16.6,9.93,351.0,-14.81,2,7,2017,0
2017-02-20,鳳山區,SE6 青蔥 粉蔥 ,,,,,,,,2,1,2017,1
2017-02-21,鳳山區,SE6 青蔥 粉蔥 ,17.8,15.9,12.3,15.6,-6.02,498.0,41.88,2,2,2017,0
2017-02-22,鳳山區,SE6 青蔥 粉蔥 ,18.8,18.5,17.2,18.3,17.31,207.0,-58.43,2,3,2017,0
2017-02-23,鳳山區,SE6 青蔥 粉蔥 ,18.8,18.8,18.7,18.8,2.73,231.0,11.59,2,4,2017,0
2017-02-24,鳳山區,SE6 青蔥 粉蔥 ,19.8,19.7,19.7,19.7,4.79,95.0,-58.87,2,5,2017,0
2017-02-25,鳳山區,SE6 青蔥 粉蔥 ,16.4,15.7,14.8,15.7,-20.3,431.0,353.68,2,6,2017,0
2017-02-26,鳳山區,SE6 青蔥 粉蔥 ,16.4,16.1,15.0,16.0,1.91,651.0,51.04,2,7,2017,0
2017-02-27,鳳山區,SE6 青蔥 粉蔥 ,,,,,,,,2,1,2017,1
2017-02-28,鳳山區,SE6 青蔥 粉蔥 ,,,,,,,,2,2,2017,1
2017-03-01,鳳山區,SE6 青蔥 粉蔥 ,23.5,20.6,13.8,19.8,23.75,308.0,-52.69,3,3,2017,0
2017-03-02,鳳山區,SE6 青蔥 粉蔥 ,23.5,16.1,7.9,15.9,-19.7,476.0,54.55,3,4,2017,0
2017-03-03,鳳山區,SE6 青蔥 粉蔥 ,23.5,23.5,23.5,23.5,47.8,210.0,-55.88,3,5,2017,0
2017-03-04,鳳山區,SE6 青蔥 粉蔥 ,21.1,19.3,14.3,18.6,-20.85,466.0,121.9,3,6,2017,0
2017-03-05,鳳山區,SE6 青蔥 粉蔥 ,21.1,21.1,16.2,20.1,8.06,345.0,-25.97,3,7,2017,0
2017-03-06,鳳山區,SE6 青蔥 粉蔥 ,,,,,,,,3,1,2017,1
2017-03-07,鳳山區,SE6 青蔥 粉蔥 ,21.1,21.1,20.6,21.0,4.48,340.0,-1.45,3,2,2017,0
2017-03-08,鳳山區,SE6 青蔥 粉蔥 ,21.2,18.3,13.4,17.9,-14.76,259.0,-23.82,3,3,2017,0
2017-03-09,鳳山區,SE6 青蔥 粉蔥 ,18.8,18.6,16.4,18.2,1.68,384.0,48.26,3,4,2017,0
2017-03-10,鳳山區,SE6 青蔥 粉蔥 ,19.0,17.8,11.8,16.8,-7.69,392.0,2.08,3,5,2017,0
2017-03-11,鳳山區,SE6 青蔥 粉蔥 ,18.8,16.2,12.4,16.0,-4.76,596.0,52.04,3,6,2017,0
2017-03-12,鳳山區,SE6 青蔥 粉蔥 ,18.8,18.1,13.7,17.4,8.75,536.0,-10.07,3,7,2017,0
2017-03-13,鳳山區,SE6 青蔥 粉蔥 ,,,,,,,,3,1,2017,1
2017-03-14,鳳山區,SE6 青蔥 粉蔥 ,,,,,,,,3,2,2017,1
2017-03-15,鳳山區,SE6 青蔥 粉蔥 ,17.8,17.7,15.8,17.4,0.0,563.0,5.04,3,3,2017,0
2017-03-16,鳳山區,SE6 青蔥 粉蔥 ,17.8,17.2,9.9,15.8,-9.2,560.0,-0.53,3,4,2017,0
2017-03-17,鳳山區,SE6 青蔥 粉蔥 ,17.9,17.6,10.2,16.2,2.53,632.0,12.86,3,5,2017,0
2017-03-18,鳳山區,SE6 青蔥 粉蔥 ,17.9,17.8,13.5,17.0,4.94,576.0,-8.86,3,6,2017,0
2017-03-19,鳳山區,SE6 青蔥 粉蔥 ,17.9,17.5,14.1,16.9,-0.59,431.0,-25.17,3,7,2017,0
2017-03-20,鳳山區,SE6 青蔥 粉蔥 ,,,,,,,,3,1,2017,1
2017-03-21,鳳山區,SE6 青蔥 粉蔥 ,17.8,16.9,12.3,16.2,-4.14,636.0,47.56,3,2,2017,0
2017-03-22,鳳山區,SE6 青蔥 粉蔥 ,18.8,18.1,14.4,17.5,8.02,357.0,-43.87,3,3,2017,0
2017-03-23,鳳山區,SE6 青蔥 粉蔥 ,18.8,17.9,13.5,17.2,-1.71,468.0,31.09,3,4,2017,0
2017-03-24,鳳山區,SE6 青蔥 粉蔥 ,18.8,17.9,13.4,17.2,0.0,458.0,-2.14,3,5,2017,0
2017-03-25,鳳山區,SE6 青蔥 粉蔥 ,14.1,10.0,6.7,10.2,-40.7,1003.0,119.0,3,6,2017,0
2017-03-26,鳳山區,SE6 青蔥 粉蔥 ,12.1,11.7,10.5,11.6,13.73,626.0,-37.59,3,7,2017,0
2017-03-27,鳳山區,SE6 青蔥 粉蔥 ,,,,,,,,3,1,2017,1
2017-03-28,鳳山區,SE6 青蔥 粉蔥 ,16.4,16.0,11.7,15.2,31.03,475.0,-24.12,3,2,2017,0
2017-03-29,鳳山區,SE6 青蔥 粉蔥 ,17.8,14.8,8.9,14.2,-6.58,634.0,33.47,3,3,2017,0
2017-03-30,鳳山區,SE6 青蔥 粉蔥 ,,,,,,,,3,4,2017,1
2017-03-31,鳳山區,SE6 青蔥 粉蔥 ,14.1,14.1,12.9,13.8,-2.82,358.0,-43.53,3,5,2017,0
2017-04-01,鳳山區,SE6 青蔥 粉蔥 ,16.5,16.4,16.4,16.4,18.84,273.0,-23.74,4,6,2017,0
2017-04-02,鳳山區,SE6 青蔥 粉蔥 ,16.4,16.4,16.4,16.4,0.0,315.0,15.38,4,7,2017,0
2017-04-03,鳳山區,SE6 青蔥 粉蔥 ,,,,,,,,4,1,2017,1
2017-04-04,鳳山區,SE6 青蔥 粉蔥 ,,,,,,,,4,2,2017,1
2017-04-05,鳳山區,SE6 青蔥 粉蔥 ,,,,,,,,4,3,2017,1
2017-04-06,鳳山區,SE6 青蔥 粉蔥 ,12.4,12.3,12.3,12.3,-25.0,60.0,-80.95,4,4,2017,0
2017-04-07,鳳山區,SE6 青蔥 粉蔥 ,18.8,16.3,9.8,15.5,26.02,401.0,568.33,4,5,2017,0
2017-04-08,鳳山區,SE6 青蔥 粉蔥 ,16.4,16.0,14.4,15.8,1.94,609.0,51.87,4,6,2017,0
2017-04-09,鳳山區,SE6 青蔥 粉蔥 ,15.0,14.4,11.2,13.9,-12.03,536.0,-11.99,4,7,2017,0
2017-04-10,鳳山區,SE6 青蔥 粉蔥 ,,,,,,,,4,1,2017,1
2017-04-11,鳳山區,SE6 青蔥 粉蔥 ,15.0,14.1,10.0,13.4,-3.6,672.0,25.37,4,2,2017,0
2017-04-12,鳳山區,SE6 青蔥 粉蔥 ,14.1,12.6,11.7,12.7,-5.22,294.0,-56.25,4,3,2017,0
2017-04-13,鳳山區,SE6 青蔥 粉蔥 ,,,,,,,,4,4,2017,1
2017-04-14,鳳山區,SE6 青蔥 粉蔥 ,15.5,14.8,12.3,14.5,14.17,310.0,5.44,4,5,2017,0
2017-04-15,鳳山區,SE6 青蔥 粉蔥 ,14.5,11.7,11.7,12.3,-15.17,357.0,15.16,4,6,2017,0
2017-04-16,鳳山區,SE6 青蔥 粉蔥 ,14.4,11.7,7.3,11.4,-7.32,455.0,27.45,4,7,2017,0
2017-04-17,鳳山區,SE6 青蔥 粉蔥 ,,,,,,,,4,1,2017,1
2017-04-18,鳳山區,SE6 青蔥 粉蔥 ,14.8,12.8,9.9,12.6,10.53,524.0,15.16,4,2,2017,0
2017-04-19,鳳山區,SE6 青蔥 粉蔥 ,17.3,10.5,7.6,11.3,-10.32,480.0,-8.4,4,3,2017,0
2017-04-20,鳳山區,SE6 青蔥 粉蔥 ,14.8,14.1,12.6,14.0,23.89,452.0,-5.83,4,4,2017,0
2017-04-21,鳳山區,SE6 青蔥 粉蔥 ,10.9,8.1,7.4,8.5,-39.29,974.0,115.49,4,5,2017,0
2017-04-22,鳳山區,SE6 青蔥 粉蔥 ,9.8,7.8,5.3,7.7,-9.41,541.0,-44.46,4,6,2017,0
2017-04-23,鳳山區,SE6 青蔥 粉蔥 ,15.6,11.4,7.2,11.4,48.05,499.0,-7.76,4,7,2017,0
2017-04-24,鳳山區,SE6 青蔥 粉蔥 ,,,,,,,,4,1,2017,1
2017-04-25,鳳山區,SE6 青蔥 粉蔥 ,14.1,11.3,8.2,11.3,-0.88,433.0,-13.23,4,2,2017,0
2017-04-26,鳳山區,SE6 青蔥 粉蔥 ,16.5,15.3,7.4,13.9,23.01,290.0,-33.03,4,3,2017,0
2017-04-27,鳳山區,SE6 青蔥 粉蔥 ,17.9,12.2,8.3,12.5,-10.07,200.0,-31.03,4,4,2017,0
2017-04-28,鳳山區,SE6 青蔥 粉蔥 ,,,,,,,,4,5,2017,1
2017-04-29,鳳山區,SE6 青蔥 粉蔥 ,18.8,18.8,18.7,18.8,50.4,210.0,5.0,4,6,2017,0
2017-04-30,鳳山區,SE6 青蔥 粉蔥 ,18.8,18.8,18.7,18.8,0.0,210.0,0.0,4,7,2017,0
2017-05-01,鳳山區,SE6 青蔥 粉蔥 ,,,,,,,,5,1,2017,1
2017-05-02,鳳山區,SE6 青蔥 粉蔥 ,18.8,17.9,15.1,17.5,-6.91,350.0,66.67,5,2,2017,0
2017-05-03,鳳山區,SE6 青蔥 粉蔥 ,18.8,15.3,14.1,15.7,-10.29,313.0,-10.57,5,3,2017,0
2017-05-04,鳳山區,SE6 青蔥 粉蔥 ,18.8,14.0,10.5,14.3,-8.92,333.0,6.39,5,4,2017,0
2017-05-05,鳳山區,SE6 青蔥 粉蔥 ,13.2,12.3,9.1,11.9,-16.78,280.0,-15.92,5,5,2017,0
2017-05-06,鳳山區,SE6 青蔥 粉蔥 ,12.3,11.1,9.9,11.1,-6.72,364.0,30.0,5,6,2017,0
2017-05-07,鳳山區,SE6 青蔥 粉蔥 ,12.4,11.3,8.8,11.0,-0.9,553.0,51.92,5,7,2017,0
2017-05-08,鳳山區,SE6 青蔥 粉蔥 ,,,,,,,,5,1,2017,1
2017-05-09,鳳山區,SE6 青蔥 粉蔥 ,11.0,8.7,6.3,8.7,-20.91,893.0,61.48,5,2,2017,0
2017-05-10,鳳山區,SE6 青蔥 粉蔥 ,13.2,11.6,9.9,11.5,32.18,333.0,-62.71,5,3,2017,0
2017-05-11,鳳山區,SE6 青蔥 粉蔥 ,16.5,12.7,9.8,12.9,12.17,352.0,5.71,5,4,2017,0
2017-05-12,鳳山區,SE6 青蔥 粉蔥 ,,,,,,,,5,5,2017,1
2017-05-13,鳳山區,SE6 青蔥 粉蔥 ,14.1,11.6,8.9,11.6,-10.08,302.0,-14.2,5,6,2017,0
2017-05-14,鳳山區,SE6 青蔥 粉蔥 ,13.2,9.2,7.0,9.5,-18.1,677.0,124.17,5,7,2017,0
2017-05-15,鳳山區,SE6 青蔥 粉蔥 ,,,,,,,,5,1,2017,1
2017-05-16,鳳山區,SE6 青蔥 粉蔥 ,13.2,12.5,9.8,12.1,27.37,253.0,-62.63,5,2,2017,0
2017-05-17,鳳山區,SE6 青蔥 粉蔥 ,13.2,13.0,12.3,12.9,6.61,277.0,9.49,5,3,2017,0
2017-05-18,鳳山區,SE6 青蔥 粉蔥 ,14.1,12.9,11.7,12.9,0.0,271.0,-2.17,5,4,2017,0
2017-05-19,鳳山區,SE6 青蔥 粉蔥 ,11.8,11.7,11.5,11.7,-9.3,174.0,-35.79,5,5,2017,0
2017-05-20,鳳山區,SE6 青蔥 粉蔥 ,12.2,11.7,8.7,11.2,-4.27,290.0,66.67,5,6,2017,0
2017-05-21,鳳山區,SE6 青蔥 粉蔥 ,12.3,12.1,8.1,11.3,0.89,353.0,21.72,5,7,2017,0
2017-05-22,鳳山區,SE6 青蔥 粉蔥 ,,,,,,,,5,1,2017,1
2017-05-23,鳳山區,SE6 青蔥 粉蔥 ,14.8,12.6,9.9,12.5,10.62,205.0,-41.93,5,2,2017,0
2017-05-24,鳳山區,SE6 青蔥 粉蔥 ,14.1,13.3,9.9,12.8,2.4,232.0,13.17,5,3,2017,0
2017-05-25,鳳山區,SE6 青蔥 粉蔥 ,14.4,12.7,7.4,12.0,-6.25,392.0,68.97,5,4,2017,0
2017-05-26,鳳山區,SE6 青蔥 粉蔥 ,15.1,14.9,13.8,14.7,22.5,197.0,-49.74,5,5,2017,0
2017-05-27,鳳山區,SE6 青蔥 粉蔥 ,11.8,11.8,11.7,11.8,-19.73,377.0,91.37,5,6,2017,0
2017-05-28,鳳山區,SE6 青蔥 粉蔥 ,,,,,,,,5,7,2017,1
2017-05-29,鳳山區,SE6 青蔥 粉蔥 ,,,,,,,,5,1,2017,1
2017-05-30,鳳山區,SE6 青蔥 粉蔥 ,14.1,14.1,14.1,14.1,19.49,210.0,-44.3,5,2,2017,0
2017-05-31,鳳山區,SE6 青蔥 粉蔥 ,,,,,,,,5,3,2017,1
2017-06-01,鳳山區,SE6 青蔥 粉蔥 ,,,,,,,,6,4,2017,1
2017-06-02,鳳山區,SE6 青蔥 粉蔥 ,19.7,17.5,14.1,17.3,22.7,385.0,83.33,6,5,2017,0
2017-06-03,鳳山區,SE6 青蔥 粉蔥 ,22.3,22.1,22.1,22.2,28.32,80.0,-79.22,6,6,2017,0
2017-06-04,鳳山區,SE6 青蔥 粉蔥 ,,,,,,,,6,7,2017,1
2017-06-05,鳳山區,SE6 青蔥 粉蔥 ,,,,,,,,6,1,2017,1
2017-06-06,鳳山區,SE6 青蔥 粉蔥 ,37.0,35.6,35.5,35.8,61.26,99.0,23.75,6,2,2017,0
2017-06-07,鳳山區,SE6 青蔥 粉蔥 ,26.8,22.4,11.0,21.0,-41.34,248.0,150.51,6,3,2017,0
2017-06-08,鳳山區,SE6 青蔥 粉蔥 ,22.3,12.3,4.9,12.8,-39.05,454.0,83.06,6,4,2017,0
2017-06-09,鳳山區,SE6 青蔥 粉蔥 ,17.8,15.5,9.5,14.8,15.62,220.0,-51.54,6,5,2017,0
2017-06-10,鳳山區,SE6 青蔥 粉蔥 ,21.7,19.0,12.0,18.2,22.97,464.0,110.91,6,6,2017,0
2017-06-11,鳳山區,SE6 青蔥 粉蔥 ,,,,,,,,6,7,2017,1
2017-06-12,鳳山區,SE6 青蔥 粉蔥 ,,,,,,,,6,1,2017,1
2017-06-13,鳳山區,SE6 青蔥 粉蔥 ,21.2,18.2,16.5,18.4,1.1,473.0,1.94,6,2,2017,0
2017-06-14,鳳山區,SE6 青蔥 粉蔥 ,21.2,19.0,17.2,19.1,3.8,235.0,-50.32,6,3,2017,0
2017-06-15,鳳山區,SE6 青蔥 粉蔥 ,30.8,23.3,17.2,23.6,23.56,257.0,9.36,6,4,2017,0
2017-06-16,鳳山區,SE6 青蔥 粉蔥 ,23.4,18.7,14.8,18.9,-19.92,188.0,-26.85,6,5,2017,0
2017-06-17,鳳山區,SE6 青蔥 粉蔥 ,17.3,15.6,14.8,15.8,-16.4,100.0,-46.81,6,6,2017,0
2017-06-18,鳳山區,SE6 青蔥 粉蔥 ,23.5,22.9,20.5,22.6,43.04,201.0,101.0,6,7,2017,0
2017-06-19,鳳山區,SE6 青蔥 粉蔥 ,,,,,,,,6,1,2017,1
2017-06-20,鳳山區,SE6 青蔥 粉蔥 ,23.6,18.2,3.4,16.3,-27.88,272.0,35.32,6,2,2017,0
2017-06-21,鳳山區,SE6 青蔥 粉蔥 ,18.8,10.5,9.9,12.0,-26.38,520.0,91.18,6,3,2017,0
2017-06-22,鳳山區,SE6 青蔥 粉蔥 ,18.8,13.4,12.3,14.3,19.17,345.0,-33.65,6,4,2017,0
2017-06-23,鳳山區,SE6 青蔥 粉蔥 ,16.5,13.9,3.3,12.3,-13.99,229.0,-33.62,6,5,2017,0
2017-06-24,鳳山區,SE6 青蔥 粉蔥 ,14.9,14.8,14.8,14.8,20.33,40.0,-82.53,6,6,2017,0
2017-06-25,鳳山區,SE6 青蔥 粉蔥 ,12.7,12.4,12.3,12.5,-15.54,249.0,522.5,6,7,2017,0
2017-06-26,鳳山區,SE6 青蔥 粉蔥 ,,,,,,,,6,1,2017,1
2017-06-27,鳳山區,SE6 青蔥 粉蔥 ,16.4,16.4,16.4,16.4,31.2,42.0,-83.13,6,2,2017,0
2017-06-28,鳳山區,SE6 青蔥 粉蔥 ,,,,,,,,6,3,2017,1
2017-06-29,鳳山區,SE6 青蔥 粉蔥 ,,,,,,,,6,4,2017,1
2017-06-30,鳳山區,SE6 青蔥 粉蔥 ,,,,,,,,6,5,2017,1
2017-07-01,鳳山區,SE6 青蔥 粉蔥 ,,,,,,,,7,6,2017,1
2017-07-02,鳳山區,SE6 青蔥 粉蔥 ,,,,,,,,7,7,2017,1
2017-07-03,鳳山區,SE6 青蔥 粉蔥 ,,,,,,,,7,1,2017,1
2017-07-04,鳳山區,SE6 青蔥 粉蔥 ,30.6,30.5,30.5,30.5,85.98,63.0,50.0,7,2,2017,0
2017-07-05,鳳山區,SE6 青蔥 粉蔥 ,25.9,25.8,25.8,25.8,-15.41,63.0,0.0,7,3,2017,0
2017-07-06,鳳山區,SE6 青蔥 粉蔥 ,40.0,39.8,39.8,39.9,54.65,42.0,-33.33,7,4,2017,0
2017-07-07,鳳山區,SE6 青蔥 粉蔥 ,35.2,7.2,3.1,12.0,-69.92,238.0,466.67,7,5,2017,0
2017-07-08,鳳山區,SE6 青蔥 粉蔥 ,37.7,37.5,37.5,37.5,212.5,63.0,-73.53,7,6,2017,0
2017-07-09,鳳山區,SE6 青蔥 粉蔥 ,33.0,32.8,32.8,32.8,-12.53,105.0,66.67,7,7,2017,0
2017-07-10,鳳山區,SE6 青蔥 粉蔥 ,,,,,,,,7,1,2017,1
2017-07-11,鳳山區,SE6 青蔥 粉蔥 ,27.2,27.2,27.2,27.2,-17.07,105.0,0.0,7,2,2017,0
2017-07-12,鳳山區,SE6 青蔥 粉蔥 ,28.3,28.1,28.1,28.1,3.31,63.0,-40.0,7,3,2017,0
2017-07-13,鳳山區,SE6 青蔥 粉蔥 ,28.3,28.1,28.1,28.1,0.0,63.0,0.0,7,4,2017,0
2017-07-14,鳳山區,SE6 青蔥 粉蔥 ,28.3,28.1,28.1,28.1,0.0,42.0,-33.33,7,5,2017,0
2017-07-15,鳳山區,SE6 青蔥 粉蔥 ,19.8,19.7,19.7,19.7,-29.89,60.0,42.86,7,6,2017,0
2017-07-16,鳳山區,SE6 青蔥 粉蔥 ,,,,,,,,7,7,2017,1
2017-07-17,鳳山區,SE6 青蔥 粉蔥 ,,,,,,,,7,1,2017,1
2017-07-18,鳳山區,SE6 青蔥 粉蔥 ,39.6,39.3,39.4,39.4,100.0,40.0,-33.33,7,2,2017,0
2017-07-19,鳳山區,SE6 青蔥 粉蔥 ,,,,,,,,7,3,2017,1
2017-07-20,鳳山區,SE6 青蔥 粉蔥 ,,,,,,,,7,4,2017,1
2017-07-21,鳳山區,SE6 青蔥 粉蔥 ,,,,,,,,7,5,2017,1
2017-07-22,鳳山區,SE6 青蔥 粉蔥 ,41.3,39.8,39.8,40.1,1.78,81.0,102.5,7,6,2017,0
2017-07-23,鳳山區,SE6 青蔥 粉蔥 ,,,,,,,,7,7,2017,1
2017-07-24,鳳山區,SE6 青蔥 粉蔥 ,,,,,,,,7,1,2017,1
2017-07-25,鳳山區,SE6 青蔥 粉蔥 ,,,,,,,,7,2,2017,1
2017-07-26,鳳山區,SE6 青蔥 粉蔥 ,,,,,,,,7,3,2017,1
2017-07-27,鳳山區,SE6 青蔥 粉蔥 ,,,,,,,,7,4,2017,1
2017-07-28,鳳山區,SE6 青蔥 粉蔥 ,,,,,,,,7,5,2017,1
2017-07-29,鳳山區,SE6 青蔥 粉蔥 ,,,,,,,,7,6,2017,1
2017-07-30,鳳山區,SE6 青蔥 粉蔥 ,,,,,,,,7,7,2017,1
2017-07-31,鳳山區,SE6 青蔥 粉蔥 ,,,,,,,,7,1,2017,1
2017-08-01,鳳山區,SE6 青蔥 粉蔥 ,,,,,,,,8,2,2017,1
2017-08-02,鳳山區,SE6 青蔥 粉蔥 ,80.0,79.7,79.6,79.8,99.0,42.0,-48.15,8,3,2017,0
2017-08-03,鳳山區,SE6 青蔥 粉蔥 ,,,,,,,,8,4,2017,1
2017-08-04,鳳山區,SE6 青蔥 粉蔥 ,41.1,41.0,41.0,41.1,-48.5,66.0,57.14,8,5,2017,0
2017-08-05,鳳山區,SE6 青蔥 粉蔥 ,39.4,39.4,39.4,39.4,-4.14,25.0,-62.12,8,6,2017,0
2017-08-06,鳳山區,SE6 青蔥 粉蔥 ,44.6,44.6,44.5,44.6,13.2,42.0,68.0,8,7,2017,0
2017-08-07,鳳山區,SE6 青蔥 粉蔥 ,,,,,,,,8,1,2017,1
2017-08-08,鳳山區,SE6 青蔥 粉蔥 ,,,,,,,,8,2,2017,1
2017-08-09,鳳山區,SE6 青蔥 粉蔥 ,,,,,,,,8,3,2017,1
2017-08-10,鳳山區,SE6 青蔥 粉蔥 ,,,,,,,,8,4,2017,1
2017-08-11,鳳山區,SE6 青蔥 粉蔥 ,,,,,,,,8,5,2017,1
2017-08-12,鳳山區,SE6 青蔥 粉蔥 ,,,,,,,,8,6,2017,1
2017-08-13,鳳山區,SE6 青蔥 粉蔥 ,,,,,,,,8,7,2017,1
2017-08-14,鳳山區,SE6 青蔥 粉蔥 ,,,,,,,,8,1,2017,1
2017-08-15,鳳山區,SE6 青蔥 粉蔥 ,,,,,,,,8,2,2017,1
2017-08-16,鳳山區,SE6 青蔥 粉蔥 ,2.5,2.4,2.4,2.5,-94.39,160.0,280.95,8,3,2017,0
2017-08-17,鳳山區,SE6 青蔥 粉蔥 ,2.5,2.5,2.5,2.5,0.0,660.0,312.5,8,4,2017,0
2017-08-18,鳳山區,SE6 青蔥 粉蔥 ,,,,,,,,8,5,2017,1
2017-08-19,鳳山區,SE6 青蔥 粉蔥 ,,,,,,,,8,6,2017,1
2017-08-20,鳳山區,SE6 青蔥 粉蔥 ,,,,,,,,8,7,2017,1
2017-08-21,鳳山區,SE6 青蔥 粉蔥 ,,,,,,,,8,1,2017,1
2017-08-22,鳳山區,SE6 青蔥 粉蔥 ,,,,,,,,8,2,2017,1
2017-08-23,鳳山區,SE6 青蔥 粉蔥 ,,,,,,,,8,3,2017,1
2017-08-24,鳳山區,SE6 青蔥 粉蔥 ,,,,,,,,8,4,2017,1
2017-08-25,鳳山區,SE6 青蔥 粉蔥 ,,,,,,,,8,5,2017,1
2017-08-26,鳳山區,SE6 青蔥 粉蔥 ,,,,,,,,8,6,2017,1
2017-08-27,鳳山區,SE6 青蔥 粉蔥 ,,,,,,,,8,7,2017,1
2017-08-28,鳳山區,SE6 青蔥 粉蔥 ,,,,,,,,8,1,2017,1
2017-08-29,鳳山區,SE6 青蔥 粉蔥 ,,,,,,,,8,2,2017,1
2017-08-30,鳳山區,SE6 青蔥 粉蔥 ,,,,,,,,8,3,2017,1
2017-08-31,鳳山區,SE6 青蔥 粉蔥 ,,,,,,,,8,4,2017,1
2017-09-01,鳳山區,SE6 青蔥 粉蔥 ,,,,,,,,9,5,2017,1
2017-09-02,鳳山區,SE6 青蔥 粉蔥 ,,,,,,,,9,6,2017,1
2017-09-03,鳳山區,SE6 青蔥 粉蔥 ,,,,,,,,9,7,2017,1
2017-09-04,鳳山區,SE6 青蔥 粉蔥 ,,,,,,,,9,1,2017,1
2017-09-05,鳳山區,SE6 青蔥 粉蔥 ,,,,,,,,9,2,2017,1
2017-09-06,鳳山區,SE6 青蔥 粉蔥 ,,,,,,,,9,3,2017,1
2017-09-07,鳳山區,SE6 青蔥 粉蔥 ,,,,,,,,9,4,2017,1
2017-09-08,鳳山區,SE6 青蔥 粉蔥 ,,,,,,,,9,5,2017,1
2017-09-09,鳳山區,SE6 青蔥 粉蔥 ,98.7,98.5,98.5,98.5,3840.0,63.0,-90.45,9,6,2017,0
2017-09-10,鳳山區,SE6 青蔥 粉蔥 ,98.7,98.5,98.5,98.5,0.0,42.0,-33.33,9,7,2017,0
2017-09-11,鳳山區,SE6 青蔥 粉蔥 ,,,,,,,,9,1,2017,1
2017-09-12,鳳山區,SE6 青蔥 粉蔥 ,70.4,40.3,37.9,45.8,-53.5,172.0,309.52,9,2,2017,0
2017-09-13,鳳山區,SE6 青蔥 粉蔥 ,,,,,,,,9,3,2017,1
2017-09-14,鳳山區,SE6 青蔥 粉蔥 ,,,,,,,,9,4,2017,1
2017-09-15,鳳山區,SE6 青蔥 粉蔥 ,,,,,,,,9,5,2017,1
2017-09-16,鳳山區,SE6 青蔥 粉蔥 ,,,,,,,,9,6,2017,1
2017-09-17,鳳山區,SE6 青蔥 粉蔥 ,,,,,,,,9,7,2017,1
2017-09-18,鳳山區,SE6 青蔥 粉蔥 ,,,,,,,,9,1,2017,1
2017-09-19,鳳山區,SE6 青蔥 粉蔥 ,,,,,,,,9,2,2017,1
2017-09-20,鳳山區,SE6 青蔥 粉蔥 ,,,,,,,,9,3,2017,1
2017-09-21,鳳山區,SE6 青蔥 粉蔥 ,82.2,54.9,22.7,53.9,17.69,137.0,-20.35,9,4,2017,0
2017-09-22,鳳山區,SE6 青蔥 粉蔥 ,,,,,,,,9,5,2017,1
2017-09-23,鳳山區,SE6 青蔥 粉蔥 ,,,,,,,,9,6,2017,1
2017-09-24,鳳山區,SE6 青蔥 粉蔥 ,19.5,9.8,9.9,11.8,-78.11,139.0,1.46,9,7,2017,0
2017-09-25,鳳山區,SE6 青蔥 粉蔥 ,,,,,,,,9,1,2017,1
2017-09-26,鳳山區,SE6 青蔥 粉蔥 ,,,,,,,,9,2,2017,1
2017-09-27,鳳山區,SE6 青蔥 粉蔥 ,,,,,,,,9,3,2017,1
2017-09-28,鳳山區,SE6 青蔥 粉蔥 ,,,,,,,,9,4,2017,1
2017-09-29,鳳山區,SE6 青蔥 粉蔥 ,,,,,,,,9,5,2017,1
2017-09-30,鳳山區,SE6 青蔥 粉蔥 ,,,,,,,,9,6,2017,1
2017-10-01,鳳山區,SE6 青蔥 粉蔥 ,64.4,64.3,64.2,64.3,444.92,63.0,-54.68,10,7,2017,0
2017-10-02,鳳山區,SE6 青蔥 粉蔥 ,,,,,,,,10,1,2017,1
2017-10-03,鳳山區,SE6 青蔥 粉蔥 ,61.0,60.4,59.5,60.4,-6.07,111.0,76.19,10,2,2017,0
2017-10-04,鳳山區,SE6 青蔥 粉蔥 ,56.4,43.3,32.8,43.8,-27.48,135.0,21.62,10,3,2017,0
2017-10-05,鳳山區,SE6 青蔥 粉蔥 ,,,,,,,,10,4,2017,1
2017-10-06,鳳山區,SE6 青蔥 粉蔥 ,,,,,,,,10,5,2017,1
2017-10-07,鳳山區,SE6 青蔥 粉蔥 ,61.1,61.0,61.0,61.0,39.27,63.0,-53.33,10,6,2017,0
2017-10-08,鳳山區,SE6 青蔥 粉蔥 ,51.7,50.0,19.7,44.3,-27.38,109.0,73.02,10,7,2017,0
2017-10-09,鳳山區,SE6 青蔥 粉蔥 ,,,,,,,,10,1,2017,1
2017-10-10,鳳山區,SE6 青蔥 粉蔥 ,65.8,65.7,65.6,65.7,48.31,48.0,-55.96,10,2,2017,0
2017-10-11,鳳山區,SE6 青蔥 粉蔥 ,65.8,65.7,65.6,65.7,0.0,42.0,-12.5,10,3,2017,0
2017-10-12,鳳山區,SE6 青蔥 粉蔥 ,,,,,,,,10,4,2017,1
2017-10-13,鳳山區,SE6 青蔥 粉蔥 ,,,,,,,,10,5,2017,1
2017-10-14,鳳山區,SE6 青蔥 粉蔥 ,56.4,51.7,49.3,52.2,-20.55,102.0,142.86,10,6,2017,0
2017-10-15,鳳山區,SE6 青蔥 粉蔥 ,56.4,47.2,44.3,48.5,-7.09,122.0,19.61,10,7,2017,0
2017-10-16,鳳山區,SE6 青蔥 粉蔥 ,,,,,,,,10,1,2017,1
2017-10-17,鳳山區,SE6 青蔥 粉蔥 ,,,,,,,,10,2,2017,1
2017-10-18,鳳山區,SE6 青蔥 粉蔥 ,,,,,,,,10,3,2017,1
2017-10-19,鳳山區,SE6 青蔥 粉蔥 ,44.5,44.3,44.3,44.3,-8.66,40.0,-67.21,10,4,2017,0
2017-10-20,鳳山區,SE6 青蔥 粉蔥 ,,,,,,,,10,5,2017,1
2017-10-21,鳳山區,SE6 青蔥 粉蔥 ,,,,,,,,10,6,2017,1
2017-10-22,鳳山區,SE6 青蔥 粉蔥 ,,,,,,,,10,7,2017,1
2017-10-23,鳳山區,SE6 青蔥 粉蔥 ,,,,,,,,10,1,2017,1
2017-10-24,鳳山區,SE6 青蔥 粉蔥 ,,,,,,,,10,2,2017,1
2017-10-25,鳳山區,SE6 青蔥 粉蔥 ,,,,,,,,10,3,2017,1
2017-10-26,鳳山區,SE6 青蔥 粉蔥 ,,,,,,,,10,4,2017,1
2017-10-27,鳳山區,SE6 青蔥 粉蔥 ,,,,,,,,10,5,2017,1
2017-10-28,鳳山區,SE6 青蔥 粉蔥 ,,,,,,,,10,6,2017,1
2017-10-29,鳳山區,SE6 青蔥 粉蔥 ,,,,,,,,10,7,2017,1
2017-10-30,鳳山區,SE6 青蔥 粉蔥 ,,,,,,,,10,1,2017,1
2017-10-31,鳳山區,SE6 青蔥 粉蔥 ,,,,,,,,10,2,2017,1
2017-11-01,鳳山區,SE6 青蔥 粉蔥 ,,,,,,,,11,3,2017,1
2017-11-02,鳳山區,SE6 青蔥 粉蔥 ,,,,,,,,11,4,2017,1
2017-11-03,鳳山區,SE6 青蔥 粉蔥 ,14.9,14.8,14.8,14.8,-66.59,100.0,150.0,11,5,2017,0
2017-11-04,鳳山區,SE6 青蔥 粉蔥 ,,,,,,,,11,6,2017,1
2017-11-05,鳳山區,SE6 青蔥 粉蔥 ,,,,,,,,11,7,2017,1
2017-11-06,鳳山區,SE6 青蔥 粉蔥 ,,,,,,,,11,1,2017,1
2017-11-07,鳳山區,SE6 青蔥 粉蔥 ,,,,,,,,11,2,2017,1
2017-11-08,鳳山區,SE6 青蔥 粉蔥 ,29.8,29.5,29.5,29.6,100.0,20.0,-80.0,11,3,2017,0
2017-11-09,鳳山區,SE6 青蔥 粉蔥 ,,,,,,,,11,4,2017,1
2017-11-10,鳳山區,SE6 青蔥 粉蔥 ,,,,,,,,11,5,2017,1
2017-11-11,鳳山區,SE6 青蔥 粉蔥 ,40.0,39.9,39.9,39.9,34.8,105.0,425.0,11,6,2017,0
2017-11-12,鳳山區,SE6 青蔥 粉蔥 ,,,,,,,,11,7,2017,1
2017-11-13,鳳山區,SE6 青蔥 粉蔥 ,,,,,,,,11,1,2017,1
2017-11-14,鳳山區,SE6 青蔥 粉蔥 ,,,,,,,,11,2,2017,1
2017-11-15,鳳山區,SE6 青蔥 粉蔥 ,,,,,,,,11,3,2017,1
2017-11-16,鳳山區,SE6 青蔥 粉蔥 ,28.2,28.1,28.1,28.1,-29.57,42.0,-60.0,11,4,2017,0
2017-11-17,鳳山區,SE6 青蔥 粉蔥 ,,,,,,,,11,5,2017,1
2017-11-18,鳳山區,SE6 青蔥 粉蔥 ,,,,,,,,11,6,2017,1
2017-11-19,鳳山區,SE6 青蔥 粉蔥 ,,,,,,,,11,7,2017,1
2017-11-20,鳳山區,SE6 青蔥 粉蔥 ,,,,,,,,11,1,2017,1
2017-11-21,鳳山區,SE6 青蔥 粉蔥 ,,,,,,,,11,2,2017,1
2017-11-22,鳳山區,SE6 青蔥 粉蔥 ,,,,,,,,11,3,2017,1
2017-11-23,鳳山區,SE6 青蔥 粉蔥 ,,,,,,,,11,4,2017,1
2017-11-24,鳳山區,SE6 青蔥 粉蔥 ,,,,,,,,11,5,2017,1
2017-11-25,鳳山區,SE6 青蔥 粉蔥 ,,,,,,,,11,6,2017,1
2017-11-26,鳳山區,SE6 青蔥 粉蔥 ,,,,,,,,11,7,2017,1
2017-11-27,鳳山區,SE6 青蔥 粉蔥 ,,,,,,,,11,1,2017,1
2017-11-28,鳳山區,SE6 青蔥 粉蔥 ,,,,,,,,11,2,2017,1
2017-11-29,鳳山區,SE6 青蔥 粉蔥 ,,,,,,,,11,3,2017,1
2017-11-30,鳳山區,SE6 青蔥 粉蔥 ,,,,,,,,11,4,2017,1
2017-12-01,鳳山區,SE6 青蔥 粉蔥 ,,,,,,,,12,5,2017,1
2017-12-02,鳳山區,SE6 青蔥 粉蔥 ,,,,,,,,12,6,2017,1
2017-12-03,鳳山區,SE6 青蔥 粉蔥 ,,,,,,,,12,7,2017,1
2017-12-04,鳳山區,SE6 青蔥 粉蔥 ,,,,,,,,12,1,2017,1
2017-12-05,鳳山區,SE6 青蔥 粉蔥 ,,,,,,,,12,2,2017,1
2017-12-06,鳳山區,SE6 青蔥 粉蔥 ,,,,,,,,12,3,2017,1
2017-12-07,鳳山區,SE6 青蔥 粉蔥 ,,,,,,,,12,4,2017,1
2017-12-08,鳳山區,SE6 青蔥 粉蔥 ,,,,,,,,12,5,2017,1
2017-12-09,鳳山區,SE6 青蔥 粉蔥 ,,,,,,,,12,6,2017,1
2017-12-10,鳳山區,SE6 青蔥 粉蔥 ,,,,,,,,12,7,2017,1
2017-12-11,鳳山區,SE6 青蔥 粉蔥 ,,,,,,,,12,1,2017,1
2017-12-12,鳳山區,SE6 青蔥 粉蔥 ,,,,,,,,12,2,2017,1
2017-12-13,鳳山區,SE6 青蔥 粉蔥 ,,,,,,,,12,3,2017,1
2017-12-14,鳳山區,SE6 青蔥 粉蔥 ,,,,,,,,12,4,2017,1
2017-12-15,鳳山區,SE6 青蔥 粉蔥 ,,,,,,,,12,5,2017,1
2017-12-16,鳳山區,SE6 青蔥 粉蔥 ,,,,,,,,12,6,2017,1
2017-12-17,鳳山區,SE6 青蔥 粉蔥 ,,,,,,,,12,7,2017,1
2017-12-18,鳳山區,SE6 青蔥 粉蔥 ,,,,,,,,12,1,2017,1
2017-12-19,鳳山區,SE6 青蔥 粉蔥 ,,,,,,,,12,2,2017,1
2017-12-20,鳳山區,SE6 青蔥 粉蔥 ,,,,,,,,12,3,2017,1
2017-12-21,鳳山區,SE6 青蔥 粉蔥 ,,,,,,,,12,4,2017,1
2017-12-22,鳳山區,SE6 青蔥 粉蔥 ,,,,,,,,12,5,2017,1
2017-12-23,鳳山區,SE6 青蔥 粉蔥 ,,,,,,,,12,6,2017,1
2017-12-24,鳳山區,SE6 青蔥 粉蔥 ,,,,,,,,12,7,2017,1
2017-12-25,鳳山區,SE6 青蔥 粉蔥 ,,,,,,,,12,1,2017,1
2017-12-26,鳳山區,SE6 青蔥 粉蔥 ,,,,,,,,12,2,2017,1
2017-12-27,鳳山區,SE6 青蔥 粉蔥 ,,,,,,,,12,3,2017,1
2017-12-28,鳳山區,SE6 青蔥 粉蔥 ,,,,,,,,12,4,2017,1
2017-12-29,鳳山區,SE6 青蔥 粉蔥 ,,,,,,,,12,5,2017,1
2017-12-30,鳳山區,SE6 青蔥 粉蔥 ,,,,,,,,12,6,2017,1
2017-12-31,鳳山區,SE6 青蔥 粉蔥 ,,,,,,,,12,7,2017,1
2018-01-01,鳳山區,SE6 青蔥 粉蔥 ,,,,,,,,1,1,2018,1
2018-01-02,鳳山區,SE6 青蔥 粉蔥 ,,,,,,,,1,2,2018,1
2018-01-03,鳳山區,SE6 青蔥 粉蔥 ,,,,,,,,1,3,2018,1
2018-01-04,鳳山區,SE6 青蔥 粉蔥 ,,,,,,,,1,4,2018,1
2018-01-05,鳳山區,SE6 青蔥 粉蔥 ,,,,,,,,1,5,2018,1
2018-01-06,鳳山區,SE6 青蔥 粉蔥 ,,,,,,,,1,6,2018,1
2018-01-07,鳳山區,SE6 青蔥 粉蔥 ,,,,,,,,1,7,2018,1
2018-01-08,鳳山區,SE6 青蔥 粉蔥 ,,,,,,,,1,1,2018,1
2018-01-09,鳳山區,SE6 青蔥 粉蔥 ,,,,,,,,1,2,2018,1
2018-01-10,鳳山區,SE6 青蔥 粉蔥 ,,,,,,,,1,3,2018,1
2018-01-11,鳳山區,SE6 青蔥 粉蔥 ,,,,,,,,1,4,2018,1
2018-01-12,鳳山區,SE6 青蔥 粉蔥 ,,,,,,,,1,5,2018,1
2018-01-13,鳳山區,SE6 青蔥 粉蔥 ,,,,,,,,1,6,2018,1
2018-01-14,鳳山區,SE6 青蔥 粉蔥 ,,,,,,,,1,7,2018,1
2018-01-15,鳳山區,SE6 青蔥 粉蔥 ,,,,,,,,1,1,2018,1
2018-01-16,鳳山區,SE6 青蔥 粉蔥 ,,,,,,,,1,2,2018,1
2018-01-17,鳳山區,SE6 青蔥 粉蔥 ,,,,,,,,1,3,2018,1
2018-01-18,鳳山區,SE6 青蔥 粉蔥 ,,,,,,,,1,4,2018,1
2018-01-19,鳳山區,SE6 青蔥 粉蔥 ,,,,,,,,1,5,2018,1
2018-01-20,鳳山區,SE6 青蔥 粉蔥 ,,,,,,,,1,6,2018,1
2018-01-21,鳳山區,SE6 青蔥 粉蔥 ,,,,,,,,1,7,2018,1
2018-01-22,鳳山區,SE6 青蔥 粉蔥 ,,,,,,,,1,1,2018,1
2018-01-23,鳳山區,SE6 青蔥 粉蔥 ,,,,,,,,1,2,2018,1
2018-01-24,鳳山區,SE6 青蔥 粉蔥 ,,,,,,,,1,3,2018,1
2018-01-25,鳳山區,SE6 青蔥 粉蔥 ,,,,,,,,1,4,2018,1
2018-01-26,鳳山區,SE6 青蔥 粉蔥 ,,,,,,,,1,5,2018,1
2018-01-27,鳳山區,SE6 青蔥 粉蔥 ,,,,,,,,1,6,2018,1
2018-01-28,鳳山區,SE6 青蔥 粉蔥 ,,,,,,,,1,7,2018,1
2018-01-29,鳳山區,SE6 青蔥 粉蔥 ,,,,,,,,1,1,2018,1
2018-01-30,鳳山區,SE6 青蔥 粉蔥 ,,,,,,,,1,2,2018,1
2018-01-31,鳳山區,SE6 青蔥 粉蔥 ,,,,,,,,1,3,2018,1
2018-02-01,鳳山區,SE6 青蔥 粉蔥 ,,,,,,,,2,4,2018,1
2018-02-02,鳳山區,SE6 青蔥 粉蔥 ,,,,,,,,2,5,2018,1
2018-02-03,鳳山區,SE6 青蔥 粉蔥 ,,,,,,,,2,6,2018,1
2018-02-04,鳳山區,SE6 青蔥 粉蔥 ,,,,,,,,2,7,2018,1
2018-02-05,鳳山區,SE6 青蔥 粉蔥 ,,,,,,,,2,1,2018,1
2018-02-06,鳳山區,SE6 青蔥 粉蔥 ,,,,,,,,2,2,2018,1
2018-02-07,鳳山區,SE6 青蔥 粉蔥 ,,,,,,,,2,3,2018,1
2018-02-08,鳳山區,SE6 青蔥 粉蔥 ,,,,,,,,2,4,2018,1
2018-02-09,鳳山區,SE6 青蔥 粉蔥 ,,,,,,,,2,5,2018,1
2018-02-10,鳳山區,SE6 青蔥 粉蔥 ,,,,,,,,2,6,2018,1
2018-02-11,鳳山區,SE6 青蔥 粉蔥 ,,,,,,,,2,7,2018,1
2018-02-12,鳳山區,SE6 青蔥 粉蔥 ,,,,,,,,2,1,2018,1
2018-02-13,鳳山區,SE6 青蔥 粉蔥 ,,,,,,,,2,2,2018,1
2018-02-14,鳳山區,SE6 青蔥 粉蔥 ,,,,,,,,2,3,2018,1
2018-02-15,鳳山區,SE6 青蔥 粉蔥 ,,,,,,,,2,4,2018,1
2018-02-16,鳳山區,SE6 青蔥 粉蔥 ,,,,,,,,2,5,2018,1
2018-02-17,鳳山區,SE6 青蔥 粉蔥 ,,,,,,,,2,6,2018,1
2018-02-18,鳳山區,SE6 青蔥 粉蔥 ,,,,,,,,2,7,2018,1
2018-02-19,鳳山區,SE6 青蔥 粉蔥 ,,,,,,,,2,1,2018,1
2018-02-20,鳳山區,SE6 青蔥 粉蔥 ,,,,,,,,2,2,2018,1
2018-02-21,鳳山區,SE6 青蔥 粉蔥 ,,,,,,,,2,3,2018,1
2018-02-22,鳳山區,SE6 青蔥 粉蔥 ,,,,,,,,2,4,2018,1
2018-02-23,鳳山區,SE6 青蔥 粉蔥 ,,,,,,,,2,5,2018,1
2018-02-24,鳳山區,SE6 青蔥 粉蔥 ,,,,,,,,2,6,2018,1
2018-02-25,鳳山區,SE6 青蔥 粉蔥 ,,,,,,,,2,7,2018,1
2018-02-26,鳳山區,SE6 青蔥 粉蔥 ,,,,,,,,2,1,2018,1
2018-02-27,鳳山區,SE6 青蔥 粉蔥 ,,,,,,,,2,2,2018,1
2018-02-28,鳳山區,SE6 青蔥 粉蔥 ,,,,,,,,2,3,2018,1
2018-03-01,鳳山區,SE6 青蔥 粉蔥 ,,,,,,,,3,4,2018,1
2018-03-02,鳳山區,SE6 青蔥 粉蔥 ,18.8,15.2,4.7,13.8,-50.89,228.0,442.86,3,5,2018,0
2018-03-03,鳳山區,SE6 青蔥 粉蔥 ,14.4,14.1,14.1,14.1,2.17,684.0,200.0,3,6,2018,0
2018-03-04,鳳山區,SE6 青蔥 粉蔥 ,,,,,,,,3,7,2018,1
2018-03-05,鳳山區,SE6 青蔥 粉蔥 ,,,,,,,,3,1,2018,1
2018-03-06,鳳山區,SE6 青蔥 粉蔥 ,,,,,,,,3,2,2018,1
2018-03-07,鳳山區,SE6 青蔥 粉蔥 ,,,,,,,,3,3,2018,1
2018-03-08,鳳山區,SE6 青蔥 粉蔥 ,18.9,15.9,7.0,14.7,4.26,271.0,-60.38,3,4,2018,0
2018-03-09,鳳山區,SE6 青蔥 粉蔥 ,16.5,16.4,14.9,16.1,9.52,168.0,-38.01,3,5,2018,0
2018-03-10,鳳山區,SE6 青蔥 粉蔥 ,16.4,16.4,16.4,16.4,1.86,168.0,0.0,3,6,2018,0
2018-03-11,鳳山區,SE6 青蔥 粉蔥 ,16.5,16.4,16.4,16.4,0.0,147.0,-12.5,3,7,2018,0
2018-03-12,鳳山區,SE6 青蔥 粉蔥 ,,,,,,,,3,1,2018,1
2018-03-13,鳳山區,SE6 青蔥 粉蔥 ,18.9,18.2,14.8,17.7,7.93,145.0,-1.36,3,2,2018,0
2018-03-14,鳳山區,SE6 青蔥 粉蔥 ,18.9,17.9,12.3,17.0,-3.95,145.0,0.0,3,3,2018,0
2018-03-15,鳳山區,SE6 青蔥 粉蔥 ,18.9,18.7,18.7,18.8,10.59,147.0,1.38,3,4,2018,0
2018-03-16,鳳山區,SE6 青蔥 粉蔥 ,18.9,18.7,18.7,18.8,0.0,105.0,-28.57,3,5,2018,0
2018-03-17,鳳山區,SE6 青蔥 粉蔥 ,19.8,19.1,18.7,19.2,2.13,185.0,76.19,3,6,2018,0
2018-03-18,鳳山區,SE6 青蔥 粉蔥 ,18.8,15.4,14.7,15.9,-17.19,552.0,198.38,3,7,2018,0
2018-03-19,鳳山區,SE6 青蔥 粉蔥 ,,,,,,,,3,1,2018,1
2018-03-20,鳳山區,SE6 青蔥 粉蔥 ,18.9,16.6,14.8,16.7,5.03,266.0,-51.81,3,2,2018,0
2018-03-21,鳳山區,SE6 青蔥 粉蔥 ,18.9,16.8,14.8,16.8,0.6,205.0,-22.93,3,3,2018,0
2018-03-22,鳳山區,SE6 青蔥 粉蔥 ,18.8,16.4,13.2,16.2,-3.57,290.0,41.46,3,4,2018,0
2018-03-23,鳳山區,SE6 青蔥 粉蔥 ,18.8,16.0,14.8,16.3,0.62,287.0,-1.03,3,5,2018,0
2018-03-24,鳳山區,SE6 青蔥 粉蔥 ,18.8,13.4,11.1,14.0,-14.11,408.0,42.16,3,6,2018,0
2018-03-25,鳳山區,SE6 青蔥 粉蔥 ,19.6,16.9,12.3,16.5,17.86,266.0,-34.8,3,7,2018,0
2018-03-26,鳳山區,SE6 青蔥 粉蔥 ,,,,,,,,3,1,2018,1
2018-03-27,鳳山區,SE6 青蔥 粉蔥 ,18.8,16.8,14.8,16.8,1.82,164.0,-38.35,3,2,2018,0
2018-03-28,鳳山區,SE6 青蔥 粉蔥 ,21.1,14.7,9.8,15.0,-10.71,243.0,48.17,3,3,2018,0
2018-03-29,鳳山區,SE6 青蔥 粉蔥 ,18.8,16.6,14.4,16.6,10.67,246.0,1.23,3,4,2018,0
2018-03-30,鳳山區,SE6 青蔥 粉蔥 ,18.9,18.7,16.8,18.4,10.84,126.0,-48.78,3,5,2018,0
2018-03-31,鳳山區,SE6 青蔥 粉蔥 ,18.9,18.7,18.7,18.8,2.17,168.0,33.33,3,6,2018,0
2018-04-01,鳳山區,SE6 青蔥 粉蔥 ,18.8,17.9,12.3,17.0,-9.57,290.0,72.62,4,7,2018,0
2018-04-02,鳳山區,SE6 青蔥 粉蔥 ,,,,,,,,4,1,2018,1
2018-04-03,鳳山區,SE6 青蔥 粉蔥 ,18.8,15.7,12.3,15.7,-7.65,406.0,40.0,4,2,2018,0
2018-04-04,鳳山區,SE6 青蔥 粉蔥 ,,,,,,,,4,3,2018,1
2018-04-05,鳳山區,SE6 青蔥 粉蔥 ,,,,,,,,4,4,2018,1
2018-04-06,鳳山區,SE6 青蔥 粉蔥 ,,,,,,,,4,5,2018,1
2018-04-07,鳳山區,SE6 青蔥 粉蔥 ,18.9,17.4,14.1,17.0,8.28,168.0,-58.62,4,6,2018,0
2018-04-08,鳳山區,SE6 青蔥 粉蔥 ,18.9,18.7,18.7,18.8,10.59,126.0,-25.0,4,7,2018,0
2018-04-09,鳳山區,SE6 青蔥 粉蔥 ,,,,,,,,4,1,2018,1
2018-04-10,鳳山區,SE6 青蔥 粉蔥 ,18.9,18.7,18.7,18.8,0.0,126.0,0.0,4,2,2018,0
2018-04-11,鳳山區,SE6 青蔥 粉蔥 ,23.6,23.4,23.4,23.5,25.0,63.0,-50.0,4,3,2018,0
2018-04-12,鳳山區,SE6 青蔥 粉蔥 ,14.4,14.4,14.3,14.4,-38.72,120.0,90.48,4,4,2018,0
2018-04-13,鳳山區,SE6 青蔥 粉蔥 ,23.5,23.4,17.1,22.2,54.17,231.0,92.5,4,5,2018,0
2018-04-14,鳳山區,SE6 青蔥 粉蔥 ,23.6,21.6,21.1,21.9,-1.35,126.0,-45.45,4,6,2018,0
2018-04-15,鳳山區,SE6 青蔥 粉蔥 ,23.6,21.3,17.1,20.9,-4.57,165.0,30.95,4,7,2018,0
2018-04-16,鳳山區,SE6 青蔥 粉蔥 ,,,,,,,,4,1,2018,1
2018-04-17,鳳山區,SE6 青蔥 粉蔥 ,21.3,21.1,21.0,21.1,0.96,168.0,1.82,4,2,2018,0
2018-04-18,鳳山區,SE6 青蔥 粉蔥 ,,,,,,,,4,3,2018,1
2018-04-19,鳳山區,SE6 青蔥 粉蔥 ,18.8,17.9,16.4,17.8,-15.64,288.0,71.43,4,4,2018,0
2018-04-20,鳳山區,SE6 青蔥 粉蔥 ,14.1,14.1,14.1,14.1,-20.79,63.0,-78.12,4,5,2018,0
2018-04-21,鳳山區,SE6 青蔥 粉蔥 ,18.8,15.2,14.1,15.7,11.35,405.0,542.86,4,6,2018,0
2018-04-22,鳳山區,SE6 青蔥 粉蔥 ,18.8,17.3,10.3,16.2,3.18,243.0,-40.0,4,7,2018,0
2018-04-23,鳳山區,SE6 青蔥 粉蔥 ,,,,,,,,4,1,2018,1
2018-04-24,鳳山區,SE6 青蔥 粉蔥 ,18.9,17.9,9.4,16.4,1.23,168.0,-30.86,4,2,2018,0
2018-04-25,鳳山區,SE6 青蔥 粉蔥 ,18.9,16.9,10.5,16.0,-2.44,166.0,-1.19,4,3,2018,0
2018-04-26,鳳山區,SE6 青蔥 粉蔥 ,18.9,17.0,12.3,16.4,2.5,165.0,-0.6,4,4,2018,0
2018-04-27,鳳山區,SE6 青蔥 粉蔥 ,19.0,18.3,12.3,17.2,4.88,83.0,-49.7,4,5,2018,0
2018-04-28,鳳山區,SE6 青蔥 粉蔥 ,20.0,11.8,9.8,13.0,-24.42,242.0,191.57,4,6,2018,0
2018-04-29,鳳山區,SE6 青蔥 粉蔥 ,16.5,15.4,9.8,14.5,11.54,136.0,-43.8,4,7,2018,0
2018-04-30,鳳山區,SE6 青蔥 粉蔥 ,,,,,,,,4,1,2018,1
2018-05-01,鳳山區,SE6 青蔥 粉蔥 ,23.6,23.4,23.4,23.5,62.07,63.0,-53.68,5,2,2018,0
2018-05-02,鳳山區,SE6 青蔥 粉蔥 ,,,,,,,,5,3,2018,1
2018-05-03,鳳山區,SE6 青蔥 粉蔥 ,23.5,19.2,9.8,18.2,-22.55,103.0,63.49,5,4,2018,0
2018-05-04,鳳山區,SE6 青蔥 粉蔥 ,10.3,10.3,10.3,10.3,-43.41,120.0,16.5,5,5,2018,0
2018-05-05,鳳山區,SE6 青蔥 粉蔥 ,,,,,,,,5,6,2018,1
2018-05-06,鳳山區,SE6 青蔥 粉蔥 ,,,,,,,,5,7,2018,1
2018-05-07,鳳山區,SE6 青蔥 粉蔥 ,,,,,,,,5,1,2018,1
2018-05-08,鳳山區,SE6 青蔥 粉蔥 ,26.0,25.7,25.8,25.8,150.49,63.0,-47.5,5,2,2018,0
2018-05-09,鳳山區,SE6 青蔥 粉蔥 ,26.0,25.8,25.8,25.8,0.0,105.0,66.67,5,3,2018,0
2018-05-10,鳳山區,SE6 青蔥 粉蔥 ,14.9,14.8,14.8,14.8,-42.64,40.0,-61.9,5,4,2018,0
2018-05-11,鳳山區,SE6 青蔥 粉蔥 ,33.0,32.8,32.8,32.8,121.62,105.0,162.5,5,5,2018,0
2018-05-12,鳳山區,SE6 青蔥 粉蔥 ,28.2,28.1,28.1,28.1,-14.33,126.0,20.0,5,6,2018,0
2018-05-13,鳳山區,SE6 青蔥 粉蔥 ,28.2,21.7,19.7,22.6,-19.57,305.0,142.06,5,7,2018,0
2018-05-14,鳳山區,SE6 青蔥 粉蔥 ,,,,,,,,5,1,2018,1
2018-05-15,鳳山區,SE6 青蔥 粉蔥 ,28.2,20.6,15.0,21.0,-7.08,138.0,-54.75,5,2,2018,0
2018-05-16,鳳山區,SE6 青蔥 粉蔥 ,28.2,18.9,14.4,19.8,-5.71,159.0,15.22,5,3,2018,0
2018-05-17,鳳山區,SE6 青蔥 粉蔥 ,,,,,,,,5,4,2018,1
2018-05-18,鳳山區,SE6 青蔥 粉蔥 ,28.3,28.1,28.1,28.1,41.92,63.0,-60.38,5,5,2018,0
2018-05-19,鳳山區,SE6 青蔥 粉蔥 ,28.3,28.1,28.1,28.1,0.0,63.0,0.0,5,6,2018,0
2018-05-20,鳳山區,SE6 青蔥 粉蔥 ,25.8,25.8,25.8,25.8,-8.19,84.0,33.33,5,7,2018,0
2018-05-21,鳳山區,SE6 青蔥 粉蔥 ,,,,,,,,5,1,2018,1
2018-05-22,鳳山區,SE6 青蔥 粉蔥 ,25.9,25.8,25.8,25.8,0.0,84.0,0.0,5,2,2018,0
2018-05-23,鳳山區,SE6 青蔥 粉蔥 ,25.8,23.1,19.7,23.0,-10.85,156.0,85.71,5,3,2018,0
2018-05-24,鳳山區,SE6 青蔥 粉蔥 ,28.9,28.7,28.7,28.7,24.78,48.0,-69.23,5,4,2018,0
2018-05-25,鳳山區,SE6 青蔥 粉蔥 ,28.2,28.2,28.2,28.2,-1.74,84.0,75.0,5,5,2018,0
2018-05-26,鳳山區,SE6 青蔥 粉蔥 ,26.0,25.8,25.8,25.8,-8.51,84.0,0.0,5,6,2018,0
2018-05-27,鳳山區,SE6 青蔥 粉蔥 ,26.0,25.8,25.8,25.8,0.0,84.0,0.0,5,7,2018,0
2018-05-28,鳳山區,SE6 青蔥 粉蔥 ,,,,,,,,5,1,2018,1
2018-05-29,鳳山區,SE6 青蔥 粉蔥 ,26.0,25.8,25.8,25.8,0.0,84.0,0.0,5,2,2018,0
2018-05-30,鳳山區,SE6 青蔥 粉蔥 ,26.0,25.8,25.8,25.8,0.0,84.0,0.0,5,3,2018,0
2018-05-31,鳳山區,SE6 青蔥 粉蔥 ,,,,,,,,5,4,2018,1
2018-06-01,鳳山區,SE6 青蔥 粉蔥 ,23.5,23.4,23.4,23.5,-8.91,105.0,25.0,6,5,2018,0
2018-06-02,鳳山區,SE6 青蔥 粉蔥 ,25.9,25.8,25.8,25.8,9.79,105.0,0.0,6,6,2018,0
2018-06-03,鳳山區,SE6 青蔥 粉蔥 ,,,,,,,,6,7,2018,1
2018-06-04,鳳山區,SE6 青蔥 粉蔥 ,,,,,,,,6,1,2018,1
2018-06-05,鳳山區,SE6 青蔥 粉蔥 ,,,,,,,,6,2,2018,1
2018-06-06,鳳山區,SE6 青蔥 粉蔥 ,25.9,25.8,25.8,25.8,0.0,105.0,0.0,6,3,2018,0
2018-06-07,鳳山區,SE6 青蔥 粉蔥 ,25.9,25.8,25.8,25.8,0.0,105.0,0.0,6,4,2018,0
2018-06-08,鳳山區,SE6 青蔥 粉蔥 ,25.9,25.8,25.8,25.8,0.0,105.0,0.0,6,5,2018,0
2018-06-09,鳳山區,SE6 青蔥 粉蔥 ,25.9,25.8,25.8,25.8,0.0,105.0,0.0,6,6,2018,0
2018-06-10,鳳山區,SE6 青蔥 粉蔥 ,,,,,,,,6,7,2018,1
2018-06-11,鳳山區,SE6 青蔥 粉蔥 ,,,,,,,,6,1,2018,1
2018-06-12,鳳山區,SE6 青蔥 粉蔥 ,,,,,,,,6,2,2018,1
2018-06-13,鳳山區,SE6 青蔥 粉蔥 ,,,,,,,,6,3,2018,1
2018-06-14,鳳山區,SE6 青蔥 粉蔥 ,,,,,,,,6,4,2018,1
2018-06-15,鳳山區,SE6 青蔥 粉蔥 ,,,,,,,,6,5,2018,1
2018-06-16,鳳山區,SE6 青蔥 粉蔥 ,,,,,,,,6,6,2018,1
2018-06-17,鳳山區,SE6 青蔥 粉蔥 ,25.9,25.8,25.8,25.8,0.0,105.0,0.0,6,7,2018,0
2018-06-18,鳳山區,SE6 青蔥 粉蔥 ,,,,,,,,6,1,2018,1
2018-06-19,鳳山區,SE6 青蔥 粉蔥 ,,,,,,,,6,2,2018,1
2018-06-20,鳳山區,SE6 青蔥 粉蔥 ,,,,,,,,6,3,2018,1
2018-06-21,鳳山區,SE6 青蔥 粉蔥 ,,,,,,,,6,4,2018,1
2018-06-22,鳳山區,SE6 青蔥 粉蔥 ,20.0,19.7,19.5,19.7,-23.64,20.0,-80.95,6,5,2018,0
2018-06-23,鳳山區,SE6 青蔥 粉蔥 ,,,,,,,,6,6,2018,1
2018-06-24,鳳山區,SE6 青蔥 粉蔥 ,,,,,,,,6,7,2018,1
2018-06-25,鳳山區,SE6 青蔥 粉蔥 ,,,,,,,,6,1,2018,1
2018-06-26,鳳山區,SE6 青蔥 粉蔥 ,34.5,34.5,34.5,34.5,75.13,20.0,0.0,6,2,2018,0
2018-06-27,鳳山區,SE6 青蔥 粉蔥 ,34.5,32.4,25.8,31.5,-8.7,183.0,815.0,6,3,2018,0
2018-06-28,鳳山區,SE6 青蔥 粉蔥 ,25.9,25.8,25.8,25.8,-18.1,63.0,-65.57,6,4,2018,0
2018-06-29,鳳山區,SE6 青蔥 粉蔥 ,33.7,33.7,30.2,33.0,27.91,127.0,101.59,6,5,2018,0
2018-06-30,鳳山區,SE6 青蔥 粉蔥 ,,,,,,,,6,6,2018,1
2018-07-01,鳳山區,SE6 青蔥 粉蔥 ,28.2,28.1,28.1,28.2,-14.55,105.0,-17.32,7,7,2018,0
2018-07-02,鳳山區,SE6 青蔥 粉蔥 ,,,,,,,,7,1,2018,1
2018-07-03,鳳山區,SE6 青蔥 粉蔥 ,18.2,17.9,17.7,17.9,-36.52,22.0,-79.05,7,2,2018,0
2018-07-04,鳳山區,SE6 青蔥 粉蔥 ,,,,,,,,7,3,2018,1
2018-07-05,鳳山區,SE6 青蔥 粉蔥 ,,,,,,,,7,4,2018,1
2018-07-06,鳳山區,SE6 青蔥 粉蔥 ,5.0,4.9,4.9,4.9,-72.63,144.0,554.55,7,5,2018,0
2018-07-07,鳳山區,SE6 青蔥 粉蔥 ,24.6,24.6,24.6,24.6,402.04,40.0,-72.22,7,6,2018,0
2018-07-08,鳳山區,SE6 青蔥 粉蔥 ,,,,,,,,7,7,2018,1
2018-07-09,鳳山區,SE6 青蔥 粉蔥 ,,,,,,,,7,1,2018,1
2018-07-10,鳳山區,SE6 青蔥 粉蔥 ,29.6,28.8,26.2,28.5,15.85,90.0,125.0,7,2,2018,0
2018-07-11,鳳山區,SE6 青蔥 粉蔥 ,,,,,,,,7,3,2018,1
2018-07-12,鳳山區,SE6 青蔥 粉蔥 ,,,,,,,,7,4,2018,1
2018-07-13,鳳山區,SE6 青蔥 粉蔥 ,29.6,29.5,29.5,29.6,3.86,40.0,-55.56,7,5,2018,0
2018-07-14,鳳山區,SE6 青蔥 粉蔥 ,,,,,,,,7,6,2018,1
2018-07-15,鳳山區,SE6 青蔥 粉蔥 ,,,,,,,,7,7,2018,1
2018-07-16,鳳山區,SE6 青蔥 粉蔥 ,,,,,,,,7,1,2018,1
2018-07-17,鳳山區,SE6 青蔥 粉蔥 ,,,,,,,,7,2,2018,1
2018-07-18,鳳山區,SE6 青蔥 粉蔥 ,,,,,,,,7,3,2018,1
2018-07-19,鳳山區,SE6 青蔥 粉蔥 ,23.0,23.0,23.0,23.0,-22.3,30.0,-25.0,7,4,2018,0
2018-07-20,鳳山區,SE6 青蔥 粉蔥 ,37.6,37.5,37.5,37.5,63.04,84.0,180.0,7,5,2018,0
2018-07-21,鳳山區,SE6 青蔥 粉蔥 ,37.6,34.2,32.8,34.6,-7.73,168.0,100.0,7,6,2018,0
2018-07-22,鳳山區,SE6 青蔥 粉蔥 ,28.2,22.6,14.4,22.1,-36.13,435.0,158.93,7,7,2018,0
2018-07-23,鳳山區,SE6 青蔥 粉蔥 ,,,,,,,,7,1,2018,1
2018-07-24,鳳山區,SE6 青蔥 粉蔥 ,30.5,29.2,21.1,27.8,25.79,147.0,-66.21,7,2,2018,0
2018-07-25,鳳山區,SE6 青蔥 粉蔥 ,30.5,28.5,16.4,26.5,-4.68,147.0,0.0,7,3,2018,0
2018-07-26,鳳山區,SE6 青蔥 粉蔥 ,30.5,30.5,30.5,30.5,15.09,84.0,-42.86,7,4,2018,0
2018-07-27,鳳山區,SE6 青蔥 粉蔥 ,30.5,30.5,30.5,30.5,0.0,105.0,25.0,7,5,2018,0
2018-07-28,鳳山區,SE6 青蔥 粉蔥 ,30.6,28.8,18.7,27.1,-11.15,294.0,180.0,7,6,2018,0
2018-07-29,鳳山區,SE6 青蔥 粉蔥 ,,,,,,,,7,7,2018,1
2018-07-30,鳳山區,SE6 青蔥 粉蔥 ,,,,,,,,7,1,2018,1
2018-07-31,鳳山區,SE6 青蔥 粉蔥 ,30.5,29.3,28.1,29.3,8.12,252.0,-14.29,7,2,2018,0
2018-08-01,鳳山區,SE6 青蔥 粉蔥 ,30.5,29.5,18.8,27.6,-5.8,168.0,-33.33,8,3,2018,0
2018-08-02,鳳山區,SE6 青蔥 粉蔥 ,30.6,30.5,30.5,30.5,10.51,63.0,-62.5,8,4,2018,0
2018-08-03,鳳山區,SE6 青蔥 粉蔥 ,30.5,30.5,30.5,30.5,0.0,126.0,100.0,8,5,2018,0
2018-08-04,鳳山區,SE6 青蔥 粉蔥 ,30.5,30.5,30.5,30.5,0.0,105.0,-16.67,8,6,2018,0
2018-08-05,鳳山區,SE6 青蔥 粉蔥 ,30.5,30.5,30.5,30.5,0.0,147.0,40.0,8,7,2018,0
2018-08-06,鳳山區,SE6 青蔥 粉蔥 ,,,,,,,,8,1,2018,1
2018-08-07,鳳山區,SE6 青蔥 粉蔥 ,30.5,29.6,28.1,29.5,-3.28,147.0,0.0,8,2,2018,0
2018-08-08,鳳山區,SE6 青蔥 粉蔥 ,30.5,30.5,30.5,30.5,3.39,84.0,-42.86,8,3,2018,0
2018-08-09,鳳山區,SE6 青蔥 粉蔥 ,30.5,30.5,30.5,30.5,0.0,105.0,25.0,8,4,2018,0
2018-08-10,鳳山區,SE6 青蔥 粉蔥 ,31.9,31.9,31.9,31.9,4.59,63.0,-40.0,8,5,2018,0
2018-08-11,鳳山區,SE6 青蔥 粉蔥 ,30.5,27.2,18.5,26.1,-18.18,285.0,352.38,8,6,2018,0
2018-08-12,鳳山區,SE6 青蔥 粉蔥 ,30.5,30.5,30.5,30.5,16.86,147.0,-48.42,8,7,2018,0
2018-08-13,鳳山區,SE6 青蔥 粉蔥 ,,,,,,,,8,1,2018,1
2018-08-14,鳳山區,SE6 青蔥 粉蔥 ,30.6,17.8,14.1,19.6,-35.74,292.0,98.64,8,2,2018,0
2018-08-15,鳳山區,SE6 青蔥 粉蔥 ,30.5,30.5,30.5,30.5,55.61,105.0,-64.04,8,3,2018,0
2018-08-16,鳳山區,SE6 青蔥 粉蔥 ,30.5,30.5,30.5,30.5,0.0,105.0,0.0,8,4,2018,0
2018-08-17,鳳山區,SE6 青蔥 粉蔥 ,30.5,21.0,17.2,22.1,-27.54,285.0,171.43,8,5,2018,0
2018-08-18,鳳山區,SE6 青蔥 粉蔥 ,30.5,21.6,14.8,22.0,-0.45,229.0,-19.65,8,6,2018,0
2018-08-19,鳳山區,SE6 青蔥 粉蔥 ,28.6,13.3,12.3,16.2,-26.36,597.0,160.7,8,7,2018,0
2018-08-20,鳳山區,SE6 青蔥 粉蔥 ,,,,,,,,8,1,2018,1
2018-08-21,鳳山區,SE6 青蔥 粉蔥 ,30.5,20.6,12.3,20.9,29.01,245.0,-58.96,8,2,2018,0
2018-08-22,鳳山區,SE6 青蔥 粉蔥 ,30.6,30.5,30.5,30.5,45.93,105.0,-57.14,8,3,2018,0
2018-08-23,鳳山區,SE6 青蔥 粉蔥 ,30.5,18.2,4.9,18.0,-40.98,205.0,95.24,8,4,2018,0
2018-08-24,鳳山區,SE6 青蔥 粉蔥 ,30.5,27.7,22.2,27.1,50.56,187.0,-8.78,8,5,2018,0
2018-08-25,鳳山區,SE6 青蔥 粉蔥 ,30.5,27.3,22.2,26.9,-0.74,185.0,-1.07,8,6,2018,0
2018-08-26,鳳山區,SE6 青蔥 粉蔥 ,,,,,,,,8,7,2018,1
2018-08-27,鳳山區,SE6 青蔥 粉蔥 ,,,,,,,,8,1,2018,1
2018-08-28,鳳山區,SE6 青蔥 粉蔥 ,32.9,32.8,32.8,32.8,21.93,105.0,-43.24,8,2,2018,0
2018-08-29,鳳山區,SE6 青蔥 粉蔥 ,32.9,32.8,32.8,32.8,0.0,105.0,0.0,8,3,2018,0
2018-08-30,鳳山區,SE6 青蔥 粉蔥 ,28.3,28.1,28.1,28.1,-14.33,63.0,-40.0,8,4,2018,0
2018-08-31,鳳山區,SE6 青蔥 粉蔥 ,24.7,20.8,9.5,19.3,-31.32,245.0,288.89,8,5,2018,0
2018-09-01,鳳山區,SE6 青蔥 粉蔥 ,28.2,28.1,28.1,28.1,45.6,42.0,-82.86,9,6,2018,0
2018-09-02,鳳山區,SE6 青蔥 粉蔥 ,23.5,15.8,9.8,16.2,-42.35,247.0,488.1,9,7,2018,0
2018-09-03,鳳山區,SE6 青蔥 粉蔥 ,,,,,,,,9,1,2018,1
2018-09-04,鳳山區,SE6 青蔥 粉蔥 ,24.6,24.6,24.6,24.6,51.85,40.0,-83.81,9,2,2018,0
2018-09-05,鳳山區,SE6 青蔥 粉蔥 ,,,,,,,,9,3,2018,1
2018-09-06,鳳山區,SE6 青蔥 粉蔥 ,24.7,23.8,23.5,23.9,-2.85,103.0,157.5,9,4,2018,0
2018-09-07,鳳山區,SE6 青蔥 粉蔥 ,28.3,28.1,28.1,28.1,17.57,63.0,-38.83,9,5,2018,0
2018-09-08,鳳山區,SE6 青蔥 粉蔥 ,,,,,,,,9,6,2018,1
2018-09-09,鳳山區,SE6 青蔥 粉蔥 ,32.9,32.8,32.8,32.8,16.73,63.0,0.0,9,7,2018,0
2018-09-10,鳳山區,SE6 青蔥 粉蔥 ,,,,,,,,9,1,2018,1
2018-09-11,鳳山區,SE6 青蔥 粉蔥 ,,,,,,,,9,2,2018,1
2018-09-12,鳳山區,SE6 青蔥 粉蔥 ,,,,,,,,9,3,2018,1
2018-09-13,鳳山區,SE6 青蔥 粉蔥 ,32.9,32.3,30.5,32.1,-2.13,126.0,100.0,9,4,2018,0
2018-09-14,鳳山區,SE6 青蔥 粉蔥 ,32.9,31.3,28.1,31.0,-3.43,105.0,-16.67,9,5,2018,0
2018-09-15,鳳山區,SE6 青蔥 粉蔥 ,32.9,24.5,21.1,25.5,-17.74,168.0,60.0,9,6,2018,0
2018-09-16,鳳山區,SE6 青蔥 粉蔥 ,16.3,15.5,14.8,15.5,-39.22,160.0,-4.76,9,7,2018,0
2018-09-17,鳳山區,SE6 青蔥 粉蔥 ,,,,,,,,9,1,2018,1
2018-09-18,鳳山區,SE6 青蔥 粉蔥 ,28.2,27.4,25.8,27.2,75.48,105.0,-34.38,9,2,2018,0
2018-09-19,鳳山區,SE6 青蔥 粉蔥 ,28.2,27.4,25.8,27.2,0.0,105.0,0.0,9,3,2018,0
2018-09-20,鳳山區,SE6 青蔥 粉蔥 ,28.2,26.6,25.8,26.7,-1.84,105.0,0.0,9,4,2018,0
2018-09-21,鳳山區,SE6 青蔥 粉蔥 ,23.5,23.4,23.4,23.5,-11.99,105.0,0.0,9,5,2018,0
2018-09-22,鳳山區,SE6 青蔥 粉蔥 ,18.8,14.6,9.9,14.5,-38.3,201.0,91.43,9,6,2018,0
2018-09-23,鳳山區,SE6 青蔥 粉蔥 ,,,,,,,,9,7,2018,1
2018-09-24,鳳山區,SE6 青蔥 粉蔥 ,,,,,,,,9,1,2018,1
2018-09-25,鳳山區,SE6 青蔥 粉蔥 ,,,,,,,,9,2,2018,1
2018-09-26,鳳山區,SE6 青蔥 粉蔥 ,,,,,,,,9,3,2018,1
2018-09-27,鳳山區,SE6 青蔥 粉蔥 ,23.5,23.5,23.5,23.5,62.07,126.0,-37.31,9,4,2018,0
2018-09-28,鳳山區,SE6 青蔥 粉蔥 ,,,,,,,,9,5,2018,1
2018-09-29,鳳山區,SE6 青蔥 粉蔥 ,,,,,,,,9,6,2018,1
2018-09-30,鳳山區,SE6 青蔥 粉蔥 ,31.9,31.9,31.9,31.9,35.74,63.0,-50.0,9,7,2018,0
2018-10-01,鳳山區,SE6 青蔥 粉蔥 ,,,,,,,,10,1,2018,1
2018-10-02,鳳山區,SE6 青蔥 粉蔥 ,,,,,,,,10,2,2018,1
2018-10-03,鳳山區,SE6 青蔥 粉蔥 ,,,,,,,,10,3,2018,1
2018-10-04,鳳山區,SE6 青蔥 粉蔥 ,,,,,,,,10,4,2018,1
2018-10-05,鳳山區,SE6 青蔥 粉蔥 ,25.8,25.8,25.8,25.8,-19.12,84.0,33.33,10,5,2018,0
2018-10-06,鳳山區,SE6 青蔥 粉蔥 ,25.9,25.8,25.8,25.8,0.0,63.0,-25.0,10,6,2018,0
2018-10-07,鳳山區,SE6 青蔥 粉蔥 ,25.9,25.8,25.8,25.8,0.0,105.0,66.67,10,7,2018,0
2018-10-08,鳳山區,SE6 青蔥 粉蔥 ,,,,,,,,10,1,2018,1
2018-10-09,鳳山區,SE6 青蔥 粉蔥 ,,,,,,,,10,2,2018,1
2018-10-10,鳳山區,SE6 青蔥 粉蔥 ,,,,,,,,10,3,2018,1
2018-10-11,鳳山區,SE6 青蔥 粉蔥 ,,,,,,,,10,4,2018,1
2018-10-12,鳳山區,SE6 青蔥 粉蔥 ,25.8,25.3,23.5,25.0,-3.1,126.0,20.0,10,5,2018,0
2018-10-13,鳳山區,SE6 青蔥 粉蔥 ,25.8,19.9,14.1,19.9,-20.4,168.0,33.33,10,6,2018,0
2018-10-14,鳳山區,SE6 青蔥 粉蔥 ,,,,,,,,10,7,2018,1
2018-10-15,鳳山區,SE6 青蔥 粉蔥 ,,,,,,,,10,1,2018,1
2018-10-16,鳳山區,SE6 青蔥 粉蔥 ,25.8,25.8,25.8,25.8,29.65,84.0,-50.0,10,2,2018,0
2018-10-17,鳳山區,SE6 青蔥 粉蔥 ,25.9,25.8,25.8,25.8,0.0,105.0,25.0,10,3,2018,0
2018-10-18,鳳山區,SE6 青蔥 粉蔥 ,28.3,28.1,28.1,28.1,8.91,63.0,-40.0,10,4,2018,0
2018-10-19,鳳山區,SE6 青蔥 粉蔥 ,,,,,,,,10,5,2018,1
2018-10-20,鳳山區,SE6 青蔥 粉蔥 ,28.2,28.2,28.2,28.2,0.36,84.0,33.33,10,6,2018,0
2018-10-21,鳳山區,SE6 青蔥 粉蔥 ,28.2,28.1,28.1,28.2,0.0,105.0,25.0,10,7,2018,0
2018-10-22,鳳山區,SE6 青蔥 粉蔥 ,,,,,,,,10,1,2018,1
2018-10-23,鳳山區,SE6 青蔥 粉蔥 ,28.2,28.1,28.1,28.2,0.0,105.0,0.0,10,2,2018,0
2018-10-24,鳳山區,SE6 青蔥 粉蔥 ,28.2,28.1,28.1,28.2,0.0,105.0,0.0,10,3,2018,0
2018-10-25,鳳山區,SE6 青蔥 粉蔥 ,,,,,,,,10,4,2018,1
2018-10-26,鳳山區,SE6 青蔥 粉蔥 ,24.6,24.6,24.6,24.6,-12.77,40.0,-61.9,10,5,2018,0
2018-10-27,鳳山區,SE6 青蔥 粉蔥 ,24.3,16.2,9.8,16.5,-32.93,307.0,667.5,10,6,2018,0
2018-10-28,鳳山區,SE6 青蔥 粉蔥 ,23.5,22.9,21.1,22.7,37.58,126.0,-58.96,10,7,2018,0
2018-10-29,鳳山區,SE6 青蔥 粉蔥 ,,,,,,,,10,1,2018,1
2018-10-30,鳳山區,SE6 青蔥 粉蔥 ,27.1,26.5,19.7,25.2,11.01,160.0,26.98,10,2,2018,0
2018-10-31,鳳山區,SE6 青蔥 粉蔥 ,,,,,,,,10,3,2018,1
2018-11-01,鳳山區,SE6 青蔥 粉蔥 ,25.8,25.8,25.8,25.8,2.38,126.0,-21.25,11,4,2018,0
2018-11-02,鳳山區,SE6 青蔥 粉蔥 ,,,,,,,,11,5,2018,1
2018-11-03,鳳山區,SE6 青蔥 粉蔥 ,,,,,,,,11,6,2018,1
2018-11-04,鳳山區,SE6 青蔥 粉蔥 ,23.5,23.5,23.5,23.5,-8.91,126.0,0.0,11,7,2018,0
2018-11-05,鳳山區,SE6 青蔥 粉蔥 ,,,,,,,,11,1,2018,1
2018-11-06,鳳山區,SE6 青蔥 粉蔥 ,25.8,25.3,23.5,25.0,6.38,126.0,0.0,11,2,2018,0
2018-11-07,鳳山區,SE6 青蔥 粉蔥 ,25.8,25.3,23.5,25.0,0.0,126.0,0.0,11,3,2018,0
2018-11-08,鳳山區,SE6 青蔥 粉蔥 ,23.5,23.5,23.5,23.5,-6.0,126.0,0.0,11,4,2018,0
2018-11-09,鳳山區,SE6 青蔥 粉蔥 ,21.1,16.5,11.7,16.5,-29.79,251.0,99.21,11,5,2018,0
2018-11-10,鳳山區,SE6 青蔥 粉蔥 ,,,,,,,,11,6,2018,1
2018-11-11,鳳山區,SE6 青蔥 粉蔥 ,21.1,20.3,9.9,18.4,11.52,166.0,-33.86,11,7,2018,0
2018-11-12,鳳山區,SE6 青蔥 粉蔥 ,,,,,,,,11,1,2018,1
2018-11-13,鳳山區,SE6 青蔥 粉蔥 ,,,,,,,,11,2,2018,1
2018-11-14,鳳山區,SE6 青蔥 粉蔥 ,21.2,21.1,21.1,21.1,14.67,126.0,-24.1,11,3,2018,0
2018-11-15,鳳山區,SE6 青蔥 粉蔥 ,22.6,22.2,21.1,22.1,4.74,126.0,0.0,11,4,2018,0
2018-11-16,鳳山區,SE6 青蔥 粉蔥 ,23.5,22.9,21.1,22.7,2.71,126.0,0.0,11,5,2018,0
2018-11-17,鳳山區,SE6 青蔥 粉蔥 ,,,,,,,,11,6,2018,1
2018-11-18,鳳山區,SE6 青蔥 粉蔥 ,,,,,,,,11,7,2018,1
2018-11-19,鳳山區,SE6 青蔥 粉蔥 ,,,,,,,,11,1,2018,1
2018-11-20,鳳山區,SE6 青蔥 粉蔥 ,23.5,22.9,21.1,22.7,0.0,126.0,0.0,11,2,2018,0
2018-11-21,鳳山區,SE6 青蔥 粉蔥 ,23.5,22.9,21.1,22.7,0.0,126.0,0.0,11,3,2018,0
2018-11-22,鳳山區,SE6 青蔥 粉蔥 ,,,,,,,,11,4,2018,1
2018-11-23,鳳山區,SE6 青蔥 粉蔥 ,23.5,23.5,23.5,23.5,3.52,84.0,-33.33,11,5,2018,0
2018-11-24,鳳山區,SE6 青蔥 粉蔥 ,,,,,,,,11,6,2018,1
2018-11-25,鳳山區,SE6 青蔥 粉蔥 ,23.5,14.0,8.2,14.7,-37.45,294.0,250.0,11,7,2018,0
2018-11-26,鳳山區,SE6 青蔥 粉蔥 ,,,,,,,,11,1,2018,1
2018-11-27,鳳山區,SE6 青蔥 粉蔥 ,23.5,23.4,23.4,23.5,59.86,105.0,-64.29,11,2,2018,0
2018-11-28,鳳山區,SE6 青蔥 粉蔥 ,23.5,23.5,23.5,23.5,0.0,126.0,20.0,11,3,2018,0
2018-11-29,鳳山區,SE6 青蔥 粉蔥 ,23.5,23.5,23.5,23.5,0.0,126.0,0.0,11,4,2018,0
2018-11-30,鳳山區,SE6 青蔥 粉蔥 ,23.5,23.4,23.4,23.5,0.0,105.0,-16.67,11,5,2018,0
2018-12-01,鳳山區,SE6 青蔥 粉蔥 ,,,,,,,,12,6,2018,1
2018-12-02,鳳山區,SE6 青蔥 粉蔥 ,23.5,18.4,4.9,16.7,-28.94,165.0,57.14,12,7,2018,0
2018-12-03,鳳山區,SE6 青蔥 粉蔥 ,,,,,,,,12,1,2018,1
2018-12-04,鳳山區,SE6 青蔥 粉蔥 ,23.5,19.7,4.9,17.5,4.79,169.0,2.42,12,2,2018,0
2018-12-05,鳳山區,SE6 青蔥 粉蔥 ,23.5,23.4,23.4,23.5,34.29,105.0,-37.87,12,3,2018,0
2018-12-06,鳳山區,SE6 青蔥 粉蔥 ,23.5,23.5,8.6,20.5,-12.77,125.0,19.05,12,4,2018,0
2018-12-07,鳳山區,SE6 青蔥 粉蔥 ,23.5,21.3,12.3,20.0,-2.44,153.0,22.4,12,5,2018,0
2018-12-08,鳳山區,SE6 青蔥 粉蔥 ,23.5,15.2,7.0,15.3,-23.5,210.0,37.25,12,6,2018,0
2018-12-09,鳳山區,SE6 青蔥 粉蔥 ,,,,,,,,12,7,2018,1
2018-12-10,鳳山區,SE6 青蔥 粉蔥 ,,,,,,,,12,1,2018,1
2018-12-11,鳳山區,SE6 青蔥 粉蔥 ,,,,,,,,12,2,2018,1
2018-12-12,鳳山區,SE6 青蔥 粉蔥 ,23.5,23.5,23.5,23.5,53.59,126.0,-40.0,12,3,2018,0
2018-12-13,鳳山區,SE6 青蔥 粉蔥 ,23.5,22.9,21.1,22.7,-3.4,126.0,0.0,12,4,2018,0
2018-12-14,鳳山區,SE6 青蔥 粉蔥 ,,,,,,,,12,5,2018,1
2018-12-15,鳳山區,SE6 青蔥 粉蔥 ,23.5,23.4,23.4,23.5,3.52,105.0,-16.67,12,6,2018,0
2018-12-16,鳳山區,SE6 青蔥 粉蔥 ,23.5,23.4,23.4,23.5,0.0,105.0,0.0,12,7,2018,0
2018-12-17,鳳山區,SE6 青蔥 粉蔥 ,,,,,,,,12,1,2018,1
2018-12-18,鳳山區,SE6 青蔥 粉蔥 ,23.6,23.4,23.4,23.5,0.0,63.0,-40.0,12,2,2018,0
2018-12-19,鳳山區,SE6 青蔥 粉蔥 ,24.9,24.9,24.8,24.9,5.96,63.0,0.0,12,3,2018,0
2018-12-20,鳳山區,SE6 青蔥 粉蔥 ,,,,,,,,12,4,2018,1
2018-12-21,鳳山區,SE6 青蔥 粉蔥 ,,,,,,,,12,5,2018,1
2018-12-22,鳳山區,SE6 青蔥 粉蔥 ,,,,,,,,12,6,2018,1
2018-12-23,鳳山區,SE6 青蔥 粉蔥 ,,,,,,,,12,7,2018,1
2018-12-24,鳳山區,SE6 青蔥 粉蔥 ,,,,,,,,12,1,2018,1
2018-12-25,鳳山區,SE6 青蔥 粉蔥 ,16.5,16.4,16.4,16.4,-34.14,90.0,42.86,12,2,2018,0
2018-12-26,鳳山區,SE6 青蔥 粉蔥 ,25.8,25.8,25.8,25.8,57.32,84.0,-6.67,12,3,2018,0
2018-12-27,鳳山區,SE6 青蔥 粉蔥 ,25.9,24.1,12.3,22.1,-14.34,145.0,72.62,12,4,2018,0
2018-12-28,鳳山區,SE6 青蔥 粉蔥 ,25.8,20.4,11.7,19.8,-10.41,187.0,28.97,12,5,2018,0
2018-12-29,鳳山區,SE6 青蔥 粉蔥 ,23.5,14.1,8.4,14.9,-24.75,327.0,74.87,12,6,2018,0
2018-12-30,鳳山區,SE6 青蔥 粉蔥 ,23.5,22.0,19.7,21.8,46.31,185.0,-43.43,12,7,2018,0
2018-12-31,鳳山區,SE6 青蔥 粉蔥 ,,,,,,,,12,1,2018,1
2019-01-01,鳳山區,SE6 青蔥 粉蔥 ,25.0,24.8,16.8,23.3,6.88,125.0,-32.43,1,2,2019,0
2019-01-02,鳳山區,SE6 青蔥 粉蔥 ,25.9,25.8,25.8,25.8,10.73,63.0,-49.6,1,3,2019,0
2019-01-03,鳳山區,SE6 青蔥 粉蔥 ,26.0,25.8,25.8,25.8,0.0,63.0,0.0,1,4,2019,0
2019-01-04,鳳山區,SE6 青蔥 粉蔥 ,25.9,14.4,13.7,16.6,-35.66,369.0,485.71,1,5,2019,0
2019-01-05,鳳山區,SE6 青蔥 粉蔥 ,25.9,20.6,16.4,20.8,25.3,135.0,-63.41,1,6,2019,0
2019-01-06,鳳山區,SE6 青蔥 粉蔥 ,25.9,21.1,16.4,21.1,1.44,210.0,55.56,1,7,2019,0
2019-01-07,鳳山區,SE6 青蔥 粉蔥 ,,,,,,,,1,1,2019,1
2019-01-08,鳳山區,SE6 青蔥 粉蔥 ,,,,,,,,1,2,2019,1
2019-01-09,鳳山區,SE6 青蔥 粉蔥 ,25.9,23.1,16.4,22.3,5.69,168.0,-20.0,1,3,2019,0
2019-01-10,鳳山區,SE6 青蔥 粉蔥 ,25.9,16.2,9.8,16.9,-24.22,286.0,70.24,1,4,2019,0
2019-01-11,鳳山區,SE6 青蔥 粉蔥 ,21.2,18.1,11.7,17.4,2.96,209.0,-26.92,1,5,2019,0
2019-01-12,鳳山區,SE6 青蔥 粉蔥 ,23.5,21.4,12.8,20.1,15.52,189.0,-9.57,1,6,2019,0
2019-01-13,鳳山區,SE6 青蔥 粉蔥 ,23.5,21.5,16.4,20.9,3.98,198.0,4.76,1,7,2019,0
2019-01-14,鳳山區,SE6 青蔥 粉蔥 ,,,,,,,,1,1,2019,1
2019-01-15,鳳山區,SE6 青蔥 粉蔥 ,21.2,14.0,11.7,15.0,-28.23,418.0,111.11,1,2,2019,0
2019-01-16,鳳山區,SE6 青蔥 粉蔥 ,21.2,17.1,14.2,17.4,16.0,247.0,-40.91,1,3,2019,0
2019-01-17,鳳山區,SE6 青蔥 粉蔥 ,21.2,16.4,11.7,16.4,-5.75,273.0,10.53,1,4,2019,0
2019-01-18,鳳山區,SE6 青蔥 粉蔥 ,23.5,23.5,23.4,23.5,43.29,105.0,-61.54,1,5,2019,0
2019-01-19,鳳山區,SE6 青蔥 粉蔥 ,21.2,21.1,21.0,21.1,-10.21,126.0,20.0,1,6,2019,0
2019-01-20,鳳山區,SE6 青蔥 粉蔥 ,18.8,15.1,4.9,13.8,-34.6,328.0,160.32,1,7,2019,0
2019-01-21,鳳山區,SE6 青蔥 粉蔥 ,,,,,,,,1,1,2019,1
2019-01-22,鳳山區,SE6 青蔥 粉蔥 ,,,,,,,,1,2,2019,1
2019-01-23,鳳山區,SE6 青蔥 粉蔥 ,21.2,12.9,8.4,13.7,-0.72,357.0,8.84,1,3,2019,0
2019-01-24,鳳山區,SE6 青蔥 粉蔥 ,23.5,16.8,11.7,17.1,24.82,250.0,-29.97,1,4,2019,0
2019-01-25,鳳山區,SE6 青蔥 粉蔥 ,23.5,22.7,17.2,21.7,26.9,145.0,-42.0,1,5,2019,0
2019-01-26,鳳山區,SE6 青蔥 粉蔥 ,23.5,16.3,14.1,17.3,-20.28,330.0,127.59,1,6,2019,0
2019-01-27,鳳山區,SE6 青蔥 粉蔥 ,23.5,21.0,17.2,20.8,20.23,185.0,-43.94,1,7,2019,0
2019-01-28,鳳山區,SE6 青蔥 粉蔥 ,,,,,,,,1,1,2019,1
2019-01-29,鳳山區,SE6 青蔥 粉蔥 ,17.3,17.3,17.3,17.3,-16.83,100.0,-45.95,1,2,2019,0
2019-01-30,鳳山區,SE6 青蔥 粉蔥 ,18.8,17.4,14.1,17.0,-1.73,165.0,65.0,1,3,2019,0
2019-01-31,鳳山區,SE6 青蔥 粉蔥 ,23.5,18.2,9.8,17.6,3.53,224.0,35.76,1,4,2019,0
2019-02-01,鳳山區,SE6 青蔥 粉蔥 ,23.5,21.5,17.2,21.0,19.32,246.0,9.82,2,5,2019,0
2019-02-02,鳳山區,SE6 青蔥 粉蔥 ,23.5,23.4,22.2,23.2,10.48,187.0,-23.98,2,6,2019,0
2019-02-03,鳳山區,SE6 青蔥 粉蔥 ,,,,,,,,2,7,2019,1
2019-02-04,鳳山區,SE6 青蔥 粉蔥 ,,,,,,,,2,1,2019,1
2019-02-05,鳳山區,SE6 青蔥 粉蔥 ,,,,,,,,2,2,2019,1
2019-02-06,鳳山區,SE6 青蔥 粉蔥 ,,,,,,,,2,3,2019,1
2019-02-07,鳳山區,SE6 青蔥 粉蔥 ,,,,,,,,2,4,2019,1
2019-02-08,鳳山區,SE6 青蔥 粉蔥 ,,,,,,,,2,5,2019,1
2019-02-09,鳳山區,SE6 青蔥 粉蔥 ,,,,,,,,2,6,2019,1
2019-02-10,鳳山區,SE6 青蔥 粉蔥 ,23.5,23.4,23.4,23.5,1.29,105.0,-43.85,2,7,2019,0
2019-02-11,鳳山區,SE6 青蔥 粉蔥 ,,,,,,,,2,1,2019,1
2019-02-12,鳳山區,SE6 青蔥 粉蔥 ,30.5,30.5,30.5,30.5,29.79,126.0,20.0,2,2,2019,0
2019-02-13,鳳山區,SE6 青蔥 粉蔥 ,,,,,,,,2,3,2019,1
2019-02-14,鳳山區,SE6 青蔥 粉蔥 ,28.2,26.3,23.4,26.1,-14.43,147.0,16.67,2,4,2019,0
2019-02-15,鳳山區,SE6 青蔥 粉蔥 ,30.5,30.5,30.5,30.5,16.86,105.0,-28.57,2,5,2019,0
2019-02-16,鳳山區,SE6 青蔥 粉蔥 ,28.2,23.3,13.2,22.2,-27.21,206.0,96.19,2,6,2019,0
2019-02-17,鳳山區,SE6 青蔥 粉蔥 ,28.1,28.1,28.1,28.1,26.58,105.0,-49.03,2,7,2019,0
2019-02-18,鳳山區,SE6 青蔥 粉蔥 ,22.3,22.1,22.1,22.2,-21.0,60.0,-42.86,2,1,2019,0
2019-02-19,鳳山區,SE6 青蔥 粉蔥 ,28.2,26.5,22.2,26.0,17.12,165.0,175.0,2,2,2019,0
2019-02-20,鳳山區,SE6 青蔥 粉蔥 ,,,,,,,,2,3,2019,1
2019-02-21,鳳山區,SE6 青蔥 粉蔥 ,,,,,,,,2,4,2019,1
2019-02-22,鳳山區,SE6 青蔥 粉蔥 ,25.9,24.9,19.7,24.0,-7.69,207.0,25.45,2,5,2019,0
2019-02-23,鳳山區,SE6 青蔥 粉蔥 ,,,,,,,,2,6,2019,1
2019-02-24,鳳山區,SE6 青蔥 粉蔥 ,26.0,25.8,25.8,25.8,7.5,105.0,-49.28,2,7,2019,0
2019-02-25,鳳山區,SE6 青蔥 粉蔥 ,,,,,,,,2,1,2019,1
2019-02-26,鳳山區,SE6 青蔥 粉蔥 ,,,,,,,,2,2,2019,1
2019-02-27,鳳山區,SE6 青蔥 粉蔥 ,28.1,28.1,28.1,28.1,8.91,105.0,0.0,2,3,2019,0
2019-02-28,鳳山區,SE6 青蔥 粉蔥 ,12.4,12.3,12.3,12.3,-56.23,100.0,-4.76,2,4,2019,0
2019-03-01,鳳山區,SE6 青蔥 粉蔥 ,14.9,14.8,14.8,14.8,20.33,80.0,-20.0,3,5,2019,0
2019-03-02,鳳山區,SE6 青蔥 粉蔥 ,12.3,10.7,9.9,10.8,-27.03,100.0,25.0,3,6,2019,0
2019-03-03,鳳山區,SE6 青蔥 粉蔥 ,,,,,,,,3,7,2019,1
2019-03-04,鳳山區,SE6 青蔥 粉蔥 ,,,,,,,,3,1,2019,1
2019-03-05,鳳山區,SE6 青蔥 粉蔥 ,20.0,19.7,19.5,19.7,82.41,20.0,-80.0,3,2,2019,0
2019-03-06,鳳山區,SE6 青蔥 粉蔥 ,,,,,,,,3,3,2019,1
2019-03-07,鳳山區,SE6 青蔥 粉蔥 ,,,,,,,,3,4,2019,1
2019-03-08,鳳山區,SE6 青蔥 粉蔥 ,,,,,,,,3,5,2019,1
2019-03-09,鳳山區,SE6 青蔥 粉蔥 ,,,,,,,,3,6,2019,1
2019-03-10,鳳山區,SE6 青蔥 粉蔥 ,,,,,,,,3,7,2019,1
2019-03-11,鳳山區,SE6 青蔥 粉蔥 ,,,,,,,,3,1,2019,1
2019-03-12,鳳山區,SE6 青蔥 粉蔥 ,,,,,,,,3,2,2019,1
2019-03-13,鳳山區,SE6 青蔥 粉蔥 ,,,,,,,,3,3,2019,1
2019-03-14,鳳山區,SE6 青蔥 粉蔥 ,24.7,24.6,24.6,24.6,24.87,72.0,260.0,3,4,2019,0
2019-03-15,鳳山區,SE6 青蔥 粉蔥 ,,,,,,,,3,5,2019,1
2019-03-16,鳳山區,SE6 青蔥 粉蔥 ,33.0,32.8,32.7,32.8,33.33,42.0,-41.67,3,6,2019,0
2019-03-17,鳳山區,SE6 青蔥 粉蔥 ,,,,,,,,3,7,2019,1
2019-03-18,鳳山區,SE6 青蔥 粉蔥 ,,,,,,,,3,1,2019,1
2019-03-19,鳳山區,SE6 青蔥 粉蔥 ,32.9,19.9,7.0,19.9,-39.33,210.0,400.0,3,2,2019,0
2019-03-20,鳳山區,SE6 青蔥 粉蔥 ,28.2,26.7,20.5,25.8,29.65,153.0,-27.14,3,3,2019,0
2019-03-21,鳳山區,SE6 青蔥 粉蔥 ,26.0,25.8,25.8,25.8,0.0,105.0,-31.37,3,4,2019,0
2019-03-22,鳳山區,SE6 青蔥 粉蔥 ,28.2,27.8,25.8,27.5,6.59,147.0,40.0,3,5,2019,0
2019-03-23,鳳山區,SE6 青蔥 粉蔥 ,,,,,,,,3,6,2019,1
2019-03-24,鳳山區,SE6 青蔥 粉蔥 ,25.9,20.3,9.4,19.2,-30.18,210.0,42.86,3,7,2019,0
2019-03-25,鳳山區,SE6 青蔥 粉蔥 ,,,,,,,,3,1,2019,1
2019-03-26,鳳山區,SE6 青蔥 粉蔥 ,21.2,21.1,21.1,21.1,9.9,105.0,-50.0,3,2,2019,0
2019-03-27,鳳山區,SE6 青蔥 粉蔥 ,23.5,23.4,23.4,23.5,11.37,105.0,0.0,3,3,2019,0
2019-03-28,鳳山區,SE6 青蔥 粉蔥 ,23.5,23.4,23.4,23.5,0.0,105.0,0.0,3,4,2019,0
2019-03-29,鳳山區,SE6 青蔥 粉蔥 ,23.5,23.4,23.4,23.5,0.0,105.0,0.0,3,5,2019,0
2019-03-30,鳳山區,SE6 青蔥 粉蔥 ,23.5,23.0,19.9,22.5,-4.26,195.0,85.71,3,6,2019,0
2019-03-31,鳳山區,SE6 青蔥 粉蔥 ,23.5,18.6,11.8,18.2,-19.11,219.0,12.31,3,7,2019,0
2019-04-01,鳳山區,SE6 青蔥 粉蔥 ,,,,,,,,4,1,2019,1
2019-04-02,鳳山區,SE6 青蔥 粉蔥 ,23.5,22.4,20.5,22.3,22.53,177.0,-19.18,4,2,2019,0
2019-04-03,鳳山區,SE6 青蔥 粉蔥 ,23.5,23.3,15.7,21.8,-2.24,228.0,28.81,4,3,2019,0
2019-04-04,鳳山區,SE6 青蔥 粉蔥 ,23.5,21.9,19.7,21.8,0.0,226.0,-0.88,4,4,2019,0
2019-04-05,鳳山區,SE6 青蔥 粉蔥 ,,,,,,,,4,5,2019,1
2019-04-06,鳳山區,SE6 青蔥 粉蔥 ,,,,,,,,4,6,2019,1
2019-04-07,鳳山區,SE6 青蔥 粉蔥 ,,,,,,,,4,7,2019,1
2019-04-08,鳳山區,SE6 青蔥 粉蔥 ,,,,,,,,4,1,2019,1
2019-04-09,鳳山區,SE6 青蔥 粉蔥 ,23.5,23.5,23.5,23.5,7.8,168.0,-25.66,4,2,2019,0
2019-04-10,鳳山區,SE6 青蔥 粉蔥 ,23.5,23.5,23.5,23.5,0.0,168.0,0.0,4,3,2019,0
2019-04-11,鳳山區,SE6 青蔥 粉蔥 ,23.5,23.5,23.5,23.5,0.0,168.0,0.0,4,4,2019,0
2019-04-12,鳳山區,SE6 青蔥 粉蔥 ,21.8,18.4,14.1,18.2,-22.55,381.0,126.79,4,5,2019,0
2019-04-13,鳳山區,SE6 青蔥 粉蔥 ,21.3,21.1,21.0,21.1,15.93,168.0,-55.91,4,6,2019,0
2019-04-14,鳳山區,SE6 青蔥 粉蔥 ,21.2,20.2,13.5,19.1,-9.48,388.0,130.95,4,7,2019,0
2019-04-15,鳳山區,SE6 青蔥 粉蔥 ,,,,,,,,4,1,2019,1
2019-04-16,鳳山區,SE6 青蔥 粉蔥 ,18.9,18.7,17.1,18.4,-3.66,294.0,-24.23,4,2,2019,0
2019-04-17,鳳山區,SE6 青蔥 粉蔥 ,21.2,21.1,16.0,20.1,9.24,250.0,-14.97,4,3,2019,0
2019-04-18,鳳山區,SE6 青蔥 粉蔥 ,23.5,22.8,13.4,21.1,4.98,229.0,-8.4,4,4,2019,0
2019-04-19,鳳山區,SE6 青蔥 粉蔥 ,21.2,16.5,11.2,16.4,-22.27,430.0,87.77,4,5,2019,0
2019-04-20,鳳山區,SE6 青蔥 粉蔥 ,23.5,20.9,8.7,19.0,15.85,275.0,-36.05,4,6,2019,0
2019-04-21,鳳山區,SE6 青蔥 粉蔥 ,,,,,,,,4,7,2019,1
2019-04-22,鳳山區,SE6 青蔥 粉蔥 ,,,,,,,,4,1,2019,1
2019-04-23,鳳山區,SE6 青蔥 粉蔥 ,23.5,23.5,23.5,23.5,23.68,210.0,-23.64,4,2,2019,0
2019-04-24,鳳山區,SE6 青蔥 粉蔥 ,23.5,21.3,21.1,21.7,-7.66,168.0,-20.0,4,3,2019,0
2019-04-25,鳳山區,SE6 青蔥 粉蔥 ,23.5,23.1,19.7,22.5,3.69,228.0,35.71,4,4,2019,0
2019-04-26,鳳山區,SE6 青蔥 粉蔥 ,21.2,21.1,15.0,19.9,-11.56,208.0,-8.77,4,5,2019,0
2019-04-27,鳳山區,SE6 青蔥 粉蔥 ,21.3,21.1,21.0,21.1,6.03,168.0,-19.23,4,6,2019,0
2019-04-28,鳳山區,SE6 青蔥 粉蔥 ,21.2,21.1,13.8,19.7,-6.64,188.0,11.9,4,7,2019,0
2019-04-29,鳳山區,SE6 青蔥 粉蔥 ,,,,,,,,4,1,2019,1
2019-04-30,鳳山區,SE6 青蔥 粉蔥 ,23.0,13.5,4.9,13.7,-30.46,410.0,118.09,4,2,2019,0
2019-05-01,鳳山區,SE6 青蔥 粉蔥 ,25.8,15.0,7.4,15.7,14.6,450.0,9.76,5,3,2019,0
2019-05-02,鳳山區,SE6 青蔥 粉蔥 ,25.9,25.8,23.8,25.4,61.78,252.0,-44.0,5,4,2019,0
2019-05-03,鳳山區,SE6 青蔥 粉蔥 ,25.9,25.8,23.8,25.4,0.0,252.0,0.0,5,5,2019,0
2019-05-04,鳳山區,SE6 青蔥 粉蔥 ,25.9,23.2,19.7,23.0,-9.45,394.0,56.35,5,6,2019,0
2019-05-05,鳳山區,SE6 青蔥 粉蔥 ,25.9,25.8,16.7,24.0,4.35,230.0,-41.62,5,7,2019,0
2019-05-06,鳳山區,SE6 青蔥 粉蔥 ,,,,,,,,5,1,2019,1
2019-05-07,鳳山區,SE6 青蔥 粉蔥 ,,,,,,,,5,2,2019,1
2019-05-08,鳳山區,SE6 青蔥 粉蔥 ,28.2,15.0,6.1,15.8,-34.17,286.0,24.35,5,3,2019,0
2019-05-09,鳳山區,SE6 青蔥 粉蔥 ,32.9,11.4,7.4,14.9,-5.7,142.0,-50.35,5,4,2019,0
2019-05-10,鳳山區,SE6 青蔥 粉蔥 ,26.1,17.8,7.4,17.4,16.78,349.0,145.77,5,5,2019,0
2019-05-11,鳳山區,SE6 青蔥 粉蔥 ,25.8,19.1,16.4,19.9,14.37,332.0,-4.87,5,6,2019,0
2019-05-12,鳳山區,SE6 青蔥 粉蔥 ,22.2,13.3,11.7,14.7,-26.13,371.0,11.75,5,7,2019,0
2019-05-13,鳳山區,SE6 青蔥 粉蔥 ,,,,,,,,5,1,2019,1
2019-05-14,鳳山區,SE6 青蔥 粉蔥 ,4.2,4.1,4.1,4.1,-72.11,48.0,-87.06,5,2,2019,0
2019-05-15,鳳山區,SE6 青蔥 粉蔥 ,23.6,23.4,23.4,23.5,473.17,63.0,31.25,5,3,2019,0
2019-05-16,鳳山區,SE6 青蔥 粉蔥 ,,,,,,,,5,4,2019,1
2019-05-17,鳳山區,SE6 青蔥 粉蔥 ,21.2,21.1,21.1,21.1,-10.21,105.0,66.67,5,5,2019,0
2019-05-18,鳳山區,SE6 青蔥 粉蔥 ,21.3,21.1,15.2,20.0,-5.21,164.0,56.19,5,6,2019,0
2019-05-19,鳳山區,SE6 青蔥 粉蔥 ,16.5,16.4,16.4,16.4,-18.0,273.0,66.46,5,7,2019,0
2019-05-20,鳳山區,SE6 青蔥 粉蔥 ,,,,,,,,5,1,2019,1
2019-05-21,鳳山區,SE6 青蔥 粉蔥 ,,,,,,,,5,2,2019,1
2019-05-22,鳳山區,SE6 青蔥 粉蔥 ,25.9,25.8,25.8,25.8,57.32,63.0,-76.92,5,3,2019,0
2019-05-23,鳳山區,SE6 青蔥 粉蔥 ,26.0,25.0,23.5,24.9,-3.49,103.0,63.49,5,4,2019,0
2019-05-24,鳳山區,SE6 青蔥 粉蔥 ,23.5,23.4,23.4,23.5,-5.62,105.0,1.94,5,5,2019,0
2019-05-25,鳳山區,SE6 青蔥 粉蔥 ,23.6,20.9,17.2,20.7,-11.91,145.0,38.1,5,6,2019,0
2019-05-26,鳳山區,SE6 青蔥 粉蔥 ,20.6,16.0,14.0,16.5,-20.29,280.0,93.1,5,7,2019,0
2019-05-27,鳳山區,SE6 青蔥 粉蔥 ,,,,,,,,5,1,2019,1
2019-05-28,鳳山區,SE6 青蔥 粉蔥 ,17.3,17.3,17.3,17.3,4.85,40.0,-85.71,5,2,2019,0
2019-05-29,鳳山區,SE6 青蔥 粉蔥 ,19.9,19.7,19.6,19.7,13.87,40.0,0.0,5,3,2019,0
2019-05-30,鳳山區,SE6 青蔥 粉蔥 ,,,,,,,,5,4,2019,1
2019-05-31,鳳山區,SE6 青蔥 粉蔥 ,24.7,23.2,14.8,21.8,10.66,140.0,250.0,5,5,2019,0
2019-06-01,鳳山區,SE6 青蔥 粉蔥 ,19.7,19.4,16.8,18.9,-13.3,203.0,45.0,6,6,2019,0
2019-06-02,鳳山區,SE6 青蔥 粉蔥 ,22.2,21.8,21.0,21.8,15.34,163.0,-19.7,6,7,2019,0
2019-06-03,鳳山區,SE6 青蔥 粉蔥 ,,,,,,,,6,1,2019,1
2019-06-04,鳳山區,SE6 青蔥 粉蔥 ,23.5,17.2,9.8,17.0,-22.02,203.0,24.54,6,2,2019,0
2019-06-05,鳳山區,SE6 青蔥 粉蔥 ,,,,,,,,6,3,2019,1
2019-06-06,鳳山區,SE6 青蔥 粉蔥 ,21.2,19.2,12.3,18.2,7.06,268.0,32.02,6,4,2019,0
2019-06-07,鳳山區,SE6 青蔥 粉蔥 ,21.0,17.1,12.3,17.0,-6.59,343.0,27.99,6,5,2019,0
2019-06-08,鳳山區,SE6 青蔥 粉蔥 ,19.7,19.7,19.7,19.7,15.88,175.0,-48.98,6,6,2019,0
2019-06-09,鳳山區,SE6 青蔥 粉蔥 ,,,,,,,,6,7,2019,1
2019-06-10,鳳山區,SE6 青蔥 粉蔥 ,,,,,,,,6,1,2019,1
2019-06-11,鳳山區,SE6 青蔥 粉蔥 ,,,,,,,,6,2,2019,1
2019-06-12,鳳山區,SE6 青蔥 粉蔥 ,,,,,,,,6,3,2019,1
2019-06-13,鳳山區,SE6 青蔥 粉蔥 ,,,,,,,,6,4,2019,1
2019-06-14,鳳山區,SE6 青蔥 粉蔥 ,19.9,19.7,19.7,19.7,0.0,50.0,-71.43,6,5,2019,0
2019-06-15,鳳山區,SE6 青蔥 粉蔥 ,24.7,19.9,19.7,20.8,5.58,97.0,94.0,6,6,2019,0
2019-06-16,鳳山區,SE6 青蔥 粉蔥 ,19.8,19.7,19.7,19.7,-5.29,149.0,53.61,6,7,2019,0
2019-06-17,鳳山區,SE6 青蔥 粉蔥 ,,,,,,,,6,1,2019,1
2019-06-18,鳳山區,SE6 青蔥 粉蔥 ,22.3,18.7,17.8,19.2,-2.54,200.0,34.23,6,2,2019,0
2019-06-19,鳳山區,SE6 青蔥 粉蔥 ,,,,,,,,6,3,2019,1
2019-06-20,鳳山區,SE6 青蔥 粉蔥 ,18.8,18.2,17.7,18.2,-5.21,276.0,38.0,6,4,2019,0
2019-06-21,鳳山區,SE6 青蔥 粉蔥 ,18.0,17.4,15.7,17.1,-6.04,342.0,23.91,6,5,2019,0
2019-06-22,鳳山區,SE6 青蔥 粉蔥 ,17.8,15.7,9.4,14.8,-13.45,359.0,4.97,6,6,2019,0
2019-06-23,鳳山區,SE6 青蔥 粉蔥 ,16.2,16.0,12.8,15.4,4.05,450.0,25.35,6,7,2019,0
2019-06-24,鳳山區,SE6 青蔥 粉蔥 ,,,,,,,,6,1,2019,1
2019-06-25,鳳山區,SE6 青蔥 粉蔥 ,16.2,15.4,12.8,15.0,-2.6,300.0,-33.33,6,2,2019,0
2019-06-26,鳳山區,SE6 青蔥 粉蔥 ,22.4,14.3,8.0,14.7,-2.0,430.0,43.33,6,3,2019,0
2019-06-27,鳳山區,SE6 青蔥 粉蔥 ,25.4,21.3,16.2,21.1,43.54,226.0,-47.44,6,4,2019,0
2019-06-28,鳳山區,SE6 青蔥 粉蔥 ,24.9,18.0,14.6,18.7,-11.37,385.0,70.35,6,5,2019,0
2019-06-29,鳳山區,SE6 青蔥 粉蔥 ,24.9,19.1,15.8,19.6,4.81,252.0,-34.55,6,6,2019,0
2019-06-30,鳳山區,SE6 青蔥 粉蔥 ,24.9,19.0,14.3,19.2,-2.04,322.0,27.78,6,7,2019,0
2019-07-01,鳳山區,SE6 青蔥 粉蔥 ,,,,,,,,7,1,2019,1
2019-07-02,鳳山區,SE6 青蔥 粉蔥 ,24.9,17.6,15.5,18.6,-3.12,357.0,10.87,7,2,2019,0
2019-07-03,鳳山區,SE6 青蔥 粉蔥 ,25.9,25.1,21.1,24.5,31.72,147.0,-58.82,7,3,2019,0
2019-07-04,鳳山區,SE6 青蔥 粉蔥 ,38.3,32.5,21.2,31.4,28.16,494.0,236.05,7,4,2019,0
2019-07-05,鳳山區,SE6 青蔥 粉蔥 ,,,,,,,,7,5,2019,1
2019-07-06,鳳山區,SE6 青蔥 粉蔥 ,25.9,23.8,17.7,23.0,-26.75,285.0,-42.31,7,6,2019,0
2019-07-07,鳳山區,SE6 青蔥 粉蔥 ,25.5,20.0,15.8,20.3,-11.74,377.0,32.28,7,7,2019,0
2019-07-08,鳳山區,SE6 青蔥 粉蔥 ,,,,,,,,7,1,2019,1
2019-07-09,鳳山區,SE6 青蔥 粉蔥 ,27.8,24.0,20.4,24.0,18.23,250.0,-33.69,7,2,2019,0
2019-07-10,鳳山區,SE6 青蔥 粉蔥 ,25.9,24.1,18.0,23.2,-3.33,229.0,-8.4,7,3,2019,0
2019-07-11,鳳山區,SE6 青蔥 粉蔥 ,25.9,23.4,17.3,22.7,-2.16,237.0,3.49,7,4,2019,0
2019-07-12,鳳山區,SE6 青蔥 粉蔥 ,25.9,24.3,23.4,24.5,7.93,147.0,-37.97,7,5,2019,0
2019-07-13,鳳山區,SE6 青蔥 粉蔥 ,25.8,24.2,23.5,24.4,-0.41,210.0,42.86,7,6,2019,0
2019-07-14,鳳山區,SE6 青蔥 粉蔥 ,23.6,20.8,15.9,20.4,-16.39,281.0,33.81,7,7,2019,0
2019-07-15,鳳山區,SE6 青蔥 粉蔥 ,,,,,,,,7,1,2019,1
2019-07-16,鳳山區,SE6 青蔥 粉蔥 ,25.9,24.9,17.2,23.5,15.2,270.0,-3.91,7,2,2019,0
2019-07-17,鳳山區,SE6 青蔥 粉蔥 ,24.6,22.1,17.7,21.7,-7.66,229.0,-15.19,7,3,2019,0
2019-07-18,鳳山區,SE6 青蔥 粉蔥 ,,,,,,,,7,4,2019,1
2019-07-19,鳳山區,SE6 青蔥 粉蔥 ,,,,,,,,7,5,2019,1
2019-07-20,鳳山區,SE6 青蔥 粉蔥 ,20.0,19.7,19.5,19.7,-9.22,20.0,-91.27,7,6,2019,0
2019-07-21,鳳山區,SE6 青蔥 粉蔥 ,20.0,19.7,19.5,19.7,0.0,20.0,0.0,7,7,2019,0
2019-07-22,鳳山區,SE6 青蔥 粉蔥 ,,,,,,,,7,1,2019,1
2019-07-23,鳳山區,SE6 青蔥 粉蔥 ,19.9,19.7,19.6,19.7,0.0,40.0,100.0,7,2,2019,0
2019-07-24,鳳山區,SE6 青蔥 粉蔥 ,20.0,19.7,19.5,19.7,0.0,20.0,-50.0,7,3,2019,0
2019-07-25,鳳山區,SE6 青蔥 粉蔥 ,25.7,25.6,25.6,25.6,29.95,100.0,400.0,7,4,2019,0
2019-07-26,鳳山區,SE6 青蔥 粉蔥 ,17.3,17.3,17.3,17.3,-32.42,20.0,-80.0,7,5,2019,0
2019-07-27,鳳山區,SE6 青蔥 粉蔥 ,7.8,7.3,7.3,7.4,-57.23,20.0,0.0,7,6,2019,0
2019-07-28,鳳山區,SE6 青蔥 粉蔥 ,7.8,7.3,7.3,7.4,0.0,20.0,0.0,7,7,2019,0
2019-07-29,鳳山區,SE6 青蔥 粉蔥 ,,,,,,,,7,1,2019,1
2019-07-30,鳳山區,SE6 青蔥 粉蔥 ,,,,,,,,7,2,2019,1
2019-07-31,鳳山區,SE6 青蔥 粉蔥 ,,,,,,,,7,3,2019,1
2019-08-01,鳳山區,SE6 青蔥 粉蔥 ,,,,,,,,8,4,2019,1
2019-08-02,鳳山區,SE6 青蔥 粉蔥 ,,,,,,,,8,5,2019,1
2019-08-03,鳳山區,SE6 青蔥 粉蔥 ,,,,,,,,8,6,2019,1
2019-08-04,鳳山區,SE6 青蔥 粉蔥 ,,,,,,,,8,7,2019,1
2019-08-05,鳳山區,SE6 青蔥 粉蔥 ,,,,,,,,8,1,2019,1
2019-08-06,鳳山區,SE6 青蔥 粉蔥 ,,,,,,,,8,2,2019,1
2019-08-07,鳳山區,SE6 青蔥 粉蔥 ,,,,,,,,8,3,2019,1
2019-08-08,鳳山區,SE6 青蔥 粉蔥 ,,,,,,,,8,4,2019,1
2019-08-09,鳳山區,SE6 青蔥 粉蔥 ,,,,,,,,8,5,2019,1
2019-08-10,鳳山區,SE6 青蔥 粉蔥 ,34.6,30.6,29.5,31.2,321.62,60.0,200.0,8,6,2019,0
2019-08-11,鳳山區,SE6 青蔥 粉蔥 ,35.6,35.4,35.4,35.5,13.78,50.0,-16.67,8,7,2019,0
2019-08-12,鳳山區,SE6 青蔥 粉蔥 ,,,,,,,,8,1,2019,1
2019-08-13,鳳山區,SE6 青蔥 粉蔥 ,59.3,49.0,35.5,48.4,36.34,55.0,10.0,8,2,2019,0
2019-08-14,鳳山區,SE6 青蔥 粉蔥 ,39.4,39.4,39.4,39.4,-18.6,50.0,-9.09,8,3,2019,0
2019-08-15,鳳山區,SE6 青蔥 粉蔥 ,,,,,,,,8,4,2019,1
2019-08-16,鳳山區,SE6 青蔥 粉蔥 ,,,,,,,,8,5,2019,1
2019-08-17,鳳山區,SE6 青蔥 粉蔥 ,,,,,,,,8,6,2019,1
2019-08-18,鳳山區,SE6 青蔥 粉蔥 ,74.3,73.8,73.8,73.9,87.56,20.0,-60.0,8,7,2019,0
2019-08-19,鳳山區,SE6 青蔥 粉蔥 ,,,,,,,,8,1,2019,1
2019-08-20,鳳山區,SE6 青蔥 粉蔥 ,59.2,59.1,59.1,59.1,-20.03,50.0,150.0,8,2,2019,0
2019-08-21,鳳山區,SE6 青蔥 粉蔥 ,,,,,,,,8,3,2019,1
2019-08-22,鳳山區,SE6 青蔥 粉蔥 ,,,,,,,,8,4,2019,1
2019-08-23,鳳山區,SE6 青蔥 粉蔥 ,,,,,,,,8,5,2019,1
2019-08-24,鳳山區,SE6 青蔥 粉蔥 ,,,,,,,,8,6,2019,1
2019-08-25,鳳山區,SE6 青蔥 粉蔥 ,,,,,,,,8,7,2019,1
2019-08-26,鳳山區,SE6 青蔥 粉蔥 ,,,,,,,,8,1,2019,1
2019-08-27,鳳山區,SE6 青蔥 粉蔥 ,,,,,,,,8,2,2019,1
2019-08-28,鳳山區,SE6 青蔥 粉蔥 ,,,,,,,,8,3,2019,1
2019-08-29,鳳山區,SE6 青蔥 粉蔥 ,,,,,,,,8,4,2019,1
2019-08-30,鳳山區,SE6 青蔥 粉蔥 ,,,,,,,,8,5,2019,1
2019-08-31,鳳山區,SE6 青蔥 粉蔥 ,,,,,,,,8,6,2019,1
2019-09-01,鳳山區,SE6 青蔥 粉蔥 ,,,,,,,,9,7,2019,1
2019-09-02,鳳山區,SE6 青蔥 粉蔥 ,,,,,,,,9,1,2019,1
2019-09-03,鳳山區,SE6 青蔥 粉蔥 ,,,,,,,,9,2,2019,1
2019-09-04,鳳山區,SE6 青蔥 粉蔥 ,,,,,,,,9,3,2019,1
2019-09-05,鳳山區,SE6 青蔥 粉蔥 ,,,,,,,,9,4,2019,1
2019-09-06,鳳山區,SE6 青蔥 粉蔥 ,,,,,,,,9,5,2019,1
2019-09-07,鳳山區,SE6 青蔥 粉蔥 ,,,,,,,,9,6,2019,1
2019-09-08,鳳山區,SE6 青蔥 粉蔥 ,,,,,,,,9,7,2019,1
2019-09-09,鳳山區,SE6 青蔥 粉蔥 ,,,,,,,,9,1,2019,1
2019-09-10,鳳山區,SE6 青蔥 粉蔥 ,128.2,128.1,128.0,128.1,116.75,50.0,0.0,9,2,2019,0
2019-09-11,鳳山區,SE6 青蔥 粉蔥 ,128.2,128.1,128.0,128.1,0.0,50.0,0.0,9,3,2019,0
2019-09-12,鳳山區,SE6 青蔥 粉蔥 ,98.6,98.5,98.5,98.5,-23.11,100.0,100.0,9,4,2019,0
2019-09-13,鳳山區,SE6 青蔥 粉蔥 ,98.6,98.5,98.5,98.5,0.0,50.0,-50.0,9,5,2019,0
2019-09-14,鳳山區,SE6 青蔥 粉蔥 ,,,,,,,,9,6,2019,1
2019-09-15,鳳山區,SE6 青蔥 粉蔥 ,,,,,,,,9,7,2019,1
2019-09-16,鳳山區,SE6 青蔥 粉蔥 ,,,,,,,,9,1,2019,1
2019-09-17,鳳山區,SE6 青蔥 粉蔥 ,49.4,46.8,19.7,41.9,-57.46,84.0,68.0,9,2,2019,0
2019-09-18,鳳山區,SE6 青蔥 粉蔥 ,,,,,,,,9,3,2019,1
2019-09-19,鳳山區,SE6 青蔥 粉蔥 ,,,,,,,,9,4,2019,1
2019-09-20,鳳山區,SE6 青蔥 粉蔥 ,,,,,,,,9,5,2019,1
2019-09-21,鳳山區,SE6 青蔥 粉蔥 ,,,,,,,,9,6,2019,1
2019-09-22,鳳山區,SE6 青蔥 粉蔥 ,,,,,,,,9,7,2019,1
2019-09-23,鳳山區,SE6 青蔥 粉蔥 ,,,,,,,,9,1,2019,1
2019-09-24,鳳山區,SE6 青蔥 粉蔥 ,,,,,,,,9,2,2019,1
2019-09-25,鳳山區,SE6 青蔥 粉蔥 ,,,,,,,,9,3,2019,1
2019-09-26,鳳山區,SE6 青蔥 粉蔥 ,30.0,29.5,29.4,29.6,-29.36,23.0,-72.62,9,4,2019,0
2019-09-27,鳳山區,SE6 青蔥 粉蔥 ,,,,,,,,9,5,2019,1
2019-09-28,鳳山區,SE6 青蔥 粉蔥 ,,,,,,,,9,6,2019,1
2019-09-29,鳳山區,SE6 青蔥 粉蔥 ,,,,,,,,9,7,2019,1
2019-09-30,鳳山區,SE6 青蔥 粉蔥 ,,,,,,,,9,1,2019,1
2019-10-01,鳳山區,SE6 青蔥 粉蔥 ,,,,,,,,10,2,2019,1
2019-10-02,鳳山區,SE6 青蔥 粉蔥 ,,,,,,,,10,3,2019,1
2019-10-03,鳳山區,SE6 青蔥 粉蔥 ,,,,,,,,10,4,2019,1
2019-10-04,鳳山區,SE6 青蔥 粉蔥 ,,,,,,,,10,5,2019,1
2019-10-05,鳳山區,SE6 青蔥 粉蔥 ,,,,,,,,10,6,2019,1
2019-10-06,鳳山區,SE6 青蔥 粉蔥 ,,,,,,,,10,7,2019,1
2019-10-07,鳳山區,SE6 青蔥 粉蔥 ,,,,,,,,10,1,2019,1
2019-10-08,鳳山區,SE6 青蔥 粉蔥 ,,,,,,,,10,2,2019,1
2019-10-09,鳳山區,SE6 青蔥 粉蔥 ,,,,,,,,10,3,2019,1
2019-10-10,鳳山區,SE6 青蔥 粉蔥 ,,,,,,,,10,4,2019,1
2019-10-11,鳳山區,SE6 青蔥 粉蔥 ,,,,,,,,10,5,2019,1
2019-10-12,鳳山區,SE6 青蔥 粉蔥 ,,,,,,,,10,6,2019,1
2019-10-13,鳳山區,SE6 青蔥 粉蔥 ,,,,,,,,10,7,2019,1
2019-10-14,鳳山區,SE6 青蔥 粉蔥 ,,,,,,,,10,1,2019,1
2019-10-15,鳳山區,SE6 青蔥 粉蔥 ,,,,,,,,10,2,2019,1
2019-10-16,鳳山區,SE6 青蔥 粉蔥 ,,,,,,,,10,3,2019,1
2019-10-17,鳳山區,SE6 青蔥 粉蔥 ,,,,,,,,10,4,2019,1
2019-10-18,鳳山區,SE6 青蔥 粉蔥 ,39.8,39.3,39.3,39.4,33.11,20.0,-13.04,10,5,2019,0
2019-10-19,鳳山區,SE6 青蔥 粉蔥 ,,,,,,,,10,6,2019,1
2019-10-20,鳳山區,SE6 青蔥 粉蔥 ,,,,,,,,10,7,2019,1
2019-10-21,鳳山區,SE6 青蔥 粉蔥 ,,,,,,,,10,1,2019,1
2019-10-22,鳳山區,SE6 青蔥 粉蔥 ,,,,,,,,10,2,2019,1
2019-10-23,鳳山區,SE6 青蔥 粉蔥 ,123.5,123.1,123.0,123.2,212.69,20.0,0.0,10,3,2019,0
2019-10-24,鳳山區,SE6 青蔥 粉蔥 ,,,,,,,,10,4,2019,1
2019-10-25,鳳山區,SE6 青蔥 粉蔥 ,,,,,,,,10,5,2019,1
2019-10-26,鳳山區,SE6 青蔥 粉蔥 ,,,,,,,,10,6,2019,1
2019-10-27,鳳山區,SE6 青蔥 粉蔥 ,,,,,,,,10,7,2019,1
2019-10-28,鳳山區,SE6 青蔥 粉蔥 ,,,,,,,,10,1,2019,1
2019-10-29,鳳山區,SE6 青蔥 粉蔥 ,,,,,,,,10,2,2019,1
2019-10-30,鳳山區,SE6 青蔥 粉蔥 ,,,,,,,,10,3,2019,1
2019-10-31,鳳山區,SE6 青蔥 粉蔥 ,,,,,,,,10,4,2019,1
2019-11-01,鳳山區,SE6 青蔥 粉蔥 ,98.5,98.5,98.5,98.5,-20.05,20.0,0.0,11,5,2019,0
2019-11-02,鳳山區,SE6 青蔥 粉蔥 ,,,,,,,,11,6,2019,1
2019-11-03,鳳山區,SE6 青蔥 粉蔥 ,,,,,,,,11,7,2019,1
2019-11-04,鳳山區,SE6 青蔥 粉蔥 ,,,,,,,,11,1,2019,1
2019-11-05,鳳山區,SE6 青蔥 粉蔥 ,,,,,,,,11,2,2019,1
2019-11-06,鳳山區,SE6 青蔥 粉蔥 ,,,,,,,,11,3,2019,1
2019-11-07,鳳山區,SE6 青蔥 粉蔥 ,,,,,,,,11,4,2019,1
2019-11-08,鳳山區,SE6 青蔥 粉蔥 ,,,,,,,,11,5,2019,1
2019-11-09,鳳山區,SE6 青蔥 粉蔥 ,,,,,,,,11,6,2019,1
2019-11-10,鳳山區,SE6 青蔥 粉蔥 ,,,,,,,,11,7,2019,1
2019-11-11,鳳山區,SE6 青蔥 粉蔥 ,,,,,,,,11,1,2019,1
2019-11-12,鳳山區,SE6 青蔥 粉蔥 ,,,,,,,,11,2,2019,1
2019-11-13,鳳山區,SE6 青蔥 粉蔥 ,,,,,,,,11,3,2019,1
2019-11-14,鳳山區,SE6 青蔥 粉蔥 ,,,,,,,,11,4,2019,1
2019-11-15,鳳山區,SE6 青蔥 粉蔥 ,131.7,131.4,131.2,131.4,33.4,21.0,5.0,11,5,2019,0
2019-11-16,鳳山區,SE6 青蔥 粉蔥 ,,,,,,,,11,6,2019,1
2019-11-17,鳳山區,SE6 青蔥 粉蔥 ,,,,,,,,11,7,2019,1
2019-11-18,鳳山區,SE6 青蔥 粉蔥 ,,,,,,,,11,1,2019,1
2019-11-19,鳳山區,SE6 青蔥 粉蔥 ,,,,,,,,11,2,2019,1
2019-11-20,鳳山區,SE6 青蔥 粉蔥 ,,,,,,,,11,3,2019,1
2019-11-21,鳳山區,SE6 青蔥 粉蔥 ,,,,,,,,11,4,2019,1
2019-11-22,鳳山區,SE6 青蔥 粉蔥 ,107.9,107.9,107.9,107.9,-17.88,105.0,400.0,11,5,2019,0
2019-11-23,鳳山區,SE6 青蔥 粉蔥 ,103.3,103.2,103.2,103.2,-4.36,63.0,-40.0,11,6,2019,0
2019-11-24,鳳山區,SE6 青蔥 粉蔥 ,103.3,103.2,103.2,103.2,0.0,126.0,100.0,11,7,2019,0
2019-11-25,鳳山區,SE6 青蔥 粉蔥 ,,,,,,,,11,1,2019,1
2019-11-26,鳳山區,SE6 青蔥 粉蔥 ,108.0,107.9,107.9,107.9,4.55,63.0,-50.0,11,2,2019,0
2019-11-27,鳳山區,SE6 青蔥 粉蔥 ,98.6,98.5,98.5,98.5,-8.71,63.0,0.0,11,3,2019,0
2019-11-28,鳳山區,SE6 青蔥 粉蔥 ,,,,,,,,11,4,2019,1
2019-11-29,鳳山區,SE6 青蔥 粉蔥 ,98.6,98.5,98.5,98.5,0.0,105.0,66.67,11,5,2019,0
2019-11-30,鳳山區,SE6 青蔥 粉蔥 ,98.6,98.5,98.5,98.5,0.0,63.0,-40.0,11,6,2019,0
2019-12-01,鳳山區,SE6 青蔥 粉蔥 ,69.0,69.0,69.0,69.0,-29.95,168.0,166.67,12,7,2019,0
2019-12-02,鳳山區,SE6 青蔥 粉蔥 ,,,,,,,,12,1,2019,1
2019-12-03,鳳山區,SE6 青蔥 粉蔥 ,89.2,89.1,89.1,89.1,29.13,126.0,-25.0,12,2,2019,0
2019-12-04,鳳山區,SE6 青蔥 粉蔥 ,84.5,84.4,84.4,84.5,-5.16,105.0,-16.67,12,3,2019,0
2019-12-05,鳳山區,SE6 青蔥 粉蔥 ,89.2,89.1,89.1,89.1,5.44,84.0,-20.0,12,4,2019,0
2019-12-06,鳳山區,SE6 青蔥 粉蔥 ,,,,,,,,12,5,2019,1
2019-12-07,鳳山區,SE6 青蔥 粉蔥 ,,,,,,,,12,6,2019,1
2019-12-08,鳳山區,SE6 青蔥 粉蔥 ,64.2,58.1,39.4,55.6,-37.6,61.0,-27.38,12,7,2019,0
2019-12-09,鳳山區,SE6 青蔥 粉蔥 ,,,,,,,,12,1,2019,1
2019-12-10,鳳山區,SE6 青蔥 粉蔥 ,70.5,70.4,70.4,70.4,26.62,42.0,-31.15,12,2,2019,0
2019-12-11,鳳山區,SE6 青蔥 粉蔥 ,,,,,,,,12,3,2019,1
2019-12-12,鳳山區,SE6 青蔥 粉蔥 ,,,,,,,,12,4,2019,1
2019-12-13,鳳山區,SE6 青蔥 粉蔥 ,64.1,64.0,64.0,64.0,-9.09,60.0,42.86,12,5,2019,0
2019-12-14,鳳山區,SE6 青蔥 粉蔥 ,59.6,59.0,58.9,59.1,-7.66,22.0,-63.33,12,6,2019,0
2019-12-15,鳳山區,SE6 青蔥 粉蔥 ,49.4,49.2,49.2,49.3,-16.58,50.0,127.27,12,7,2019,0
2019-12-16,鳳山區,SE6 青蔥 粉蔥 ,,,,,,,,12,1,2019,1
2019-12-17,鳳山區,SE6 青蔥 粉蔥 ,59.2,58.8,58.6,58.9,19.47,113.0,126.0,12,2,2019,0
2019-12-18,鳳山區,SE6 青蔥 粉蔥 ,61.0,58.0,19.7,50.9,-13.58,178.0,57.52,12,3,2019,0
2019-12-19,鳳山區,SE6 青蔥 粉蔥 ,56.4,44.5,39.4,45.8,-10.02,166.0,-6.74,12,4,2019,0
2019-12-20,鳳山區,SE6 青蔥 粉蔥 ,44.6,37.5,19.7,35.4,-22.71,174.0,4.82,12,5,2019,0
2019-12-21,鳳山區,SE6 青蔥 粉蔥 ,44.6,16.0,0.5,18.6,-47.46,204.0,17.24,12,6,2019,0
2019-12-22,鳳山區,SE6 青蔥 粉蔥 ,49.4,45.1,17.7,40.5,117.74,168.0,-17.65,12,7,2019,0
2019-12-23,鳳山區,SE6 青蔥 粉蔥 ,,,,,,,,12,1,2019,1
2019-12-24,鳳山區,SE6 青蔥 粉蔥 ,49.3,43.6,39.9,44.0,8.64,113.0,-32.74,12,2,2019,0
2019-12-25,鳳山區,SE6 青蔥 粉蔥 ,49.3,49.3,49.3,49.3,12.05,75.0,-33.63,12,3,2019,0
2019-12-26,鳳山區,SE6 青蔥 粉蔥 ,39.5,36.4,20.5,33.9,-31.24,163.0,117.33,12,4,2019,0
2019-12-27,鳳山區,SE6 青蔥 粉蔥 ,39.5,37.4,35.5,37.4,10.32,104.0,-36.2,12,5,2019,0
2019-12-28,鳳山區,SE6 青蔥 粉蔥 ,,,,,,,,12,6,2019,1
2019-12-29,鳳山區,SE6 青蔥 粉蔥 ,39.9,30.6,19.7,30.3,-18.98,171.0,64.42,12,7,2019,0
2019-12-30,鳳山區,SE6 青蔥 粉蔥 ,,,,,,,,12,1,2019,1
2019-12-31,鳳山區,SE6 青蔥 粉蔥 ,49.4,49.2,49.2,49.3,62.71,63.0,-63.16,12,2,2019,0
2020-01-01,鳳山區,SE6 青蔥 粉蔥 ,44.6,44.6,44.5,44.6,-9.53,84.0,33.33,1,3,2020,0
2020-01-02,鳳山區,SE6 青蔥 粉蔥 ,44.6,37.4,19.7,35.3,-20.85,134.0,59.52,1,4,2020,0
2020-01-03,鳳山區,SE6 青蔥 粉蔥 ,44.6,33.3,19.7,32.8,-7.08,159.0,18.66,1,5,2020,0
2020-01-04,鳳山區,SE6 青蔥 粉蔥 ,44.7,44.6,44.5,44.6,35.98,105.0,-33.96,1,6,2020,0
2020-01-05,鳳山區,SE6 青蔥 粉蔥 ,44.7,44.6,44.5,44.6,0.0,105.0,0.0,1,7,2020,0
2020-01-06,鳳山區,SE6 青蔥 粉蔥 ,,,,,,,,1,1,2020,1
2020-01-07,鳳山區,SE6 青蔥 粉蔥 ,44.6,40.9,39.4,41.4,-7.17,168.0,60.0,1,2,2020,0
2020-01-08,鳳山區,SE6 青蔥 粉蔥 ,39.4,35.0,19.7,32.8,-20.77,207.0,23.21,1,3,2020,0
2020-01-09,鳳山區,SE6 青蔥 粉蔥 ,35.2,32.1,30.5,32.4,-1.22,210.0,1.45,1,4,2020,0
2020-01-10,鳳山區,SE6 青蔥 粉蔥 ,35.2,32.0,19.7,30.2,-6.79,186.0,-11.43,1,5,2020,0
2020-01-11,鳳山區,SE6 青蔥 粉蔥 ,,,,,,,,1,6,2020,1
2020-01-12,鳳山區,SE6 青蔥 粉蔥 ,35.2,20.3,12.3,21.7,-28.15,316.0,69.89,1,7,2020,0
2020-01-13,鳳山區,SE6 青蔥 粉蔥 ,,,,,,,,1,1,2020,1
2020-01-14,鳳山區,SE6 青蔥 粉蔥 ,32.9,25.7,15.8,25.1,15.67,373.0,18.04,1,2,2020,0
2020-01-15,鳳山區,SE6 青蔥 粉蔥 ,32.2,20.8,14.9,21.9,-12.75,731.0,95.98,1,3,2020,0
2020-01-16,鳳山區,SE6 青蔥 粉蔥 ,32.7,18.2,11.8,19.8,-9.59,560.0,-23.39,1,4,2020,0
2020-01-17,鳳山區,SE6 青蔥 粉蔥 ,32.9,22.0,11.3,22.0,11.11,410.0,-26.79,1,5,2020,0
2020-01-18,鳳山區,SE6 青蔥 粉蔥 ,32.9,32.8,32.8,32.8,49.09,189.0,-53.9,1,6,2020,0
2020-01-19,鳳山區,SE6 青蔥 粉蔥 ,32.9,32.8,32.8,32.8,0.0,210.0,11.11,1,7,2020,0
2020-01-20,鳳山區,SE6 青蔥 粉蔥 ,,,,,,,,1,1,2020,1
2020-01-21,鳳山區,SE6 青蔥 粉蔥 ,30.5,29.5,28.1,29.4,-10.37,546.0,160.0,1,2,2020,0
2020-01-22,鳳山區,SE6 青蔥 粉蔥 ,32.9,32.3,30.5,32.0,8.84,420.0,-23.08,1,3,2020,0
2020-01-23,鳳山區,SE6 青蔥 粉蔥 ,28.2,27.0,25.8,27.0,-15.62,420.0,0.0,1,4,2020,0
2020-01-24,鳳山區,SE6 青蔥 粉蔥 ,,,,,,,,1,5,2020,1
2020-01-25,鳳山區,SE6 青蔥 粉蔥 ,,,,,,,,1,6,2020,1
2020-01-26,鳳山區,SE6 青蔥 粉蔥 ,,,,,,,,1,7,2020,1
2020-01-27,鳳山區,SE6 青蔥 粉蔥 ,,,,,,,,1,1,2020,1
2020-01-28,鳳山區,SE6 青蔥 粉蔥 ,,,,,,,,1,2,2020,1
2020-01-29,鳳山區,SE6 青蔥 粉蔥 ,,,,,,,,1,3,2020,1
2020-01-30,鳳山區,SE6 青蔥 粉蔥 ,14.9,14.8,14.7,14.8,-45.19,48.0,-88.57,1,4,2020,0
2020-01-31,鳳山區,SE6 青蔥 粉蔥 ,32.9,31.2,19.7,29.2,97.3,145.0,202.08,1,5,2020,0
2020-02-01,鳳山區,SE6 青蔥 粉蔥 ,30.5,29.3,28.1,29.3,0.34,210.0,44.83,2,6,2020,0
2020-02-02,鳳山區,SE6 青蔥 粉蔥 ,,,,,,,,2,7,2020,1
2020-02-03,鳳山區,SE6 青蔥 粉蔥 ,,,,,,,,2,1,2020,1
2020-02-04,鳳山區,SE6 青蔥 粉蔥 ,30.5,29.2,24.0,28.4,-3.07,220.0,4.76,2,2,2020,0
2020-02-05,鳳山區,SE6 青蔥 粉蔥 ,30.5,29.3,28.1,29.3,3.17,210.0,-4.55,2,3,2020,0
2020-02-06,鳳山區,SE6 青蔥 粉蔥 ,30.0,23.4,21.4,24.3,-17.06,367.0,74.76,2,4,2020,0
2020-02-07,鳳山區,SE6 青蔥 粉蔥 ,22.4,20.6,15.8,20.0,-17.7,320.0,-12.81,2,5,2020,0
2020-02-08,鳳山區,SE6 青蔥 粉蔥 ,20.2,16.4,14.8,16.9,-15.5,345.0,7.81,2,6,2020,0
2020-02-09,鳳山區,SE6 青蔥 粉蔥 ,,,,,,,,2,7,2020,1
2020-02-10,鳳山區,SE6 青蔥 粉蔥 ,,,,,,,,2,1,2020,1
2020-02-11,鳳山區,SE6 青蔥 粉蔥 ,25.8,23.7,15.8,22.6,33.73,310.0,-10.14,2,2,2020,0
2020-02-12,鳳山區,SE6 青蔥 粉蔥 ,25.8,25.8,16.1,23.9,5.75,260.0,-16.13,2,3,2020,0
2020-02-13,鳳山區,SE6 青蔥 粉蔥 ,28.2,27.2,14.8,24.9,4.18,166.0,-36.15,2,4,2020,0
2020-02-14,鳳山區,SE6 青蔥 粉蔥 ,28.2,28.1,28.1,28.2,13.25,147.0,-11.45,2,5,2020,0
2020-02-15,鳳山區,SE6 青蔥 粉蔥 ,28.2,19.2,11.8,19.5,-30.85,673.0,357.82,2,6,2020,0
2020-02-16,鳳山區,SE6 青蔥 粉蔥 ,27.7,14.5,10.3,16.3,-16.41,658.0,-2.23,2,7,2020,0
2020-02-17,鳳山區,SE6 青蔥 粉蔥 ,,,,,,,,2,1,2020,1
2020-02-18,鳳山區,SE6 青蔥 粉蔥 ,28.2,27.8,25.8,27.5,68.71,210.0,-68.09,2,2,2020,0
2020-02-19,鳳山區,SE6 青蔥 粉蔥 ,28.2,28.1,28.1,28.2,2.55,105.0,-50.0,2,3,2020,0
2020-02-20,鳳山區,SE6 青蔥 粉蔥 ,29.7,29.5,13.5,26.4,-6.38,120.0,14.29,2,4,2020,0
2020-02-21,鳳山區,SE6 青蔥 粉蔥 ,29.6,29.5,29.6,29.6,12.12,168.0,40.0,2,5,2020,0
2020-02-22,鳳山區,SE6 青蔥 粉蔥 ,25.9,25.8,25.8,25.8,-12.84,189.0,12.5,2,6,2020,0
2020-02-23,鳳山區,SE6 青蔥 粉蔥 ,30.5,26.8,12.3,24.6,-4.65,248.0,31.22,2,7,2020,0
2020-02-24,鳳山區,SE6 青蔥 粉蔥 ,,,,,,,,2,1,2020,1
2020-02-25,鳳山區,SE6 青蔥 粉蔥 ,,,,,,,,2,2,2020,1
2020-02-26,鳳山區,SE6 青蔥 粉蔥 ,28.2,28.2,28.2,28.2,14.63,168.0,-32.26,2,3,2020,0
2020-02-27,鳳山區,SE6 青蔥 粉蔥 ,25.8,25.8,25.8,25.8,-8.51,168.0,0.0,2,4,2020,0
2020-02-28,鳳山區,SE6 青蔥 粉蔥 ,,,,,,,,2,5,2020,1
2020-02-29,鳳山區,SE6 青蔥 粉蔥 ,24.7,19.2,17.8,20.0,-22.48,124.0,-26.19,2,6,2020,0
2020-03-01,鳳山區,SE6 青蔥 粉蔥 ,25.8,20.5,15.9,20.6,3.0,470.0,279.03,3,7,2020,0
2020-03-02,鳳山區,SE6 青蔥 粉蔥 ,,,,,,,,3,1,2020,1
2020-03-03,鳳山區,SE6 青蔥 粉蔥 ,25.8,23.3,11.8,21.5,4.37,243.0,-48.3,3,2,2020,0
2020-03-04,鳳山區,SE6 青蔥 粉蔥 ,25.8,25.8,25.8,25.8,20.0,168.0,-30.86,3,3,2020,0
2020-03-05,鳳山區,SE6 青蔥 粉蔥 ,19.8,18.1,12.3,17.2,-33.33,120.0,-28.57,3,4,2020,0
2020-03-06,鳳山區,SE6 青蔥 粉蔥 ,25.8,25.8,25.8,25.8,50.0,168.0,40.0,3,5,2020,0
2020-03-07,鳳山區,SE6 青蔥 粉蔥 ,25.8,25.8,25.8,25.8,0.0,168.0,0.0,3,6,2020,0
2020-03-08,鳳山區,SE6 青蔥 粉蔥 ,25.9,25.8,21.1,24.9,-3.49,210.0,25.0,3,7,2020,0
2020-03-09,鳳山區,SE6 青蔥 粉蔥 ,,,,,,,,3,1,2020,1
2020-03-10,鳳山區,SE6 青蔥 粉蔥 ,,,,,,,,3,2,2020,1
2020-03-11,鳳山區,SE6 青蔥 粉蔥 ,21.2,21.1,21.1,21.1,-15.26,231.0,10.0,3,3,2020,0
2020-03-12,鳳山區,SE6 青蔥 粉蔥 ,23.5,23.2,21.1,22.8,8.06,231.0,0.0,3,4,2020,0
2020-03-13,鳳山區,SE6 青蔥 粉蔥 ,25.9,25.0,21.1,24.4,7.02,210.0,-9.09,3,5,2020,0
2020-03-14,鳳山區,SE6 青蔥 粉蔥 ,25.8,23.1,16.4,22.3,-8.61,333.0,58.57,3,6,2020,0
2020-03-15,鳳山區,SE6 青蔥 粉蔥 ,25.8,20.9,16.4,21.0,-5.83,352.0,5.71,3,7,2020,0
2020-03-16,鳳山區,SE6 青蔥 粉蔥 ,,,,,,,,3,1,2020,1
2020-03-17,鳳山區,SE6 青蔥 粉蔥 ,25.9,18.7,14.1,19.2,-8.57,336.0,-4.55,3,2,2020,0
2020-03-18,鳳山區,SE6 青蔥 粉蔥 ,26.8,23.9,14.1,22.5,17.19,189.0,-43.75,3,3,2020,0
2020-03-19,鳳山區,SE6 青蔥 粉蔥 ,28.2,26.6,9.9,23.6,4.89,168.0,-11.11,3,4,2020,0
2020-03-20,鳳山區,SE6 青蔥 粉蔥 ,28.2,26.5,16.4,24.8,5.08,294.0,75.0,3,5,2020,0
2020-03-21,鳳山區,SE6 青蔥 粉蔥 ,28.2,28.1,28.2,28.2,13.71,189.0,-35.71,3,6,2020,0
2020-03-22,鳳山區,SE6 青蔥 粉蔥 ,28.2,28.2,9.8,24.5,-13.12,315.0,66.67,3,7,2020,0
2020-03-23,鳳山區,SE6 青蔥 粉蔥 ,,,,,,,,3,1,2020,1
2020-03-24,鳳山區,SE6 青蔥 粉蔥 ,28.2,27.2,25.8,27.1,10.61,294.0,-6.67,3,2,2020,0
2020-03-25,鳳山區,SE6 青蔥 粉蔥 ,28.2,27.2,17.9,25.5,-5.9,344.0,17.01,3,3,2020,0
2020-03-26,鳳山區,SE6 青蔥 粉蔥 ,,,,,,,,3,4,2020,1
2020-03-27,鳳山區,SE6 青蔥 粉蔥 ,28.2,17.1,12.3,18.3,-28.24,214.0,-37.79,3,5,2020,0
2020-03-28,鳳山區,SE6 青蔥 粉蔥 ,28.1,20.5,11.4,20.2,10.38,425.0,98.6,3,6,2020,0
2020-03-29,鳳山區,SE6 青蔥 粉蔥 ,28.2,23.9,14.8,22.9,13.37,374.0,-12.0,3,7,2020,0
2020-03-30,鳳山區,SE6 青蔥 粉蔥 ,,,,,,,,3,1,2020,1
2020-03-31,鳳山區,SE6 青蔥 粉蔥 ,15.5,15.5,15.5,15.5,-32.31,294.0,-21.39,3,2,2020,0
2020-04-01,鳳山區,SE6 青蔥 粉蔥 ,23.5,22.8,21.1,22.6,45.81,294.0,0.0,4,3,2020,0
2020-04-02,鳳山區,SE6 青蔥 粉蔥 ,23.5,22.0,13.1,20.5,-9.29,294.0,0.0,4,4,2020,0
2020-04-03,鳳山區,SE6 青蔥 粉蔥 ,,,,,,,,4,5,2020,1
2020-04-04,鳳山區,SE6 青蔥 粉蔥 ,25.8,25.8,25.8,25.8,25.85,294.0,0.0,4,6,2020,0
2020-04-05,鳳山區,SE6 青蔥 粉蔥 ,,,,,,,,4,7,2020,1
2020-04-06,鳳山區,SE6 青蔥 粉蔥 ,,,,,,,,4,1,2020,1
2020-04-07,鳳山區,SE6 青蔥 粉蔥 ,25.9,25.5,20.3,24.6,-4.65,315.0,7.14,4,2,2020,0
2020-04-08,鳳山區,SE6 青蔥 粉蔥 ,25.9,24.6,15.5,23.0,-6.5,370.0,17.46,4,3,2020,0
2020-04-09,鳳山區,SE6 青蔥 粉蔥 ,,,,,,,,4,4,2020,1
2020-04-10,鳳山區,SE6 青蔥 粉蔥 ,25.8,25.8,23.8,25.4,10.43,252.0,-31.89,4,5,2020,0
2020-04-11,鳳山區,SE6 青蔥 粉蔥 ,25.8,25.8,19.9,24.6,-3.15,208.0,-17.46,4,6,2020,0
2020-04-12,鳳山區,SE6 青蔥 粉蔥 ,25.9,16.2,9.8,16.9,-31.3,143.0,-31.25,4,7,2020,0
2020-04-13,鳳山區,SE6 青蔥 粉蔥 ,,,,,,,,4,1,2020,1
2020-04-14,鳳山區,SE6 青蔥 粉蔥 ,25.8,25.4,23.5,25.1,48.52,210.0,46.85,4,2,2020,0
2020-04-15,鳳山區,SE6 青蔥 粉蔥 ,25.8,23.2,17.8,22.6,-9.96,252.0,20.0,4,3,2020,0
2020-04-16,鳳山區,SE6 青蔥 粉蔥 ,25.8,25.8,23.5,25.3,11.95,210.0,-16.67,4,4,2020,0
2020-04-17,鳳山區,SE6 青蔥 粉蔥 ,25.8,24.5,22.2,24.3,-3.95,290.0,38.1,4,5,2020,0
2020-04-18,鳳山區,SE6 青蔥 粉蔥 ,25.8,22.4,12.3,21.1,-13.17,477.0,64.48,4,6,2020,0
2020-04-19,鳳山區,SE6 青蔥 粉蔥 ,25.9,24.9,23.5,24.8,17.54,252.0,-47.17,4,7,2020,0
2020-04-20,鳳山區,SE6 青蔥 粉蔥 ,,,,,,,,4,1,2020,1
2020-04-21,鳳山區,SE6 青蔥 粉蔥 ,25.9,22.9,17.8,22.5,-9.27,378.0,50.0,4,2,2020,0
2020-04-22,鳳山區,SE6 青蔥 粉蔥 ,25.9,21.8,17.8,21.8,-3.11,252.0,-33.33,4,3,2020,0
2020-04-23,鳳山區,SE6 青蔥 粉蔥 ,25.8,18.9,14.9,19.5,-10.55,480.0,90.48,4,4,2020,0
2020-04-24,鳳山區,SE6 青蔥 粉蔥 ,18.8,17.1,12.3,16.5,-15.38,395.0,-17.71,4,5,2020,0
2020-04-25,鳳山區,SE6 青蔥 粉蔥 ,,,,,,,,4,6,2020,1
2020-04-26,鳳山區,SE6 青蔥 粉蔥 ,18.8,15.4,10.0,15.0,-9.09,506.0,28.1,4,7,2020,0
2020-04-27,鳳山區,SE6 青蔥 粉蔥 ,,,,,,,,4,1,2020,1
2020-04-28,鳳山區,SE6 青蔥 粉蔥 ,21.2,18.2,13.8,17.9,19.33,201.0,-60.28,4,2,2020,0
2020-04-29,鳳山區,SE6 青蔥 粉蔥 ,23.5,17.3,12.7,17.6,-1.68,151.0,-24.88,4,3,2020,0
2020-04-30,鳳山區,SE6 青蔥 粉蔥 ,23.5,15.8,7.4,15.7,-10.8,255.0,68.87,4,4,2020,0
2020-05-01,鳳山區,SE6 青蔥 粉蔥 ,23.5,8.4,3.9,10.5,-33.12,408.0,60.0,5,5,2020,0
2020-05-02,鳳山區,SE6 青蔥 粉蔥 ,23.5,21.7,14.8,20.7,97.14,186.0,-54.41,5,6,2020,0
2020-05-03,鳳山區,SE6 青蔥 粉蔥 ,23.5,22.2,18.1,21.6,4.35,310.0,66.67,5,7,2020,0
2020-05-04,鳳山區,SE6 青蔥 粉蔥 ,,,,,,,,5,1,2020,1
2020-05-05,鳳山區,SE6 青蔥 粉蔥 ,23.5,22.7,19.7,22.3,3.24,186.0,-40.0,5,2,2020,0
2020-05-06,鳳山區,SE6 青蔥 粉蔥 ,17.3,17.2,17.2,17.2,-22.87,60.0,-67.74,5,3,2020,0
2020-05-07,鳳山區,SE6 青蔥 粉蔥 ,23.5,22.7,14.9,21.3,23.84,290.0,383.33,5,4,2020,0
2020-05-08,鳳山區,SE6 青蔥 粉蔥 ,23.5,20.6,14.8,20.0,-6.1,350.0,20.69,5,5,2020,0
2020-05-09,鳳山區,SE6 青蔥 粉蔥 ,,,,,,,,5,6,2020,1
2020-05-10,鳳山區,SE6 青蔥 粉蔥 ,23.5,23.5,13.1,21.4,7.0,258.0,-26.29,5,7,2020,0
2020-05-11,鳳山區,SE6 青蔥 粉蔥 ,,,,,,,,5,1,2020,1
2020-05-12,鳳山區,SE6 青蔥 粉蔥 ,23.5,23.5,17.5,22.3,4.21,188.0,-27.13,5,2,2020,0
2020-05-13,鳳山區,SE6 青蔥 粉蔥 ,23.5,23.5,23.5,23.5,5.38,168.0,-10.64,5,3,2020,0
2020-05-14,鳳山區,SE6 青蔥 粉蔥 ,23.5,22.4,15.0,21.2,-9.79,231.0,37.5,5,4,2020,0
2020-05-15,鳳山區,SE6 青蔥 粉蔥 ,23.5,19.8,9.9,18.5,-12.74,209.0,-9.52,5,5,2020,0
2020-05-16,鳳山區,SE6 青蔥 粉蔥 ,23.5,20.2,7.4,18.3,-1.08,186.0,-11.0,5,6,2020,0
2020-05-17,鳳山區,SE6 青蔥 粉蔥 ,23.5,23.5,18.6,22.5,22.95,230.0,23.66,5,7,2020,0
2020-05-18,鳳山區,SE6 青蔥 粉蔥 ,,,,,,,,5,1,2020,1
2020-05-19,鳳山區,SE6 青蔥 粉蔥 ,28.2,26.5,12.3,24.0,6.67,228.0,-0.87,5,2,2020,0
2020-05-20,鳳山區,SE6 青蔥 粉蔥 ,28.2,28.1,28.1,28.1,17.08,126.0,-44.74,5,3,2020,0
2020-05-21,鳳山區,SE6 青蔥 粉蔥 ,32.9,32.8,32.8,32.8,16.73,63.0,-50.0,5,4,2020,0
2020-05-22,鳳山區,SE6 青蔥 粉蔥 ,32.9,32.8,13.1,28.9,-11.89,104.0,65.08,5,5,2020,0
2020-05-23,鳳山區,SE6 青蔥 粉蔥 ,32.9,30.6,20.8,29.1,0.69,188.0,80.77,5,6,2020,0
2020-05-24,鳳山區,SE6 青蔥 粉蔥 ,30.5,23.4,12.3,22.6,-22.34,185.0,-1.6,5,7,2020,0
2020-05-25,鳳山區,SE6 青蔥 粉蔥 ,,,,,,,,5,1,2020,1
2020-05-26,鳳山區,SE6 青蔥 粉蔥 ,28.2,28.1,21.2,26.8,18.58,254.0,37.3,5,2,2020,0
2020-05-27,鳳山區,SE6 青蔥 粉蔥 ,30.6,30.5,30.5,30.5,13.81,84.0,-66.93,5,3,2020,0
2020-05-28,鳳山區,SE6 青蔥 粉蔥 ,30.5,19.6,17.8,21.5,-29.51,294.0,250.0,5,4,2020,0
2020-05-29,鳳山區,SE6 青蔥 粉蔥 ,30.5,23.4,15.7,23.3,8.37,344.0,17.01,5,5,2020,0
2020-05-30,鳳山區,SE6 青蔥 粉蔥 ,30.5,28.3,15.8,26.2,12.45,218.0,-36.63,5,6,2020,0
2020-05-31,鳳山區,SE6 青蔥 粉蔥 ,14.1,14.1,14.1,14.1,-46.18,210.0,-3.67,5,7,2020,0
2020-06-01,鳳山區,SE6 青蔥 粉蔥 ,,,,,,,,6,1,2020,1
2020-06-02,鳳山區,SE6 青蔥 粉蔥 ,28.2,26.8,19.3,25.5,80.85,189.0,-10.0,6,2,2020,0
2020-06-03,鳳山區,SE6 青蔥 粉蔥 ,25.8,23.1,15.0,22.0,-13.73,231.0,22.22,6,3,2020,0
2020-06-04,鳳山區,SE6 青蔥 粉蔥 ,25.9,24.6,23.5,24.6,11.82,168.0,-27.27,6,4,2020,0
2020-06-05,鳳山區,SE6 青蔥 粉蔥 ,25.9,25.8,25.8,25.8,4.88,126.0,-25.0,6,5,2020,0
2020-06-06,鳳山區,SE6 青蔥 粉蔥 ,25.9,25.8,25.8,25.8,0.0,126.0,0.0,6,6,2020,0
2020-06-07,鳳山區,SE6 青蔥 粉蔥 ,25.9,25.0,14.8,23.2,-10.08,166.0,31.75,6,7,2020,0
2020-06-08,鳳山區,SE6 青蔥 粉蔥 ,,,,,,,,6,1,2020,1
2020-06-09,鳳山區,SE6 青蔥 粉蔥 ,,,,,,,,6,2,2020,1
2020-06-10,鳳山區,SE6 青蔥 粉蔥 ,,,,,,,,6,3,2020,1
2020-06-11,鳳山區,SE6 青蔥 粉蔥 ,,,,,,,,6,4,2020,1
2020-06-12,鳳山區,SE6 青蔥 粉蔥 ,,,,,,,,6,5,2020,1
2020-06-13,鳳山區,SE6 青蔥 粉蔥 ,8.9,8.9,8.9,8.9,-61.64,40.0,-75.9,6,6,2020,0
2020-06-14,鳳山區,SE6 青蔥 粉蔥 ,29.8,29.5,29.5,29.6,232.58,20.0,-50.0,6,7,2020,0
2020-06-15,鳳山區,SE6 青蔥 粉蔥 ,,,,,,,,6,1,2020,1
2020-06-16,鳳山區,SE6 青蔥 粉蔥 ,,,,,,,,6,2,2020,1
2020-06-17,鳳山區,SE6 青蔥 粉蔥 ,35.2,35.2,35.2,35.2,18.92,126.0,530.0,6,3,2020,0
2020-06-18,鳳山區,SE6 青蔥 粉蔥 ,35.2,35.2,31.3,34.4,-2.27,146.0,15.87,6,4,2020,0
2020-06-19,鳳山區,SE6 青蔥 粉蔥 ,35.2,35.2,35.2,35.2,2.33,126.0,-13.7,6,5,2020,0
2020-06-20,鳳山區,SE6 青蔥 粉蔥 ,35.3,34.8,29.5,33.8,-3.98,83.0,-34.13,6,6,2020,0
2020-06-21,鳳山區,SE6 青蔥 粉蔥 ,35.3,29.7,24.6,29.8,-11.83,167.0,101.2,6,7,2020,0
2020-06-22,鳳山區,SE6 青蔥 粉蔥 ,,,,,,,,6,1,2020,1
2020-06-23,鳳山區,SE6 青蔥 粉蔥 ,,,,,,,,6,2,2020,1
2020-06-24,鳳山區,SE6 青蔥 粉蔥 ,35.2,35.2,35.2,35.2,18.12,63.0,-62.28,6,3,2020,0
2020-06-25,鳳山區,SE6 青蔥 粉蔥 ,35.2,35.2,35.2,35.2,0.0,63.0,0.0,6,4,2020,0
2020-06-26,鳳山區,SE6 青蔥 粉蔥 ,,,,,,,,6,5,2020,1
2020-06-27,鳳山區,SE6 青蔥 粉蔥 ,,,,,,,,6,6,2020,1
2020-06-28,鳳山區,SE6 青蔥 粉蔥 ,,,,,,,,6,7,2020,1
2020-06-29,鳳山區,SE6 青蔥 粉蔥 ,,,,,,,,6,1,2020,1
2020-06-30,鳳山區,SE6 青蔥 粉蔥 ,,,,,,,,6,2,2020,1
2020-07-01,鳳山區,SE6 青蔥 粉蔥 ,,,,,,,,7,3,2020,1
2020-07-02,鳳山區,SE6 青蔥 粉蔥 ,,,,,,,,7,4,2020,1
2020-07-03,鳳山區,SE6 青蔥 粉蔥 ,,,,,,,,7,5,2020,1
2020-07-04,鳳山區,SE6 青蔥 粉蔥 ,,,,,,,,7,6,2020,1
2020-07-05,鳳山區,SE6 青蔥 粉蔥 ,,,,,,,,7,7,2020,1
2020-07-06,鳳山區,SE6 青蔥 粉蔥 ,,,,,,,,7,1,2020,1
2020-07-07,鳳山區,SE6 青蔥 粉蔥 ,,,,,,,,7,2,2020,1
2020-07-08,鳳山區,SE6 青蔥 粉蔥 ,39.4,37.3,35.2,37.3,5.97,168.0,166.67,7,3,2020,0
2020-07-09,鳳山區,SE6 青蔥 粉蔥 ,37.6,35.2,32.8,35.2,-5.63,168.0,0.0,7,4,2020,0
2020-07-10,鳳山區,SE6 青蔥 粉蔥 ,,,,,,,,7,5,2020,1
2020-07-11,鳳山區,SE6 青蔥 粉蔥 ,,,,,,,,7,6,2020,1
2020-07-12,鳳山區,SE6 青蔥 粉蔥 ,,,,,,,,7,7,2020,1
2020-07-13,鳳山區,SE6 青蔥 粉蔥 ,,,,,,,,7,1,2020,1
2020-07-14,鳳山區,SE6 青蔥 粉蔥 ,,,,,,,,7,2,2020,1
2020-07-15,鳳山區,SE6 青蔥 粉蔥 ,,,,,,,,7,3,2020,1
2020-07-16,鳳山區,SE6 青蔥 粉蔥 ,,,,,,,,7,4,2020,1
2020-07-17,鳳山區,SE6 青蔥 粉蔥 ,,,,,,,,7,5,2020,1
2020-07-18,鳳山區,SE6 青蔥 粉蔥 ,,,,,,,,7,6,2020,1
2020-07-19,鳳山區,SE6 青蔥 粉蔥 ,,,,,,,,7,7,2020,1
2020-07-20,鳳山區,SE6 青蔥 粉蔥 ,,,,,,,,7,1,2020,1
2020-07-21,鳳山區,SE6 青蔥 粉蔥 ,,,,,,,,7,2,2020,1
2020-07-22,鳳山區,SE6 青蔥 粉蔥 ,,,,,,,,7,3,2020,1
2020-07-23,鳳山區,SE6 青蔥 粉蔥 ,,,,,,,,7,4,2020,1
2020-07-24,鳳山區,SE6 青蔥 粉蔥 ,,,,,,,,7,5,2020,1
2020-07-25,鳳山區,SE6 青蔥 粉蔥 ,,,,,,,,7,6,2020,1
2020-07-26,鳳山區,SE6 青蔥 粉蔥 ,,,,,,,,7,7,2020,1
2020-07-27,鳳山區,SE6 青蔥 粉蔥 ,,,,,,,,7,1,2020,1
2020-07-28,鳳山區,SE6 青蔥 粉蔥 ,,,,,,,,7,2,2020,1
2020-07-29,鳳山區,SE6 青蔥 粉蔥 ,,,,,,,,7,3,2020,1
2020-07-30,鳳山區,SE6 青蔥 粉蔥 ,,,,,,,,7,4,2020,1
2020-07-31,鳳山區,SE6 青蔥 粉蔥 ,,,,,,,,7,5,2020,1
2020-08-01,鳳山區,SE6 青蔥 粉蔥 ,,,,,,,,8,6,2020,1
2020-08-02,鳳山區,SE6 青蔥 粉蔥 ,,,,,,,,8,7,2020,1
2020-08-03,鳳山區,SE6 青蔥 粉蔥 ,,,,,,,,8,1,2020,1
2020-08-04,鳳山區,SE6 青蔥 粉蔥 ,,,,,,,,8,2,2020,1
2020-08-05,鳳山區,SE6 青蔥 粉蔥 ,,,,,,,,8,3,2020,1
2020-08-06,鳳山區,SE6 青蔥 粉蔥 ,,,,,,,,8,4,2020,1
2020-08-07,鳳山區,SE6 青蔥 粉蔥 ,,,,,,,,8,5,2020,1
2020-08-08,鳳山區,SE6 青蔥 粉蔥 ,,,,,,,,8,6,2020,1
2020-08-09,鳳山區,SE6 青蔥 粉蔥 ,,,,,,,,8,7,2020,1
2020-08-10,鳳山區,SE6 青蔥 粉蔥 ,,,,,,,,8,1,2020,1
2020-08-11,鳳山區,SE6 青蔥 粉蔥 ,,,,,,,,8,2,2020,1
2020-08-12,鳳山區,SE6 青蔥 粉蔥 ,,,,,,,,8,3,2020,1
2020-08-13,鳳山區,SE6 青蔥 粉蔥 ,,,,,,,,8,4,2020,1
2020-08-14,鳳山區,SE6 青蔥 粉蔥 ,,,,,,,,8,5,2020,1
2020-08-15,鳳山區,SE6 青蔥 粉蔥 ,,,,,,,,8,6,2020,1
2020-08-16,鳳山區,SE6 青蔥 粉蔥 ,,,,,,,,8,7,2020,1
2020-08-17,鳳山區,SE6 青蔥 粉蔥 ,,,,,,,,8,1,2020,1
2020-08-18,鳳山區,SE6 青蔥 粉蔥 ,,,,,,,,8,2,2020,1
2020-08-19,鳳山區,SE6 青蔥 粉蔥 ,,,,,,,,8,3,2020,1
2020-08-20,鳳山區,SE6 青蔥 粉蔥 ,,,,,,,,8,4,2020,1
2020-08-21,鳳山區,SE6 青蔥 粉蔥 ,,,,,,,,8,5,2020,1
2020-08-22,鳳山區,SE6 青蔥 粉蔥 ,,,,,,,,8,6,2020,1
2020-08-23,鳳山區,SE6 青蔥 粉蔥 ,,,,,,,,8,7,2020,1
2020-08-24,鳳山區,SE6 青蔥 粉蔥 ,,,,,,,,8,1,2020,1
2020-08-25,鳳山區,SE6 青蔥 粉蔥 ,39.9,39.9,39.8,39.9,13.35,63.0,-62.5,8,2,2020,0
2020-08-26,鳳山區,SE6 青蔥 粉蔥 ,,,,,,,,8,3,2020,1
2020-08-27,鳳山區,SE6 青蔥 粉蔥 ,59.2,8.5,3.9,17.7,-55.64,80.0,26.98,8,4,2020,0
2020-08-28,鳳山區,SE6 青蔥 粉蔥 ,,,,,,,,8,5,2020,1
2020-08-29,鳳山區,SE6 青蔥 粉蔥 ,,,,,,,,8,6,2020,1
2020-08-30,鳳山區,SE6 青蔥 粉蔥 ,,,,,,,,8,7,2020,1
2020-08-31,鳳山區,SE6 青蔥 粉蔥 ,,,,,,,,8,1,2020,1
2020-09-01,鳳山區,SE6 青蔥 粉蔥 ,34.6,34.5,34.5,34.5,94.92,100.0,25.0,9,2,2020,0
2020-09-02,鳳山區,SE6 青蔥 粉蔥 ,46.9,46.9,46.9,46.9,35.94,21.0,-79.0,9,3,2020,0
2020-09-03,鳳山區,SE6 青蔥 粉蔥 ,,,,,,,,9,4,2020,1
2020-09-04,鳳山區,SE6 青蔥 粉蔥 ,,,,,,,,9,5,2020,1
2020-09-05,鳳山區,SE6 青蔥 粉蔥 ,,,,,,,,9,6,2020,1
2020-09-06,鳳山區,SE6 青蔥 粉蔥 ,,,,,,,,9,7,2020,1
2020-09-07,鳳山區,SE6 青蔥 粉蔥 ,,,,,,,,9,1,2020,1
2020-09-08,鳳山區,SE6 青蔥 粉蔥 ,,,,,,,,9,2,2020,1
2020-09-09,鳳山區,SE6 青蔥 粉蔥 ,,,,,,,,9,3,2020,1
2020-09-10,鳳山區,SE6 青蔥 粉蔥 ,,,,,,,,9,4,2020,1
2020-09-11,鳳山區,SE6 青蔥 粉蔥 ,,,,,,,,9,5,2020,1
2020-09-12,鳳山區,SE6 青蔥 粉蔥 ,,,,,,,,9,6,2020,1
2020-09-13,鳳山區,SE6 青蔥 粉蔥 ,,,,,,,,9,7,2020,1
2020-09-14,鳳山區,SE6 青蔥 粉蔥 ,,,,,,,,9,1,2020,1
2020-09-15,鳳山區,SE6 青蔥 粉蔥 ,,,,,,,,9,2,2020,1
2020-09-16,鳳山區,SE6 青蔥 粉蔥 ,,,,,,,,9,3,2020,1
2020-09-17,鳳山區,SE6 青蔥 粉蔥 ,23.5,22.4,18.8,21.9,-53.3,189.0,800.0,9,4,2020,0
2020-09-18,鳳山區,SE6 青蔥 粉蔥 ,32.9,32.8,32.8,32.8,49.77,63.0,-66.67,9,5,2020,0
2020-09-19,鳳山區,SE6 青蔥 粉蔥 ,,,,,,,,9,6,2020,1
2020-09-20,鳳山區,SE6 青蔥 粉蔥 ,32.9,32.8,32.8,32.8,0.0,105.0,66.67,9,7,2020,0
2020-09-21,鳳山區,SE6 青蔥 粉蔥 ,,,,,,,,9,1,2020,1
2020-09-22,鳳山區,SE6 青蔥 粉蔥 ,,,,,,,,9,2,2020,1
2020-09-23,鳳山區,SE6 青蔥 粉蔥 ,,,,,,,,9,3,2020,1
2020-09-24,鳳山區,SE6 青蔥 粉蔥 ,,,,,,,,9,4,2020,1
2020-09-25,鳳山區,SE6 青蔥 粉蔥 ,30.5,30.5,30.5,30.5,-7.01,168.0,60.0,9,5,2020,0
2020-09-26,鳳山區,SE6 青蔥 粉蔥 ,28.2,26.1,21.2,25.6,-16.07,268.0,59.52,9,6,2020,0
2020-09-27,鳳山區,SE6 青蔥 粉蔥 ,28.2,21.8,17.8,22.3,-12.89,294.0,9.7,9,7,2020,0
2020-09-28,鳳山區,SE6 青蔥 粉蔥 ,,,,,,,,9,1,2020,1
2020-09-29,鳳山區,SE6 青蔥 粉蔥 ,23.5,19.6,13.3,19.1,-14.35,312.0,6.12,9,2,2020,0
2020-09-30,鳳山區,SE6 青蔥 粉蔥 ,23.5,22.4,18.8,21.9,14.66,189.0,-39.42,9,3,2020,0
2020-10-01,鳳山區,SE6 青蔥 粉蔥 ,23.5,19.5,18.8,20.2,-7.76,210.0,11.11,10,4,2020,0
2020-10-02,鳳山區,SE6 青蔥 粉蔥 ,,,,,,,,10,5,2020,1
2020-10-03,鳳山區,SE6 青蔥 粉蔥 ,,,,,,,,10,6,2020,1
2020-10-04,鳳山區,SE6 青蔥 粉蔥 ,,,,,,,,10,7,2020,1
2020-10-05,鳳山區,SE6 青蔥 粉蔥 ,,,,,,,,10,1,2020,1
2020-10-06,鳳山區,SE6 青蔥 粉蔥 ,,,,,,,,10,2,2020,1
2020-10-07,鳳山區,SE6 青蔥 粉蔥 ,,,,,,,,10,3,2020,1
2020-10-08,鳳山區,SE6 青蔥 粉蔥 ,,,,,,,,10,4,2020,1
2020-10-09,鳳山區,SE6 青蔥 粉蔥 ,24.9,21.2,14.8,20.7,2.48,144.0,-31.43,10,5,2020,0
2020-10-10,鳳山區,SE6 青蔥 粉蔥 ,11.9,11.8,11.8,11.8,-43.0,75.0,-47.92,10,6,2020,0
2020-10-11,鳳山區,SE6 青蔥 粉蔥 ,,,,,,,,10,7,2020,1
2020-10-12,鳳山區,SE6 青蔥 粉蔥 ,,,,,,,,10,1,2020,1
2020-10-13,鳳山區,SE6 青蔥 粉蔥 ,28.3,28.1,28.1,28.1,138.14,63.0,-16.0,10,2,2020,0
2020-10-14,鳳山區,SE6 青蔥 粉蔥 ,28.2,22.9,17.2,22.8,-18.86,123.0,95.24,10,3,2020,0
2020-10-15,鳳山區,SE6 青蔥 粉蔥 ,12.3,12.3,12.3,12.3,-46.05,80.0,-34.96,10,4,2020,0
2020-10-16,鳳山區,SE6 青蔥 粉蔥 ,11.9,11.8,11.8,11.8,-4.07,75.0,-6.25,10,5,2020,0
2020-10-17,鳳山區,SE6 青蔥 粉蔥 ,23.5,14.1,7.9,14.8,25.42,143.0,90.67,10,6,2020,0
2020-10-18,鳳山區,SE6 青蔥 粉蔥 ,14.9,10.2,7.9,10.6,-28.38,100.0,-30.07,10,7,2020,0
2020-10-19,鳳山區,SE6 青蔥 粉蔥 ,,,,,,,,10,1,2020,1
2020-10-20,鳳山區,SE6 青蔥 粉蔥 ,23.5,9.0,5.9,11.3,6.6,223.0,123.0,10,2,2020,0
2020-10-21,鳳山區,SE6 青蔥 粉蔥 ,23.5,23.5,23.4,23.5,107.96,147.0,-34.08,10,3,2020,0
2020-10-22,鳳山區,SE6 青蔥 粉蔥 ,25.9,15.5,7.9,16.1,-31.49,143.0,-2.72,10,4,2020,0
2020-10-23,鳳山區,SE6 青蔥 粉蔥 ,,,,,,,,10,5,2020,1
2020-10-24,鳳山區,SE6 青蔥 粉蔥 ,25.9,25.8,25.8,25.8,60.25,105.0,-26.57,10,6,2020,0
2020-10-25,鳳山區,SE6 青蔥 粉蔥 ,,,,,,,,10,7,2020,1
2020-10-26,鳳山區,SE6 青蔥 粉蔥 ,,,,,,,,10,1,2020,1
2020-10-27,鳳山區,SE6 青蔥 粉蔥 ,25.9,13.9,7.9,15.1,-41.47,173.0,64.76,10,2,2020,0
2020-10-28,鳳山區,SE6 青蔥 粉蔥 ,25.9,25.8,14.9,23.6,56.29,146.0,-15.61,10,3,2020,0
2020-10-29,鳳山區,SE6 青蔥 粉蔥 ,23.5,22.3,21.1,22.3,-5.51,168.0,15.07,10,4,2020,0
2020-10-30,鳳山區,SE6 青蔥 粉蔥 ,23.6,23.4,23.4,23.5,5.38,63.0,-62.5,10,5,2020,0
2020-10-31,鳳山區,SE6 青蔥 粉蔥 ,23.6,22.3,21.1,22.3,-5.11,126.0,100.0,10,6,2020,0
2020-11-01,鳳山區,SE6 青蔥 粉蔥 ,11.8,9.9,7.9,9.9,-55.61,205.0,62.7,11,7,2020,0
2020-11-02,鳳山區,SE6 青蔥 粉蔥 ,,,,,,,,11,1,2020,1
2020-11-03,鳳山區,SE6 青蔥 粉蔥 ,25.9,25.8,25.8,25.8,160.61,126.0,-38.54,11,2,2020,0
2020-11-04,鳳山區,SE6 青蔥 粉蔥 ,25.9,25.8,25.8,25.8,0.0,126.0,0.0,11,3,2020,0
2020-11-05,鳳山區,SE6 青蔥 粉蔥 ,25.9,25.8,25.8,25.8,0.0,63.0,-50.0,11,4,2020,0
2020-11-06,鳳山區,SE6 青蔥 粉蔥 ,,,,,,,,11,5,2020,1
2020-11-07,鳳山區,SE6 青蔥 粉蔥 ,25.9,23.0,12.3,21.5,-16.67,124.0,96.83,11,6,2020,0
2020-11-08,鳳山區,SE6 青蔥 粉蔥 ,27.2,27.1,27.1,27.1,26.05,120.0,-3.23,11,7,2020,0
2020-11-09,鳳山區,SE6 青蔥 粉蔥 ,,,,,,,,11,1,2020,1
2020-11-10,鳳山區,SE6 青蔥 粉蔥 ,25.9,25.8,25.8,25.8,-4.8,105.0,-12.5,11,2,2020,0
2020-11-11,鳳山區,SE6 青蔥 粉蔥 ,25.9,25.8,25.8,25.8,0.0,126.0,20.0,11,3,2020,0
2020-11-12,鳳山區,SE6 青蔥 粉蔥 ,,,,,,,,11,4,2020,1
2020-11-13,鳳山區,SE6 青蔥 粉蔥 ,25.9,22.7,11.7,21.1,-18.22,189.0,50.0,11,5,2020,0
2020-11-14,鳳山區,SE6 青蔥 粉蔥 ,25.9,25.8,25.8,25.8,22.27,126.0,-33.33,11,6,2020,0
2020-11-15,鳳山區,SE6 青蔥 粉蔥 ,25.9,25.8,25.8,25.8,0.0,126.0,0.0,11,7,2020,0
2020-11-16,鳳山區,SE6 青蔥 粉蔥 ,,,,,,,,11,1,2020,1
2020-11-17,鳳山區,SE6 青蔥 粉蔥 ,,,,,,,,11,2,2020,1
2020-11-18,鳳山區,SE6 青蔥 粉蔥 ,25.9,25.8,25.8,25.8,0.0,126.0,0.0,11,3,2020,0
2020-11-19,鳳山區,SE6 青蔥 粉蔥 ,25.9,24.6,7.9,21.5,-16.67,166.0,31.75,11,4,2020,0
2020-11-20,鳳山區,SE6 青蔥 粉蔥 ,23.5,12.8,6.0,13.6,-36.74,208.0,25.3,11,5,2020,0
2020-11-21,鳳山區,SE6 青蔥 粉蔥 ,28.3,28.1,28.1,28.1,106.62,63.0,-69.71,11,6,2020,0
2020-11-22,鳳山區,SE6 青蔥 粉蔥 ,28.3,28.1,28.1,28.1,0.0,63.0,0.0,11,7,2020,0
2020-11-23,鳳山區,SE6 青蔥 粉蔥 ,,,,,,,,11,1,2020,1
2020-11-24,鳳山區,SE6 青蔥 粉蔥 ,25.9,22.5,9.8,20.7,-26.33,186.0,195.24,11,2,2020,0
2020-11-25,鳳山區,SE6 青蔥 粉蔥 ,25.8,24.6,23.5,24.6,18.84,168.0,-9.68,11,3,2020,0
2020-11-26,鳳山區,SE6 青蔥 粉蔥 ,25.9,20.8,5.9,18.9,-23.17,186.0,10.71,11,4,2020,0
2020-11-27,鳳山區,SE6 青蔥 粉蔥 ,25.9,25.3,23.5,25.0,32.28,126.0,-32.26,11,5,2020,0
2020-11-28,鳳山區,SE6 青蔥 粉蔥 ,23.5,16.0,4.9,15.3,-38.8,226.0,79.37,11,6,2020,0
2020-11-29,鳳山區,SE6 青蔥 粉蔥 ,23.6,22.3,21.0,22.3,45.75,126.0,-44.25,11,7,2020,0
2020-11-30,鳳山區,SE6 青蔥 粉蔥 ,,,,,,,,11,1,2020,1
2020-12-01,鳳山區,SE6 青蔥 粉蔥 ,,,,,,,,12,2,2020,1
2020-12-02,鳳山區,SE6 青蔥 粉蔥 ,18.8,17.6,16.4,17.6,-21.08,126.0,0.0,12,3,2020,0
2020-12-03,鳳山區,SE6 青蔥 粉蔥 ,18.8,18.8,18.7,18.8,6.82,63.0,-50.0,12,4,2020,0
2020-12-04,鳳山區,SE6 青蔥 粉蔥 ,,,,,,,,12,5,2020,1
2020-12-05,鳳山區,SE6 青蔥 粉蔥 ,18.8,17.6,16.4,17.6,-6.38,126.0,100.0,12,6,2020,0
2020-12-06,鳳山區,SE6 青蔥 粉蔥 ,18.8,17.6,16.4,17.6,0.0,168.0,33.33,12,7,2020,0
2020-12-07,鳳山區,SE6 青蔥 粉蔥 ,,,,,,,,12,1,2020,1
2020-12-08,鳳山區,SE6 青蔥 粉蔥 ,18.8,17.6,16.4,17.6,0.0,126.0,-25.0,12,2,2020,0
2020-12-09,鳳山區,SE6 青蔥 粉蔥 ,21.3,21.1,21.0,21.1,19.89,63.0,-50.0,12,3,2020,0
2020-12-10,鳳山區,SE6 青蔥 粉蔥 ,21.3,21.1,21.0,21.1,0.0,63.0,0.0,12,4,2020,0
2020-12-11,鳳山區,SE6 青蔥 粉蔥 ,23.6,19.6,9.8,18.4,-12.8,155.0,146.03,12,5,2020,0
2020-12-12,鳳山區,SE6 青蔥 粉蔥 ,23.5,23.5,23.5,23.5,27.72,84.0,-45.81,12,6,2020,0
2020-12-13,鳳山區,SE6 青蔥 粉蔥 ,23.5,17.0,4.7,15.8,-32.77,168.0,100.0,12,7,2020,0
2020-12-14,鳳山區,SE6 青蔥 粉蔥 ,,,,,,,,12,1,2020,1
2020-12-15,鳳山區,SE6 青蔥 粉蔥 ,23.6,23.4,23.4,23.5,48.73,63.0,-62.5,12,2,2020,0
2020-12-16,鳳山區,SE6 青蔥 粉蔥 ,23.6,23.4,23.5,23.5,0.0,84.0,33.33,12,3,2020,0
2020-12-17,鳳山區,SE6 青蔥 粉蔥 ,,,,,,,,12,4,2020,1
2020-12-18,鳳山區,SE6 青蔥 粉蔥 ,24.7,20.0,15.5,20.0,-14.89,123.0,46.43,12,5,2020,0
2020-12-19,鳳山區,SE6 青蔥 粉蔥 ,24.8,19.1,18.7,20.2,1.0,83.0,-32.52,12,6,2020,0
2020-12-20,鳳山區,SE6 青蔥 粉蔥 ,22.2,15.6,5.3,14.8,-26.73,324.0,290.36,12,7,2020,0
2020-12-21,鳳山區,SE6 青蔥 粉蔥 ,,,,,,,,12,1,2020,1
2020-12-22,鳳山區,SE6 青蔥 粉蔥 ,21.2,17.0,9.9,16.4,10.81,163.0,-49.69,12,2,2020,0
2020-12-23,鳳山區,SE6 青蔥 粉蔥 ,21.2,17.6,10.0,16.8,2.44,165.0,1.23,12,3,2020,0
2020-12-24,鳳山區,SE6 青蔥 粉蔥 ,12.7,12.5,11.9,12.5,-25.6,216.0,30.91,12,4,2020,0
2020-12-25,鳳山區,SE6 青蔥 粉蔥 ,21.3,21.1,21.0,21.1,68.8,63.0,-70.83,12,5,2020,0
2020-12-26,鳳山區,SE6 青蔥 粉蔥 ,21.2,21.1,21.1,21.1,0.0,84.0,33.33,12,6,2020,0
2020-12-27,鳳山區,SE6 青蔥 粉蔥 ,21.2,21.1,21.1,21.1,0.0,126.0,50.0,12,7,2020,0
2020-12-28,鳳山區,SE6 青蔥 粉蔥 ,,,,,,,,12,1,2020,1
2020-12-29,鳳山區,SE6 青蔥 粉蔥 ,21.2,21.1,10.7,19.1,-9.48,150.0,19.05,12,2,2020,0
2020-12-30,鳳山區,SE6 青蔥 粉蔥 ,12.5,12.3,12.3,12.3,-35.6,20.0,-86.67,12,3,2020,0
2020-12-31,鳳山區,SE6 青蔥 粉蔥 ,,,,,,,,12,4,2020,1
2021-01-01,鳳山區,SE6 青蔥 粉蔥 ,14.9,14.8,14.8,14.8,20.33,40.0,100.0,1,5,2021,0
2021-01-02,鳳山區,SE6 青蔥 粉蔥 ,32.9,32.8,32.8,32.8,121.62,105.0,162.5,1,6,2021,0
2021-01-03,鳳山區,SE6 青蔥 粉蔥 ,32.9,32.8,32.8,32.8,0.0,63.0,-40.0,1,7,2021,0
2021-01-04,鳳山區,SE6 青蔥 粉蔥 ,,,,,,,,1,1,2021,1
2021-01-05,鳳山區,SE6 青蔥 粉蔥 ,35.4,35.2,35.1,35.2,7.32,42.0,-33.33,1,2,2021,0
2021-01-06,鳳山區,SE6 青蔥 粉蔥 ,12.4,12.3,12.3,12.3,-65.06,100.0,138.1,1,3,2021,0
2021-01-07,鳳山區,SE6 青蔥 粉蔥 ,,,,,,,,1,4,2021,1
2021-01-08,鳳山區,SE6 青蔥 粉蔥 ,12.4,12.3,12.3,12.3,0.0,80.0,-20.0,1,5,2021,0
2021-01-09,鳳山區,SE6 青蔥 粉蔥 ,14.3,14.1,14.1,14.1,14.63,21.0,-73.75,1,6,2021,0
2021-01-10,鳳山區,SE6 青蔥 粉蔥 ,16.5,15.9,14.1,15.7,11.35,63.0,200.0,1,7,2021,0
2021-01-11,鳳山區,SE6 青蔥 粉蔥 ,,,,,,,,1,1,2021,1
2021-01-12,鳳山區,SE6 青蔥 粉蔥 ,36.2,36.1,17.9,32.5,107.01,104.0,65.08,1,2,2021,0
2021-01-13,鳳山區,SE6 青蔥 粉蔥 ,36.2,36.1,23.7,33.7,3.69,147.0,41.35,1,3,2021,0
2021-01-14,鳳山區,SE6 青蔥 粉蔥 ,,,,,,,,1,4,2021,1
2021-01-15,鳳山區,SE6 青蔥 粉蔥 ,,,,,,,,1,5,2021,1
2021-01-16,鳳山區,SE6 青蔥 粉蔥 ,35.2,35.2,28.0,33.8,0.3,146.0,-0.68,1,6,2021,0
2021-01-17,鳳山區,SE6 青蔥 粉蔥 ,32.9,25.9,12.7,24.7,-26.92,221.0,51.37,1,7,2021,0
2021-01-18,鳳山區,SE6 青蔥 粉蔥 ,,,,,,,,1,1,2021,1
2021-01-19,鳳山區,SE6 青蔥 粉蔥 ,32.9,32.8,32.8,32.8,32.79,126.0,-42.99,1,2,2021,0
2021-01-20,鳳山區,SE6 青蔥 粉蔥 ,30.6,30.5,30.5,30.5,-7.01,126.0,0.0,1,3,2021,0
2021-01-21,鳳山區,SE6 青蔥 粉蔥 ,28.2,25.4,13.8,23.6,-22.62,196.0,55.56,1,4,2021,0
2021-01-22,鳳山區,SE6 青蔥 粉蔥 ,25.9,18.7,14.8,19.3,-18.22,306.0,56.12,1,5,2021,0
2021-01-23,鳳山區,SE6 青蔥 粉蔥 ,23.5,11.9,7.4,13.3,-31.09,366.0,19.61,1,6,2021,0
2021-01-24,鳳山區,SE6 青蔥 粉蔥 ,23.5,19.2,9.8,18.2,36.84,206.0,-43.72,1,7,2021,0
2021-01-25,鳳山區,SE6 青蔥 粉蔥 ,,,,,,,,1,1,2021,1
2021-01-26,鳳山區,SE6 青蔥 粉蔥 ,23.5,21.4,7.4,19.0,4.4,145.0,-29.61,1,2,2021,0
2021-01-27,鳳山區,SE6 青蔥 粉蔥 ,7.5,7.4,7.4,7.4,-61.05,40.0,-72.41,1,3,2021,0
2021-01-28,鳳山區,SE6 青蔥 粉蔥 ,28.2,25.4,14.8,23.8,221.62,186.0,365.0,1,4,2021,0
2021-01-29,鳳山區,SE6 青蔥 粉蔥 ,,,,,,,,1,5,2021,1
2021-01-30,鳳山區,SE6 青蔥 粉蔥 ,28.2,20.9,9.9,20.2,-15.13,166.0,-10.75,1,6,2021,0
2021-01-31,鳳山區,SE6 青蔥 粉蔥 ,28.2,11.4,5.4,13.5,-33.17,516.0,210.84,1,7,2021,0
2021-02-01,鳳山區,SE6 青蔥 粉蔥 ,,,,,,,,2,1,2021,1
2021-02-02,鳳山區,SE6 青蔥 粉蔥 ,28.2,22.4,9.8,21.0,55.56,206.0,-60.08,2,2,2021,0
2021-02-03,鳳山區,SE6 青蔥 粉蔥 ,25.9,21.5,8.6,19.8,-5.71,197.0,-4.37,2,3,2021,0
2021-02-04,鳳山區,SE6 青蔥 粉蔥 ,25.9,18.1,9.8,18.0,-9.09,205.0,4.06,2,4,2021,0
2021-02-05,鳳山區,SE6 青蔥 粉蔥 ,,,,,,,,2,5,2021,1
2021-02-06,鳳山區,SE6 青蔥 粉蔥 ,28.2,14.4,9.9,16.3,-9.44,394.0,92.2,2,6,2021,0
2021-02-07,鳳山區,SE6 青蔥 粉蔥 ,28.2,13.6,10.9,16.0,-1.84,506.0,28.43,2,7,2021,0
2021-02-08,鳳山區,SE6 青蔥 粉蔥 ,32.9,22.9,12.1,22.7,41.87,269.0,-46.84,2,1,2021,0
2021-02-09,鳳山區,SE6 青蔥 粉蔥 ,32.9,18.1,8.9,19.2,-15.42,518.0,92.57,2,2,2021,0
2021-02-10,鳳山區,SE6 青蔥 粉蔥 ,12.4,11.8,11.7,11.9,-38.02,269.0,-48.07,2,3,2021,0
2021-02-11,鳳山區,SE6 青蔥 粉蔥 ,,,,,,,,2,4,2021,1
2021-02-12,鳳山區,SE6 青蔥 粉蔥 ,,,,,,,,2,5,2021,1
2021-02-13,鳳山區,SE6 青蔥 粉蔥 ,,,,,,,,2,6,2021,1
2021-02-14,鳳山區,SE6 青蔥 粉蔥 ,,,,,,,,2,7,2021,1
2021-02-15,鳳山區,SE6 青蔥 粉蔥 ,,,,,,,,2,1,2021,1
2021-02-16,鳳山區,SE6 青蔥 粉蔥 ,,,,,,,,2,2,2021,1
2021-02-17,鳳山區,SE6 青蔥 粉蔥 ,28.2,28.1,28.1,28.1,136.13,126.0,-53.16,2,3,2021,0
2021-02-18,鳳山區,SE6 青蔥 粉蔥 ,28.2,28.1,28.1,28.1,0.0,126.0,0.0,2,4,2021,0
2021-02-19,鳳山區,SE6 青蔥 粉蔥 ,32.9,32.8,32.8,32.8,16.73,105.0,-16.67,2,5,2021,0
2021-02-20,鳳山區,SE6 青蔥 粉蔥 ,,,,,,,,2,6,2021,1
2021-02-21,鳳山區,SE6 青蔥 粉蔥 ,32.9,27.1,19.7,26.8,-18.29,289.0,175.24,2,7,2021,0
2021-02-22,鳳山區,SE6 青蔥 粉蔥 ,,,,,,,,2,1,2021,1
2021-02-23,鳳山區,SE6 青蔥 粉蔥 ,25.8,21.4,15.4,21.1,-21.27,332.0,14.88,2,2,2021,0
2021-02-24,鳳山區,SE6 青蔥 粉蔥 ,16.5,16.4,16.4,16.4,-22.27,210.0,-36.75,2,3,2021,0
2021-02-25,鳳山區,SE6 青蔥 粉蔥 ,14.1,13.5,12.3,13.4,-18.29,309.0,47.14,2,4,2021,0
2021-02-26,鳳山區,SE6 青蔥 粉蔥 ,16.5,16.4,16.4,16.4,22.39,84.0,-72.82,2,5,2021,0
2021-02-27,鳳山區,SE6 青蔥 粉蔥 ,17.3,16.8,16.4,16.8,2.44,267.0,217.86,2,6,2021,0
2021-02-28,鳳山區,SE6 青蔥 粉蔥 ,,,,,,,,2,7,2021,1
2021-03-01,鳳山區,SE6 青蔥 粉蔥 ,,,,,,,,3,1,2021,1
2021-03-02,鳳山區,SE6 青蔥 粉蔥 ,21.4,21.0,21.0,21.1,25.6,21.0,-92.13,3,2,2021,0
2021-03-03,鳳山區,SE6 青蔥 粉蔥 ,18.8,18.8,18.7,18.8,-10.9,231.0,1000.0,3,3,2021,0
2021-03-04,鳳山區,SE6 青蔥 粉蔥 ,27.3,27.1,27.0,27.1,44.15,40.0,-82.68,3,4,2021,0
2021-03-05,鳳山區,SE6 青蔥 粉蔥 ,20.9,16.0,14.8,16.7,-38.38,324.0,710.0,3,5,2021,0
2021-03-06,鳳山區,SE6 青蔥 粉蔥 ,21.4,21.0,21.0,21.1,26.35,21.0,-93.52,3,6,2021,0
2021-03-07,鳳山區,SE6 青蔥 粉蔥 ,19.8,12.7,11.7,13.9,-34.12,145.0,590.48,3,7,2021,0
2021-03-08,鳳山區,SE6 青蔥 粉蔥 ,,,,,,,,3,1,2021,1
2021-03-09,鳳山區,SE6 青蔥 粉蔥 ,19.8,19.2,18.7,19.2,38.13,123.0,-15.17,3,2,2021,0
2021-03-10,鳳山區,SE6 青蔥 粉蔥 ,,,,,,,,3,3,2021,1
2021-03-11,鳳山區,SE6 青蔥 粉蔥 ,,,,,,,,3,4,2021,1
2021-03-12,鳳山區,SE6 青蔥 粉蔥 ,24.7,24.6,24.6,24.6,28.13,36.0,-70.73,3,5,2021,0
2021-03-13,鳳山區,SE6 青蔥 粉蔥 ,,,,,,,,3,6,2021,1
2021-03-14,鳳山區,SE6 青蔥 粉蔥 ,28.3,28.1,28.1,28.1,14.23,63.0,75.0,3,7,2021,0
2021-03-15,鳳山區,SE6 青蔥 粉蔥 ,,,,,,,,3,1,2021,1
2021-03-16,鳳山區,SE6 青蔥 粉蔥 ,28.2,27.7,24.6,27.2,-3.2,145.0,130.16,3,2,2021,0
2021-03-17,鳳山區,SE6 青蔥 粉蔥 ,23.5,21.9,19.7,21.8,-19.85,226.0,55.86,3,3,2021,0
2021-03-18,鳳山區,SE6 青蔥 粉蔥 ,20.3,19.6,19.4,19.7,-9.63,18.0,-92.04,3,4,2021,0
2021-03-19,鳳山區,SE6 青蔥 粉蔥 ,21.2,20.9,19.7,20.7,5.08,180.0,900.0,3,5,2021,0
2021-03-20,鳳山區,SE6 青蔥 粉蔥 ,23.5,22.0,17.0,21.3,2.9,222.0,23.33,3,6,2021,0
2021-03-21,鳳山區,SE6 青蔥 粉蔥 ,18.8,17.4,15.0,17.2,-19.25,458.0,106.31,3,7,2021,0
2021-03-22,鳳山區,SE6 青蔥 粉蔥 ,,,,,,,,3,1,2021,1
2021-03-23,鳳山區,SE6 青蔥 粉蔥 ,,,,,,,,3,2,2021,1
2021-03-24,鳳山區,SE6 青蔥 粉蔥 ,19.7,19.0,17.6,18.8,9.3,366.0,-20.09,3,3,2021,0
2021-03-25,鳳山區,SE6 青蔥 粉蔥 ,23.6,23.4,23.4,23.5,25.0,63.0,-82.79,3,4,2021,0
2021-03-26,鳳山區,SE6 青蔥 粉蔥 ,23.5,12.4,9.8,14.1,-40.0,203.0,222.22,3,5,2021,0
2021-03-27,鳳山區,SE6 青蔥 粉蔥 ,24.5,16.2,5.4,15.7,11.35,356.0,75.37,3,6,2021,0
2021-03-28,鳳山區,SE6 青蔥 粉蔥 ,23.5,18.4,7.4,17.2,9.55,206.0,-42.13,3,7,2021,0
2021-03-29,鳳山區,SE6 青蔥 粉蔥 ,,,,,,,,3,1,2021,1
2021-03-30,鳳山區,SE6 青蔥 粉蔥 ,23.5,22.8,10.7,20.5,19.19,216.0,4.85,3,2,2021,0
2021-03-31,鳳山區,SE6 青蔥 粉蔥 ,23.5,18.0,9.8,17.5,-14.63,254.0,17.59,3,3,2021,0
2021-04-01,鳳山區,SE6 青蔥 粉蔥 ,23.6,23.4,23.4,23.5,34.29,63.0,-75.2,4,4,2021,0
2021-04-02,鳳山區,SE6 青蔥 粉蔥 ,23.5,22.1,8.3,19.6,-16.6,216.0,242.86,4,5,2021,0
2021-04-03,鳳山區,SE6 青蔥 粉蔥 ,23.5,22.8,19.7,22.3,13.78,243.0,12.5,4,6,2021,0
2021-04-04,鳳山區,SE6 青蔥 粉蔥 ,,,,,,,,4,7,2021,1
2021-04-05,鳳山區,SE6 青蔥 粉蔥 ,,,,,,,,4,1,2021,1
2021-04-06,鳳山區,SE6 青蔥 粉蔥 ,,,,,,,,4,2,2021,1
2021-04-07,鳳山區,SE6 青蔥 粉蔥 ,5.4,5.4,5.4,5.4,-75.78,60.0,-75.31,4,3,2021,0
2021-04-08,鳳山區,SE6 青蔥 粉蔥 ,25.9,25.8,25.8,25.8,377.78,126.0,110.0,4,4,2021,0
2021-04-09,鳳山區,SE6 青蔥 粉蔥 ,21.1,18.5,16.0,18.5,-28.29,394.0,212.7,4,5,2021,0
2021-04-10,鳳山區,SE6 青蔥 粉蔥 ,23.5,17.9,14.1,18.3,-1.08,302.0,-23.35,4,6,2021,0
2021-04-11,鳳山區,SE6 青蔥 粉蔥 ,25.8,18.2,15.8,19.2,4.92,251.0,-16.89,4,7,2021,0
2021-04-12,鳳山區,SE6 青蔥 粉蔥 ,,,,,,,,4,1,2021,1
2021-04-13,鳳山區,SE6 青蔥 粉蔥 ,25.9,25.8,25.8,25.8,34.38,126.0,-49.8,4,2,2021,0
2021-04-14,鳳山區,SE6 青蔥 粉蔥 ,,,,,,,,4,3,2021,1
2021-04-15,鳳山區,SE6 青蔥 粉蔥 ,28.2,28.1,28.1,28.1,8.91,126.0,0.0,4,4,2021,0
2021-04-16,鳳山區,SE6 青蔥 粉蔥 ,18.8,18.0,16.4,17.8,-36.65,210.0,66.67,4,5,2021,0
2021-04-17,鳳山區,SE6 青蔥 粉蔥 ,14.1,12.9,10.7,12.7,-28.65,644.0,206.67,4,6,2021,0
2021-04-18,鳳山區,SE6 青蔥 粉蔥 ,11.8,11.7,11.7,11.7,-7.87,386.0,-40.06,4,7,2021,0
2021-04-19,鳳山區,SE6 青蔥 粉蔥 ,,,,,,,,4,1,2021,1
2021-04-20,鳳山區,SE6 青蔥 粉蔥 ,14.1,13.3,5.2,11.9,1.71,104.0,-73.06,4,2,2021,0
2021-04-21,鳳山區,SE6 青蔥 粉蔥 ,18.8,18.8,18.7,18.8,57.98,63.0,-39.42,4,3,2021,0
2021-04-22,鳳山區,SE6 青蔥 粉蔥 ,23.6,23.4,23.4,23.5,25.0,63.0,0.0,4,4,2021,0
2021-04-23,鳳山區,SE6 青蔥 粉蔥 ,16.5,14.6,12.3,14.5,-38.3,207.0,228.57,4,5,2021,0
2021-04-24,鳳山區,SE6 青蔥 粉蔥 ,18.8,18.8,18.7,18.8,29.66,63.0,-69.57,4,6,2021,0
2021-04-25,鳳山區,SE6 青蔥 粉蔥 ,21.2,21.1,21.1,21.1,12.23,126.0,100.0,4,7,2021,0
2021-04-26,鳳山區,SE6 青蔥 粉蔥 ,,,,,,,,4,1,2021,1
2021-04-27,鳳山區,SE6 青蔥 粉蔥 ,21.2,20.4,18.8,20.2,-4.27,273.0,116.67,4,2,2021,0
2021-04-28,鳳山區,SE6 青蔥 粉蔥 ,,,,,,,,4,3,2021,1
2021-04-29,鳳山區,SE6 青蔥 粉蔥 ,23.5,14.0,9.8,15.1,-25.25,288.0,5.49,4,4,2021,0
2021-04-30,鳳山區,SE6 青蔥 粉蔥 ,28.3,28.1,28.1,28.1,86.09,21.0,-92.71,4,5,2021,0
2021-05-01,鳳山區,SE6 青蔥 粉蔥 ,21.2,21.1,21.1,21.1,-24.91,210.0,900.0,5,6,2021,0
2021-05-02,鳳山區,SE6 青蔥 粉蔥 ,18.8,18.8,18.7,18.8,-10.9,231.0,10.0,5,7,2021,0
2021-05-03,鳳山區,SE6 青蔥 粉蔥 ,,,,,,,,5,1,2021,1
2021-05-04,鳳山區,SE6 青蔥 粉蔥 ,18.8,18.5,12.3,17.3,-7.98,270.0,16.88,5,2,2021,0
2021-05-05,鳳山區,SE6 青蔥 粉蔥 ,18.8,18.8,18.8,18.8,8.67,252.0,-6.67,5,3,2021,0
2021-05-06,鳳山區,SE6 青蔥 粉蔥 ,18.8,18.7,16.0,18.2,-3.19,273.0,8.33,5,4,2021,0
2021-05-07,鳳山區,SE6 青蔥 粉蔥 ,,,,,,,,5,5,2021,1
2021-05-08,鳳山區,SE6 青蔥 粉蔥 ,10.5,9.7,9.6,9.8,-46.15,11.0,-95.97,5,6,2021,0
2021-05-09,鳳山區,SE6 青蔥 粉蔥 ,15.1,14.5,12.9,14.3,45.92,126.0,1045.45,5,7,2021,0
2021-05-10,鳳山區,SE6 青蔥 粉蔥 ,,,,,,,,5,1,2021,1
2021-05-11,鳳山區,SE6 青蔥 粉蔥 ,21.2,18.3,1.2,15.5,8.39,264.0,109.52,5,2,2021,0
2021-05-12,鳳山區,SE6 青蔥 粉蔥 ,14.2,13.5,12.3,13.4,-13.55,103.0,-60.98,5,3,2021,0
2021-05-13,鳳山區,SE6 青蔥 粉蔥 ,18.8,18.8,18.7,18.8,40.3,63.0,-38.83,5,4,2021,0
2021-05-14,鳳山區,SE6 青蔥 粉蔥 ,,,,,,,,5,5,2021,1
2021-05-15,鳳山區,SE6 青蔥 粉蔥 ,25.9,25.8,25.8,25.8,37.23,63.0,0.0,5,6,2021,0
2021-05-16,鳳山區,SE6 青蔥 粉蔥 ,28.3,28.1,26.2,27.8,7.75,126.0,100.0,5,7,2021,0
2021-05-17,鳳山區,SE6 青蔥 粉蔥 ,,,,,,,,5,1,2021,1
2021-05-18,鳳山區,SE6 青蔥 粉蔥 ,32.9,30.4,3.3,25.5,-8.27,84.0,-33.33,5,2,2021,0
2021-05-19,鳳山區,SE6 青蔥 粉蔥 ,32.9,32.8,32.8,32.8,28.63,147.0,75.0,5,3,2021,0
2021-05-20,鳳山區,SE6 青蔥 粉蔥 ,30.6,28.3,19.7,27.0,-17.68,124.0,-15.65,5,4,2021,0
2021-05-21,鳳山區,SE6 青蔥 粉蔥 ,22.6,16.4,11.6,16.7,-38.15,349.0,181.45,5,5,2021,0
2021-05-22,鳳山區,SE6 青蔥 粉蔥 ,18.4,15.1,9.8,14.7,-11.98,372.0,6.59,5,6,2021,0
2021-05-23,鳳山區,SE6 青蔥 粉蔥 ,18.8,15.3,14.1,15.7,6.8,313.0,-15.86,5,7,2021,0
2021-05-24,鳳山區,SE6 青蔥 粉蔥 ,,,,,,,,5,1,2021,1
2021-05-25,鳳山區,SE6 青蔥 粉蔥 ,18.8,18.8,18.7,18.8,19.75,126.0,-59.74,5,2,2021,0
2021-05-26,鳳山區,SE6 青蔥 粉蔥 ,23.5,23.5,23.5,23.5,25.0,42.0,-66.67,5,3,2021,0
2021-05-27,鳳山區,SE6 青蔥 粉蔥 ,,,,,,,,5,4,2021,1
2021-05-28,鳳山區,SE6 青蔥 粉蔥 ,,,,,,,,5,5,2021,1
2021-05-29,鳳山區,SE6 青蔥 粉蔥 ,23.5,23.5,23.5,23.5,0.0,42.0,0.0,5,6,2021,0
2021-05-30,鳳山區,SE6 青蔥 粉蔥 ,16.5,16.4,16.4,16.4,-30.21,54.0,28.57,5,7,2021,0
2021-05-31,鳳山區,SE6 青蔥 粉蔥 ,,,,,,,,5,1,2021,1
2021-06-01,鳳山區,SE6 青蔥 粉蔥 ,32.9,32.8,32.8,32.8,100.0,63.0,16.67,6,2,2021,0
2021-06-02,鳳山區,SE6 青蔥 粉蔥 ,33.0,32.8,32.7,32.8,0.0,42.0,-33.33,6,3,2021,0
2021-06-03,鳳山區,SE6 青蔥 粉蔥 ,,,,,,,,6,4,2021,1
2021-06-04,鳳山區,SE6 青蔥 粉蔥 ,32.9,32.8,32.8,32.8,0.0,63.0,50.0,6,5,2021,0
2021-06-05,鳳山區,SE6 青蔥 粉蔥 ,28.2,28.2,28.2,28.2,-14.02,84.0,33.33,6,6,2021,0
2021-06-06,鳳山區,SE6 青蔥 粉蔥 ,,,,,,,,6,7,2021,1
2021-06-07,鳳山區,SE6 青蔥 粉蔥 ,,,,,,,,6,1,2021,1
2021-06-08,鳳山區,SE6 青蔥 粉蔥 ,35.2,33.1,32.8,33.5,18.79,231.0,175.0,6,2,2021,0
2021-06-09,鳳山區,SE6 青蔥 粉蔥 ,30.5,29.1,25.6,28.7,-14.33,268.0,16.02,6,3,2021,0
2021-06-10,鳳山區,SE6 青蔥 粉蔥 ,25.8,24.8,21.7,24.4,-14.98,289.0,7.84,6,4,2021,0
2021-06-11,鳳山區,SE6 青蔥 粉蔥 ,23.5,22.7,19.7,22.3,-8.61,155.0,-46.37,6,5,2021,0
2021-06-12,鳳山區,SE6 青蔥 粉蔥 ,,,,,,,,6,6,2021,1
2021-06-13,鳳山區,SE6 青蔥 粉蔥 ,,,,,,,,6,7,2021,1
2021-06-14,鳳山區,SE6 青蔥 粉蔥 ,20.0,19.7,19.5,19.7,-11.66,20.0,-87.1,6,1,2021,0
2021-06-15,鳳山區,SE6 青蔥 粉蔥 ,,,,,,,,6,2,2021,1
2021-06-16,鳳山區,SE6 青蔥 粉蔥 ,,,,,,,,6,3,2021,1
2021-06-17,鳳山區,SE6 青蔥 粉蔥 ,,,,,,,,6,4,2021,1
2021-06-18,鳳山區,SE6 青蔥 粉蔥 ,,,,,,,,6,5,2021,1
2021-06-19,鳳山區,SE6 青蔥 粉蔥 ,,,,,,,,6,6,2021,1
